2635
1 1 1
0.034998 0.03751 0.04506
0.041106 0.037511 0.05456
0.06271 0.037511 0.03571
0.058698 0.037511 0.051745
0.046264 0.037511 0.069515
0.043701 0.037513 0.094269
0.060062 0.037513 0.081481
0.056496 0.037514 0.098012
0.038625 0.037515 0.11178
0.041351 0.037517 0.12187
0.063668 0.037516 0.10844
0.06315 0.037523 0.14463
0.040498 0.037532 0.19098
0.058665 0.03753 0.18082
0.061474 0.037536 0.19658
0.036195 0.037535 0.20143
0.040465 0.037544 0.22746
0.053536 0.037538 0.20651
0.056658 0.037543 0.21996
0.047977 0.037548 0.23653
0.042429 0.037557 0.25777
0.053163 0.037552 0.2429
0.062051 0.037562 0.25756
0.047454 0.037563 0.26965
0.046611 0.037572 0.28668
0.056016 0.03757 0.27864
0.063633 0.037579 0.28734
0.062461 0.037592 0.30826
0.057986 0.037598 0.32329
0.045367 0.037603 0.34437
0.062741 0.037618 0.35293
0.046382 0.037617 0.37408
0.045392 0.037623 0.38733
0.061189 0.037627 0.37202
0.056504 0.037634 0.39355
0.044796 0.037632 0.40405
0.037681 0.037642 0.42311
0.06106 0.037646 0.40679
0.054633 0.037645 0.41804
0.042625 0.03765 0.44575
0.05985 0.037662 0.44359
0.05901 0.037665 0.45941
0.042007 0.037656 0.47259
0.04391 0.037657 0.48711
0.05263 0.03766 0.47233
0.058417 0.037668 0.4907
0.038506 0.037655 0.50665
0.038187 0.037652 0.5275
0.055043 0.037662 0.50862
0.059417 0.037665 0.52657
0.045562 0.03765 0.53885
0.043196 0.037644 0.56421
0.061424 0.037666 0.53737
0.06005 0.037658 0.55781
0.037142 0.03764 0.57528
0.035976 0.037632 0.59744
0.051872 0.037643 0.57388
0.05384 0.037638 0.59377
0.043801 0.037629 0.6022
0.036299 0.037617 0.62913
0.051747 0.037629 0.60819
0.057858 0.03763 0.62082
0.051688 0.037608 0.64843
0.053705 0.037604 0.66031
0.047677 0.037595 0.6721
0.052792 0.037598 0.67029
0.058465 0.037593 0.6878
0.036037 0.037566 0.7289
0.060223 0.03758 0.71216
0.0519 0.03757 0.72162
0.043593 0.037559 0.74517
0.037094 0.037553 0.7607
0.059284 0.037564 0.74192
0.052199 0.037555 0.75881
0.040881 0.03755 0.77124
0.03726 0.037541 0.79761
0.058376 0.037549 0.77972
0.056421 0.037545 0.78949
0.039798 0.037534 0.82439
0.052963 0.037537 0.81239
0.058586 0.037535 0.82983
0.038086 0.037531 0.84148
0.035037 0.037528 0.86039
0.053862 0.037533 0.8358
0.056221 0.037529 0.85833
0.035598 0.037527 0.87021
0.045204 0.037525 0.89168
0.058193 0.037526 0.87763
0.056659 0.037525 0.88787
0.041979 0.037524 0.91137
0.037097 0.034765 0.95611
0.058711 0.037451 0.94455
0.06117 0.035369 0.95407
0.079697 0.037512 0.045482
0.075536 0.037512 0.060121
0.07857 0.037515 0.089205
0.094897 0.037515 0.074615
0.092211 0.037516 0.089167
0.07164 0.037517 0.10754
0.072723 0.037521 0.13073
0.08569 0.037518 0.11004
0.089937 0.037521 0.12371
0.070207 0.037523 0.14177
0.09005 0.037525 0.13807
0.093458 0.037532 0.15977
0.072383 0.037532 0.17794
0.068381 0.037536 0.19298
0.094967 0.037538 0.1777
0.095478 0.037545 0.19308
0.077688 0.037545 0.20803
0.07632 0.037552 0.22505
0.089301 0.037551 0.21315
0.097637 0.037565 0.2289
0.070044 0.037559 0.2463
0.072642 0.037563 0.25273
0.086003 0.037566 0.24685
0.090435 0.037575 0.25506
0.07643 0.037579 0.27562
0.075503 0.03759 0.29295
0.096086 0.037595 0.2756
0.06862 0.037596 0.30954
0.069029 0.037608 0.32852
0.093378 0.037616 0.30799
0.091285 0.03763 0.32907
0.071892 0.037622 0.34747
0.090344 0.037639 0.34338
0.089052 0.037649 0.35822
0.076375 0.037647 0.38094
0.092139 0.037668 0.37441
0.09588 0.037685 0.386
0.070057 0.037659 0.41194
0.074217 0.037671 0.42499
0.094196 0.037704 0.41412
0.087292 0.037691 0.42058
0.070045 0.037676 0.4466
0.084784 0.037695 0.43873
0.086139 0.037706 0.45732
0.074931 0.037689 0.47479
0.079073 0.037695 0.48512
0.091121 0.037724 0.48057
0.090268 0.037722 0.49122
0.069867 0.037683 0.50249
0.086162 0.03771 0.51921
0.077899 0.037688 0.53555
0.072754 0.037671 0.56314
0.08331 0.037687 0.56084
0.074614 0.037671 0.56916
0.070132 0.037654 0.5973
0.086366 0.037691 0.56941
0.089053 0.037686 0.59271
0.074902 0.037644 0.62664
0.090625 0.037678 0.61009
0.095681 0.037681 0.61936
0.073548 0.037635 0.63954
0.093382 0.037643 0.66234
0.068776 0.037606 0.67885
0.086683 0.037628 0.67124
0.089825 0.037617 0.69071
0.076846 0.037591 0.70854
0.068112 0.037574 0.72946
0.091624 0.037596 0.72103
0.071565 0.037569 0.7421
0.076546 0.037565 0.75441
0.088707 0.037582 0.73814
0.085642 0.037567 0.75916
0.071804 0.037557 0.77038
0.073365 0.037547 0.79633
0.094745 0.037561 0.7819
0.07267 0.037541 0.8134
0.080555 0.03754 0.82091
0.093444 0.037551 0.80413
0.0905 0.037541 0.8299
0.074983 0.037535 0.84005
0.07485 0.037531 0.85972
0.090266 0.037533 0.86357
0.076965 0.037528 0.88108
0.088821 0.037531 0.87199
0.08554 0.037528 0.88888
0.071599 0.037526 0.90872
0.077167 0.03751 0.9303
0.089287 0.037528 0.90153
0.071541 0.037491 0.93822
0.086262 0.037503 0.94702
0.11137 0.037515 0.039157
0.10675 0.037515 0.057924
0.12754 0.037518 0.037986
0.12295 0.037517 0.052655
0.10351 0.037516 0.069153
0.10799 0.03752 0.095647
0.12525 0.037524 0.097928
0.10641 0.037522 0.11191
0.11469 0.037528 0.13061
0.12624 0.037528 0.12005
0.10847 0.037531 0.14324
0.10351 0.037534 0.15812
0.12781 0.037543 0.15813
0.10865 0.037542 0.17527
0.10738 0.037548 0.19019
0.1287 0.037549 0.16932
0.1199 0.037558 0.1964
0.11384 0.037569 0.21972
0.11877 0.037562 0.20374
0.11789 0.037579 0.23022
0.10662 0.037579 0.24146
0.10154 0.037587 0.25929
0.12169 0.037592 0.24067
0.10742 0.037607 0.27688
0.10708 0.037616 0.2896
0.12127 0.037626 0.28051
0.12934 0.037646 0.28705
0.10757 0.037631 0.30715
0.1082 0.037653 0.32955
0.1288 0.037675 0.31255
0.11735 0.037658 0.32128
0.10501 0.037656 0.33731
0.10608 0.037683 0.36177
0.11657 0.037698 0.35675
0.10032 0.037679 0.36874
0.11713 0.03772 0.37306
0.12318 0.03777 0.39657
0.10385 0.037716 0.40113
0.10378 0.037737 0.42755
0.11465 0.037767 0.42779
0.10002 0.037735 0.43968
0.10107 0.037745 0.45133
0.11536 0.037784 0.44611
0.11712 0.037797 0.45832
0.10032 0.037747 0.47162
0.10856 0.037773 0.48779
0.11817 0.037808 0.47303
0.12385 0.037839 0.48981
0.10481 0.037762 0.50349
0.10015 0.037747 0.5247
0.12068 0.037816 0.52503
0.10618 0.037761 0.53702
0.1017 0.03774 0.55801
0.12268 0.037819 0.54222
0.099697 0.037721 0.58027
0.10188 0.037716 0.59305
0.11933 0.037783 0.57411
0.12072 0.037761 0.59867
0.10972 0.037712 0.6142
0.10985 0.037702 0.62396
0.12639 0.037741 0.6291
0.10697 0.037679 0.64272
0.1066 0.037667 0.65555
0.12004 0.037712 0.63739
0.1171 0.037676 0.66419
0.10546 0.037644 0.68062
0.12262 0.037672 0.6804
0.10821 0.037612 0.72563
0.12732 0.037658 0.7041
0.12863 0.037631 0.73141
0.10257 0.037596 0.73656
0.1066 0.037587 0.753
0.12112 0.037593 0.76123
0.10806 0.037575 0.77229
0.12896 0.037588 0.77629
0.11863 0.037571 0.78848
0.10964 0.037549 0.82752
0.11858 0.037564 0.80251
0.12184 0.037552 0.83152
0.11098 0.037546 0.83752
0.1269 0.037551 0.84086
0.12672 0.037545 0.85462
0.10929 0.037535 0.87463
0.113 0.037533 0.89138
0.12948 0.037539 0.88145
0.12297 0.037535 0.89628
0.10392 0.03753 0.90884
0.12228 0.037534 0.91115
0.12072 0.037515 0.92462
0.10554 0.037496 0.93796
0.13049 0.037463 0.94607
0.12893 0.033676 0.96453
0.14287 0.037521 0.039932
0.15839 0.037524 0.035309
0.16002 0.037525 0.053782
0.13549 0.037522 0.077175
0.14082 0.037527 0.096737
0.15372 0.037526 0.07282
0.15807 0.037531 0.091742
0.1404 0.037529 0.10798
0.142 0.037533 0.11952
0.15259 0.037534 0.11268
0.15689 0.037538 0.11834
0.13537 0.037539 0.13983
0.13632 0.03755 0.16181
0.16097 0.03756 0.15527
0.13481 0.037559 0.18086
0.15874 0.037573 0.1752
0.15743 0.037581 0.18694
0.13718 0.037581 0.20832
0.14294 0.037604 0.22831
0.16002 0.037604 0.2095
0.13603 0.037608 0.24104
0.14575 0.037636 0.25638
0.15177 0.03762 0.23395
0.15901 0.037669 0.26237
0.13828 0.037642 0.27076
0.13747 0.037668 0.29272
0.15619 0.037674 0.27035
0.15267 0.037694 0.2893
0.14483 0.037702 0.30654
0.13285 0.037691 0.31754
0.15788 0.037729 0.30055
0.14982 0.037746 0.32374
0.13503 0.037738 0.34583
0.14379 0.037774 0.35241
0.1543 0.037781 0.3342
0.14051 0.037803 0.3766
0.13496 0.037798 0.38538
0.15705 0.037879 0.37912
0.13156 0.037839 0.42325
0.14511 0.037905 0.42667
0.13868 0.037884 0.44203
0.13214 0.037864 0.4556
0.14997 0.037945 0.44466
0.14831 0.037946 0.45434
0.13288 0.037879 0.47092
0.13118 0.037877 0.48721
0.14999 0.037979 0.47339
0.13984 0.037912 0.51003
0.13916 0.0379 0.5239
0.15555 0.038015 0.50193
0.13313 0.037859 0.54465
0.13958 0.037863 0.56596
0.1466 0.037917 0.54903
0.1555 0.037975 0.55356
0.14033 0.037848 0.5819
0.13546 0.037816 0.59428
0.15457 0.03792 0.58202
0.15351 0.037894 0.594
0.1348 0.037792 0.61097
0.13754 0.037778 0.62814
0.15549 0.037868 0.61586
0.15107 0.037832 0.62577
0.14085 0.037743 0.65897
0.15948 0.037836 0.64464
0.15016 0.03777 0.66036
0.13839 0.037718 0.67193
0.14416 0.037702 0.69226
0.14841 0.037737 0.67576
0.15079 0.037707 0.6998
0.13289 0.037668 0.70327
0.144 0.037651 0.73099
0.15514 0.037709 0.70623
0.15075 0.037661 0.73087
0.14397 0.037632 0.74645
0.13767 0.037608 0.76379
0.1563 0.037664 0.73742
0.15985 0.037647 0.75387
0.14043 0.037586 0.79088
0.15387 0.037615 0.77421
0.15523 0.037596 0.79661
0.1458 0.037581 0.80489
0.14316 0.037566 0.82623
0.16406 0.037592 0.8125
0.15641 0.037575 0.82659
0.14126 0.037554 0.84555
0.1478 0.037551 0.86081
0.16089 0.037566 0.84438
0.16097 0.037558 0.86007
0.1378 0.037544 0.87525
0.1577 0.03755 0.87948
0.1561 0.037545 0.8965
0.13586 0.037537 0.90804
0.14085 0.037506 0.92771
0.15816 0.037542 0.91013
0.15574 0.037516 0.92461
0.13705 0.036069 0.95232
0.15945 0.037471 0.94033
0.15912 0.033923 0.96135
0.17214 0.037527 0.045084
0.17907 0.037531 0.061773
0.18838 0.037531 0.045788
0.18739 0.037532 0.055566
0.1719 0.037531 0.07725
0.17567 0.037537 0.093267
0.19095 0.037538 0.078816
0.19065 0.037544 0.094375
0.17103 0.03754 0.10749
0.1752 0.037553 0.13076
0.18533 0.037547 0.10895
0.19227 0.037556 0.11978
0.17375 0.037559 0.14286
0.18046 0.037573 0.15632
0.18858 0.037572 0.14749
0.19292 0.037581 0.15275
0.17985 0.037611 0.19617
0.1916 0.037601 0.17467
0.18693 0.037614 0.19145
0.1757 0.037649 0.22951
0.18814 0.037633 0.20426
0.18715 0.037658 0.22267
0.17337 0.037665 0.24195
0.17533 0.037699 0.26001
0.18715 0.03771 0.25169
0.18803 0.037756 0.27293
0.18341 0.037785 0.29116
0.16633 0.037753 0.29966
0.17225 0.037811 0.31658
0.1852 0.037844 0.31063
0.18715 0.037897 0.32718
0.16463 0.037839 0.34396
0.16715 0.037863 0.35073
0.18099 0.037898 0.33897
0.18362 0.037937 0.34833
0.17259 0.037938 0.37312
0.18184 0.037998 0.37575
0.17858 0.038012 0.39267
0.16779 0.038013 0.42723
0.18571 0.038085 0.40437
0.18565 0.038129 0.4232
0.1675 0.038031 0.44
0.16829 0.038058 0.45472
0.18184 0.038132 0.43676
0.17608 0.038127 0.46108
0.16484 0.038078 0.48792
0.17738 0.038173 0.47928
0.17994 0.038207 0.48734
0.1637 0.038067 0.50308
0.16351 0.038053 0.53008
0.18143 0.038223 0.50916
0.17921 0.038192 0.5302
0.16378 0.038046 0.54476
0.17536 0.038108 0.56196
0.17097 0.038028 0.5786
0.16222 0.037948 0.59108
0.1823 0.038108 0.58474
0.17741 0.038028 0.5966
0.17104 0.03796 0.60758
0.16548 0.037891 0.62853
0.17824 0.03801 0.60593
0.17858 0.037965 0.6246
0.16607 0.03786 0.64676
0.16811 0.037849 0.65658
0.18971 0.03798 0.65139
0.19039 0.03795 0.66281
0.16843 0.037813 0.67432
0.16761 0.037778 0.69003
0.18054 0.037867 0.67243
0.18375 0.037833 0.69218
0.17399 0.037742 0.717
0.17091 0.037711 0.72855
0.18372 0.0378 0.70501
0.18474 0.037735 0.73352
0.17744 0.037686 0.74783
0.17072 0.037663 0.75541
0.18605 0.037707 0.74727
0.17007 0.037621 0.79028
0.19027 0.037681 0.77043
0.18984 0.037642 0.79675
0.17535 0.037611 0.80503
0.18845 0.037618 0.81287
0.19016 0.037603 0.82769
0.17995 0.037583 0.83809
0.17096 0.037566 0.85466
0.18898 0.037585 0.84505
0.1871 0.037577 0.85213
0.16914 0.037557 0.87404
0.16905 0.037551 0.89062
0.19489 0.037573 0.86884
0.19409 0.037562 0.88857
0.17101 0.037508 0.92845
0.18608 0.037508 0.92951
0.18063 0.035626 0.95338
0.18772 0.037482 0.93807
0.19287 0.034822 0.95592
0.203 0.037536 0.044517
0.21125 0.037541 0.059008
0.22468 0.037545 0.035008
0.22276 0.037545 0.056744
0.20993 0.037543 0.069331
0.20665 0.037548 0.089487
0.22723 0.037552 0.071516
0.22378 0.03756 0.094311
0.21227 0.037558 0.10178
0.20627 0.037573 0.12822
0.22893 0.037569 0.10234
0.22069 0.037578 0.12263
0.20519 0.037585 0.14363
0.20065 0.037612 0.17547
0.21067 0.03765 0.19155
0.22688 0.037643 0.17417
0.22914 0.037663 0.18507
0.20582 0.037663 0.20231
0.22299 0.037693 0.20183
0.21062 0.037746 0.23984
0.22405 0.037776 0.23426
0.22077 0.037827 0.25766
0.203 0.037803 0.27468
0.19804 0.037808 0.28302
0.22067 0.037856 0.26817
0.21356 0.037872 0.28649
0.20501 0.037907 0.30736
0.20227 0.037968 0.32717
0.211 0.037961 0.3155
0.19593 0.037958 0.33317
0.19963 0.038051 0.35558
0.21107 0.038037 0.33199
0.2188 0.038165 0.34832
0.20255 0.038091 0.36513
0.19926 0.038117 0.38294
0.2133 0.038171 0.36299
0.20651 0.03819 0.38922
0.1969 0.038176 0.40765
0.20477 0.03823 0.40411
0.19654 0.038245 0.43128
0.18874 0.038245 0.45799
0.20852 0.038387 0.43252
0.2083 0.038453 0.45102
0.19356 0.038322 0.4699
0.19604 0.038382 0.49035
0.19982 0.038416 0.4777
0.20359 0.038502 0.49086
0.19255 0.038344 0.51137
0.19434 0.038355 0.52452
0.19512 0.03834 0.54115
0.19605 0.038323 0.55518
0.2056 0.038447 0.55643
0.19413 0.038216 0.58489
0.19106 0.038152 0.59672
0.20889 0.038394 0.58363
0.20894 0.038369 0.5905
0.19196 0.038123 0.60907
0.19421 0.038066 0.63371
0.21578 0.038248 0.63499
0.19481 0.038019 0.64993
0.20371 0.038054 0.65675
0.21563 0.038205 0.64342
0.20453 0.037994 0.67473
0.19959 0.037892 0.69626
0.21472 0.038054 0.67649
0.21404 0.037955 0.69795
0.19896 0.037843 0.7098
0.19901 0.037789 0.72852
0.21511 0.037899 0.71205
0.21749 0.037867 0.72304
0.20307 0.037728 0.76009
0.21889 0.037797 0.74891
0.20249 0.037687 0.78143
0.20939 0.03768 0.79315
0.21999 0.037743 0.77281
0.20435 0.037616 0.83152
0.22691 0.037672 0.81595
0.22384 0.037643 0.83041
0.20492 0.037599 0.84578
0.20836 0.037589 0.85923
0.22238 0.037631 0.83689
0.22377 0.037603 0.85841
0.20737 0.037576 0.87474
0.20976 0.037567 0.89226
0.22012 0.037582 0.87636
0.22494 0.037574 0.89517
0.21378 0.037521 0.92678
0.22473 0.037566 0.91307
0.2019 0.037451 0.94658
0.21337 0.033813 0.96256
0.22143 0.037467 0.94223
0.22188 0.034579 0.95696
0.23523 0.037549 0.035017
0.23883 0.037554 0.061798
0.25247 0.037557 0.042579
0.26058 0.037563 0.056417
0.24052 0.037557 0.068041
0.23683 0.037561 0.08503
0.25646 0.037568 0.076186
0.25974 0.037575 0.085709
0.24629 0.037596 0.1195
0.25612 0.037587 0.1017
0.25157 0.037609 0.12624
0.23578 0.037616 0.14483
0.25485 0.037629 0.13929
0.26055 0.037661 0.15563
0.23584 0.037657 0.17621
0.24563 0.037702 0.1909
0.25307 0.037683 0.17604
0.25879 0.037718 0.18527
0.23856 0.037741 0.21012
0.23177 0.037781 0.22805
0.25499 0.037766 0.20481
0.23088 0.037825 0.24283
0.23743 0.037871 0.24806
0.23813 0.03796 0.27067
0.23594 0.038026 0.2903
0.25503 0.03809 0.27887
0.25206 0.038178 0.30214
0.2478 0.038222 0.31651
0.2258 0.038216 0.35063
0.24312 0.038283 0.33715
0.24698 0.038406 0.35337
0.22817 0.038274 0.36187
0.23857 0.038389 0.36647
0.23374 0.038405 0.38105
0.21908 0.038371 0.4019
0.22654 0.038497 0.4149
0.23562 0.038503 0.39357
0.22182 0.038506 0.42979
0.2194 0.038559 0.44987
0.23571 0.038696 0.43194
0.23146 0.038728 0.4523
0.21436 0.038638 0.47529
0.22654 0.038765 0.46987
0.23113 0.03897 0.48566
0.22318 0.03881 0.50663
0.22712 0.038863 0.53357
0.21965 0.038692 0.54902
0.2163 0.038571 0.56687
0.22472 0.038538 0.59455
0.23298 0.038586 0.60238
0.2295 0.038463 0.61359
0.22829 0.038305 0.639
0.23536 0.038487 0.6183
0.24071 0.038426 0.6358
0.22577 0.038217 0.65289
0.23371 0.038216 0.6636
0.24216 0.038316 0.65637
0.24394 0.038264 0.67042
0.23477 0.038131 0.68576
0.25217 0.038195 0.69504
0.23663 0.037964 0.72022
0.24727 0.038065 0.71208
0.24951 0.03798 0.73074
0.23692 0.037878 0.74294
0.23468 0.037815 0.75985
0.25119 0.03791 0.74872
0.26018 0.037884 0.76525
0.23236 0.037759 0.77953
0.24075 0.03775 0.79195
0.25611 0.037838 0.77429
0.24135 0.037716 0.80736
0.25887 0.037745 0.80925
0.25265 0.03769 0.82808
0.24276 0.037646 0.84371
0.23833 0.037617 0.85928
0.23684 0.037594 0.87756
0.23572 0.037584 0.887
0.25846 0.037614 0.87599
0.24592 0.037576 0.9117
0.23663 0.037531 0.92799
0.25189 0.037585 0.90246
0.26053 0.037538 0.93014
0.24372 0.033939 0.96122
0.25576 0.037518 0.93569
0.27672 0.037572 0.056783
0.29684 0.037585 0.061358
0.27847 0.037583 0.080199
0.27174 0.037593 0.095182
0.29539 0.037591 0.074768
0.27272 0.037609 0.11017
0.292 0.03762 0.10506
0.28718 0.037641 0.12402
0.27323 0.037646 0.13727
0.27051 0.03768 0.15793
0.29442 0.037673 0.13883
0.29574 0.037724 0.15862
0.26676 0.037702 0.17076
0.27179 0.037746 0.18335
0.28685 0.037823 0.19291
0.27407 0.037873 0.2156
0.28905 0.037848 0.19782
0.28606 0.03794 0.22212
0.26795 0.038033 0.25737
0.28569 0.037993 0.23592
0.28625 0.03809 0.25383
0.28035 0.03811 0.26144
0.25927 0.038218 0.30293
0.2609 0.038269 0.31151
0.28192 0.038424 0.3121
0.25575 0.038338 0.33068
0.25758 0.038485 0.35255
0.26766 0.038443 0.33473
0.26855 0.038553 0.34663
0.25541 0.038507 0.35868
0.2534 0.038617 0.37826
0.26766 0.038721 0.36718
0.24864 0.038696 0.39911
0.24477 0.038743 0.41475
0.2609 0.038865 0.40199
0.255 0.038858 0.41844
0.23935 0.038904 0.45689
0.2529 0.038869 0.42702
0.25759 0.039065 0.44655
0.23683 0.039002 0.47165
0.2391 0.039139 0.48934
0.2496 0.03938 0.48448
0.23732 0.03912 0.51176
0.24635 0.039186 0.53761
0.24141 0.039075 0.54314
0.24481 0.03895 0.57496
0.24866 0.039113 0.55509
0.25724 0.039224 0.56751
0.24889 0.038946 0.58186
0.24728 0.038716 0.60817
0.25561 0.039009 0.58538
0.25823 0.038926 0.59853
0.25293 0.038663 0.61928
0.25485 0.038553 0.63776
0.26786 0.03873 0.63631
0.25858 0.038482 0.65578
0.25805 0.038381 0.67096
0.26995 0.038607 0.65732
0.27382 0.038529 0.67379
0.25834 0.038338 0.67902
0.26738 0.038257 0.69986
0.28039 0.038543 0.68338
0.27886 0.038292 0.70743
0.26685 0.038111 0.71967
0.27079 0.038085 0.7274
0.28783 0.038183 0.73228
0.27496 0.037997 0.75349
0.27187 0.037909 0.7692
0.28849 0.038103 0.74754
0.26646 0.03786 0.77648
0.27484 0.037816 0.7942
0.29157 0.03792 0.78202
0.28825 0.03784 0.79864
0.29034 0.037792 0.81529
0.28351 0.037738 0.82995
0.27649 0.037684 0.84696
0.29469 0.037715 0.84478
0.28704 0.037671 0.85934
0.27106 0.037618 0.88042
0.28075 0.037613 0.89279
0.2921 0.037637 0.88002
0.28523 0.037615 0.89387
0.29659 0.03761 0.90965
0.29421 0.037576 0.92605
0.27715 0.037489 0.94618
0.2799 0.035016 0.95533
0.2971 0.037553 0.93583
0.28537 0.034064 0.9602
0.30292 0.037582 0.04554
0.30634 0.037589 0.058836
0.32911 0.037595 0.044372
0.33023 0.037602 0.058581
0.30482 0.037601 0.08023
0.30876 0.037611 0.087739
0.32505 0.037608 0.070616
0.321 0.03763 0.094294
0.30672 0.037637 0.10873
0.30447 0.037663 0.12644
0.32905 0.037651 0.10378
0.31947 0.037676 0.12405
0.3029 0.037694 0.14453
0.30588 0.037731 0.1556
0.32237 0.037719 0.14303
0.32312 0.037747 0.15213
0.30346 0.037798 0.17622
0.30595 0.03786 0.19012
0.32312 0.037817 0.17019
0.30595 0.037985 0.2182
0.32633 0.037985 0.20417
0.32461 0.038022 0.21181
0.29618 0.038043 0.23826
0.30196 0.038123 0.24758
0.31116 0.038192 0.25124
0.29986 0.03819 0.25981
0.29205 0.038302 0.28155
0.30908 0.038228 0.25874
0.3126 0.038359 0.27413
0.29001 0.038386 0.29919
0.28864 0.038436 0.30767
0.30521 0.038474 0.29741
0.30447 0.038525 0.3041
0.29056 0.03856 0.32231
0.27885 0.038684 0.34683
0.30024 0.038692 0.32633
0.30256 0.03892 0.33977
0.28182 0.038758 0.35116
0.27346 0.038923 0.38023
0.28919 0.038918 0.35847
0.29249 0.039164 0.3717
0.2701 0.03899 0.39896
0.2748 0.039088 0.40731
0.28209 0.039086 0.39338
0.28271 0.039212 0.40885
0.26729 0.039112 0.43015
0.26182 0.039202 0.45179
0.28025 0.039281 0.42498
0.27963 0.039367 0.43762
0.25982 0.039589 0.48174
0.26927 0.03958 0.4681
0.2623 0.039675 0.49238
0.25834 0.039654 0.50615
0.25408 0.039548 0.52418
0.2668 0.039955 0.50827
0.26456 0.039614 0.54678
0.27298 0.039521 0.57428
0.26671 0.039197 0.58916
0.28856 0.039292 0.61076
0.27483 0.038909 0.62946
0.2795 0.038867 0.64307
0.29987 0.039094 0.64641
0.30255 0.038897 0.67151
0.30707 0.038843 0.6852
0.31566 0.038627 0.71332
0.31853 0.038464 0.72961
0.3134 0.038341 0.73931
0.3001 0.03819 0.74586
0.30729 0.038094 0.7644
0.31758 0.038224 0.75396
0.31689 0.038103 0.76981
0.3084 0.037987 0.78294
0.30151 0.037896 0.79524
0.31545 0.03799 0.78733
0.31652 0.03791 0.80276
0.30059 0.037841 0.80805
0.31948 0.037801 0.82877
0.30344 0.037735 0.84227
0.31004 0.037699 0.85952
0.30301 0.037643 0.88258
0.31077 0.037639 0.89043
0.3224 0.037687 0.87222
0.3209 0.037641 0.89695
0.30423 0.037611 0.91302
0.31365 0.037593 0.92908
0.33015 0.037636 0.90624
0.32132 0.037606 0.92293
0.30546 0.037547 0.94546
0.32367 0.037567 0.94276
0.34048 0.0376 0.040742
0.33952 0.037605 0.055942
0.36412 0.037615 0.040823
0.35349 0.037609 0.051569
0.33985 0.037621 0.073862
0.3393 0.037634 0.086355
0.35464 0.037643 0.084088
0.34106 0.037665 0.10516
0.33588 0.037692 0.12255
0.3555 0.037711 0.12147
0.33845 0.037735 0.13932
0.34239 0.037776 0.15126
0.35451 0.037763 0.14101
0.36102 0.037801 0.14917
0.34247 0.037846 0.1685
0.3422 0.03789 0.1788
0.34965 0.037842 0.16421
0.35417 0.037919 0.17835
0.33414 0.037976 0.19747
0.33158 0.038082 0.21636
0.34953 0.038018 0.19623
0.33766 0.038177 0.22783
0.33116 0.038285 0.24925
0.3477 0.038238 0.22941
0.35312 0.03837 0.24278
0.33513 0.038383 0.26345
0.33173 0.038444 0.27295
0.34982 0.038457 0.25902
0.34181 0.038451 0.26748
0.32366 0.038517 0.28653
0.3209 0.038711 0.30672
0.33961 0.038603 0.28395
0.33104 0.038775 0.30478
0.32385 0.038807 0.31228
0.31054 0.038911 0.33176
0.32666 0.038917 0.31936
0.32535 0.039349 0.34527
0.31722 0.039501 0.36353
0.29702 0.039324 0.38881
0.29248 0.039376 0.40647
0.30669 0.039409 0.37868
0.29123 0.039491 0.4214
0.30064 0.039601 0.41487
0.27456 0.039778 0.46934
0.27325 0.040048 0.49499
0.28158 0.040255 0.48797
0.27409 0.040145 0.50718
0.27622 0.040201 0.50787
0.28372 0.040414 0.54152
0.28243 0.039657 0.58164
0.28651 0.04025 0.55859
0.29333 0.039762 0.58279
0.29921 0.039403 0.60822
0.29822 0.039265 0.6248
0.30094 0.039213 0.63319
0.30916 0.039128 0.65192
0.3176 0.039347 0.63676
0.32631 0.039301 0.65404
0.3207 0.039 0.676
0.31381 0.038882 0.68693
0.33151 0.039136 0.67489
0.3307 0.038987 0.68759
0.32161 0.038686 0.71019
0.33547 0.038911 0.69849
0.34525 0.038762 0.71896
0.32237 0.038549 0.72473
0.33178 0.038441 0.73698
0.34509 0.038641 0.72848
0.34221 0.038388 0.74643
0.3326 0.038306 0.75087
0.33596 0.038137 0.77466
0.34606 0.0383 0.75669
0.35027 0.038207 0.77169
0.3497 0.038122 0.78642
0.35192 0.037994 0.80621
0.34395 0.037902 0.81769
0.33355 0.037846 0.82417
0.35367 0.037875 0.82855
0.34457 0.037794 0.84536
0.34271 0.037742 0.86136
0.36124 0.037842 0.84014
0.36095 0.037759 0.86265
0.33743 0.037688 0.87934
0.3409 0.037666 0.89296
0.35378 0.037686 0.88803
0.34615 0.037642 0.91006
0.33956 0.037596 0.92712
0.35386 0.037642 0.91311
0.35388 0.037609 0.92431
0.34576 0.037554 0.9384
0.33757 0.034342 0.95842
0.36063 0.037566 0.93829
0.35274 0.033819 0.96261
0.37094 0.037619 0.035115
0.38054 0.037633 0.055963
0.38937 0.037631 0.040875
0.39035 0.037654 0.070128
0.39389 0.037685 0.091456
0.37013 0.037686 0.10384
0.38025 0.037716 0.11625
0.39294 0.03771 0.10716
0.38764 0.037721 0.11558
0.36912 0.037792 0.1434
0.37016 0.037853 0.15619
0.3927 0.037806 0.13697
0.37625 0.037915 0.16566
0.3706 0.037962 0.17713
0.39056 0.038081 0.18624
0.37062 0.038076 0.19418
0.37284 0.038195 0.20903
0.38517 0.038151 0.19827
0.38441 0.038218 0.207
0.36627 0.038334 0.23097
0.36272 0.038417 0.24147
0.39056 0.038378 0.22207
0.385 0.038567 0.24181
0.36027 0.038504 0.25461
0.35702 0.038677 0.27406
0.38332 0.038677 0.2555
0.37 0.038754 0.26956
0.35989 0.038882 0.29158
0.37508 0.038913 0.27878
0.37247 0.038965 0.28669
0.34553 0.038985 0.30722
0.3452 0.039202 0.32313
0.32759 0.039479 0.35275
0.35532 0.039399 0.32837
0.32488 0.039617 0.37057
0.33234 0.03966 0.36658
0.3255 0.039628 0.38186
0.30961 0.039787 0.419
0.30571 0.039884 0.43336
0.31694 0.039645 0.40649
0.30764 0.039932 0.43921
0.29022 0.040214 0.46774
0.29296 0.040616 0.4851
0.28296 0.040632 0.51718
0.29072 0.040468 0.55171
0.2887 0.040836 0.5138
0.29376 0.040485 0.55396
0.30226 0.040042 0.57772
0.30574 0.039751 0.59221
0.31423 0.039588 0.61387
0.32145 0.039471 0.63318
0.32364 0.039749 0.61312
0.33951 0.039808 0.64192
0.3311 0.039384 0.65308
0.33353 0.039338 0.66091
0.34268 0.039524 0.65676
0.35127 0.039481 0.66846
0.33885 0.039174 0.67786
0.3461 0.039036 0.69559
0.36494 0.039356 0.68492
0.36933 0.039228 0.6942
0.34941 0.038927 0.70564
0.36408 0.039078 0.70368
0.3738 0.038927 0.72242
0.3709 0.038569 0.74771
0.38372 0.038827 0.73442
0.38002 0.038607 0.74969
0.37008 0.038358 0.76438
0.362 0.03828 0.76866
0.37779 0.038431 0.76258
0.37582 0.038174 0.78976
0.37434 0.038059 0.80579
0.38216 0.038228 0.78604
0.3742 0.038007 0.81459
0.3686 0.037883 0.83403
0.37199 0.037853 0.84165
0.3711 0.037782 0.85816
0.38604 0.037872 0.84241
0.38809 0.037778 0.86611
0.37411 0.03773 0.87728
0.36996 0.037684 0.89578
0.39168 0.037692 0.89954
0.37407 0.03766 0.91019
0.38098 0.03762 0.92882
0.38732 0.03767 0.90979
0.39452 0.037621 0.93148
0.37819 0.03758 0.9419
0.37235 0.035475 0.95416
0.3911 0.037589 0.9427
0.39728 0.035192 0.95503
0.4141 0.037645 0.036576
0.41964 0.037647 0.041206
0.42059 0.037661 0.063443
0.40425 0.037671 0.079513
0.42569 0.037671 0.071973
0.43064 0.037707 0.092158
0.41353 0.037727 0.10527
0.40384 0.037743 0.11624
0.42085 0.037728 0.10295
0.42034 0.037788 0.12282
0.40991 0.037849 0.14121
0.4045 0.03792 0.15656
0.4246 0.037901 0.14783
0.4076 0.037972 0.16484
0.40562 0.038096 0.18354
0.41851 0.03802 0.1702
0.42056 0.038065 0.17621
0.40809 0.038373 0.21372
0.42146 0.038223 0.19631
0.42631 0.038283 0.20229
0.39342 0.03843 0.22639
0.40275 0.038665 0.24015
0.42485 0.038463 0.21707
0.3997 0.038752 0.25212
0.39449 0.038804 0.25964
0.41722 0.038984 0.25922
0.39709 0.039038 0.27564
0.38616 0.039096 0.28653
0.41283 0.039046 0.26569
0.40541 0.039131 0.27821
0.38218 0.039266 0.30089
0.38193 0.039395 0.31062
0.40422 0.03933 0.29113
0.38899 0.039488 0.31102
0.36194 0.039621 0.33805
0.39277 0.039612 0.31451
0.34239 0.039722 0.36185
0.33501 0.03975 0.38089
0.36796 0.039829 0.34663
0.35304 0.039701 0.36522
0.33023 0.03965 0.40105
0.32299 0.039689 0.42178
0.34539 0.039599 0.37864
0.30916 0.03999 0.45015
0.29636 0.040499 0.48497
0.32022 0.039122 0.43972
0.29902 0.040112 0.49582
0.29566 0.04053 0.50523
0.29681 0.040701 0.54086
0.29901 0.039693 0.51201
0.30507 0.040031 0.55476
0.32177 0.039826 0.59053
0.33924 0.039736 0.61167
0.34519 0.040086 0.63962
0.37326 0.040075 0.66362
0.35857 0.039825 0.66206
0.37298 0.039512 0.68196
0.37904 0.039808 0.67274
0.37817 0.039353 0.69015
0.38732 0.039226 0.70092
0.39303 0.039387 0.69335
0.40633 0.039278 0.7038
0.38329 0.03906 0.71396
0.39184 0.039 0.72216
0.41218 0.039149 0.71863
0.41564 0.03901 0.72966
0.40118 0.038816 0.7394
0.39719 0.03868 0.7482
0.41657 0.038721 0.74923
0.39928 0.038387 0.77297
0.41767 0.038536 0.76505
0.41301 0.038388 0.77722
0.40533 0.038251 0.7901
0.39843 0.038104 0.80651
0.42312 0.038265 0.79245
0.42706 0.038152 0.80603
0.41162 0.038011 0.82323
0.42863 0.038074 0.81715
0.41646 0.037976 0.83105
0.40259 0.037895 0.84381
0.42261 0.037828 0.86438
0.41171 0.037745 0.88227
0.40748 0.037704 0.8991
0.42661 0.037751 0.88291
0.42146 0.037726 0.89112
0.40926 0.037686 0.90892
0.4076 0.037631 0.93079
0.42678 0.037646 0.92858
0.40237 0.037586 0.94534
0.41795 0.037613 0.93864
0.42767 0.033953 0.96132
0.43743 0.037652 0.04128
0.4432 0.037664 0.060651
0.4567 0.037657 0.044686
0.43732 0.037672 0.070561
0.43769 0.037706 0.090319
0.4646 0.037687 0.078904
0.45822 0.037724 0.094087
0.43413 0.037782 0.11727
0.46209 0.037744 0.10072
0.44454 0.037865 0.13606
0.43645 0.037927 0.15043
0.45331 0.037879 0.13787
0.46283 0.03796 0.15132
0.44475 0.038009 0.16272
0.44097 0.038142 0.18101
0.45971 0.038067 0.16895
0.45669 0.038188 0.18354
0.44357 0.038241 0.19336
0.4374 0.038323 0.20346
0.4507 0.038436 0.20887
0.43303 0.038524 0.21993
0.42787 0.038677 0.23161
0.44767 0.03855 0.21806
0.42931 0.038816 0.23957
0.4278 0.038918 0.25065
0.45134 0.038976 0.24401
0.45423 0.039136 0.25207
0.42367 0.039103 0.26257
0.43883 0.03931 0.26682
0.44569 0.039552 0.27407
0.41863 0.039424 0.28752
0.41202 0.039516 0.29979
0.44093 0.039595 0.27941
0.4333 0.0396 0.28915
0.4099 0.039665 0.30754
0.3932 0.03988 0.32542
0.43891 0.039943 0.297
0.42597 0.039946 0.30779
0.40691 0.039959 0.32554
0.35386 0.038773 0.37511
0.34122 0.0381 0.40339
0.38658 0.038174 0.34547
0.36741 0.035887 0.37184
0.32807 0.038101 0.42878
0.30921 0.037179 0.47636
0.31539 0.034597 0.49369
0.30315 0.037559 0.52313
0.3106 0.038652 0.55847
0.30753 0.036471 0.53229
0.34591 0.036299 0.60049
0.35438 0.038272 0.62423
0.36684 0.038917 0.6413
0.36222 0.037273 0.62937
0.3743 0.038196 0.64511
0.38127 0.040071 0.65982
0.39188 0.039345 0.66175
0.40906 0.039821 0.68066
0.40295 0.039612 0.68801
0.42802 0.039816 0.68767
0.43968 0.039693 0.69631
0.41684 0.039369 0.70222
0.41715 0.039304 0.7086
0.43902 0.039451 0.70646
0.43766 0.039386 0.71161
0.42209 0.039133 0.72217
0.43316 0.039021 0.73247
0.45631 0.038998 0.73336
0.43175 0.038826 0.74322
0.439 0.038685 0.75564
0.44807 0.038842 0.74339
0.45418 0.038659 0.75822
0.44249 0.038589 0.76371
0.43125 0.038399 0.77922
0.45611 0.038524 0.76824
0.45281 0.038413 0.78093
0.43631 0.038306 0.79106
0.43869 0.038144 0.80911
0.4513 0.038291 0.79453
0.46296 0.038155 0.81071
0.44112 0.038004 0.82898
0.45238 0.03804 0.82404
0.45238 0.037997 0.83218
0.443 0.037942 0.84377
0.43626 0.037838 0.86457
0.46184 0.037942 0.84452
0.43871 0.037796 0.8741
0.4395 0.03773 0.89302
0.45196 0.037757 0.88414
0.45962 0.03773 0.89691
0.44623 0.037689 0.91549
0.44624 0.037657 0.92711
0.45941 0.037691 0.91622
0.45511 0.037648 0.93137
0.44344 0.037596 0.94765
0.46339 0.037613 0.94419
0.45933 0.033772 0.96332
0.35801 0.039134 0.43386
0.33303 0.039663 0.46631
0.32781 0.039719 0.5498
0.3315 0.037392 0.51427
0.48119 0.037662 0.045667
0.47804 0.037676 0.063595
0.49583 0.037661 0.038852
0.48797 0.037675 0.061653
0.47082 0.03769 0.07937
0.47418 0.037719 0.091122
0.49208 0.037687 0.072355
0.4912 0.037724 0.092116
0.48108 0.037765 0.10836
0.47641 0.037785 0.11459
0.48562 0.037751 0.10283
0.49508 0.037822 0.12257
0.47451 0.037872 0.13355
0.49173 0.037947 0.14653
0.46938 0.038054 0.165
0.47633 0.038158 0.17679
0.48637 0.038044 0.16123
0.4772 0.038279 0.19024
0.47358 0.038431 0.20449
0.48916 0.038266 0.1878
0.48916 0.038412 0.20205
0.46988 0.038644 0.2211
0.47633 0.038725 0.22519
0.48609 0.038594 0.21458
0.49218 0.038705 0.22387
0.46297 0.039009 0.24361
0.47685 0.039085 0.24547
0.49201 0.039027 0.24207
0.49749 0.039204 0.25137
0.46576 0.039437 0.2624
0.46917 0.039633 0.26757
0.48365 0.039692 0.26679
0.4601 0.03983 0.27809
0.46465 0.040211 0.28484
0.4844 0.039991 0.27615
0.48915 0.040312 0.28263
0.46107 0.040342 0.29049
0.46421 0.040567 0.29374
0.49133 0.040725 0.29257
0.44589 0.03975 0.30807
0.47456 0.040306 0.29678
0.47699 0.03925 0.29972
0.40242 0.037011 0.33804
0.39258 0.034859 0.35233
0.46123 0.036252 0.31057
0.46368 0.034596 0.31689
0.37911 0.033658 0.3977
0.44403 0.033366 0.49298
0.35763 0.03345 0.55602
0.36742 0.034635 0.61962
0.43531 0.033898 0.65756
0.4232 0.036039 0.66633
0.47565 0.034345 0.66282
0.48758 0.036203 0.67275
0.42569 0.038776 0.67444
0.44732 0.039534 0.68477
0.48374 0.038391 0.68021
0.49276 0.039229 0.6869
0.45189 0.039797 0.6903
0.45615 0.039583 0.70152
0.47559 0.039718 0.69288
0.49293 0.039361 0.70133
0.45383 0.039519 0.70427
0.45805 0.039302 0.71395
0.49666 0.039178 0.707
0.46856 0.039168 0.72084
0.46784 0.038932 0.73706
0.48142 0.039041 0.72388
0.49004 0.038928 0.73261
0.47412 0.038714 0.7512
0.49015 0.038857 0.74024
0.49196 0.038672 0.75443
0.47507 0.038543 0.76636
0.4769 0.038436 0.77716
0.49349 0.038502 0.76822
0.49518 0.038425 0.77774
0.47892 0.038386 0.78764
0.46974 0.038205 0.80533
0.49165 0.038163 0.81109
0.47859 0.037984 0.83565
0.49398 0.038084 0.82019
0.49171 0.037971 0.83831
0.47672 0.037921 0.84861
0.47906 0.03785 0.86358
0.48596 0.03786 0.86112
0.47601 0.03779 0.87838
0.47334 0.037752 0.88868
0.49418 0.03777 0.88351
0.46938 0.03766 0.92845
0.49109 0.037709 0.91066
0.48627 0.037656 0.9308
0.47606 0.037615 0.94499
0.47605 0.036101 0.95289
0.48732 0.03763 0.93896
0.46334 0.034041 0.38931
0.37753 0.034229 0.50845
0.43941 0.033959 0.55111
0.46187 0.034141 0.60266
0.45579 0.037153 0.33858
0.47484 0.038444 0.32955
0.37246 0.036877 0.42288
0.35047 0.035976 0.46465
0.37521 0.038246 0.40344
0.35363 0.037785 0.44617
0.47341 0.035181 0.35664
0.39265 0.034228 0.43512
0.46823 0.03711 0.3359
0.43457 0.033845 0.48918
0.376 0.034632 0.5692
0.3242 0.040075 0.5411
0.39154 0.038381 0.62425
0.48736 0.034081 0.59803
0.43552 0.036538 0.64614
0.43812 0.034059 0.57788
0.42047 0.037417 0.64433
0.39868 0.038134 0.63173
0.47764 0.038323 0.33061
0.38628 0.03741 0.39906
0.37244 0.035192 0.47029
0.40621 0.036033 0.3903
0.35715 0.035935 0.47614
0.42937 0.038321 0.34643
0.40616 0.034395 0.46709
0.43792 0.035314 0.38113
0.44654 0.034629 0.43414
0.3483 0.037872 0.57232
0.3653 0.038154 0.58696
0.33621 0.036939 0.50557
0.39518 0.035254 0.58198
0.41457 0.034305 0.52646
0.47457 0.034545 0.6066
0.46453 0.034099 0.51935
0.42681 0.034851 0.60071
0.40068 0.038132 0.63258
0.47099 0.038687 0.65363
0.42031 0.034613 0.42465
0.46667 0.034644 0.56781
0.50749 0.037661 0.045301
0.52544 0.037658 0.047378
0.52449 0.037668 0.057059
0.50678 0.037687 0.071157
0.50694 0.037715 0.087768
0.52972 0.03768 0.067508
0.52384 0.037714 0.088166
0.50227 0.037757 0.10526
0.51221 0.037787 0.11541
0.52762 0.037757 0.10768
0.52297 0.037777 0.11406
0.5152 0.037883 0.1356
0.513 0.037936 0.14545
0.51942 0.037874 0.13421
0.52106 0.037993 0.15483
0.51074 0.038031 0.16019
0.51569 0.038119 0.17318
0.52985 0.038081 0.16995
0.51976 0.038122 0.17384
0.51559 0.038307 0.19402
0.5027 0.038372 0.19995
0.52937 0.03825 0.19051
0.53246 0.038332 0.20096
0.51335 0.038611 0.21787
0.5119 0.038773 0.22844
0.52601 0.038595 0.21949
0.52271 0.038788 0.23061
0.50625 0.039136 0.25011
0.52831 0.038936 0.24199
0.52488 0.039001 0.24688
0.50725 0.039316 0.25859
0.51918 0.039509 0.26981
0.53674 0.039226 0.25964
0.54201 0.039442 0.27147
0.50732 0.039801 0.27675
0.54502 0.039661 0.28112
0.54936 0.039744 0.28611
0.5032 0.040656 0.2931
0.53542 0.040223 0.2908
0.55688 0.040333 0.30392
0.51161 0.040096 0.29791
0.51436 0.03958 0.29981
0.57473 0.039491 0.31912
0.54091 0.036698 0.31068
0.53212 0.034961 0.31384
0.57006 0.036631 0.32319
0.59296 0.034697 0.36302
0.55682 0.033426 0.37188
0.60937 0.033891 0.3968
0.61674 0.033445 0.46797
0.50375 0.033381 0.56402
0.52808 0.033704 0.65586
0.62088 0.033435 0.56583
0.62376 0.034467 0.63447
0.50228 0.036782 0.67692
0.56637 0.036452 0.66709
0.5635 0.038165 0.6737
0.54918 0.038995 0.68156
0.50759 0.039303 0.69851
0.54365 0.039413 0.68721
0.54901 0.039315 0.69561
0.51029 0.039135 0.70575
0.51884 0.03902 0.71267
0.53977 0.039071 0.70703
0.543 0.03906 0.71222
0.5114 0.03898 0.7233
0.50367 0.03892 0.73137
0.5279 0.039016 0.72061
0.53963 0.038921 0.72979
0.50218 0.038724 0.74762
0.50908 0.038629 0.75726
0.52092 0.038618 0.75784
0.5075 0.038504 0.76708
0.5086 0.038423 0.77607
0.52824 0.038574 0.76164
0.52052 0.038413 0.77712
0.51509 0.038369 0.78808
0.50529 0.038199 0.80609
0.52781 0.038278 0.79573
0.53244 0.038173 0.80617
0.50687 0.038072 0.8209
0.51231 0.03801 0.82899
0.52436 0.03803 0.82429
0.5247 0.037987 0.8327
0.51079 0.037876 0.85873
0.53202 0.037841 0.86493
0.50915 0.037779 0.88088
0.5147 0.037739 0.89442
0.5305 0.037778 0.88004
0.53116 0.037733 0.89678
0.50164 0.037698 0.91628
0.52029 0.037704 0.9131
0.50409 0.036298 0.95246
0.52749 0.037577 0.94533
0.52538 0.03439 0.9583
0.53624 0.033946 0.4956
0.53441 0.033839 0.5846
0.51456 0.034859 0.35182
0.58852 0.033953 0.47553
0.57359 0.038453 0.35
0.49089 0.033959 0.40287
0.61751 0.035515 0.51684
0.59385 0.037242 0.401
0.63852 0.037328 0.51307
0.57119 0.033848 0.5604
0.5072 0.035277 0.63839
0.59518 0.034426 0.59197
0.56168 0.0379 0.63394
0.62643 0.03473 0.56123
0.59645 0.036958 0.62475
0.65925 0.039499 0.55221
0.63116 0.039357 0.60981
0.51877 0.037538 0.65465
0.54098 0.03796 0.33507
0.54681 0.036903 0.34354
0.51567 0.033919 0.45815
0.52874 0.035171 0.3693
0.57561 0.034679 0.43171
0.59118 0.037449 0.40117
0.6208 0.036042 0.48673
0.605 0.035094 0.4816
0.58927 0.034471 0.56056
0.55065 0.036724 0.62609
0.5662 0.034489 0.52616
0.53748 0.034941 0.61009
0.64777 0.038559 0.56963
0.61758 0.038093 0.61641
0.63166 0.036293 0.53971
0.5073 0.034452 0.39985
0.56398 0.034406 0.43961
0.57464 0.034647 0.54627
0.54084 0.037661 0.054374
0.56272 0.037649 0.036684
0.55856 0.037666 0.063406
0.54296 0.037717 0.092741
0.55462 0.037678 0.071637
0.55536 0.037703 0.088792
0.54324 0.037749 0.10846
0.5477 0.037804 0.12374
0.55277 0.037742 0.10783
0.55291 0.037801 0.12396
0.54384 0.037855 0.13371
0.5634 0.037846 0.13527
0.5564 0.037907 0.14575
0.54727 0.038048 0.1675
0.56587 0.038008 0.16596
0.54947 0.038227 0.19343
0.54212 0.038379 0.20673
0.56727 0.038186 0.19192
0.56265 0.038381 0.21092
0.54727 0.038477 0.21614
0.55816 0.038442 0.21552
0.57263 0.038714 0.23737
0.55037 0.038888 0.24428
0.57258 0.038854 0.24869
0.57189 0.038936 0.25402
0.55344 0.039348 0.27044
0.57876 0.039113 0.26746
0.57591 0.03921 0.27399
0.56546 0.039549 0.28286
0.56832 0.039761 0.29388
0.58197 0.039392 0.29061
0.59121 0.039387 0.30244
0.55968 0.039989 0.2954
0.58082 0.039979 0.31478
0.58822 0.039585 0.30871
0.58697 0.039364 0.32835
0.61598 0.039091 0.3511
0.61712 0.038859 0.35937
0.60919 0.035762 0.3747
0.62886 0.038097 0.379
0.62471 0.034266 0.42223
0.64211 0.034129 0.47793
0.66422 0.034107 0.52502
0.68013 0.037084 0.53305
0.67192 0.037764 0.5817
0.63923 0.036848 0.6338
0.59983 0.038232 0.66206
0.64946 0.037891 0.62364
0.64927 0.038823 0.63117
0.60623 0.03886 0.6624
0.63611 0.039244 0.65137
0.61005 0.039404 0.66776
0.58164 0.03944 0.68086
0.55831 0.039355 0.69378
0.59868 0.039212 0.68716
0.56275 0.039226 0.70102
0.55894 0.039081 0.71348
0.5895 0.039174 0.693
0.54921 0.039028 0.71957
0.55576 0.038905 0.73343
0.57539 0.038945 0.7175
0.56331 0.038884 0.73279
0.54079 0.038759 0.74542
0.54189 0.038643 0.75635
0.56638 0.038817 0.73834
0.542 0.03854 0.76443
0.55591 0.038445 0.77044
0.56628 0.038336 0.78081
0.53982 0.038344 0.78791
0.54366 0.038151 0.80706
0.56624 0.038205 0.79509
0.56535 0.038093 0.80961
0.54879 0.038072 0.81655
0.5431 0.03795 0.83811
0.55556 0.038048 0.81834
0.55617 0.037953 0.83452
0.53995 0.037881 0.85461
0.55367 0.037876 0.85319
0.56041 0.037813 0.86706
0.54121 0.037744 0.88998
0.55626 0.037753 0.88464
0.56411 0.037733 0.8916
0.54635 0.037704 0.91062
0.53669 0.03764 0.93028
0.5587 0.037693 0.91366
0.55477 0.03764 0.92982
0.54331 0.037582 0.94452
0.54733 0.034105 0.96008
0.56282 0.037593 0.94173
0.55371 0.035826 0.95338
0.64284 0.037129 0.51992
0.6479 0.037667 0.5321
0.57521 0.037643 0.045074
0.58549 0.037639 0.040646
0.59352 0.037649 0.0629
0.57146 0.037707 0.095133
0.58786 0.037663 0.073227
0.59433 0.037691 0.09418
0.5708 0.037737 0.11043
0.57562 0.037788 0.1247
0.59309 0.037713 0.10486
0.58595 0.037744 0.11617
0.5817 0.037857 0.1419
0.59825 0.037806 0.13527
0.59306 0.037888 0.15173
0.57986 0.038001 0.16956
0.57303 0.038074 0.17821
0.58864 0.037995 0.172
0.59896 0.038012 0.17809
0.57495 0.038319 0.20756
0.59504 0.038194 0.2008
0.58096 0.038474 0.22311
0.5816 0.038675 0.23743
0.60595 0.03834 0.22172
0.59845 0.038576 0.23807
0.58905 0.03871 0.24291
0.5995 0.038698 0.249
0.60494 0.038813 0.26232
0.58471 0.039065 0.26774
0.59411 0.039066 0.27928
0.60935 0.038904 0.27732
0.60762 0.038947 0.28395
0.5967 0.039201 0.29473
0.62142 0.038955 0.30547
0.6272 0.03895 0.31541
0.60455 0.039258 0.31622
0.62173 0.039095 0.34073
0.62724 0.03905 0.33154
0.63041 0.038795 0.36295
0.63832 0.038538 0.37927
0.64504 0.038843 0.3651
0.6405 0.038403 0.39138
0.64778 0.038194 0.43072
0.65158 0.038365 0.41063
0.65375 0.038276 0.42821
0.65375 0.037536 0.46241
0.66825 0.038607 0.49385
0.65828 0.038149 0.45073
0.67052 0.038873 0.4904
0.68365 0.038924 0.52625
0.68642 0.039356 0.55661
0.68316 0.03918 0.51493
0.68779 0.039601 0.56186
0.67748 0.039211 0.58082
0.64818 0.039166 0.63617
0.68405 0.039622 0.57725
0.66887 0.039417 0.60998
0.64713 0.039536 0.64746
0.65558 0.039571 0.63994
0.64714 0.039656 0.66016
0.62539 0.039436 0.67401
0.61531 0.039233 0.68213
0.63946 0.039653 0.67909
0.60279 0.039047 0.69385
0.59183 0.03894 0.70855
0.63492 0.03933 0.68966
0.61534 0.038935 0.70314
0.59427 0.038866 0.7151
0.60614 0.038879 0.71112
0.60126 0.038815 0.72343
0.57702 0.03862 0.75079
0.59781 0.038574 0.74679
0.57713 0.038523 0.75975
0.60196 0.038333 0.76585
0.59611 0.03825 0.77961
0.57291 0.038139 0.80088
0.59364 0.038047 0.8082
0.58005 0.038048 0.81204
0.57796 0.037955 0.82726
0.59153 0.03796 0.82308
0.57847 0.037856 0.84979
0.59753 0.037827 0.85021
0.57339 0.037773 0.87559
0.59637 0.037705 0.89709
0.57328 0.03769 0.91218
0.59245 0.037683 0.9104
0.57331 0.037571 0.9475
0.57645 0.036204 0.95254
0.59073 0.037589 0.94304
0.5853 0.033768 0.96332
0.60879 0.037629 0.045276
0.61116 0.037639 0.062048
0.62882 0.037619 0.04257
0.63075 0.037621 0.053654
0.61459 0.037648 0.075349
0.60302 0.037672 0.087319
0.63116 0.03764 0.079669
0.62625 0.037652 0.085851
0.6105 0.037712 0.11087
0.60933 0.03776 0.12625
0.62191 0.037691 0.10447
0.62842 0.03773 0.12335
0.60364 0.037782 0.13076
0.61563 0.03787 0.15723
0.62857 0.037758 0.13328
0.62971 0.037798 0.14723
0.60889 0.037935 0.16824
0.61651 0.037983 0.17979
0.62907 0.037871 0.16398
0.61684 0.038104 0.19906
0.61215 0.038249 0.21441
0.62657 0.038095 0.20305
0.62815 0.038174 0.21403
0.6125 0.038419 0.2348
0.62948 0.038276 0.23014
0.63351 0.038336 0.23931
0.63883 0.038484 0.25985
0.62786 0.038781 0.2902
0.63691 0.038672 0.27964
0.65243 0.038709 0.3058
0.64743 0.03877 0.30992
0.65919 0.03882 0.33352
0.63898 0.038988 0.33388
0.64952 0.03889 0.35598
0.65194 0.038881 0.3366
0.6607 0.038788 0.35749
0.65932 0.038498 0.40143
0.66923 0.038552 0.40468
0.66487 0.038348 0.41854
0.66549 0.038119 0.44662
0.67139 0.038305 0.42935
0.67473 0.038306 0.43512
0.67703 0.038684 0.48203
0.68074 0.038483 0.46359
0.68737 0.038702 0.48929
0.69022 0.03911 0.5085
0.69409 0.039771 0.54962
0.6962 0.039026 0.50571
0.69829 0.039521 0.53714
0.69335 0.039797 0.5682
0.68287 0.039533 0.59905
0.69901 0.039721 0.56624
0.69054 0.039589 0.59068
0.67261 0.039533 0.62091
0.67663 0.039502 0.62818
0.65264 0.03973 0.66943
0.66603 0.039369 0.66535
0.64267 0.039605 0.68706
0.62994 0.039074 0.70019
0.64803 0.039024 0.70066
0.64784 0.03881 0.70753
0.6171 0.038731 0.72974
0.61304 0.038529 0.74428
0.63502 0.038387 0.74305
0.61615 0.038357 0.75879
0.61003 0.038264 0.77015
0.63068 0.038257 0.75953
0.62999 0.038199 0.76635
0.61268 0.038104 0.79156
0.61369 0.038066 0.79686
0.62952 0.038056 0.79005
0.63157 0.038015 0.79607
0.60529 0.038006 0.81194
0.60753 0.037871 0.83753
0.63092 0.037946 0.81301
0.63404 0.037848 0.83368
0.60802 0.03784 0.84419
0.60328 0.037791 0.85793
0.62606 0.037803 0.84739
0.62355 0.037761 0.86052
0.61025 0.037742 0.87372
0.60493 0.037705 0.89327
0.61932 0.037714 0.88163
0.6292 0.037689 0.89074
0.6075 0.037674 0.91115
0.60817 0.037637 0.92785
0.61985 0.03763 0.92914
0.60985 0.037591 0.94584
0.62188 0.037604 0.93865
0.62786 0.033689 0.96445
0.63792 0.037614 0.046854
0.65271 0.037606 0.038323
0.65474 0.037614 0.06374
0.64533 0.03763 0.079018
0.63939 0.03766 0.0954
0.66243 0.037616 0.073551
0.66535 0.037625 0.085038
0.65512 0.037673 0.10914
0.64862 0.037801 0.15718
0.65826 0.037732 0.14
0.66003 0.037779 0.15694
0.64446 0.037843 0.16577
0.64692 0.037941 0.18765
0.65947 0.037836 0.17278
0.65624 0.037869 0.17924
0.64702 0.037976 0.19408
0.64537 0.038073 0.20927
0.66654 0.037927 0.1972
0.6666 0.038 0.21189
0.64373 0.038206 0.2291
0.65226 0.038292 0.24663
0.66534 0.03824 0.2513
0.64952 0.038414 0.26159
0.6512 0.038528 0.2753
0.67456 0.038241 0.26396
0.66626 0.038353 0.27221
0.66013 0.038537 0.29236
0.67891 0.038513 0.31188
0.66187 0.038683 0.31337
0.67088 0.038692 0.34007
0.68184 0.038518 0.3213
0.68768 0.03854 0.34411
0.67817 0.038568 0.37099
0.68393 0.038548 0.36945
0.68672 0.038607 0.40841
0.69234 0.0386 0.39678
0.69443 0.038622 0.40951
0.68472 0.038461 0.43035
0.69194 0.038407 0.449
0.69895 0.038541 0.43237
0.69451 0.038533 0.47434
0.6959 0.038568 0.48303
0.70157 0.038592 0.47433
0.70743 0.038762 0.49226
0.70107 0.038904 0.50237
0.70505 0.0393 0.52755
0.71166 0.038971 0.50956
0.71832 0.039126 0.52981
0.71303 0.039403 0.56111
0.71003 0.03939 0.58229
0.69924 0.039475 0.5984
0.69377 0.039351 0.62093
0.70403 0.039233 0.6195
0.67968 0.039121 0.6554
0.69712 0.039161 0.6346
0.68422 0.039044 0.65792
0.66942 0.039207 0.67488
0.68771 0.038855 0.669
0.66128 0.038533 0.70993
0.6688 0.038803 0.69359
0.66832 0.03855 0.70421
0.6526 0.038373 0.72451
0.64807 0.038298 0.73963
0.66542 0.038263 0.72694
0.67341 0.038179 0.73698
0.65263 0.038199 0.74848
0.64602 0.038124 0.76575
0.66551 0.038125 0.75331
0.66169 0.038076 0.76279
0.64031 0.038035 0.78737
0.64915 0.037954 0.79752
0.65852 0.038 0.78139
0.65774 0.037919 0.80066
0.64819 0.037897 0.81362
0.64418 0.037832 0.83326
0.66458 0.037852 0.81585
0.66576 0.037793 0.8337
0.64551 0.037805 0.84031
0.64467 0.037753 0.85617
0.65528 0.037777 0.84453
0.66041 0.037715 0.86481
0.64828 0.037686 0.88222
0.64811 0.037673 0.88988
0.65498 0.037678 0.88318
0.66327 0.037655 0.89483
0.64411 0.037653 0.90897
0.63651 0.037615 0.9281
0.66288 0.037646 0.90379
0.65904 0.037625 0.91939
0.6353 0.037574 0.94232
0.64087 0.035569 0.95386
0.6562 0.03755 0.94016
0.66408 0.03517 0.95489
0.67982 0.037588 0.044965
0.68196 0.037588 0.051674
0.6984 0.037579 0.040564
0.68972 0.03759 0.059095
0.69739 0.037594 0.07179
0.69603 0.037613 0.091764
0.67004 0.037649 0.10161
0.67078 0.037684 0.12258
0.67474 0.037709 0.13965
0.6773 0.037744 0.15569
0.681 0.037774 0.16752
0.69385 0.037763 0.17193
0.6823 0.037891 0.2025
0.67389 0.03797 0.21254
0.69742 0.037869 0.20916
0.69053 0.037942 0.22093
0.68061 0.038054 0.23375
0.69229 0.03803 0.23984
0.69872 0.038028 0.24462
0.68845 0.038212 0.27775
0.70357 0.038099 0.27022
0.69731 0.038155 0.27726
0.69078 0.038407 0.30996
0.70568 0.038243 0.30256
0.70635 0.038272 0.30881
0.69968 0.038358 0.32473
0.69661 0.038416 0.33692
0.70773 0.03833 0.33462
0.70691 0.038373 0.34779
0.69708 0.038459 0.35878
0.69714 0.038478 0.37091
0.71358 0.038378 0.367
0.71558 0.038404 0.3775
0.7067 0.038493 0.39256
0.70744 0.038567 0.41625
0.71626 0.038465 0.39529
0.72436 0.038483 0.41496
0.71166 0.038572 0.45584
0.72428 0.038513 0.43889
0.71534 0.038665 0.47451
0.72249 0.038726 0.48881
0.73148 0.038633 0.47262
0.73483 0.03874 0.49418
0.72064 0.038967 0.51187
0.72201 0.039085 0.5314
0.73517 0.038906 0.52122
0.72273 0.039136 0.54272
0.72244 0.039164 0.57463
0.73327 0.038992 0.54014
0.73337 0.039016 0.57345
0.71068 0.039113 0.61997
0.72951 0.039035 0.58681
0.73046 0.038879 0.61124
0.71541 0.038965 0.62481
0.72075 0.03883 0.63215
0.7187 0.038684 0.64833
0.698 0.038722 0.66734
0.69513 0.038646 0.67512
0.71169 0.038663 0.65767
0.70946 0.038529 0.67192
0.68489 0.038334 0.70722
0.70134 0.038297 0.69924
0.68875 0.03821 0.72299
0.67913 0.038172 0.73477
0.69529 0.038231 0.7143
0.6829 0.038047 0.75636
0.67551 0.037997 0.77123
0.69881 0.038032 0.74734
0.70163 0.037935 0.76724
0.67825 0.037956 0.77886
0.67959 0.037882 0.79621
0.69593 0.037917 0.77646
0.68904 0.03784 0.80291
0.67471 0.037847 0.81075
0.68808 0.037826 0.80828
0.68943 0.037762 0.83006
0.68098 0.037723 0.85054
0.69492 0.03773 0.84024
0.68753 0.037683 0.86636
0.6805 0.037677 0.87249
0.69091 0.03767 0.87129
0.69112 0.037635 0.89499
0.67868 0.037629 0.90898
0.6693 0.03757 0.93102
0.68913 0.037555 0.93009
0.68007 0.037508 0.94265
0.68128 0.033749 0.96345
0.69507 0.03445 0.95768
0.70821 0.037574 0.037406
0.70721 0.037577 0.054757
0.72386 0.037567 0.042528
0.7265 0.037571 0.060827
0.70997 0.037589 0.076246
0.72745 0.037578 0.075665
0.71049 0.03761 0.10117
0.70737 0.037645 0.126
0.72575 0.037607 0.11223
0.72985 0.037623 0.12721
0.70586 0.037703 0.15656
0.7323 0.037646 0.1462
0.73031 0.03767 0.15829
0.70703 0.037745 0.17427
0.70545 0.037794 0.19049
0.72262 0.0377 0.16703
0.73215 0.037718 0.18505
0.70767 0.037809 0.19764
0.70787 0.037864 0.2154
0.72289 0.037793 0.20604
0.71684 0.037933 0.24062
0.73555 0.037893 0.24834
0.72198 0.037997 0.26266
0.72364 0.038066 0.28234
0.71524 0.038164 0.29682
0.72496 0.038188 0.31926
0.74011 0.03805 0.30057
0.73202 0.03815 0.32142
0.72677 0.038194 0.32584
0.72867 0.038256 0.34883
0.73757 0.038143 0.32801
0.74422 0.038174 0.35086
0.73242 0.038274 0.36841
0.72544 0.038364 0.37862
0.73918 0.038224 0.36173
0.73887 0.038284 0.38556
0.73242 0.038377 0.40405
0.74854 0.038276 0.39609
0.74317 0.038335 0.41445
0.73734 0.038387 0.42889
0.73413 0.038519 0.45608
0.75022 0.038374 0.43709
0.74844 0.038425 0.4537
0.74029 0.038507 0.46569
0.7428 0.038593 0.48622
0.74552 0.038467 0.46353
0.75265 0.038559 0.48816
0.75173 0.038637 0.50592
0.75604 0.038658 0.52134
0.74372 0.038875 0.54991
0.75591 0.038696 0.54774
0.75766 0.038638 0.56987
0.74214 0.03868 0.6096
0.75663 0.038618 0.58329
0.75156 0.038635 0.59575
0.73139 0.038586 0.64303
0.74522 0.038608 0.61773
0.74642 0.038452 0.64216
0.72702 0.038487 0.66005
0.72954 0.038404 0.66611
0.73857 0.038426 0.6545
0.73836 0.038305 0.67221
0.72282 0.038241 0.69221
0.71776 0.038213 0.70074
0.73384 0.038252 0.68354
0.73572 0.038155 0.69663
0.72228 0.03809 0.71845
0.71002 0.038067 0.7316
0.72613 0.038031 0.72675
0.71247 0.037983 0.74688
0.71129 0.037928 0.7605
0.7327 0.037932 0.74347
0.72817 0.037874 0.76172
0.71471 0.037858 0.77906
0.70519 0.03783 0.79503
0.7262 0.037835 0.77757
0.71362 0.037753 0.81692
0.70419 0.037743 0.82858
0.72632 0.03776 0.80541
0.71603 0.037707 0.83768
0.70349 0.037679 0.86011
0.72235 0.037698 0.83777
0.71008 0.037637 0.88174
0.70406 0.037635 0.88643
0.72028 0.037642 0.87306
0.73209 0.037608 0.89611
0.70285 0.037615 0.90932
0.71399 0.037595 0.91852
0.7303 0.037603 0.90572
0.70933 0.03411 0.95977
0.73138 0.037485 0.94041
0.73787 0.037561 0.043528
0.74056 0.037563 0.05737
0.76034 0.037555 0.058711
0.75522 0.037563 0.077205
0.75304 0.037572 0.091093
0.76379 0.037576 0.10466
0.75385 0.037593 0.11792
0.74249 0.037633 0.14569
0.73874 0.037646 0.15133
0.75549 0.037607 0.13416
0.76368 0.037623 0.15743
0.74041 0.037674 0.17022
0.74651 0.037702 0.19297
0.7562 0.037656 0.17724
0.75508 0.037682 0.19157
0.75039 0.037715 0.20438
0.7456 0.03779 0.22752
0.76252 0.037732 0.22262
0.74563 0.03783 0.2403
0.767 0.037748 0.23299
0.75163 0.037888 0.2642
0.74245 0.037976 0.27914
0.76547 0.037852 0.26856
0.7512 0.038062 0.32002
0.76025 0.037953 0.29681
0.76454 0.037991 0.31832
0.74986 0.038097 0.33167
0.75164 0.038155 0.35701
0.76656 0.038023 0.33947
0.77095 0.038027 0.35145
0.76111 0.038128 0.37251
0.75844 0.038174 0.38065
0.77526 0.038046 0.37038
0.7682 0.038117 0.38406
0.75794 0.038227 0.39589
0.75917 0.038301 0.42432
0.77474 0.038143 0.40733
0.75764 0.038348 0.43721
0.7594 0.038404 0.45712
0.77469 0.038228 0.43965
0.77829 0.038238 0.45115
0.76748 0.038352 0.4652
0.76243 0.038481 0.48487
0.78135 0.038271 0.47255
0.78084 0.038298 0.48338
0.77969 0.038355 0.50681
0.77476 0.038424 0.53088
0.76412 0.038581 0.54605
0.76346 0.038562 0.56581
0.77729 0.038412 0.54221
0.78318 0.038364 0.55826
0.76824 0.038437 0.58689
0.77185 0.038361 0.60422
0.776 0.038314 0.6101
0.75166 0.038348 0.654
0.7508 0.038259 0.66948
0.76961 0.038212 0.6516
0.753 0.038177 0.68238
0.74913 0.038092 0.70065
0.76905 0.038045 0.68781
0.75146 0.038001 0.71849
0.74754 0.037923 0.73658
0.74656 0.03785 0.7532
0.74344 0.037846 0.75755
0.76117 0.037798 0.75931
0.7477 0.037788 0.77758
0.74609 0.037748 0.79574
0.75629 0.037781 0.77276
0.7498 0.037695 0.81535
0.74902 0.037667 0.83275
0.75746 0.037704 0.80653
0.76288 0.037662 0.82432
0.73944 0.037641 0.8599
0.7571 0.037636 0.84772
0.74419 0.037624 0.86919
0.74001 0.037602 0.89789
0.75664 0.037605 0.8782
0.75596 0.037595 0.89298
0.74678 0.037595 0.90217
0.7621 0.037584 0.90916
0.75468 0.037536 0.92885
0.73708 0.037491 0.9393
0.73875 0.034439 0.95768
0.76341 0.033994 0.96069
0.77184 0.037548 0.043963
0.78027 0.037545 0.052517
0.79478 0.037541 0.047496
0.79779 0.037544 0.063415
0.77564 0.037552 0.068777
0.79004 0.037554 0.090466
0.78078 0.037569 0.11368
0.77997 0.037581 0.12918
0.79145 0.037562 0.11037
0.79522 0.037568 0.12462
0.78109 0.037591 0.14385
0.77855 0.037606 0.15698
0.78788 0.037581 0.13693
0.78942 0.037601 0.16162
0.77894 0.037628 0.17676
0.79784 0.037601 0.16794
0.78727 0.037641 0.19484
0.77899 0.037668 0.20559
0.78227 0.037698 0.22645
0.79475 0.037653 0.21053
0.79109 0.037681 0.22563
0.77402 0.037737 0.2357
0.77443 0.037798 0.2603
0.79098 0.037697 0.23509
0.79172 0.037728 0.2525
0.79513 0.037765 0.2737
0.77567 0.037923 0.30898
0.78221 0.037927 0.3248
0.80189 0.037797 0.2989
0.79242 0.037875 0.31975
0.78379 0.037947 0.34134
0.78381 0.037977 0.3572
0.79243 0.037896 0.33466
0.79308 0.037925 0.35401
0.78725 0.037989 0.37279
0.79141 0.037999 0.38965
0.80234 0.03793 0.37227
0.8038 0.037959 0.39109
0.79073 0.038037 0.40464
0.78863 0.038092 0.41992
0.79719 0.038 0.40226
0.80244 0.038028 0.42636
0.7891 0.038147 0.44149
0.80163 0.038074 0.44481
0.79983 0.038091 0.44934
0.78711 0.038224 0.46941
0.79232 0.038205 0.48614
0.80275 0.038104 0.4685
0.80986 0.038095 0.49197
0.7955 0.038211 0.51228
0.80344 0.038145 0.50886
0.80928 0.038125 0.5309
0.7872 0.038325 0.5621
0.80478 0.038161 0.53656
0.80636 0.038146 0.56449
0.79137 0.038239 0.58218
0.78879 0.038243 0.59309
0.80374 0.038144 0.58033
0.79328 0.038166 0.60706
0.80018 0.038109 0.60879
0.78055 0.03816 0.6446
0.77888 0.038091 0.66382
0.80083 0.037994 0.6487
0.79501 0.037966 0.66894
0.77834 0.037994 0.68707
0.7798 0.037958 0.69475
0.79982 0.0379 0.68424
0.7992 0.037888 0.68925
0.7831 0.037881 0.71312
0.77272 0.03785 0.73403
0.78873 0.037797 0.73457
0.77884 0.037801 0.74311
0.78173 0.037745 0.76495
0.79858 0.037755 0.74275
0.79595 0.03767 0.79465
0.77146 0.037663 0.81598
0.77758 0.037637 0.83055
0.78791 0.03766 0.80632
0.79779 0.037619 0.83035
0.77642 0.037614 0.85294
0.78785 0.037615 0.84185
0.77807 0.037593 0.87694
0.77181 0.037586 0.89509
0.79532 0.037576 0.89179
0.77696 0.037528 0.93092
0.79149 0.03757 0.91281
0.78128 0.037479 0.94773
0.7723 0.033777 0.96303
0.79073 0.037488 0.9412
0.79584 0.034792 0.95603
0.80227 0.037539 0.046787
0.80292 0.03754 0.054151
0.82836 0.037534 0.046976
0.83082 0.037534 0.052234
0.80235 0.037546 0.077117
0.80395 0.03755 0.092455
0.82753 0.037538 0.073064
0.82044 0.037543 0.08974
0.80918 0.037552 0.10478
0.80794 0.037561 0.12262
0.81945 0.037549 0.10777
0.82657 0.037554 0.12501
0.82671 0.037562 0.14006
0.81951 0.037588 0.17371
0.81957 0.037597 0.18538
0.81069 0.037628 0.20579
0.80423 0.037655 0.221
0.83149 0.037611 0.21203
0.82808 0.037625 0.22186
0.80556 0.037675 0.23635
0.80927 0.037697 0.25646
0.83033 0.037659 0.25696
0.81781 0.037705 0.27941
0.81338 0.037735 0.28801
0.83284 0.037678 0.27675
0.82651 0.037711 0.292
0.81755 0.037747 0.30083
0.81284 0.037796 0.3169
0.82847 0.037725 0.3026
0.82275 0.037779 0.32637
0.81159 0.037842 0.34131
0.81642 0.037845 0.35116
0.82459 0.037804 0.3442
0.81275 0.037906 0.3756
0.81249 0.037935 0.39439
0.83369 0.037828 0.37674
0.81327 0.037949 0.40699
0.81452 0.037977 0.42601
0.82961 0.037899 0.42154
0.81558 0.038002 0.4405
0.82396 0.037975 0.45298
0.83616 0.037896 0.43813
0.81785 0.038037 0.47115
0.81443 0.038071 0.49225
0.81424 0.038081 0.51202
0.8225 0.038029 0.52132
0.83261 0.037972 0.52151
0.81952 0.038061 0.55698
0.82808 0.037996 0.55293
0.81861 0.038011 0.60036
0.83717 0.03793 0.57979
0.83217 0.037934 0.59727
0.82016 0.037955 0.61624
0.82023 0.037916 0.63143
0.83366 0.037901 0.6104
0.82717 0.037891 0.62785
0.81222 0.03792 0.64978
0.81248 0.037905 0.65641
0.82685 0.03787 0.63887
0.81688 0.037855 0.67158
0.80912 0.037825 0.7007
0.82688 0.037788 0.68883
0.81119 0.037792 0.7119
0.82519 0.037754 0.7104
0.80721 0.037748 0.73787
0.80759 0.0377 0.76288
0.8328 0.037687 0.74137
0.83312 0.037667 0.75614
0.8044 0.037685 0.77582
0.80774 0.037649 0.79674
0.83156 0.037639 0.77895
0.82524 0.037631 0.79335
0.8103 0.037634 0.80605
0.8245 0.037602 0.82646
0.80421 0.037599 0.84652
0.81061 0.037586 0.85918
0.82938 0.037587 0.84232
0.8289 0.037576 0.86141
0.81445 0.037577 0.87151
0.80395 0.037573 0.89042
0.82598 0.037568 0.88027
0.8056 0.037568 0.90561
0.8046 0.037547 0.92088
0.8184 0.037563 0.90677
0.80457 0.037481 0.93758
0.81221 0.033946 0.96107
0.8269 0.037432 0.94773
0.82051 0.03375 0.96334
0.84163 0.037531 0.044709
0.83852 0.037533 0.054833
0.86084 0.037529 0.044878
0.84459 0.037534 0.079016
0.84812 0.037536 0.091164
0.85154 0.037532 0.074214
0.85337 0.037534 0.08944
0.85505 0.037539 0.10792
0.8545 0.037546 0.13129
0.83931 0.037558 0.14592
0.84619 0.03756 0.15821
0.85864 0.037547 0.14155
0.85256 0.037553 0.15159
0.83731 0.037579 0.18006
0.83988 0.037585 0.19082
0.85677 0.037566 0.18031
0.86477 0.037571 0.19526
0.84894 0.037588 0.20756
0.83733 0.037619 0.22781
0.86024 0.037582 0.20963
0.8526 0.037601 0.22951
0.84768 0.037617 0.24339
0.85721 0.037608 0.24401
0.85941 0.037616 0.25452
0.85652 0.037639 0.27276
0.85887 0.037656 0.2931
0.8444 0.037704 0.31215
0.83839 0.037731 0.3212
0.86138 0.037663 0.30515
0.85662 0.037684 0.31758
0.84364 0.037759 0.35141
0.85869 0.037706 0.33967
0.86666 0.037709 0.35866
0.84724 0.037776 0.37757
0.8557 0.037746 0.37628
0.86416 0.037741 0.38902
0.85151 0.037798 0.40805
0.85302 0.037807 0.4211
0.85668 0.037774 0.40296
0.86577 0.037775 0.42859
0.8465 0.037854 0.43979
0.8419 0.03789 0.45495
0.85951 0.037806 0.44424
0.86433 0.037801 0.45902
0.84507 0.037895 0.47587
0.84932 0.037884 0.49056
0.84839 0.037898 0.51242
0.85407 0.037862 0.53112
0.8689 0.037807 0.52187
0.85057 0.037876 0.5416
0.85134 0.037862 0.55707
0.86709 0.037807 0.54198
0.8645 0.03781 0.55488
0.85248 0.037842 0.57673
0.8451 0.037867 0.59651
0.86563 0.037795 0.57526
0.85804 0.03781 0.59211
0.85214 0.037811 0.62227
0.86212 0.03779 0.60346
0.85614 0.037782 0.63272
0.85009 0.037758 0.66119
0.86545 0.037745 0.64061
0.85897 0.03773 0.66459
0.84839 0.037727 0.68095
0.83976 0.037743 0.69036
0.86073 0.037714 0.67321
0.86288 0.037681 0.69787
0.84073 0.037715 0.70833
0.84684 0.037677 0.72605
0.85488 0.037685 0.70463
0.8553 0.037659 0.72873
0.84412 0.037668 0.73876
0.84112 0.037644 0.76476
0.85657 0.037627 0.7604
0.83735 0.037617 0.79514
0.86013 0.037615 0.7711
0.86415 0.037598 0.79012
0.84052 0.037598 0.81485
0.86271 0.03759 0.8045
0.85954 0.037581 0.82194
0.84237 0.037579 0.84246
0.85917 0.037574 0.83819
0.86018 0.037566 0.85579
0.84476 0.037566 0.87469
0.84027 0.037561 0.89572
0.8588 0.037564 0.86885
0.84367 0.03755 0.91787
0.86253 0.037555 0.90442
0.854 0.037539 0.92095
0.84812 0.037495 0.93506
0.84113 0.034033 0.96031
0.8614 0.037501 0.93462
0.85957 0.033742 0.96348
0.86856 0.037528 0.039115
0.87031 0.037529 0.061052
0.88521 0.037527 0.039929
0.8867 0.037527 0.051937
0.87997 0.037529 0.076471
0.88055 0.037531 0.09211
0.8952 0.037529 0.078572
0.88933 0.037529 0.085985
0.87992 0.037534 0.1088
0.88075 0.037538 0.12753
0.8892 0.037535 0.11863
0.87386 0.037542 0.13778
0.88126 0.037546 0.15791
0.89279 0.03754 0.14752
0.888 0.037546 0.16166
0.87569 0.037563 0.19037
0.89217 0.037548 0.16924
0.89642 0.037554 0.1891
0.87103 0.037572 0.20322
0.87655 0.037577 0.21893
0.88997 0.037565 0.21037
0.88591 0.037573 0.22151
0.86924 0.037594 0.23652
0.87278 0.03762 0.27378
0.87503 0.037629 0.28892
0.89746 0.037593 0.26849
0.89048 0.037612 0.29131
0.87138 0.037653 0.31364
0.8811 0.037644 0.32189
0.88764 0.037621 0.30235
0.8868 0.037633 0.31886
0.87866 0.037671 0.34405
0.89402 0.037643 0.33879
0.89902 0.037648 0.35249
0.87951 0.0377 0.37935
0.87253 0.037721 0.38706
0.89332 0.03767 0.37156
0.89651 0.037681 0.39239
0.8753 0.037733 0.40719
0.87777 0.037736 0.41988
0.89794 0.037692 0.41326
0.89377 0.037702 0.41905
0.88449 0.037731 0.44167
0.88864 0.037727 0.45183
0.88379 0.037745 0.48095
0.88195 0.037754 0.49593
0.88836 0.037735 0.49416
0.8733 0.037789 0.50586
0.88041 0.037762 0.53063
0.89124 0.037733 0.51381
0.89281 0.03773 0.52663
0.87689 0.037773 0.54071
0.89234 0.037731 0.53873
0.89629 0.037722 0.5529
0.88097 0.037747 0.57505
0.87844 0.037742 0.5977
0.89275 0.037719 0.57536
0.88942 0.037713 0.5984
0.87743 0.03774 0.60596
0.88218 0.037705 0.63129
0.88894 0.037707 0.60938
0.88818 0.037696 0.62645
0.88011 0.037695 0.64894
0.88918 0.037679 0.64659
0.89217 0.037669 0.65862
0.87241 0.037692 0.6748
0.89828 0.037637 0.69673
0.87155 0.037655 0.7123
0.88021 0.037629 0.72917
0.89492 0.037635 0.70307
0.89017 0.037624 0.72187
0.87298 0.037624 0.74429
0.87148 0.037611 0.76372
0.88689 0.037612 0.74211
0.89735 0.037592 0.76269
0.87383 0.037598 0.779
0.87791 0.037585 0.7957
0.88966 0.037583 0.78649
0.87078 0.03758 0.81406
0.87689 0.037573 0.82314
0.88863 0.037576 0.80318
0.87611 0.037567 0.83888
0.88077 0.037559 0.86217
0.89395 0.037562 0.83792
0.8857 0.037559 0.85725
0.87386 0.037556 0.88991
0.89139 0.037557 0.86838
0.89438 0.037553 0.88854
0.8792 0.037553 0.90237
0.88043 0.037524 0.92818
0.89243 0.037551 0.90893
0.896 0.037512 0.9298
0.87144 0.037491 0.94026
0.89745 0.033959 0.96098
0.90443 0.037526 0.037532
0.91141 0.037526 0.054253
0.9218 0.03751 0.038851
0.91446 0.037528 0.075572
0.9031 0.03753 0.090624
0.92813 0.03749 0.094888
0.91082 0.037531 0.10918
0.90904 0.037534 0.12971
0.92049 0.037517 0.10402
0.92303 0.037512 0.11858
0.90505 0.037536 0.13507
0.90758 0.037541 0.15899
0.92163 0.037521 0.13957
0.91327 0.037548 0.18839
0.92742 0.037521 0.17188
0.93022 0.037514 0.19666
0.91425 0.037553 0.20567
0.91188 0.03756 0.22271
0.92663 0.037517 0.2097
0.91858 0.037552 0.22674
0.90813 0.037573 0.24676
0.92743 0.037538 0.24338
0.92149 0.037561 0.25655
0.9083 0.037586 0.27036
0.9311 0.037549 0.28016
0.93024 0.037557 0.29444
0.91177 0.037616 0.32586
0.92325 0.037581 0.30285
0.9222 0.037595 0.32274
0.90427 0.037631 0.33656
0.90734 0.037644 0.36183
0.92901 0.037587 0.33763
0.91945 0.037622 0.35617
0.90635 0.037653 0.37228
0.91124 0.037658 0.39143
0.92502 0.037623 0.39605
0.92497 0.037628 0.40388
0.9306 0.037618 0.43116
0.90633 0.037699 0.45583
0.92715 0.037635 0.43607
0.90838 0.037698 0.48145
0.90566 0.037705 0.49725
0.9274 0.037638 0.47339
0.92483 0.037651 0.48735
0.91207 0.037695 0.5049
0.91289 0.037695 0.52463
0.92844 0.037645 0.51392
0.92589 0.037654 0.52098
0.92426 0.037655 0.53943
0.92597 0.037645 0.55602
0.91447 0.037672 0.59684
0.92513 0.037658 0.57661
0.92863 0.037645 0.59619
0.91018 0.037675 0.60599
0.90503 0.037675 0.62307
0.92192 0.037653 0.60695
0.92344 0.037642 0.61923
0.90326 0.037665 0.64407
0.93156 0.037582 0.64748
0.92232 0.037612 0.66309
0.91266 0.037622 0.6875
0.92412 0.03759 0.68072
0.92742 0.037569 0.69532
0.91186 0.037614 0.70418
0.92195 0.037586 0.70817
0.90878 0.037597 0.73985
0.91218 0.037584 0.75896
0.91906 0.037583 0.73594
0.91842 0.037573 0.76406
0.91343 0.037578 0.77113
0.91244 0.037571 0.78758
0.9251 0.037549 0.77529
0.92584 0.03754 0.79483
0.90393 0.037565 0.81485
0.91133 0.037561 0.82129
0.9202 0.037553 0.80229
0.91788 0.037553 0.82516
0.90515 0.037558 0.84448
0.90555 0.037556 0.86123
0.92274 0.03753 0.83512
0.91838 0.037545 0.86076
0.91105 0.037553 0.87221
0.91842 0.037545 0.87086
0.93001 0.037508 0.88863
0.90672 0.037549 0.90905
0.90794 0.03751 0.92828
0.91994 0.037535 0.90807
0.92804 0.037475 0.92431
0.90645 0.037472 0.94049
0.91259 0.0342 0.95904
0.91842 0.037459 0.93897
0.9237 0.034027 0.96032
0.93733 0.037466 0.042209
0.93758 0.037463 0.054806
0.95383 0.035433 0.037287
0.95731 0.034497 0.06145
0.93447 0.037467 0.07487
0.95981 0.034092 0.087863
0.94645 0.037436 0.10639
0.95899 0.034212 0.12808
0.94636 0.037462 0.1457
0.94286 0.037478 0.15608
0.95825 0.034334 0.14129
0.95158 0.036459 0.15839
0.93585 0.037506 0.17193
0.94572 0.037476 0.19554
0.95478 0.03515 0.19703
0.93941 0.037478 0.20548
0.93951 0.037483 0.22826
0.96313 0.033767 0.21427
0.96087 0.033972 0.22129
0.94034 0.037512 0.247
0.94647 0.037504 0.25248
0.96079 0.033987 0.23693
0.95225 0.036183 0.26363
0.94315 0.037516 0.27094
0.93967 0.03753 0.28791
0.95945 0.034165 0.27538
0.94121 0.03753 0.30189
0.9408 0.037549 0.32997
0.95457 0.035267 0.3016
0.96435 0.033692 0.32446
0.94532 0.037549 0.34202
0.94289 0.03756 0.35675
0.95847 0.034334 0.35971
0.93992 0.037565 0.36802
0.94713 0.037539 0.39745
0.96415 0.033705 0.37954
0.95184 0.036519 0.39626
0.94546 0.037547 0.40701
0.96342 0.033758 0.41005
0.9562 0.034832 0.42877
0.94118 0.037583 0.4451
0.94526 0.037569 0.45199
0.95327 0.035836 0.43574
0.95959 0.034167 0.45299
0.93908 0.037586 0.4731
0.96349 0.033753 0.47983
0.95493 0.035226 0.49567
0.94588 0.037574 0.50949
0.94191 0.037588 0.52291
0.95268 0.03615 0.51252
0.95956 0.034174 0.52749
0.93642 0.037593 0.55526
0.96426 0.0337 0.53983
0.95818 0.0344 0.55793
0.9428 0.037619 0.59408
0.93964 0.037604 0.6129
0.93984 0.03759 0.62172
0.95937 0.034194 0.62666
0.94338 0.037546 0.63851
0.96107 0.033969 0.63615
0.96344 0.03375 0.65823
0.94786 0.037492 0.67589
0.95971 0.034128 0.67399
0.9589 0.034245 0.69481
0.93997 0.037512 0.71292
0.93897 0.037509 0.72383
0.95377 0.035521 0.71466
0.95447 0.035273 0.71978
0.9428 0.037475 0.75468
0.95514 0.035041 0.74606
0.9594 0.03416 0.7549
0.94046 0.037507 0.77833
0.94051 0.037496 0.7981
0.95733 0.034515 0.78639
0.93894 0.037495 0.80317
0.95373 0.035487 0.81136
0.95877 0.034241 0.8297
0.93736 0.037455 0.84524
0.96486 0.033654 0.85631
0.94212 0.037473 0.8854
0.95923 0.03417 0.8696
0.93719 0.037451 0.92151
0.95604 0.034769 0.90723
0.96452 0.033674 0.92004
0.93812 0.037401 0.93616
0.94178 0.03431 0.95823
0.95907 0.034179 0.94223
0.95397 0.03363 0.96271
