2635
1 1 1
0.034971 0.037653 0.044863
0.040978 0.037654 0.054202
0.062229 0.037656 0.035668
0.058282 0.037656 0.051428
0.046048 0.037658 0.068902
0.043513 0.037666 0.093215
0.059608 0.037662 0.080643
0.056069 0.037667 0.096884
0.03852 0.037672 0.11043
0.041182 0.037677 0.12036
0.063076 0.037671 0.10713
0.062432 0.037694 0.14272
0.04028 0.037713 0.18846
0.057925 0.037708 0.17838
0.0606 0.037719 0.19395
0.036105 0.03772 0.19879
0.040215 0.037739 0.22455
0.052888 0.037725 0.2038
0.055873 0.037736 0.2171
0.047443 0.037746 0.23353
0.042064 0.037764 0.25461
0.052419 0.037752 0.23984
0.060898 0.037766 0.25435
0.046854 0.037774 0.2664
0.045996 0.03779 0.28338
0.055012 0.037785 0.27533
0.062224 0.037796 0.28399
0.060871 0.037815 0.30492
0.056525 0.037827 0.32005
0.044611 0.037839 0.34136
0.06087 0.037844 0.34992
0.045593 0.037851 0.3714
0.044667 0.037857 0.38476
0.059495 0.037853 0.36921
0.055056 0.037865 0.391
0.044033 0.037871 0.40164
0.037363 0.037885 0.42108
0.059186 0.037877 0.40441
0.053103 0.037885 0.4159
0.04189 0.037896 0.44427
0.057769 0.037899 0.44202
0.056946 0.037904 0.45829
0.041309 0.037904 0.47188
0.043068 0.037904 0.48681
0.051078 0.037906 0.4716
0.056441 0.037906 0.49045
0.038119 0.037893 0.50687
0.037835 0.037886 0.52819
0.053428 0.037896 0.50887
0.057526 0.037893 0.52724
0.044675 0.037885 0.5398
0.042488 0.037882 0.56573
0.059387 0.037891 0.53832
0.058123 0.037887 0.55925
0.036871 0.037881 0.57701
0.035792 0.037875 0.59959
0.050552 0.037883 0.57559
0.052404 0.037879 0.59588
0.043074 0.037873 0.60443
0.036106 0.037859 0.63178
0.050475 0.037873 0.61052
0.056208 0.03787 0.6234
0.050583 0.037847 0.65127
0.052489 0.037842 0.66327
0.046826 0.037833 0.6751
0.051637 0.037836 0.67331
0.057027 0.037828 0.69099
0.035914 0.037787 0.732
0.058897 0.037804 0.71539
0.051028 0.037793 0.72476
0.043159 0.037774 0.74818
0.036947 0.037761 0.7636
0.058169 0.037779 0.74501
0.051454 0.037763 0.76174
0.040603 0.037753 0.77405
0.037137 0.037732 0.80013
0.057498 0.037749 0.78248
0.055658 0.037741 0.79213
0.039625 0.037713 0.82653
0.052405 0.037722 0.81472
0.057926 0.037711 0.83194
0.037967 0.037703 0.84337
0.034999 0.037691 0.86201
0.053338 0.037707 0.8378
0.055696 0.037693 0.86
0.035549 0.037685 0.87167
0.044974 0.037677 0.89282
0.057678 0.037682 0.879
0.0562 0.037678 0.88908
0.041826 0.037676 0.91218
0.03705 0.033998 0.95623
0.058354 0.037571 0.94483
0.060814 0.034562 0.95423
0.078931 0.037662 0.045262
0.074832 0.037662 0.059642
0.077772 0.037667 0.088209
0.093842 0.037669 0.07384
0.09117 0.037671 0.088136
0.070901 0.037672 0.10624
0.071859 0.037684 0.12902
0.084684 0.037674 0.10866
0.088775 0.037681 0.12207
0.06934 0.037692 0.13988
0.08878 0.03769 0.13618
0.091935 0.037703 0.1575
0.071267 0.037709 0.1755
0.067307 0.037718 0.19037
0.093247 0.037712 0.17516
0.093608 0.037723 0.19032
0.076259 0.037732 0.20521
0.074838 0.037745 0.22206
0.087463 0.03774 0.2102
0.095398 0.037754 0.22571
0.068652 0.037758 0.24313
0.071115 0.037764 0.2495
0.084041 0.037762 0.2436
0.088226 0.037771 0.25171
0.07454 0.037788 0.27224
0.073451 0.037804 0.28956
0.093326 0.037793 0.2721
0.066679 0.037817 0.3062
0.06689 0.03783 0.32527
0.090229 0.037817 0.30451
0.088017 0.037831 0.32568
0.069498 0.037841 0.34434
0.08704 0.03784 0.34007
0.085757 0.03785 0.35501
0.073805 0.03786 0.37811
0.088639 0.037862 0.37133
0.092104 0.037871 0.38308
0.067507 0.037883 0.40964
0.071249 0.037892 0.42293
0.090087 0.037894 0.41175
0.08353 0.037897 0.4184
0.067141 0.037903 0.44508
0.08095 0.037905 0.43694
0.082064 0.037915 0.45603
0.071649 0.03791 0.47403
0.075521 0.037912 0.4846
0.086729 0.03792 0.47987
0.085972 0.037919 0.4908
0.067091 0.037905 0.50249
0.082289 0.037914 0.51965
0.074658 0.037899 0.5365
0.069934 0.037889 0.5648
0.079761 0.037895 0.56252
0.07169 0.037888 0.57097
0.067572 0.037882 0.5996
0.082666 0.037897 0.57133
0.085294 0.037893 0.59512
0.072178 0.037877 0.62943
0.086807 0.03789 0.6128
0.091585 0.037885 0.62229
0.071021 0.03787 0.64249
0.089775 0.037863 0.6658
0.066681 0.037842 0.68211
0.083546 0.03786 0.6747
0.086754 0.037841 0.69425
0.07469 0.037813 0.71193
0.066533 0.037791 0.7327
0.088978 0.03781 0.72453
0.069933 0.037781 0.74527
0.074815 0.037773 0.75752
0.086349 0.037792 0.74151
0.083607 0.037774 0.76232
0.070382 0.037761 0.77333
0.0721 0.03774 0.799
0.092621 0.037759 0.78495
0.071566 0.037724 0.81582
0.079286 0.03772 0.82327
0.091652 0.037739 0.80687
0.089026 0.037719 0.83222
0.073947 0.037709 0.84209
0.073912 0.037696 0.86144
0.089022 0.037697 0.86532
0.076096 0.037681 0.88246
0.087667 0.03769 0.87358
0.084544 0.03768 0.89016
0.070917 0.037678 0.90961
0.076463 0.037653 0.93082
0.088271 0.037681 0.90261
0.070963 0.037625 0.9386
0.085457 0.037641 0.94731
0.11009 0.037667 0.039041
0.10552 0.037669 0.057442
0.126 0.037675 0.037886
0.12149 0.037673 0.052251
0.10232 0.037671 0.06846
0.10664 0.037679 0.094439
0.12357 0.037686 0.096587
0.10501 0.037681 0.11041
0.11298 0.037692 0.12872
0.12442 0.037691 0.11828
0.10676 0.037697 0.14117
0.10176 0.037704 0.15583
0.12551 0.037714 0.15567
0.10661 0.037713 0.17268
0.10522 0.037723 0.18739
0.12625 0.03772 0.16666
0.11735 0.037733 0.19342
0.11119 0.03775 0.21649
0.11617 0.037738 0.20066
0.11499 0.037761 0.22682
0.10397 0.037766 0.23807
0.098843 0.037779 0.25583
0.11855 0.037772 0.23713
0.10417 0.037795 0.2733
0.10362 0.037803 0.28599
0.11745 0.0378 0.27678
0.12512 0.037803 0.28318
0.1038 0.037812 0.30352
0.10414 0.037827 0.32595
0.12419 0.037818 0.30864
0.11302 0.037819 0.31757
0.10102 0.037834 0.33378
0.10188 0.037854 0.35841
0.11196 0.037853 0.35325
0.096372 0.037859 0.36549
0.11238 0.037869 0.36973
0.11782 0.037896 0.39352
0.099341 0.037885 0.39839
0.098839 0.037904 0.42542
0.10913 0.037907 0.42561
0.095131 0.03791 0.43785
0.095935 0.037916 0.44981
0.10952 0.037919 0.44439
0.11114 0.037925 0.45689
0.095273 0.037919 0.47063
0.10304 0.037919 0.48721
0.11215 0.037929 0.47198
0.11753 0.037935 0.48921
0.099512 0.037916 0.50337
0.095257 0.037914 0.52534
0.11451 0.037925 0.52572
0.1009 0.037915 0.5381
0.096859 0.037911 0.55973
0.11647 0.037927 0.54354
0.095226 0.037902 0.58255
0.097308 0.037898 0.59565
0.11361 0.037922 0.57644
0.11518 0.037903 0.60172
0.10482 0.037883 0.61728
0.10501 0.037876 0.62717
0.12086 0.037874 0.63264
0.10239 0.037866 0.64611
0.10217 0.037859 0.65907
0.11486 0.037869 0.64092
0.11232 0.037851 0.66789
0.1014 0.037845 0.68429
0.1178 0.037844 0.68426
0.1049 0.037819 0.72936
0.12277 0.037836 0.70811
0.12453 0.037816 0.73544
0.099623 0.037803 0.74016
0.1037 0.037788 0.75655
0.11785 0.037785 0.76496
0.10538 0.037769 0.77568
0.12573 0.03777 0.77992
0.11591 0.037757 0.7918
0.10767 0.037729 0.8301
0.11608 0.03775 0.80561
0.11963 0.037731 0.83418
0.10907 0.037722 0.83994
0.12468 0.037724 0.84339
0.12466 0.037715 0.85688
0.10776 0.037697 0.87634
0.11152 0.037691 0.89281
0.12766 0.037703 0.88321
0.12136 0.037695 0.89769
0.10268 0.037684 0.90988
0.12076 0.037689 0.91224
0.11929 0.037665 0.92543
0.10438 0.037639 0.93845
0.129 0.037604 0.94648
0.1275 0.033388 0.96458
0.14111 0.037683 0.039779
0.15641 0.037691 0.03526
0.158 0.037693 0.053276
0.13372 0.037685 0.076206
0.13887 0.03769 0.095322
0.15169 0.037692 0.071866
0.15587 0.037697 0.090328
0.1384 0.037692 0.10634
0.1399 0.037696 0.11764
0.15036 0.037698 0.11086
0.15455 0.037703 0.11635
0.13312 0.037707 0.13762
0.13379 0.037721 0.1592
0.15799 0.037729 0.15248
0.13209 0.037731 0.17796
0.15554 0.037741 0.17208
0.15409 0.037748 0.18366
0.13402 0.037751 0.20499
0.13934 0.037768 0.22466
0.1563 0.03776 0.20583
0.1324 0.037774 0.23734
0.14163 0.037785 0.25246
0.14787 0.037774 0.23012
0.15448 0.037791 0.2582
0.13406 0.037792 0.26683
0.13288 0.037806 0.2887
0.1516 0.037795 0.26617
0.14784 0.037807 0.28506
0.13987 0.037817 0.30236
0.12802 0.037822 0.31356
0.15277 0.037818 0.29617
0.14451 0.037836 0.31949
0.12976 0.037848 0.34191
0.13822 0.037854 0.3484
0.14878 0.037847 0.32988
0.13475 0.037875 0.37291
0.12931 0.037884 0.38195
0.15094 0.037881 0.37522
0.12525 0.037917 0.42072
0.13825 0.037919 0.42402
0.13177 0.037922 0.43988
0.12541 0.037929 0.45388
0.14284 0.037928 0.44238
0.1411 0.037932 0.45232
0.12612 0.037935 0.46961
0.12449 0.037936 0.48649
0.14262 0.037947 0.47194
0.13257 0.037917 0.51019
0.13192 0.037909 0.52464
0.1479 0.037932 0.50175
0.12632 0.037912 0.54614
0.13265 0.037896 0.56822
0.13934 0.037898 0.55076
0.14812 0.037907 0.55551
0.13357 0.037889 0.58461
0.12909 0.03789 0.59729
0.14757 0.037886 0.58483
0.1467 0.037883 0.5971
0.12872 0.037881 0.61431
0.13152 0.03787 0.63179
0.14892 0.037876 0.61946
0.14469 0.037873 0.62953
0.13504 0.037853 0.66302
0.15305 0.037864 0.64876
0.14415 0.037855 0.66457
0.13281 0.037846 0.67601
0.13876 0.037833 0.69651
0.14263 0.037844 0.68002
0.14537 0.03783 0.70417
0.12808 0.037833 0.70736
0.13937 0.037809 0.73524
0.14971 0.037829 0.71068
0.14593 0.037808 0.73522
0.13964 0.037798 0.75059
0.13391 0.037783 0.76771
0.15146 0.037805 0.74182
0.15529 0.037793 0.75818
0.13718 0.037761 0.79445
0.14998 0.037778 0.77821
0.15175 0.037765 0.8003
0.14266 0.037756 0.80829
0.1404 0.037741 0.82923
0.16064 0.037761 0.81606
0.15339 0.037746 0.82977
0.13881 0.037724 0.84816
0.14542 0.037719 0.86319
0.15806 0.037733 0.84727
0.15836 0.037726 0.86264
0.13576 0.03771 0.87722
0.15538 0.037719 0.88157
0.15397 0.037712 0.89817
0.13411 0.037697 0.90928
0.13914 0.037659 0.92853
0.15612 0.03771 0.91148
0.15383 0.037675 0.92556
0.13551 0.035393 0.95262
0.15758 0.037617 0.94091
0.15737 0.033473 0.96147
0.16996 0.037697 0.044784
0.17674 0.037702 0.061035
0.18598 0.037706 0.045451
0.18499 0.037706 0.054968
0.16958 0.037701 0.076125
0.17321 0.037708 0.091703
0.1884 0.037712 0.077548
0.18799 0.037717 0.092663
0.16853 0.037709 0.10561
0.17235 0.037721 0.12827
0.18263 0.03772 0.1069
0.18937 0.037729 0.11737
0.17073 0.037724 0.14013
0.17713 0.037733 0.1532
0.18528 0.037734 0.14444
0.18947 0.037742 0.14951
0.17594 0.037754 0.19233
0.18781 0.037749 0.17097
0.18297 0.037756 0.18755
0.17136 0.037772 0.22532
0.18399 0.037762 0.20013
0.18274 0.037772 0.21834
0.16885 0.03778 0.23769
0.17052 0.037791 0.25561
0.1823 0.037792 0.24713
0.18296 0.037798 0.26827
0.17817 0.03781 0.28654
0.16107 0.037816 0.2952
0.16663 0.037831 0.31208
0.17972 0.037827 0.30601
0.18153 0.037837 0.32261
0.1588 0.037846 0.33963
0.1612 0.037848 0.34644
0.17522 0.037839 0.33451
0.17782 0.037846 0.34393
0.1663 0.037857 0.36901
0.17576 0.037857 0.37162
0.17217 0.037856 0.38881
0.16058 0.037878 0.42415
0.17938 0.037852 0.40063
0.17904 0.037857 0.41974
0.16017 0.037888 0.43724
0.16078 0.037897 0.45238
0.17486 0.037874 0.43361
0.16846 0.037895 0.45882
0.15695 0.037926 0.48695
0.16946 0.037918 0.47774
0.17203 0.037924 0.48612
0.15584 0.037916 0.50283
0.15577 0.037905 0.53105
0.17362 0.037914 0.50892
0.17144 0.03791 0.53097
0.15617 0.037905 0.54632
0.16781 0.037896 0.56415
0.16367 0.037875 0.58132
0.15521 0.037876 0.59414
0.17534 0.037881 0.58762
0.17041 0.037861 0.59981
0.16406 0.037858 0.61104
0.15879 0.037861 0.63242
0.17135 0.037856 0.60936
0.17181 0.037851 0.62843
0.15951 0.037861 0.65094
0.16162 0.037857 0.66092
0.18312 0.037874 0.65581
0.18389 0.037868 0.66744
0.16215 0.03785 0.67884
0.16158 0.037841 0.69464
0.17413 0.037853 0.67707
0.17757 0.037848 0.69704
0.1683 0.037827 0.72174
0.16551 0.037815 0.73322
0.17773 0.037841 0.70991
0.17929 0.037816 0.73838
0.17237 0.037798 0.75245
0.16593 0.037793 0.75986
0.18087 0.037803 0.75203
0.16615 0.03778 0.79431
0.18554 0.037801 0.77505
0.18567 0.037789 0.80107
0.17158 0.037772 0.80892
0.18462 0.037775 0.81683
0.18656 0.037763 0.83138
0.17669 0.037747 0.84139
0.16811 0.037732 0.85749
0.18569 0.037748 0.84835
0.18395 0.037742 0.85525
0.16657 0.037726 0.87641
0.16667 0.037722 0.89258
0.19187 0.03774 0.87169
0.19138 0.037734 0.89088
0.16895 0.037669 0.92936
0.18389 0.037673 0.93044
0.17864 0.034835 0.95369
0.18557 0.037636 0.93877
0.19077 0.034038 0.95619
0.20041 0.037717 0.044183
0.20854 0.037724 0.058199
0.22188 0.037734 0.03495
0.21996 0.037733 0.055949
0.2072 0.037724 0.068207
0.20385 0.037726 0.087774
0.22432 0.037738 0.070185
0.22076 0.03774 0.092268
0.2093 0.037734 0.099638
0.20305 0.037743 0.12542
0.22577 0.037748 0.099961
0.21739 0.037752 0.1198
0.20174 0.037751 0.14044
0.19672 0.037755 0.17158
0.20639 0.037769 0.18718
0.22274 0.037765 0.16981
0.2248 0.037765 0.18051
0.20144 0.037775 0.19785
0.2185 0.037782 0.19708
0.20569 0.037789 0.23491
0.21914 0.0378 0.22918
0.21562 0.037799 0.25267
0.19781 0.037787 0.26994
0.19284 0.037792 0.27833
0.21557 0.037795 0.26326
0.20843 0.037781 0.28181
0.19963 0.037792 0.3028
0.1968 0.037811 0.32269
0.20584 0.037786 0.31102
0.19038 0.037827 0.32868
0.19412 0.03783 0.35133
0.20598 0.037806 0.32761
0.21431 0.037819 0.3442
0.19709 0.037817 0.36102
0.19366 0.037817 0.37899
0.20856 0.037812 0.35902
0.20119 0.0378 0.38545
0.191 0.037829 0.40399
0.19927 0.037811 0.4005
0.19032 0.03785 0.4279
0.1817 0.037898 0.45544
0.20306 0.03785 0.42915
0.20243 0.037881 0.44819
0.18646 0.037911 0.46774
0.18872 0.037924 0.48907
0.19277 0.037919 0.47587
0.19656 0.037938 0.48956
0.18515 0.037919 0.51111
0.18706 0.03791 0.52491
0.18796 0.037901 0.5423
0.18905 0.037894 0.55692
0.199 0.037895 0.55806
0.18755 0.037877 0.58767
0.18444 0.037878 0.59994
0.20301 0.037878 0.58598
0.20305 0.03788 0.59302
0.18543 0.037872 0.61257
0.18767 0.037873 0.63778
0.20998 0.037883 0.6389
0.18823 0.037873 0.6543
0.19721 0.037867 0.66121
0.20969 0.037881 0.64752
0.1981 0.037858 0.67948
0.19337 0.037844 0.70128
0.20859 0.037862 0.68125
0.208 0.037842 0.70305
0.19291 0.037833 0.71486
0.19331 0.037818 0.73361
0.20919 0.037826 0.71724
0.21177 0.037816 0.72832
0.19792 0.037806 0.76504
0.21354 0.037817 0.75419
0.19775 0.037805 0.78616
0.20483 0.037802 0.7979
0.21495 0.037814 0.77797
0.2006 0.037772 0.8354
0.22268 0.037808 0.82058
0.21988 0.037791 0.83467
0.20139 0.037759 0.84933
0.20503 0.037751 0.8625
0.21854 0.037783 0.84095
0.22029 0.037762 0.86193
0.2043 0.037741 0.87758
0.20696 0.037738 0.89463
0.21699 0.037744 0.87931
0.22208 0.037745 0.8976
0.21137 0.037697 0.92801
0.22213 0.037749 0.91486
0.19969 0.037603 0.94714
0.21115 0.033431 0.96268
0.21905 0.037635 0.943
0.21957 0.033849 0.95727
0.23232 0.037743 0.034955
0.23586 0.037747 0.060722
0.24948 0.037757 0.042199
0.25753 0.037764 0.055424
0.23753 0.037748 0.066716
0.23378 0.037747 0.083141
0.25335 0.037761 0.074417
0.25657 0.037765 0.083543
0.24282 0.037772 0.11629
0.2528 0.03777 0.098963
0.24799 0.037777 0.1227
0.23203 0.037773 0.14104
0.25108 0.03778 0.13527
0.25651 0.037782 0.15112
0.2316 0.037764 0.17167
0.24111 0.037768 0.18604
0.24874 0.037769 0.1712
0.25427 0.037777 0.18026
0.23389 0.037782 0.20516
0.22691 0.037799 0.22302
0.25035 0.037783 0.19968
0.22583 0.037805 0.23778
0.2323 0.037815 0.24307
0.23318 0.037812 0.26582
0.23127 0.037803 0.28565
0.25103 0.037815 0.27416
0.24866 0.037796 0.29767
0.2446 0.037791 0.31248
0.2218 0.037798 0.34672
0.24019 0.037775 0.33367
0.24503 0.037768 0.35047
0.2246 0.037779 0.35828
0.23608 0.037757 0.36348
0.23126 0.037744 0.37804
0.21529 0.0378 0.39844
0.22394 0.037778 0.41178
0.23375 0.037753 0.39081
0.2183 0.03781 0.42646
0.21498 0.03785 0.44701
0.23407 0.037781 0.42941
0.22848 0.037819 0.44991
0.20866 0.037943 0.47333
0.2226 0.037894 0.46783
0.22756 0.037961 0.48422
0.21849 0.037921 0.50594
0.22318 0.037918 0.53406
0.21478 0.037911 0.55016
0.21118 0.037903 0.56863
0.22048 0.037871 0.59665
0.22923 0.037854 0.60447
0.22499 0.03784 0.61628
0.22314 0.037837 0.64267
0.23116 0.03782 0.62094
0.23657 0.0378 0.63885
0.22027 0.037844 0.65702
0.22842 0.037817 0.66773
0.23762 0.037796 0.65999
0.23918 0.037809 0.67443
0.2292 0.037833 0.69046
0.24743 0.037815 0.69975
0.23109 0.037808 0.72551
0.2421 0.037811 0.7172
0.24438 0.037803 0.7362
0.23153 0.037808 0.74841
0.22943 0.037809 0.76534
0.24609 0.037807 0.75436
0.25524 0.037809 0.77106
0.22728 0.037816 0.78482
0.23592 0.037816 0.79725
0.25114 0.037815 0.78001
0.23683 0.037817 0.8124
0.25438 0.037822 0.81458
0.2485 0.037812 0.8329
0.23889 0.037793 0.8479
0.23477 0.037773 0.86296
0.23361 0.037754 0.88064
0.23266 0.037749 0.88976
0.25517 0.03777 0.87944
0.24318 0.037757 0.9137
0.23407 0.037711 0.92935
0.24899 0.037759 0.90484
0.25785 0.037722 0.93159
0.24131 0.033479 0.96142
0.25315 0.037701 0.9369
0.27364 0.037778 0.055684
0.29374 0.03779 0.059956
0.27527 0.037776 0.078066
0.26841 0.037778 0.092519
0.29221 0.037789 0.072751
0.26924 0.037785 0.10693
0.28855 0.037795 0.10179
0.28354 0.037797 0.1201
0.26943 0.037786 0.13306
0.2664 0.037786 0.15323
0.29063 0.037794 0.13433
0.29172 0.037798 0.15364
0.26244 0.037783 0.1658
0.26727 0.037791 0.17817
0.28241 0.037813 0.18741
0.26947 0.037811 0.21023
0.28464 0.037812 0.19226
0.28161 0.037813 0.21668
0.26361 0.037802 0.25264
0.28141 0.037794 0.23064
0.28226 0.037788 0.24925
0.27661 0.037784 0.25705
0.25635 0.037773 0.29893
0.2584 0.03776 0.30802
0.28135 0.037716 0.31062
0.25373 0.037759 0.32753
0.25696 0.037739 0.35032
0.26702 0.037707 0.333
0.26892 0.037709 0.34534
0.25498 0.037741 0.35642
0.25413 0.037725 0.3763
0.2699 0.037713 0.3663
0.24959 0.037735 0.39716
0.24548 0.037755 0.41271
0.26478 0.0377 0.40127
0.25841 0.037703 0.41716
0.23747 0.037834 0.4549
0.25567 0.037706 0.42559
0.26138 0.037708 0.44552
0.23428 0.037923 0.46988
0.23678 0.037963 0.48811
0.2503 0.037978 0.48326
0.23468 0.037944 0.51124
0.24648 0.03789 0.5376
0.24007 0.037893 0.54334
0.24422 0.037877 0.57554
0.24951 0.037854 0.55503
0.25993 0.037857 0.56678
0.24901 0.037856 0.5825
0.24531 0.037829 0.60992
0.25687 0.037827 0.58561
0.25897 0.037788 0.59888
0.25129 0.03778 0.62118
0.25259 0.037767 0.64017
0.26753 0.037707 0.63688
0.25583 0.037768 0.65847
0.25441 0.03779 0.67437
0.26837 0.037734 0.6589
0.27144 0.037756 0.67605
0.2543 0.037803 0.68278
0.26337 0.037765 0.70401
0.27808 0.037773 0.68576
0.27545 0.037744 0.71133
0.2624 0.037758 0.72454
0.26636 0.037754 0.73246
0.2841 0.03777 0.73722
0.27029 0.037805 0.75912
0.26708 0.037804 0.77505
0.28427 0.037811 0.75296
0.26159 0.037808 0.78228
0.27024 0.037803 0.80011
0.28712 0.037804 0.78806
0.28386 0.037807 0.80474
0.28613 0.03782 0.82113
0.27944 0.037818 0.83546
0.27265 0.037809 0.85179
0.29089 0.037816 0.84994
0.28349 0.037801 0.86403
0.26786 0.037773 0.88401
0.27774 0.03778 0.89616
0.28895 0.037787 0.88396
0.28227 0.037784 0.89728
0.29392 0.037794 0.91235
0.29164 0.037766 0.92793
0.27458 0.037671 0.94704
0.27737 0.034184 0.9558
0.29456 0.037742 0.93725
0.28286 0.033533 0.96048
0.29991 0.037793 0.044922
0.30329 0.037796 0.057535
0.32624 0.037803 0.043801
0.32729 0.037807 0.057278
0.30159 0.037796 0.07793
0.30548 0.037802 0.085085
0.32197 0.037809 0.068693
0.3177 0.037812 0.091268
0.30324 0.037804 0.1052
0.30081 0.037804 0.12227
0.3257 0.037818 0.10025
0.31591 0.037813 0.11982
0.29908 0.037794 0.13981
0.30195 0.037801 0.15062
0.31868 0.037803 0.13814
0.31936 0.037806 0.14707
0.29932 0.037806 0.17087
0.30174 0.037812 0.18469
0.31925 0.037808 0.16478
0.30181 0.037799 0.21306
0.32251 0.0378 0.19888
0.32081 0.037798 0.20678
0.29216 0.037778 0.23336
0.29823 0.037767 0.24337
0.30786 0.037755 0.24765
0.29664 0.037756 0.25618
0.29009 0.03774 0.27892
0.30615 0.037742 0.25553
0.31108 0.037709 0.27236
0.28928 0.037701 0.29775
0.28847 0.037698 0.30666
0.30558 0.037666 0.29772
0.30554 0.037659 0.30505
0.29201 0.037677 0.32261
0.28139 0.037698 0.34662
0.30389 0.03763 0.32891
0.30958 0.037614 0.34372
0.28559 0.03769 0.35135
0.27856 0.037708 0.38032
0.29586 0.037657 0.35982
0.30186 0.037692 0.37385
0.27592 0.037686 0.39928
0.28299 0.03764 0.40837
0.29123 0.037636 0.39496
0.294 0.037615 0.41096
0.27385 0.037653 0.43043
0.26681 0.037716 0.45102
0.29215 0.037597 0.42697
0.29213 0.037598 0.43936
0.26362 0.037972 0.48073
0.2762 0.037825 0.4672
0.26689 0.037974 0.4916
0.26182 0.038012 0.50554
0.25643 0.03801 0.52387
0.27285 0.038075 0.50777
0.27061 0.037866 0.54594
0.28015 0.037787 0.57158
0.26996 0.037782 0.5878
0.29666 0.037621 0.60619
0.27651 0.037687 0.62857
0.28092 0.037689 0.64248
0.30502 0.037657 0.64249
0.30437 0.037723 0.67009
0.30773 0.037769 0.6848
0.31463 0.037786 0.71542
0.31658 0.037794 0.73339
0.31056 0.037815 0.74386
0.29628 0.037815 0.75102
0.30343 0.037808 0.77022
0.31439 0.037808 0.75927
0.31329 0.037812 0.7757
0.30433 0.037818 0.78903
0.29728 0.037808 0.80145
0.31161 0.037819 0.79351
0.31273 0.037813 0.80896
0.2964 0.037815 0.81408
0.31594 0.037808 0.83462
0.29966 0.037815 0.84756
0.30667 0.037808 0.86425
0.29996 0.037791 0.88644
0.30789 0.037794 0.894
0.31935 0.037809 0.87654
0.31817 0.0378 0.9003
0.30166 0.037795 0.91559
0.31118 0.037782 0.93097
0.32759 0.037803 0.90922
0.31887 0.03779 0.92513
0.30297 0.03774 0.94649
0.32128 0.037763 0.94401
0.33768 0.037807 0.040362
0.33666 0.03781 0.054784
0.36144 0.037822 0.040407
0.35075 0.037815 0.050627
0.33683 0.037819 0.071784
0.33615 0.037827 0.083641
0.35169 0.037838 0.081399
0.33783 0.037826 0.10149
0.33243 0.037822 0.11819
0.35239 0.03783 0.11692
0.33491 0.037812 0.13427
0.33879 0.037812 0.14599
0.35115 0.037816 0.13574
0.35763 0.037817 0.14374
0.33882 0.037808 0.16298
0.33854 0.037805 0.17332
0.34609 0.037811 0.15869
0.35069 0.037809 0.17281
0.33039 0.037806 0.19217
0.32795 0.037801 0.21162
0.34608 0.037809 0.19101
0.3345 0.037778 0.22377
0.32861 0.037742 0.24649
0.34492 0.037775 0.2257
0.3511 0.037755 0.24038
0.33373 0.037678 0.26228
0.33098 0.037661 0.27261
0.34864 0.037699 0.25842
0.34103 0.037654 0.26726
0.32373 0.037659 0.28752
0.32398 0.037639 0.31044
0.34019 0.037627 0.2864
0.33488 0.037598 0.30998
0.32822 0.037623 0.31762
0.31808 0.037597 0.33728
0.33343 0.037618 0.32698
0.34394 0.037898 0.35427
0.33528 0.037714 0.36922
0.31011 0.037615 0.39275
0.30703 0.037592 0.41033
0.3218 0.037591 0.38389
0.3075 0.037595 0.4253
0.31977 0.037547 0.42053
0.2841 0.037862 0.46866
0.28168 0.038034 0.49445
0.29413 0.038043 0.48766
0.28307 0.038072 0.50674
0.28631 0.038071 0.50745
0.30076 0.038025 0.54015
0.29307 0.037774 0.57758
0.30459 0.037902 0.55486
0.30893 0.037675 0.57638
0.31161 0.03754 0.60093
0.3068 0.037592 0.61903
0.30875 0.037603 0.62748
0.31546 0.037638 0.64688
0.3299 0.037537 0.62755
0.33618 0.037572 0.6452
0.3246 0.037666 0.6724
0.31513 0.037753 0.68593
0.33745 0.037623 0.66885
0.33408 0.037661 0.68417
0.32131 0.037752 0.71141
0.33789 0.03767 0.69642
0.34607 0.037693 0.71908
0.321 0.037785 0.72771
0.33009 0.037751 0.74043
0.34502 0.037717 0.73018
0.34048 0.03774 0.75007
0.33021 0.037767 0.75535
0.33294 0.037791 0.78023
0.34419 0.037732 0.76108
0.34806 0.037763 0.7768
0.34712 0.037806 0.79207
0.34922 0.037811 0.81216
0.34099 0.03781 0.82367
0.33033 0.037806 0.83012
0.35098 0.037814 0.83448
0.34169 0.037828 0.85084
0.33988 0.037824 0.86637
0.35871 0.037823 0.84575
0.35847 0.037825 0.86774
0.33459 0.03782 0.88352
0.33828 0.037814 0.89659
0.35132 0.037824 0.89194
0.34377 0.037809 0.91292
0.33723 0.037776 0.92918
0.35159 0.03781 0.91584
0.35168 0.037783 0.92652
0.34355 0.037737 0.93991
0.33533 0.033676 0.95885
0.35858 0.037744 0.93978
0.35065 0.033431 0.96283
0.36833 0.037828 0.035011
0.37808 0.037841 0.054571
0.38707 0.037844 0.040393
0.38806 0.037853 0.067767
0.39159 0.037854 0.08775
0.36734 0.037834 0.099743
0.37755 0.037823 0.11154
0.39047 0.037837 0.10261
0.38503 0.037825 0.1108
0.36592 0.037817 0.13799
0.36683 0.037824 0.15062
0.38999 0.037828 0.13148
0.37311 0.037824 0.15992
0.36739 0.037819 0.17149
0.38787 0.037832 0.18083
0.36757 0.037818 0.18895
0.37016 0.037802 0.20444
0.38254 0.03781 0.19319
0.38194 0.037799 0.20232
0.36414 0.037759 0.22804
0.36096 0.037753 0.23945
0.38855 0.037781 0.21915
0.38393 0.037754 0.24113
0.3591 0.037722 0.25427
0.35748 0.037662 0.27646
0.38305 0.037706 0.25719
0.3706 0.037684 0.2724
0.36267 0.03759 0.2984
0.37685 0.037656 0.28455
0.37508 0.037629 0.29416
0.35054 0.037563 0.31606
0.35477 0.037762 0.33805
0.34749 0.037913 0.36105
0.36542 0.037829 0.34585
0.34615 0.037694 0.37779
0.35331 0.037753 0.37411
0.34837 0.037516 0.3912
0.33508 0.037558 0.4266
0.33188 0.037594 0.44032
0.34345 0.037457 0.41588
0.33652 0.037584 0.44632
0.30834 0.037894 0.46907
0.311 0.03805 0.48616
0.29668 0.038258 0.51688
0.31324 0.037862 0.54832
0.30522 0.038273 0.5137
0.3184 0.037816 0.54984
0.32522 0.037653 0.56923
0.32573 0.037565 0.58272
0.33199 0.037512 0.60281
0.33619 0.03751 0.62199
0.34608 0.037428 0.59708
0.35704 0.037539 0.62569
0.3423 0.03755 0.6426
0.34327 0.037572 0.6515
0.35565 0.03752 0.64358
0.3626 0.037532 0.6558
0.34519 0.037598 0.67092
0.35017 0.037621 0.69148
0.37345 0.037537 0.67266
0.37639 0.037522 0.6838
0.35233 0.037623 0.70297
0.36899 0.037586 0.69738
0.37665 0.037639 0.71881
0.37082 0.037715 0.74908
0.38572 0.037656 0.73219
0.38029 0.037708 0.75045
0.36918 0.037724 0.76797
0.36051 0.037742 0.77301
0.37731 0.037725 0.76548
0.3743 0.037776 0.79473
0.37242 0.0378 0.81127
0.38096 0.03777 0.7905
0.37217 0.037816 0.82017
0.36627 0.037817 0.8397
0.36971 0.037821 0.84715
0.36882 0.037819 0.86338
0.38406 0.037818 0.84783
0.38625 0.037822 0.87108
0.37198 0.037832 0.88172
0.36781 0.037823 0.89934
0.38999 0.037825 0.90294
0.37202 0.037819 0.91302
0.37912 0.037788 0.9307
0.38551 0.037823 0.91264
0.39285 0.037788 0.93325
0.37636 0.037752 0.94314
0.37048 0.034567 0.95479
0.38943 0.037759 0.9439
0.39568 0.034291 0.95562
0.41229 0.037862 0.036352
0.41797 0.037864 0.040658
0.41896 0.037862 0.061349
0.40225 0.037857 0.076481
0.42418 0.037857 0.069322
0.42915 0.037855 0.088362
0.41147 0.037851 0.10066
0.40143 0.03784 0.11132
0.41897 0.037854 0.098457
0.4182 0.037858 0.11755
0.40752 0.037841 0.13544
0.40196 0.037842 0.15072
0.42254 0.037848 0.14187
0.40518 0.037833 0.15891
0.40328 0.037831 0.17807
0.41637 0.037827 0.16418
0.4185 0.037823 0.17038
0.40626 0.037797 0.2103
0.4196 0.037796 0.19157
0.42467 0.037779 0.19793
0.3917 0.037769 0.22404
0.40208 0.037772 0.24003
0.42346 0.037789 0.21452
0.39969 0.03772 0.2543
0.39508 0.037691 0.26297
0.4185 0.037713 0.26423
0.39963 0.037639 0.28314
0.38958 0.03763 0.29592
0.41471 0.037691 0.27182
0.40857 0.037619 0.28755
0.388 0.037592 0.31364
0.38981 0.037577 0.32692
0.4096 0.037617 0.30475
0.39769 0.037588 0.32905
0.37253 0.037825 0.3556
0.40297 0.037605 0.33488
0.36232 0.037799 0.37034
0.36012 0.037468 0.39247
0.3846 0.037622 0.36701
0.37621 0.037446 0.3823
0.36186 0.037277 0.41461
0.35675 0.037343 0.43364
0.37366 0.037358 0.39551
0.3416 0.037578 0.4575
0.31598 0.037893 0.48649
0.3566 0.037079 0.45082
0.32049 0.037577 0.49701
0.31539 0.037905 0.5057
0.3227 0.037875 0.53885
0.32085 0.037297 0.51236
0.34154 0.037599 0.54886
0.35251 0.037332 0.57148
0.37027 0.037256 0.58633
0.36565 0.037603 0.62015
0.39101 0.037544 0.63917
0.37371 0.037556 0.64389
0.38332 0.03751 0.66591
0.39391 0.037453 0.65037
0.38693 0.037475 0.67564
0.39472 0.037448 0.68794
0.40272 0.037389 0.67476
0.41417 0.037345 0.68591
0.38782 0.037557 0.70622
0.39583 0.037553 0.71495
0.41751 0.037465 0.7052
0.4196 0.037501 0.72
0.40358 0.037601 0.73511
0.39845 0.037644 0.74644
0.41823 0.037576 0.74491
0.39921 0.037705 0.77506
0.41845 0.03764 0.76452
0.41306 0.0377 0.77868
0.40486 0.03774 0.79361
0.3974 0.037775 0.81128
0.42298 0.037719 0.79532
0.4267 0.037743 0.80976
0.41063 0.037783 0.8283
0.42812 0.037768 0.82147
0.41548 0.037794 0.83627
0.40098 0.037824 0.84901
0.42159 0.037826 0.86899
0.41051 0.037822 0.88642
0.4061 0.037825 0.90264
0.42562 0.037817 0.88697
0.42036 0.037818 0.89499
0.40785 0.03783 0.91195
0.40613 0.037796 0.93265
0.42565 0.037807 0.93063
0.40084 0.037757 0.94642
0.41666 0.03778 0.94012
0.42651 0.033479 0.96161
0.43617 0.037867 0.040726
0.44208 0.037861 0.058747
0.45592 0.03787 0.043895
0.43608 0.037854 0.067996
0.4364 0.037853 0.086668
0.46394 0.037851 0.075893
0.45741 0.037855 0.090283
0.4323 0.037866 0.1122
0.4614 0.037859 0.096543
0.44303 0.037856 0.13003
0.43468 0.03785 0.14437
0.45208 0.037855 0.13173
0.46171 0.037857 0.14525
0.44319 0.037836 0.15661
0.43938 0.037827 0.17547
0.45849 0.037831 0.16287
0.45543 0.03783 0.1782
0.44211 0.037799 0.18861
0.43601 0.037778 0.1993
0.44958 0.037785 0.20561
0.43188 0.037785 0.21804
0.42731 0.037783 0.23126
0.44664 0.037786 0.2163
0.42931 0.037787 0.24075
0.42854 0.03773 0.25465
0.45162 0.037759 0.24803
0.45493 0.037763 0.2589
0.42555 0.037718 0.26921
0.44135 0.037718 0.27684
0.44884 0.037726 0.28873
0.42391 0.037635 0.30234
0.41963 0.037573 0.31762
0.44492 0.037716 0.29588
0.4394 0.037612 0.30856
0.41936 0.037593 0.32869
0.40867 0.037602 0.3498
0.44635 0.037638 0.32293
0.43721 0.037659 0.33581
0.42514 0.037509 0.35404
0.38319 0.036795 0.39674
0.38139 0.0365 0.41981
0.40957 0.036396 0.37401
0.39938 0.034912 0.40079
0.3645 0.036344 0.44264
0.34014 0.035729 0.48106
0.35077 0.034111 0.4956
0.33021 0.035919 0.52338
0.34943 0.036783 0.54992
0.34195 0.035262 0.533
0.38404 0.03519 0.57276
0.38438 0.03635 0.59465
0.39566 0.03667 0.61163
0.39268 0.035696 0.59834
0.40445 0.036369 0.61415
0.40379 0.037537 0.62816
0.41398 0.037138 0.62336
0.42306 0.037212 0.64537
0.41441 0.037338 0.66183
0.43884 0.037284 0.65012
0.44795 0.037236 0.66134
0.42494 0.037278 0.68013
0.42418 0.037352 0.68958
0.44599 0.03725 0.67945
0.44401 0.037316 0.68784
0.42724 0.037431 0.70794
0.43711 0.037453 0.72108
0.45903 0.03735 0.71901
0.43436 0.037505 0.73546
0.44053 0.03756 0.75076
0.45036 0.037452 0.73369
0.45551 0.037532 0.75274
0.44362 0.037587 0.76088
0.43161 0.037674 0.77975
0.45704 0.037561 0.76531
0.45328 0.037647 0.78044
0.43645 0.037707 0.79313
0.43848 0.037746 0.81264
0.45153 0.037697 0.7965
0.46314 0.037736 0.81349
0.44079 0.037773 0.83364
0.4523 0.037754 0.82814
0.45226 0.037777 0.83662
0.44262 0.037821 0.84839
0.43555 0.037825 0.8691
0.46189 0.03781 0.84883
0.43796 0.037822 0.87836
0.43869 0.037818 0.89674
0.4514 0.037812 0.88805
0.45912 0.037821 0.90045
0.44546 0.037836 0.91821
0.44544 0.037815 0.9293
0.45882 0.037836 0.91886
0.45444 0.037805 0.93334
0.44255 0.03777 0.94872
0.46286 0.037775 0.9454
0.45867 0.033413 0.9635
0.39787 0.036983 0.43866
0.37113 0.037402 0.47385
0.37123 0.037339 0.53757
0.3778 0.035687 0.51105
0.48099 0.037878 0.044809
0.47773 0.03787 0.061489
0.49597 0.037875 0.038474
0.4879 0.037873 0.059694
0.4703 0.037855 0.076324
0.47375 0.037861 0.087421
0.49208 0.037868 0.069704
0.49119 0.037866 0.088307
0.48092 0.037861 0.10373
0.47617 0.037864 0.10972
0.48554 0.037862 0.098419
0.49532 0.037869 0.11734
0.47403 0.037863 0.12786
0.49166 0.037866 0.14066
0.4684 0.037844 0.15896
0.47556 0.037845 0.17106
0.486 0.037858 0.15529
0.47642 0.037836 0.1854
0.47275 0.037811 0.20064
0.4887 0.037846 0.18282
0.48863 0.037817 0.198
0.46907 0.037799 0.22008
0.47566 0.037799 0.22494
0.48545 0.037826 0.21243
0.49154 0.037802 0.2232
0.4631 0.037769 0.24775
0.47662 0.037771 0.25065
0.4912 0.037783 0.24557
0.49633 0.037787 0.25779
0.46712 0.03777 0.27349
0.4707 0.037801 0.28104
0.48368 0.037807 0.28095
0.46306 0.03779 0.29713
0.46778 0.037918 0.30896
0.48457 0.037829 0.29695
0.48852 0.037947 0.30735
0.4656 0.037939 0.31784
0.46937 0.038058 0.32444
0.49006 0.038195 0.32421
0.45553 0.037458 0.3451
0.47797 0.037931 0.33219
0.47982 0.037247 0.33673
0.42627 0.035583 0.37114
0.42417 0.034359 0.38832
0.46914 0.035243 0.34944
0.47124 0.034148 0.35716
0.41898 0.033537 0.41701
0.45418 0.033354 0.50132
0.39582 0.033411 0.52356
0.39907 0.034131 0.58746
0.44525 0.033653 0.61189
0.43767 0.035002 0.62081
0.48628 0.033873 0.60488
0.49785 0.03492 0.61962
0.44042 0.03667 0.62946
0.45696 0.037199 0.63846
0.49257 0.036194 0.63006
0.50373 0.036878 0.63924
0.4604 0.037266 0.647
0.46269 0.037173 0.66649
0.48356 0.037089 0.64848
0.49831 0.037078 0.6609
0.46013 0.037183 0.67176
0.46285 0.037206 0.68723
0.49909 0.036998 0.67132
0.47177 0.037225 0.69726
0.4698 0.037352 0.72308
0.48329 0.037169 0.7009
0.49088 0.037244 0.71492
0.47541 0.03743 0.74172
0.49098 0.037328 0.72588
0.49264 0.037427 0.74531
0.47594 0.037516 0.76195
0.4775 0.037582 0.77469
0.49406 0.037497 0.76359
0.49571 0.037572 0.7749
0.47941 0.037665 0.78701
0.47006 0.037714 0.80744
0.49214 0.037721 0.81308
0.47887 0.037764 0.83947
0.49447 0.03773 0.82295
0.49211 0.037766 0.84205
0.47694 0.037802 0.85273
0.47917 0.037804 0.86791
0.48617 0.037799 0.8654
0.47594 0.037818 0.88236
0.47315 0.037815 0.89241
0.4944 0.037812 0.88725
0.46895 0.037809 0.93045
0.49113 0.037834 0.91343
0.48616 0.037797 0.93257
0.47575 0.037767 0.94609
0.47573 0.03518 0.95359
0.48722 0.037773 0.94032
0.47809 0.033814 0.42398
0.40654 0.033962 0.50967
0.44792 0.033734 0.51752
0.46971 0.033802 0.57164
0.46964 0.035605 0.38329
0.47842 0.036374 0.37079
0.40965 0.035552 0.43499
0.38932 0.03488 0.47091
0.40999 0.036424 0.42185
0.39378 0.035963 0.45132
0.4794 0.034549 0.40676
0.43483 0.033896 0.453
0.47697 0.035533 0.38166
0.44753 0.033673 0.49703
0.41446 0.034108 0.54151
0.36712 0.037414 0.53501
0.42023 0.036365 0.59575
0.49432 0.033779 0.56146
0.45086 0.03518 0.59498
0.45125 0.033744 0.54753
0.43255 0.035695 0.60211
0.42309 0.036221 0.60115
0.48049 0.036262 0.37254
0.42978 0.035911 0.41759
0.41493 0.034513 0.47812
0.4506 0.035292 0.41571
0.39722 0.034778 0.48663
0.45516 0.036591 0.39251
0.44182 0.034103 0.48156
0.46788 0.034703 0.41698
0.47138 0.034395 0.45958
0.38665 0.03593 0.54319
0.405 0.036014 0.56381
0.38188 0.035511 0.506
0.42872 0.034521 0.56535
0.43223 0.034029 0.51591
0.48265 0.034023 0.57156
0.46661 0.033915 0.50702
0.4401 0.034235 0.57091
0.42422 0.036177 0.60031
0.48323 0.036388 0.59195
0.4577 0.034204 0.44275
0.47406 0.03425 0.53341
0.5079 0.037872 0.044491
0.52625 0.037867 0.046426
0.52529 0.037869 0.055453
0.50715 0.03787 0.068605
0.50732 0.037871 0.084184
0.53069 0.037867 0.065178
0.52473 0.037871 0.084554
0.50263 0.037861 0.10064
0.51292 0.037859 0.11035
0.52874 0.037851 0.10298
0.52399 0.037851 0.10909
0.5159 0.037865 0.12973
0.51356 0.037868 0.1395
0.52024 0.037863 0.12843
0.52176 0.037875 0.14893
0.51114 0.037865 0.15425
0.51612 0.037843 0.16732
0.53071 0.037841 0.16406
0.52031 0.037842 0.16802
0.51587 0.037822 0.18936
0.50249 0.037811 0.1957
0.53013 0.037819 0.18555
0.53325 0.037785 0.1965
0.51332 0.03782 0.21575
0.51157 0.037812 0.22791
0.52643 0.037803 0.21736
0.52266 0.037808 0.23011
0.50509 0.037773 0.25529
0.528 0.037773 0.24361
0.52428 0.037749 0.24993
0.50579 0.037758 0.26637
0.51699 0.037717 0.28013
0.53548 0.037743 0.26561
0.53968 0.037737 0.28082
0.50509 0.037747 0.29327
0.54177 0.03775 0.29411
0.54565 0.037744 0.30044
0.49936 0.038108 0.3215
0.5309 0.037904 0.30988
0.55006 0.03774 0.32692
0.50701 0.037646 0.32664
0.50947 0.037276 0.32876
0.56184 0.036983 0.35061
0.53299 0.035346 0.34174
0.52278 0.034304 0.34906
0.55558 0.035214 0.3596
0.53468 0.034138 0.42051
0.51203 0.033396 0.43611
0.52868 0.033678 0.44607
0.54098 0.033411 0.47331
0.48872 0.033368 0.5314
0.52904 0.033547 0.60387
0.57852 0.033398 0.55802
0.58921 0.034022 0.60685
0.5097 0.035367 0.62562
0.55472 0.035092 0.61837
0.55051 0.036034 0.6276
0.53438 0.036641 0.63672
0.51022 0.037146 0.6548
0.52912 0.037071 0.64347
0.53864 0.03708 0.65611
0.51037 0.037011 0.66843
0.51704 0.036989 0.68108
0.53426 0.037005 0.67477
0.53817 0.037084 0.6841
0.51061 0.037145 0.699
0.50361 0.037223 0.71253
0.52526 0.037165 0.69571
0.53678 0.037268 0.71152
0.50257 0.037364 0.73592
0.5093 0.03744 0.74901
0.52088 0.03745 0.74989
0.50787 0.037485 0.76205
0.50906 0.037547 0.77275
0.52815 0.037482 0.75527
0.52093 0.037559 0.77403
0.51562 0.03765 0.78695
0.50586 0.0377 0.80754
0.52839 0.03767 0.79632
0.53308 0.037698 0.80783
0.50746 0.037723 0.82366
0.51295 0.037729 0.83242
0.52508 0.03772 0.82736
0.52547 0.037744 0.83626
0.51136 0.037798 0.86272
0.53289 0.037802 0.86885
0.50962 0.037809 0.88457
0.51521 0.03781 0.8978
0.53127 0.03781 0.88363
0.53192 0.037815 0.90001
0.50187 0.037833 0.91876
0.52085 0.037831 0.91567
0.50428 0.035413 0.95316
0.52818 0.037707 0.94635
0.52604 0.033692 0.95871
0.48934 0.033867 0.50746
0.51686 0.033688 0.55809
0.49807 0.034269 0.39665
0.51032 0.033816 0.47958
0.53791 0.036132 0.40029
0.48427 0.033762 0.44176
0.54754 0.034756 0.51753
0.51666 0.036107 0.4484
0.56895 0.035779 0.51528
0.52465 0.033691 0.53255
0.50528 0.034556 0.58462
0.55647 0.033986 0.56274
0.53711 0.035992 0.59402
0.58255 0.034209 0.55564
0.57078 0.035397 0.60131
0.6147 0.037026 0.55255
0.60162 0.037113 0.58355
0.52163 0.035669 0.6018
0.52311 0.035964 0.37901
0.52667 0.03527 0.39017
0.48095 0.033776 0.48318
0.50624 0.0345 0.42072
0.50734 0.034395 0.45988
0.51569 0.036295 0.44827
0.54874 0.034964 0.49304
0.52535 0.034509 0.48321
0.54094 0.034032 0.54016
0.52451 0.035502 0.57531
0.51022 0.034254 0.5159
0.51983 0.034508 0.56779
0.60451 0.036643 0.56263
0.58831 0.036105 0.59225
0.57301 0.035103 0.53575
0.48876 0.034141 0.45102
0.50179 0.034191 0.46479
0.52074 0.034274 0.52369
0.54204 0.037865 0.05292
0.56447 0.037855 0.036463
0.56021 0.037858 0.061385
0.54435 0.037858 0.088907
0.5562 0.03786 0.069057
0.55699 0.037858 0.085259
0.5447 0.037839 0.10387
0.54929 0.037842 0.11874
0.55442 0.037835 0.10333
0.55461 0.03784 0.119
0.54531 0.037848 0.12836
0.56539 0.037843 0.13
0.55823 0.037853 0.14024
0.54879 0.037838 0.16166
0.5681 0.037835 0.16019
0.55102 0.037786 0.18845
0.54325 0.037777 0.20258
0.56956 0.037798 0.18689
0.56452 0.037775 0.20716
0.54851 0.037769 0.21315
0.5598 0.037771 0.21236
0.57417 0.037776 0.23672
0.55078 0.037734 0.24579
0.57369 0.037743 0.25049
0.57265 0.037733 0.25701
0.55173 0.037733 0.27857
0.57829 0.037716 0.27312
0.5746 0.037683 0.28204
0.56274 0.037745 0.2948
0.56334 0.037702 0.30998
0.57796 0.037587 0.3043
0.58466 0.037459 0.3203
0.55447 0.037769 0.31293
0.5697 0.037486 0.34129
0.57964 0.037447 0.33022
0.56647 0.036836 0.36375
0.57543 0.03653 0.39103
0.57048 0.036349 0.40085
0.54606 0.034684 0.42673
0.57489 0.036039 0.42242
0.55965 0.033897 0.45363
0.5804 0.03382 0.48622
0.61367 0.033779 0.53035
0.63775 0.035702 0.53976
0.63528 0.036097 0.57127
0.61071 0.035369 0.60706
0.58106 0.03648 0.61919
0.62226 0.03614 0.60098
0.62506 0.036711 0.61006
0.58624 0.036825 0.62344
0.6175 0.037053 0.62861
0.593 0.037093 0.63641
0.56967 0.036959 0.64431
0.54811 0.037055 0.65681
0.58796 0.037156 0.66195
0.5549 0.037125 0.6709
0.5535 0.037207 0.68961
0.58022 0.037142 0.66726
0.545 0.037221 0.69651
0.55274 0.037376 0.71886
0.57044 0.037306 0.69986
0.56002 0.037397 0.71926
0.53941 0.037406 0.73385
0.54132 0.037483 0.74857
0.56363 0.037446 0.72718
0.54177 0.037514 0.75938
0.55577 0.037548 0.76724
0.56659 0.037623 0.77996
0.54034 0.03765 0.78734
0.54442 0.037704 0.80898
0.56694 0.037666 0.79657
0.56641 0.037719 0.81211
0.54973 0.037731 0.81921
0.54416 0.037766 0.84176
0.55661 0.037733 0.82123
0.55739 0.037756 0.8382
0.54101 0.037797 0.85847
0.55493 0.037795 0.85705
0.56171 0.0378 0.87094
0.54212 0.037811 0.89331
0.55742 0.037811 0.88806
0.56538 0.037813 0.89482
0.54733 0.037832 0.91314
0.53754 0.037776 0.93196
0.55987 0.037831 0.91599
0.55587 0.037781 0.93144
0.54426 0.03772 0.94552
0.54832 0.033544 0.96038
0.56402 0.037733 0.9428
0.55479 0.034907 0.95396
0.57443 0.03561 0.52021
0.59162 0.035783 0.53357
0.57719 0.037848 0.044342
0.58763 0.037843 0.040207
0.59584 0.03784 0.061152
0.57343 0.037844 0.091404
0.59011 0.037843 0.070866
0.59678 0.037836 0.090733
0.57279 0.037828 0.106
0.57781 0.037835 0.11983
0.59554 0.037829 0.10086
0.58828 0.037826 0.11168
0.58423 0.037841 0.13652
0.60112 0.03783 0.13025
0.59604 0.037843 0.14635
0.58253 0.037821 0.1638
0.57551 0.037819 0.17265
0.59158 0.037813 0.16633
0.60222 0.037806 0.17273
0.57729 0.037783 0.20336
0.59813 0.037787 0.19621
0.58327 0.037775 0.22061
0.58346 0.037777 0.2366
0.60909 0.037767 0.21899
0.60088 0.03775 0.23716
0.59099 0.037767 0.2431
0.60156 0.037722 0.25036
0.60575 0.03768 0.26642
0.58438 0.037705 0.27325
0.59257 0.037603 0.28835
0.60851 0.037604 0.28523
0.60572 0.037548 0.29386
0.59211 0.037495 0.30883
0.61419 0.03735 0.32194
0.61651 0.03726 0.33578
0.5933 0.037251 0.33994
0.59387 0.036781 0.37501
0.60772 0.037027 0.35992
0.59001 0.036409 0.40074
0.58948 0.036389 0.41645
0.6127 0.036869 0.39735
0.58327 0.03648 0.42986
0.58031 0.036489 0.45091
0.58692 0.036616 0.43841
0.58678 0.036448 0.44833
0.59111 0.03596 0.47926
0.61363 0.03656 0.50041
0.59412 0.036244 0.46808
0.61721 0.036722 0.49764
0.64208 0.036859 0.53215
0.64721 0.037363 0.55291
0.64107 0.036906 0.5207
0.65146 0.037497 0.55655
0.64293 0.037043 0.57088
0.6259 0.03696 0.61549
0.65174 0.037421 0.56892
0.64452 0.037199 0.5964
0.63025 0.037374 0.62936
0.63849 0.03744 0.62397
0.63587 0.037649 0.64604
0.61394 0.037425 0.65522
0.60483 0.037304 0.66215
0.63207 0.03786 0.66707
0.59402 0.037224 0.67361
0.58569 0.037271 0.69154
0.62933 0.037728 0.67898
0.60968 0.037399 0.69048
0.58943 0.03735 0.701
0.6011 0.03739 0.69849
0.5978 0.037472 0.71352
0.57584 0.037518 0.74447
0.59683 0.037559 0.74217
0.57647 0.037552 0.75571
0.60208 0.037603 0.76541
0.59668 0.037653 0.78027
0.57384 0.037685 0.80301
0.59503 0.037728 0.81128
0.58137 0.037731 0.81497
0.57942 0.037739 0.83101
0.59314 0.037745 0.82681
0.58014 0.037778 0.85378
0.59952 0.037777 0.85431
0.57488 0.037805 0.87926
0.59818 0.037811 0.90015
0.57466 0.037824 0.91453
0.59413 0.037819 0.91285
0.57462 0.037711 0.94831
0.57778 0.035352 0.95313
0.59223 0.037736 0.94404
0.58669 0.033413 0.96346
0.61126 0.037832 0.044588
0.61372 0.03783 0.060401
0.63155 0.037819 0.042064
0.63351 0.037818 0.052548
0.61725 0.037826 0.073016
0.6056 0.037835 0.084312
0.63402 0.037813 0.07727
0.62909 0.037819 0.08313
0.61327 0.037824 0.10687
0.61225 0.037827 0.12169
0.6248 0.037822 0.10086
0.6316 0.037822 0.11912
0.60654 0.037828 0.12597
0.61921 0.037819 0.15204
0.63198 0.037815 0.12869
0.63345 0.037806 0.14237
0.61235 0.037809 0.16282
0.62016 0.037799 0.17467
0.63297 0.0378 0.1589
0.62045 0.037777 0.19454
0.61553 0.037774 0.21099
0.63036 0.037766 0.19878
0.63188 0.037761 0.21065
0.61526 0.037708 0.23328
0.63273 0.03771 0.22817
0.63636 0.03769 0.23838
0.64037 0.037639 0.26222
0.62497 0.037472 0.30055
0.63653 0.037565 0.28648
0.64559 0.037406 0.3187
0.63918 0.037356 0.32503
0.6421 0.037177 0.35478
0.6197 0.03707 0.36064
0.62056 0.037034 0.38838
0.63251 0.037076 0.36168
0.63193 0.03718 0.38749
0.60812 0.036569 0.42323
0.62282 0.036641 0.41968
0.60868 0.036366 0.43684
0.60532 0.036181 0.46264
0.61874 0.03635 0.44382
0.62342 0.036394 0.44817
0.62749 0.036582 0.4898
0.63275 0.036531 0.47239
0.64604 0.03672 0.49438
0.65138 0.037011 0.51229
0.65904 0.037576 0.54747
0.66116 0.037052 0.50828
0.66631 0.037383 0.53678
0.66438 0.037585 0.56227
0.6612 0.037422 0.59025
0.67382 0.037566 0.56091
0.66891 0.037506 0.58361
0.65676 0.037452 0.60995
0.6647 0.037568 0.61938
0.64515 0.037924 0.65955
0.66029 0.03778 0.65847
0.63764 0.037995 0.67821
0.62528 0.037617 0.69082
0.64526 0.037788 0.69644
0.64581 0.037699 0.70436
0.61514 0.037602 0.72456
0.61231 0.037597 0.74125
0.63504 0.037641 0.74276
0.61636 0.037635 0.75863
0.61055 0.037635 0.77087
0.63134 0.037653 0.76078
0.6309 0.037657 0.76823
0.614 0.037701 0.79441
0.61518 0.037713 0.80017
0.63121 0.037715 0.79347
0.63346 0.037728 0.79993
0.60699 0.037755 0.8155
0.60956 0.037773 0.84171
0.63318 0.037775 0.8172
0.63645 0.037785 0.83813
0.61012 0.037779 0.84835
0.60534 0.037779 0.86206
0.6284 0.037787 0.85166
0.62583 0.037785 0.86469
0.61236 0.037797 0.87754
0.60687 0.037808 0.89649
0.62149 0.037803 0.88524
0.6314 0.037802 0.89407
0.60934 0.037818 0.91365
0.60992 0.037794 0.92962
0.6217 0.037792 0.93089
0.61152 0.037755 0.94679
0.6237 0.037769 0.93995
0.62965 0.03339 0.96455
0.64073 0.037813 0.046135
0.65564 0.0378 0.038074
0.65769 0.037798 0.062247
0.64825 0.037802 0.07677
0.6424 0.037812 0.092412
0.66541 0.037793 0.07172
0.66834 0.037796 0.082762
0.65841 0.037812 0.10577
0.65273 0.037788 0.15246
0.66218 0.037792 0.13557
0.66426 0.037781 0.15238
0.64855 0.037786 0.1609
0.65107 0.03778 0.18318
0.66372 0.037771 0.16813
0.66047 0.03777 0.17469
0.65113 0.037772 0.18976
0.64932 0.037756 0.20562
0.67077 0.037753 0.19322
0.67068 0.03774 0.2086
0.64717 0.037717 0.22705
0.65494 0.037684 0.24656
0.66795 0.037662 0.2515
0.65102 0.037628 0.26374
0.65139 0.037585 0.28004
0.67616 0.037602 0.26534
0.66692 0.037574 0.27528
0.65714 0.037487 0.3003
0.6723 0.037461 0.32088
0.6532 0.037398 0.32669
0.65238 0.037161 0.35876
0.6729 0.037403 0.3313
0.67241 0.037237 0.35602
0.64577 0.037112 0.3909
0.65559 0.03707 0.38644
0.64807 0.036829 0.42
0.66026 0.036934 0.40825
0.66071 0.036898 0.41988
0.64097 0.036632 0.44108
0.65116 0.036647 0.45665
0.66508 0.036835 0.44026
0.6568 0.03673 0.47904
0.65945 0.036764 0.48693
0.66855 0.036838 0.47779
0.67855 0.036992 0.49409
0.66921 0.037021 0.50432
0.67744 0.037312 0.52741
0.68618 0.037185 0.51002
0.69797 0.037392 0.52891
0.69484 0.037544 0.5578
0.69538 0.037568 0.57801
0.68579 0.037608 0.59265
0.68664 0.037645 0.616
0.69972 0.037712 0.61605
0.67523 0.037661 0.65107
0.69354 0.037706 0.63127
0.68109 0.037699 0.65495
0.66594 0.037846 0.67041
0.6865 0.037722 0.66769
0.66066 0.03763 0.70897
0.66742 0.037748 0.69179
0.66782 0.03765 0.70357
0.6524 0.037573 0.72442
0.6486 0.037636 0.74074
0.66624 0.037602 0.72828
0.6752 0.037668 0.73963
0.65392 0.037663 0.75058
0.64755 0.037682 0.76874
0.66753 0.037697 0.75646
0.66377 0.037694 0.76636
0.64225 0.037723 0.79107
0.65151 0.037743 0.80194
0.6609 0.037729 0.78548
0.66035 0.037755 0.80526
0.65079 0.037779 0.81816
0.64673 0.037789 0.83783
0.66748 0.037786 0.82059
0.66861 0.037793 0.8384
0.64808 0.037794 0.84479
0.64719 0.037793 0.86042
0.65797 0.0378 0.84899
0.66303 0.037795 0.86888
0.6507 0.037795 0.88579
0.65048 0.037795 0.89321
0.65744 0.037792 0.88669
0.66573 0.037791 0.89792
0.64631 0.037805 0.91156
0.63852 0.037776 0.92984
0.66528 0.037795 0.90652
0.66132 0.037789 0.92145
0.63721 0.037735 0.94342
0.64279 0.034676 0.95443
0.65832 0.037708 0.9413
0.66621 0.034306 0.95539
0.68281 0.037769 0.044507
0.68496 0.037768 0.050966
0.70136 0.037754 0.040301
0.69273 0.037767 0.058129
0.70047 0.037768 0.070369
0.6993 0.03778 0.089537
0.67333 0.037803 0.098675
0.67445 0.037808 0.11886
0.67874 0.037784 0.13543
0.68155 0.037772 0.15137
0.68525 0.037764 0.16316
0.69807 0.037758 0.16789
0.68646 0.037733 0.19885
0.67797 0.037732 0.20935
0.70153 0.037718 0.20591
0.69455 0.037712 0.21825
0.6841 0.037696 0.23178
0.69561 0.037678 0.23828
0.7019 0.037674 0.24339
0.68912 0.037554 0.28031
0.70521 0.037597 0.27101
0.69824 0.037563 0.27921
0.68589 0.037495 0.31671
0.70344 0.037523 0.30669
0.70316 0.037511 0.31347
0.69252 0.037403 0.33205
0.6857 0.037307 0.34606
0.69943 0.037369 0.34159
0.69539 0.037286 0.35578
0.67969 0.037146 0.36989
0.67557 0.037052 0.38237
0.69912 0.037229 0.37465
0.69931 0.037206 0.38468
0.68402 0.03705 0.4012
0.68012 0.036992 0.42367
0.6968 0.037155 0.40216
0.70513 0.037164 0.41967
0.68409 0.036945 0.45948
0.70393 0.0371 0.4422
0.68982 0.037027 0.47635
0.70087 0.037143 0.48926
0.71422 0.037212 0.4732
0.71944 0.037321 0.49385
0.69959 0.037305 0.51151
0.70363 0.037417 0.53028
0.72153 0.037453 0.52015
0.70611 0.037468 0.54104
0.71161 0.037563 0.57174
0.72136 0.037508 0.53857
0.72686 0.037625 0.57113
0.70785 0.037734 0.61756
0.72417 0.037645 0.58434
0.73038 0.037755 0.60991
0.7141 0.037736 0.62341
0.72121 0.037759 0.63181
0.72042 0.03775 0.64915
0.69833 0.037713 0.66732
0.69568 0.0377 0.67536
0.71303 0.037733 0.65872
0.7114 0.037719 0.67373
0.68622 0.03765 0.70887
0.70376 0.037675 0.70192
0.69098 0.037694 0.7259
0.68114 0.037682 0.73769
0.69784 0.037696 0.71723
0.68557 0.037732 0.76054
0.67819 0.037736 0.77561
0.70196 0.037745 0.75186
0.70498 0.03776 0.77234
0.68112 0.037753 0.78349
0.68259 0.037767 0.8012
0.69921 0.037766 0.78148
0.69223 0.037779 0.80796
0.67773 0.037785 0.81562
0.69127 0.037785 0.81329
0.69253 0.037794 0.83491
0.68388 0.037798 0.85492
0.69802 0.037797 0.84482
0.69035 0.03779 0.87027
0.68323 0.037789 0.87624
0.69371 0.037788 0.87502
0.69375 0.037782 0.89791
0.68115 0.037789 0.9114
0.67158 0.037733 0.93252
0.6915 0.037721 0.93158
0.68231 0.037672 0.94364
0.68344 0.033408 0.96359
0.69729 0.033752 0.95804
0.71113 0.037747 0.037262
0.71015 0.037751 0.053999
0.7267 0.037737 0.042225
0.72938 0.03774 0.05993
0.71302 0.037761 0.074737
0.73042 0.037746 0.074292
0.71386 0.037765 0.098781
0.71116 0.037768 0.1229
0.72921 0.037751 0.10975
0.73351 0.037751 0.12442
0.71003 0.037763 0.15292
0.7362 0.037748 0.14313
0.73435 0.037748 0.15507
0.71121 0.037755 0.17056
0.70963 0.037745 0.18689
0.72673 0.03775 0.1636
0.73628 0.037735 0.18179
0.7118 0.037735 0.19413
0.71189 0.037715 0.21247
0.7269 0.03772 0.20283
0.7202 0.037683 0.23882
0.73878 0.037681 0.24668
0.72447 0.037647 0.26213
0.72506 0.03761 0.28318
0.71454 0.037561 0.29943
0.72212 0.037511 0.32269
0.74046 0.037595 0.30162
0.72965 0.037518 0.32428
0.72312 0.037487 0.32954
0.72182 0.037405 0.35326
0.73489 0.037517 0.33066
0.73966 0.037481 0.35341
0.72318 0.037346 0.37285
0.71219 0.037278 0.38401
0.7323 0.037414 0.36517
0.72851 0.037337 0.38899
0.71818 0.037249 0.40798
0.7395 0.037408 0.39807
0.73106 0.037315 0.41659
0.72311 0.037229 0.43109
0.71832 0.037203 0.4573
0.73951 0.037382 0.43766
0.73704 0.037357 0.45406
0.72647 0.037267 0.46616
0.72971 0.037329 0.48599
0.73326 0.037322 0.46382
0.74266 0.037441 0.48762
0.7424 0.037473 0.50504
0.74914 0.037538 0.52
0.73635 0.037584 0.5482
0.75189 0.037609 0.54614
0.75678 0.037667 0.56845
0.74329 0.037739 0.60904
0.75711 0.037691 0.58223
0.75232 0.03772 0.5948
0.73434 0.037768 0.6443
0.74765 0.037776 0.61807
0.7505 0.037808 0.64434
0.73035 0.037762 0.66229
0.73336 0.037758 0.66889
0.74257 0.037786 0.65701
0.74286 0.037792 0.67573
0.7267 0.037739 0.696
0.72138 0.037737 0.70472
0.7384 0.037779 0.68739
0.74035 0.037779 0.70118
0.72628 0.037764 0.72318
0.71348 0.037747 0.73632
0.73027 0.037768 0.73185
0.71605 0.037763 0.75202
0.71484 0.037763 0.76586
0.73692 0.037781 0.7489
0.73216 0.037775 0.76725
0.71837 0.037784 0.78449
0.70864 0.037781 0.80033
0.73009 0.037789 0.783
0.71704 0.037793 0.82197
0.70744 0.037794 0.83345
0.72997 0.037792 0.81053
0.7193 0.037796 0.84227
0.70647 0.037791 0.86412
0.72566 0.037793 0.84226
0.71286 0.037779 0.88499
0.7068 0.037778 0.88956
0.72317 0.037781 0.87649
0.73477 0.037766 0.89864
0.70543 0.037779 0.91161
0.71651 0.037764 0.92041
0.73292 0.037767 0.90793
0.71157 0.033557 0.96005
0.73377 0.037647 0.94135
0.74062 0.037728 0.043214
0.74333 0.037729 0.056639
0.76295 0.037715 0.058022
0.75798 0.037724 0.07597
0.75597 0.037731 0.089444
0.7668 0.037725 0.10276
0.75714 0.037738 0.11561
0.74625 0.037741 0.14274
0.74263 0.037744 0.14828
0.75895 0.037733 0.13152
0.76726 0.037722 0.15469
0.74437 0.037733 0.16702
0.75043 0.037715 0.18994
0.76 0.037716 0.17429
0.75891 0.03771 0.18864
0.7542 0.037703 0.20147
0.74923 0.037697 0.22502
0.76615 0.037696 0.22004
0.74904 0.03769 0.23814
0.7705 0.037692 0.23052
0.75445 0.037673 0.26279
0.74453 0.037644 0.27878
0.76832 0.037672 0.26697
0.75066 0.037589 0.32102
0.76186 0.037637 0.29651
0.76521 0.037619 0.31841
0.74806 0.037557 0.3332
0.74746 0.037503 0.35887
0.7659 0.037577 0.33992
0.76982 0.037567 0.35173
0.75697 0.037491 0.3737
0.75296 0.037472 0.38196
0.7732 0.037549 0.37051
0.76429 0.037498 0.38458
0.75116 0.037458 0.39703
0.75109 0.037443 0.42463
0.77056 0.037509 0.40704
0.74895 0.037437 0.43728
0.75105 0.037456 0.4568
0.76974 0.037505 0.43869
0.77381 0.037526 0.44987
0.76131 0.037487 0.46432
0.75525 0.037499 0.48397
0.77773 0.037561 0.47089
0.7773 0.037566 0.48168
0.77722 0.037596 0.50503
0.77316 0.037611 0.5291
0.76222 0.037628 0.54448
0.76349 0.037666 0.56444
0.77697 0.037656 0.54058
0.78492 0.037719 0.55712
0.7708 0.037699 0.5864
0.7757 0.037752 0.60469
0.78043 0.037776 0.6111
0.75651 0.037831 0.657
0.75586 0.037833 0.67329
0.77528 0.03783 0.65472
0.75832 0.037842 0.68674
0.75419 0.037825 0.70572
0.77475 0.037833 0.69234
0.7564 0.037829 0.72386
0.75214 0.037805 0.7422
0.75092 0.037787 0.75883
0.74772 0.037786 0.76317
0.76571 0.037794 0.7646
0.75187 0.037804 0.78297
0.75001 0.037798 0.80086
0.76061 0.037802 0.77801
0.75348 0.037787 0.81994
0.75248 0.037778 0.83691
0.76132 0.037789 0.81114
0.76649 0.037773 0.82843
0.74253 0.037773 0.86345
0.76038 0.037768 0.85134
0.74713 0.037766 0.87238
0.74265 0.037761 0.90028
0.75938 0.037755 0.88097
0.75856 0.037752 0.89533
0.74935 0.037758 0.90433
0.76457 0.037749 0.91093
0.75704 0.037701 0.93003
0.73945 0.037654 0.94025
0.74101 0.03375 0.95799
0.76551 0.033504 0.96087
0.77428 0.037703 0.043696
0.78263 0.037697 0.052062
0.79696 0.037688 0.047182
0.80003 0.037692 0.062756
0.77816 0.037708 0.067906
0.79256 0.037705 0.089148
0.78367 0.037709 0.11183
0.78304 0.037711 0.12705
0.79416 0.037702 0.10867
0.79801 0.037702 0.12271
0.7843 0.03771 0.14155
0.7819 0.037713 0.15449
0.79091 0.037707 0.13478
0.79265 0.037709 0.15921
0.78241 0.037711 0.17413
0.80098 0.037708 0.16555
0.79071 0.037705 0.19224
0.78254 0.037702 0.20293
0.78574 0.037696 0.22391
0.79814 0.037702 0.20798
0.7945 0.037697 0.22311
0.77746 0.037692 0.23323
0.77753 0.037683 0.25832
0.79434 0.037694 0.23259
0.79497 0.03769 0.25022
0.79812 0.037681 0.27167
0.77727 0.037654 0.30822
0.7834 0.037648 0.32396
0.80454 0.037677 0.29709
0.79436 0.03766 0.3185
0.78422 0.03762 0.34065
0.78341 0.037597 0.35666
0.79374 0.037637 0.3336
0.79362 0.037612 0.35307
0.78637 0.03758 0.37217
0.79032 0.037569 0.38873
0.80288 0.037624 0.37103
0.80392 0.037618 0.38973
0.78908 0.03756 0.4036
0.78621 0.037554 0.41869
0.79656 0.037583 0.40104
0.80187 0.037602 0.42469
0.78656 0.037567 0.43993
0.80088 0.037608 0.44298
0.7989 0.0376 0.4475
0.78444 0.037579 0.46762
0.79089 0.037598 0.48423
0.80234 0.037622 0.46647
0.81064 0.037671 0.48989
0.7961 0.037638 0.51041
0.80455 0.03766 0.50694
0.81182 0.037718 0.52931
0.78972 0.037733 0.56112
0.80732 0.037712 0.53505
0.81038 0.037757 0.56385
0.7958 0.037747 0.58212
0.79337 0.037763 0.59348
0.80856 0.037765 0.5804
0.79862 0.037776 0.60821
0.80572 0.037783 0.61014
0.78643 0.037833 0.64749
0.78477 0.037837 0.66761
0.80707 0.03781 0.65172
0.80115 0.03782 0.6727
0.78415 0.037832 0.69155
0.78551 0.037829 0.69941
0.80578 0.037826 0.6883
0.80509 0.037824 0.69344
0.78858 0.037823 0.71793
0.77775 0.037811 0.73919
0.79383 0.037808 0.73936
0.78373 0.037805 0.74809
0.78624 0.037805 0.76966
0.80353 0.037808 0.74729
0.79984 0.037786 0.79869
0.77515 0.037772 0.8201
0.781 0.037763 0.83426
0.79165 0.037777 0.81029
0.80105 0.037757 0.83372
0.7795 0.037757 0.85613
0.79102 0.037755 0.84512
0.7807 0.037746 0.87948
0.77431 0.037745 0.8972
0.79765 0.037731 0.89375
0.77915 0.037687 0.93189
0.79371 0.037731 0.91423
0.7833 0.037628 0.94823
0.77432 0.033418 0.96314
0.79273 0.037637 0.94185
0.79769 0.034014 0.9563
0.80436 0.037685 0.046498
0.80503 0.037686 0.053704
0.83011 0.037672 0.046718
0.83256 0.037671 0.051881
0.80461 0.037694 0.07617
0.80631 0.037695 0.091179
0.82944 0.037676 0.072312
0.82255 0.037684 0.08863
0.81157 0.037692 0.1033
0.8105 0.037696 0.12086
0.82171 0.037686 0.10633
0.82883 0.037689 0.12337
0.82906 0.037695 0.13822
0.8223 0.037703 0.17149
0.82247 0.037702 0.18307
0.81384 0.037706 0.2033
0.80753 0.037704 0.21849
0.83434 0.037701 0.20966
0.83102 0.037703 0.21946
0.80879 0.0377 0.23387
0.81238 0.037695 0.25411
0.83329 0.037696 0.25459
0.82079 0.037683 0.27715
0.81628 0.037686 0.28581
0.83582 0.037694 0.27443
0.82945 0.037688 0.28976
0.82031 0.037683 0.29867
0.81534 0.037682 0.31495
0.83132 0.03769 0.30041
0.82524 0.037681 0.3244
0.81344 0.037666 0.33962
0.8182 0.037671 0.34938
0.82682 0.037679 0.34232
0.81376 0.037662 0.37395
0.81312 0.037653 0.39272
0.8357 0.037689 0.37483
0.81378 0.03765 0.40524
0.81496 0.037656 0.42408
0.83129 0.037677 0.41957
0.81607 0.037667 0.43846
0.82519 0.03768 0.4509
0.83809 0.037695 0.43609
0.81879 0.037688 0.469
0.81559 0.037692 0.49015
0.81627 0.037709 0.51015
0.82548 0.037723 0.51979
0.83608 0.037737 0.5202
0.82369 0.03777 0.55631
0.83248 0.037759 0.55232
0.82416 0.037801 0.60156
0.8423 0.037794 0.58019
0.83768 0.037799 0.59829
0.82606 0.037793 0.61803
0.82626 0.037791 0.63378
0.83938 0.037801 0.61188
0.83319 0.037793 0.63
0.8184 0.037804 0.65279
0.81859 0.037808 0.65963
0.83294 0.037795 0.64138
0.82278 0.037817 0.67512
0.81469 0.037826 0.70493
0.8324 0.037815 0.69249
0.81656 0.037824 0.71614
0.8304 0.037813 0.71431
0.81211 0.037813 0.74224
0.81195 0.037799 0.76714
0.83716 0.037798 0.74519
0.83716 0.03779 0.7599
0.80854 0.037794 0.77998
0.81143 0.037777 0.80056
0.83522 0.037775 0.78254
0.82874 0.037768 0.7969
0.81379 0.03777 0.80966
0.82743 0.037751 0.82948
0.80713 0.037747 0.84945
0.81322 0.037736 0.86177
0.83199 0.037737 0.84499
0.83124 0.037726 0.86374
0.81683 0.037726 0.87378
0.8062 0.037725 0.89234
0.82811 0.037717 0.88222
0.80773 0.037723 0.90712
0.80663 0.037702 0.92201
0.82038 0.037714 0.90817
0.80647 0.037627 0.93829
0.81389 0.033484 0.96121
0.82853 0.037566 0.94816
0.82212 0.03341 0.96342
0.84321 0.037664 0.044509
0.84017 0.037666 0.054448
0.86216 0.037655 0.044694
0.84629 0.037664 0.078249
0.84984 0.037666 0.090235
0.85311 0.03766 0.07355
0.85499 0.037663 0.08856
0.85675 0.037671 0.10677
0.85633 0.037675 0.1298
0.84148 0.037686 0.14413
0.84834 0.037682 0.15633
0.86046 0.037673 0.13995
0.85455 0.037676 0.14983
0.83985 0.037692 0.1779
0.84246 0.037693 0.1886
0.85896 0.037685 0.17828
0.86688 0.037688 0.19315
0.85141 0.037693 0.20531
0.84012 0.037699 0.22545
0.8625 0.037692 0.20741
0.85511 0.037694 0.22721
0.85033 0.037695 0.24104
0.85972 0.037697 0.24168
0.86194 0.0377 0.25219
0.85916 0.037705 0.27042
0.86152 0.037708 0.2908
0.84712 0.037704 0.30993
0.84108 0.037698 0.31906
0.864 0.037708 0.30287
0.85927 0.037707 0.31534
0.84606 0.037701 0.34936
0.86124 0.03771 0.33749
0.86914 0.037717 0.35654
0.84946 0.037702 0.37554
0.85806 0.037703 0.37424
0.86666 0.037715 0.38698
0.85379 0.03771 0.40603
0.85538 0.037713 0.41909
0.85907 0.03771 0.40094
0.86843 0.037727 0.42666
0.84873 0.037715 0.43776
0.84405 0.03771 0.45295
0.86213 0.037722 0.44236
0.86712 0.037731 0.4573
0.8475 0.037725 0.47403
0.8521 0.037739 0.48898
0.85175 0.037762 0.51122
0.85797 0.037767 0.53043
0.8725 0.037772 0.52115
0.85473 0.037774 0.54113
0.85587 0.037778 0.55698
0.87118 0.037776 0.54166
0.86892 0.037778 0.55484
0.85741 0.037784 0.57716
0.85039 0.037807 0.59747
0.87035 0.037785 0.57572
0.86309 0.037791 0.59297
0.85749 0.037816 0.624
0.86716 0.0378 0.60462
0.86139 0.037813 0.63474
0.8554 0.037811 0.66398
0.87038 0.037808 0.64271
0.86398 0.037806 0.66728
0.85351 0.037795 0.68407
0.84493 0.037802 0.69378
0.86561 0.037803 0.676
0.8673 0.037797 0.70102
0.84558 0.037801 0.71189
0.85117 0.037793 0.72959
0.8594 0.037792 0.70791
0.85933 0.037786 0.73216
0.84825 0.03779 0.74236
0.8448 0.03778 0.7683
0.85995 0.037772 0.76371
0.84059 0.037763 0.79845
0.86324 0.037766 0.77429
0.86684 0.037753 0.79309
0.84336 0.03775 0.81781
0.86523 0.037745 0.80732
0.86188 0.037735 0.82456
0.84474 0.03773 0.84496
0.8613 0.037724 0.84057
0.86207 0.037715 0.85788
0.84671 0.037715 0.87658
0.84208 0.037708 0.89721
0.86059 0.037711 0.87072
0.84525 0.037691 0.91888
0.86398 0.037695 0.90557
0.85545 0.037677 0.92184
0.84958 0.037629 0.9357
0.84256 0.033523 0.96044
0.86271 0.037634 0.93521
0.86082 0.033407 0.96354
0.86977 0.037652 0.039026
0.87155 0.037652 0.060629
0.88621 0.037646 0.039835
0.88768 0.037645 0.051673
0.88114 0.037649 0.075855
0.88177 0.037652 0.091289
0.89616 0.037646 0.077962
0.89041 0.037648 0.085268
0.88123 0.037658 0.10775
0.88214 0.037662 0.12625
0.8904 0.037658 0.1175
0.87541 0.037667 0.13632
0.88281 0.03767 0.15627
0.89407 0.037663 0.14605
0.88946 0.037671 0.16002
0.87757 0.037687 0.18836
0.89361 0.037674 0.16754
0.89788 0.037681 0.18725
0.87304 0.037689 0.20108
0.87851 0.037693 0.21672
0.89163 0.037687 0.2083
0.88768 0.037693 0.21933
0.87146 0.037699 0.23421
0.87512 0.037709 0.27149
0.8774 0.03771 0.28663
0.89919 0.037709 0.26626
0.89255 0.037712 0.28906
0.87386 0.037709 0.31137
0.88342 0.037714 0.3196
0.8898 0.037711 0.30008
0.88903 0.037713 0.31659
0.88096 0.037724 0.34182
0.89607 0.037725 0.33656
0.90095 0.037733 0.35031
0.8818 0.037734 0.37727
0.87493 0.037726 0.38501
0.89542 0.037737 0.36943
0.89866 0.037746 0.39035
0.87776 0.037734 0.40522
0.88027 0.03774 0.41798
0.90021 0.037754 0.41137
0.89611 0.037751 0.41721
0.88698 0.037748 0.43999
0.8911 0.037752 0.45032
0.88646 0.037754 0.47975
0.88484 0.037763 0.49491
0.89113 0.037762 0.49314
0.8765 0.037765 0.50487
0.88394 0.037781 0.5302
0.89423 0.037777 0.51312
0.89598 0.037784 0.52617
0.8807 0.037783 0.54046
0.89574 0.037788 0.5385
0.89981 0.037796 0.55298
0.88521 0.037792 0.57557
0.88288 0.037799 0.59874
0.89662 0.037794 0.57591
0.89346 0.037797 0.59945
0.8819 0.037802 0.6072
0.8865 0.0378 0.63308
0.89298 0.037799 0.61066
0.89226 0.0378 0.62809
0.88452 0.037799 0.65098
0.89328 0.037798 0.64856
0.89594 0.037803 0.66076
0.87676 0.037811 0.67739
0.90106 0.037796 0.69939
0.87535 0.037796 0.71544
0.8834 0.037785 0.73228
0.89784 0.037795 0.70583
0.89311 0.037785 0.7248
0.87617 0.037776 0.74746
0.87439 0.037765 0.76684
0.88965 0.037772 0.7451
0.8995 0.037753 0.76547
0.87643 0.037755 0.78196
0.88017 0.037742 0.79847
0.89173 0.037741 0.78918
0.87298 0.037735 0.81667
0.87885 0.037726 0.82557
0.89055 0.037732 0.80572
0.8779 0.037716 0.84109
0.88226 0.037703 0.86396
0.89541 0.037709 0.83995
0.88715 0.037703 0.85907
0.87525 0.037697 0.89124
0.89268 0.037697 0.86997
0.8955 0.037689 0.88976
0.88044 0.037689 0.90344
0.88151 0.037654 0.9288
0.89344 0.037681 0.90982
0.89685 0.037636 0.93035
0.8726 0.037621 0.94072
0.89815 0.033489 0.96106
0.90516 0.037641 0.037477
0.91206 0.037641 0.053984
0.92228 0.037619 0.038783
0.91513 0.037643 0.07504
0.90398 0.037647 0.089881
0.92866 0.037603 0.094143
0.91165 0.03765 0.10823
0.90996 0.037656 0.12848
0.92116 0.037633 0.10315
0.92371 0.037629 0.11754
0.90606 0.037658 0.13377
0.90865 0.037666 0.15748
0.92236 0.037641 0.13829
0.91436 0.037674 0.18667
0.92813 0.037641 0.17034
0.93094 0.037634 0.19496
0.91536 0.037678 0.20384
0.91307 0.037685 0.22076
0.92747 0.03764 0.20791
0.91962 0.037677 0.22481
0.90941 0.037697 0.24464
0.92827 0.037661 0.24137
0.9225 0.037686 0.25444
0.90976 0.037708 0.26815
0.93197 0.037672 0.278
0.93123 0.037681 0.29228
0.91342 0.037729 0.32368
0.92451 0.037705 0.30069
0.92357 0.037716 0.32059
0.90609 0.037729 0.33436
0.90908 0.03774 0.35967
0.93019 0.037707 0.3355
0.92088 0.037734 0.35403
0.90815 0.037743 0.37014
0.91296 0.037755 0.38937
0.92633 0.037728 0.39408
0.92628 0.037731 0.40198
0.9317 0.03772 0.4296
0.90838 0.037775 0.45452
0.92839 0.037738 0.43456
0.91055 0.037778 0.48043
0.90805 0.037783 0.49636
0.92891 0.037743 0.47232
0.92655 0.037756 0.48643
0.91429 0.037795 0.50414
0.91526 0.037806 0.5242
0.93007 0.037764 0.51335
0.92767 0.037775 0.52051
0.9263 0.037783 0.53928
0.92812 0.037781 0.5562
0.91741 0.037812 0.59785
0.92755 0.037799 0.57722
0.9309 0.037801 0.59722
0.91329 0.037812 0.60717
0.90837 0.037811 0.62455
0.92446 0.037808 0.60814
0.92586 0.037805 0.62061
0.90673 0.037811 0.64593
0.93336 0.037756 0.64936
0.92448 0.037782 0.66529
0.9149 0.037785 0.6899
0.92597 0.037755 0.68302
0.929 0.037733 0.69764
0.91403 0.037782 0.70667
0.92366 0.037752 0.71058
0.91079 0.037764 0.74254
0.91389 0.037748 0.76154
0.92071 0.03775 0.73851
0.91989 0.037735 0.76655
0.91499 0.037739 0.77362
0.91389 0.037728 0.78994
0.92629 0.037706 0.77764
0.92688 0.037691 0.797
0.90537 0.037716 0.81705
0.91255 0.037708 0.82334
0.92134 0.037703 0.80443
0.91893 0.037697 0.8271
0.90634 0.037701 0.8463
0.90664 0.037694 0.8628
0.92364 0.037669 0.83693
0.91926 0.037681 0.86224
0.912 0.037689 0.87358
0.91925 0.037679 0.8722
0.93057 0.037633 0.88967
0.90752 0.037675 0.90988
0.90864 0.037629 0.92882
0.92055 0.037657 0.90887
0.92848 0.037586 0.92487
0.90712 0.037588 0.94086
0.91313 0.03361 0.95915
0.91895 0.037569 0.93934
0.92411 0.033521 0.9604
0.93762 0.037562 0.042107
0.93787 0.037561 0.054559
0.95396 0.034635 0.037244
0.95741 0.033795 0.061144
0.93485 0.037573 0.074381
0.9599 0.033552 0.087257
0.94675 0.037546 0.10553
0.95911 0.033615 0.12702
0.94667 0.037564 0.14445
0.94323 0.037584 0.15473
0.95838 0.033685 0.14011
0.95182 0.035906 0.15706
0.93639 0.03762 0.17042
0.94613 0.037591 0.19389
0.95502 0.034325 0.19539
0.93997 0.037596 0.20374
0.94009 0.037602 0.22638
0.96321 0.033415 0.21253
0.96099 0.033494 0.2195
0.9409 0.037631 0.24501
0.9469 0.037622 0.25047
0.96091 0.033499 0.23505
0.95258 0.035465 0.26156
0.9437 0.037635 0.26882
0.94036 0.03765 0.28576
0.95962 0.033582 0.27328
0.94194 0.037652 0.29972
0.94163 0.037673 0.32787
0.95492 0.034404 0.29944
0.96442 0.033391 0.32237
0.946 0.037675 0.33995
0.94364 0.037682 0.35469
0.95873 0.033671 0.35771
0.94077 0.03768 0.36597
0.94774 0.03764 0.39566
0.96423 0.033395 0.37765
0.9523 0.035786 0.39448
0.94611 0.037646 0.40528
0.96352 0.03341 0.40839
0.95652 0.034 0.42726
0.94195 0.037688 0.4437
0.94592 0.037675 0.45063
0.95368 0.034943 0.43428
0.95982 0.033576 0.45167
0.94016 0.037696 0.47197
0.96363 0.033408 0.47882
0.95543 0.034314 0.49489
0.94677 0.037698 0.5089
0.943 0.037717 0.5225
0.95328 0.035268 0.51199
0.95988 0.033578 0.52719
0.93803 0.037738 0.55541
0.96438 0.033393 0.53973
0.95864 0.033702 0.55808
0.94426 0.03779 0.59508
0.94123 0.03778 0.61424
0.94137 0.037768 0.62321
0.95978 0.033592 0.62832
0.94461 0.037724 0.64027
0.96137 0.033488 0.63792
0.9636 0.033409 0.66019
0.94871 0.037665 0.678
0.96002 0.033564 0.67606
0.95921 0.033626 0.69698
0.94091 0.037661 0.71522
0.9399 0.037658 0.72618
0.95422 0.034676 0.71688
0.95488 0.034424 0.72202
0.94355 0.037623 0.75699
0.95551 0.034218 0.7483
0.95962 0.033584 0.75711
0.9412 0.03766 0.78054
0.94116 0.03764 0.80014
0.95758 0.0338 0.78843
0.93961 0.037636 0.80518
0.95402 0.034681 0.81321
0.95894 0.033632 0.83136
0.93794 0.03759 0.84683
0.96489 0.033382 0.85764
0.94251 0.037595 0.88645
0.95936 0.033594 0.8708
0.93752 0.037559 0.92209
0.95618 0.034005 0.90794
0.96454 0.033387 0.92057
0.93842 0.037502 0.93655
0.94201 0.033678 0.95833
0.95915 0.033602 0.94252
0.95409 0.033376 0.96275
