2635
1 1 1
0.03496 0.037712 0.044781
0.040929 0.037713 0.054055
0.062043 0.037715 0.035652
0.058121 0.037714 0.051301
0.045969 0.037716 0.068651
0.043453 0.03772 0.092793
0.059451 0.037718 0.080314
0.055933 0.037721 0.096441
0.038489 0.037723 0.1099
0.041136 0.037727 0.11978
0.062899 0.037721 0.10663
0.062279 0.037737 0.14204
0.04026 0.037737 0.18758
0.05784 0.037736 0.17755
0.060534 0.037739 0.19308
0.036099 0.03774 0.19788
0.040213 0.037747 0.22359
0.052853 0.037742 0.20289
0.055853 0.037746 0.21617
0.047446 0.03775 0.23255
0.042078 0.037756 0.25363
0.052431 0.037752 0.23887
0.060941 0.037756 0.25341
0.046888 0.03776 0.26542
0.046045 0.037767 0.28243
0.055082 0.037764 0.27439
0.062337 0.037768 0.28307
0.061034 0.037777 0.30404
0.056695 0.037782 0.31919
0.044715 0.037786 0.34053
0.061143 0.037784 0.34914
0.045727 0.037785 0.37066
0.044798 0.037786 0.38408
0.059778 0.037785 0.36849
0.055317 0.03779 0.39036
0.044171 0.037794 0.40103
0.037421 0.037801 0.42056
0.059525 0.037795 0.40383
0.05338 0.037801 0.41536
0.042021 0.037805 0.44386
0.05814 0.037806 0.4416
0.057316 0.037808 0.45795
0.041436 0.037809 0.47161
0.043223 0.037808 0.48662
0.051359 0.037811 0.47133
0.056807 0.037808 0.49028
0.038192 0.037798 0.50679
0.037901 0.037792 0.52824
0.053733 0.037799 0.5088
0.057882 0.037795 0.52729
0.044839 0.037792 0.53993
0.042612 0.037794 0.56602
0.059763 0.037795 0.53842
0.058465 0.037795 0.55948
0.036917 0.037796 0.57737
0.035821 0.037798 0.60008
0.050777 0.037798 0.57594
0.052634 0.0378 0.59634
0.043186 0.037798 0.60494
0.036132 0.037795 0.63243
0.050666 0.0378 0.61107
0.056442 0.0378 0.62399
0.050719 0.037791 0.65201
0.052624 0.037792 0.66406
0.04691 0.037789 0.67594
0.051753 0.037791 0.67413
0.057143 0.03779 0.69186
0.035917 0.037774 0.733
0.058957 0.037779 0.71632
0.05106 0.037776 0.72573
0.043163 0.037769 0.74919
0.036946 0.037764 0.76462
0.058185 0.03777 0.74599
0.05145 0.037765 0.76275
0.040597 0.037761 0.77505
0.037128 0.037753 0.80109
0.057468 0.03776 0.78346
0.055619 0.037757 0.7931
0.039603 0.037745 0.8274
0.052348 0.037749 0.81563
0.057835 0.037744 0.83278
0.037948 0.037741 0.84417
0.034991 0.037735 0.86271
0.05326 0.037743 0.83862
0.055592 0.037736 0.86071
0.035538 0.037732 0.87232
0.044911 0.03773 0.89334
0.057551 0.037729 0.8796
0.056076 0.037729 0.88962
0.041777 0.037735 0.91255
0.037029 0.033769 0.9563
0.058207 0.037625 0.94497
0.060657 0.034258 0.95431
0.078639 0.037719 0.04518
0.074572 0.037718 0.05946
0.077513 0.037719 0.087839
0.093481 0.037721 0.073575
0.090836 0.037721 0.08778
0.070681 0.037721 0.10575
0.071648 0.037727 0.12842
0.084394 0.03772 0.10818
0.088477 0.037723 0.12153
0.069151 0.037733 0.13922
0.088506 0.037727 0.13556
0.091694 0.037732 0.15681
0.071135 0.037735 0.17469
0.067217 0.037738 0.18952
0.093053 0.037733 0.17442
0.093467 0.037737 0.18955
0.076197 0.037744 0.20435
0.074826 0.037748 0.22117
0.087413 0.037746 0.20937
0.095414 0.037748 0.2249
0.068684 0.037751 0.24221
0.071167 0.037753 0.24859
0.084107 0.037752 0.24273
0.088332 0.037754 0.25086
0.07468 0.037764 0.27135
0.073647 0.03777 0.28869
0.093561 0.037761 0.2713
0.066879 0.037776 0.30533
0.067152 0.037779 0.32444
0.090628 0.037768 0.30374
0.088505 0.037772 0.32493
0.069846 0.03778 0.34357
0.08758 0.037775 0.33935
0.086339 0.037778 0.35432
0.074282 0.037783 0.37746
0.089309 0.037781 0.3707
0.092861 0.037783 0.38251
0.067973 0.037796 0.4091
0.071811 0.037799 0.42244
0.090948 0.037795 0.41126
0.084303 0.037801 0.41791
0.067661 0.037805 0.44468
0.081715 0.037805 0.43653
0.082881 0.03781 0.4557
0.072276 0.037807 0.47377
0.076226 0.037807 0.48439
0.087649 0.03781 0.47964
0.086871 0.037809 0.49061
0.067614 0.037802 0.50238
0.083083 0.037804 0.51962
0.075291 0.037796 0.53657
0.070442 0.037794 0.56504
0.080443 0.037796 0.56272
0.072216 0.037794 0.57124
0.067979 0.037799 0.60005
0.083371 0.0378 0.57157
0.085971 0.037801 0.59548
0.072574 0.037803 0.62999
0.087462 0.037803 0.61324
0.092271 0.037799 0.62274
0.071361 0.037801 0.64311
0.090225 0.037797 0.66645
0.066873 0.037796 0.68292
0.083897 0.037803 0.67542
0.087035 0.037793 0.69504
0.074821 0.037781 0.71281
0.066578 0.037773 0.73365
0.089129 0.037779 0.72539
0.069963 0.03777 0.74623
0.074828 0.037767 0.75848
0.086432 0.037772 0.74241
0.08362 0.037767 0.76325
0.070357 0.037764 0.77429
0.072022 0.037755 0.79993
0.092564 0.037761 0.78584
0.071453 0.037748 0.8167
0.079144 0.037745 0.82412
0.091526 0.037752 0.80774
0.088845 0.037745 0.83303
0.07379 0.037743 0.84287
0.073729 0.037736 0.86213
0.088779 0.037735 0.86597
0.075877 0.037726 0.88302
0.087414 0.037731 0.87418
0.084282 0.037726 0.89067
0.070705 0.037732 0.91
0.076213 0.037708 0.93105
0.08798 0.03773 0.90305
0.070743 0.03768 0.93878
0.085145 0.037696 0.94743
0.10961 0.037718 0.039005
0.10508 0.03772 0.057287
0.12545 0.037721 0.037859
0.12096 0.03772 0.052136
0.1019 0.037722 0.068232
0.10623 0.037724 0.094068
0.12308 0.037726 0.096235
0.10462 0.037723 0.10996
0.11259 0.037725 0.1282
0.12396 0.037724 0.11784
0.10643 0.037728 0.14058
0.10148 0.037731 0.15517
0.12519 0.037732 0.15511
0.10638 0.037731 0.17199
0.10505 0.037734 0.18667
0.12598 0.037733 0.16607
0.11722 0.037736 0.19273
0.11119 0.037743 0.21577
0.11608 0.037738 0.19996
0.11506 0.037746 0.22611
0.10406 0.03775 0.23731
0.099005 0.037755 0.25505
0.1187 0.037749 0.23646
0.10448 0.037757 0.27258
0.10401 0.037758 0.28529
0.11791 0.037753 0.27616
0.1257 0.037747 0.28265
0.10433 0.037757 0.30285
0.10482 0.037759 0.32531
0.12502 0.037748 0.30816
0.11378 0.037752 0.31698
0.10169 0.037764 0.33313
0.1027 0.03777 0.35782
0.11295 0.037765 0.3527
0.097129 0.037776 0.36488
0.11345 0.037773 0.36921
0.11915 0.037784 0.3931
0.10029 0.037786 0.3979
0.099903 0.037794 0.42499
0.11046 0.03779 0.4252
0.096162 0.037801 0.43745
0.097014 0.037803 0.44946
0.1109 0.037798 0.44403
0.11258 0.037801 0.45657
0.096353 0.037804 0.47036
0.10429 0.037797 0.48701
0.11363 0.037803 0.47172
0.11915 0.037803 0.48902
0.10066 0.037795 0.50324
0.096291 0.037796 0.52531
0.11603 0.037794 0.52565
0.10203 0.037795 0.53811
0.097847 0.037799 0.55985
0.11799 0.037797 0.54352
0.096087 0.037799 0.58279
0.098162 0.037798 0.59594
0.1149 0.037802 0.57655
0.11636 0.037793 0.60193
0.10573 0.037787 0.61762
0.10588 0.037784 0.62757
0.12197 0.037774 0.63294
0.1031 0.037784 0.6466
0.1028 0.037783 0.65961
0.11581 0.037777 0.64132
0.11303 0.037775 0.66841
0.10184 0.037784 0.68493
0.11846 0.037774 0.68479
0.10511 0.037781 0.73011
0.12328 0.037774 0.70866
0.12484 0.03777 0.73607
0.099748 0.037775 0.74098
0.10377 0.037768 0.75736
0.11793 0.037763 0.76571
0.10537 0.03776 0.7765
0.12574 0.037752 0.78063
0.11584 0.037752 0.79258
0.10746 0.037747 0.83084
0.11596 0.037753 0.80638
0.1194 0.037746 0.83487
0.10883 0.037744 0.84064
0.12441 0.037742 0.84403
0.12435 0.037738 0.85748
0.10743 0.037733 0.87689
0.11115 0.037731 0.89327
0.12725 0.037735 0.88369
0.12094 0.037733 0.89811
0.10231 0.037731 0.91024
0.12032 0.037732 0.91258
0.11883 0.037709 0.92568
0.10397 0.037688 0.93863
0.12848 0.037644 0.9466
0.12691 0.033353 0.96459
0.14049 0.037725 0.039744
0.15573 0.037728 0.035251
0.15732 0.037728 0.053184
0.13316 0.037726 0.075974
0.13832 0.037725 0.095008
0.15105 0.037727 0.07168
0.15525 0.037726 0.090077
0.13787 0.037723 0.10598
0.13939 0.037723 0.11725
0.1498 0.037723 0.11052
0.15399 0.037724 0.11602
0.13271 0.037729 0.13714
0.13347 0.037734 0.15868
0.15761 0.037734 0.15209
0.13186 0.037735 0.17739
0.1553 0.037736 0.17167
0.15393 0.037738 0.18324
0.13398 0.037739 0.20442
0.13949 0.037741 0.22415
0.15636 0.037735 0.20545
0.13261 0.037744 0.23679
0.14204 0.03774 0.25202
0.14812 0.037739 0.2297
0.15509 0.037734 0.25792
0.13456 0.037742 0.26635
0.13359 0.037742 0.28827
0.15228 0.037734 0.26586
0.1487 0.037736 0.28477
0.14085 0.037739 0.30205
0.12895 0.037746 0.31313
0.15386 0.037736 0.29601
0.14578 0.037743 0.31928
0.131 0.037753 0.34157
0.1397 0.037749 0.34819
0.15026 0.037744 0.32976
0.13631 0.037758 0.37269
0.13078 0.037767 0.38165
0.15303 0.037748 0.37522
0.12698 0.037788 0.42039
0.14039 0.037779 0.42376
0.1337 0.037785 0.43958
0.12722 0.037795 0.45359
0.14515 0.037782 0.44214
0.14336 0.037787 0.45209
0.12795 0.037798 0.46936
0.12629 0.037799 0.48629
0.14496 0.037797 0.47173
0.13459 0.037773 0.51002
0.13391 0.037768 0.52449
0.15045 0.037776 0.50152
0.12809 0.037777 0.54607
0.13444 0.037764 0.56818
0.14146 0.037758 0.55063
0.15048 0.037764 0.55533
0.13527 0.037761 0.5846
0.1306 0.037769 0.59736
0.14967 0.037752 0.58472
0.14867 0.037751 0.59702
0.1301 0.037767 0.61445
0.13281 0.037763 0.63197
0.15075 0.03775 0.61941
0.1463 0.037755 0.62955
0.13613 0.037759 0.6633
0.15464 0.03775 0.64877
0.1454 0.037756 0.66477
0.13374 0.037761 0.67637
0.13958 0.037755 0.69688
0.1437 0.037753 0.6803
0.1462 0.037751 0.7045
0.12865 0.037767 0.70787
0.1398 0.037753 0.73574
0.15053 0.037751 0.711
0.14644 0.037748 0.73566
0.13993 0.037752 0.75113
0.13403 0.037752 0.76834
0.15195 0.037746 0.74222
0.15564 0.037742 0.7586
0.13715 0.037745 0.79509
0.15011 0.037744 0.77874
0.15174 0.037744 0.80085
0.14257 0.037745 0.80889
0.14019 0.037743 0.82983
0.16055 0.037743 0.81653
0.15319 0.037741 0.8303
0.13851 0.037737 0.84873
0.14506 0.037735 0.8637
0.15777 0.037735 0.84776
0.15799 0.037735 0.86311
0.13535 0.037736 0.8777
0.15495 0.037737 0.88199
0.15348 0.037738 0.89853
0.13362 0.037734 0.90961
0.13861 0.037696 0.92875
0.15558 0.037739 0.91176
0.15327 0.037706 0.92578
0.13494 0.035062 0.9527
0.157 0.037645 0.94104
0.15673 0.033397 0.96149
0.16923 0.037728 0.044739
0.17601 0.037728 0.060936
0.18521 0.037729 0.045414
0.18423 0.037729 0.0549
0.16889 0.037728 0.075962
0.17255 0.037729 0.091499
0.18768 0.03773 0.077425
0.18731 0.037731 0.092504
0.16791 0.037728 0.10535
0.17183 0.037729 0.12799
0.18201 0.037732 0.10669
0.18878 0.037734 0.11718
0.17028 0.037728 0.13982
0.17677 0.037727 0.15293
0.18487 0.037728 0.14421
0.1891 0.037731 0.14932
0.17594 0.037727 0.19209
0.18764 0.037728 0.17079
0.18294 0.037728 0.18736
0.17171 0.037726 0.22514
0.18411 0.037726 0.19998
0.18308 0.037725 0.21825
0.16934 0.037727 0.23752
0.17125 0.037724 0.25554
0.18305 0.037722 0.24717
0.18404 0.037715 0.26844
0.17947 0.037719 0.28675
0.16227 0.03773 0.29518
0.16821 0.037729 0.31221
0.18146 0.037722 0.30635
0.18365 0.037719 0.32302
0.16063 0.037732 0.3397
0.16318 0.037729 0.34656
0.17739 0.037719 0.33484
0.18022 0.037718 0.3443
0.16878 0.037724 0.36923
0.17859 0.03772 0.37197
0.17516 0.037715 0.38907
0.16353 0.03773 0.42412
0.1828 0.037709 0.40097
0.1827 0.037711 0.41998
0.16308 0.037738 0.43716
0.16371 0.037744 0.45225
0.17837 0.037722 0.43372
0.1717 0.037738 0.45871
0.15983 0.037769 0.48674
0.17279 0.037759 0.47755
0.17548 0.037764 0.48592
0.15867 0.03776 0.50259
0.15851 0.037753 0.53082
0.17708 0.037758 0.50867
0.17474 0.037754 0.53071
0.15884 0.037756 0.54608
0.17071 0.037744 0.56377
0.16626 0.037729 0.581
0.15744 0.037739 0.59395
0.17826 0.03773 0.58716
0.17304 0.037718 0.59943
0.16639 0.037721 0.61077
0.16071 0.037736 0.63228
0.17391 0.037715 0.609
0.17413 0.037717 0.62811
0.1612 0.037744 0.65087
0.16324 0.037743 0.66086
0.18536 0.037741 0.65539
0.18599 0.037739 0.66703
0.16357 0.037743 0.67884
0.16278 0.037744 0.69469
0.17586 0.037735 0.67686
0.17907 0.037738 0.69682
0.16923 0.03774 0.72181
0.16625 0.037739 0.7334
0.17901 0.037738 0.70976
0.18014 0.037732 0.73839
0.17294 0.03773 0.75263
0.16635 0.037735 0.76016
0.18154 0.037728 0.7521
0.16624 0.037743 0.7947
0.186 0.037737 0.77516
0.18585 0.037742 0.80128
0.17159 0.037741 0.80929
0.18463 0.037741 0.81711
0.18646 0.037737 0.83167
0.17646 0.037734 0.84176
0.16776 0.037733 0.85791
0.18543 0.037733 0.84867
0.18365 0.037732 0.85559
0.16614 0.037737 0.8768
0.16619 0.037739 0.89292
0.1915 0.037733 0.87196
0.19091 0.037737 0.89113
0.16836 0.037693 0.92952
0.1833 0.037691 0.93056
0.178 0.034499 0.95374
0.18497 0.037653 0.93886
0.19011 0.033794 0.95623
0.19961 0.037734 0.044157
0.20775 0.037736 0.05815
0.22106 0.037741 0.034948
0.21915 0.03774 0.055918
0.20643 0.037735 0.068137
0.20313 0.037734 0.087674
0.22355 0.037739 0.07015
0.22006 0.037738 0.092223
0.20864 0.037735 0.099544
0.20252 0.037736 0.1253
0.22511 0.03774 0.099939
0.21685 0.03774 0.11976
0.20132 0.037736 0.14032
0.19657 0.037727 0.1715
0.20645 0.037727 0.18729
0.22266 0.037723 0.17
0.22484 0.037716 0.1808
0.20163 0.037728 0.19795
0.21876 0.037725 0.19741
0.20648 0.037715 0.23534
0.21996 0.037721 0.22981
0.21687 0.037711 0.25342
0.19911 0.037695 0.27042
0.19421 0.037698 0.27876
0.21706 0.037699 0.26408
0.21017 0.037676 0.28253
0.2017 0.037677 0.30345
0.1993 0.037685 0.32339
0.20829 0.037661 0.31182
0.19285 0.037701 0.32927
0.19716 0.037692 0.35206
0.20883 0.037672 0.3285
0.21777 0.037674 0.34537
0.20042 0.037676 0.36185
0.19723 0.037672 0.3797
0.21221 0.037666 0.36013
0.20516 0.037651 0.38631
0.19491 0.037682 0.40453
0.20343 0.037661 0.40125
0.19446 0.037698 0.42826
0.18553 0.037738 0.45543
0.20777 0.037694 0.4297
0.20721 0.037723 0.44854
0.1905 0.037751 0.46767
0.19283 0.037761 0.48889
0.19708 0.037756 0.47581
0.20098 0.037772 0.4894
0.18903 0.037762 0.51082
0.19099 0.037751 0.52455
0.19193 0.037738 0.54183
0.19296 0.037731 0.55631
0.20332 0.03773 0.55729
0.19088 0.037722 0.587
0.18752 0.037727 0.59934
0.20695 0.037721 0.58497
0.20689 0.037723 0.59196
0.18839 0.037725 0.61198
0.19031 0.037732 0.63719
0.21327 0.037731 0.63769
0.19063 0.037737 0.65375
0.19977 0.037727 0.66044
0.21282 0.03773 0.64636
0.20042 0.03772 0.67876
0.19513 0.037724 0.70075
0.2112 0.037714 0.68029
0.21005 0.037711 0.70222
0.19436 0.037722 0.71444
0.19443 0.037719 0.73332
0.21091 0.037706 0.71649
0.21332 0.0377 0.7276
0.19864 0.037724 0.76489
0.21463 0.037713 0.75365
0.1982 0.037737 0.78613
0.2052 0.037736 0.79782
0.21571 0.037726 0.77759
0.20051 0.037737 0.83555
0.22291 0.037742 0.82039
0.21992 0.037739 0.83461
0.20118 0.037734 0.8495
0.20475 0.037731 0.86267
0.2185 0.037738 0.84093
0.22007 0.037731 0.86197
0.20392 0.03773 0.87776
0.2065 0.037734 0.8948
0.21663 0.037728 0.87941
0.22164 0.037734 0.89769
0.2108 0.037702 0.92809
0.22163 0.037746 0.91494
0.19906 0.037614 0.94719
0.21045 0.033374 0.96269
0.21845 0.037638 0.94305
0.21891 0.033646 0.95729
0.2315 0.037744 0.034954
0.23507 0.037744 0.060715
0.24868 0.03775 0.042205
0.25675 0.037752 0.055455
0.23675 0.037744 0.066711
0.23303 0.037741 0.083142
0.25261 0.037746 0.074469
0.25585 0.037747 0.083632
0.24228 0.037747 0.1164
0.25217 0.037747 0.099071
0.24752 0.037746 0.12288
0.23169 0.03774 0.14118
0.25074 0.03774 0.13554
0.25635 0.037731 0.15157
0.23157 0.037717 0.17198
0.24132 0.037707 0.18657
0.24879 0.037712 0.17171
0.25447 0.037712 0.18094
0.23438 0.03771 0.20576
0.22768 0.037718 0.22371
0.25086 0.037705 0.20044
0.22689 0.037717 0.2386
0.23355 0.037718 0.24405
0.23506 0.037701 0.26704
0.23367 0.037682 0.28698
0.25342 0.037689 0.27592
0.25162 0.037668 0.29969
0.24787 0.037664 0.31461
0.22553 0.037656 0.34823
0.24402 0.037646 0.33594
0.24948 0.037641 0.35306
0.22876 0.037637 0.35999
0.24077 0.037621 0.36575
0.23631 0.037601 0.38003
0.22016 0.037645 0.39958
0.22953 0.037628 0.41313
0.23926 0.037609 0.39283
0.22375 0.037656 0.42738
0.22036 0.037696 0.44755
0.24034 0.03764 0.43092
0.23452 0.037674 0.45066
0.21376 0.037775 0.47347
0.22844 0.037739 0.4681
0.23377 0.037806 0.48411
0.22408 0.037755 0.50549
0.22886 0.037762 0.53296
0.21996 0.037741 0.54915
0.21585 0.037738 0.5676
0.225 0.037718 0.59512
0.23393 0.03771 0.6027
0.22923 0.037692 0.61462
0.22677 0.037687 0.64112
0.2355 0.037677 0.61915
0.24071 0.037657 0.63695
0.22356 0.037693 0.65561
0.2318 0.037668 0.66611
0.2414 0.03765 0.65807
0.24278 0.037663 0.67252
0.23217 0.037687 0.68896
0.25055 0.037672 0.69773
0.23308 0.037679 0.72427
0.2445 0.037672 0.71557
0.24637 0.037671 0.73474
0.23301 0.03769 0.7474
0.23057 0.037702 0.76455
0.24769 0.037683 0.75308
0.25665 0.03769 0.76977
0.22808 0.037724 0.78427
0.23662 0.037725 0.79668
0.25232 0.037703 0.77894
0.2373 0.037734 0.81196
0.255 0.037726 0.81387
0.24878 0.037735 0.8325
0.23889 0.037737 0.8477
0.23459 0.037732 0.86288
0.23328 0.037727 0.88063
0.23227 0.037727 0.88979
0.25494 0.037728 0.87926
0.24273 0.03774 0.91371
0.23353 0.037703 0.92939
0.2486 0.037735 0.90481
0.25738 0.037701 0.93156
0.24066 0.0334 0.96143
0.25265 0.037683 0.9369
0.27288 0.037756 0.05575
0.29303 0.037757 0.060081
0.27457 0.037749 0.078221
0.26778 0.037748 0.092699
0.29153 0.037754 0.072941
0.2687 0.037749 0.10719
0.28803 0.03775 0.10214
0.28314 0.037746 0.12057
0.26913 0.037737 0.13349
0.2663 0.037728 0.15383
0.29039 0.037731 0.13498
0.29169 0.037725 0.15456
0.2625 0.03772 0.16647
0.26753 0.037717 0.17905
0.2829 0.037721 0.1887
0.27032 0.037712 0.2116
0.28523 0.037716 0.19366
0.28263 0.037704 0.21849
0.26556 0.037688 0.25454
0.28285 0.037684 0.23275
0.28425 0.037679 0.25173
0.27879 0.037671 0.25948
0.25946 0.03765 0.30131
0.26174 0.03764 0.31064
0.28504 0.03761 0.31425
0.2576 0.037638 0.33028
0.2617 0.037621 0.3534
0.27132 0.037596 0.33633
0.27371 0.0376 0.34885
0.25995 0.03762 0.35946
0.25998 0.037597 0.37934
0.2757 0.037603 0.37003
0.25598 0.037604 0.39989
0.25216 0.037621 0.41497
0.27197 0.037593 0.40487
0.26589 0.037594 0.42013
0.24418 0.037695 0.4556
0.26325 0.037596 0.42825
0.27001 0.037619 0.44725
0.24079 0.037779 0.47005
0.24349 0.037821 0.48782
0.25783 0.037863 0.48291
0.24118 0.037804 0.51042
0.2532 0.037779 0.53597
0.24641 0.037771 0.54179
0.25015 0.037754 0.57355
0.25601 0.037751 0.55312
0.26659 0.037766 0.56448
0.25497 0.037737 0.58035
0.25036 0.037698 0.60778
0.26302 0.037722 0.58325
0.26479 0.037681 0.59637
0.25623 0.037653 0.61888
0.25724 0.037632 0.63783
0.2727 0.037587 0.63402
0.26025 0.037628 0.65601
0.25847 0.037647 0.672
0.27317 0.0376 0.65604
0.27592 0.037616 0.67321
0.25819 0.037659 0.68047
0.26671 0.037621 0.70166
0.28247 0.037629 0.68284
0.27878 0.0376 0.70878
0.26501 0.037618 0.72248
0.26885 0.037617 0.73039
0.28685 0.037629 0.7347
0.2722 0.037674 0.75728
0.26857 0.037682 0.77351
0.2866 0.037673 0.75064
0.26285 0.037692 0.78098
0.27129 0.037691 0.79885
0.2886 0.037677 0.7862
0.28498 0.03769 0.80323
0.28695 0.037712 0.81984
0.27995 0.037725 0.83451
0.27284 0.037734 0.85115
0.29122 0.037726 0.84901
0.28359 0.037728 0.86337
0.26763 0.037726 0.88371
0.2775 0.037732 0.89585
0.28882 0.037726 0.88344
0.28204 0.037733 0.89694
0.29365 0.037744 0.91203
0.2913 0.037722 0.92772
0.27412 0.037642 0.94698
0.27688 0.033901 0.95577
0.2942 0.037699 0.9371
0.28235 0.03343 0.96045
0.29919 0.037759 0.044982
0.3026 0.037758 0.057668
0.32559 0.037757 0.043876
0.32667 0.037758 0.05745
0.30096 0.037754 0.078185
0.30489 0.037756 0.085405
0.32137 0.037759 0.06894
0.3172 0.037756 0.091689
0.3028 0.037749 0.10567
0.3005 0.037742 0.12289
0.3253 0.037753 0.10079
0.31563 0.037744 0.12053
0.29891 0.037725 0.14062
0.30189 0.037724 0.1516
0.31857 0.037724 0.13912
0.31933 0.037722 0.14818
0.29962 0.037717 0.17213
0.30228 0.037712 0.18626
0.31949 0.037712 0.16616
0.30286 0.037688 0.2152
0.32339 0.037688 0.2011
0.32185 0.037684 0.20914
0.29374 0.037667 0.23573
0.30016 0.037656 0.24606
0.30997 0.037643 0.25061
0.29893 0.037645 0.25909
0.29301 0.037624 0.28219
0.30847 0.037632 0.25862
0.31386 0.037604 0.27594
0.29272 0.037594 0.30143
0.29215 0.037595 0.31044
0.30913 0.03757 0.3018
0.30932 0.037567 0.30923
0.29627 0.037583 0.32668
0.28643 0.037598 0.35063
0.3085 0.037548 0.33339
0.31477 0.037544 0.34858
0.29089 0.037596 0.35554
0.28517 0.037605 0.38458
0.30172 0.037579 0.36445
0.30834 0.037628 0.37898
0.28329 0.037593 0.40356
0.29095 0.037567 0.41305
0.29874 0.037569 0.4001
0.30243 0.037564 0.41699
0.28303 0.037583 0.4343
0.27622 0.037639 0.4523
0.30269 0.037669 0.43373
0.30466 0.037789 0.44403
0.27192 0.037898 0.48004
0.28605 0.037783 0.46638
0.27516 0.037911 0.49057
0.26982 0.037935 0.50434
0.26392 0.037918 0.5224
0.2811 0.03803 0.5063
0.27808 0.037805 0.54386
0.28733 0.037734 0.56875
0.27643 0.0377 0.58507
0.30327 0.037605 0.60238
0.28205 0.037584 0.6254
0.28636 0.037577 0.63915
0.31101 0.037615 0.63783
0.30971 0.037637 0.66537
0.3127 0.037667 0.68003
0.3185 0.037648 0.71072
0.31987 0.037647 0.72905
0.31349 0.037664 0.74012
0.29891 0.03767 0.74814
0.30558 0.037663 0.76752
0.3169 0.037655 0.75585
0.31535 0.037661 0.77281
0.30599 0.037678 0.78674
0.29861 0.037682 0.79959
0.31323 0.037678 0.79114
0.31401 0.037684 0.80693
0.29746 0.037697 0.81248
0.31673 0.037692 0.83313
0.3001 0.037718 0.84649
0.30691 0.037718 0.86336
0.29986 0.037724 0.88585
0.30779 0.037726 0.89343
0.3195 0.037721 0.87566
0.31809 0.037728 0.89973
0.3014 0.037743 0.91525
0.31091 0.037729 0.93072
0.3275 0.037732 0.90866
0.31865 0.037731 0.9248
0.30261 0.037696 0.94637
0.32101 0.037708 0.94383
0.33707 0.037756 0.040417
0.33606 0.037758 0.054949
0.36093 0.03776 0.040475
0.3502 0.037757 0.050775
0.3363 0.037761 0.072091
0.33566 0.037764 0.084062
0.35127 0.037768 0.081852
0.33748 0.037754 0.1021
0.33219 0.037746 0.11901
0.35219 0.037744 0.11788
0.33483 0.037727 0.13535
0.33884 0.03772 0.1473
0.35115 0.037723 0.13701
0.35774 0.037718 0.14523
0.3391 0.037707 0.16458
0.33897 0.037698 0.17514
0.34634 0.03771 0.16031
0.35116 0.037699 0.17477
0.33115 0.037693 0.19433
0.32914 0.037684 0.21419
0.34687 0.037693 0.19332
0.33604 0.03766 0.22672
0.33079 0.037633 0.24986
0.34654 0.037656 0.22889
0.35313 0.037645 0.24407
0.3363 0.037578 0.26611
0.33378 0.037565 0.27662
0.35113 0.0376 0.2625
0.34372 0.037558 0.27136
0.32695 0.037568 0.29173
0.32798 0.037563 0.31509
0.34338 0.037543 0.29089
0.33888 0.037534 0.31481
0.33249 0.037558 0.32245
0.32304 0.037534 0.34225
0.33804 0.037568 0.33204
0.34933 0.037897 0.35971
0.34099 0.037715 0.37473
0.3168 0.037581 0.39891
0.31431 0.037562 0.41787
0.32794 0.037579 0.38984
0.31521 0.037792 0.43481
0.32481 0.03767 0.42983
0.29463 0.03789 0.4668
0.29025 0.038016 0.49288
0.30307 0.038051 0.48469
0.29152 0.038058 0.50495
0.29481 0.038067 0.50545
0.30909 0.038075 0.53743
0.30047 0.037773 0.57436
0.31275 0.037966 0.5518
0.31651 0.037745 0.57282
0.31857 0.03759 0.59668
0.31319 0.037596 0.61461
0.31503 0.037599 0.62282
0.32156 0.037619 0.64167
0.33651 0.037609 0.6222
0.34251 0.037621 0.63939
0.33017 0.03762 0.6668
0.32017 0.037661 0.68073
0.34318 0.037614 0.66288
0.33935 0.037608 0.67845
0.32541 0.037627 0.70642
0.34271 0.037596 0.69073
0.35005 0.037574 0.71365
0.32451 0.037643 0.72313
0.33323 0.037611 0.73595
0.34861 0.03759 0.72504
0.34334 0.037601 0.74557
0.33286 0.037621 0.75131
0.33503 0.037642 0.77682
0.34679 0.037592 0.75676
0.35032 0.037617 0.77279
0.34901 0.037657 0.78855
0.35062 0.037665 0.80917
0.34211 0.037674 0.82125
0.3313 0.03768 0.82816
0.35196 0.037678 0.83213
0.34236 0.037708 0.84908
0.3403 0.037715 0.865
0.35952 0.037692 0.84356
0.35894 0.037708 0.86612
0.33473 0.037728 0.88253
0.33833 0.037728 0.89578
0.35145 0.037726 0.89091
0.34372 0.037732 0.91229
0.33708 0.037708 0.92879
0.35154 0.037731 0.91519
0.35159 0.037707 0.92601
0.34338 0.037669 0.93961
0.33507 0.033518 0.95877
0.35847 0.037668 0.93942
0.35042 0.033373 0.96278
0.36785 0.037762 0.035029
0.37766 0.037769 0.054813
0.38668 0.037769 0.04048
0.38773 0.037772 0.068195
0.39135 0.037766 0.088513
0.36708 0.03775 0.10053
0.37739 0.037731 0.11262
0.39031 0.037743 0.10361
0.38489 0.037731 0.11193
0.366 0.037717 0.13945
0.36706 0.037718 0.15235
0.39006 0.037721 0.13302
0.37348 0.037711 0.16194
0.36791 0.037703 0.1737
0.38852 0.037705 0.18365
0.36838 0.037696 0.19161
0.37129 0.037676 0.20759
0.38342 0.037684 0.19628
0.383 0.037673 0.20567
0.36585 0.037641 0.23177
0.36298 0.037642 0.2434
0.38995 0.037657 0.2232
0.38598 0.037643 0.24575
0.3615 0.037621 0.25853
0.36041 0.037577 0.28115
0.38552 0.03761 0.26221
0.37343 0.037601 0.27739
0.36624 0.037537 0.30364
0.37998 0.037592 0.28994
0.3785 0.037579 0.29967
0.35469 0.037523 0.32123
0.35968 0.03776 0.34353
0.35295 0.037932 0.36656
0.37054 0.03787 0.35146
0.35187 0.037735 0.38336
0.35889 0.03781 0.37962
0.35364 0.037581 0.39677
0.33637 0.037723 0.43409
0.33118 0.037931 0.44533
0.34745 0.037534 0.42163
0.3339 0.037923 0.44916
0.31626 0.038233 0.46311
0.31839 0.038096 0.48105
0.30517 0.038297 0.51431
0.32139 0.037968 0.54515
0.31338 0.03834 0.51066
0.32651 0.037951 0.54664
0.33298 0.037808 0.5657
0.33329 0.03771 0.57875
0.3391 0.037646 0.59806
0.34286 0.037619 0.61662
0.35316 0.037633 0.59225
0.36352 0.037725 0.61967
0.34862 0.037624 0.63663
0.34944 0.037624 0.64545
0.36184 0.037639 0.6372
0.3685 0.037636 0.64904
0.35081 0.037601 0.66475
0.35516 0.037578 0.68535
0.3788 0.037613 0.66527
0.38146 0.037561 0.6763
0.35691 0.037555 0.69687
0.37373 0.037565 0.69031
0.38064 0.037568 0.71176
0.37386 0.037582 0.74326
0.3892 0.037566 0.72503
0.38322 0.037572 0.74423
0.37174 0.037581 0.76289
0.36293 0.037597 0.76843
0.37988 0.037581 0.75999
0.37616 0.037624 0.79052
0.3739 0.037644 0.80774
0.38288 0.037618 0.78592
0.37345 0.037661 0.81697
0.36721 0.037678 0.83725
0.37053 0.037686 0.84485
0.36939 0.037695 0.86151
0.38495 0.037678 0.84532
0.38674 0.037697 0.86916
0.37227 0.037718 0.88025
0.36794 0.037724 0.89833
0.39015 0.037718 0.90181
0.37208 0.037727 0.9122
0.37913 0.0377 0.93014
0.38561 0.037725 0.91173
0.39289 0.037694 0.93268
0.37631 0.037669 0.94278
0.37036 0.034211 0.95462
0.38942 0.03767 0.94352
0.39566 0.033976 0.95543
0.41202 0.037778 0.036395
0.41772 0.037779 0.040765
0.41873 0.037773 0.061758
0.402 0.037769 0.077094
0.42399 0.037765 0.069867
0.42903 0.037756 0.089256
0.41136 0.03775 0.10173
0.40136 0.037739 0.11255
0.41888 0.037752 0.099514
0.41821 0.037745 0.11903
0.40767 0.037725 0.13724
0.40225 0.03772 0.15288
0.42275 0.037724 0.144
0.40556 0.037708 0.16134
0.40389 0.037698 0.18106
0.4168 0.037695 0.1669
0.41899 0.037689 0.17334
0.40739 0.037669 0.21444
0.42036 0.037661 0.1953
0.4255 0.037646 0.20195
0.39324 0.037648 0.22833
0.40407 0.037661 0.24508
0.42456 0.037661 0.21914
0.40207 0.037624 0.2597
0.39767 0.037606 0.26849
0.421 0.037636 0.27047
0.40268 0.037585 0.28916
0.39303 0.037594 0.30187
0.41742 0.037625 0.27809
0.41171 0.037581 0.29392
0.39198 0.037588 0.31965
0.39417 0.037614 0.33305
0.41322 0.03762 0.31134
0.40207 0.037643 0.33538
0.37773 0.037905 0.36124
0.40746 0.037686 0.34129
0.36776 0.037877 0.37583
0.36524 0.037571 0.39778
0.38983 0.037754 0.37258
0.38159 0.037578 0.38748
0.36614 0.03741 0.41918
0.35872 0.037462 0.43767
0.37864 0.037504 0.40046
0.34074 0.03782 0.45734
0.32282 0.037944 0.48119
0.35684 0.037192 0.45233
0.32729 0.037668 0.49322
0.32284 0.037984 0.50207
0.33056 0.038031 0.53581
0.32819 0.03741 0.50904
0.34899 0.037854 0.54566
0.35968 0.037603 0.56759
0.37703 0.03758 0.58145
0.37211 0.037851 0.61409
0.39651 0.037818 0.63193
0.3796 0.037747 0.63693
0.38867 0.037641 0.65817
0.39929 0.037684 0.64275
0.39204 0.037573 0.66769
0.39951 0.037511 0.67967
0.4076 0.037529 0.66625
0.41873 0.037456 0.67688
0.39212 0.037544 0.6983
0.39979 0.037521 0.70688
0.42142 0.037502 0.69593
0.42296 0.03748 0.71107
0.40678 0.037523 0.72725
0.40138 0.037533 0.73928
0.42083 0.037488 0.7369
0.40138 0.037564 0.76915
0.42058 0.037518 0.75744
0.41499 0.037561 0.77241
0.40656 0.03759 0.7883
0.3988 0.037618 0.807
0.4245 0.037568 0.78955
0.42794 0.037587 0.80459
0.4117 0.037624 0.82429
0.42916 0.037608 0.81682
0.41642 0.037635 0.83245
0.40191 0.037674 0.84613
0.42208 0.037683 0.86657
0.41077 0.037699 0.88461
0.4063 0.037712 0.90131
0.4259 0.037691 0.88503
0.4206 0.037696 0.89331
0.40801 0.037721 0.91082
0.40621 0.037696 0.93201
0.42576 0.0377 0.92985
0.40086 0.037665 0.94606
0.41673 0.03768 0.93959
0.42653 0.033398 0.9615
0.43601 0.037776 0.040842
0.44196 0.037767 0.059154
0.45585 0.037775 0.044071
0.43593 0.03776 0.068542
0.43629 0.037754 0.087545
0.46394 0.037751 0.076629
0.45741 0.037749 0.091269
0.43233 0.037751 0.11362
0.46141 0.037748 0.097656
0.44317 0.037729 0.13197
0.43491 0.037721 0.14668
0.45222 0.037725 0.13379
0.46193 0.03772 0.14777
0.4435 0.037701 0.15937
0.43985 0.037687 0.17884
0.45882 0.03769 0.16595
0.45587 0.037685 0.18183
0.44272 0.037659 0.1925
0.4368 0.037642 0.20351
0.45034 0.037648 0.21024
0.43303 0.037657 0.22292
0.42886 0.037665 0.23657
0.44758 0.037654 0.22135
0.43113 0.037676 0.24645
0.43074 0.037637 0.26084
0.45328 0.037654 0.25451
0.45681 0.037677 0.26592
0.42813 0.037649 0.27577
0.44393 0.037663 0.28409
0.45157 0.037708 0.29658
0.42736 0.037645 0.30944
0.42351 0.037623 0.32459
0.4479 0.03772 0.30377
0.4428 0.037652 0.31634
0.42352 0.03768 0.33567
0.41346 0.037738 0.35609
0.44992 0.037741 0.33112
0.44128 0.037803 0.3435
0.42985 0.037692 0.36083
0.38814 0.036949 0.40142
0.38554 0.036669 0.42325
0.41476 0.036548 0.37955
0.40425 0.035005 0.40503
0.36646 0.036462 0.44503
0.34424 0.035853 0.47837
0.35589 0.034166 0.49353
0.33749 0.036032 0.5204
0.35659 0.037024 0.54668
0.34896 0.035379 0.53013
0.38991 0.035384 0.5683
0.39042 0.036633 0.58924
0.40114 0.036986 0.60552
0.39835 0.035932 0.59283
0.40952 0.036679 0.60792
0.4089 0.037908 0.62123
0.41866 0.03753 0.6166
0.42761 0.03754 0.63717
0.4192 0.037574 0.6533
0.44296 0.037633 0.64106
0.4518 0.037538 0.65133
0.42937 0.037433 0.67069
0.42852 0.037462 0.68012
0.44975 0.037443 0.66907
0.44777 0.037462 0.67757
0.43088 0.037468 0.69841
0.44 0.037448 0.71168
0.46117 0.03737 0.70903
0.43692 0.037455 0.72663
0.44249 0.03747 0.74245
0.45248 0.037421 0.7244
0.4571 0.037445 0.74418
0.44535 0.037479 0.75297
0.43332 0.037534 0.77305
0.45844 0.037451 0.75732
0.45458 0.037507 0.7733
0.43788 0.037556 0.787
0.43955 0.037587 0.80743
0.45266 0.037543 0.79028
0.46389 0.037577 0.80801
0.44157 0.037612 0.82942
0.45302 0.037593 0.82353
0.4529 0.037615 0.83242
0.44321 0.037659 0.84483
0.43599 0.03768 0.86653
0.46234 0.037647 0.84509
0.43831 0.037686 0.87604
0.43893 0.037693 0.89499
0.45166 0.037681 0.88593
0.45933 0.037693 0.89869
0.4456 0.037719 0.917
0.44555 0.037702 0.92838
0.45896 0.037716 0.91762
0.45455 0.037692 0.93251
0.44263 0.037665 0.94829
0.46294 0.037663 0.94486
0.45872 0.033365 0.96342
0.40129 0.037273 0.44043
0.37441 0.037704 0.47284
0.37695 0.037723 0.53459
0.38222 0.035918 0.50888
0.48103 0.037781 0.045009
0.47777 0.037771 0.061977
0.49608 0.037778 0.038562
0.48798 0.037774 0.060153
0.47033 0.037754 0.07708
0.4738 0.037754 0.088398
0.49218 0.037766 0.070345
0.49129 0.037757 0.089331
0.48098 0.037743 0.10509
0.47622 0.037742 0.11123
0.48561 0.037747 0.099644
0.4954 0.037742 0.11909
0.47414 0.037732 0.12987
0.49181 0.037725 0.14311
0.46868 0.0377 0.16197
0.47588 0.037694 0.17456
0.48621 0.037711 0.15825
0.47681 0.037682 0.18949
0.47328 0.037663 0.20532
0.48901 0.037687 0.18687
0.48902 0.037662 0.20269
0.46985 0.037661 0.22557
0.47644 0.037664 0.23072
0.48594 0.037675 0.21776
0.49209 0.037659 0.22905
0.46455 0.037661 0.25441
0.47786 0.037667 0.25765
0.49205 0.037663 0.25248
0.49725 0.037691 0.26536
0.46916 0.037711 0.28129
0.47279 0.037761 0.28921
0.48535 0.037769 0.28944
0.46573 0.037808 0.30565
0.47058 0.037985 0.31773
0.48662 0.037858 0.30612
0.49072 0.038026 0.31678
0.46863 0.038047 0.32661
0.47242 0.038213 0.33338
0.49253 0.038389 0.334
0.45935 0.037671 0.35327
0.48092 0.038145 0.34133
0.48279 0.037457 0.34579
0.43138 0.035716 0.37733
0.42931 0.034431 0.39334
0.47274 0.035365 0.35783
0.47523 0.034207 0.36538
0.42335 0.033555 0.42
0.45202 0.033358 0.50139
0.39952 0.03342 0.52137
0.40448 0.034222 0.58255
0.44835 0.033698 0.60535
0.44135 0.035211 0.61368
0.48642 0.033961 0.59638
0.498 0.035167 0.61025
0.44415 0.037058 0.62158
0.46027 0.037643 0.62917
0.49337 0.036599 0.61998
0.50388 0.037341 0.6287
0.46376 0.037679 0.63715
0.46598 0.037471 0.65579
0.48538 0.037524 0.63762
0.49908 0.037444 0.64971
0.46344 0.037445 0.66099
0.46585 0.037383 0.67651
0.49977 0.037293 0.65988
0.47401 0.037366 0.68652
0.47147 0.037365 0.71304
0.48482 0.037303 0.69006
0.49193 0.037303 0.70433
0.47663 0.037386 0.73221
0.49194 0.03734 0.71565
0.49327 0.037377 0.73586
0.4769 0.037418 0.75345
0.47834 0.037457 0.76684
0.49451 0.037399 0.75503
0.4961 0.037448 0.76691
0.48012 0.037515 0.77985
0.47076 0.037558 0.80156
0.49241 0.037564 0.80728
0.47924 0.037604 0.83517
0.49466 0.037571 0.81768
0.49235 0.037605 0.83777
0.47727 0.037641 0.84902
0.47943 0.037654 0.86485
0.4864 0.037647 0.8622
0.47615 0.037677 0.87985
0.47334 0.03768 0.89028
0.49451 0.037674 0.88489
0.46906 0.037691 0.92951
0.49122 0.037708 0.91195
0.48625 0.037677 0.93168
0.47583 0.037654 0.94557
0.4758 0.034756 0.95325
0.4873 0.037656 0.93964
0.47893 0.033884 0.42739
0.40882 0.034043 0.50806
0.44647 0.033793 0.51654
0.46914 0.033882 0.56666
0.47478 0.035828 0.38962
0.48312 0.036652 0.37836
0.41297 0.035752 0.43676
0.3921 0.03502 0.47023
0.41412 0.036675 0.42449
0.39649 0.036177 0.45212
0.48222 0.034712 0.41126
0.4359 0.033967 0.45437
0.48218 0.035755 0.38822
0.44586 0.033721 0.49711
0.41726 0.034217 0.53918
0.373 0.037784 0.53212
0.42438 0.036761 0.59054
0.4919 0.033857 0.557
0.45295 0.035467 0.58951
0.4511 0.033812 0.54491
0.43607 0.036017 0.59645
0.42714 0.036593 0.59561
0.48528 0.036542 0.38002
0.43403 0.036161 0.4208
0.41614 0.034659 0.47751
0.45415 0.035518 0.41953
0.3998 0.034938 0.48553
0.45988 0.03691 0.39791
0.44058 0.03421 0.48202
0.47046 0.034887 0.4208
0.46875 0.034555 0.46152
0.39162 0.036227 0.5401
0.4094 0.036361 0.5602
0.38589 0.03573 0.50404
0.43142 0.034698 0.56184
0.43195 0.034129 0.51469
0.48129 0.034144 0.56593
0.46354 0.034002 0.50697
0.44207 0.034377 0.56706
0.42819 0.036548 0.59481
0.48279 0.036906 0.58451
0.45772 0.034324 0.44516
0.47141 0.0344 0.53171
0.50806 0.037774 0.044682
0.5265 0.03777 0.046646
0.52554 0.03777 0.055826
0.50731 0.037766 0.069218
0.50747 0.037762 0.08513
0.53094 0.037765 0.065712
0.52493 0.037761 0.0855
0.50274 0.037744 0.10194
0.51303 0.037736 0.11192
0.5289 0.037735 0.10432
0.52413 0.037731 0.11061
0.51602 0.037729 0.13181
0.5137 0.037725 0.14189
0.52037 0.037729 0.13047
0.52191 0.037724 0.15163
0.5113 0.037714 0.15716
0.51628 0.037685 0.17069
0.53082 0.037682 0.16729
0.52045 0.037683 0.17141
0.51602 0.037658 0.19371
0.50276 0.037652 0.20031
0.53019 0.037652 0.18974
0.53326 0.03762 0.20118
0.51354 0.037661 0.22135
0.51189 0.037665 0.2341
0.52649 0.037643 0.22307
0.52282 0.037658 0.23645
0.50574 0.037668 0.26281
0.52812 0.037632 0.25074
0.52446 0.037622 0.25738
0.50654 0.037679 0.27444
0.51735 0.037671 0.28917
0.53517 0.037638 0.27422
0.53893 0.037662 0.2907
0.50628 0.037767 0.30282
0.54076 0.037726 0.30508
0.54426 0.037735 0.312
0.50148 0.038295 0.33176
0.53067 0.037977 0.32144
0.54694 0.037896 0.34145
0.50862 0.037865 0.3375
0.51091 0.037495 0.33983
0.55367 0.03733 0.36818
0.53251 0.03549 0.35611
0.52376 0.034396 0.36214
0.54822 0.035552 0.37927
0.52939 0.034281 0.42169
0.5076 0.033406 0.43845
0.52065 0.033732 0.44853
0.52954 0.033422 0.4768
0.48513 0.033374 0.52993
0.52626 0.033583 0.59567
0.56997 0.033407 0.55115
0.58183 0.034112 0.59758
0.50916 0.035674 0.61593
0.55053 0.035355 0.60909
0.547 0.036411 0.61788
0.53231 0.037074 0.62643
0.5102 0.037559 0.64376
0.52758 0.037528 0.63289
0.53679 0.037457 0.64514
0.51036 0.037326 0.65695
0.51666 0.037225 0.66949
0.53286 0.037263 0.66327
0.53666 0.037285 0.67267
0.51064 0.03729 0.68759
0.50408 0.037295 0.70167
0.52447 0.037319 0.68424
0.53538 0.03733 0.7005
0.50299 0.037345 0.72608
0.50939 0.037379 0.73978
0.52066 0.037385 0.74069
0.508 0.037391 0.7534
0.50917 0.037429 0.76459
0.52781 0.037398 0.7463
0.52081 0.037436 0.76593
0.51562 0.037499 0.77956
0.50593 0.037544 0.80134
0.52813 0.037515 0.78961
0.53269 0.037544 0.80182
0.50745 0.037565 0.81832
0.51288 0.037569 0.82752
0.52481 0.037563 0.82226
0.52523 0.037584 0.83162
0.51139 0.037642 0.85944
0.53274 0.037653 0.86591
0.50967 0.037672 0.88214
0.51526 0.037679 0.89585
0.53125 0.037674 0.88121
0.53193 0.037686 0.89817
0.50193 0.037709 0.91743
0.5209 0.037707 0.91426
0.50437 0.034984 0.9528
0.52827 0.037594 0.94581
0.52614 0.033528 0.95849
0.4845 0.033949 0.50774
0.513 0.033748 0.55432
0.50137 0.034399 0.40101
0.50227 0.033889 0.48111
0.53733 0.036758 0.40029
0.48193 0.033828 0.44434
0.542 0.034925 0.51773
0.50971 0.036541 0.45043
0.56623 0.036187 0.51592
0.51925 0.033745 0.53092
0.50303 0.034769 0.57816
0.5501 0.034093 0.55752
0.53338 0.036457 0.58659
0.57325 0.034318 0.54829
0.5646 0.035714 0.59252
0.60036 0.03742 0.54693
0.59232 0.037662 0.57622
0.51924 0.036063 0.59385
0.53149 0.036488 0.38829
0.53309 0.035676 0.39529
0.47599 0.033845 0.48443
0.50505 0.034696 0.4235
0.5007 0.034559 0.46176
0.50887 0.036759 0.45032
0.53843 0.03518 0.49684
0.51536 0.034677 0.48509
0.53513 0.034136 0.53713
0.52082 0.035881 0.56986
0.50449 0.034388 0.51579
0.51614 0.03471 0.56319
0.5924 0.037038 0.5561
0.58047 0.03651 0.58368
0.56773 0.035387 0.52938
0.4847 0.034268 0.45327
0.49556 0.034323 0.46659
0.51509 0.034412 0.523
0.54236 0.037768 0.053245
0.56492 0.037762 0.036513
0.56061 0.037761 0.061837
0.54461 0.03775 0.08991
0.55656 0.037759 0.069645
0.55731 0.037753 0.086163
0.54492 0.037725 0.10519
0.54948 0.037721 0.12039
0.55467 0.037723 0.10461
0.55481 0.037719 0.12064
0.54546 0.037716 0.13026
0.56554 0.037712 0.13187
0.55833 0.03771 0.14249
0.54883 0.037677 0.16479
0.56806 0.037676 0.16316
0.55093 0.037617 0.19278
0.54315 0.037611 0.20756
0.56935 0.037626 0.19106
0.56419 0.037604 0.21237
0.54831 0.037603 0.21867
0.55949 0.037601 0.21785
0.57311 0.037604 0.24364
0.55017 0.037583 0.25333
0.57227 0.037581 0.25826
0.57101 0.03758 0.26519
0.55036 0.037634 0.28863
0.57588 0.037578 0.28234
0.57197 0.037569 0.29201
0.56017 0.037685 0.30597
0.56007 0.037693 0.32252
0.57398 0.037531 0.31597
0.5787 0.037458 0.33325
0.55186 0.037801 0.32599
0.56166 0.037668 0.35665
0.57263 0.037516 0.34404
0.55359 0.037418 0.38134
0.55621 0.037091 0.39774
0.55339 0.036908 0.40299
0.53689 0.034917 0.42818
0.5584 0.036383 0.42738
0.54578 0.033979 0.45851
0.56723 0.033876 0.49414
0.59397 0.033839 0.52581
0.62127 0.035855 0.53683
0.6226 0.036357 0.56628
0.60187 0.035599 0.599
0.57481 0.036881 0.60943
0.6126 0.036443 0.59382
0.61573 0.037024 0.60266
0.57982 0.037236 0.61349
0.60965 0.037348 0.62006
0.58688 0.03744 0.62632
0.5655 0.037324 0.63379
0.54573 0.037416 0.64586
0.58348 0.037391 0.65126
0.55235 0.037391 0.65957
0.55129 0.037365 0.67836
0.57628 0.037369 0.65631
0.54323 0.037353 0.68521
0.55083 0.037384 0.7082
0.5676 0.037387 0.68907
0.55787 0.037397 0.70882
0.53826 0.037379 0.72374
0.54047 0.03741 0.7392
0.56154 0.037417 0.71714
0.54107 0.037415 0.75061
0.55467 0.037428 0.7591
0.56533 0.037477 0.77289
0.53984 0.037495 0.78023
0.54385 0.03755 0.80321
0.56587 0.037512 0.79057
0.5655 0.037568 0.8069
0.5491 0.03758 0.81401
0.54372 0.037608 0.83759
0.55591 0.037582 0.81626
0.55681 0.037603 0.83404
0.54071 0.037641 0.85507
0.55453 0.037641 0.85367
0.56142 0.037658 0.8682
0.54209 0.037679 0.89125
0.5573 0.037678 0.88588
0.56527 0.037685 0.89294
0.54734 0.03771 0.91172
0.5376 0.03766 0.93107
0.55986 0.037714 0.91471
0.55591 0.037669 0.93057
0.54434 0.037611 0.94499
0.54844 0.033435 0.96022
0.56409 0.037628 0.94224
0.55489 0.034516 0.95365
0.57022 0.036022 0.51902
0.57998 0.036244 0.52552
0.5777 0.037758 0.044513
0.58819 0.037755 0.040311
0.5964 0.037751 0.061563
0.5738 0.037739 0.092387
0.59062 0.037749 0.071441
0.59725 0.037736 0.091644
0.5731 0.037717 0.10729
0.57807 0.037716 0.12143
0.59595 0.037725 0.10196
0.58862 0.037715 0.11305
0.58434 0.037707 0.13853
0.6013 0.037707 0.13198
0.59603 0.037703 0.14863
0.5824 0.037662 0.1668
0.57536 0.037652 0.17611
0.59139 0.037655 0.16934
0.60191 0.037647 0.17592
0.57682 0.037608 0.20833
0.59748 0.037615 0.20053
0.58243 0.037598 0.22662
0.58227 0.0376 0.24353
0.60793 0.037591 0.22425
0.59944 0.037572 0.24363
0.58956 0.037589 0.25021
0.59973 0.037548 0.25762
0.60289 0.03752 0.27456
0.58176 0.037561 0.28239
0.58877 0.037489 0.29837
0.60439 0.03747 0.29449
0.60099 0.037436 0.30377
0.58694 0.037432 0.32044
0.60656 0.037297 0.33335
0.60714 0.037238 0.34762
0.58413 0.037318 0.35356
0.5776 0.037024 0.38753
0.59483 0.037121 0.37298
0.572 0.03667 0.40833
0.57181 0.036652 0.42392
0.5953 0.037013 0.40701
0.56601 0.036794 0.43656
0.5635 0.03681 0.45776
0.56934 0.036905 0.44567
0.56925 0.036721 0.45574
0.57442 0.036175 0.48814
0.59222 0.036927 0.50614
0.57636 0.036453 0.47647
0.59566 0.037039 0.50377
0.62501 0.037041 0.53003
0.6325 0.037619 0.54942
0.62246 0.037052 0.52034
0.63718 0.037742 0.55296
0.63006 0.037339 0.56616
0.6168 0.037268 0.6079
0.63867 0.037679 0.56459
0.63379 0.037483 0.59047
0.62203 0.037626 0.62136
0.62963 0.037677 0.61655
0.62888 0.037801 0.63784
0.60816 0.037626 0.64589
0.59955 0.037495 0.65226
0.62634 0.037942 0.65836
0.58956 0.037384 0.66314
0.58208 0.037363 0.68098
0.62412 0.037768 0.67024
0.60523 0.037445 0.68093
0.58588 0.037395 0.69075
0.59704 0.037422 0.68868
0.59424 0.037446 0.70406
0.57375 0.037435 0.7356
0.59411 0.037461 0.73396
0.57461 0.037443 0.7475
0.59977 0.037466 0.75861
0.59476 0.037501 0.77407
0.57274 0.037532 0.79754
0.59382 0.037576 0.80664
0.58036 0.037582 0.81018
0.57861 0.037591 0.82688
0.5922 0.037597 0.82279
0.57956 0.037633 0.85056
0.59886 0.037641 0.85145
0.57463 0.037671 0.87692
0.59803 0.037697 0.89868
0.57463 0.03771 0.91328
0.59408 0.037711 0.91166
0.57471 0.03761 0.94789
0.5779 0.034941 0.95283
0.59232 0.03764 0.94357
0.58685 0.033364 0.96339
0.61192 0.037751 0.044747
0.61435 0.037747 0.060781
0.63229 0.037746 0.042181
0.63425 0.037745 0.052804
0.61786 0.03774 0.073584
0.60613 0.037741 0.085091
0.63469 0.037733 0.077872
0.62972 0.037736 0.083833
0.6137 0.037721 0.10804
0.61255 0.037715 0.12319
0.6253 0.037726 0.10185
0.63198 0.037717 0.12049
0.60678 0.03771 0.12759
0.61912 0.037685 0.15434
0.63222 0.037704 0.13026
0.6335 0.037687 0.1443
0.61213 0.037662 0.16551
0.61977 0.037646 0.17775
0.63277 0.037667 0.16129
0.61972 0.037612 0.19843
0.61451 0.0376 0.2157
0.62951 0.037601 0.20266
0.6308 0.03759 0.21502
0.6137 0.037531 0.23908
0.63112 0.037536 0.2333
0.63437 0.037516 0.24396
0.6372 0.037467 0.26901
0.61916 0.037358 0.31007
0.63174 0.03741 0.29464
0.63766 0.037292 0.32807
0.63063 0.037261 0.33515
0.63045 0.037114 0.36527
0.60695 0.0371 0.37264
0.60423 0.037118 0.39898
0.61991 0.037057 0.37294
0.61635 0.037205 0.39777
0.58927 0.036742 0.43149
0.60433 0.036734 0.42836
0.58956 0.036526 0.44476
0.58629 0.036353 0.47038
0.59935 0.036467 0.45153
0.60399 0.036498 0.45559
0.60759 0.036731 0.49471
0.61357 0.036625 0.47799
0.62764 0.036805 0.49743
0.63344 0.037116 0.51287
0.64407 0.037764 0.54474
0.64393 0.037128 0.50897
0.65085 0.037495 0.53491
0.65077 0.037758 0.55878
0.64996 0.03762 0.58531
0.66031 0.037677 0.55778
0.65713 0.037667 0.57925
0.6469 0.037634 0.60395
0.65558 0.037678 0.61338
0.63908 0.037976 0.65156
0.65427 0.037777 0.65136
0.63226 0.038006 0.66988
0.62055 0.037622 0.68205
0.64041 0.037715 0.68896
0.64119 0.037606 0.69713
0.61152 0.037508 0.71628
0.60926 0.037483 0.7336
0.63169 0.037508 0.73639
0.61375 0.037494 0.75202
0.60827 0.037487 0.76464
0.62858 0.037507 0.75497
0.62835 0.037507 0.76272
0.61223 0.037541 0.78943
0.61353 0.037554 0.79549
0.62931 0.037555 0.78904
0.63169 0.03757 0.79584
0.60579 0.037601 0.81131
0.60874 0.037635 0.83866
0.63179 0.037623 0.81376
0.63553 0.03765 0.83553
0.6094 0.037645 0.84552
0.60479 0.03765 0.85956
0.62776 0.037661 0.84927
0.62535 0.037665 0.86261
0.61202 0.037678 0.87558
0.6067 0.037696 0.89498
0.62126 0.037691 0.88359
0.63125 0.037699 0.89276
0.6093 0.037716 0.91256
0.60997 0.037699 0.92889
0.62175 0.037702 0.93024
0.61164 0.037668 0.94641
0.62379 0.037684 0.93949
0.62987 0.033354 0.96451
0.64149 0.037743 0.046302
0.65643 0.037737 0.038132
0.65846 0.037732 0.062593
0.64896 0.037728 0.077335
0.643 0.037728 0.093212
0.66618 0.037728 0.072165
0.6691 0.037728 0.083347
0.65895 0.037724 0.10674
0.65265 0.037673 0.15452
0.66236 0.03769 0.13714
0.66419 0.037672 0.15432
0.64833 0.03766 0.16321
0.65052 0.037635 0.18616
0.66342 0.037647 0.17045
0.66006 0.037638 0.17726
0.65045 0.037621 0.19296
0.64833 0.037592 0.20943
0.67003 0.037612 0.1962
0.66962 0.03759 0.21209
0.64554 0.037546 0.23181
0.65251 0.037513 0.25205
0.6652 0.03749 0.25676
0.64774 0.037453 0.27022
0.64722 0.037408 0.28721
0.67281 0.037435 0.27086
0.66307 0.037405 0.28157
0.65092 0.037335 0.30811
0.66416 0.037311 0.32864
0.64456 0.037275 0.33599
0.6407 0.037073 0.36852
0.66409 0.03726 0.33934
0.66175 0.037116 0.36432
0.63049 0.037094 0.40023
0.6413 0.037011 0.39532
0.63067 0.036838 0.42778
0.64446 0.036889 0.41598
0.6442 0.036865 0.42704
0.6222 0.036681 0.44797
0.63274 0.03668 0.46198
0.64807 0.036813 0.44593
0.63895 0.036765 0.48234
0.64187 0.036803 0.4895
0.65152 0.036834 0.4806
0.6625 0.036974 0.49559
0.65254 0.037051 0.50524
0.66221 0.037348 0.5265
0.67092 0.037159 0.51036
0.68413 0.03735 0.52819
0.68218 0.037541 0.55542
0.68399 0.037566 0.5747
0.67516 0.037636 0.58857
0.67792 0.037626 0.61122
0.69151 0.037654 0.61169
0.66907 0.037631 0.64501
0.68626 0.037648 0.62636
0.67524 0.037644 0.64926
0.66022 0.037793 0.66361
0.68103 0.03763 0.66232
0.65608 0.037508 0.70277
0.66224 0.037644 0.68553
0.66302 0.037529 0.69759
0.64839 0.03744 0.71837
0.6452 0.037497 0.73508
0.66235 0.037458 0.72296
0.67187 0.037514 0.735
0.6509 0.037517 0.74549
0.64502 0.037529 0.76398
0.66473 0.037542 0.75206
0.66122 0.037539 0.76212
0.64029 0.037563 0.78695
0.64984 0.037589 0.79854
0.65887 0.037571 0.78179
0.65879 0.037605 0.80221
0.64949 0.03763 0.81525
0.64585 0.037656 0.83541
0.6663 0.037647 0.81815
0.66782 0.03767 0.83644
0.64736 0.037668 0.84258
0.64671 0.037679 0.85859
0.65737 0.037681 0.84707
0.6627 0.037693 0.86751
0.65053 0.037698 0.88455
0.65036 0.037702 0.89213
0.65729 0.0377 0.88556
0.66568 0.03771 0.89708
0.64631 0.03772 0.91074
0.63859 0.037694 0.92928
0.66529 0.037718 0.9058
0.66141 0.037717 0.9209
0.63734 0.037656 0.94307
0.64299 0.034313 0.95425
0.65852 0.037639 0.941
0.6665 0.033998 0.95527
0.68366 0.03772 0.044615
0.6858 0.037719 0.051134
0.70223 0.037714 0.04036
0.69357 0.037719 0.058354
0.70128 0.03772 0.070697
0.70002 0.037723 0.090089
0.67396 0.037727 0.09946
0.67489 0.037719 0.12002
0.67895 0.037691 0.13687
0.68154 0.037673 0.15311
0.68507 0.037655 0.16509
0.69785 0.037651 0.16975
0.68564 0.037598 0.20172
0.67692 0.037587 0.21271
0.70061 0.037587 0.20875
0.69331 0.03757 0.22159
0.68227 0.037536 0.23573
0.69358 0.03752 0.24223
0.69971 0.037516 0.24736
0.6851 0.037397 0.28587
0.70176 0.037439 0.27574
0.69434 0.037405 0.28442
0.67835 0.037326 0.32348
0.69712 0.037356 0.31248
0.69624 0.037343 0.31937
0.68423 0.037244 0.33879
0.67633 0.037165 0.3533
0.69079 0.037213 0.34802
0.68566 0.03714 0.36252
0.66815 0.037029 0.37761
0.66277 0.036951 0.3901
0.68824 0.037087 0.38103
0.68778 0.037067 0.39087
0.67036 0.036942 0.40794
0.6649 0.036909 0.42964
0.68405 0.037026 0.40808
0.69219 0.037037 0.42439
0.66841 0.036881 0.46296
0.6904 0.03699 0.44593
0.67451 0.036954 0.47859
0.68646 0.037056 0.49059
0.70099 0.037094 0.4751
0.70653 0.037199 0.49481
0.68527 0.03724 0.5117
0.69021 0.037359 0.52951
0.70906 0.037338 0.51993
0.69331 0.037412 0.53973
0.70071 0.037493 0.56896
0.70964 0.037401 0.5375
0.717 0.037508 0.56863
0.70006 0.037652 0.61343
0.71476 0.037531 0.58135
0.7229 0.03763 0.60647
0.70693 0.037633 0.61942
0.71484 0.037635 0.62802
0.7152 0.037616 0.64542
0.69306 0.037601 0.66257
0.69054 0.037581 0.67054
0.70795 0.037604 0.65471
0.70661 0.037578 0.66972
0.68191 0.037505 0.70402
0.69955 0.037524 0.69779
0.68735 0.037536 0.72161
0.67781 0.037525 0.73324
0.69402 0.037539 0.71309
0.68306 0.037571 0.75691
0.676 0.037579 0.77216
0.69942 0.037586 0.74864
0.70296 0.037613 0.7697
0.67915 0.037598 0.78038
0.68107 0.037623 0.79866
0.69732 0.037619 0.77887
0.69095 0.037645 0.80581
0.67652 0.037647 0.8133
0.69011 0.037654 0.81123
0.69181 0.037679 0.83333
0.68346 0.037695 0.85362
0.69749 0.037694 0.84352
0.69015 0.037704 0.86934
0.68307 0.037704 0.8753
0.69358 0.037707 0.87417
0.69382 0.037716 0.89734
0.68126 0.037724 0.91087
0.67177 0.03767 0.93216
0.69176 0.037668 0.9313
0.6826 0.037617 0.94343
0.68385 0.033363 0.96356
0.6977 0.033572 0.95798
0.712 0.037711 0.037293
0.71101 0.037713 0.054164
0.72758 0.037708 0.042286
0.73023 0.037709 0.060109
0.71383 0.037718 0.075077
0.73123 0.037712 0.07458
0.71452 0.037712 0.099352
0.71158 0.037701 0.12381
0.72979 0.037701 0.11038
0.73394 0.037694 0.1252
0.71006 0.037674 0.15434
0.73642 0.037682 0.14413
0.7344 0.037672 0.15625
0.71096 0.037651 0.17231
0.7091 0.037629 0.18907
0.72662 0.037663 0.165
0.7359 0.037642 0.18338
0.71113 0.037615 0.19646
0.71085 0.037584 0.21532
0.72608 0.037605 0.20507
0.71834 0.03754 0.24225
0.73684 0.037543 0.24969
0.72167 0.037495 0.266
0.7212 0.03745 0.28759
0.70916 0.037398 0.30468
0.71535 0.037346 0.32784
0.7356 0.037431 0.30582
0.72309 0.037352 0.32912
0.71606 0.03732 0.3347
0.7135 0.037237 0.35846
0.72825 0.037349 0.33531
0.73223 0.037312 0.35777
0.71383 0.037179 0.37781
0.70149 0.037125 0.38941
0.72391 0.037246 0.36983
0.71869 0.037174 0.39343
0.70668 0.037107 0.41239
0.73 0.037244 0.40194
0.72017 0.037166 0.42017
0.71132 0.037093 0.43446
0.70566 0.037079 0.4598
0.72881 0.037227 0.44029
0.72585 0.037207 0.45624
0.71429 0.037132 0.46813
0.71753 0.037191 0.48716
0.72164 0.037177 0.46576
0.73151 0.037283 0.48855
0.73136 0.037322 0.5053
0.73889 0.03738 0.51954
0.72619 0.037452 0.54671
0.74276 0.03745 0.54472
0.74882 0.037507 0.56648
0.73631 0.037601 0.60595
0.7497 0.037533 0.57996
0.74514 0.037569 0.59212
0.72919 0.037623 0.64093
0.74129 0.037634 0.61507
0.74594 0.037648 0.6414
0.72583 0.03761 0.65889
0.72909 0.037602 0.6656
0.7383 0.037628 0.6539
0.73905 0.037629 0.67275
0.72295 0.037576 0.69278
0.71774 0.037574 0.70145
0.73474 0.037614 0.68441
0.7371 0.037613 0.69839
0.7233 0.037601 0.72034
0.71064 0.037587 0.73324
0.72764 0.03761 0.72926
0.71376 0.037609 0.74937
0.71283 0.037617 0.76343
0.73492 0.037633 0.74681
0.73046 0.037637 0.76536
0.71681 0.037651 0.78251
0.70732 0.037652 0.79839
0.72866 0.03766 0.78132
0.71629 0.037683 0.8206
0.70679 0.037687 0.8321
0.72914 0.037682 0.8093
0.71886 0.037704 0.84127
0.70626 0.037709 0.86327
0.72527 0.037705 0.84138
0.71293 0.037717 0.88444
0.70687 0.037715 0.88901
0.72319 0.037718 0.87598
0.73502 0.037725 0.89842
0.70563 0.037727 0.91125
0.7168 0.037722 0.92017
0.7332 0.037729 0.90774
0.71205 0.033445 0.96001
0.73422 0.03762 0.94128
0.74148 0.037705 0.043273
0.74418 0.037706 0.056774
0.76377 0.0377 0.05813
0.75876 0.037704 0.076193
0.75668 0.037704 0.089768
0.76742 0.037698 0.10313
0.75767 0.037699 0.11614
0.7465 0.037681 0.14365
0.74281 0.037679 0.14928
0.75934 0.037687 0.13218
0.76743 0.037668 0.15549
0.74427 0.037657 0.16823
0.74996 0.03763 0.19138
0.75986 0.037647 0.1754
0.75851 0.037631 0.18995
0.7535 0.037612 0.20304
0.74795 0.037583 0.2272
0.76506 0.037598 0.22176
0.74742 0.037564 0.24063
0.76921 0.037588 0.23232
0.752 0.037531 0.26567
0.74123 0.037488 0.28234
0.76591 0.037537 0.26952
0.74505 0.037419 0.32492
0.75792 0.03748 0.29978
0.76025 0.037456 0.32166
0.74188 0.037388 0.33727
0.74017 0.037334 0.36284
0.76028 0.037414 0.34315
0.76396 0.037405 0.35475
0.74949 0.037321 0.37714
0.74491 0.037301 0.38549
0.76671 0.037386 0.37328
0.75678 0.03733 0.38758
0.74246 0.037288 0.40048
0.74152 0.037275 0.4273
0.76285 0.037341 0.40942
0.73895 0.03727 0.43966
0.74085 0.037286 0.4586
0.76121 0.03733 0.44039
0.7653 0.037348 0.4512
0.7518 0.037311 0.46567
0.74509 0.037323 0.48484
0.76934 0.037383 0.47165
0.76882 0.037388 0.48219
0.76904 0.037417 0.50494
0.76512 0.037435 0.52825
0.75377 0.03746 0.54316
0.75582 0.0375 0.56266
0.76945 0.037476 0.53946
0.77832 0.037532 0.55575
0.76437 0.03753 0.58436
0.77006 0.037579 0.60256
0.77519 0.037599 0.60911
0.75272 0.037665 0.6543
0.75239 0.037666 0.67067
0.77208 0.037662 0.65269
0.75521 0.037676 0.68436
0.7514 0.03766 0.70342
0.77219 0.037673 0.69061
0.75409 0.03767 0.72193
0.75021 0.037658 0.74044
0.74932 0.037652 0.75731
0.74614 0.037652 0.76164
0.7644 0.037672 0.76358
0.75068 0.037686 0.78189
0.74918 0.037694 0.80005
0.75943 0.037685 0.77704
0.75305 0.037702 0.81938
0.75223 0.037708 0.83651
0.76081 0.037703 0.8106
0.76627 0.037706 0.82811
0.7425 0.037716 0.86308
0.76034 0.037715 0.85109
0.74722 0.037718 0.87213
0.74293 0.037726 0.90013
0.75962 0.03772 0.88085
0.75888 0.037725 0.89525
0.74968 0.037729 0.90424
0.76498 0.037732 0.91091
0.75751 0.037685 0.93001
0.73992 0.03763 0.9402
0.74157 0.033573 0.95797
0.76615 0.033414 0.96087
0.7751 0.037695 0.043732
0.78343 0.037693 0.052116
0.79773 0.03769 0.047214
0.80076 0.037692 0.062822
0.77892 0.037698 0.06802
0.79322 0.037695 0.089322
0.78422 0.037688 0.11214
0.78348 0.037682 0.12745
0.79472 0.037687 0.10892
0.79849 0.037683 0.12301
0.78462 0.037674 0.14204
0.7821 0.037668 0.15512
0.79129 0.037678 0.13517
0.79279 0.037667 0.15978
0.78234 0.037653 0.17494
0.80105 0.037666 0.16611
0.79035 0.037641 0.19318
0.78193 0.037627 0.2041
0.78472 0.037607 0.22528
0.79753 0.037632 0.209
0.79357 0.037615 0.22433
0.77617 0.03759 0.23489
0.77558 0.03756 0.26044
0.79321 0.037604 0.23392
0.79348 0.037587 0.25178
0.79605 0.037567 0.27341
0.77321 0.037501 0.31093
0.77897 0.037495 0.32641
0.80179 0.037552 0.29888
0.79052 0.037515 0.3206
0.77931 0.037467 0.34305
0.77793 0.03744 0.35906
0.78942 0.037489 0.33571
0.7887 0.037459 0.35517
0.78049 0.037422 0.37437
0.78415 0.037408 0.3906
0.79785 0.037468 0.37282
0.79848 0.037456 0.3913
0.78253 0.037396 0.40529
0.77915 0.037385 0.42022
0.79048 0.03742 0.40263
0.79563 0.037435 0.42584
0.77908 0.037391 0.4411
0.79426 0.037433 0.44385
0.79207 0.037424 0.44832
0.77651 0.0374 0.46829
0.7833 0.037421 0.48446
0.79559 0.037445 0.46688
0.8044 0.037496 0.48977
0.78935 0.037459 0.51005
0.7983 0.037483 0.50659
0.80633 0.037541 0.52861
0.78354 0.037546 0.55974
0.80167 0.037532 0.53425
0.80545 0.037575 0.56271
0.79057 0.037563 0.58061
0.7883 0.03758 0.59184
0.80395 0.03758 0.57909
0.79415 0.037595 0.60659
0.80162 0.037603 0.60862
0.78333 0.037664 0.64576
0.78207 0.037673 0.66601
0.80474 0.037662 0.65039
0.79901 0.037671 0.67149
0.78183 0.037676 0.69014
0.78335 0.037677 0.69811
0.80396 0.037685 0.68732
0.80332 0.037685 0.69249
0.78679 0.037682 0.71692
0.7762 0.037681 0.73818
0.79256 0.03769 0.73868
0.78247 0.037688 0.74736
0.78534 0.0377 0.76918
0.80256 0.037704 0.74681
0.79955 0.037718 0.79853
0.77491 0.037706 0.8198
0.78093 0.037711 0.83414
0.79141 0.037714 0.81011
0.8011 0.037718 0.83377
0.77962 0.037719 0.85607
0.79111 0.037718 0.84512
0.781 0.037724 0.87949
0.77468 0.037727 0.89721
0.79807 0.037725 0.89386
0.77967 0.037683 0.93192
0.79419 0.037731 0.91431
0.78389 0.03763 0.94824
0.77498 0.033368 0.96314
0.7933 0.037641 0.94189
0.79832 0.033775 0.95632
0.80511 0.037689 0.046525
0.80577 0.03769 0.053746
0.83077 0.037685 0.04673
0.8332 0.037684 0.051895
0.80529 0.037693 0.076267
0.80693 0.037691 0.091316
0.83005 0.037685 0.07235
0.82314 0.037688 0.088709
0.81213 0.037686 0.10345
0.81098 0.037683 0.12108
0.82224 0.037684 0.10646
0.82927 0.037683 0.12351
0.8294 0.037682 0.13841
0.82232 0.037669 0.17191
0.82236 0.037662 0.18358
0.81339 0.037648 0.20408
0.8068 0.037632 0.21948
0.83393 0.037651 0.21019
0.83046 0.037645 0.2201
0.80778 0.037619 0.23498
0.81101 0.037605 0.25531
0.83219 0.03762 0.2554
0.81895 0.037588 0.27833
0.81413 0.037582 0.28715
0.83428 0.037607 0.27531
0.82744 0.037588 0.29086
0.81789 0.03757 0.30001
0.81231 0.037551 0.31643
0.82912 0.037582 0.30152
0.82226 0.037553 0.32564
0.80964 0.037523 0.34117
0.81428 0.037526 0.3508
0.82339 0.037543 0.34352
0.80912 0.037504 0.37545
0.80806 0.037491 0.39408
0.83199 0.037545 0.37569
0.80852 0.037489 0.40646
0.80945 0.037492 0.42501
0.82672 0.03752 0.4202
0.81041 0.037497 0.43915
0.8199 0.03751 0.45126
0.83367 0.037536 0.43642
0.81301 0.037514 0.46914
0.80964 0.037517 0.48997
0.8107 0.037535 0.50968
0.82053 0.037551 0.51918
0.83168 0.037566 0.51955
0.81929 0.037593 0.55537
0.82845 0.037589 0.55142
0.82075 0.037626 0.60032
0.83929 0.037634 0.57921
0.83482 0.037637 0.59722
0.82303 0.037625 0.61679
0.82374 0.037639 0.63253
0.83677 0.037644 0.61083
0.83078 0.037642 0.62886
0.81629 0.037666 0.65168
0.81659 0.037671 0.65861
0.83081 0.037652 0.64033
0.82113 0.037685 0.67433
0.81326 0.037702 0.70427
0.8312 0.0377 0.69198
0.81529 0.037707 0.7156
0.82938 0.037708 0.71395
0.81119 0.037711 0.74185
0.81138 0.037716 0.76693
0.83664 0.037721 0.74512
0.83679 0.037724 0.75993
0.80811 0.037718 0.77981
0.81124 0.037721 0.80055
0.83505 0.037725 0.78267
0.82864 0.037723 0.79704
0.8137 0.037723 0.80971
0.82756 0.037726 0.82972
0.80732 0.037723 0.84958
0.81351 0.037723 0.86196
0.83223 0.037725 0.84527
0.83157 0.037724 0.86402
0.81718 0.037722 0.87399
0.80663 0.037724 0.89248
0.82852 0.037723 0.88247
0.8082 0.037727 0.90725
0.80714 0.03771 0.92211
0.82085 0.037725 0.90834
0.80703 0.037637 0.93835
0.81453 0.033403 0.96122
0.8291 0.037587 0.94822
0.82275 0.033364 0.96343
0.84381 0.037682 0.044512
0.84078 0.037682 0.054456
0.86268 0.037678 0.044686
0.84683 0.037678 0.078253
0.85035 0.037679 0.09023
0.85364 0.037677 0.07354
0.85549 0.037677 0.088543
0.85718 0.037681 0.10676
0.85667 0.037678 0.12982
0.84176 0.037676 0.14427
0.84853 0.03767 0.15646
0.86074 0.037673 0.13997
0.85479 0.037669 0.14991
0.83982 0.037665 0.1782
0.84232 0.037662 0.18891
0.85895 0.037666 0.17841
0.86678 0.037665 0.19327
0.85114 0.037657 0.20559
0.83954 0.037644 0.22597
0.86227 0.037659 0.20761
0.85461 0.037647 0.22753
0.84962 0.037637 0.24148
0.85907 0.037643 0.24203
0.86118 0.037641 0.25257
0.85804 0.037632 0.27091
0.86011 0.037625 0.29132
0.8451 0.0376 0.31069
0.83872 0.037585 0.31995
0.86247 0.03762 0.30337
0.85745 0.037609 0.3159
0.84309 0.037577 0.35005
0.85905 0.037602 0.33799
0.8669 0.037604 0.35683
0.84626 0.037569 0.37597
0.85521 0.037576 0.37455
0.86397 0.037588 0.38714
0.85034 0.037567 0.40619
0.85182 0.037566 0.4192
0.8559 0.037573 0.40109
0.86532 0.037587 0.42663
0.84473 0.03756 0.43787
0.83973 0.03755 0.45303
0.85864 0.037575 0.44229
0.8638 0.037584 0.4571
0.84328 0.037561 0.47388
0.84816 0.037573 0.48859
0.84802 0.037592 0.51059
0.85474 0.037607 0.52964
0.86981 0.037625 0.52044
0.85148 0.037614 0.54029
0.8529 0.037624 0.55611
0.8686 0.037632 0.54089
0.86641 0.037634 0.55404
0.85488 0.037637 0.57628
0.84793 0.037659 0.59655
0.86823 0.037648 0.57493
0.861 0.037653 0.59216
0.85565 0.037681 0.6232
0.86535 0.037668 0.60387
0.85983 0.037685 0.63402
0.85416 0.037693 0.66348
0.86913 0.037694 0.64216
0.86294 0.037699 0.66688
0.85254 0.037693 0.68374
0.84393 0.037699 0.69345
0.86472 0.037703 0.67569
0.86667 0.037714 0.70095
0.84476 0.037709 0.71171
0.8506 0.037717 0.72958
0.85872 0.037708 0.70783
0.85888 0.037719 0.73223
0.84779 0.037722 0.74241
0.84456 0.037726 0.76847
0.85977 0.037727 0.76397
0.84056 0.037727 0.7987
0.86315 0.037729 0.77461
0.86689 0.03773 0.79349
0.84347 0.037729 0.81813
0.86534 0.037729 0.80774
0.86206 0.037727 0.82498
0.845 0.037725 0.84531
0.86155 0.037725 0.841
0.86238 0.037724 0.85829
0.84708 0.037727 0.87691
0.84251 0.037725 0.89747
0.86093 0.037726 0.8711
0.84574 0.037715 0.91907
0.8644 0.037722 0.90585
0.85592 0.037705 0.92204
0.85008 0.037658 0.93583
0.84315 0.033426 0.96047
0.86318 0.037667 0.93536
0.86138 0.033363 0.96355
0.87026 0.037676 0.03902
0.87203 0.037675 0.060597
0.88662 0.037674 0.039823
0.88808 0.037674 0.05164
0.88156 0.037673 0.07579
0.88216 0.037673 0.091206
0.89651 0.037673 0.07788
0.89078 0.037673 0.085181
0.88157 0.037675 0.10766
0.88242 0.037675 0.12615
0.89069 0.037675 0.11738
0.87567 0.037673 0.13626
0.88297 0.037671 0.15619
0.89426 0.037672 0.14592
0.88958 0.037672 0.15991
0.87751 0.03767 0.18839
0.89368 0.037673 0.16742
0.89785 0.037672 0.18714
0.87289 0.037665 0.20118
0.87827 0.037663 0.21683
0.89147 0.037667 0.20828
0.88744 0.037665 0.21937
0.871 0.037656 0.23443
0.8742 0.037646 0.27179
0.87629 0.03764 0.28692
0.89861 0.03766 0.2663
0.89165 0.037648 0.28918
0.87241 0.037626 0.31173
0.88204 0.037633 0.31983
0.88874 0.037642 0.30023
0.88779 0.037636 0.31676
0.87925 0.037626 0.34205
0.8948 0.037638 0.33665
0.8997 0.03764 0.35032
0.8797 0.037618 0.37732
0.87253 0.037603 0.3851
0.89381 0.037633 0.36941
0.89693 0.037634 0.39027
0.8752 0.037607 0.4052
0.87765 0.037609 0.41788
0.89833 0.037635 0.4112
0.89404 0.037628 0.41703
0.88448 0.037616 0.43973
0.8887 0.03762 0.44996
0.88399 0.03762 0.47921
0.8824 0.037628 0.49428
0.8889 0.03763 0.49253
0.87382 0.037622 0.50423
0.88168 0.037648 0.52949
0.8922 0.037647 0.51246
0.89408 0.037655 0.5255
0.87841 0.037647 0.53973
0.8939 0.03766 0.53782
0.8982 0.037671 0.55233
0.88349 0.037666 0.57489
0.88137 0.037679 0.59811
0.89521 0.037674 0.57529
0.89221 0.037683 0.59889
0.88046 0.037683 0.6066
0.88542 0.037696 0.63264
0.89181 0.037689 0.61015
0.89124 0.037697 0.62767
0.8836 0.037704 0.65065
0.89247 0.037706 0.64826
0.89527 0.037717 0.66057
0.87602 0.037719 0.67719
0.90073 0.037734 0.69953
0.8749 0.037728 0.71551
0.88312 0.037734 0.73253
0.89751 0.037735 0.70599
0.89284 0.037734 0.72505
0.87596 0.03773 0.74773
0.8743 0.03773 0.76719
0.88949 0.037733 0.74544
0.89947 0.037731 0.76595
0.87643 0.037731 0.78237
0.88025 0.03773 0.79895
0.89178 0.037729 0.78969
0.87315 0.037729 0.81713
0.87904 0.037727 0.82606
0.89066 0.037728 0.80624
0.87815 0.037725 0.84157
0.88256 0.037724 0.86442
0.89563 0.037723 0.84048
0.88743 0.037723 0.85954
0.87561 0.037724 0.89159
0.89296 0.037723 0.87042
0.89581 0.037721 0.89014
0.88081 0.037721 0.90375
0.88191 0.037692 0.92899
0.89378 0.037717 0.91011
0.89719 0.037676 0.93054
0.87304 0.037658 0.94084
0.89849 0.033407 0.96109
0.90548 0.037673 0.037468
0.91234 0.037673 0.053937
0.92251 0.037653 0.03877
0.91538 0.037674 0.074945
0.90428 0.037674 0.089771
0.92883 0.037632 0.093996
0.91188 0.037673 0.10808
0.91015 0.037674 0.1283
0.92136 0.037659 0.10299
0.92388 0.037652 0.11735
0.90625 0.037674 0.1336
0.90875 0.037674 0.1573
0.92248 0.037657 0.13807
0.91433 0.037672 0.18647
0.92815 0.037646 0.17011
0.9309 0.037631 0.1947
0.91527 0.037669 0.20364
0.91291 0.037666 0.22059
0.92739 0.03763 0.20767
0.91946 0.037658 0.2246
0.9091 0.037664 0.24454
0.92808 0.037634 0.24115
0.92221 0.037651 0.25426
0.90926 0.037662 0.26808
0.93165 0.037625 0.2778
0.93082 0.037627 0.29208
0.91255 0.037656 0.32359
0.92395 0.037646 0.30052
0.92288 0.037647 0.32043
0.90504 0.037648 0.33435
0.90791 0.037647 0.35959
0.92955 0.037633 0.33531
0.91998 0.03765 0.35388
0.90686 0.037646 0.37006
0.91163 0.037651 0.38923
0.92533 0.037626 0.39385
0.92526 0.037626 0.40173
0.9308 0.037609 0.42921
0.90664 0.037648 0.45404
0.92737 0.037624 0.43415
0.90892 0.037654 0.47985
0.90639 0.037659 0.49576
0.92782 0.037626 0.47176
0.92536 0.037638 0.48585
0.91283 0.037673 0.50354
0.91391 0.037685 0.5236
0.92909 0.037645 0.51276
0.92665 0.037656 0.51992
0.92532 0.037666 0.53869
0.92726 0.037668 0.55564
0.91662 0.037709 0.59744
0.92683 0.037691 0.57673
0.93035 0.037702 0.59684
0.91248 0.037712 0.60678
0.90759 0.037716 0.62421
0.92385 0.037712 0.60781
0.92534 0.037714 0.62035
0.90608 0.037723 0.64572
0.93306 0.03768 0.64932
0.92415 0.037712 0.66531
0.91461 0.037727 0.69005
0.92573 0.037697 0.68317
0.9288 0.037683 0.69791
0.91378 0.037733 0.70693
0.92347 0.037708 0.7109
0.91068 0.037733 0.74298
0.91386 0.03773 0.76207
0.92061 0.037721 0.73897
0.91988 0.037721 0.76712
0.915 0.037728 0.77418
0.91395 0.037725 0.79053
0.92631 0.0377 0.77823
0.92694 0.037695 0.79762
0.90551 0.037724 0.81762
0.91269 0.037721 0.82393
0.92142 0.037709 0.80504
0.91906 0.037713 0.8277
0.90655 0.037721 0.84684
0.90688 0.037721 0.8633
0.92378 0.03769 0.83752
0.91945 0.03771 0.86275
0.91223 0.037721 0.87404
0.91946 0.037712 0.87267
0.93074 0.037672 0.89008
0.9078 0.037714 0.91018
0.90892 0.03767 0.92902
0.92078 0.037698 0.90918
0.92867 0.037629 0.9251
0.90741 0.03763 0.941
0.91339 0.033482 0.95919
0.91919 0.037613 0.9395
0.92432 0.033426 0.96044
0.93776 0.037594 0.042085
0.93801 0.037593 0.054505
0.95402 0.034328 0.037233
0.95745 0.033612 0.061061
0.93501 0.037606 0.074277
0.95993 0.033445 0.087092
0.94684 0.037575 0.10534
0.95914 0.033484 0.12674
0.94672 0.037576 0.14418
0.94327 0.037593 0.15447
0.9584 0.033531 0.13982
0.95184 0.035604 0.15678
0.9364 0.037625 0.17017
0.94611 0.037589 0.1936
0.955 0.034035 0.19506
0.93992 0.03759 0.20346
0.93999 0.037585 0.22611
0.9632 0.033366 0.21216
0.96098 0.033409 0.21914
0.94075 0.037604 0.24474
0.94678 0.037592 0.25018
0.96089 0.033411 0.23469
0.95248 0.035109 0.26127
0.94351 0.037595 0.26857
0.94009 0.037601 0.28553
0.95956 0.033461 0.27295
0.94163 0.037597 0.29949
0.94121 0.037606 0.32762
0.95477 0.034092 0.29915
0.96438 0.033355 0.322
0.94563 0.037605 0.33966
0.9432 0.037604 0.35441
0.95857 0.033517 0.35733
0.94023 0.037595 0.36569
0.94728 0.037545 0.39527
0.96418 0.033356 0.37722
0.95196 0.035405 0.39407
0.94561 0.037548 0.4049
0.96344 0.033363 0.40793
0.95626 0.033754 0.4268
0.94132 0.037579 0.44324
0.94539 0.037568 0.45016
0.95335 0.034569 0.43382
0.95964 0.033455 0.45118
0.9394 0.037582 0.47145
0.96354 0.033362 0.47829
0.95511 0.033999 0.49432
0.94623 0.037583 0.50832
0.9424 0.037602 0.52192
0.95292 0.034857 0.51141
0.95971 0.033456 0.52664
0.9374 0.037629 0.55487
0.96433 0.033355 0.5392
0.95847 0.033534 0.55758
0.94391 0.037693 0.59473
0.9409 0.037691 0.614
0.94107 0.037683 0.62303
0.9597 0.033464 0.62828
0.94439 0.037648 0.64022
0.96132 0.033403 0.63796
0.96358 0.033363 0.66038
0.94859 0.037611 0.67823
0.95998 0.033448 0.67633
0.95917 0.033488 0.69736
0.9408 0.037621 0.71563
0.93981 0.037624 0.72664
0.95416 0.034331 0.71734
0.95484 0.034108 0.7225
0.94353 0.037608 0.75757
0.9555 0.033936 0.74888
0.95962 0.033462 0.75774
0.94122 0.037659 0.78115
0.9412 0.037646 0.80077
0.95759 0.03361 0.7891
0.93966 0.037644 0.80581
0.95405 0.034355 0.81386
0.95896 0.033495 0.83201
0.93806 0.037617 0.84741
0.9649 0.033351 0.85825
0.94263 0.037635 0.88689
0.95939 0.033471 0.87134
0.93767 0.037602 0.92234
0.95623 0.033775 0.90827
0.96455 0.033353 0.92085
0.93856 0.037546 0.93672
0.94214 0.033529 0.95838
0.95918 0.033477 0.94268
0.95415 0.033348 0.96278
