2635
1 1 1
0.034987 0.037618 0.044844
0.041053 0.037619 0.054168
0.06251 0.037619 0.035664
0.058526 0.037619 0.051398
0.046182 0.03762 0.068845
0.043636 0.037621 0.09312
0.059899 0.03762 0.080568
0.056349 0.03762 0.096786
0.03859 0.03762 0.11031
0.041297 0.037621 0.12023
0.063469 0.037619 0.10702
0.062965 0.037626 0.14258
0.040441 0.037618 0.18819
0.058466 0.037619 0.17816
0.061253 0.037619 0.19373
0.036173 0.037619 0.1985
0.040411 0.03762 0.22425
0.053383 0.037619 0.20353
0.056486 0.03762 0.21684
0.047866 0.037619 0.23322
0.042357 0.03762 0.2543
0.053011 0.03762 0.23955
0.061824 0.03762 0.25411
0.047342 0.037621 0.26609
0.046498 0.037623 0.28306
0.055835 0.037622 0.27505
0.063373 0.037624 0.28373
0.062156 0.037627 0.30462
0.057709 0.037629 0.31966
0.045212 0.037629 0.34084
0.062361 0.03763 0.34945
0.046209 0.037629 0.3708
0.04521 0.037631 0.38422
0.060821 0.037631 0.36869
0.056118 0.037634 0.39051
0.044575 0.037636 0.40118
0.037579 0.03764 0.42068
0.060508 0.037639 0.40398
0.054151 0.037642 0.41549
0.042367 0.037642 0.44394
0.059124 0.037646 0.4417
0.058274 0.037647 0.45802
0.041759 0.037644 0.47164
0.043613 0.037643 0.48663
0.052077 0.037647 0.47137
0.057728 0.037646 0.49031
0.038377 0.037634 0.50679
0.038076 0.037629 0.52825
0.054507 0.037637 0.50881
0.058821 0.037634 0.5273
0.04529 0.037628 0.53993
0.042995 0.037629 0.56597
0.060798 0.037633 0.53842
0.059491 0.037633 0.55943
0.037068 0.037631 0.57728
0.03593 0.037632 0.5999
0.051511 0.037633 0.57585
0.053477 0.037634 0.59616
0.043624 0.037632 0.60473
0.036257 0.03763 0.63204
0.051444 0.037634 0.61081
0.057481 0.037635 0.62362
0.051479 0.037627 0.6515
0.053474 0.037628 0.66346
0.047513 0.037626 0.67531
0.05257 0.037627 0.67349
0.058183 0.037627 0.69106
0.036018 0.037616 0.7321
0.060008 0.03762 0.71541
0.051767 0.037618 0.72485
0.043526 0.037614 0.74828
0.037072 0.037613 0.7637
0.059113 0.037615 0.74503
0.052088 0.037614 0.76182
0.040842 0.037613 0.77414
0.037245 0.037611 0.80022
0.058256 0.037613 0.78252
0.056322 0.037612 0.79218
0.039779 0.037609 0.82662
0.052901 0.03761 0.8148
0.058514 0.037609 0.83198
0.038072 0.037608 0.84345
0.035033 0.037606 0.86207
0.053802 0.037609 0.83786
0.056161 0.037607 0.86004
0.035592 0.037605 0.87173
0.045187 0.037606 0.89286
0.05814 0.037604 0.87902
0.05662 0.037604 0.8891
0.041975 0.037611 0.91218
0.037104 0.03336 0.95622
0.05875 0.037503 0.94479
0.06122 0.03347 0.95421
0.079402 0.03762 0.045241
0.075267 0.037619 0.059595
0.078293 0.037619 0.08813
0.094524 0.037618 0.073807
0.091852 0.037618 0.088086
0.071394 0.037618 0.10614
0.07247 0.037621 0.12892
0.085366 0.037617 0.10858
0.089584 0.037618 0.12201
0.069976 0.037623 0.13977
0.0897 0.037619 0.13612
0.093076 0.037619 0.15748
0.072093 0.037619 0.17535
0.068105 0.037619 0.19019
0.094551 0.037617 0.17516
0.095053 0.037618 0.19032
0.077374 0.03762 0.20507
0.076021 0.03762 0.2219
0.088931 0.03762 0.21015
0.097234 0.037619 0.22575
0.069769 0.037619 0.24294
0.072349 0.037619 0.24933
0.085657 0.03762 0.24351
0.090047 0.037621 0.25166
0.076111 0.037623 0.27209
0.075155 0.037625 0.28935
0.095674 0.037623 0.2721
0.068246 0.037627 0.3059
0.068616 0.037629 0.3249
0.092923 0.037625 0.30438
0.090801 0.037628 0.32546
0.071416 0.03763 0.34393
0.089817 0.037631 0.33981
0.088492 0.037633 0.35472
0.075831 0.037632 0.37771
0.091491 0.037637 0.37106
0.095131 0.037639 0.38282
0.069283 0.037642 0.40925
0.073283 0.037646 0.42259
0.093087 0.037652 0.41145
0.086204 0.037654 0.41807
0.069021 0.037649 0.44479
0.083569 0.037654 0.43667
0.084803 0.037658 0.45581
0.073799 0.037651 0.47385
0.07788 0.037652 0.48448
0.089711 0.037662 0.47975
0.088901 0.037659 0.49073
0.068927 0.037644 0.50243
0.08498 0.037649 0.51967
0.076934 0.037638 0.53657
0.07197 0.037635 0.56495
0.082372 0.03764 0.56262
0.073833 0.037636 0.57112
0.069502 0.037637 0.5998
0.085448 0.037645 0.57143
0.088263 0.037646 0.59518
0.074349 0.037638 0.6295
0.089922 0.037645 0.61277
0.094984 0.037644 0.62212
0.073065 0.037636 0.64251
0.092801 0.037637 0.66541
0.068367 0.03763 0.68206
0.086149 0.037637 0.67442
0.089321 0.037631 0.69391
0.076515 0.037622 0.71178
0.067869 0.037616 0.73264
0.091302 0.037621 0.72416
0.071322 0.037615 0.74519
0.076306 0.037613 0.75742
0.088402 0.037617 0.74123
0.085383 0.037614 0.76213
0.071611 0.037613 0.77327
0.073217 0.037611 0.79893
0.094521 0.037612 0.78462
0.072553 0.037608 0.81577
0.080438 0.037607 0.82318
0.093266 0.037609 0.8066
0.090377 0.037608 0.83203
0.074879 0.037608 0.84204
0.074755 0.037606 0.86138
0.090159 0.037605 0.86514
0.07688 0.037602 0.88239
0.088717 0.037604 0.87343
0.08546 0.037603 0.89006
0.071573 0.037608 0.90956
0.077162 0.037585 0.93075
0.089226 0.037605 0.90249
0.071563 0.037558 0.93855
0.086232 0.037574 0.94726
0.11093 0.037615 0.039045
0.10632 0.037617 0.057446
0.12703 0.037614 0.037895
0.12246 0.037614 0.05228
0.10309 0.037618 0.068454
0.10755 0.037617 0.094443
0.12475 0.037615 0.096675
0.10598 0.037616 0.11042
0.11422 0.037615 0.12879
0.12573 0.037613 0.11842
0.10803 0.037617 0.14122
0.10307 0.037618 0.15587
0.12729 0.037616 0.15591
0.10818 0.037616 0.17278
0.10691 0.037616 0.18749
0.12818 0.037615 0.16693
0.11941 0.037617 0.19364
0.11339 0.037618 0.2167
0.1183 0.037617 0.20088
0.11746 0.037619 0.2271
0.1062 0.037619 0.23822
0.1011 0.03762 0.2559
0.12129 0.03762 0.23747
0.10699 0.037621 0.27341
0.10666 0.037621 0.28608
0.12091 0.037622 0.27705
0.12904 0.037621 0.28362
0.10712 0.037621 0.30359
0.10772 0.037624 0.32597
0.12854 0.037623 0.30907
0.117 0.037622 0.31774
0.10447 0.037627 0.33373
0.10545 0.037633 0.35831
0.1161 0.037632 0.35328
0.099641 0.037635 0.36531
0.11655 0.037641 0.36969
0.12235 0.037658 0.39348
0.1028 0.037647 0.39815
0.10237 0.037657 0.42518
0.11326 0.03766 0.42541
0.09854 0.03766 0.43762
0.099462 0.037663 0.44961
0.11376 0.037669 0.44421
0.11548 0.037674 0.45675
0.098739 0.037663 0.4705
0.1069 0.037663 0.48717
0.11652 0.037676 0.4719
0.1222 0.037683 0.48922
0.10319 0.037656 0.50339
0.098728 0.037651 0.52539
0.11913 0.037665 0.52578
0.10472 0.037654 0.53816
0.10047 0.037653 0.55979
0.12127 0.037669 0.5436
0.098729 0.037649 0.58254
0.10098 0.037648 0.59554
0.1184 0.037661 0.57634
0.1201 0.037656 0.6013
0.10906 0.037643 0.61689
0.10922 0.03764 0.62672
0.12601 0.037646 0.63171
0.10634 0.037636 0.64559
0.10598 0.037634 0.65849
0.11958 0.037642 0.64017
0.11659 0.037632 0.66709
0.10483 0.03763 0.68364
0.12215 0.037631 0.68322
0.10785 0.037623 0.72861
0.12693 0.037625 0.70686
0.12829 0.03762 0.7342
0.10221 0.037619 0.73956
0.10627 0.037614 0.75589
0.12083 0.037613 0.764
0.10779 0.037611 0.77505
0.12871 0.037607 0.77888
0.11843 0.037607 0.79106
0.10951 0.037607 0.82962
0.11842 0.037608 0.80494
0.12174 0.037606 0.83352
0.11086 0.037606 0.83946
0.12682 0.037604 0.8427
0.12663 0.037602 0.85626
0.10918 0.037602 0.87599
0.1129 0.037602 0.89247
0.12938 0.0376 0.88268
0.12289 0.037602 0.89728
0.10385 0.037605 0.90966
0.12221 0.037603 0.91191
0.12065 0.037579 0.92517
0.10546 0.037558 0.93831
0.13042 0.037505 0.94631
0.12882 0.033333 0.96456
0.14233 0.037613 0.0398
0.15783 0.037611 0.035269
0.15947 0.03761 0.053375
0.13495 0.037614 0.076315
0.14027 0.037612 0.095506
0.15316 0.037611 0.072031
0.1575 0.03761 0.090607
0.13985 0.03761 0.10656
0.14144 0.03761 0.11792
0.15203 0.037608 0.11119
0.15631 0.037608 0.11676
0.13482 0.037614 0.1379
0.13578 0.037615 0.15956
0.16043 0.037613 0.15313
0.13429 0.037614 0.17835
0.15825 0.037613 0.1728
0.15695 0.037613 0.1844
0.13669 0.037616 0.20549
0.14255 0.037617 0.2253
0.15968 0.037613 0.20673
0.13564 0.037618 0.2379
0.14552 0.037618 0.25318
0.1515 0.037617 0.23091
0.15899 0.037619 0.25924
0.13799 0.037619 0.26743
0.13723 0.03762 0.28932
0.15618 0.037619 0.26713
0.15271 0.037622 0.286
0.1448 0.037622 0.30317
0.13265 0.037624 0.31408
0.15812 0.037626 0.2973
0.15001 0.037629 0.32042
0.13482 0.037633 0.34243
0.1438 0.037636 0.34912
0.15465 0.037636 0.33093
0.14021 0.037645 0.37342
0.13446 0.037649 0.38224
0.15748 0.037654 0.37611
0.13032 0.037673 0.4207
0.14411 0.037679 0.42414
0.13723 0.037681 0.43986
0.13055 0.037684 0.45383
0.14893 0.037692 0.44247
0.14707 0.037696 0.4524
0.13126 0.037689 0.46959
0.12953 0.037688 0.48651
0.14865 0.037709 0.47203
0.13817 0.037673 0.51023
0.13757 0.037666 0.52468
0.15431 0.037699 0.50179
0.13175 0.037666 0.54616
0.13865 0.037658 0.56818
0.14549 0.037667 0.55075
0.15485 0.037688 0.55551
0.13981 0.037653 0.58433
0.13499 0.037653 0.59686
0.15478 0.037671 0.58456
0.15396 0.037666 0.59665
0.13452 0.03765 0.61351
0.13734 0.037648 0.63051
0.1565 0.037662 0.61806
0.15159 0.037658 0.62786
0.14062 0.03764 0.66137
0.15993 0.037662 0.64628
0.15019 0.037644 0.66255
0.13807 0.037633 0.67443
0.14392 0.037623 0.69471
0.14832 0.037631 0.67807
0.15066 0.037623 0.70217
0.13253 0.037624 0.70594
0.14373 0.037614 0.73357
0.15505 0.037623 0.70854
0.15056 0.037614 0.73336
0.14369 0.037611 0.74902
0.1374 0.037608 0.76639
0.15614 0.037613 0.73982
0.15973 0.037606 0.75621
0.1403 0.037602 0.79325
0.15378 0.037604 0.77659
0.15522 0.037601 0.79881
0.14574 0.037602 0.80707
0.14311 0.037602 0.8282
0.16411 0.0376 0.81447
0.15642 0.0376 0.8285
0.1412 0.0376 0.84729
0.14776 0.037597 0.86234
0.1609 0.037596 0.84607
0.16097 0.037594 0.86158
0.13771 0.0376 0.87657
0.15768 0.037597 0.88072
0.15608 0.037598 0.89747
0.13578 0.037601 0.90883
0.1408 0.037558 0.92818
0.15815 0.037598 0.91087
0.15574 0.037564 0.9251
0.13699 0.033867 0.95249
0.15949 0.0375 0.94059
0.15914 0.033334 0.9614
0.17158 0.037607 0.044858
0.17852 0.037606 0.061236
0.18784 0.037604 0.045554
0.18686 0.037605 0.055148
0.17133 0.037608 0.076406
0.17511 0.037607 0.092124
0.19044 0.037604 0.077956
0.19015 0.037605 0.09322
0.17045 0.037607 0.10609
0.17464 0.037607 0.12895
0.18482 0.037607 0.10752
0.19179 0.037606 0.11818
0.17321 0.037608 0.14088
0.17998 0.037608 0.15416
0.18812 0.037607 0.14543
0.19249 0.037607 0.15064
0.17958 0.03761 0.19357
0.19128 0.037608 0.1723
0.18669 0.037611 0.1889
0.17565 0.037612 0.22667
0.18803 0.037612 0.2016
0.1872 0.037614 0.21992
0.17338 0.037613 0.23904
0.17555 0.037614 0.2571
0.18754 0.037614 0.24891
0.18878 0.037616 0.27021
0.18428 0.037625 0.28842
0.16675 0.037626 0.29659
0.17301 0.037635 0.31366
0.18652 0.037637 0.30799
0.18889 0.037645 0.3246
0.16535 0.037639 0.34093
0.168 0.037641 0.34777
0.18251 0.037643 0.33629
0.18545 0.037651 0.3457
0.17369 0.037654 0.37032
0.18369 0.037667 0.37312
0.18008 0.037666 0.39008
0.16787 0.037671 0.42469
0.18771 0.037679 0.40195
0.18739 0.03769 0.42078
0.16731 0.037681 0.43764
0.16782 0.037691 0.4527
0.18282 0.037695 0.43437
0.17587 0.037702 0.45919
0.16382 0.03771 0.4871
0.17691 0.037727 0.478
0.1796 0.037739 0.48638
0.16271 0.0377 0.50292
0.16275 0.037693 0.53114
0.18129 0.037734 0.50914
0.1791 0.037724 0.53121
0.16322 0.037696 0.54639
0.1757 0.037706 0.56428
0.17179 0.037685 0.58131
0.1631 0.037671 0.59389
0.18428 0.037708 0.58775
0.17983 0.037675 0.59984
0.17319 0.037656 0.60998
0.16672 0.037658 0.6298
0.18151 0.037664 0.60847
0.18164 0.037658 0.62546
0.16668 0.037665 0.64799
0.16866 0.037657 0.65775
0.19141 0.037677 0.65047
0.19181 0.037662 0.66231
0.16881 0.037638 0.67567
0.16784 0.037628 0.69165
0.18131 0.037644 0.67304
0.18432 0.03763 0.69307
0.17409 0.037617 0.71875
0.17092 0.037613 0.73055
0.18411 0.037624 0.70619
0.18498 0.03761 0.7352
0.17751 0.037602 0.74977
0.1707 0.037602 0.75752
0.18628 0.037603 0.74901
0.17016 0.037601 0.79233
0.1906 0.037601 0.77215
0.19014 0.0376 0.79853
0.17548 0.037599 0.80695
0.1887 0.037597 0.8146
0.19039 0.037592 0.82932
0.18006 0.037591 0.83973
0.171 0.037591 0.85619
0.18914 0.03759 0.84657
0.18724 0.037588 0.85361
0.16916 0.037593 0.87534
0.16908 0.037594 0.89167
0.19509 0.037586 0.87008
0.1943 0.037587 0.88958
0.17109 0.037545 0.92883
0.18628 0.037537 0.92983
0.1808 0.033564 0.95348
0.18794 0.037501 0.93829
0.19309 0.033364 0.956
0.20249 0.037602 0.044302
0.2108 0.0376 0.058509
0.22431 0.037598 0.034974
0.22239 0.037598 0.056277
0.20949 0.0376 0.068634
0.20621 0.037601 0.08843
0.2269 0.037597 0.070757
0.22347 0.037598 0.093155
0.2119 0.0376 0.10051
0.20589 0.037603 0.12651
0.22868 0.037598 0.10103
0.22043 0.0376 0.12103
0.20483 0.037604 0.14169
0.20041 0.037605 0.17314
0.21068 0.037608 0.18921
0.22697 0.037596 0.17198
0.22933 0.037597 0.18293
0.20591 0.037612 0.19988
0.22335 0.037609 0.19963
0.21136 0.037615 0.23755
0.22503 0.037621 0.23225
0.22222 0.037628 0.25581
0.20422 0.03761 0.27245
0.19929 0.037613 0.28066
0.22253 0.037623 0.26645
0.21567 0.037607 0.28465
0.2072 0.037612 0.30531
0.20491 0.037629 0.3251
0.21399 0.037608 0.31369
0.19833 0.037642 0.3309
0.20277 0.037653 0.35355
0.21459 0.037631 0.33027
0.22362 0.037661 0.34712
0.20598 0.037651 0.3633
0.2026 0.037658 0.38096
0.2179 0.037659 0.36172
0.21052 0.037656 0.38758
0.19997 0.037679 0.40556
0.20858 0.037672 0.40235
0.1992 0.037706 0.42906
0.18983 0.037731 0.456
0.21248 0.037732 0.43056
0.2116 0.037769 0.44926
0.19477 0.037759 0.4682
0.19703 0.037778 0.48939
0.20131 0.037782 0.47635
0.20512 0.03781 0.48991
0.19327 0.037767 0.51135
0.19533 0.037758 0.52516
0.19643 0.03774 0.5426
0.19777 0.037733 0.55733
0.20772 0.03775 0.55862
0.19721 0.037748 0.58915
0.19545 0.037809 0.60154
0.21122 0.037782 0.58887
0.21129 0.037904 0.59674
0.19812 0.037895 0.61133
0.19849 0.037809 0.63019
0.21606 0.038036 0.62613
0.19684 0.037669 0.64783
0.20545 0.037647 0.6536
0.21623 0.037833 0.63513
0.20587 0.037637 0.67314
0.20053 0.037626 0.69634
0.21601 0.037635 0.67392
0.21517 0.037624 0.69722
0.1996 0.037617 0.71032
0.19954 0.037606 0.72953
0.21613 0.037615 0.71173
0.21858 0.037602 0.72295
0.2036 0.037597 0.76134
0.21988 0.037595 0.74938
0.20298 0.037599 0.78285
0.20994 0.037595 0.79448
0.22084 0.037597 0.77365
0.20467 0.037589 0.83293
0.22765 0.037589 0.81698
0.22443 0.037587 0.83155
0.20519 0.037587 0.8471
0.20867 0.037583 0.86042
0.2229 0.037586 0.83802
0.22423 0.03758 0.85945
0.20766 0.037583 0.87581
0.2101 0.037583 0.89313
0.22052 0.03758 0.87731
0.22542 0.037579 0.89593
0.2142 0.037543 0.92717
0.22523 0.037583 0.91361
0.20221 0.037462 0.94675
0.21369 0.033333 0.96259
0.22188 0.03748 0.94245
0.22227 0.033346 0.95705
0.23493 0.037596 0.034983
0.23859 0.037594 0.061214
0.25239 0.037592 0.042384
0.26062 0.037589 0.055927
0.24031 0.037594 0.067327
0.23659 0.037595 0.08401
0.25649 0.037589 0.075301
0.25983 0.037588 0.084652
0.24632 0.037599 0.11789
0.25622 0.037593 0.10035
0.25172 0.037598 0.12452
0.23584 0.0376 0.14292
0.25515 0.037597 0.13743
0.26104 0.037595 0.15377
0.23607 0.037592 0.17411
0.24617 0.037593 0.18899
0.25359 0.037591 0.17408
0.25948 0.037595 0.18348
0.23937 0.0376 0.20824
0.23281 0.037615 0.22621
0.2561 0.037598 0.2031
0.23225 0.037624 0.24113
0.23914 0.03763 0.24665
0.24097 0.037635 0.26966
0.23976 0.037636 0.2895
0.25963 0.037646 0.27886
0.2579 0.037657 0.30257
0.25415 0.037669 0.31729
0.23146 0.037662 0.3501
0.25012 0.037672 0.33832
0.25546 0.037702 0.35527
0.23459 0.037662 0.36181
0.24656 0.037679 0.36766
0.24192 0.037668 0.38166
0.2254 0.037692 0.40079
0.23452 0.037709 0.41426
0.24459 0.037696 0.39428
0.22847 0.037731 0.42832
0.22469 0.037775 0.4483
0.24477 0.037761 0.43187
0.23864 0.037794 0.45138
0.21785 0.037843 0.47406
0.23245 0.037847 0.46865
0.23746 0.037936 0.48453
0.22778 0.037852 0.5059
0.23225 0.037862 0.53327
0.22358 0.0378 0.55012
0.21927 0.03777 0.56936
0.22489 0.037919 0.5988
0.23095 0.037909 0.604
0.22519 0.03805 0.61261
0.22641 0.037823 0.6312
0.22972 0.037958 0.61555
0.23923 0.037721 0.62939
0.22624 0.037628 0.64701
0.2345 0.037622 0.65899
0.24362 0.037633 0.6511
0.24598 0.037638 0.66576
0.2364 0.037632 0.68269
0.25495 0.037636 0.69134
0.2384 0.037601 0.71886
0.24955 0.037613 0.70959
0.25174 0.037595 0.72908
0.23844 0.037591 0.7424
0.23598 0.037589 0.75989
0.25325 0.03759 0.74765
0.26223 0.037589 0.76431
0.23339 0.037596 0.78003
0.24187 0.03759 0.79241
0.25783 0.03759 0.77381
0.24236 0.037587 0.808
0.26023 0.037581 0.80941
0.25372 0.03758 0.82873
0.2435 0.037579 0.84453
0.23895 0.037576 0.86013
0.23738 0.037574 0.87833
0.23627 0.037573 0.88772
0.25929 0.037568 0.87653
0.2466 0.037573 0.91215
0.23721 0.037537 0.92834
0.25262 0.03757 0.90294
0.26131 0.037525 0.93038
0.24424 0.033334 0.96127
0.2565 0.037509 0.93593
0.27703 0.037583 0.056281
0.29756 0.037576 0.060789
0.27887 0.03758 0.079255
0.27205 0.037586 0.093979
0.29611 0.037576 0.073953
0.27313 0.037588 0.10875
0.29278 0.03758 0.10377
0.28797 0.037584 0.12252
0.27383 0.037587 0.13554
0.27119 0.037591 0.15619
0.29548 0.037578 0.13725
0.297 0.037584 0.1572
0.26748 0.037592 0.16897
0.27274 0.037596 0.18177
0.28847 0.037605 0.19178
0.27605 0.037615 0.21472
0.29089 0.037605 0.19684
0.28856 0.037617 0.22195
0.2718 0.037632 0.25778
0.289 0.037618 0.23638
0.29066 0.037641 0.2554
0.28518 0.037639 0.26307
0.2658 0.037652 0.30429
0.26812 0.03766 0.31354
0.29148 0.037673 0.31737
0.26383 0.037681 0.33292
0.26771 0.037707 0.35567
0.2775 0.037672 0.33899
0.27975 0.037702 0.35128
0.26584 0.037712 0.36162
0.26553 0.037721 0.38111
0.28125 0.037749 0.37204
0.26098 0.037742 0.40126
0.25678 0.037764 0.41613
0.2765 0.037779 0.40611
0.27013 0.03778 0.42114
0.24801 0.037844 0.45624
0.26734 0.03778 0.42913
0.27338 0.037841 0.44772
0.24449 0.037925 0.47053
0.24689 0.03798 0.48813
0.26089 0.03807 0.48301
0.24445 0.037953 0.51056
0.25593 0.037952 0.53558
0.24927 0.03792 0.54155
0.25184 0.037864 0.573
0.25842 0.03792 0.55257
0.26836 0.037946 0.56356
0.25634 0.037848 0.57952
0.24867 0.037726 0.60583
0.26424 0.037853 0.58202
0.26536 0.037788 0.59475
0.25426 0.037676 0.61517
0.2576 0.037659 0.63168
0.27368 0.037663 0.62853
0.26256 0.037655 0.64962
0.26165 0.037651 0.66533
0.27564 0.037654 0.64984
0.27923 0.037648 0.66667
0.26185 0.037652 0.67387
0.27117 0.037603 0.69518
0.28625 0.037656 0.6762
0.28354 0.03759 0.70219
0.2702 0.037574 0.71617
0.27418 0.037568 0.72404
0.29234 0.037593 0.72772
0.27789 0.037597 0.75113
0.27421 0.037586 0.76772
0.2923 0.037613 0.74386
0.26843 0.037585 0.77552
0.2768 0.037571 0.79341
0.29436 0.03758 0.77992
0.29055 0.037572 0.79738
0.29237 0.037576 0.81438
0.28516 0.037576 0.82965
0.2778 0.037575 0.84704
0.29632 0.03757 0.84432
0.28842 0.037567 0.8593
0.27203 0.037564 0.88075
0.28183 0.037561 0.89301
0.29334 0.037559 0.87998
0.28637 0.03756 0.89403
0.29783 0.037559 0.90962
0.29538 0.037533 0.92603
0.27808 0.037459 0.94623
0.28081 0.033382 0.95534
0.29827 0.037509 0.93579
0.28628 0.033334 0.9602
0.30374 0.037574 0.045299
0.30726 0.037573 0.05834
0.33055 0.037564 0.044194
0.33173 0.037565 0.058181
0.30574 0.037574 0.079359
0.3098 0.037575 0.086764
0.32646 0.037568 0.069986
0.32242 0.037572 0.093268
0.30786 0.037576 0.10746
0.30566 0.037577 0.12501
0.33078 0.037568 0.10264
0.32108 0.037573 0.12271
0.3042 0.037574 0.14306
0.30732 0.037581 0.15426
0.3242 0.037569 0.14167
0.32502 0.037574 0.1509
0.30524 0.037587 0.17512
0.30808 0.037594 0.18951
0.32531 0.037579 0.16921
0.30892 0.037607 0.21881
0.32954 0.037596 0.20476
0.32806 0.037603 0.21287
0.30003 0.037613 0.23944
0.30666 0.037622 0.24982
0.31655 0.037625 0.25445
0.3055 0.037632 0.26287
0.29961 0.037643 0.28575
0.31506 0.037627 0.26246
0.3205 0.037638 0.2797
0.29924 0.037647 0.3048
0.29863 0.037662 0.31365
0.3156 0.037647 0.30526
0.31573 0.037658 0.31257
0.30253 0.037687 0.32965
0.29234 0.03773 0.35307
0.31453 0.037688 0.33629
0.32043 0.037731 0.35103
0.29664 0.037747 0.35786
0.29017 0.037801 0.3862
0.30706 0.037773 0.36653
0.31306 0.037874 0.38058
0.28758 0.037809 0.40476
0.29464 0.037817 0.41392
0.30277 0.037822 0.40116
0.30555 0.037853 0.41755
0.28633 0.037832 0.43489
0.27926 0.037886 0.45259
0.30527 0.037984 0.43385
0.30681 0.038131 0.44386
0.27454 0.038153 0.47989
0.28841 0.038074 0.46615
0.27751 0.038177 0.49019
0.2723 0.038182 0.50389
0.26651 0.038139 0.5219
0.28304 0.03832 0.50555
0.27982 0.038052 0.54282
0.28851 0.037971 0.56696
0.27756 0.03787 0.58324
0.30448 0.037828 0.59827
0.28296 0.037697 0.62074
0.28816 0.037683 0.63334
0.31319 0.037793 0.63134
0.31284 0.037761 0.65772
0.31635 0.037767 0.67181
0.32315 0.03769 0.7019
0.32504 0.037654 0.72035
0.31887 0.037644 0.73178
0.3046 0.037624 0.74071
0.31129 0.037595 0.76016
0.32241 0.037611 0.74773
0.32097 0.037591 0.76516
0.31175 0.037585 0.77984
0.30431 0.037574 0.79325
0.31892 0.037583 0.78411
0.31957 0.037575 0.80033
0.30302 0.037575 0.80652
0.32203 0.037555 0.82724
0.30527 0.037563 0.84152
0.31182 0.037554 0.85889
0.3044 0.037553 0.88234
0.31224 0.03755 0.89011
0.32422 0.037549 0.87142
0.32247 0.037547 0.89652
0.30554 0.037556 0.9129
0.31499 0.037536 0.92896
0.33176 0.037546 0.90572
0.32275 0.037539 0.92269
0.30667 0.037501 0.94541
0.32504 0.037508 0.94263
0.34219 0.03756 0.040639
0.34124 0.037561 0.055626
0.3664 0.037552 0.040768
0.35553 0.037557 0.05136
0.34168 0.037562 0.073279
0.34117 0.037565 0.085567
0.35707 0.037559 0.083442
0.34323 0.037562 0.10408
0.33797 0.037566 0.12127
0.35849 0.037556 0.1203
0.34072 0.037565 0.13793
0.34484 0.037571 0.15013
0.35738 0.037561 0.13973
0.36407 0.037564 0.14813
0.34517 0.037575 0.16772
0.34508 0.037577 0.17845
0.35249 0.037574 0.16342
0.35742 0.03758 0.17815
0.33732 0.037594 0.19794
0.33546 0.037612 0.218
0.35315 0.037597 0.19698
0.34251 0.037615 0.23071
0.33744 0.03763 0.25385
0.35303 0.037621 0.23299
0.35973 0.037647 0.24827
0.34292 0.037613 0.27013
0.34039 0.03762 0.28051
0.35769 0.037643 0.26667
0.35029 0.037612 0.27538
0.33344 0.037649 0.29542
0.33419 0.037698 0.31835
0.34976 0.037642 0.29469
0.345 0.037686 0.31807
0.33851 0.037721 0.32554
0.32874 0.037726 0.34482
0.34374 0.03777 0.33486
0.3539 0.038215 0.36142
0.3451 0.038031 0.37587
0.32028 0.037882 0.39969
0.3169 0.037888 0.41817
0.3316 0.037888 0.39064
0.31715 0.038159 0.43458
0.32647 0.038049 0.42941
0.29666 0.038219 0.46634
0.29192 0.038342 0.49207
0.30417 0.038428 0.48368
0.29301 0.03839 0.5039
0.29614 0.038412 0.5043
0.30942 0.038453 0.5352
0.30135 0.038049 0.57158
0.31288 0.038331 0.54901
0.31686 0.038078 0.56927
0.31944 0.037875 0.592
0.31461 0.037823 0.60924
0.3167 0.037815 0.61695
0.32394 0.037817 0.63467
0.33809 0.037888 0.61574
0.34464 0.037877 0.63189
0.33345 0.037784 0.65856
0.32385 0.037774 0.6723
0.34613 0.037815 0.65452
0.34285 0.037761 0.66973
0.32986 0.037689 0.69745
0.34648 0.037723 0.68172
0.35442 0.037658 0.70413
0.32953 0.037668 0.71427
0.3383 0.037626 0.72694
0.35334 0.037648 0.71557
0.34844 0.037613 0.73634
0.33811 0.037608 0.7425
0.34049 0.037585 0.76835
0.35203 0.037587 0.74749
0.3556 0.037583 0.76351
0.35436 0.03759 0.77977
0.35587 0.037565 0.80098
0.34741 0.037554 0.81388
0.33662 0.03755 0.8215
0.35704 0.037546 0.82484
0.34731 0.037553 0.84287
0.34507 0.037546 0.85963
0.36437 0.037547 0.83662
0.36349 0.037539 0.86028
0.33933 0.037547 0.8782
0.34273 0.037542 0.89204
0.35578 0.037537 0.88666
0.34786 0.037542 0.90931
0.34112 0.037513 0.92669
0.3556 0.037539 0.91227
0.35557 0.037511 0.92365
0.34732 0.037468 0.93803
0.33897 0.033338 0.95833
0.36231 0.037465 0.93779
0.35421 0.033333 0.96255
0.37337 0.037549 0.035106
0.38328 0.037549 0.055944
0.39216 0.037542 0.040909
0.39374 0.037552 0.070287
0.39811 0.037555 0.091653
0.37352 0.037549 0.10313
0.38457 0.037538 0.11549
0.39774 0.03754 0.10702
0.39243 0.037539 0.11497
0.37251 0.037554 0.14229
0.37352 0.03757 0.1554
0.39753 0.037545 0.13562
0.38002 0.037573 0.16516
0.37434 0.037582 0.17712
0.39499 0.037597 0.18738
0.37481 0.037602 0.1954
0.37773 0.03761 0.21167
0.38986 0.037601 0.20032
0.38941 0.037607 0.20986
0.37238 0.037623 0.23612
0.36958 0.037648 0.24772
0.39633 0.037631 0.22775
0.39243 0.037669 0.25039
0.36804 0.037663 0.26284
0.3668 0.037673 0.28526
0.39179 0.037681 0.26686
0.37971 0.037702 0.28171
0.3722 0.037701 0.30748
0.38592 0.037736 0.2942
0.38427 0.03775 0.30377
0.36044 0.037721 0.32446
0.36467 0.03805 0.34599
0.35713 0.038274 0.36796
0.37507 0.038209 0.35359
0.35527 0.038095 0.38387
0.36234 0.038182 0.38019
0.3559 0.037971 0.39652
0.33719 0.038148 0.43316
0.33186 0.038374 0.44432
0.34819 0.037959 0.42074
0.33421 0.038379 0.44798
0.31718 0.038666 0.46218
0.31864 0.038535 0.47972
0.30581 0.038701 0.51269
0.32109 0.038377 0.54238
0.31356 0.038781 0.50884
0.32596 0.038378 0.54374
0.33254 0.038219 0.56208
0.33325 0.038092 0.57455
0.33957 0.037999 0.59278
0.34409 0.037932 0.61028
0.35287 0.038043 0.58687
0.3645 0.038107 0.6126
0.35054 0.037904 0.62908
0.35167 0.037884 0.63755
0.36354 0.037958 0.62934
0.37048 0.037938 0.64053
0.35369 0.037813 0.65613
0.35864 0.037743 0.67604
0.38115 0.03789 0.6557
0.38416 0.037807 0.6662
0.36068 0.037693 0.68722
0.37703 0.037755 0.68011
0.38441 0.037711 0.70077
0.3785 0.037631 0.73251
0.39318 0.037683 0.71362
0.38766 0.037628 0.73304
0.3767 0.037582 0.75255
0.36808 0.037581 0.75855
0.38463 0.037594 0.74923
0.38106 0.037571 0.78074
0.37877 0.037554 0.79866
0.38763 0.037579 0.77573
0.37829 0.037552 0.80839
0.37204 0.037543 0.82985
0.37523 0.037543 0.83773
0.37388 0.037534 0.8552
0.38944 0.037537 0.83785
0.39085 0.037529 0.86281
0.37642 0.037537 0.87495
0.37201 0.037533 0.89428
0.39379 0.037525 0.89758
0.37598 0.037531 0.90893
0.38282 0.037496 0.92789
0.38931 0.037526 0.90825
0.39641 0.037487 0.93047
0.37995 0.037462 0.94132
0.374 0.033468 0.95389
0.39292 0.037461 0.94203
0.39903 0.033403 0.95469
0.41707 0.03754 0.036661
0.42259 0.037538 0.041455
0.42413 0.037547 0.064441
0.40833 0.037556 0.080175
0.42965 0.037546 0.073542
0.4369 0.037614 0.095941
0.42013 0.037535 0.10627
0.40994 0.037526 0.11595
0.42805 0.037586 0.10511
0.4294 0.037606 0.12183
0.41579 0.037548 0.13939
0.40935 0.037571 0.15562
0.4308 0.037568 0.14501
0.41246 0.03757 0.16424
0.41031 0.037587 0.18467
0.42346 0.037564 0.16984
0.42542 0.037564 0.17653
0.41361 0.037629 0.21903
0.42647 0.03758 0.19955
0.43153 0.03758 0.20648
0.39961 0.037636 0.23301
0.41035 0.037696 0.24999
0.43055 0.037637 0.2241
0.40817 0.037698 0.26464
0.40372 0.037702 0.27331
0.42656 0.037755 0.2757
0.40816 0.037748 0.29383
0.39844 0.037789 0.3062
0.42291 0.037764 0.28316
0.41676 0.037769 0.29868
0.39698 0.037839 0.32359
0.39881 0.037914 0.3367
0.41758 0.037873 0.31593
0.40633 0.037962 0.3392
0.38176 0.038284 0.36285
0.4113 0.038034 0.3451
0.37124 0.038266 0.37648
0.36697 0.037992 0.39701
0.39332 0.038155 0.37362
0.38403 0.038007 0.38695
0.3659 0.037879 0.41763
0.35781 0.037937 0.43585
0.37955 0.037963 0.39901
0.34019 0.038298 0.45575
0.32278 0.038388 0.47974
0.3552 0.037648 0.45032
0.32679 0.038105 0.49148
0.32253 0.038435 0.50027
0.32973 0.038498 0.53318
0.32747 0.037827 0.50701
0.34692 0.038367 0.54242
0.35782 0.03808 0.56324
0.37495 0.038066 0.57587
0.37232 0.038287 0.60705
0.39655 0.03826 0.62354
0.38064 0.03813 0.62872
0.39057 0.037963 0.64867
0.39997 0.038082 0.63377
0.39422 0.037866 0.6576
0.40197 0.037775 0.66888
0.40933 0.037854 0.65577
0.42057 0.037757 0.66559
0.39527 0.037742 0.68715
0.40303 0.037704 0.69523
0.42381 0.037747 0.68389
0.4257 0.037676 0.69859
0.41038 0.037654 0.71515
0.40531 0.037624 0.72733
0.42418 0.037604 0.72425
0.40565 0.037577 0.75765
0.42424 0.037575 0.74504
0.41891 0.037578 0.76042
0.41076 0.037562 0.77714
0.40306 0.037544 0.79683
0.42826 0.037544 0.77784
0.43149 0.037531 0.79333
0.41553 0.037523 0.8144
0.43256 0.037527 0.80613
0.42012 0.037518 0.82276
0.40611 0.037529 0.83796
0.42539 0.037514 0.85935
0.41403 0.03752 0.87875
0.40961 0.037518 0.89663
0.42888 0.037513 0.87897
0.42364 0.037511 0.88784
0.41128 0.037518 0.90679
0.40949 0.037486 0.9296
0.42858 0.037487 0.92702
0.4042 0.037455 0.94467
0.41975 0.037468 0.93762
0.4293 0.033334 0.96111
0.44019 0.037538 0.041708
0.44601 0.037537 0.062326
0.4587 0.037533 0.045443
0.44095 0.037537 0.072726
0.44288 0.037624 0.095071
0.46539 0.037524 0.08239
0.4593 0.0377 0.1006
0.44386 0.037872 0.11735
0.46181 0.037763 0.10675
0.44972 0.037811 0.12912
0.44215 0.037559 0.14622
0.45592 0.037813 0.13004
0.46454 0.037545 0.1478
0.44901 0.037508 0.16031
0.44547 0.03756 0.18204
0.4628 0.037521 0.16878
0.46062 0.037562 0.18572
0.44821 0.037567 0.1967
0.44258 0.03758 0.20821
0.45577 0.037604 0.21548
0.43889 0.037645 0.22814
0.43477 0.037689 0.24192
0.45311 0.037642 0.22681
0.43697 0.037728 0.25189
0.4363 0.037733 0.26634
0.4585 0.037741 0.26055
0.46163 0.037801 0.27202
0.43345 0.037791 0.28109
0.44838 0.037849 0.28967
0.45481 0.037949 0.30216
0.43116 0.037908 0.31445
0.42699 0.037931 0.32935
0.45082 0.037988 0.30937
0.44521 0.03796 0.3218
0.42667 0.03803 0.34042
0.41728 0.03813 0.3597
0.45043 0.03811 0.33696
0.44205 0.038216 0.34987
0.43396 0.038314 0.36672
0.38852 0.037363 0.39946
0.38337 0.037107 0.42078
0.42008 0.036899 0.37994
0.40342 0.03521 0.40211
0.36448 0.036851 0.44281
0.34251 0.036144 0.47639
0.35269 0.034271 0.49113
0.33595 0.03633 0.51798
0.354 0.037462 0.54321
0.34657 0.035621 0.52734
0.38607 0.035649 0.56316
0.38811 0.037019 0.58302
0.39924 0.037407 0.59836
0.39583 0.036243 0.58636
0.4073 0.037073 0.60054
0.40761 0.038416 0.61315
0.41655 0.038022 0.60863
0.42672 0.037987 0.62765
0.41997 0.037966 0.64317
0.44184 0.038097 0.63073
0.45117 0.037972 0.64014
0.43067 0.037766 0.65929
0.43023 0.037765 0.6684
0.45013 0.037807 0.65706
0.4486 0.037797 0.66534
0.4331 0.037713 0.68603
0.44224 0.037655 0.69875
0.46262 0.037596 0.69556
0.43965 0.037611 0.71362
0.44526 0.037582 0.72921
0.45468 0.037592 0.71099
0.45942 0.037557 0.73056
0.44816 0.03756 0.73979
0.43675 0.037555 0.76058
0.46088 0.037524 0.74388
0.45729 0.037533 0.76028
0.44125 0.03754 0.77489
0.44274 0.037527 0.79608
0.45555 0.037521 0.77796
0.46631 0.03752 0.79627
0.44452 0.037505 0.81917
0.45567 0.037501 0.81281
0.45547 0.037502 0.82219
0.44598 0.037515 0.83553
0.43888 0.037511 0.85909
0.46444 0.037507 0.83563
0.44107 0.037513 0.86924
0.44157 0.037506 0.88945
0.45402 0.037504 0.87962
0.46147 0.037501 0.89317
0.44797 0.037508 0.91296
0.44791 0.037485 0.92517
0.46106 0.037503 0.91354
0.45668 0.037472 0.92956
0.44503 0.037442 0.94674
0.46478 0.037437 0.94298
0.46068 0.033333 0.96314
0.39604 0.037856 0.43698
0.36986 0.038301 0.46999
0.3722 0.038315 0.53106
0.37615 0.036284 0.50559
0.48259 0.037522 0.046262
0.47905 0.037526 0.065127
0.49705 0.037515 0.039068
0.48899 0.037522 0.062903
0.47123 0.037525 0.082389
0.47355 0.037577 0.094883
0.49283 0.03752 0.073893
0.49124 0.037525 0.094299
0.47894 0.037582 0.11066
0.47287 0.037688 0.11602
0.48451 0.037525 0.1053
0.49449 0.037523 0.12382
0.47253 0.037657 0.13092
0.49303 0.037555 0.14772
0.47157 0.037537 0.1652
0.47937 0.037559 0.17955
0.48857 0.037567 0.16319
0.48092 0.037579 0.19565
0.47797 0.037605 0.212
0.49269 0.037579 0.19399
0.49327 0.037601 0.21069
0.47498 0.037662 0.23266
0.48166 0.037678 0.23825
0.4908 0.037656 0.22598
0.49733 0.037671 0.23817
0.46951 0.037745 0.2609
0.48289 0.037758 0.26459
0.49744 0.037739 0.26005
0.50217 0.037805 0.27216
0.47304 0.037887 0.28728
0.47583 0.037971 0.29499
0.48812 0.037985 0.2951
0.46742 0.038091 0.31129
0.47065 0.038331 0.32335
0.48717 0.03815 0.3117
0.48974 0.038375 0.32232
0.46759 0.038429 0.33222
0.47027 0.038635 0.33894
0.48931 0.038835 0.33946
0.45454 0.038265 0.36023
0.47736 0.038594 0.34643
0.47836 0.037859 0.3506
0.43591 0.036192 0.37868
0.43188 0.03463 0.3898
0.46373 0.035635 0.3635
0.46341 0.034336 0.3701
0.41776 0.033587 0.41581
0.43654 0.033362 0.49878
0.39175 0.033433 0.5179
0.40083 0.034336 0.57657
0.44375 0.033748 0.59791
0.43793 0.035451 0.6056
0.47803 0.034058 0.5872
0.4908 0.035431 0.59984
0.44138 0.037516 0.61279
0.45767 0.038174 0.61905
0.48779 0.03705 0.60906
0.49842 0.03786 0.61714
0.46163 0.038194 0.62626
0.46504 0.037905 0.64392
0.48183 0.03805 0.62584
0.49544 0.037906 0.63717
0.46287 0.037854 0.64898
0.46586 0.037731 0.66384
0.49678 0.037701 0.64689
0.47411 0.037679 0.67334
0.47269 0.03758 0.69923
0.48464 0.037602 0.67648
0.49206 0.03755 0.69018
0.47816 0.037541 0.7181
0.4925 0.037549 0.70138
0.49424 0.037522 0.72148
0.47864 0.037509 0.73949
0.48015 0.037509 0.75307
0.49562 0.037484 0.74086
0.49723 0.037498 0.75294
0.48192 0.037528 0.76646
0.47295 0.037516 0.78938
0.49362 0.037512 0.79512
0.48088 0.037492 0.82497
0.49569 0.037498 0.80613
0.49354 0.037489 0.82753
0.4789 0.037497 0.83971
0.48098 0.03749 0.85649
0.48779 0.037486 0.85362
0.4778 0.037501 0.87264
0.4751 0.037495 0.88394
0.49556 0.037495 0.87797
0.47085 0.037471 0.92635
0.49237 0.037498 0.90722
0.48751 0.037454 0.92869
0.47732 0.037425 0.94377
0.47726 0.033781 0.95211
0.48851 0.03743 0.93733
0.46169 0.033971 0.42578
0.39943 0.034159 0.50466
0.43218 0.033871 0.5132
0.45829 0.033973 0.56047
0.45828 0.036286 0.38842
0.46714 0.037125 0.3802
0.40658 0.036123 0.43285
0.38564 0.035272 0.46697
0.40898 0.037166 0.42072
0.39074 0.036604 0.44882
0.46572 0.034921 0.40973
0.42415 0.034075 0.45096
0.46559 0.036121 0.38824
0.43096 0.033789 0.4944
0.40873 0.034359 0.53544
0.36855 0.038375 0.52873
0.42007 0.037222 0.58398
0.47826 0.033949 0.55115
0.44622 0.035793 0.58269
0.43965 0.033893 0.54024
0.43144 0.036387 0.58952
0.42302 0.037027 0.58878
0.46878 0.036975 0.3817
0.42712 0.036584 0.41607
0.4058 0.034882 0.4739
0.44283 0.035855 0.41408
0.39145 0.035189 0.48217
0.44887 0.037683 0.39227
0.42614 0.034363 0.47916
0.45507 0.035128 0.41777
0.45072 0.034772 0.45978
0.38575 0.036642 0.53625
0.40344 0.036799 0.55537
0.37936 0.036076 0.50077
0.42384 0.03491 0.55668
0.41931 0.034264 0.51134
0.46945 0.034281 0.55948
0.44702 0.034119 0.50431
0.434 0.034542 0.56148
0.42396 0.03698 0.58801
0.47303 0.037485 0.57651
0.4427 0.034495 0.44211
0.45637 0.034586 0.52776
0.50872 0.037509 0.045685
0.52686 0.037501 0.047744
0.52585 0.037503 0.05768
0.50769 0.037512 0.072345
0.5076 0.037518 0.089373
0.53109 0.037501 0.068385
0.52496 0.037508 0.089547
0.50252 0.037514 0.10721
0.51271 0.037514 0.11728
0.52881 0.037501 0.10956
0.52395 0.037504 0.11609
0.51656 0.037526 0.13795
0.51478 0.037534 0.14849
0.52083 0.03752 0.13673
0.52329 0.037541 0.15941
0.5131 0.037548 0.16453
0.51844 0.037538 0.17949
0.53245 0.037523 0.17687
0.52251 0.037536 0.18061
0.51896 0.037576 0.20412
0.50649 0.037588 0.2097
0.53243 0.037545 0.20161
0.53551 0.037536 0.21523
0.5189 0.03766 0.23337
0.51893 0.03769 0.24477
0.53297 0.037765 0.23853
0.53181 0.037857 0.24827
0.51156 0.03777 0.2698
0.53664 0.03794 0.25928
0.53285 0.037885 0.26431
0.51179 0.037819 0.28038
0.51982 0.037881 0.29331
0.53965 0.038063 0.27767
0.53869 0.037998 0.29085
0.50613 0.038042 0.30776
0.53654 0.037928 0.30762
0.53805 0.03791 0.31564
0.49804 0.038727 0.33736
0.5251 0.038286 0.32682
0.53603 0.038228 0.34861
0.50362 0.038285 0.34335
0.5053 0.03789 0.34582
0.53614 0.037709 0.37654
0.51999 0.035701 0.36392
0.51051 0.03451 0.36963
0.52897 0.035789 0.38707
0.50671 0.034432 0.42607
0.48531 0.033418 0.43975
0.49612 0.033802 0.45045
0.50366 0.033438 0.47753
0.46866 0.033381 0.52621
0.51569 0.03362 0.58624
0.54978 0.03342 0.54616
0.56902 0.034216 0.58807
0.50203 0.035998 0.60506
0.54029 0.035642 0.59843
0.53792 0.036825 0.6067
0.52503 0.037553 0.61478
0.50553 0.038044 0.63128
0.52112 0.03804 0.62085
0.53093 0.037907 0.63242
0.50667 0.037737 0.64382
0.51355 0.037578 0.65556
0.52862 0.037627 0.6496
0.53283 0.037616 0.65853
0.50907 0.037593 0.67336
0.50357 0.037551 0.68732
0.52195 0.037625 0.66984
0.53315 0.03757 0.68572
0.50345 0.037519 0.71164
0.50978 0.03751 0.72528
0.52061 0.037509 0.72611
0.5086 0.037479 0.7391
0.50981 0.037482 0.75048
0.52759 0.037501 0.73174
0.52102 0.037482 0.75181
0.51601 0.037505 0.76585
0.50664 0.037502 0.78876
0.52802 0.037492 0.77646
0.5324 0.037496 0.78929
0.50799 0.037491 0.80665
0.51326 0.037477 0.81629
0.52477 0.03748 0.81076
0.52518 0.03748 0.82065
0.51198 0.037484 0.85059
0.53248 0.037486 0.85764
0.51028 0.037498 0.87504
0.51569 0.037493 0.88974
0.53121 0.037495 0.87411
0.53189 0.03749 0.89234
0.50274 0.037494 0.91313
0.52114 0.037496 0.90965
0.50505 0.033983 0.95157
0.52819 0.037372 0.94398
0.52609 0.033339 0.95777
0.46577 0.034061 0.5054
0.49741 0.033824 0.54864
0.48337 0.034551 0.40268
0.47925 0.033992 0.48034
0.51632 0.037224 0.40652
0.46263 0.033912 0.44319
0.51925 0.035232 0.51549
0.48618 0.037101 0.45138
0.54191 0.036721 0.51455
0.5 0.033823 0.52718
0.49128 0.035005 0.5705
0.53213 0.034231 0.5517
0.5213 0.036953 0.57804
0.55252 0.034489 0.54363
0.55197 0.036069 0.58341
0.57866 0.03803 0.54286
0.57593 0.038273 0.56878
0.50877 0.036478 0.58461
0.51224 0.036884 0.3948
0.51295 0.035986 0.40149
0.45641 0.033939 0.48273
0.48454 0.034914 0.42507
0.47813 0.034777 0.4617
0.48544 0.037356 0.45121
0.51341 0.035538 0.49646
0.49107 0.034929 0.48465
0.51551 0.034288 0.53292
0.50685 0.036316 0.56287
0.48451 0.034583 0.51314
0.50153 0.034951 0.55676
0.57223 0.037609 0.55082
0.56583 0.036971 0.57546
0.54496 0.035762 0.52659
0.4644 0.034431 0.45236
0.4736 0.034501 0.46613
0.49509 0.034614 0.51991
0.54244 0.037496 0.054893
0.56466 0.037486 0.036771
0.5604 0.037489 0.064163
0.5445 0.037498 0.094326
0.55639 0.03749 0.072598
0.5571 0.037493 0.090344
0.54477 0.037493 0.11059
0.54937 0.037502 0.12673
0.55446 0.037487 0.11007
0.55464 0.037498 0.12708
0.5456 0.037502 0.13711
0.56517 0.037489 0.13931
0.5582 0.037494 0.15081
0.54908 0.037505 0.17528
0.56684 0.037488 0.17374
0.55031 0.037491 0.20765
0.54367 0.037585 0.22488
0.56616 0.037492 0.20482
0.55871 0.03763 0.23083
0.54734 0.037823 0.23916
0.55434 0.037757 0.23793
0.55824 0.037865 0.25581
0.54728 0.038092 0.26213
0.55714 0.037894 0.26649
0.55617 0.037926 0.27189
0.54549 0.038041 0.28748
0.55979 0.037813 0.28645
0.55821 0.037785 0.29417
0.55095 0.037811 0.30816
0.54951 0.037862 0.32834
0.56137 0.037638 0.32239
0.56421 0.037641 0.34173
0.54234 0.038022 0.33196
0.54579 0.038005 0.36538
0.55779 0.037762 0.35274
0.53366 0.037855 0.38934
0.53386 0.03756 0.40539
0.53063 0.03738 0.41025
0.51285 0.035173 0.43287
0.53234 0.036849 0.43419
0.51873 0.034097 0.46205
0.54021 0.033978 0.49519
0.56958 0.033922 0.52397
0.59798 0.03618 0.53446
0.60401 0.03671 0.56085
0.58858 0.035864 0.58979
0.56339 0.037336 0.59891
0.59862 0.036794 0.5854
0.60266 0.037402 0.59346
0.56861 0.037712 0.60274
0.59833 0.03772 0.6093
0.5768 0.037878 0.61478
0.55709 0.037769 0.62171
0.53954 0.037854 0.63309
0.57657 0.037729 0.63818
0.54714 0.037764 0.64606
0.54729 0.037666 0.66399
0.57004 0.037702 0.64297
0.53994 0.037637 0.6707
0.54838 0.037583 0.69313
0.56367 0.037627 0.67449
0.55519 0.037586 0.6938
0.53703 0.037541 0.70887
0.53956 0.037526 0.72441
0.55908 0.037576 0.70218
0.54037 0.037498 0.73609
0.55346 0.037479 0.74489
0.56369 0.037487 0.75933
0.53928 0.037493 0.7667
0.54313 0.037497 0.79082
0.56427 0.037477 0.77786
0.56397 0.037501 0.795
0.54819 0.037504 0.80226
0.543 0.037484 0.82719
0.55476 0.0375 0.80474
0.55564 0.037484 0.82358
0.54007 0.03748 0.84596
0.55343 0.037482 0.84456
0.56027 0.037485 0.8602
0.54177 0.037486 0.88496
0.55651 0.037487 0.87926
0.56423 0.037487 0.88697
0.54681 0.037491 0.90712
0.53729 0.037437 0.92803
0.55897 0.037492 0.91049
0.55512 0.037442 0.92765
0.54383 0.037386 0.94317
0.54781 0.033335 0.95969
0.56309 0.037402 0.94032
0.55411 0.033637 0.9526
0.54603 0.036517 0.51739
0.55607 0.036757 0.52339
0.57729 0.037481 0.045398
0.58767 0.037477 0.04086
0.59574 0.037475 0.063794
0.5734 0.037482 0.097092
0.59 0.037476 0.07446
0.59646 0.037474 0.096283
0.57271 0.037478 0.11309
0.57746 0.037485 0.12832
0.59517 0.037472 0.10742
0.58792 0.037475 0.11939
0.5833 0.037476 0.14701
0.59988 0.037469 0.1398
0.59429 0.037476 0.15804
0.5805 0.03747 0.1779
0.57331 0.037487 0.18814
0.58905 0.037462 0.18064
0.59882 0.037459 0.18773
0.57097 0.03753 0.22427
0.59195 0.037478 0.21432
0.57046 0.037605 0.24258
0.56656 0.037695 0.25599
0.59876 0.037451 0.23903
0.58672 0.037462 0.25674
0.57463 0.037551 0.26178
0.58587 0.037465 0.2693
0.5883 0.037461 0.28516
0.5654 0.037702 0.28805
0.57491 0.037533 0.30585
0.5904 0.037426 0.30445
0.58745 0.037428 0.31339
0.57284 0.037534 0.32895
0.58959 0.037392 0.3444
0.58809 0.037396 0.35929
0.56622 0.037576 0.36389
0.55474 0.037408 0.39719
0.57262 0.037423 0.38416
0.5466 0.037099 0.41673
0.54484 0.03712 0.43173
0.56845 0.037431 0.41715
0.53832 0.03733 0.44327
0.53512 0.037415 0.46279
0.54059 0.037476 0.45186
0.54047 0.03729 0.46119
0.54637 0.036698 0.49009
0.5656 0.037532 0.50638
0.54743 0.037011 0.47994
0.5687 0.037649 0.50436
0.60074 0.037512 0.52847
0.61103 0.038093 0.54602
0.59683 0.037548 0.5198
0.61626 0.038198 0.54935
0.61148 0.037771 0.56099
0.60429 0.037649 0.59823
0.61989 0.038104 0.55995
0.61974 0.037871 0.58291
0.61101 0.037973 0.61065
0.61819 0.038014 0.60626
0.61995 0.03808 0.62568
0.60014 0.037934 0.63324
0.59242 0.037795 0.63924
0.61964 0.038171 0.64513
0.58354 0.037667 0.64949
0.57725 0.037606 0.6666
0.61793 0.037962 0.65651
0.59979 0.037644 0.66676
0.58147 0.037603 0.67622
0.59218 0.037615 0.67431
0.59007 0.037602 0.68941
0.57133 0.037534 0.72095
0.59085 0.037539 0.7196
0.57234 0.037511 0.73314
0.59657 0.03748 0.74507
0.5919 0.037486 0.76101
0.57092 0.037482 0.78529
0.59137 0.037495 0.79515
0.57837 0.037503 0.7987
0.57677 0.037482 0.81628
0.58999 0.037486 0.81219
0.57768 0.037487 0.84144
0.59639 0.03749 0.84275
0.57316 0.03749 0.86969
0.59594 0.037491 0.89341
0.57333 0.037493 0.90908
0.59222 0.037494 0.90741
0.5735 0.037385 0.94646
0.57665 0.033924 0.95179
0.59077 0.037414 0.94182
0.58547 0.033333 0.96315
0.61114 0.037471 0.045659
0.61349 0.03747 0.062977
0.63128 0.037467 0.042888
0.6332 0.037467 0.054359
0.6169 0.037468 0.076777
0.60524 0.037473 0.089185
0.63354 0.037464 0.081338
0.62858 0.037467 0.087753
0.61262 0.037464 0.11391
0.61113 0.037467 0.13025
0.6241 0.037461 0.10717
0.63028 0.037457 0.12735
0.60535 0.037468 0.13501
0.61639 0.037459 0.1642
0.63009 0.037453 0.13796
0.63071 0.037449 0.15322
0.6092 0.037454 0.17636
0.61597 0.037445 0.18958
0.62934 0.037445 0.17169
0.61396 0.037433 0.21174
0.60677 0.037442 0.23001
0.62328 0.037413 0.21604
0.62336 0.037399 0.22899
0.60267 0.037388 0.25307
0.62147 0.037351 0.24778
0.62404 0.037311 0.25867
0.62482 0.03722 0.28462
0.60484 0.03724 0.3219
0.61978 0.037156 0.30853
0.6206 0.03719 0.34032
0.61217 0.037252 0.34787
0.60733 0.037262 0.37841
0.58388 0.037362 0.38455
0.57795 0.03749 0.41007
0.59604 0.037273 0.38559
0.58973 0.037541 0.40953
0.56049 0.037203 0.43975
0.57515 0.037145 0.43745
0.55968 0.036986 0.4519
0.55696 0.036854 0.47496
0.56909 0.036906 0.45841
0.57374 0.036937 0.46222
0.57955 0.037244 0.4967
0.58413 0.037093 0.48221
0.59981 0.037247 0.49959
0.60695 0.037573 0.51339
0.62205 0.038198 0.54229
0.61725 0.037532 0.51018
0.62755 0.037877 0.53373
0.6312 0.038131 0.55541
0.63563 0.037917 0.5788
0.64094 0.037994 0.5551
0.64246 0.037936 0.57396
0.63471 0.037907 0.59455
0.64526 0.03789 0.60244
0.63185 0.038179 0.63832
0.64702 0.037916 0.63775
0.62598 0.038182 0.65611
0.61491 0.037791 0.66801
0.63471 0.037808 0.675
0.63565 0.037678 0.68315
0.60724 0.037598 0.70196
0.60547 0.037537 0.71954
0.62723 0.03752 0.72284
0.61004 0.037502 0.73855
0.60487 0.037477 0.75147
0.62449 0.037488 0.74192
0.62438 0.037475 0.74991
0.60897 0.037476 0.77733
0.61032 0.037477 0.78367
0.62561 0.037475 0.77729
0.62799 0.037476 0.78446
0.60303 0.0375 0.80022
0.60605 0.037492 0.82938
0.62821 0.037495 0.80335
0.6321 0.037493 0.82658
0.6067 0.037495 0.83668
0.60222 0.037487 0.85148
0.62469 0.037497 0.84101
0.62243 0.03749 0.85509
0.60942 0.037492 0.86866
0.60436 0.037491 0.88944
0.61853 0.037493 0.87736
0.6284 0.037493 0.88729
0.6071 0.037494 0.90836
0.60791 0.037471 0.92594
0.61948 0.037473 0.92739
0.60971 0.03744 0.94482
0.62155 0.037455 0.93735
0.62761 0.033333 0.96435
0.64037 0.037465 0.047335
0.65514 0.037463 0.038501
0.65717 0.037461 0.064821
0.64774 0.03746 0.080718
0.64165 0.037458 0.097741
0.66485 0.037457 0.075014
0.66771 0.037455 0.087022
0.65712 0.037445 0.11235
0.64906 0.037439 0.16425
0.65926 0.037438 0.1454
0.66039 0.037435 0.16388
0.64452 0.037433 0.17367
0.64545 0.037414 0.19823
0.65912 0.037417 0.18119
0.65552 0.037409 0.18854
0.64485 0.037404 0.20548
0.64147 0.037378 0.22289
0.66408 0.037388 0.20858
0.66249 0.037364 0.22532
0.63633 0.037333 0.24643
0.6415 0.037221 0.26774
0.65306 0.037141 0.27344
0.63586 0.037141 0.28765
0.63662 0.037153 0.30503
0.65815 0.037073 0.28943
0.64871 0.037113 0.30307
0.63879 0.037147 0.32068
0.64486 0.037091 0.33785
0.62559 0.037182 0.34818
0.61676 0.037198 0.38181
0.64336 0.037051 0.3504
0.63806 0.037128 0.37767
0.60322 0.037378 0.41232
0.61438 0.037229 0.4079
0.60111 0.037181 0.43792
0.61574 0.037151 0.42723
0.61479 0.037159 0.43748
0.59144 0.037078 0.45573
0.60267 0.037059 0.46836
0.61781 0.037137 0.45425
0.60994 0.037146 0.48642
0.61351 0.037177 0.49281
0.62269 0.037161 0.48503
0.63516 0.037265 0.49877
0.62575 0.0374 0.50715
0.63802 0.037664 0.52675
0.64502 0.037418 0.51248
0.66095 0.037543 0.52983
0.66361 0.037751 0.55606
0.67096 0.037946 0.574
0.66621 0.038038 0.58226
0.66966 0.037889 0.59689
0.68025 0.037971 0.59522
0.66141 0.037716 0.63117
0.67689 0.037685 0.61079
0.66789 0.037698 0.63521
0.65335 0.037883 0.64973
0.67383 0.037664 0.64816
0.65041 0.037532 0.68898
0.65607 0.037686 0.67168
0.65713 0.037549 0.68384
0.64319 0.037451 0.70474
0.6404 0.037488 0.72176
0.65696 0.037439 0.70969
0.66651 0.037464 0.72223
0.64615 0.037483 0.7326
0.64066 0.037474 0.75159
0.65978 0.037478 0.73972
0.65649 0.037467 0.75006
0.63632 0.037476 0.7754
0.64577 0.037475 0.78779
0.65443 0.037473 0.7705
0.65457 0.037478 0.79188
0.64555 0.037487 0.80537
0.64224 0.037493 0.82663
0.66207 0.03749 0.80887
0.66385 0.037495 0.82818
0.64383 0.037497 0.83425
0.6434 0.037494 0.85123
0.65375 0.0375 0.83921
0.65923 0.037499 0.86101
0.64737 0.037497 0.87885
0.64726 0.037496 0.88688
0.65407 0.037498 0.88004
0.66245 0.0375 0.89239
0.64345 0.037499 0.90667
0.63599 0.037465 0.92647
0.66212 0.037502 0.90164
0.65841 0.037491 0.91772
0.63486 0.037427 0.94128
0.64048 0.033517 0.95333
0.6557 0.037411 0.93918
0.66364 0.03341 0.95449
0.6822 0.037459 0.045357
0.68434 0.037458 0.0523
0.70073 0.037456 0.04082
0.69203 0.037455 0.059991
0.69959 0.03745 0.073193
0.69801 0.037446 0.094069
0.67207 0.037446 0.10439
0.67232 0.037441 0.12677
0.67562 0.037435 0.14497
0.67758 0.03743 0.16234
0.6807 0.037415 0.17507
0.69323 0.037404 0.1797
0.67935 0.037374 0.21408
0.66976 0.037362 0.22581
0.69397 0.037356 0.22099
0.68539 0.03734 0.23468
0.67273 0.037298 0.2499
0.68337 0.037273 0.2563
0.68891 0.037262 0.26146
0.6649 0.037089 0.30427
0.68607 0.037137 0.29091
0.67564 0.037076 0.30126
0.65634 0.037083 0.33208
0.67323 0.03704 0.32533
0.67256 0.037056 0.33096
0.66171 0.037004 0.35014
0.65329 0.037031 0.3661
0.66757 0.037049 0.3606
0.66157 0.037073 0.37553
0.6428 0.037085 0.39077
0.63636 0.037069 0.40314
0.66278 0.037105 0.39374
0.66171 0.037117 0.40336
0.64259 0.037092 0.41983
0.636 0.037135 0.43997
0.65675 0.037138 0.41965
0.66474 0.037158 0.43467
0.63952 0.037136 0.46939
0.66245 0.037155 0.45428
0.64623 0.037189 0.48366
0.65948 0.03724 0.49489
0.67381 0.037229 0.48102
0.68052 0.037311 0.49945
0.65998 0.037432 0.51443
0.66744 0.03752 0.53157
0.68478 0.037433 0.52354
0.67178 0.037542 0.54197
0.68239 0.037902 0.57306
0.68698 0.037457 0.54074
0.69468 0.037708 0.57122
0.68716 0.037873 0.5976
0.69309 0.037846 0.57915
0.70879 0.037626 0.5975
0.69416 0.037678 0.60532
0.70496 0.037572 0.61512
0.70658 0.037563 0.63152
0.68564 0.037605 0.64829
0.68341 0.037579 0.65631
0.69971 0.037573 0.64071
0.69914 0.037542 0.65586
0.67583 0.037478 0.69058
0.693 0.037471 0.68458
0.68152 0.037478 0.70881
0.67234 0.037468 0.72055
0.6879 0.037479 0.70023
0.67786 0.037477 0.74523
0.67111 0.037476 0.76089
0.69384 0.037483 0.73714
0.69763 0.037487 0.75913
0.67432 0.037481 0.76959
0.67645 0.037482 0.7888
0.6922 0.037489 0.76853
0.68631 0.03749 0.79654
0.67213 0.037492 0.80403
0.68556 0.037493 0.8022
0.68756 0.037498 0.82545
0.6796 0.037499 0.84669
0.69336 0.037502 0.83632
0.68642 0.037503 0.86345
0.67947 0.037503 0.86963
0.68988 0.037505 0.86864
0.69033 0.037506 0.89313
0.67797 0.037505 0.9073
0.66872 0.037444 0.92985
0.68854 0.037445 0.9291
0.67955 0.037391 0.94194
0.68087 0.033333 0.96336
0.69463 0.033341 0.95745
0.71047 0.037454 0.037552
0.70945 0.037453 0.055525
0.72601 0.037452 0.042866
0.72856 0.037448 0.061841
0.71207 0.037446 0.077857
0.72943 0.037442 0.077289
0.71218 0.037436 0.10386
0.70847 0.037428 0.1302
0.72705 0.037425 0.1156
0.73069 0.03742 0.13145
0.70588 0.037414 0.16293
0.73253 0.037414 0.15151
0.73011 0.037409 0.16439
0.7062 0.037399 0.18207
0.70356 0.037383 0.20002
0.72207 0.037403 0.17385
0.7307 0.037388 0.19299
0.70523 0.037373 0.20777
0.70376 0.037348 0.22761
0.71987 0.037361 0.21624
0.70868 0.037303 0.2555
0.72688 0.037295 0.26227
0.7089 0.037242 0.27986
0.70488 0.037168 0.30185
0.68757 0.03703 0.31865
0.69403 0.037121 0.34067
0.71729 0.037197 0.31876
0.7024 0.037149 0.34183
0.69467 0.037131 0.34746
0.69054 0.037134 0.37106
0.70759 0.037177 0.34785
0.71037 0.037196 0.3698
0.68958 0.037136 0.3898
0.67599 0.03714 0.40153
0.70076 0.037169 0.38173
0.69386 0.037158 0.40462
0.68022 0.037165 0.423
0.70543 0.037222 0.41228
0.6943 0.037198 0.4297
0.68471 0.037169 0.44342
0.67862 0.037193 0.46689
0.70308 0.037253 0.44829
0.69983 0.03725 0.46331
0.6877 0.037218 0.47459
0.69145 0.037266 0.49236
0.6954 0.037237 0.47229
0.70616 0.037311 0.49355
0.70693 0.037349 0.50933
0.71569 0.037383 0.52244
0.70396 0.03745 0.54897
0.72159 0.037413 0.54598
0.73025 0.037429 0.56675
0.72595 0.037676 0.60122
0.73276 0.037436 0.57965
0.7309 0.037558 0.59084
0.72172 0.037617 0.62652
0.73315 0.037846 0.60854
0.73732 0.037758 0.62541
0.71801 0.037542 0.64512
0.7215 0.03752 0.65193
0.73067 0.037555 0.63919
0.73149 0.037518 0.65945
0.71595 0.037486 0.68001
0.71103 0.037484 0.68886
0.7274 0.037511 0.67153
0.73011 0.037495 0.68618
0.717 0.037486 0.70858
0.70472 0.037482 0.72155
0.72152 0.037483 0.71801
0.70808 0.037489 0.73839
0.70737 0.037488 0.75294
0.72906 0.037492 0.73654
0.72493 0.03749 0.75561
0.7116 0.037501 0.77291
0.70242 0.037494 0.78921
0.72338 0.037501 0.77216
0.71171 0.037501 0.81267
0.70241 0.037501 0.8245
0.72435 0.037503 0.80138
0.71456 0.037507 0.83443
0.70232 0.037505 0.85739
0.72093 0.037508 0.8348
0.70924 0.03751 0.87984
0.70322 0.037508 0.88454
0.71936 0.037513 0.87117
0.73141 0.037516 0.89498
0.70217 0.037511 0.90799
0.71339 0.037504 0.91752
0.72967 0.037517 0.90471
0.70891 0.033335 0.95962
0.73092 0.037407 0.93997
0.73987 0.037452 0.043911
0.7425 0.037448 0.058275
0.76203 0.037444 0.059646
0.75687 0.037436 0.078925
0.75453 0.037431 0.093452
0.76488 0.037426 0.10759
0.75478 0.037422 0.12155
0.74277 0.037413 0.15086
0.73885 0.037412 0.15686
0.75607 0.037414 0.13856
0.7637 0.037399 0.16283
0.73976 0.037398 0.17677
0.74466 0.037378 0.20082
0.75541 0.037384 0.18385
0.75342 0.037374 0.1991
0.7477 0.037362 0.21289
0.74044 0.037332 0.23854
0.75831 0.037341 0.23215
0.7388 0.037311 0.25241
0.76194 0.037328 0.24286
0.74089 0.037273 0.27784
0.7272 0.037238 0.29518
0.75521 0.037283 0.2809
0.72606 0.037224 0.337
0.74245 0.037246 0.31162
0.74262 0.037248 0.33302
0.72192 0.037222 0.3493
0.71845 0.037219 0.37441
0.74126 0.037239 0.35409
0.74444 0.037243 0.36522
0.72746 0.037211 0.38772
0.72214 0.037214 0.396
0.74615 0.037244 0.38306
0.73478 0.03722 0.39742
0.71881 0.037232 0.41046
0.71687 0.037251 0.43565
0.74051 0.037248 0.41783
0.71384 0.037262 0.44738
0.7157 0.037278 0.46512
0.7378 0.037255 0.44706
0.74201 0.037267 0.45707
0.72741 0.037267 0.47131
0.72037 0.037305 0.48963
0.74635 0.037298 0.47616
0.7458 0.037307 0.48611
0.74732 0.037335 0.50746
0.74432 0.037355 0.52959
0.73307 0.037393 0.54418
0.73692 0.03741 0.56306
0.74946 0.037377 0.53998
0.75964 0.037406 0.55526
0.74733 0.037424 0.58498
0.7525 0.037685 0.60259
0.75602 0.037705 0.60634
0.74338 0.037576 0.63869
0.74396 0.037524 0.65727
0.76045 0.037552 0.63999
0.74728 0.037539 0.67186
0.7443 0.037515 0.69188
0.76426 0.03752 0.68014
0.74759 0.03751 0.71137
0.74417 0.037501 0.73056
0.74362 0.037493 0.74807
0.74052 0.037493 0.75243
0.7588 0.037498 0.7554
0.74537 0.037505 0.77374
0.74422 0.037507 0.79267
0.75405 0.037501 0.76911
0.74845 0.037511 0.813
0.74786 0.037513 0.83084
0.75608 0.037511 0.80415
0.76184 0.037513 0.82254
0.73846 0.037514 0.85823
0.75621 0.037517 0.84624
0.74338 0.037517 0.86783
0.73938 0.037518 0.89693
0.75601 0.037519 0.87718
0.75539 0.03752 0.89215
0.7462 0.03752 0.90137
0.76163 0.037523 0.90856
0.75426 0.037474 0.92841
0.73663 0.037417 0.93888
0.73839 0.033341 0.95755
0.76314 0.033334 0.96063
0.77345 0.037447 0.044345
0.78178 0.037444 0.053191
0.79615 0.037444 0.047992
0.79901 0.037438 0.064467
0.77709 0.037437 0.070057
0.79111 0.037427 0.092675
0.78164 0.037422 0.11689
0.78061 0.037413 0.133
0.79232 0.037421 0.11337
0.79592 0.037412 0.12815
0.7815 0.037402 0.14831
0.77864 0.037393 0.1621
0.7884 0.037404 0.14102
0.7894 0.037385 0.16692
0.77834 0.037375 0.18288
0.79766 0.037378 0.17355
0.78589 0.037361 0.2019
0.77673 0.037356 0.21329
0.77858 0.037341 0.23502
0.7927 0.037347 0.21811
0.78791 0.037339 0.23386
0.76908 0.037328 0.24516
0.76636 0.037304 0.27115
0.7871 0.037331 0.2435
0.78616 0.037322 0.26139
0.78673 0.037317 0.28309
0.75734 0.037265 0.32178
0.76245 0.037269 0.33663
0.78995 0.037287 0.30839
0.77548 0.03726 0.33024
0.7617 0.037265 0.35289
0.75916 0.037264 0.36863
0.77318 0.037259 0.34511
0.77109 0.037261 0.36419
0.76094 0.037263 0.38328
0.76425 0.037262 0.39867
0.77987 0.037276 0.38089
0.77977 0.037282 0.39865
0.76202 0.037266 0.41279
0.75791 0.037269 0.42717
0.77074 0.037274 0.40985
0.77568 0.037288 0.43178
0.75719 0.037279 0.44693
0.77373 0.037291 0.44888
0.77122 0.037287 0.45319
0.75412 0.0373 0.47268
0.76163 0.037311 0.48755
0.77506 0.037308 0.47054
0.78514 0.037342 0.49152
0.76967 0.037333 0.5113
0.77928 0.037341 0.50759
0.78904 0.037373 0.5281
0.76552 0.037408 0.55879
0.78421 0.037373 0.53364
0.78934 0.037401 0.56053
0.77387 0.037416 0.57844
0.77138 0.037448 0.58969
0.78814 0.037409 0.57621
0.77755 0.037433 0.60274
0.78639 0.03743 0.60405
0.77059 0.037555 0.63501
0.77247 0.037525 0.65581
0.79473 0.037513 0.64201
0.79039 0.037512 0.66276
0.77407 0.037517 0.6806
0.77597 0.037512 0.68893
0.79653 0.037508 0.67912
0.79609 0.037506 0.68434
0.7802 0.037503 0.70856
0.77012 0.037507 0.72985
0.78671 0.037505 0.73124
0.77672 0.037511 0.73973
0.7801 0.037505 0.76238
0.79708 0.03751 0.73994
0.79512 0.037515 0.79303
0.77046 0.037514 0.81423
0.77678 0.037517 0.82924
0.78705 0.037516 0.80477
0.79725 0.03752 0.82935
0.77577 0.037519 0.85189
0.78726 0.03752 0.84083
0.77757 0.037523 0.87618
0.77134 0.037523 0.89445
0.79497 0.037527 0.89132
0.77662 0.03748 0.9306
0.79116 0.037527 0.91244
0.781 0.037433 0.94757
0.77207 0.033333 0.963
0.79047 0.037445 0.94101
0.79564 0.033362 0.95595
0.80355 0.037444 0.047256
0.80416 0.037442 0.054876
0.82934 0.037442 0.047437
0.83175 0.037441 0.052869
0.80339 0.037431 0.07871
0.80487 0.037426 0.094668
0.82834 0.037434 0.07442
0.82123 0.037426 0.091744
0.80999 0.037422 0.10743
0.80861 0.037412 0.12597
0.82018 0.037418 0.11048
0.82707 0.037406 0.12841
0.82691 0.037395 0.14418
0.8193 0.03737 0.17961
0.8192 0.037362 0.19181
0.80948 0.037345 0.21301
0.80201 0.037335 0.22878
0.83109 0.037344 0.21927
0.8276 0.037329 0.22934
0.80255 0.037322 0.2442
0.80456 0.037319 0.26394
0.82797 0.037311 0.26288
0.81047 0.037323 0.28666
0.80449 0.037319 0.29588
0.82705 0.037326 0.28252
0.8183 0.037316 0.29876
0.80721 0.037303 0.30858
0.79966 0.037282 0.32506
0.81914 0.037309 0.30932
0.8097 0.037286 0.33363
0.79469 0.037276 0.34949
0.79907 0.037279 0.35874
0.80946 0.037283 0.35114
0.79196 0.037283 0.38291
0.79011 0.03729 0.40086
0.81737 0.03728 0.38183
0.79023 0.037298 0.41266
0.7908 0.037307 0.4303
0.81008 0.037289 0.42476
0.79159 0.037312 0.44368
0.80194 0.037301 0.4547
0.81748 0.0373 0.43989
0.79433 0.037331 0.47191
0.79094 0.037349 0.49147
0.79299 0.03736 0.50994
0.80428 0.03735 0.51854
0.81663 0.037344 0.51833
0.80441 0.037395 0.55298
0.8144 0.03738 0.54877
0.80774 0.037431 0.595
0.82771 0.037419 0.57482
0.82337 0.037428 0.5919
0.81101 0.037437 0.61037
0.81308 0.037459 0.62533
0.82597 0.037435 0.6049
0.82039 0.037449 0.62204
0.80696 0.03751 0.64392
0.80777 0.03751 0.65087
0.82129 0.037465 0.6332
0.81353 0.037503 0.66683
0.80676 0.037508 0.69679
0.82491 0.0375 0.68503
0.80923 0.037509 0.70847
0.82368 0.037505 0.70727
0.80579 0.037511 0.73515
0.80659 0.037513 0.76084
0.83205 0.037512 0.73924
0.83253 0.037514 0.75437
0.80349 0.037514 0.77398
0.80707 0.037518 0.79538
0.83112 0.037518 0.77758
0.82478 0.037518 0.79216
0.80974 0.037521 0.80486
0.82416 0.037525 0.8257
0.80379 0.037524 0.84576
0.81026 0.037527 0.85862
0.82913 0.037527 0.84174
0.82867 0.037529 0.86097
0.81416 0.037529 0.87106
0.80363 0.037528 0.89
0.82577 0.037532 0.87992
0.80532 0.03753 0.90527
0.80434 0.037512 0.9206
0.81817 0.037532 0.9065
0.80434 0.037444 0.93739
0.81207 0.033334 0.96104
0.82676 0.037403 0.94764
0.8204 0.033333 0.96333
0.84247 0.03744 0.045083
0.83936 0.037439 0.055544
0.8615 0.037437 0.045253
0.84521 0.037432 0.080505
0.84866 0.037424 0.093021
0.85215 0.037433 0.075536
0.85387 0.037425 0.091243
0.85538 0.037409 0.11046
0.8546 0.037398 0.13499
0.83931 0.037392 0.15034
0.84615 0.037381 0.16318
0.85859 0.037393 0.14566
0.85253 0.037387 0.15622
0.83719 0.037362 0.18615
0.83981 0.037358 0.19744
0.85666 0.037357 0.18643
0.86511 0.037345 0.20249
0.84914 0.037355 0.21468
0.83766 0.037323 0.23538
0.86086 0.037342 0.21769
0.85496 0.037341 0.23727
0.85044 0.037294 0.24946
0.86201 0.037432 0.24999
0.86253 0.037427 0.25841
0.85415 0.037336 0.27614
0.85351 0.037327 0.29644
0.83565 0.037313 0.31705
0.82805 0.037305 0.3268
0.855 0.037322 0.3084
0.84863 0.037314 0.32129
0.83063 0.037302 0.35605
0.84895 0.03731 0.34313
0.85661 0.037313 0.36121
0.83321 0.037303 0.38098
0.84306 0.037308 0.37895
0.85224 0.037315 0.39086
0.83668 0.037309 0.40998
0.83792 0.037309 0.42248
0.84295 0.037311 0.40475
0.85267 0.037322 0.42911
0.82969 0.037313 0.4408
0.82398 0.037312 0.45552
0.84501 0.037318 0.44445
0.85097 0.037328 0.45834
0.82842 0.037327 0.47507
0.83434 0.037337 0.48851
0.83466 0.037353 0.50907
0.84268 0.037369 0.5267
0.85937 0.037376 0.51777
0.83935 0.037383 0.53701
0.84142 0.037401 0.55222
0.85821 0.037393 0.5373
0.85604 0.037403 0.55003
0.84451 0.037416 0.57169
0.83773 0.03744 0.59136
0.85892 0.037417 0.57029
0.85177 0.037426 0.5871
0.84702 0.03745 0.61727
0.85687 0.037437 0.59851
0.85206 0.037454 0.62784
0.84745 0.037472 0.657
0.8624 0.037461 0.63606
0.85684 0.037473 0.6606
0.84674 0.037487 0.67737
0.83814 0.037496 0.68694
0.85906 0.037479 0.66949
0.86194 0.037491 0.69498
0.83952 0.037501 0.70547
0.84606 0.037506 0.72377
0.85389 0.037493 0.70185
0.8547 0.037503 0.72659
0.84348 0.037511 0.73675
0.84067 0.037516 0.76328
0.85625 0.037514 0.75896
0.83701 0.037521 0.79411
0.8599 0.037517 0.76986
0.864 0.037522 0.78918
0.84026 0.037525 0.81407
0.86257 0.037525 0.80373
0.85939 0.037527 0.82133
0.84217 0.037529 0.84195
0.85904 0.03753 0.83771
0.86005 0.037532 0.85543
0.8446 0.037534 0.87439
0.8401 0.037535 0.89548
0.85867 0.037534 0.86855
0.84351 0.037531 0.91771
0.86241 0.037538 0.90425
0.85387 0.037523 0.92081
0.84799 0.037478 0.93496
0.84104 0.033334 0.96028
0.86129 0.037488 0.93452
0.8595 0.033333 0.96347
0.86914 0.037437 0.039303
0.87083 0.037435 0.061951
0.88563 0.037435 0.040142
0.88709 0.037435 0.052537
0.88036 0.037431 0.077863
0.8808 0.037423 0.094
0.89546 0.03743 0.080003
0.8896 0.037427 0.087665
0.87999 0.037411 0.11129
0.88064 0.0374 0.13075
0.88911 0.037406 0.12144
0.87372 0.037395 0.14153
0.88088 0.037378 0.16255
0.89238 0.037391 0.15147
0.88742 0.037375 0.16638
0.87541 0.037341 0.19752
0.89134 0.037369 0.17436
0.89493 0.037354 0.19546
0.87136 0.037332 0.21155
0.87715 0.037441 0.23005
0.88851 0.037322 0.22011
0.88464 0.037526 0.2341
0.87337 0.03759 0.24488
0.87149 0.037406 0.274
0.87109 0.037325 0.29019
0.89199 0.037507 0.26661
0.88594 0.03732 0.29141
0.86497 0.037324 0.3162
0.87478 0.037329 0.32388
0.88265 0.037323 0.30338
0.88097 0.037328 0.32042
0.87081 0.037322 0.34624
0.88784 0.037325 0.34039
0.89285 0.037322 0.35383
0.86989 0.037319 0.38075
0.86168 0.037317 0.38857
0.8858 0.037319 0.3727
0.88866 0.037322 0.39291
0.86405 0.037324 0.40799
0.86644 0.03733 0.42013
0.88966 0.03733 0.41306
0.88474 0.037331 0.41873
0.87392 0.03734 0.44076
0.87864 0.037345 0.45022
0.87465 0.037364 0.47818
0.87317 0.037375 0.49261
0.88036 0.037373 0.49077
0.86373 0.037372 0.50228
0.87256 0.037398 0.52632
0.88413 0.037385 0.5099
0.88625 0.037393 0.52244
0.869 0.037402 0.53617
0.88606 0.037401 0.53431
0.89083 0.037411 0.54831
0.87552 0.037424 0.57019
0.87401 0.037439 0.59287
0.8883 0.037422 0.57056
0.88575 0.037436 0.59365
0.87329 0.037444 0.60119
0.8794 0.03746 0.62684
0.88563 0.037443 0.60473
0.88548 0.037454 0.622
0.878 0.037472 0.64482
0.88729 0.037465 0.64251
0.8907 0.037472 0.65482
0.87102 0.037482 0.67124
0.89773 0.037491 0.69396
0.87093 0.0375 0.70982
0.87982 0.037506 0.7272
0.8944 0.037495 0.70045
0.88979 0.037502 0.71973
0.87268 0.03751 0.74259
0.87127 0.037516 0.76242
0.88664 0.037508 0.74042
0.89722 0.037514 0.76143
0.87368 0.03752 0.77794
0.87779 0.037524 0.7949
0.88955 0.037521 0.78557
0.87067 0.037528 0.81341
0.87679 0.037529 0.82261
0.88854 0.037525 0.80246
0.87601 0.037532 0.83846
0.88067 0.037536 0.86189
0.89388 0.037532 0.83751
0.88561 0.037535 0.85694
0.87375 0.037539 0.88971
0.89131 0.037537 0.86812
0.8943 0.03754 0.88835
0.8791 0.03754 0.90222
0.88032 0.037514 0.92807
0.89233 0.037541 0.90879
0.89588 0.037504 0.92969
0.87133 0.03748 0.94018
0.89734 0.033334 0.96096
0.90467 0.037436 0.037664
0.91158 0.037435 0.0549
0.92187 0.037417 0.039018
0.9146 0.037431 0.076866
0.90322 0.037425 0.092407
0.92812 0.03738 0.096715
0.91075 0.037414 0.11151
0.90875 0.037403 0.13269
0.92045 0.037403 0.10614
0.92287 0.037389 0.12112
0.9047 0.037399 0.13829
0.90682 0.037386 0.16315
0.92122 0.037382 0.14276
0.91172 0.037376 0.19353
0.92647 0.037354 0.17606
0.9287 0.037335 0.20139
0.91207 0.037371 0.21137
0.90759 0.03739 0.22977
0.92463 0.037337 0.21467
0.9143 0.037347 0.23247
0.89854 0.037576 0.25097
0.92234 0.037283 0.24717
0.91551 0.037297 0.25891
0.9019 0.037407 0.27005
0.92795 0.037292 0.28161
0.92711 0.037296 0.29572
0.9072 0.037333 0.3271
0.91965 0.037317 0.30403
0.91843 0.037321 0.3239
0.89891 0.037328 0.33797
0.90159 0.037325 0.36287
0.92564 0.037305 0.3386
0.91502 0.037321 0.35703
0.90019 0.037325 0.37313
0.90508 0.037329 0.39168
0.92038 0.037303 0.3959
0.92024 0.037303 0.40349
0.92655 0.037293 0.42956
0.89911 0.037349 0.45351
0.92265 0.037306 0.4343
0.90229 0.037372 0.47813
0.8997 0.037381 0.49363
0.92317 0.037322 0.47011
0.92044 0.037343 0.4838
0.90686 0.037386 0.50112
0.90817 0.037395 0.52052
0.9249 0.037342 0.50997
0.92228 0.037354 0.51692
0.92081 0.037371 0.53513
0.92302 0.037378 0.55153
0.91208 0.037442 0.59235
0.92279 0.037412 0.57203
0.92691 0.037423 0.59176
0.90782 0.037447 0.60153
0.90293 0.037455 0.61874
0.9201 0.037438 0.60258
0.92195 0.037439 0.615
0.90168 0.037465 0.64006
0.93082 0.037408 0.64372
0.92157 0.037451 0.65958
0.91213 0.037484 0.68453
0.92364 0.037451 0.67762
0.927 0.03744 0.69258
0.91141 0.037493 0.70163
0.92155 0.037468 0.70573
0.90855 0.037507 0.73815
0.91203 0.037512 0.75764
0.91881 0.037492 0.73417
0.91828 0.037505 0.76284
0.91331 0.037516 0.77001
0.91235 0.03752 0.78668
0.92498 0.037488 0.77421
0.92574 0.037489 0.794
0.90385 0.037527 0.81425
0.91124 0.037528 0.82075
0.9201 0.037508 0.80155
0.91778 0.037521 0.82465
0.90508 0.037534 0.84411
0.90547 0.037536 0.86095
0.92265 0.037499 0.83471
0.9183 0.037527 0.86049
0.91097 0.037538 0.87198
0.91834 0.03753 0.87062
0.92992 0.037493 0.88844
0.90661 0.037541 0.90891
0.90782 0.037501 0.92817
0.91983 0.037527 0.90793
0.92792 0.037463 0.92419
0.90632 0.037462 0.94041
0.91248 0.033336 0.95902
0.9183 0.037448 0.93889
0.92358 0.033334 0.9603
0.93731 0.037361 0.042467
0.93757 0.037358 0.055429
0.95382 0.0335 0.037398
0.95731 0.033344 0.062236
0.93449 0.037362 0.076087
0.95982 0.033335 0.089333
0.9464 0.037317 0.10847
0.95893 0.033336 0.13068
0.94605 0.037298 0.14887
0.94238 0.037307 0.15958
0.95814 0.033338 0.14421
0.95126 0.034392 0.16184
0.93501 0.037331 0.17595
0.94481 0.037287 0.19982
0.95425 0.033416 0.20113
0.938 0.037292 0.20996
0.93718 0.037268 0.23275
0.96292 0.033333 0.21813
0.96045 0.033334 0.22512
0.93714 0.037259 0.2502
0.9441 0.037253 0.25523
0.96019 0.033334 0.24037
0.95072 0.03406 0.26577
0.94081 0.03726 0.27275
0.93727 0.03727 0.28937
0.95877 0.033335 0.27723
0.93895 0.037266 0.30316
0.93844 0.037276 0.33088
0.95349 0.033448 0.3029
0.96414 0.033333 0.3253
0.94336 0.037275 0.34264
0.94063 0.037277 0.35713
0.95768 0.033338 0.35982
0.93723 0.03727 0.36824
0.94498 0.037231 0.39673
0.96389 0.033333 0.37913
0.95021 0.03462 0.39547
0.94311 0.037237 0.40604
0.96306 0.033333 0.40886
0.95506 0.033368 0.42705
0.93848 0.037274 0.44293
0.94304 0.037268 0.44961
0.95183 0.033729 0.43381
0.95886 0.033335 0.45061
0.93611 0.037279 0.47001
0.96315 0.033333 0.47674
0.9537 0.033429 0.49212
0.94388 0.03727 0.50564
0.93973 0.03729 0.51888
0.95136 0.033932 0.50865
0.95895 0.033335 0.52349
0.93423 0.037333 0.55084
0.96407 0.033333 0.53572
0.95758 0.033339 0.55363
0.94168 0.037402 0.5897
0.93865 0.037405 0.60867
0.93897 0.037399 0.6176
0.95915 0.033335 0.62277
0.9428 0.037372 0.63463
0.96093 0.033334 0.63239
0.96339 0.033333 0.6549
0.94761 0.037357 0.67277
0.95961 0.033335 0.67092
0.95881 0.033336 0.69216
0.93968 0.037382 0.7106
0.9387 0.037389 0.72178
0.95363 0.033508 0.71241
0.95434 0.033433 0.71766
0.94268 0.037386 0.75327
0.95507 0.03339 0.74449
0.95936 0.033335 0.75351
0.94038 0.037446 0.77727
0.94042 0.037437 0.79728
0.9573 0.033343 0.78544
0.93885 0.037437 0.80241
0.95369 0.033512 0.81072
0.95875 0.033336 0.82932
0.93728 0.037426 0.8449
0.96485 0.033333 0.85608
0.94206 0.037455 0.88522
0.95921 0.033336 0.8694
0.93708 0.037435 0.92139
0.95601 0.033362 0.9071
0.96451 0.033333 0.91993
0.93801 0.037382 0.93607
0.9417 0.033338 0.9582
0.95904 0.033336 0.94216
0.95393 0.033333 0.96269
