2635
1 1 1
0.034991 0.037608 0.044839
0.041075 0.037608 0.05416
0.062592 0.037608 0.035663
0.058597 0.037608 0.05139
0.046218 0.03761 0.06883
0.043665 0.037611 0.093094
0.059974 0.03761 0.080545
0.056416 0.03761 0.096756
0.038606 0.03761 0.11027
0.041321 0.037611 0.12019
0.063558 0.037609 0.10698
0.063058 0.037617 0.14251
0.040456 0.037612 0.18808
0.058527 0.037612 0.17807
0.061313 0.037612 0.19362
0.036179 0.037612 0.19839
0.040424 0.037615 0.22412
0.053423 0.037613 0.20342
0.056529 0.037615 0.21671
0.04789 0.037615 0.23309
0.04237 0.037617 0.25415
0.053042 0.037616 0.23941
0.061864 0.037617 0.25396
0.047359 0.037618 0.26594
0.04651 0.037621 0.2829
0.055859 0.03762 0.27489
0.063401 0.037622 0.28357
0.062174 0.037627 0.30444
0.057719 0.037629 0.31948
0.045212 0.03763 0.34065
0.062355 0.037632 0.34926
0.046201 0.037631 0.37061
0.0452 0.037633 0.38403
0.060806 0.037633 0.3685
0.056094 0.037638 0.39032
0.044559 0.03764 0.40099
0.037571 0.037645 0.42052
0.060466 0.037643 0.40379
0.054111 0.037647 0.41532
0.042345 0.037647 0.4438
0.059063 0.037651 0.44155
0.05821 0.037653 0.4579
0.041736 0.03765 0.47154
0.043584 0.037649 0.48654
0.052026 0.037653 0.47126
0.05766 0.037652 0.49023
0.038363 0.03764 0.50674
0.038063 0.037634 0.52823
0.054449 0.037643 0.50875
0.058751 0.03764 0.52727
0.045258 0.037633 0.53992
0.04297 0.037634 0.566
0.060722 0.037639 0.53841
0.05942 0.037638 0.55946
0.037059 0.037636 0.57733
0.035924 0.037637 0.59998
0.051463 0.037638 0.5759
0.053428 0.037639 0.59624
0.0436 0.037636 0.60482
0.036252 0.037633 0.63216
0.051405 0.037638 0.61091
0.057433 0.037639 0.62373
0.051454 0.03763 0.65164
0.053451 0.03763 0.66361
0.047501 0.037627 0.67546
0.052553 0.037629 0.67364
0.058172 0.037628 0.69122
0.03602 0.037614 0.73226
0.06002 0.037619 0.71557
0.051779 0.037616 0.72501
0.043537 0.037611 0.74843
0.037078 0.03761 0.76384
0.059139 0.037612 0.74518
0.052113 0.03761 0.76197
0.040853 0.037609 0.77429
0.037253 0.037605 0.80035
0.058298 0.037608 0.78265
0.056365 0.037607 0.79231
0.039795 0.037602 0.82672
0.052947 0.037603 0.81491
0.058578 0.037601 0.83208
0.038084 0.0376 0.84355
0.035038 0.037597 0.86215
0.053855 0.037601 0.83796
0.056225 0.037598 0.86012
0.035599 0.037596 0.87181
0.045225 0.037595 0.89291
0.058215 0.037594 0.87909
0.056694 0.037594 0.88916
0.042004 0.0376 0.91222
0.037116 0.033349 0.95623
0.058836 0.037492 0.94481
0.061309 0.033428 0.95422
0.079537 0.037609 0.045233
0.075388 0.037609 0.059578
0.078421 0.037609 0.088096
0.0947 0.037608 0.073781
0.092018 0.037609 0.088051
0.071505 0.037609 0.1061
0.072588 0.037612 0.12886
0.085517 0.037608 0.10854
0.089747 0.037609 0.12195
0.070089 0.037615 0.1397
0.089862 0.037611 0.13606
0.093238 0.037612 0.1574
0.072189 0.037612 0.17526
0.06818 0.037612 0.19009
0.094702 0.03761 0.17506
0.095193 0.037612 0.19022
0.077463 0.037614 0.20495
0.076098 0.037615 0.22177
0.08904 0.037615 0.21002
0.097346 0.037615 0.22561
0.069824 0.037615 0.2428
0.072405 0.037616 0.24918
0.085736 0.037616 0.24336
0.090126 0.037617 0.25151
0.076159 0.037621 0.27192
0.075192 0.037623 0.28918
0.095745 0.037621 0.27193
0.068268 0.037627 0.30572
0.068626 0.037629 0.32471
0.09296 0.037625 0.30419
0.090814 0.037629 0.32526
0.071413 0.037631 0.34374
0.089814 0.037632 0.33961
0.088473 0.037636 0.35452
0.075799 0.037635 0.37752
0.091454 0.037639 0.37086
0.095077 0.037643 0.38261
0.069222 0.037647 0.40907
0.073201 0.037651 0.42242
0.09298 0.037657 0.41126
0.086099 0.037659 0.4179
0.068934 0.037654 0.44465
0.083453 0.03766 0.43651
0.084671 0.037664 0.45567
0.073689 0.037657 0.47373
0.077756 0.037658 0.48438
0.089556 0.037668 0.47964
0.088746 0.037665 0.49063
0.068829 0.03765 0.50236
0.084832 0.037655 0.51963
0.07681 0.037644 0.53656
0.071865 0.037641 0.56498
0.082238 0.037645 0.56265
0.073725 0.037641 0.57116
0.069417 0.037641 0.59988
0.085309 0.03765 0.57146
0.088131 0.037651 0.59524
0.074272 0.037642 0.62961
0.089798 0.03765 0.61286
0.094858 0.037648 0.62222
0.073 0.037639 0.64263
0.092732 0.037639 0.66555
0.068342 0.037632 0.68222
0.086099 0.037638 0.67457
0.089301 0.037632 0.69406
0.076529 0.037621 0.71194
0.067896 0.037615 0.73279
0.091337 0.03762 0.72432
0.07136 0.037612 0.74534
0.076359 0.03761 0.75756
0.088452 0.037615 0.74138
0.085452 0.037611 0.76228
0.07167 0.037609 0.7734
0.073298 0.037605 0.79905
0.094632 0.037607 0.78474
0.072646 0.037602 0.81588
0.080553 0.0376 0.82328
0.093397 0.037603 0.80671
0.090521 0.0376 0.83212
0.074988 0.0376 0.84212
0.074872 0.037598 0.86145
0.090321 0.037597 0.86521
0.077012 0.037593 0.88245
0.088878 0.037595 0.87348
0.08562 0.037593 0.89011
0.071702 0.037598 0.9096
0.077309 0.037575 0.93077
0.089404 0.037595 0.90253
0.071691 0.037547 0.93856
0.086404 0.037563 0.94727
0.11116 0.037605 0.039042
0.10654 0.037607 0.057432
0.1273 0.037604 0.037892
0.12273 0.037605 0.05227
0.1033 0.037608 0.068434
0.10777 0.037608 0.094402
0.12502 0.037606 0.096629
0.10619 0.037607 0.11036
0.11445 0.037607 0.12872
0.12599 0.037605 0.11836
0.10823 0.037609 0.14115
0.10326 0.037611 0.15579
0.12753 0.037609 0.15582
0.10836 0.037609 0.17268
0.10708 0.03761 0.18738
0.12842 0.037609 0.16683
0.1196 0.037611 0.19352
0.11354 0.037614 0.21657
0.11848 0.037612 0.20075
0.1176 0.037615 0.22696
0.10631 0.037616 0.23807
0.10119 0.037618 0.25574
0.12143 0.037617 0.23732
0.10707 0.03762 0.27323
0.10672 0.03762 0.28589
0.121 0.037621 0.27686
0.12912 0.03762 0.28341
0.10716 0.037621 0.30339
0.10773 0.037625 0.32576
0.12859 0.037624 0.30885
0.11702 0.037622 0.31753
0.10447 0.037628 0.33353
0.10541 0.037635 0.3581
0.11607 0.037635 0.35307
0.099604 0.037638 0.3651
0.11649 0.037644 0.36948
0.12224 0.037663 0.39326
0.1027 0.037652 0.39795
0.10222 0.037663 0.425
0.11309 0.037666 0.42523
0.098388 0.037666 0.43745
0.099294 0.037669 0.44946
0.11356 0.037675 0.44405
0.11527 0.03768 0.4566
0.098564 0.03767 0.47037
0.10669 0.03767 0.48706
0.1163 0.037683 0.47176
0.12195 0.03769 0.4891
0.10299 0.037663 0.5033
0.098537 0.037658 0.52534
0.11888 0.037672 0.52573
0.10451 0.03766 0.53813
0.10029 0.037659 0.5598
0.12101 0.037676 0.54357
0.098563 0.037655 0.58258
0.10082 0.037653 0.5956
0.11816 0.037668 0.57636
0.1199 0.037662 0.60137
0.10889 0.037647 0.61698
0.10907 0.037644 0.62681
0.12584 0.037651 0.63181
0.10622 0.037639 0.64571
0.10588 0.037637 0.65862
0.11943 0.037646 0.64027
0.11649 0.037634 0.66722
0.10477 0.037631 0.68377
0.12208 0.037633 0.68334
0.1079 0.037622 0.72876
0.12693 0.037626 0.70698
0.12835 0.037619 0.73432
0.10227 0.037617 0.73971
0.10635 0.037611 0.75602
0.12095 0.03761 0.76412
0.10791 0.037607 0.77517
0.12887 0.037603 0.77899
0.11859 0.037602 0.79117
0.1097 0.0376 0.8297
0.1186 0.037602 0.80504
0.12196 0.037599 0.83359
0.11107 0.037599 0.83953
0.12706 0.037597 0.84276
0.12689 0.037594 0.85631
0.10939 0.037593 0.87603
0.11314 0.037592 0.89251
0.12966 0.037592 0.88272
0.12315 0.037592 0.89731
0.10408 0.037595 0.90969
0.12249 0.037593 0.91193
0.12093 0.037569 0.92519
0.10569 0.037548 0.93833
0.13074 0.037494 0.94632
0.12914 0.033333 0.96456
0.14265 0.037603 0.039795
0.1582 0.037602 0.035268
0.15984 0.037601 0.053359
0.13525 0.037605 0.076285
0.14059 0.037603 0.09546
0.15351 0.037602 0.072
0.15786 0.037601 0.090562
0.14016 0.037602 0.10651
0.14175 0.037602 0.11785
0.15236 0.0376 0.11113
0.15665 0.0376 0.1167
0.13509 0.037606 0.13783
0.13604 0.037608 0.15946
0.16076 0.037606 0.15303
0.13452 0.037608 0.17823
0.15855 0.037608 0.17268
0.15724 0.037608 0.18427
0.1369 0.037611 0.20535
0.14275 0.037614 0.22513
0.15994 0.037609 0.20657
0.13581 0.037616 0.23772
0.14568 0.037617 0.25298
0.1517 0.037615 0.23072
0.15915 0.037618 0.25902
0.13811 0.037618 0.26722
0.13731 0.037621 0.2891
0.15632 0.037619 0.26691
0.1528 0.037622 0.28577
0.14486 0.037624 0.30294
0.13268 0.037625 0.31386
0.15819 0.037628 0.29705
0.15003 0.037632 0.32017
0.1348 0.037636 0.3422
0.14377 0.037639 0.34887
0.15464 0.037639 0.33066
0.14012 0.037649 0.37317
0.13437 0.037654 0.382
0.15736 0.037659 0.37584
0.13011 0.03768 0.4205
0.14386 0.037686 0.42393
0.13698 0.037688 0.43967
0.1303 0.037692 0.45366
0.14864 0.0377 0.44227
0.14678 0.037704 0.45221
0.131 0.037696 0.46944
0.12926 0.037695 0.48638
0.14832 0.037717 0.47186
0.13785 0.03768 0.51014
0.13725 0.037673 0.52461
0.15394 0.037707 0.50167
0.13145 0.037673 0.54613
0.13835 0.037665 0.56818
0.14515 0.037674 0.55072
0.15449 0.037695 0.55547
0.13952 0.037659 0.58435
0.13473 0.037659 0.5969
0.15446 0.037678 0.58457
0.15366 0.037672 0.59667
0.1343 0.037655 0.61358
0.13714 0.037652 0.63059
0.15622 0.037668 0.61811
0.15135 0.037664 0.62792
0.14049 0.037643 0.66147
0.15972 0.037667 0.64635
0.15005 0.037647 0.66265
0.13798 0.037635 0.67454
0.14388 0.037625 0.69483
0.14823 0.037633 0.67817
0.15064 0.037624 0.70228
0.13252 0.037624 0.70606
0.1438 0.037613 0.73369
0.15505 0.037624 0.70864
0.15062 0.037613 0.73347
0.1438 0.03761 0.74913
0.13754 0.037605 0.7665
0.15623 0.037612 0.73992
0.15987 0.037604 0.7563
0.1405 0.037598 0.79334
0.15397 0.0376 0.77668
0.15546 0.037597 0.79888
0.14598 0.037597 0.80714
0.14337 0.037596 0.82826
0.1644 0.037595 0.81452
0.15671 0.037594 0.82855
0.14148 0.037592 0.84734
0.14807 0.037589 0.86238
0.16122 0.037589 0.8461
0.16131 0.037587 0.86161
0.13801 0.037591 0.87661
0.15803 0.037589 0.88074
0.15643 0.037589 0.89749
0.13609 0.037591 0.90885
0.14113 0.037548 0.92819
0.15852 0.037589 0.91088
0.15611 0.037555 0.92511
0.13733 0.033761 0.95249
0.15988 0.037491 0.9406
0.15954 0.033333 0.9614
0.17198 0.037599 0.044849
0.17894 0.037598 0.061215
0.18829 0.037597 0.045545
0.18731 0.037597 0.055132
0.17173 0.0376 0.076373
0.17552 0.0376 0.092077
0.1909 0.037597 0.077921
0.19059 0.037598 0.093171
0.17083 0.0376 0.10603
0.17503 0.037601 0.12887
0.18524 0.0376 0.10746
0.19222 0.037599 0.1181
0.17358 0.037602 0.14079
0.18036 0.037603 0.15405
0.18852 0.037601 0.14533
0.19289 0.037602 0.15053
0.1799 0.037606 0.19341
0.19166 0.037604 0.17216
0.18703 0.037608 0.18874
0.1759 0.03761 0.22647
0.18836 0.037609 0.20143
0.18748 0.037613 0.21972
0.1736 0.037612 0.23883
0.17574 0.037614 0.25687
0.18776 0.037614 0.24867
0.18895 0.037617 0.26994
0.1844 0.037627 0.28814
0.16683 0.037628 0.29632
0.17304 0.037638 0.31337
0.18657 0.03764 0.30769
0.18888 0.037649 0.32428
0.16532 0.037643 0.34065
0.16795 0.037646 0.34748
0.18248 0.037648 0.33598
0.18538 0.037656 0.34538
0.17356 0.03766 0.37002
0.18353 0.037673 0.37281
0.17986 0.037672 0.38978
0.16756 0.037678 0.42444
0.18743 0.037686 0.40165
0.18704 0.037697 0.42049
0.16698 0.037688 0.4374
0.16747 0.037699 0.45248
0.18245 0.037702 0.43409
0.17548 0.03771 0.45897
0.16343 0.037719 0.48694
0.17648 0.037736 0.47781
0.17915 0.037747 0.4862
0.16231 0.037708 0.50279
0.16235 0.0377 0.53106
0.18082 0.037742 0.509
0.17864 0.037732 0.5311
0.16283 0.037703 0.54634
0.17528 0.037714 0.56425
0.17141 0.037692 0.5813
0.16276 0.037677 0.59391
0.18388 0.037715 0.58774
0.17946 0.037681 0.59985
0.17286 0.037662 0.61001
0.16645 0.037664 0.62985
0.18115 0.03767 0.60848
0.18133 0.037664 0.62549
0.16647 0.037669 0.64806
0.16848 0.037661 0.65782
0.19116 0.037682 0.65051
0.19161 0.037666 0.66235
0.16869 0.037641 0.67575
0.16778 0.03763 0.69173
0.18116 0.037647 0.67311
0.18424 0.037633 0.69314
0.17412 0.037618 0.71884
0.17099 0.037613 0.73064
0.18409 0.037625 0.70626
0.18507 0.03761 0.73527
0.17764 0.037601 0.74985
0.17085 0.0376 0.7576
0.18642 0.037602 0.74908
0.17041 0.037597 0.79238
0.19082 0.037599 0.7722
0.19044 0.037596 0.79856
0.17577 0.037594 0.80699
0.18903 0.037592 0.81463
0.19075 0.037587 0.82934
0.18042 0.037585 0.83975
0.17136 0.037584 0.85621
0.18952 0.037583 0.84658
0.18763 0.037581 0.85362
0.16953 0.037585 0.87536
0.16946 0.037586 0.89168
0.1955 0.037579 0.87009
0.19474 0.037579 0.88958
0.1715 0.037536 0.92883
0.18672 0.037528 0.92982
0.18124 0.033503 0.95348
0.18839 0.037492 0.93828
0.19357 0.033351 0.956
0.20297 0.037594 0.044294
0.2113 0.037593 0.058488
0.22485 0.037591 0.034973
0.22292 0.037592 0.056258
0.20999 0.037593 0.068606
0.2067 0.037594 0.088383
0.22744 0.03759 0.070723
0.224 0.037592 0.0931
0.2124 0.037593 0.10045
0.20635 0.037597 0.12643
0.22922 0.037592 0.10096
0.22094 0.037595 0.12095
0.20527 0.037599 0.14158
0.20081 0.037601 0.17299
0.21108 0.037605 0.18902
0.22744 0.037593 0.17181
0.22978 0.037594 0.18274
0.20627 0.03761 0.19969
0.22375 0.037608 0.19942
0.21163 0.037615 0.23729
0.22534 0.037621 0.23198
0.22246 0.037629 0.25551
0.2044 0.037611 0.27215
0.19945 0.037614 0.28037
0.22274 0.037625 0.26613
0.21582 0.037609 0.28433
0.20726 0.037615 0.30499
0.20489 0.037634 0.32476
0.21402 0.037612 0.31335
0.1983 0.037647 0.33056
0.20266 0.03766 0.35321
0.21455 0.037637 0.32991
0.2235 0.037669 0.34674
0.20583 0.037658 0.36295
0.20238 0.037665 0.38063
0.21773 0.037666 0.36135
0.21026 0.037664 0.38723
0.19966 0.037686 0.40523
0.20826 0.03768 0.40201
0.1988 0.037714 0.42875
0.18939 0.03774 0.45575
0.21204 0.037741 0.43023
0.2111 0.037779 0.44895
0.19429 0.037768 0.46795
0.19651 0.037787 0.48918
0.20079 0.037792 0.47611
0.20457 0.03782 0.48969
0.19276 0.037776 0.5112
0.19481 0.037766 0.52503
0.19591 0.037749 0.54251
0.19726 0.037741 0.55727
0.20717 0.037758 0.55855
0.19678 0.037755 0.58913
0.19505 0.037816 0.60153
0.21074 0.037789 0.58884
0.21084 0.037912 0.59673
0.19773 0.037902 0.61134
0.19816 0.037815 0.63021
0.21567 0.038043 0.62612
0.19657 0.037675 0.64786
0.20519 0.037652 0.65362
0.21588 0.037839 0.63513
0.20569 0.037642 0.67317
0.20045 0.037629 0.6964
0.21581 0.03764 0.67394
0.21508 0.037627 0.69726
0.19958 0.037619 0.71038
0.1996 0.037606 0.72958
0.21611 0.037616 0.71177
0.21862 0.037603 0.72298
0.20379 0.037596 0.76137
0.22004 0.037595 0.74939
0.20326 0.037597 0.78287
0.21025 0.037591 0.79448
0.2211 0.037595 0.77364
0.20506 0.037584 0.83293
0.22804 0.037585 0.81696
0.22484 0.037582 0.83153
0.2056 0.037581 0.84709
0.2091 0.037577 0.86041
0.22332 0.037581 0.838
0.22469 0.037574 0.85942
0.20811 0.037576 0.8758
0.21057 0.037575 0.89312
0.22099 0.037573 0.87729
0.22591 0.037572 0.8959
0.21469 0.037535 0.92716
0.22574 0.037575 0.91359
0.20269 0.037454 0.94675
0.2142 0.033333 0.96259
0.22239 0.037472 0.94244
0.22279 0.03334 0.95705
0.23549 0.03759 0.034981
0.23916 0.037588 0.061186
0.25299 0.037586 0.042374
0.26124 0.037584 0.0559
0.24089 0.037588 0.067293
0.23715 0.037589 0.083959
0.2571 0.037583 0.075251
0.26045 0.037583 0.084589
0.24689 0.037595 0.11779
0.25683 0.037588 0.10026
0.2523 0.037595 0.12441
0.23637 0.037596 0.14279
0.25573 0.037594 0.13729
0.26161 0.037593 0.15361
0.23655 0.03759 0.17393
0.24664 0.037591 0.18878
0.25411 0.037589 0.17389
0.25999 0.037594 0.18326
0.23979 0.0376 0.208
0.23315 0.037616 0.22594
0.25656 0.037598 0.20286
0.23254 0.037626 0.24084
0.23942 0.037632 0.24634
0.24117 0.037639 0.26931
0.23988 0.037641 0.28913
0.25981 0.037653 0.27847
0.25797 0.037664 0.30214
0.25415 0.037676 0.31684
0.23131 0.037669 0.3497
0.25001 0.03768 0.33786
0.25524 0.03771 0.35481
0.23439 0.03767 0.3614
0.2463 0.037688 0.36722
0.24161 0.037677 0.38124
0.22504 0.0377 0.40041
0.23408 0.037719 0.41388
0.24421 0.037705 0.39386
0.22799 0.037741 0.42796
0.22414 0.037785 0.44798
0.24422 0.037772 0.4315
0.23803 0.037804 0.45104
0.21727 0.037854 0.47378
0.23182 0.037858 0.46834
0.23677 0.037948 0.48424
0.22711 0.037863 0.50567
0.23156 0.037872 0.53311
0.22295 0.03781 0.55001
0.21871 0.037779 0.5693
0.22441 0.037927 0.59877
0.23046 0.037917 0.60397
0.22474 0.038057 0.61259
0.22602 0.037829 0.63118
0.22928 0.037966 0.61552
0.23882 0.037728 0.62936
0.22591 0.037633 0.647
0.2342 0.037627 0.65897
0.24328 0.037639 0.65106
0.2457 0.037643 0.66572
0.23621 0.037636 0.68267
0.25479 0.03764 0.69128
0.23842 0.037603 0.71884
0.24951 0.037616 0.70954
0.25182 0.037597 0.72902
0.23859 0.037591 0.74237
0.2362 0.037588 0.75985
0.25344 0.037591 0.74758
0.26247 0.037588 0.76422
0.23367 0.037594 0.78
0.2422 0.037587 0.79236
0.2581 0.037589 0.77373
0.24274 0.037583 0.80795
0.26061 0.037578 0.80933
0.25416 0.037576 0.82867
0.24396 0.037574 0.84448
0.23942 0.03757 0.8601
0.23788 0.037568 0.87829
0.23677 0.037566 0.88769
0.25982 0.037562 0.87646
0.24714 0.037566 0.91212
0.23774 0.037529 0.92832
0.25316 0.037563 0.9029
0.26188 0.037517 0.93034
0.24479 0.033334 0.96127
0.25706 0.037501 0.9359
0.2777 0.037578 0.056248
0.29828 0.037572 0.060746
0.27954 0.037575 0.07919
0.2727 0.037582 0.093898
0.29682 0.037572 0.073891
0.27377 0.037585 0.10865
0.29347 0.037578 0.10367
0.28863 0.037582 0.12239
0.27445 0.037585 0.1354
0.27177 0.037589 0.15601
0.29615 0.037577 0.1371
0.29764 0.037584 0.157
0.26803 0.037591 0.16877
0.27328 0.037596 0.18154
0.28901 0.037607 0.19152
0.27652 0.037618 0.21442
0.29141 0.037608 0.19656
0.28901 0.037621 0.22163
0.27206 0.037637 0.25742
0.28938 0.037623 0.23603
0.29095 0.037647 0.25501
0.28544 0.037645 0.26267
0.26586 0.03766 0.30384
0.26814 0.037668 0.31309
0.29146 0.037681 0.31688
0.26372 0.037689 0.33245
0.26747 0.037715 0.35519
0.27734 0.037681 0.3385
0.27951 0.037711 0.35078
0.26557 0.037721 0.36114
0.26516 0.037731 0.38064
0.28088 0.03776 0.37154
0.26051 0.037752 0.40081
0.25624 0.037774 0.41571
0.27595 0.03779 0.40565
0.26952 0.037791 0.42071
0.24736 0.037855 0.4559
0.26671 0.037791 0.42872
0.27266 0.037852 0.44732
0.2438 0.037936 0.47021
0.24615 0.037992 0.48784
0.26009 0.038082 0.48268
0.2437 0.037964 0.51032
0.25515 0.037963 0.53538
0.24853 0.037931 0.54136
0.25117 0.037873 0.57286
0.25766 0.03793 0.55239
0.26759 0.037957 0.56338
0.25567 0.037858 0.57939
0.24814 0.037734 0.60577
0.26354 0.037863 0.58189
0.26473 0.037797 0.59463
0.25376 0.037683 0.6151
0.25716 0.037665 0.63162
0.27319 0.03767 0.62844
0.26219 0.037661 0.64955
0.26135 0.037657 0.66527
0.27525 0.03766 0.64976
0.27892 0.037654 0.66659
0.26159 0.037657 0.67381
0.27102 0.037607 0.69511
0.28597 0.037662 0.6761
0.28344 0.037594 0.7021
0.2702 0.037577 0.71608
0.27423 0.03757 0.72393
0.29242 0.037595 0.72755
0.27809 0.037598 0.75101
0.27446 0.037586 0.76761
0.29245 0.037614 0.74369
0.26871 0.037584 0.77542
0.27715 0.037569 0.79328
0.29468 0.037579 0.77976
0.29092 0.03757 0.79722
0.29279 0.037573 0.81423
0.28561 0.037573 0.82951
0.27829 0.03757 0.84692
0.29682 0.037565 0.84418
0.28894 0.037562 0.85918
0.27257 0.037558 0.88066
0.28238 0.037555 0.89292
0.29389 0.037553 0.87987
0.28693 0.037554 0.89393
0.29841 0.037552 0.90953
0.29596 0.037526 0.92597
0.27866 0.037452 0.94621
0.28139 0.033363 0.95533
0.29885 0.037502 0.93574
0.28687 0.033334 0.96019
0.30448 0.03757 0.04528
0.308 0.03757 0.0583
0.33136 0.037562 0.044177
0.33253 0.037563 0.058142
0.30647 0.037571 0.079288
0.31054 0.037573 0.086682
0.32724 0.037566 0.069927
0.32318 0.037571 0.093175
0.30857 0.037574 0.10734
0.30636 0.037577 0.12487
0.33154 0.037568 0.10254
0.32181 0.037573 0.12256
0.30487 0.037574 0.14288
0.30799 0.037582 0.15407
0.32491 0.03757 0.14149
0.32571 0.037576 0.15071
0.30584 0.037589 0.17489
0.30866 0.037598 0.18924
0.32597 0.037582 0.16898
0.3094 0.037612 0.21848
0.33009 0.037601 0.20445
0.32858 0.037609 0.21254
0.3004 0.037619 0.23907
0.30698 0.037629 0.24943
0.31684 0.037633 0.25404
0.30576 0.03764 0.26246
0.29976 0.037652 0.2853
0.31532 0.037635 0.26204
0.32069 0.037647 0.27924
0.29929 0.037655 0.30432
0.29861 0.037672 0.31316
0.31562 0.037657 0.30476
0.3157 0.037669 0.31206
0.3024 0.037697 0.32914
0.29207 0.03774 0.35255
0.31434 0.037698 0.33576
0.32011 0.037742 0.35049
0.29632 0.037757 0.35734
0.28969 0.037813 0.3857
0.30666 0.037784 0.36599
0.31255 0.037886 0.38004
0.28699 0.037821 0.40428
0.29397 0.037829 0.41345
0.30215 0.037834 0.40065
0.30482 0.037866 0.41706
0.2856 0.037843 0.43445
0.27849 0.037897 0.45219
0.30447 0.037996 0.43337
0.30597 0.038144 0.4434
0.27369 0.038165 0.47954
0.28755 0.038086 0.46576
0.27663 0.038189 0.48985
0.27143 0.038193 0.50359
0.26566 0.03815 0.52164
0.28213 0.038332 0.50523
0.27894 0.038064 0.54257
0.28767 0.037982 0.56676
0.27681 0.03788 0.58309
0.30373 0.037837 0.59806
0.28241 0.037705 0.62062
0.28765 0.03769 0.63321
0.31263 0.037801 0.63109
0.31242 0.037768 0.65747
0.31601 0.037773 0.67154
0.32302 0.037694 0.70161
0.32506 0.037657 0.72007
0.31895 0.037645 0.73152
0.30473 0.037626 0.7405
0.3115 0.037595 0.75994
0.32256 0.037612 0.74747
0.32121 0.037591 0.76491
0.31206 0.037585 0.77963
0.30467 0.037572 0.79307
0.31925 0.037582 0.78388
0.31995 0.037573 0.80012
0.30342 0.037572 0.80635
0.32249 0.037551 0.82703
0.30576 0.037559 0.84135
0.31234 0.037549 0.85874
0.30496 0.037548 0.88221
0.31281 0.037544 0.88999
0.32476 0.037544 0.87126
0.32304 0.037542 0.8964
0.30612 0.037549 0.91282
0.31557 0.03753 0.92889
0.33233 0.03754 0.9056
0.32333 0.037533 0.92261
0.30726 0.037494 0.94538
0.32562 0.037501 0.94258
0.34302 0.037558 0.040628
0.34205 0.03756 0.055591
0.36727 0.037551 0.040758
0.35637 0.037556 0.051334
0.34248 0.037561 0.073217
0.34196 0.037565 0.085486
0.35789 0.037559 0.083367
0.34401 0.037562 0.10396
0.33873 0.037567 0.12112
0.35929 0.037558 0.12016
0.34146 0.037567 0.13775
0.34556 0.037574 0.14993
0.35813 0.037564 0.13955
0.36482 0.037568 0.14793
0.34585 0.037579 0.16749
0.34573 0.037582 0.1782
0.35319 0.037579 0.1632
0.35808 0.037585 0.1779
0.3379 0.0376 0.19764
0.33597 0.037619 0.21766
0.35375 0.037604 0.19668
0.34294 0.037624 0.23034
0.33773 0.037639 0.25343
0.35345 0.03763 0.23262
0.36006 0.037657 0.24786
0.34314 0.037623 0.26967
0.34057 0.03763 0.28003
0.35792 0.037653 0.26621
0.35048 0.037623 0.27491
0.33352 0.037659 0.29493
0.3341 0.03771 0.31782
0.34983 0.037654 0.29419
0.34489 0.037698 0.31753
0.33835 0.037733 0.32499
0.32846 0.037738 0.34427
0.3435 0.037783 0.33429
0.35342 0.038231 0.36083
0.34453 0.038045 0.37528
0.31961 0.037895 0.39916
0.31612 0.0379 0.41766
0.33095 0.037901 0.39008
0.3163 0.038172 0.43409
0.32561 0.038062 0.4289
0.29577 0.038231 0.46594
0.29099 0.038355 0.49171
0.30319 0.03844 0.4833
0.29205 0.038402 0.50356
0.29517 0.038424 0.50396
0.3084 0.038465 0.53489
0.30047 0.038059 0.57135
0.31186 0.038342 0.54872
0.31593 0.038088 0.56899
0.31862 0.037884 0.59174
0.31391 0.037831 0.60899
0.31604 0.037823 0.61669
0.32338 0.037825 0.63439
0.33739 0.037896 0.61544
0.34404 0.037885 0.63156
0.33302 0.03779 0.65825
0.32351 0.037779 0.67201
0.34565 0.037822 0.6542
0.34247 0.037766 0.66941
0.32968 0.037693 0.69715
0.34617 0.037728 0.68139
0.35427 0.037661 0.70377
0.3295 0.03767 0.71397
0.33833 0.037628 0.72663
0.35329 0.037651 0.71523
0.34851 0.037615 0.73602
0.33822 0.037609 0.7422
0.34072 0.037584 0.76804
0.35216 0.037588 0.74715
0.35581 0.037583 0.76316
0.35464 0.037589 0.77943
0.35624 0.037563 0.80066
0.34784 0.037551 0.81359
0.33707 0.037547 0.82125
0.35749 0.037543 0.82454
0.3478 0.037549 0.84262
0.34558 0.037541 0.85942
0.36484 0.037543 0.83634
0.36399 0.037535 0.86004
0.33988 0.037542 0.87803
0.34329 0.037536 0.89189
0.35633 0.037532 0.88648
0.34842 0.037536 0.90918
0.3417 0.037506 0.9266
0.35616 0.037533 0.91214
0.35613 0.037505 0.92355
0.3479 0.037462 0.93797
0.33956 0.033335 0.95831
0.36287 0.037458 0.93771
0.35478 0.033333 0.96254
0.37425 0.037548 0.035104
0.38417 0.037548 0.05592
0.39306 0.037542 0.040902
0.39463 0.037552 0.070247
0.399 0.037557 0.09158
0.37436 0.03755 0.10302
0.38542 0.03754 0.11537
0.39861 0.037542 0.10692
0.39329 0.037541 0.11486
0.37328 0.037557 0.14211
0.37426 0.037574 0.1552
0.39834 0.037549 0.13547
0.38074 0.037579 0.16493
0.37502 0.037588 0.17687
0.39564 0.037605 0.18712
0.37542 0.037609 0.19511
0.37827 0.037619 0.21134
0.39045 0.03761 0.20003
0.38996 0.037616 0.20954
0.37278 0.037633 0.23574
0.36991 0.037659 0.24731
0.39678 0.037642 0.2274
0.39273 0.037681 0.24998
0.36828 0.037674 0.26239
0.36692 0.037685 0.28477
0.39199 0.037693 0.26642
0.37983 0.037716 0.28123
0.37215 0.037714 0.30696
0.38594 0.03775 0.2937
0.38423 0.037764 0.30326
0.36026 0.037734 0.3239
0.36429 0.038065 0.34541
0.35659 0.038289 0.36736
0.37461 0.038223 0.353
0.3546 0.038109 0.38327
0.36169 0.038197 0.37957
0.35514 0.037984 0.39591
0.33626 0.038162 0.43263
0.33091 0.038388 0.44382
0.34728 0.037971 0.42016
0.33323 0.038393 0.44748
0.31622 0.038679 0.46174
0.31761 0.038548 0.4793
0.30479 0.038713 0.51235
0.32004 0.038389 0.54207
0.31251 0.038794 0.50848
0.3249 0.038389 0.54343
0.33152 0.038229 0.56178
0.33229 0.038103 0.57426
0.33871 0.038008 0.59248
0.34334 0.03794 0.60997
0.35194 0.038053 0.58655
0.36375 0.038116 0.61224
0.34991 0.037911 0.62874
0.35109 0.037891 0.63721
0.3629 0.037966 0.62899
0.36989 0.037945 0.64016
0.35321 0.037819 0.65579
0.35828 0.037748 0.67568
0.38066 0.037895 0.65529
0.38372 0.037812 0.66576
0.36039 0.037697 0.68685
0.37668 0.03776 0.67969
0.38422 0.037714 0.70031
0.37853 0.037633 0.73207
0.39308 0.037686 0.71313
0.38769 0.03763 0.73257
0.37685 0.037583 0.75213
0.36827 0.037581 0.75816
0.38477 0.037595 0.74879
0.38132 0.037569 0.78034
0.37911 0.037552 0.79828
0.38787 0.037578 0.77529
0.37867 0.037549 0.80803
0.37249 0.037539 0.82954
0.37568 0.037539 0.83743
0.37437 0.037529 0.85493
0.38989 0.037533 0.83752
0.39133 0.037524 0.86252
0.37693 0.037532 0.87472
0.37255 0.037527 0.8941
0.3943 0.037519 0.89738
0.37652 0.037526 0.90878
0.38336 0.03749 0.92779
0.38984 0.037521 0.90809
0.39694 0.037481 0.93036
0.38049 0.037455 0.94125
0.37455 0.033429 0.95385
0.39345 0.037455 0.94196
0.39956 0.033379 0.95465
0.41799 0.03754 0.036658
0.42352 0.037539 0.041448
0.42505 0.037548 0.064417
0.40924 0.037557 0.080124
0.43058 0.037547 0.073511
0.43782 0.037616 0.095897
0.42102 0.037538 0.10619
0.41081 0.037529 0.11585
0.42894 0.037588 0.10504
0.43027 0.037609 0.12174
0.41661 0.037552 0.13925
0.41012 0.037577 0.15543
0.43161 0.037573 0.14488
0.4132 0.037577 0.16405
0.41098 0.037595 0.18443
0.42419 0.037571 0.16965
0.42613 0.037572 0.17633
0.41411 0.037639 0.21871
0.42707 0.037589 0.1993
0.43209 0.037589 0.20622
0.40003 0.037647 0.23265
0.41064 0.037708 0.24961
0.43101 0.037647 0.2238
0.40838 0.037711 0.26422
0.40387 0.037715 0.27287
0.42668 0.037768 0.27528
0.40816 0.037762 0.29334
0.39835 0.037803 0.30568
0.42298 0.037778 0.28272
0.41671 0.037782 0.29819
0.39676 0.037853 0.32305
0.39848 0.037928 0.33614
0.41739 0.037887 0.3154
0.40597 0.037976 0.33863
0.38122 0.038299 0.36223
0.41088 0.038049 0.34452
0.3706 0.038281 0.37586
0.36617 0.038006 0.39639
0.39266 0.038169 0.37299
0.38327 0.038021 0.38631
0.36494 0.037892 0.41703
0.35679 0.03795 0.43529
0.37869 0.037977 0.39837
0.33915 0.038312 0.45525
0.32174 0.0384 0.47932
0.35411 0.03766 0.44978
0.32571 0.038117 0.49108
0.32146 0.038447 0.49988
0.32864 0.03851 0.53285
0.32638 0.037837 0.50663
0.34578 0.038379 0.54209
0.35674 0.03809 0.56291
0.37391 0.038076 0.5755
0.37151 0.038296 0.60667
0.39582 0.038268 0.62312
0.37997 0.038138 0.62833
0.39003 0.037969 0.64824
0.39931 0.03809 0.63335
0.39373 0.037871 0.65716
0.40155 0.03778 0.6684
0.40883 0.037859 0.6553
0.42013 0.037762 0.66507
0.39497 0.037746 0.68667
0.40278 0.037707 0.69472
0.42349 0.037751 0.68334
0.42549 0.037679 0.69802
0.41029 0.037656 0.71461
0.4053 0.037625 0.72681
0.42414 0.037605 0.72367
0.4058 0.037577 0.75714
0.42433 0.037575 0.74447
0.41907 0.037578 0.75986
0.41099 0.037561 0.77662
0.40337 0.037542 0.79636
0.42848 0.037543 0.77728
0.43176 0.037529 0.79278
0.41588 0.03752 0.81393
0.43286 0.037524 0.80561
0.42048 0.037514 0.8223
0.40653 0.037525 0.83758
0.42582 0.037509 0.85899
0.41449 0.037514 0.87846
0.4101 0.037512 0.89639
0.42932 0.037508 0.87867
0.42409 0.037505 0.88756
0.41177 0.037512 0.90659
0.40999 0.03748 0.92948
0.42904 0.03748 0.92687
0.40472 0.037449 0.9446
0.42024 0.037462 0.93751
0.42977 0.033334 0.96108
0.44113 0.037538 0.041704
0.44695 0.037537 0.062313
0.45964 0.037533 0.045441
0.44188 0.037537 0.072704
0.4438 0.037626 0.095034
0.46633 0.037524 0.08239
0.46022 0.037702 0.10059
0.44475 0.037875 0.11729
0.46272 0.037765 0.10673
0.45059 0.037815 0.12905
0.44297 0.037564 0.14611
0.45679 0.037817 0.12998
0.46537 0.037549 0.14774
0.44979 0.037514 0.16018
0.44616 0.037568 0.18186
0.46355 0.037527 0.16869
0.46131 0.037569 0.18559
0.44883 0.037575 0.19649
0.44313 0.037589 0.20797
0.45628 0.037613 0.21526
0.43932 0.037656 0.22785
0.43511 0.037701 0.24159
0.45354 0.037652 0.22656
0.43724 0.03774 0.25155
0.43647 0.037746 0.26596
0.4587 0.037752 0.26025
0.46175 0.037813 0.2717
0.43353 0.037804 0.28067
0.44838 0.037862 0.28926
0.4547 0.037962 0.30174
0.43097 0.037922 0.31396
0.42667 0.037945 0.32882
0.45066 0.038002 0.30891
0.44495 0.037974 0.32131
0.42626 0.038044 0.33986
0.41672 0.038145 0.3591
0.45004 0.038123 0.33644
0.44155 0.03823 0.3493
0.4333 0.038328 0.36611
0.38763 0.037375 0.39882
0.38232 0.037118 0.42015
0.4193 0.03691 0.37932
0.40245 0.035215 0.40147
0.36339 0.036861 0.44225
0.34138 0.036151 0.47593
0.35148 0.034274 0.49069
0.33481 0.036337 0.51762
0.35283 0.037472 0.54287
0.3454 0.035626 0.52699
0.38493 0.035654 0.56279
0.3871 0.037026 0.58263
0.39833 0.037415 0.59795
0.39484 0.036248 0.58595
0.40639 0.03708 0.60012
0.40678 0.038425 0.61272
0.41569 0.038029 0.60818
0.426 0.037993 0.62716
0.41938 0.037972 0.64269
0.44115 0.038104 0.6302
0.45056 0.037978 0.63957
0.4302 0.037771 0.65875
0.42982 0.03777 0.66786
0.44964 0.037812 0.65647
0.44816 0.037801 0.66475
0.43279 0.037717 0.68545
0.44204 0.037658 0.69813
0.4624 0.037598 0.69489
0.43954 0.037613 0.713
0.44524 0.037583 0.72856
0.45456 0.037594 0.71033
0.45941 0.037557 0.72988
0.4482 0.03756 0.73915
0.4369 0.037555 0.75998
0.46093 0.037523 0.7432
0.45742 0.037531 0.75963
0.44145 0.037538 0.77431
0.44301 0.037524 0.79552
0.45575 0.037519 0.77734
0.46656 0.037517 0.79566
0.44484 0.037501 0.81865
0.45597 0.037497 0.81225
0.45578 0.037498 0.82165
0.44633 0.03751 0.83504
0.43928 0.037505 0.85871
0.46476 0.037502 0.83512
0.44148 0.037507 0.86889
0.44199 0.037501 0.88916
0.45441 0.037498 0.87928
0.46186 0.037495 0.89287
0.4484 0.037501 0.91275
0.44833 0.037478 0.925
0.46146 0.037496 0.91332
0.45708 0.037465 0.9294
0.44547 0.037435 0.94665
0.46517 0.037429 0.94287
0.46107 0.033333 0.96313
0.39484 0.037869 0.43638
0.36862 0.038315 0.46948
0.37093 0.038327 0.5307
0.37482 0.036291 0.50516
0.48353 0.03752 0.046271
0.47999 0.037525 0.065146
0.49798 0.037512 0.039077
0.48993 0.03752 0.062934
0.47216 0.037525 0.082398
0.47448 0.037578 0.094893
0.49377 0.037518 0.073939
0.49217 0.037524 0.094354
0.47986 0.037583 0.11068
0.47379 0.03769 0.11602
0.48543 0.037526 0.10533
0.49538 0.037524 0.1239
0.4734 0.03766 0.13091
0.49387 0.037558 0.14779
0.47233 0.037542 0.16514
0.48008 0.037564 0.1795
0.48934 0.03757 0.16321
0.48154 0.037585 0.1956
0.47849 0.037612 0.21191
0.49331 0.037584 0.19403
0.4938 0.037607 0.21071
0.47537 0.03767 0.23252
0.48202 0.037687 0.23813
0.49124 0.037663 0.22596
0.4977 0.037678 0.23818
0.46971 0.037756 0.26065
0.48308 0.037768 0.26439
0.49768 0.037748 0.25999
0.50235 0.037814 0.27209
0.47307 0.037899 0.28694
0.47579 0.037983 0.29463
0.48811 0.037996 0.2948
0.46724 0.038104 0.31086
0.47038 0.038344 0.32289
0.48701 0.038163 0.31132
0.48949 0.038388 0.3219
0.46724 0.038443 0.33173
0.46987 0.038649 0.33843
0.48893 0.038848 0.33897
0.45392 0.038278 0.35964
0.4769 0.038606 0.3459
0.47787 0.03787 0.35006
0.43512 0.036201 0.37807
0.43098 0.034634 0.38919
0.46305 0.035641 0.36291
0.46265 0.034339 0.3695
0.41661 0.033588 0.41517
0.43493 0.033362 0.4983
0.39035 0.033434 0.51748
0.39976 0.034338 0.57617
0.44279 0.033749 0.59745
0.43703 0.035454 0.60514
0.47694 0.034059 0.58664
0.48985 0.035435 0.59922
0.44054 0.037523 0.61231
0.45691 0.038181 0.6185
0.48694 0.037058 0.60842
0.49764 0.037869 0.61647
0.46092 0.038201 0.62568
0.46445 0.037911 0.6433
0.48112 0.038058 0.62519
0.4948 0.037913 0.63647
0.46232 0.03786 0.64836
0.46542 0.037735 0.6632
0.49621 0.037707 0.64618
0.47374 0.037683 0.67266
0.4725 0.037582 0.69852
0.4843 0.037606 0.67576
0.49182 0.037553 0.68943
0.47809 0.037542 0.71736
0.49233 0.037551 0.70061
0.49419 0.037522 0.7207
0.47866 0.037508 0.73875
0.48022 0.037507 0.75234
0.49564 0.037483 0.74008
0.49729 0.037496 0.75217
0.48205 0.037525 0.76574
0.47317 0.037512 0.78873
0.49382 0.037508 0.79443
0.48115 0.037487 0.8244
0.4959 0.037494 0.80547
0.49379 0.037483 0.82694
0.4792 0.037491 0.83919
0.48129 0.037484 0.85602
0.48808 0.037479 0.85312
0.47813 0.037494 0.87223
0.47545 0.037489 0.88358
0.49586 0.037488 0.87756
0.47122 0.037463 0.92617
0.49269 0.03749 0.90694
0.48784 0.037446 0.92852
0.47767 0.037417 0.94367
0.47761 0.033706 0.95204
0.48883 0.037422 0.9372
0.46031 0.033973 0.42523
0.39799 0.034161 0.50422
0.43061 0.033872 0.51274
0.45699 0.033975 0.55998
0.4573 0.036294 0.38783
0.46623 0.037135 0.37961
0.40535 0.036131 0.43222
0.38433 0.035277 0.46644
0.40782 0.037177 0.42009
0.38949 0.036613 0.44824
0.46449 0.034924 0.40918
0.4227 0.034077 0.45038
0.46459 0.036129 0.38766
0.42938 0.03379 0.49391
0.40736 0.034361 0.53503
0.36729 0.038388 0.52836
0.41903 0.037229 0.58355
0.47685 0.03395 0.55064
0.44512 0.035798 0.58222
0.43824 0.033894 0.53978
0.43043 0.036392 0.58908
0.42202 0.037034 0.58834
0.46785 0.036985 0.38112
0.42594 0.036593 0.41545
0.40436 0.034886 0.47339
0.44163 0.035861 0.41348
0.39004 0.035193 0.48168
0.44789 0.037694 0.39168
0.42458 0.034366 0.47865
0.45379 0.035132 0.4172
0.44913 0.034775 0.45925
0.38447 0.03665 0.53587
0.40221 0.036806 0.55497
0.37801 0.036083 0.50034
0.42258 0.034913 0.55626
0.4178 0.034267 0.51089
0.46812 0.034283 0.55898
0.44539 0.034121 0.50383
0.43277 0.034545 0.56104
0.42294 0.036986 0.58758
0.47184 0.037493 0.57598
0.44123 0.034498 0.44154
0.45483 0.034588 0.52728
0.50965 0.037505 0.045711
0.52776 0.037495 0.047792
0.52675 0.037498 0.05776
0.50862 0.037509 0.072421
0.50852 0.037516 0.089476
0.53199 0.037495 0.068513
0.52587 0.037504 0.089717
0.50343 0.037513 0.10732
0.51361 0.037513 0.11744
0.5297 0.037497 0.1098
0.52483 0.037501 0.11631
0.51741 0.037525 0.13816
0.51561 0.037534 0.1487
0.52168 0.037519 0.13697
0.52407 0.03754 0.15969
0.51386 0.037548 0.16473
0.51913 0.037539 0.17973
0.53315 0.037522 0.17725
0.5232 0.037536 0.18089
0.51952 0.037579 0.20437
0.50702 0.037592 0.20983
0.533 0.037546 0.202
0.53601 0.037538 0.21563
0.51931 0.037665 0.23359
0.51929 0.037696 0.24496
0.53338 0.037771 0.23887
0.53218 0.037865 0.24856
0.51179 0.037779 0.26982
0.53699 0.037951 0.25957
0.53316 0.037896 0.26454
0.51197 0.037828 0.28035
0.51994 0.037892 0.29326
0.53994 0.038079 0.27787
0.53891 0.038016 0.29094
0.50606 0.038053 0.30751
0.53664 0.037948 0.30755
0.53811 0.037932 0.3155
0.49768 0.038741 0.3369
0.52494 0.038302 0.3265
0.53559 0.038248 0.34821
0.50322 0.038297 0.34288
0.50487 0.037901 0.34535
0.53513 0.03772 0.37604
0.51925 0.035707 0.36342
0.50967 0.034513 0.36911
0.52778 0.035794 0.38656
0.5052 0.034434 0.42558
0.48374 0.033418 0.43925
0.49444 0.033803 0.44996
0.50189 0.033439 0.47705
0.46709 0.033381 0.52572
0.51463 0.033621 0.58562
0.54824 0.03342 0.54564
0.56797 0.034221 0.58739
0.50113 0.036004 0.60441
0.53934 0.03565 0.59773
0.53704 0.036837 0.60598
0.52423 0.037565 0.61407
0.50485 0.038053 0.63056
0.52037 0.038052 0.62013
0.53026 0.037919 0.63166
0.50608 0.037744 0.64309
0.51305 0.037585 0.65478
0.52808 0.037636 0.6488
0.53235 0.037624 0.6577
0.5087 0.037598 0.67257
0.50331 0.037555 0.68654
0.52155 0.037631 0.66901
0.53285 0.037575 0.68485
0.50335 0.037521 0.71084
0.50974 0.03751 0.72446
0.52057 0.03751 0.72527
0.50861 0.037478 0.73829
0.50985 0.03748 0.74967
0.52756 0.037501 0.73088
0.52107 0.03748 0.75098
0.51611 0.037502 0.76504
0.50682 0.037498 0.78803
0.52813 0.037488 0.77565
0.53253 0.037491 0.78851
0.50819 0.037486 0.80597
0.51346 0.037471 0.81562
0.52495 0.037474 0.81006
0.52537 0.037474 0.81997
0.51222 0.037476 0.85004
0.53268 0.037477 0.8571
0.51054 0.037491 0.8746
0.51594 0.037485 0.88935
0.53143 0.037487 0.87364
0.5321 0.037481 0.89195
0.50303 0.037486 0.91286
0.52137 0.037488 0.90935
0.50532 0.0339 0.95149
0.52839 0.037363 0.94386
0.52629 0.033336 0.95772
0.4641 0.034063 0.50492
0.49595 0.033825 0.54811
0.48215 0.034554 0.40214
0.47751 0.033994 0.47984
0.51497 0.037229 0.40601
0.46109 0.033913 0.44266
0.51754 0.035236 0.515
0.48452 0.037107 0.45088
0.54018 0.036729 0.51408
0.49839 0.033824 0.52667
0.49004 0.035009 0.56996
0.53064 0.034234 0.55116
0.52015 0.036963 0.57744
0.55096 0.034493 0.54312
0.55089 0.03608 0.58275
0.57709 0.038051 0.54236
0.57464 0.038298 0.56817
0.50768 0.036485 0.58401
0.51101 0.036891 0.39428
0.51165 0.03599 0.40098
0.45472 0.033941 0.48223
0.4831 0.034917 0.42456
0.47645 0.034779 0.46119
0.48378 0.037362 0.45071
0.51165 0.035542 0.49599
0.4893 0.034931 0.48416
0.51391 0.03429 0.5324
0.50553 0.036324 0.56233
0.48284 0.034586 0.51264
0.50015 0.034955 0.55623
0.57072 0.037628 0.55029
0.56464 0.036989 0.57483
0.54329 0.035768 0.52611
0.46278 0.034433 0.45183
0.47191 0.034503 0.46562
0.49343 0.034616 0.51941
0.5433 0.037489 0.054993
0.56545 0.037475 0.036792
0.56122 0.037478 0.064345
0.54536 0.037491 0.094603
0.55722 0.03748 0.072818
0.55793 0.037483 0.090659
0.54563 0.037487 0.11093
0.55021 0.037495 0.12715
0.5553 0.037479 0.11046
0.55546 0.03749 0.12754
0.54643 0.037496 0.13754
0.56597 0.03748 0.13991
0.55899 0.037487 0.15139
0.54977 0.037502 0.17581
0.56752 0.037482 0.1745
0.55085 0.037491 0.20822
0.54414 0.037588 0.22536
0.56672 0.03749 0.20564
0.55919 0.037635 0.23153
0.54777 0.03783 0.23964
0.55479 0.037764 0.23853
0.55866 0.037879 0.25637
0.54765 0.038105 0.2625
0.55753 0.037914 0.26697
0.55654 0.037948 0.27231
0.54576 0.038062 0.28764
0.56012 0.037844 0.28677
0.5585 0.037817 0.29439
0.55112 0.037839 0.30817
0.54943 0.037887 0.32813
0.56143 0.03768 0.3223
0.56395 0.037681 0.34144
0.54217 0.038044 0.33167
0.54502 0.038022 0.3649
0.55731 0.037792 0.35234
0.53244 0.037864 0.38883
0.53248 0.037566 0.40488
0.5292 0.037386 0.40975
0.51128 0.035175 0.43239
0.53071 0.036854 0.43373
0.51698 0.034098 0.4616
0.53842 0.033979 0.49475
0.56788 0.033923 0.52353
0.59634 0.036193 0.53403
0.60259 0.036732 0.5603
0.58749 0.03588 0.58909
0.56243 0.037355 0.59819
0.59749 0.036819 0.58473
0.60157 0.037433 0.59275
0.56766 0.037734 0.60201
0.59738 0.03775 0.60852
0.57593 0.037903 0.614
0.55631 0.037788 0.62093
0.53887 0.037867 0.63232
0.57592 0.037749 0.6373
0.54658 0.037777 0.64524
0.54685 0.037676 0.66312
0.56944 0.037719 0.6421
0.53954 0.037645 0.66983
0.54814 0.037589 0.69221
0.5633 0.037637 0.67355
0.55495 0.037592 0.69285
0.5369 0.037543 0.70798
0.53951 0.037527 0.72352
0.55889 0.037581 0.70121
0.54035 0.037497 0.7352
0.55346 0.037478 0.74398
0.56372 0.037484 0.7584
0.53936 0.03749 0.76585
0.54325 0.037492 0.79002
0.56434 0.037472 0.77697
0.56407 0.037495 0.79416
0.54832 0.037498 0.80148
0.54316 0.037476 0.82651
0.55488 0.037494 0.80395
0.55578 0.037476 0.82286
0.54024 0.037472 0.84536
0.55358 0.037473 0.84394
0.5604 0.037476 0.85963
0.54195 0.037477 0.88453
0.55665 0.037477 0.8788
0.56435 0.037477 0.88654
0.54697 0.03748 0.90681
0.53747 0.037427 0.92783
0.5591 0.037481 0.91019
0.55525 0.037432 0.92745
0.54398 0.037376 0.94305
0.54794 0.033334 0.95965
0.56319 0.037392 0.94018
0.55424 0.033575 0.95253
0.5443 0.036524 0.51693
0.55438 0.036766 0.52293
0.57803 0.037468 0.045481
0.58837 0.037463 0.040916
0.59641 0.03746 0.064039
0.57418 0.037471 0.097526
0.5907 0.037461 0.074779
0.59715 0.037458 0.096798
0.5735 0.037468 0.11361
0.57822 0.037473 0.12896
0.59587 0.037456 0.10801
0.58866 0.037462 0.12005
0.58403 0.037464 0.14782
0.60055 0.037453 0.14068
0.59494 0.037463 0.15904
0.58112 0.037463 0.17885
0.57392 0.037482 0.18902
0.58964 0.037454 0.18173
0.59936 0.03745 0.18903
0.57147 0.037533 0.22519
0.59242 0.037476 0.21566
0.57094 0.037616 0.24343
0.567 0.037712 0.25669
0.59932 0.037463 0.24069
0.58725 0.037488 0.25785
0.57509 0.037575 0.26255
0.58636 0.037504 0.27027
0.58873 0.037523 0.28602
0.56574 0.037739 0.28841
0.57515 0.037588 0.30606
0.59065 0.037526 0.30507
0.58762 0.037525 0.31369
0.5728 0.037589 0.32883
0.58926 0.037474 0.34409
0.58741 0.037456 0.35879
0.56549 0.037606 0.36339
0.5534 0.037418 0.39666
0.57137 0.037444 0.38362
0.54506 0.037105 0.41625
0.54319 0.037125 0.43128
0.56681 0.037437 0.41665
0.53661 0.037335 0.44283
0.53334 0.03742 0.46236
0.53882 0.037481 0.45142
0.53868 0.037295 0.46076
0.54457 0.036703 0.48966
0.56382 0.037541 0.50597
0.54561 0.037016 0.47952
0.56692 0.037658 0.50396
0.59906 0.03753 0.52806
0.60946 0.038121 0.54555
0.59508 0.037564 0.51941
0.61471 0.038229 0.54887
0.61006 0.037802 0.56045
0.60324 0.037682 0.5975
0.61844 0.038138 0.55942
0.61852 0.037911 0.58226
0.61004 0.038009 0.60984
0.61716 0.038054 0.60547
0.6191 0.038117 0.62476
0.59941 0.037963 0.63233
0.59176 0.037819 0.63832
0.61899 0.038202 0.64413
0.58299 0.037686 0.64856
0.57682 0.03762 0.66563
0.61738 0.037988 0.65547
0.59933 0.037662 0.66573
0.58109 0.037616 0.67522
0.59178 0.03763 0.67328
0.58977 0.037612 0.68836
0.57123 0.037536 0.71994
0.59074 0.037543 0.71853
0.57228 0.037511 0.73213
0.59652 0.037478 0.74402
0.59189 0.037483 0.75999
0.571 0.037476 0.78441
0.59141 0.037488 0.79425
0.57844 0.037496 0.79784
0.57686 0.037474 0.81549
0.59005 0.037478 0.81136
0.57776 0.037478 0.84075
0.59643 0.03748 0.84205
0.57326 0.03748 0.86916
0.59595 0.03748 0.89299
0.57342 0.037482 0.90878
0.59225 0.037482 0.90708
0.57358 0.037374 0.94636
0.57671 0.033838 0.95171
0.5908 0.037403 0.94169
0.58552 0.033333 0.96313
0.61174 0.037453 0.045771
0.61409 0.037452 0.063251
0.63178 0.037445 0.042984
0.6337 0.037445 0.054571
0.61748 0.037449 0.077181
0.60588 0.037456 0.089666
0.63406 0.037442 0.08181
0.62913 0.037446 0.088275
0.61326 0.037445 0.11463
0.61175 0.037448 0.13111
0.62468 0.03744 0.10787
0.6308 0.037434 0.12829
0.60599 0.03745 0.13588
0.61686 0.037442 0.16551
0.63056 0.037431 0.13903
0.63112 0.037428 0.15449
0.6097 0.03744 0.17772
0.61634 0.037433 0.19121
0.62967 0.037427 0.17319
0.61424 0.037428 0.21362
0.60718 0.037449 0.23191
0.62342 0.037411 0.21808
0.62354 0.037408 0.23122
0.60321 0.037416 0.25492
0.62174 0.037374 0.25024
0.62423 0.037373 0.26133
0.62491 0.037384 0.28716
0.60485 0.037431 0.3223
0.6199 0.037421 0.31009
0.62002 0.037401 0.34003
0.61153 0.037402 0.34744
0.60594 0.037318 0.37771
0.58255 0.037388 0.38398
0.57635 0.0375 0.40955
0.59461 0.037306 0.38496
0.58808 0.037554 0.40898
0.55875 0.037207 0.43931
0.57338 0.037149 0.43701
0.55788 0.036989 0.45148
0.55514 0.036858 0.47455
0.56727 0.036909 0.458
0.5719 0.03694 0.46182
0.57773 0.037252 0.49632
0.58227 0.037097 0.48184
0.59798 0.037257 0.49926
0.60516 0.037588 0.51304
0.62044 0.038228 0.54185
0.61543 0.037547 0.50985
0.62587 0.037903 0.53336
0.62969 0.038166 0.55491
0.63432 0.037958 0.57815
0.63941 0.038031 0.55461
0.6411 0.037977 0.57334
0.63355 0.03795 0.59379
0.64414 0.037935 0.6016
0.6311 0.038215 0.63729
0.64621 0.037954 0.63664
0.62541 0.038211 0.65504
0.61445 0.037811 0.66694
0.63426 0.037828 0.67383
0.63526 0.037693 0.68196
0.60701 0.037607 0.70084
0.60535 0.037541 0.71843
0.62708 0.037523 0.72166
0.60995 0.037502 0.73744
0.60482 0.037474 0.75041
0.62439 0.037488 0.74078
0.62429 0.037472 0.74879
0.60895 0.037471 0.77632
0.61031 0.037471 0.78268
0.62557 0.037469 0.77625
0.62795 0.037469 0.78345
0.60305 0.037492 0.79931
0.60607 0.037482 0.82862
0.62817 0.037485 0.80242
0.63205 0.037481 0.82578
0.60672 0.037485 0.83595
0.60223 0.037476 0.85083
0.62466 0.037485 0.8403
0.6224 0.037478 0.85445
0.60941 0.03748 0.86809
0.60435 0.037479 0.889
0.61849 0.037481 0.87684
0.62832 0.03748 0.88682
0.60709 0.037482 0.90802
0.6079 0.037459 0.9257
0.61943 0.03746 0.92715
0.6097 0.037427 0.94469
0.6215 0.037441 0.93717
0.62754 0.033333 0.96433
0.64084 0.037442 0.047481
0.65554 0.037438 0.038556
0.65757 0.037435 0.065153
0.6482 0.037436 0.08121
0.64214 0.037434 0.098384
0.66524 0.03743 0.075448
0.66809 0.037428 0.08759
0.65751 0.037417 0.11322
0.64928 0.037417 0.1658
0.65948 0.037412 0.14671
0.66053 0.037411 0.16544
0.64473 0.037413 0.1753
0.64545 0.037405 0.20016
0.65918 0.037396 0.18296
0.65553 0.037393 0.1904
0.6448 0.0374 0.20752
0.64134 0.037387 0.22515
0.66375 0.037382 0.21068
0.66191 0.037374 0.22763
0.6363 0.037364 0.24908
0.64113 0.037353 0.2709
0.65207 0.037316 0.27668
0.6357 0.037371 0.29048
0.63647 0.037538 0.3073
0.6568 0.037344 0.29239
0.6479 0.037573 0.30586
0.63843 0.037619 0.3217
0.64369 0.037448 0.33769
0.62468 0.037375 0.34774
0.61514 0.037252 0.38105
0.64186 0.037281 0.34989
0.63619 0.037209 0.37679
0.60146 0.037391 0.41173
0.61254 0.037248 0.40724
0.59924 0.037185 0.43746
0.61379 0.037157 0.4267
0.61284 0.037162 0.43701
0.58956 0.03708 0.45534
0.60076 0.037062 0.46801
0.61582 0.037137 0.45387
0.60804 0.037152 0.48609
0.61163 0.037184 0.4925
0.62075 0.037166 0.48474
0.63326 0.037274 0.49853
0.62391 0.037414 0.50686
0.63629 0.037686 0.52642
0.6432 0.037433 0.51222
0.65924 0.037564 0.52952
0.66207 0.037785 0.55554
0.66957 0.037984 0.57331
0.66488 0.03808 0.58152
0.66846 0.037932 0.59601
0.67903 0.038012 0.59431
0.6605 0.037755 0.63003
0.67579 0.037727 0.60976
0.66699 0.037734 0.63403
0.65262 0.037916 0.64856
0.67301 0.037694 0.64691
0.65003 0.037546 0.68772
0.65554 0.037707 0.67045
0.65672 0.037564 0.68258
0.64292 0.03746 0.7035
0.64021 0.037492 0.72055
0.65668 0.037446 0.70842
0.66626 0.037467 0.72097
0.64597 0.037484 0.73138
0.64055 0.037471 0.75045
0.65959 0.037477 0.73851
0.65634 0.037464 0.74889
0.63625 0.03747 0.77434
0.64568 0.037466 0.78677
0.65431 0.037466 0.7694
0.65446 0.037468 0.79088
0.64546 0.037477 0.80444
0.64216 0.03748 0.82581
0.66195 0.037478 0.80795
0.66372 0.037481 0.82736
0.64375 0.037484 0.83347
0.64332 0.037481 0.85056
0.65364 0.037487 0.83846
0.6591 0.037484 0.86039
0.64726 0.037483 0.87833
0.64715 0.037482 0.8864
0.65395 0.037484 0.87952
0.66231 0.037485 0.89194
0.64334 0.037485 0.9063
0.63591 0.037451 0.92623
0.66198 0.037486 0.90124
0.65827 0.037475 0.91741
0.63477 0.037413 0.94112
0.64038 0.03347 0.95325
0.65556 0.037396 0.93901
0.66348 0.033385 0.95441
0.6825 0.037431 0.045474
0.68463 0.03743 0.052485
0.70098 0.037424 0.040897
0.69231 0.037425 0.060259
0.69983 0.037418 0.073616
0.69822 0.037412 0.094742
0.67239 0.037417 0.10517
0.67256 0.037411 0.12786
0.67575 0.037406 0.14631
0.67762 0.037404 0.16391
0.68065 0.037391 0.1768
0.69308 0.037379 0.18146
0.67882 0.037366 0.21624
0.66905 0.037369 0.2281
0.69321 0.037348 0.22312
0.68438 0.037351 0.23697
0.67148 0.037333 0.25242
0.68189 0.037321 0.25863
0.68725 0.037316 0.26372
0.66324 0.037456 0.30652
0.68391 0.03729 0.29282
0.67366 0.037342 0.30332
0.65482 0.037488 0.33224
0.67118 0.03737 0.32601
0.67044 0.037355 0.3313
0.65957 0.037213 0.3498
0.65124 0.037179 0.36519
0.66517 0.037191 0.3601
0.65922 0.037156 0.37478
0.6407 0.037125 0.38993
0.63431 0.037093 0.40238
0.66035 0.037134 0.39306
0.6593 0.037134 0.4027
0.64041 0.037097 0.4192
0.63391 0.037134 0.43951
0.65443 0.037138 0.41907
0.6624 0.03715 0.43429
0.63749 0.037136 0.46913
0.66022 0.037145 0.45401
0.64423 0.037193 0.48344
0.65753 0.037244 0.49471
0.67178 0.03722 0.48087
0.67864 0.037308 0.49929
0.65817 0.037445 0.51419
0.66574 0.03754 0.53126
0.68308 0.037443 0.52327
0.67015 0.037567 0.54157
0.68102 0.037938 0.57235
0.6854 0.037475 0.54034
0.69332 0.037735 0.57049
0.68596 0.037912 0.59664
0.69178 0.037878 0.57834
0.70761 0.037652 0.59648
0.693 0.037713 0.60428
0.70387 0.037603 0.61398
0.70557 0.037589 0.63026
0.68478 0.037633 0.647
0.68263 0.037605 0.655
0.69877 0.037599 0.63942
0.69831 0.037563 0.65453
0.6754 0.037492 0.68926
0.69246 0.037485 0.68323
0.68116 0.037485 0.7075
0.67206 0.037471 0.71928
0.68747 0.037488 0.69889
0.67764 0.037474 0.74401
0.67093 0.03747 0.75974
0.69355 0.03748 0.73589
0.69738 0.03748 0.75797
0.67415 0.037473 0.76847
0.6763 0.037472 0.78777
0.69198 0.03748 0.7674
0.68613 0.037478 0.79555
0.67198 0.03748 0.80309
0.68538 0.037481 0.80124
0.68738 0.037483 0.82462
0.67944 0.037484 0.84598
0.69317 0.037486 0.83555
0.68624 0.037487 0.86283
0.6793 0.037488 0.86905
0.68969 0.037489 0.86805
0.69013 0.03749 0.8927
0.67779 0.037489 0.90694
0.66855 0.037428 0.92963
0.68834 0.037428 0.92888
0.67936 0.037375 0.94179
0.68066 0.033333 0.96334
0.6944 0.033337 0.95739
0.71069 0.037421 0.037597
0.70967 0.03742 0.055762
0.72619 0.037418 0.042973
0.72873 0.037412 0.062162
0.71227 0.037411 0.078347
0.72959 0.037405 0.077791
0.71231 0.0374 0.10465
0.70851 0.037393 0.13133
0.72709 0.037387 0.11656
0.73065 0.037384 0.1326
0.70576 0.037384 0.16446
0.73238 0.03738 0.15286
0.72991 0.037377 0.16587
0.70598 0.037372 0.18381
0.7031 0.037362 0.20195
0.72185 0.037373 0.17544
0.73031 0.037362 0.1947
0.70467 0.037353 0.20973
0.70282 0.037341 0.22969
0.71922 0.03734 0.21814
0.70711 0.037316 0.25749
0.72529 0.037297 0.26402
0.70672 0.037288 0.28157
0.70237 0.037281 0.30322
0.68523 0.037284 0.31959
0.69135 0.037256 0.34089
0.71468 0.037263 0.31955
0.69958 0.037246 0.3421
0.69192 0.037239 0.34758
0.68787 0.037188 0.3708
0.70477 0.037238 0.34807
0.70765 0.037212 0.3698
0.68696 0.037149 0.3895
0.67347 0.03715 0.40104
0.69805 0.037179 0.38158
0.69129 0.037151 0.40437
0.67778 0.037153 0.42269
0.70291 0.037197 0.41221
0.6919 0.037174 0.42957
0.68241 0.037148 0.44325
0.67649 0.037179 0.46677
0.70088 0.037214 0.44827
0.69775 0.037216 0.46327
0.68568 0.037199 0.47448
0.68958 0.03725 0.49222
0.69339 0.037209 0.47222
0.70444 0.037279 0.49338
0.7053 0.037327 0.50905
0.71426 0.037361 0.52202
0.70252 0.037459 0.5484
0.72027 0.037404 0.54532
0.72905 0.037425 0.56588
0.72483 0.037693 0.60013
0.73161 0.037439 0.57869
0.72977 0.037568 0.58981
0.72068 0.037638 0.62527
0.73206 0.03786 0.6074
0.73628 0.037771 0.62417
0.71707 0.03756 0.64379
0.72059 0.037535 0.65059
0.72969 0.037569 0.63789
0.73062 0.037528 0.6581
0.71529 0.037497 0.67864
0.71045 0.037493 0.6875
0.72664 0.03752 0.67016
0.72945 0.0375 0.68483
0.71654 0.037488 0.70725
0.70436 0.037482 0.72025
0.72111 0.037481 0.71671
0.70775 0.037485 0.73714
0.70709 0.037481 0.75175
0.72869 0.037485 0.73531
0.72462 0.037481 0.75445
0.71134 0.03749 0.77181
0.7022 0.037482 0.78818
0.7231 0.037489 0.77106
0.71148 0.037486 0.81177
0.7022 0.037485 0.82366
0.72409 0.037488 0.80044
0.71433 0.03749 0.83366
0.70212 0.037488 0.85675
0.72069 0.037491 0.83404
0.70901 0.037493 0.87934
0.703 0.037491 0.88407
0.71912 0.037495 0.87064
0.73115 0.037498 0.89458
0.70194 0.037493 0.90765
0.71315 0.037486 0.91723
0.72941 0.037498 0.90436
0.70867 0.033334 0.95958
0.73064 0.037388 0.93981
0.74002 0.037415 0.044033
0.74263 0.037411 0.058566
0.76211 0.037406 0.059953
0.75695 0.037396 0.079469
0.75458 0.037392 0.094175
0.76487 0.037387 0.10847
0.75474 0.037384 0.1226
0.74263 0.037379 0.15218
0.73869 0.037379 0.15824
0.75598 0.037379 0.13976
0.76354 0.037367 0.16421
0.7395 0.037368 0.17831
0.74421 0.037353 0.20248
0.75515 0.037356 0.18537
0.75301 0.037348 0.2007
0.74715 0.037339 0.21456
0.73943 0.037315 0.24029
0.75754 0.03732 0.23382
0.73752 0.037298 0.2541
0.76106 0.037308 0.24444
0.73915 0.037271 0.27928
0.72498 0.037266 0.29643
0.75361 0.037272 0.28223
0.72339 0.037251 0.33749
0.74011 0.03726 0.3126
0.74012 0.037252 0.3337
0.71916 0.037241 0.34963
0.71579 0.037214 0.37451
0.73867 0.037227 0.35459
0.74194 0.037217 0.36567
0.72493 0.037184 0.38792
0.71963 0.037186 0.39612
0.74375 0.037202 0.38351
0.73237 0.037178 0.39771
0.71638 0.037197 0.41055
0.71471 0.037205 0.43575
0.7384 0.037182 0.41822
0.71179 0.037214 0.44744
0.71391 0.037227 0.46517
0.73616 0.037168 0.44739
0.74075 0.037164 0.45741
0.72594 0.03719 0.4714
0.71894 0.03725 0.48947
0.74585 0.037169 0.47625
0.74544 0.037176 0.48593
0.74675 0.037231 0.50682
0.7434 0.037289 0.52878
0.73186 0.037366 0.54341
0.73576 0.037395 0.56217
0.74857 0.037318 0.53906
0.75875 0.03735 0.5541
0.74628 0.037418 0.58392
0.75148 0.037682 0.60144
0.75502 0.0377 0.60517
0.74242 0.037584 0.63739
0.74308 0.03753 0.65593
0.75952 0.037551 0.63871
0.74649 0.037541 0.67051
0.74366 0.037514 0.69055
0.76352 0.037515 0.67885
0.74708 0.037505 0.71009
0.74376 0.037494 0.72933
0.74326 0.037483 0.74691
0.74018 0.037482 0.75128
0.75844 0.037484 0.75432
0.74506 0.03749 0.7727
0.74393 0.03749 0.79173
0.75371 0.037486 0.76807
0.74817 0.037493 0.81218
0.74758 0.037495 0.83011
0.75578 0.037493 0.8033
0.76155 0.037494 0.8218
0.7382 0.037496 0.85764
0.75592 0.037497 0.84562
0.74311 0.037498 0.8673
0.73912 0.037499 0.89655
0.75574 0.0375 0.87671
0.75512 0.0375 0.89176
0.74593 0.037501 0.90101
0.76135 0.037502 0.90826
0.75397 0.037454 0.92821
0.73635 0.037398 0.93873
0.7381 0.033337 0.9575
0.76284 0.033334 0.9606
0.77352 0.037408 0.04447
0.78183 0.037404 0.053415
0.79618 0.037404 0.048156
0.79901 0.037397 0.064815
0.77713 0.037396 0.070479
0.79109 0.037387 0.093377
0.7816 0.037385 0.11785
0.78054 0.037377 0.13411
0.79228 0.037384 0.11429
0.79586 0.037377 0.12919
0.78141 0.037368 0.14954
0.7785 0.037362 0.16344
0.78832 0.03737 0.14218
0.78927 0.037355 0.16829
0.77813 0.037347 0.18432
0.79753 0.03735 0.17494
0.78556 0.037337 0.20339
0.77627 0.037334 0.21482
0.77792 0.03732 0.23655
0.7923 0.037326 0.2196
0.78733 0.037319 0.23535
0.76824 0.037308 0.24669
0.76508 0.037289 0.27255
0.78643 0.037312 0.24495
0.78524 0.037305 0.26276
0.78545 0.0373 0.28435
0.75505 0.037256 0.32267
0.76016 0.037247 0.33738
0.78834 0.037259 0.30947
0.77341 0.03723 0.33107
0.75937 0.037233 0.35355
0.75687 0.037222 0.3692
0.77101 0.037224 0.34585
0.76892 0.037214 0.36484
0.75872 0.037209 0.38389
0.7623 0.037185 0.39937
0.77786 0.037208 0.3817
0.77805 0.037186 0.39957
0.76024 0.037174 0.41354
0.7564 0.037163 0.4279
0.76907 0.037173 0.41074
0.77484 0.037126 0.43305
0.75621 0.037145 0.44764
0.77349 0.037088 0.45021
0.77115 0.037079 0.45445
0.75398 0.037139 0.47298
0.76231 0.037081 0.48715
0.77706 0.037004 0.47163
0.79002 0.036976 0.48992
0.77009 0.037134 0.50969
0.78098 0.037073 0.50546
0.7896 0.037148 0.52538
0.76468 0.037346 0.55751
0.78436 0.037198 0.53159
0.78875 0.037299 0.55872
0.77301 0.037371 0.57713
0.77047 0.037419 0.58844
0.78738 0.037341 0.57468
0.77664 0.037407 0.6015
0.78552 0.037397 0.60276
0.76967 0.037547 0.63374
0.77161 0.037518 0.65454
0.7939 0.037494 0.64077
0.7896 0.037498 0.66153
0.77335 0.037508 0.67935
0.77529 0.037502 0.68769
0.79584 0.037493 0.67792
0.79542 0.037491 0.68316
0.77966 0.037491 0.70738
0.76967 0.037495 0.7287
0.78626 0.037491 0.73015
0.77629 0.037497 0.73864
0.77972 0.037489 0.7614
0.79664 0.037493 0.73892
0.79479 0.037495 0.79223
0.77015 0.037496 0.81348
0.77648 0.037497 0.82857
0.78674 0.037497 0.80402
0.79696 0.0375 0.82871
0.77548 0.037499 0.85132
0.78697 0.0375 0.84023
0.77729 0.037502 0.87574
0.77106 0.037502 0.89409
0.79469 0.037505 0.89096
0.77633 0.037459 0.93043
0.79088 0.037506 0.91218
0.78071 0.037413 0.94748
0.77177 0.033333 0.96298
0.79018 0.037424 0.94089
0.79535 0.03335 0.95591
0.80358 0.037403 0.047411
0.80418 0.037401 0.055117
0.82934 0.0374 0.047592
0.83175 0.037399 0.053084
0.80337 0.03739 0.079228
0.80483 0.037386 0.095379
0.82829 0.037392 0.074872
0.82117 0.037386 0.092397
0.80994 0.037384 0.10827
0.80854 0.037377 0.12698
0.82014 0.037381 0.11132
0.827 0.037371 0.12943
0.8268 0.037363 0.14533
0.8192 0.037345 0.18102
0.81907 0.037339 0.19326
0.80921 0.037323 0.21449
0.80158 0.037316 0.23025
0.83093 0.037327 0.2207
0.82736 0.037313 0.23077
0.80201 0.037304 0.2456
0.80376 0.037302 0.26524
0.82741 0.037296 0.26416
0.80938 0.037304 0.28784
0.80324 0.037297 0.29703
0.82615 0.03731 0.28371
0.81715 0.037293 0.29987
0.80585 0.037276 0.30967
0.79805 0.037246 0.32602
0.81789 0.037283 0.3104
0.80813 0.037245 0.3346
0.7928 0.037228 0.35035
0.79725 0.03722 0.35964
0.80775 0.037229 0.35214
0.7901 0.037203 0.38391
0.7886 0.037175 0.40202
0.81571 0.03718 0.38327
0.78896 0.037159 0.41411
0.79043 0.037097 0.43226
0.8094 0.037036 0.42784
0.79202 0.037037 0.44645
0.80436 0.036934 0.46059
0.81707 0.036896 0.4458
0.80046 0.036967 0.47507
0.79717 0.036983 0.48921
0.79599 0.037036 0.50528
0.80561 0.036981 0.51253
0.81683 0.03691 0.50993
0.80397 0.037243 0.55025
0.81385 0.037176 0.54527
0.80693 0.03737 0.59342
0.82684 0.037305 0.57261
0.82253 0.037353 0.59011
0.81019 0.037392 0.60894
0.81227 0.037425 0.624
0.82515 0.037376 0.60337
0.81958 0.03741 0.62067
0.80616 0.037487 0.64269
0.80698 0.03749 0.64965
0.82051 0.037431 0.63193
0.81282 0.037482 0.66565
0.80617 0.037491 0.69565
0.82432 0.037479 0.68392
0.8087 0.037491 0.70737
0.82317 0.037484 0.70621
0.80535 0.037492 0.73414
0.80621 0.037494 0.75993
0.83166 0.03749 0.7383
0.83218 0.037493 0.75348
0.80314 0.037494 0.77311
0.80675 0.037497 0.79461
0.8308 0.037496 0.77678
0.82448 0.037497 0.7914
0.80943 0.037499 0.80413
0.82389 0.037502 0.82509
0.80351 0.037503 0.84521
0.80999 0.037505 0.85813
0.82887 0.037505 0.8412
0.82842 0.037507 0.86051
0.81389 0.037507 0.87064
0.80336 0.037506 0.88964
0.82552 0.037509 0.87954
0.80504 0.037508 0.90499
0.80406 0.03749 0.92039
0.81791 0.037509 0.90623
0.80406 0.037423 0.93725
0.81179 0.033334 0.96102
0.8265 0.037381 0.94756
0.82012 0.033333 0.96331
0.84247 0.037397 0.045212
0.83935 0.037397 0.055788
0.86148 0.037395 0.045384
0.84515 0.037392 0.081004
0.84859 0.037385 0.093634
0.85209 0.037393 0.075983
0.8538 0.037386 0.091837
0.85529 0.037371 0.11125
0.85449 0.037366 0.13605
0.83918 0.037363 0.15153
0.84605 0.037356 0.16444
0.85848 0.037366 0.14677
0.85242 0.037362 0.15741
0.83712 0.037341 0.18753
0.83973 0.03734 0.19886
0.85662 0.037339 0.18775
0.86508 0.037332 0.20383
0.84907 0.037342 0.21608
0.83746 0.037309 0.23678
0.86082 0.037331 0.21905
0.85482 0.037332 0.23864
0.85024 0.037286 0.25082
0.86185 0.037425 0.25131
0.86227 0.03742 0.25971
0.8536 0.037324 0.27739
0.85272 0.037309 0.29755
0.83449 0.037284 0.31811
0.82673 0.037268 0.32784
0.85409 0.0373 0.30947
0.84755 0.037283 0.32234
0.82912 0.03724 0.35714
0.8477 0.037264 0.34419
0.85529 0.037249 0.36229
0.83163 0.037207 0.38242
0.84153 0.037218 0.38034
0.85065 0.037203 0.39247
0.83515 0.037138 0.4125
0.83632 0.037079 0.42581
0.84135 0.037159 0.40691
0.85044 0.037084 0.4327
0.82854 0.036938 0.44666
0.82361 0.036928 0.46448
0.8428 0.036967 0.45074
0.84646 0.037097 0.46731
0.82837 0.037088 0.47875
0.83289 0.037175 0.4858
0.83273 0.037043 0.49904
0.84089 0.037035 0.52032
0.85562 0.037071 0.51102
0.83795 0.037107 0.53244
0.84022 0.03722 0.54871
0.85594 0.037159 0.53309
0.85444 0.037225 0.54652
0.84346 0.037291 0.56934
0.83687 0.03736 0.58953
0.85771 0.037293 0.568
0.85085 0.037338 0.58514
0.84623 0.037399 0.61584
0.856 0.037363 0.59687
0.85133 0.037408 0.62652
0.8468 0.037442 0.65586
0.86172 0.03742 0.63485
0.85625 0.037443 0.65948
0.84618 0.037462 0.6763
0.83759 0.037473 0.68586
0.8585 0.03745 0.66842
0.86149 0.037466 0.69397
0.83904 0.037479 0.70445
0.84566 0.037483 0.72282
0.85344 0.037469 0.70085
0.85432 0.037481 0.72566
0.84311 0.037489 0.73583
0.84034 0.037494 0.76245
0.85595 0.037491 0.75813
0.83672 0.037498 0.79338
0.85962 0.037494 0.76907
0.86376 0.037498 0.78847
0.84 0.037502 0.81343
0.86233 0.037501 0.80307
0.85917 0.037504 0.82073
0.84193 0.037506 0.84142
0.85882 0.037506 0.83718
0.85984 0.037509 0.85496
0.84437 0.037511 0.87399
0.83987 0.037511 0.89518
0.85846 0.037511 0.86814
0.84328 0.037508 0.9175
0.8622 0.037515 0.90399
0.85364 0.0375 0.92062
0.84776 0.037455 0.93482
0.84079 0.033334 0.96026
0.86107 0.037464 0.93438
0.85928 0.033333 0.96345
0.86912 0.037394 0.039369
0.8708 0.037393 0.062267
0.8856 0.037392 0.040217
0.88706 0.037392 0.052749
0.88031 0.037391 0.078336
0.88073 0.037385 0.094623
0.89542 0.03739 0.080489
0.88954 0.037388 0.088226
0.87988 0.037375 0.11206
0.88053 0.037369 0.13168
0.88901 0.037373 0.12228
0.87361 0.037367 0.14256
0.8808 0.037357 0.16367
0.89229 0.037368 0.1525
0.88735 0.037356 0.1675
0.87538 0.037329 0.19882
0.89128 0.037352 0.1755
0.8949 0.037344 0.19666
0.87134 0.037322 0.21288
0.8771 0.037435 0.23137
0.8885 0.037317 0.22138
0.88459 0.037522 0.2354
0.87327 0.037586 0.24619
0.8711 0.037398 0.27522
0.87053 0.037313 0.29132
0.89179 0.037504 0.2678
0.88547 0.037311 0.2925
0.86407 0.037301 0.31723
0.87391 0.037303 0.32486
0.88204 0.03731 0.30443
0.88018 0.037306 0.32139
0.86975 0.03728 0.34721
0.88699 0.037292 0.34128
0.89195 0.03728 0.35468
0.86848 0.037238 0.38195
0.86011 0.037217 0.39
0.88464 0.037255 0.37364
0.88729 0.037236 0.39396
0.8622 0.037187 0.40993
0.86419 0.037166 0.4225
0.88802 0.037218 0.4143
0.88287 0.037206 0.42019
0.8706 0.037136 0.44361
0.87485 0.03714 0.45287
0.86387 0.037147 0.47905
0.8628 0.037159 0.48923
0.87142 0.037107 0.48842
0.85613 0.037164 0.49483
0.86925 0.037163 0.52208
0.87941 0.037147 0.50635
0.8832 0.0372 0.51935
0.86625 0.03719 0.53243
0.88359 0.03723 0.53138
0.88908 0.037272 0.54594
0.87425 0.03731 0.56813
0.87312 0.037362 0.59123
0.8871 0.037317 0.56869
0.88492 0.037362 0.5921
0.87246 0.037376 0.59969
0.87874 0.037413 0.62559
0.88488 0.03738 0.60332
0.88483 0.037405 0.62073
0.87742 0.037435 0.64367
0.88673 0.037426 0.64137
0.89022 0.037437 0.65374
0.87052 0.037451 0.67019
0.89744 0.037463 0.69299
0.87056 0.037475 0.70886
0.87952 0.037481 0.72629
0.89411 0.037467 0.69948
0.88951 0.037476 0.71881
0.87239 0.037486 0.74173
0.87101 0.037492 0.76161
0.88639 0.037484 0.73957
0.89702 0.037489 0.76065
0.87345 0.037496 0.77719
0.87758 0.0375 0.79422
0.88936 0.037497 0.78487
0.87046 0.037504 0.81279
0.8766 0.037506 0.82203
0.88836 0.037501 0.80182
0.87582 0.037508 0.83794
0.8805 0.037512 0.86147
0.89372 0.037508 0.837
0.88545 0.037511 0.8565
0.87357 0.037515 0.88939
0.89115 0.037513 0.86773
0.89414 0.037515 0.88804
0.87891 0.037516 0.90196
0.88014 0.03749 0.92791
0.89217 0.037517 0.90856
0.89573 0.037479 0.92954
0.87113 0.037456 0.94007
0.89719 0.033334 0.96094
0.90463 0.037393 0.037711
0.91155 0.037392 0.055131
0.92184 0.037373 0.039077
0.91456 0.03739 0.077314
0.90316 0.037386 0.093003
0.92809 0.037343 0.097339
0.91067 0.03738 0.11225
0.90866 0.037375 0.13357
0.92039 0.037368 0.10684
0.92281 0.037358 0.12191
0.90461 0.037373 0.13922
0.90674 0.037368 0.16419
0.92114 0.037357 0.14368
0.91169 0.037367 0.19464
0.92643 0.037341 0.17709
0.92868 0.037329 0.20247
0.91207 0.037367 0.21249
0.90758 0.037388 0.23094
0.92463 0.037335 0.21576
0.91428 0.037347 0.2336
0.89848 0.037576 0.25216
0.92231 0.037285 0.24825
0.91543 0.037299 0.26
0.90171 0.037406 0.27118
0.92781 0.037292 0.28258
0.92688 0.037291 0.29662
0.90662 0.037311 0.32793
0.91931 0.037309 0.30492
0.91797 0.037304 0.32468
0.89818 0.037299 0.3388
0.9007 0.037277 0.36364
0.92519 0.03728 0.33928
0.91435 0.037283 0.35772
0.89918 0.037267 0.37392
0.90396 0.037257 0.39245
0.91951 0.037237 0.39643
0.9193 0.037231 0.40401
0.92547 0.037199 0.42996
0.89621 0.037188 0.45454
0.92137 0.037203 0.43472
0.89808 0.037142 0.47787
0.89529 0.037145 0.49183
0.92096 0.03718 0.47004
0.91751 0.037181 0.48319
0.90359 0.037194 0.49908
0.90588 0.037239 0.51857
0.92306 0.037203 0.5087
0.92051 0.037217 0.51556
0.91936 0.037252 0.53363
0.92196 0.037278 0.5501
0.91143 0.037377 0.59102
0.92202 0.037332 0.57066
0.9264 0.03736 0.59051
0.90718 0.037386 0.60025
0.90235 0.037406 0.61752
0.91959 0.03738 0.60137
0.92152 0.037389 0.61383
0.90118 0.037424 0.63893
0.93055 0.037369 0.64264
0.92129 0.037415 0.65852
0.91189 0.037455 0.68354
0.92342 0.03742 0.67661
0.92683 0.037412 0.69162
0.91119 0.037466 0.70068
0.92137 0.037441 0.7048
0.90836 0.037481 0.73731
0.91187 0.037488 0.75686
0.91864 0.037466 0.73332
0.91814 0.037481 0.76208
0.91316 0.037491 0.76927
0.91221 0.037496 0.786
0.92487 0.037464 0.77349
0.92563 0.037465 0.79334
0.90371 0.037503 0.81365
0.91112 0.037504 0.82019
0.91999 0.037484 0.80092
0.91767 0.037497 0.82411
0.90495 0.03751 0.84363
0.90534 0.037512 0.86053
0.92255 0.037475 0.8342
0.9182 0.037502 0.86008
0.91085 0.037514 0.87161
0.91823 0.037505 0.87026
0.92983 0.037468 0.88815
0.90648 0.037517 0.90869
0.9077 0.037477 0.92802
0.91972 0.037502 0.9077
0.92783 0.037439 0.92403
0.90619 0.037438 0.94031
0.91236 0.033334 0.95899
0.91819 0.037424 0.93878
0.92349 0.033334 0.96028
0.93728 0.037318 0.04256
0.93754 0.037316 0.055652
0.95381 0.033451 0.037439
0.9573 0.033339 0.062533
0.93447 0.037322 0.076515
0.95981 0.033334 0.089885
0.94638 0.037282 0.10918
0.95892 0.033335 0.13157
0.94601 0.037277 0.1498
0.94234 0.03729 0.16055
0.95812 0.033336 0.14515
0.95124 0.034277 0.16281
0.93498 0.037318 0.17697
0.9448 0.037282 0.20086
0.95425 0.03339 0.20217
0.93799 0.037289 0.21102
0.93717 0.03727 0.23382
0.96292 0.033333 0.21919
0.96045 0.033334 0.22616
0.93712 0.037262 0.25124
0.94407 0.037257 0.25624
0.96018 0.033334 0.24139
0.95069 0.034016 0.26674
0.94074 0.037262 0.27372
0.93713 0.037268 0.29029
0.95874 0.033334 0.27813
0.93875 0.037261 0.30401
0.93815 0.037258 0.33155
0.9534 0.033417 0.30371
0.96411 0.033333 0.3259
0.9431 0.037252 0.34323
0.94029 0.037245 0.35766
0.95756 0.033336 0.36023
0.93681 0.03723 0.36875
0.94457 0.037174 0.39706
0.96384 0.033333 0.37938
0.94991 0.03459 0.39576
0.94263 0.037173 0.40635
0.96299 0.033333 0.40898
0.95477 0.033355 0.42717
0.93765 0.037176 0.44311
0.9423 0.037168 0.44969
0.95143 0.033667 0.43392
0.95861 0.033334 0.45055
0.93475 0.037154 0.46989
0.96297 0.033333 0.47637
0.95305 0.033402 0.49148
0.94289 0.037151 0.50466
0.93872 0.037172 0.51773
0.95072 0.033857 0.50774
0.95867 0.033334 0.5225
0.93342 0.037239 0.54951
0.96399 0.033333 0.53468
0.95737 0.033336 0.5525
0.94134 0.03734 0.58849
0.93834 0.037352 0.6075
0.9387 0.037351 0.61646
0.95908 0.033334 0.62169
0.9426 0.03733 0.63354
0.96088 0.033334 0.63133
0.96337 0.033333 0.65388
0.9475 0.037325 0.67177
0.95957 0.033334 0.66993
0.95877 0.033335 0.69122
0.93957 0.037356 0.7097
0.9386 0.037363 0.7209
0.95358 0.03346 0.71152
0.95429 0.033401 0.71678
0.94261 0.037361 0.75248
0.95504 0.03337 0.74369
0.95934 0.033334 0.75273
0.94031 0.037421 0.77656
0.94035 0.037412 0.79663
0.95727 0.033339 0.78476
0.93878 0.037412 0.80179
0.95366 0.033462 0.81013
0.95873 0.033335 0.8288
0.93721 0.037401 0.84444
0.96485 0.033333 0.85566
0.942 0.03743 0.88491
0.95919 0.033334 0.86903
0.93701 0.037411 0.92122
0.95598 0.03335 0.90688
0.9645 0.033333 0.91976
0.93795 0.037358 0.93596
0.94164 0.033336 0.95817
0.95902 0.033334 0.94206
0.9539 0.033333 0.96268
