2635
1 1 1
0.03499 0.037549 0.045006
0.041069 0.03755 0.054462
0.062576 0.037551 0.035698
0.058581 0.037551 0.051657
0.046201 0.037552 0.069346
0.043644 0.037558 0.093975
0.059927 0.037556 0.081244
0.056364 0.03756 0.097693
0.038592 0.037564 0.1114
0.041296 0.037568 0.12144
0.063481 0.037565 0.10806
0.062898 0.037582 0.14406
0.040408 0.037604 0.1902
0.058369 0.037599 0.18006
0.061107 0.037612 0.19574
0.036156 0.037611 0.2006
0.04035 0.037631 0.22652
0.053255 0.037616 0.20566
0.056305 0.037628 0.21904
0.047727 0.037639 0.23556
0.04225 0.037658 0.25671
0.052809 0.037646 0.24189
0.061485 0.037665 0.25646
0.047152 0.03767 0.26854
0.046291 0.037687 0.28553
0.055503 0.037683 0.27748
0.0629 0.037698 0.28613
0.061607 0.037721 0.30704
0.057185 0.037733 0.3221
0.044936 0.037746 0.34326
0.061663 0.037763 0.35178
0.045909 0.037767 0.37307
0.044946 0.037777 0.38635
0.060178 0.037777 0.37094
0.055611 0.037791 0.39256
0.044324 0.037793 0.40312
0.037484 0.037809 0.42233
0.059901 0.037809 0.40585
0.053684 0.037812 0.41721
0.042171 0.037824 0.44518
0.058563 0.037835 0.44297
0.057729 0.037841 0.45898
0.041571 0.037833 0.47233
0.043379 0.037835 0.48701
0.051659 0.037837 0.47206
0.05717 0.037846 0.49063
0.03826 0.037828 0.50676
0.037963 0.037822 0.52778
0.054015 0.037836 0.50874
0.058214 0.037837 0.52686
0.045 0.03782 0.53924
0.042755 0.037811 0.56481
0.060132 0.037837 0.53777
0.058843 0.037827 0.55841
0.036975 0.037806 0.57596
0.035865 0.037793 0.59826
0.051057 0.037809 0.57455
0.052972 0.0378 0.59459
0.043365 0.03779 0.60305
0.036187 0.037769 0.63012
0.05099 0.037788 0.60908
0.056888 0.037786 0.62182
0.05106 0.037753 0.64948
0.053028 0.037746 0.66139
0.047213 0.037731 0.67318
0.05216 0.037736 0.67138
0.0577 0.037725 0.68895
0.035977 0.037676 0.72993
0.059557 0.037699 0.71329
0.051471 0.037684 0.72268
0.043387 0.037661 0.74615
0.037026 0.037648 0.76162
0.058752 0.037669 0.74295
0.051854 0.037651 0.75974
0.040756 0.037639 0.77212
0.037208 0.037619 0.79836
0.057989 0.037636 0.78058
0.056092 0.037628 0.7903
0.03973 0.037601 0.825
0.052738 0.037609 0.81308
0.058333 0.0376 0.83043
0.038042 0.037592 0.842
0.035024 0.037582 0.86082
0.053664 0.037596 0.83636
0.056036 0.037585 0.85879
0.035581 0.037578 0.87059
0.045132 0.03757 0.89196
0.058022 0.037576 0.87799
0.056512 0.037572 0.88818
0.041934 0.037567 0.91156
0.037087 0.034397 0.95613
0.058626 0.03748 0.94461
0.061092 0.035007 0.9541
0.079481 0.037554 0.045418
0.075334 0.037555 0.059983
0.078326 0.037561 0.088913
0.094581 0.037563 0.074379
0.091889 0.037565 0.088853
0.071405 0.037565 0.10716
0.072429 0.037576 0.13022
0.085365 0.037569 0.10963
0.089544 0.037576 0.1232
0.069903 0.037582 0.1412
0.089599 0.037585 0.13747
0.092876 0.037599 0.15902
0.071938 0.037602 0.17716
0.067934 0.037611 0.19214
0.094269 0.037611 0.17684
0.09468 0.037624 0.19213
0.077056 0.037628 0.20709
0.075635 0.037642 0.22404
0.088468 0.03764 0.21213
0.096571 0.037662 0.22773
0.069374 0.037657 0.24521
0.071893 0.037665 0.2516
0.085037 0.037668 0.24569
0.08932 0.037682 0.25382
0.075451 0.037694 0.27439
0.074407 0.037713 0.2917
0.094625 0.037713 0.27424
0.067574 0.037727 0.3083
0.067844 0.037746 0.32729
0.091615 0.037747 0.30661
0.089394 0.037768 0.3277
0.070509 0.037766 0.34626
0.088381 0.037782 0.34204
0.087049 0.037796 0.3569
0.074784 0.037801 0.3798
0.089947 0.03782 0.37312
0.093465 0.037841 0.38475
0.068471 0.037824 0.41102
0.072349 0.03784 0.42415
0.091526 0.037868 0.41311
0.084864 0.037859 0.41967
0.068243 0.037851 0.44599
0.082318 0.037868 0.43799
0.083507 0.037882 0.4568
0.072843 0.037866 0.4745
0.076782 0.037873 0.48493
0.088238 0.037899 0.4803
0.087442 0.037898 0.49107
0.0681 0.037859 0.50251
0.083609 0.037886 0.51943
0.075802 0.037861 0.53598
0.070978 0.03784 0.56385
0.081027 0.037857 0.56158
0.072774 0.037838 0.56993
0.068584 0.037817 0.59825
0.083991 0.037859 0.57026
0.086683 0.03785 0.59377
0.073288 0.037803 0.62777
0.088266 0.03784 0.61127
0.093168 0.03784 0.62065
0.072078 0.037791 0.64071
0.091315 0.037793 0.66376
0.067646 0.037746 0.68007
0.084922 0.037775 0.67262
0.088153 0.037754 0.69209
0.075735 0.037715 0.70978
0.067343 0.037686 0.73058
0.090275 0.037718 0.72235
0.070781 0.037676 0.74318
0.075727 0.037667 0.75546
0.087542 0.037694 0.73936
0.084679 0.037669 0.76025
0.071157 0.037651 0.77134
0.072825 0.03763 0.79717
0.09379 0.037655 0.78295
0.072223 0.037614 0.81413
0.080048 0.037611 0.82163
0.092683 0.037634 0.80503
0.089921 0.037612 0.83062
0.074592 0.037599 0.84065
0.074516 0.037588 0.8602
0.089822 0.037592 0.86408
0.076678 0.037577 0.88145
0.088422 0.037586 0.87244
0.085217 0.037577 0.88923
0.071395 0.037571 0.90894
0.076972 0.03755 0.93042
0.088968 0.037576 0.90182
0.071391 0.037527 0.9383
0.086047 0.037541 0.94709
0.111 0.037562 0.039121
0.10639 0.037563 0.057773
0.12709 0.037569 0.037952
0.12252 0.037567 0.052522
0.10316 0.037564 0.068938
0.10756 0.037573 0.095259
0.1247 0.037581 0.09747
0.10595 0.037577 0.11143
0.11408 0.03759 0.12997
0.12561 0.03759 0.11943
0.10784 0.037596 0.14254
0.10284 0.037603 0.15735
0.1269 0.037619 0.15723
0.10781 0.037617 0.17436
0.10645 0.037629 0.18919
0.12769 0.037629 0.16832
0.11876 0.037645 0.19528
0.11257 0.037665 0.21849
0.11758 0.037652 0.20257
0.11646 0.037682 0.22888
0.1053 0.037684 0.24016
0.10015 0.037699 0.25795
0.12008 0.0377 0.23923
0.10566 0.037727 0.27543
0.10517 0.037741 0.28812
0.11912 0.03775 0.27891
0.1269 0.037771 0.28531
0.10542 0.037761 0.30563
0.10578 0.03779 0.328
0.12599 0.037805 0.31074
0.11475 0.037791 0.31965
0.10262 0.037796 0.3358
0.10345 0.037831 0.36031
0.11359 0.037845 0.35518
0.097848 0.037829 0.36735
0.11398 0.037871 0.37156
0.11948 0.037925 0.39513
0.10092 0.037876 0.39992
0.10053 0.037903 0.42662
0.11088 0.037931 0.42682
0.096809 0.037904 0.4389
0.097694 0.037915 0.45069
0.11136 0.037949 0.44536
0.11299 0.037963 0.45769
0.096981 0.037919 0.47122
0.10482 0.037941 0.48756
0.11398 0.037972 0.47258
0.11937 0.037997 0.48957
0.10126 0.037931 0.50347
0.096892 0.037917 0.52503
0.11634 0.037977 0.52543
0.10265 0.037929 0.53757
0.098519 0.037909 0.55884
0.11831 0.037978 0.54294
0.096802 0.037887 0.58134
0.098958 0.037879 0.59426
0.11542 0.037949 0.5753
0.11703 0.037919 0.60019
0.10662 0.037868 0.61564
0.10684 0.037856 0.62545
0.12283 0.037886 0.63084
0.10423 0.03783 0.64422
0.104 0.037814 0.65708
0.1168 0.03786 0.63905
0.11426 0.037818 0.66583
0.10318 0.037784 0.68216
0.1198 0.037809 0.68212
0.10649 0.037739 0.72711
0.12475 0.037792 0.70587
0.12644 0.037757 0.73313
0.10109 0.037715 0.73795
0.10518 0.037698 0.75435
0.11951 0.037703 0.7627
0.1068 0.037676 0.77354
0.12742 0.037691 0.77773
0.11739 0.037666 0.78971
0.10884 0.037626 0.82838
0.11748 0.037654 0.80363
0.12094 0.037631 0.83245
0.11023 0.037619 0.83832
0.12602 0.037627 0.84175
0.12594 0.037616 0.85539
0.10876 0.037594 0.87515
0.11251 0.037588 0.89181
0.12885 0.037602 0.88203
0.12244 0.037592 0.89672
0.10353 0.03758 0.90914
0.1218 0.037586 0.91148
0.12028 0.037563 0.92485
0.10521 0.037538 0.93809
0.13005 0.037507 0.94619
0.12854 0.033502 0.96455
0.14235 0.037576 0.039878
0.15779 0.037584 0.035291
0.1594 0.037586 0.053592
0.13494 0.037579 0.076836
0.14017 0.037588 0.096227
0.15307 0.037587 0.072467
0.15733 0.037596 0.091202
0.13972 0.037592 0.10739
0.14126 0.037599 0.11882
0.15181 0.037601 0.11199
0.15605 0.037608 0.11757
0.13452 0.037611 0.13901
0.13529 0.03763 0.16081
0.15973 0.037645 0.1541
0.13364 0.037645 0.17973
0.15732 0.037665 0.17387
0.15589 0.037678 0.18552
0.13567 0.037679 0.20695
0.14109 0.037712 0.22672
0.15815 0.037708 0.20784
0.13414 0.03772 0.23944
0.14345 0.037754 0.25458
0.14969 0.037732 0.23221
0.15634 0.037787 0.26031
0.13589 0.037763 0.26896
0.13475 0.037793 0.29082
0.15345 0.037794 0.26829
0.14967 0.037818 0.28718
0.1417 0.037832 0.30446
0.12985 0.037822 0.31565
0.15455 0.037854 0.29826
0.14626 0.037878 0.32154
0.13154 0.037876 0.3439
0.13993 0.037911 0.35034
0.15044 0.037912 0.3319
0.13643 0.037945 0.3747
0.13098 0.037944 0.38366
0.15232 0.038006 0.37696
0.12705 0.03799 0.42202
0.13996 0.038043 0.42531
0.13365 0.038027 0.44096
0.12731 0.038014 0.45476
0.14449 0.038076 0.44348
0.14281 0.038077 0.45329
0.12799 0.038027 0.47028
0.12635 0.038027 0.4869
0.14428 0.038108 0.47263
0.13449 0.038043 0.5102
0.13386 0.03803 0.52439
0.14945 0.038121 0.50192
0.12823 0.038 0.54551
0.13462 0.037994 0.56727
0.14114 0.038034 0.5501
0.14975 0.038074 0.55479
0.13555 0.037979 0.58342
0.13106 0.037955 0.59589
0.14929 0.038026 0.5837
0.14847 0.038008 0.5958
0.1307 0.037932 0.61272
0.13358 0.037914 0.63004
0.15073 0.037986 0.61791
0.14662 0.037958 0.62785
0.1372 0.037877 0.661
0.15506 0.037953 0.64694
0.14626 0.0379 0.66255
0.13499 0.037852 0.67392
0.14093 0.037832 0.69431
0.1448 0.037868 0.67791
0.14753 0.037834 0.70193
0.13015 0.0378 0.70513
0.14145 0.037774 0.73292
0.15189 0.037835 0.70843
0.14805 0.037783 0.73289
0.14168 0.03775 0.74828
0.13579 0.037718 0.76543
0.1536 0.037784 0.73949
0.15739 0.037762 0.75587
0.13892 0.037686 0.79232
0.15192 0.037724 0.77595
0.15358 0.037698 0.79816
0.14437 0.037677 0.80624
0.14198 0.037653 0.82737
0.16249 0.037691 0.81401
0.15509 0.037665 0.82786
0.14028 0.037632 0.84651
0.14688 0.037625 0.86168
0.15972 0.037649 0.84552
0.15994 0.037636 0.86106
0.13707 0.03761 0.87593
0.15685 0.037622 0.88025
0.15536 0.037612 0.89709
0.13529 0.037594 0.90844
0.14032 0.037558 0.92797
0.15748 0.037607 0.9106
0.15513 0.037574 0.92493
0.13661 0.035792 0.95241
0.15887 0.037522 0.94052
0.15862 0.033673 0.96139
0.17147 0.037592 0.044967
0.17832 0.037599 0.061478
0.18762 0.037601 0.045649
0.18663 0.037602 0.055319
0.17114 0.037599 0.076804
0.17483 0.037609 0.092632
0.19009 0.037613 0.07828
0.18972 0.037622 0.093644
0.17014 0.037614 0.10673
0.17409 0.037635 0.1297
0.18435 0.037627 0.10808
0.19116 0.037642 0.11872
0.17252 0.037644 0.14169
0.17902 0.037663 0.15492
0.18718 0.037664 0.1461
0.19142 0.037677 0.15124
0.1779 0.037714 0.19433
0.1898 0.037702 0.17289
0.18495 0.037718 0.18955
0.17328 0.03776 0.22741
0.18596 0.03774 0.20219
0.18468 0.037768 0.22043
0.17077 0.037779 0.23978
0.17238 0.037816 0.25767
0.18413 0.037827 0.24919
0.18463 0.037868 0.27025
0.17974 0.037898 0.28847
0.16282 0.037873 0.29723
0.16824 0.037928 0.314
0.18104 0.037953 0.30784
0.18259 0.037997 0.32435
0.16029 0.037957 0.34152
0.16261 0.037977 0.34827
0.17634 0.037998 0.33625
0.17873 0.03803 0.34561
0.16746 0.038034 0.37067
0.17647 0.038073 0.37319
0.17291 0.038081 0.39027
0.16171 0.038094 0.42542
0.17968 0.038122 0.40195
0.17926 0.038151 0.42094
0.16136 0.038111 0.4384
0.16201 0.038132 0.45336
0.17538 0.038163 0.43475
0.16945 0.038171 0.45972
0.15827 0.038157 0.48742
0.17039 0.038209 0.47839
0.17281 0.03823 0.48665
0.1572 0.038143 0.50301
0.15717 0.038125 0.53075
0.17431 0.038229 0.5091
0.17229 0.038209 0.53078
0.15758 0.038119 0.54581
0.16901 0.038153 0.56355
0.16507 0.038092 0.58042
0.15682 0.038039 0.59296
0.17629 0.038146 0.58679
0.17169 0.038086 0.59875
0.16562 0.03804 0.60976
0.1606 0.037993 0.63083
0.17265 0.038072 0.60819
0.1733 0.038039 0.62704
0.16149 0.037969 0.64916
0.16364 0.037959 0.65906
0.18462 0.038056 0.65421
0.18548 0.038034 0.66572
0.16425 0.037929 0.67684
0.16374 0.037898 0.69252
0.17604 0.037972 0.67518
0.17955 0.037945 0.69501
0.17051 0.037864 0.71952
0.16773 0.037831 0.73093
0.1798 0.037917 0.70779
0.18143 0.037852 0.73611
0.17456 0.037802 0.75017
0.1681 0.037778 0.75756
0.18302 0.037822 0.74976
0.16814 0.037731 0.7921
0.18765 0.037798 0.77277
0.18771 0.037756 0.79883
0.17353 0.037717 0.80678
0.1866 0.037725 0.81471
0.1885 0.037705 0.82936
0.17852 0.037676 0.8395
0.1698 0.037649 0.8558
0.18755 0.037678 0.84649
0.18576 0.037667 0.85347
0.16816 0.037634 0.87496
0.1682 0.037624 0.89136
0.19366 0.03766 0.87005
0.19306 0.037643 0.88953
0.17035 0.037569 0.92877
0.18536 0.037574 0.92986
0.18002 0.03529 0.95349
0.18703 0.037542 0.93833
0.19222 0.034455 0.95602
0.20216 0.037613 0.044373
0.21035 0.037622 0.058651
0.22375 0.037631 0.034982
0.22182 0.037632 0.056382
0.209 0.037625 0.068835
0.20566 0.037632 0.088722
0.22621 0.037641 0.070897
0.22266 0.037652 0.093349
0.21116 0.037647 0.1008
0.20496 0.037668 0.12692
0.22771 0.037666 0.10119
0.21934 0.037677 0.12126
0.20371 0.037685 0.14211
0.19875 0.037716 0.17353
0.20842 0.037759 0.18921
0.22476 0.037751 0.1718
0.22682 0.03777 0.18251
0.20345 0.037774 0.19992
0.22044 0.037806 0.19913
0.20745 0.037855 0.23687
0.22082 0.037884 0.23107
0.21706 0.037922 0.25437
0.19929 0.037902 0.2717
0.19428 0.037909 0.28012
0.21675 0.037945 0.26483
0.20942 0.037955 0.28333
0.20052 0.037985 0.30432
0.19738 0.038036 0.32415
0.20627 0.038024 0.31239
0.19106 0.038035 0.33023
0.19426 0.038096 0.35267
0.20603 0.03808 0.32886
0.21344 0.038166 0.34513
0.19697 0.038114 0.36223
0.19344 0.038127 0.38019
0.20774 0.038162 0.35994
0.20052 0.038162 0.38644
0.19064 0.038163 0.40512
0.1985 0.038187 0.40147
0.18987 0.038213 0.42897
0.18183 0.038241 0.45637
0.20177 0.038292 0.43009
0.20119 0.038342 0.44899
0.18631 0.038288 0.46853
0.18849 0.038324 0.48957
0.19226 0.038342 0.47649
0.19585 0.038397 0.49002
0.18514 0.038295 0.51132
0.18695 0.038297 0.52494
0.18778 0.038288 0.54216
0.18889 0.038277 0.55669
0.19825 0.038345 0.55804
0.18789 0.038206 0.58707
0.18507 0.038167 0.59906
0.20246 0.038307 0.58592
0.20262 0.038293 0.59293
0.18616 0.038146 0.61157
0.18875 0.03811 0.63651
0.21011 0.038224 0.63825
0.18958 0.038081 0.65284
0.1984 0.038102 0.65988
0.21008 0.038199 0.64672
0.19951 0.038063 0.67793
0.19514 0.037986 0.6994
0.20963 0.038107 0.67989
0.20942 0.03803 0.70138
0.19484 0.037945 0.71286
0.19534 0.037897 0.73147
0.21083 0.037983 0.71543
0.21345 0.037956 0.72642
0.20003 0.037842 0.76281
0.21544 0.037907 0.7521
0.19988 0.037807 0.78391
0.20691 0.037799 0.79564
0.21697 0.037859 0.77575
0.20259 0.037723 0.83336
0.2247 0.037795 0.8184
0.22188 0.037758 0.83256
0.20335 0.037699 0.84742
0.20693 0.037684 0.86072
0.22053 0.037743 0.83891
0.22223 0.037705 0.86009
0.20613 0.037664 0.876
0.20869 0.037652 0.89328
0.21883 0.037674 0.87771
0.22383 0.037663 0.89626
0.21295 0.0376 0.9273
0.22378 0.037654 0.91386
0.20119 0.037512 0.9468
0.21269 0.033594 0.96261
0.22064 0.037541 0.94256
0.22115 0.034226 0.95709
0.23424 0.03764 0.034988
0.23779 0.037649 0.061286
0.25143 0.037656 0.042393
0.25949 0.037668 0.055919
0.23946 0.037653 0.067408
0.23572 0.037657 0.084112
0.25532 0.037673 0.075294
0.25854 0.037682 0.084593
0.24483 0.037707 0.11782
0.25478 0.037697 0.10029
0.24999 0.037723 0.12435
0.23406 0.037728 0.14282
0.25309 0.037744 0.13708
0.25851 0.037776 0.15299
0.23362 0.037764 0.17366
0.24305 0.037807 0.18798
0.25069 0.03779 0.17317
0.25617 0.037824 0.18215
0.2357 0.03785 0.20705
0.2286 0.03789 0.22485
0.25205 0.037869 0.20151
0.22734 0.037925 0.23949
0.23367 0.037966 0.24459
0.23388 0.038028 0.26702
0.23134 0.038068 0.28663
0.25065 0.038117 0.27482
0.24738 0.038154 0.29797
0.24293 0.038172 0.31253
0.22038 0.038181 0.34733
0.23796 0.038195 0.3334
0.24173 0.038253 0.34976
0.22263 0.0382 0.35861
0.23306 0.038243 0.36313
0.22805 0.038247 0.37795
0.21303 0.038265 0.39909
0.22045 0.038314 0.41221
0.22987 0.0383 0.39064
0.21536 0.038337 0.42723
0.21249 0.038381 0.44769
0.22947 0.038403 0.4295
0.22467 0.038436 0.45024
0.2068 0.038476 0.47381
0.21921 0.038506 0.46818
0.22346 0.038641 0.48457
0.21538 0.038549 0.50631
0.21955 0.038563 0.53465
0.21223 0.038485 0.55051
0.20941 0.038418 0.56884
0.21853 0.038374 0.59721
0.2269 0.038379 0.60521
0.22355 0.038311 0.61661
0.22265 0.03823 0.64239
0.22948 0.038309 0.6214
0.23514 0.03827 0.63918
0.2203 0.038188 0.65636
0.22829 0.038173 0.66723
0.23677 0.038214 0.66001
0.23863 0.038193 0.67423
0.22959 0.038133 0.68954
0.24726 0.038158 0.69921
0.23229 0.038018 0.72403
0.24274 0.038083 0.71614
0.24538 0.038027 0.73479
0.23312 0.03796 0.74661
0.23122 0.037915 0.76329
0.24744 0.037983 0.75266
0.25666 0.037963 0.76924
0.22927 0.037873 0.78265
0.23787 0.037866 0.79506
0.25278 0.037934 0.77803
0.23881 0.037839 0.81021
0.25622 0.037866 0.81243
0.25042 0.037814 0.83074
0.24087 0.037763 0.84589
0.23671 0.037725 0.86111
0.23548 0.037691 0.87904
0.23448 0.037678 0.8883
0.257 0.03772 0.87776
0.24487 0.037671 0.91263
0.23571 0.037618 0.9286
0.25073 0.037683 0.90359
0.25952 0.037634 0.93083
0.24293 0.033685 0.96131
0.25481 0.03761 0.93625
0.2756 0.037685 0.056208
0.29567 0.037706 0.060591
0.27724 0.037697 0.079056
0.2704 0.037707 0.093755
0.29415 0.037712 0.073654
0.27124 0.037728 0.10839
0.29051 0.037744 0.1032
0.2855 0.037766 0.12172
0.27141 0.037765 0.13484
0.26836 0.037796 0.15507
0.29253 0.037795 0.13606
0.29353 0.03784 0.15536
0.26437 0.037814 0.1677
0.26912 0.037855 0.17996
0.28397 0.037928 0.18898
0.27079 0.037966 0.21158
0.28608 0.037946 0.19373
0.28264 0.038015 0.21764
0.2638 0.038067 0.25312
0.28197 0.038036 0.2312
0.28216 0.038087 0.24907
0.2762 0.038099 0.25681
0.25463 0.03816 0.2987
0.25619 0.038177 0.30736
0.27757 0.038221 0.30794
0.25083 0.03821 0.32668
0.25255 0.038268 0.3489
0.26288 0.038226 0.3309
0.26377 0.038278 0.34303
0.25037 0.038283 0.35511
0.24837 0.038333 0.37501
0.26302 0.038359 0.36394
0.24344 0.038379 0.39625
0.23934 0.038411 0.41212
0.25635 0.038422 0.39941
0.25021 0.038424 0.41597
0.23265 0.038525 0.45499
0.24783 0.038432 0.42464
0.25253 0.038504 0.44468
0.22959 0.038626 0.47011
0.23154 0.038712 0.48846
0.24282 0.038824 0.48353
0.22951 0.038687 0.51181
0.23964 0.038663 0.53879
0.23442 0.03862 0.54445
0.23882 0.038552 0.57705
0.24256 0.038601 0.55666
0.25197 0.038645 0.56923
0.24327 0.038535 0.58414
0.24177 0.038419 0.61109
0.25039 0.038538 0.58766
0.25318 0.038482 0.60105
0.24772 0.038366 0.62238
0.2497 0.038313 0.64115
0.26309 0.038364 0.63933
0.25347 0.038283 0.65943
0.25288 0.038242 0.67486
0.26505 0.038329 0.66084
0.26889 0.038305 0.67764
0.25316 0.038226 0.68302
0.26261 0.03817 0.70411
0.27559 0.038327 0.68737
0.2744 0.038183 0.71176
0.26247 0.038087 0.72397
0.26656 0.038069 0.73176
0.28377 0.038133 0.73695
0.27117 0.038037 0.75785
0.26837 0.037977 0.77339
0.28458 0.038105 0.75221
0.26311 0.037946 0.78043
0.2718 0.037913 0.7981
0.28825 0.037987 0.78648
0.28527 0.037932 0.8028
0.2877 0.037904 0.8191
0.28116 0.037857 0.8333
0.27449 0.037806 0.84974
0.2926 0.037836 0.84791
0.28524 0.037791 0.86202
0.26964 0.037725 0.88232
0.27945 0.037724 0.89458
0.29064 0.037752 0.88222
0.28395 0.037728 0.89569
0.29547 0.037727 0.91111
0.29319 0.037689 0.92704
0.2762 0.037585 0.94661
0.27899 0.034645 0.95557
0.29611 0.037663 0.93657
0.28448 0.033781 0.96034
0.3018 0.037705 0.045197
0.30518 0.037713 0.058109
0.32801 0.037725 0.044038
0.32907 0.037734 0.057816
0.30353 0.037726 0.078921
0.30741 0.037739 0.086201
0.32381 0.037741 0.069493
0.31957 0.037763 0.092484
0.30516 0.037766 0.10663
0.30271 0.03779 0.12388
0.32752 0.037787 0.10162
0.31773 0.037806 0.12137
0.30092 0.037815 0.14151
0.30372 0.037848 0.15227
0.32039 0.037841 0.13977
0.32102 0.037864 0.14863
0.30089 0.037906 0.17241
0.30312 0.037956 0.18594
0.32071 0.037921 0.16623
0.30263 0.038036 0.21355
0.32332 0.038033 0.19939
0.32144 0.038055 0.207
0.29243 0.038056 0.23347
0.298 0.038094 0.24277
0.30724 0.038126 0.24642
0.29579 0.038123 0.25503
0.28788 0.038179 0.27696
0.30512 0.038135 0.25395
0.30874 0.03818 0.26952
0.28582 0.038196 0.29483
0.28444 0.038215 0.30347
0.30132 0.038207 0.29328
0.30063 0.038224 0.30013
0.28649 0.038253 0.31854
0.27462 0.03833 0.34337
0.29661 0.03828 0.32302
0.2995 0.038377 0.33704
0.27781 0.038357 0.34783
0.26937 0.038442 0.37743
0.28585 0.038402 0.35557
0.28977 0.038515 0.36941
0.26603 0.038458 0.39657
0.27139 0.038466 0.40526
0.27909 0.038453 0.39117
0.28025 0.038488 0.40709
0.26314 0.038482 0.42832
0.25698 0.038558 0.45012
0.27783 0.0385 0.42353
0.27724 0.038524 0.43638
0.25384 0.038886 0.48083
0.26447 0.038768 0.46682
0.25637 0.038913 0.4919
0.25201 0.038932 0.50614
0.2476 0.038888 0.52489
0.26108 0.039074 0.50846
0.25972 0.038809 0.54804
0.26914 0.038725 0.57566
0.26208 0.03859 0.59109
0.2861 0.038526 0.61215
0.27059 0.038433 0.63208
0.27529 0.038427 0.64598
0.29669 0.038484 0.64873
0.29869 0.038447 0.67498
0.3031 0.038451 0.68918
0.31191 0.038375 0.71834
0.31488 0.038294 0.73512
0.30968 0.038239 0.74469
0.29616 0.038157 0.75085
0.30374 0.038098 0.7695
0.31407 0.038175 0.75939
0.31355 0.038108 0.77506
0.30515 0.03804 0.78777
0.29844 0.037972 0.79973
0.31235 0.038043 0.79224
0.31374 0.037983 0.80735
0.29777 0.037936 0.81222
0.3172 0.037904 0.83269
0.3013 0.037854 0.84557
0.30824 0.037821 0.86238
0.30159 0.03776 0.88478
0.30943 0.037759 0.89247
0.32082 0.03781 0.87485
0.31963 0.037763 0.89888
0.30315 0.037729 0.91443
0.31264 0.037711 0.93011
0.32898 0.03776 0.90798
0.32029 0.037726 0.92416
0.3045 0.037659 0.94601
0.3227 0.037687 0.94345
0.33939 0.037734 0.040514
0.33839 0.03774 0.055248
0.36303 0.037757 0.040563
0.3524 0.037747 0.050986
0.3386 0.03776 0.072601
0.33795 0.037775 0.084684
0.35336 0.03779 0.082383
0.33956 0.037804 0.10284
0.33416 0.037826 0.11969
0.35393 0.037847 0.11838
0.33652 0.037857 0.13588
0.3403 0.03789 0.14746
0.3526 0.037882 0.13727
0.35899 0.037912 0.14512
0.34013 0.03794 0.16427
0.3397 0.037972 0.17436
0.34738 0.037938 0.15996
0.35173 0.03799 0.17373
0.33127 0.038028 0.19274
0.32834 0.038092 0.21145
0.3468 0.038054 0.19136
0.33432 0.038129 0.22279
0.32752 0.038161 0.24437
0.34452 0.038157 0.22427
0.34994 0.038202 0.2377
0.33162 0.038162 0.25876
0.32826 0.03818 0.26846
0.34663 0.038201 0.25431
0.33854 0.038172 0.2629
0.32013 0.038214 0.2824
0.31777 0.038281 0.30325
0.33651 0.038219 0.28004
0.32827 0.038272 0.30158
0.32099 0.038307 0.30922
0.30776 0.038357 0.32906
0.32415 0.038328 0.31683
0.32466 0.03847 0.34426
0.31702 0.038559 0.36285
0.29529 0.038509 0.38737
0.29108 0.038523 0.40521
0.3058 0.038517 0.37768
0.29026 0.038562 0.42039
0.30064 0.038565 0.41429
0.27054 0.038862 0.46818
0.26837 0.039077 0.49478
0.27809 0.039137 0.48763
0.26928 0.039131 0.50743
0.27178 0.039146 0.50817
0.28214 0.039183 0.54263
0.28004 0.038754 0.58279
0.28568 0.039046 0.55944
0.29268 0.038689 0.58312
0.29805 0.038486 0.60862
0.29606 0.038495 0.6261
0.29854 0.038484 0.63476
0.30636 0.038476 0.6542
0.31657 0.038476 0.63765
0.32462 0.038484 0.65544
0.31755 0.038439 0.67934
0.3101 0.038454 0.69098
0.32896 0.038459 0.67754
0.32765 0.038433 0.69114
0.318 0.038379 0.7151
0.33242 0.038413 0.7026
0.3423 0.038374 0.72375
0.3188 0.03833 0.73009
0.32843 0.038253 0.74245
0.34212 0.038327 0.73372
0.33914 0.038217 0.75195
0.32935 0.038193 0.75639
0.33292 0.038113 0.7801
0.34315 0.038167 0.76234
0.34753 0.038134 0.77737
0.34707 0.038111 0.7919
0.34963 0.038039 0.81135
0.34174 0.03798 0.82238
0.33131 0.037937 0.82849
0.35171 0.037962 0.8331
0.34274 0.037908 0.84923
0.34106 0.037865 0.86467
0.35949 0.037941 0.84437
0.35945 0.03788 0.86617
0.33597 0.037817 0.88197
0.33961 0.037794 0.8952
0.35251 0.037819 0.89055
0.34505 0.037769 0.9118
0.33855 0.037719 0.92831
0.35281 0.03777 0.91479
0.35289 0.037735 0.92564
0.34482 0.037676 0.93928
0.33668 0.034009 0.95867
0.35974 0.03769 0.93919
0.35191 0.033598 0.96274
0.36988 0.037765 0.035049
0.37951 0.037784 0.055079
0.38842 0.037785 0.040567
0.38935 0.03781 0.068607
0.39282 0.037838 0.088966
0.36879 0.037829 0.10114
0.37887 0.037849 0.11297
0.39169 0.037852 0.10404
0.38629 0.037855 0.11224
0.36722 0.037905 0.1394
0.36805 0.037951 0.15181
0.3911 0.03792 0.13286
0.37412 0.037993 0.16088
0.36827 0.038022 0.1722
0.38842 0.0381 0.18076
0.3681 0.038089 0.18891
0.37021 0.038146 0.20357
0.38284 0.038124 0.19262
0.38199 0.038154 0.20129
0.36338 0.038188 0.22564
0.35973 0.038217 0.23632
0.38812 0.038219 0.21645
0.38252 0.038274 0.23659
0.35723 0.03823 0.24986
0.35438 0.038258 0.26997
0.38091 0.038278 0.25092
0.36766 0.038288 0.26544
0.35801 0.038269 0.28872
0.37325 0.038314 0.27555
0.37083 0.038302 0.28405
0.34369 0.038321 0.30474
0.34436 0.038356 0.32191
0.32774 0.038481 0.35248
0.35606 0.038348 0.32858
0.32642 0.038489 0.37112
0.33463 0.038443 0.36794
0.32824 0.038398 0.38278
0.31195 0.038573 0.41904
0.30789 0.038625 0.43338
0.32007 0.038422 0.40688
0.31064 0.038603 0.43945
0.28901 0.038988 0.46707
0.29131 0.039224 0.48513
0.27972 0.039393 0.51788
0.29111 0.039074 0.55249
0.28643 0.039453 0.51452
0.29471 0.039031 0.55454
0.30364 0.038729 0.57721
0.30691 0.03857 0.59149
0.31481 0.038519 0.61338
0.32113 0.038507 0.63336
0.32575 0.038526 0.61109
0.34008 0.038656 0.64084
0.32981 0.038497 0.65397
0.33193 0.038499 0.66233
0.34214 0.038523 0.657
0.35053 0.038518 0.66932
0.33654 0.038455 0.6803
0.34362 0.038428 0.69915
0.36382 0.038467 0.68628
0.36811 0.038417 0.69631
0.34684 0.038393 0.70968
0.36223 0.038416 0.70693
0.37188 0.038399 0.7266
0.36858 0.038292 0.75305
0.38198 0.038367 0.73914
0.37798 0.038307 0.75499
0.36776 0.03819 0.77014
0.3595 0.038159 0.77439
0.37569 0.038227 0.7683
0.37378 0.038123 0.79536
0.37242 0.038073 0.81108
0.38025 0.038149 0.79167
0.37237 0.038052 0.81963
0.36685 0.037967 0.83849
0.37036 0.037947 0.8459
0.36964 0.037895 0.86192
0.38454 0.03796 0.84675
0.3869 0.037893 0.86976
0.37291 0.037859 0.88036
0.36885 0.037817 0.8981
0.39079 0.037826 0.90186
0.37308 0.037793 0.91202
0.38012 0.03775 0.93002
0.38642 0.037805 0.91169
0.39372 0.037754 0.93264
0.37737 0.037706 0.94268
0.37156 0.035105 0.95455
0.39034 0.037717 0.94348
0.39656 0.034806 0.95542
0.41334 0.037808 0.036429
0.41894 0.037812 0.040846
0.41988 0.037822 0.062067
0.40336 0.037828 0.077492
0.42502 0.037829 0.070208
0.42992 0.037859 0.089519
0.41247 0.037873 0.10206
0.40255 0.03788 0.11271
0.41988 0.037875 0.099817
0.41914 0.037923 0.11888
0.40845 0.037958 0.13671
0.40282 0.038005 0.15162
0.42329 0.037997 0.14289
0.4059 0.038032 0.15957
0.40375 0.038106 0.1779
0.41696 0.038058 0.16459
0.41901 0.038082 0.17048
0.40605 0.038218 0.20788
0.4198 0.038147 0.19029
0.42473 0.038161 0.19619
0.39106 0.038229 0.2208
0.4007 0.038311 0.23491
0.42318 0.038246 0.21126
0.39766 0.038305 0.24758
0.3926 0.038297 0.25545
0.41608 0.038348 0.25542
0.39601 0.038311 0.27283
0.38514 0.038316 0.28448
0.41187 0.038343 0.26226
0.40479 0.038305 0.27606
0.38216 0.038299 0.30012
0.38273 0.038275 0.31145
0.40449 0.038295 0.29068
0.39029 0.038264 0.31269
0.36474 0.038309 0.34049
0.39466 0.038263 0.31734
0.34611 0.03839 0.36405
0.33976 0.038333 0.38296
0.37294 0.03825 0.35163
0.35987 0.038116 0.36973
0.33587 0.038179 0.40299
0.32876 0.038227 0.42302
0.35304 0.038051 0.38199
0.31318 0.038565 0.4507
0.29526 0.03906 0.48519
0.3265 0.037755 0.44084
0.29843 0.038678 0.49645
0.29456 0.039061 0.50595
0.29803 0.039101 0.54193
0.29854 0.038318 0.51303
0.30974 0.038418 0.55474
0.32712 0.038352 0.58715
0.34408 0.038288 0.60633
0.34661 0.038794 0.63764
0.37489 0.038703 0.66147
0.359 0.038652 0.66136
0.37252 0.038502 0.68232
0.38013 0.038559 0.67132
0.37765 0.038416 0.69116
0.38678 0.038361 0.7026
0.39325 0.038362 0.69335
0.40651 0.038307 0.70406
0.3819 0.038388 0.71712
0.39063 0.038367 0.72553
0.41182 0.038355 0.72028
0.41511 0.038334 0.73253
0.39995 0.038324 0.74359
0.39567 0.038299 0.75297
0.41561 0.038269 0.7534
0.39778 0.038191 0.77846
0.41666 0.038222 0.77013
0.41183 0.038188 0.78256
0.40402 0.038143 0.79564
0.39707 0.038084 0.8119
0.42217 0.038136 0.7979
0.4262 0.03809 0.81141
0.41051 0.038034 0.82844
0.42781 0.038062 0.8224
0.41544 0.038018 0.83619
0.40126 0.037981 0.84828
0.42185 0.037935 0.86814
0.41099 0.037868 0.88539
0.40673 0.037836 0.90159
0.42599 0.037871 0.88605
0.42082 0.037853 0.89399
0.40852 0.037824 0.91104
0.40688 0.037767 0.93203
0.42621 0.037786 0.93
0.40166 0.037717 0.94606
0.41732 0.037749 0.93964
0.42713 0.033694 0.96152
0.43689 0.037819 0.040912
0.4427 0.037826 0.059381
0.45635 0.037826 0.044153
0.43676 0.03783 0.068849
0.43706 0.037856 0.087772
0.46427 0.037843 0.076808
0.45781 0.037873 0.091374
0.4331 0.037925 0.11349
0.46174 0.037892 0.097706
0.44362 0.037977 0.13126
0.43531 0.038014 0.14527
0.45255 0.037985 0.13293
0.46208 0.038037 0.14599
0.44368 0.038052 0.15708
0.43976 0.038121 0.17507
0.45886 0.038081 0.16305
0.45575 0.038144 0.17749
0.44236 0.038151 0.1873
0.43605 0.038174 0.19733
0.44964 0.038222 0.20287
0.43155 0.038265 0.21424
0.42643 0.038312 0.22619
0.44654 0.038271 0.21239
0.42803 0.038358 0.23454
0.42667 0.038346 0.24656
0.45064 0.038374 0.23993
0.45372 0.038414 0.24905
0.42296 0.038374 0.25933
0.43886 0.038405 0.26482
0.44629 0.038447 0.27393
0.41924 0.038318 0.28746
0.41354 0.038222 0.30113
0.44178 0.038427 0.28007
0.43479 0.038301 0.29107
0.4121 0.038217 0.31071
0.39735 0.038222 0.33072
0.44169 0.038331 0.30136
0.42908 0.038237 0.31316
0.41178 0.038021 0.33319
0.36334 0.037257 0.37992
0.35129 0.036798 0.40673
0.39469 0.036742 0.35536
0.38258 0.035029 0.37951
0.33563 0.036887 0.43063
0.31192 0.036283 0.47727
0.32 0.034268 0.49512
0.30449 0.036575 0.52454
0.31757 0.037303 0.55779
0.31186 0.035682 0.53398
0.35502 0.035484 0.59158
0.35862 0.037123 0.61841
0.37037 0.037611 0.63628
0.36668 0.036317 0.62314
0.37848 0.037012 0.63953
0.38423 0.038547 0.656
0.39579 0.037879 0.65589
0.41114 0.038373 0.67565
0.40402 0.038389 0.68566
0.42967 0.03836 0.68173
0.44108 0.03834 0.69144
0.41742 0.038287 0.70132
0.4174 0.038325 0.70854
0.43996 0.038306 0.70391
0.43836 0.038337 0.71008
0.42197 0.038332 0.72359
0.43311 0.038309 0.73466
0.45664 0.038228 0.73442
0.43136 0.038262 0.74632
0.43858 0.038236 0.75945
0.448 0.038234 0.74576
0.45401 0.038205 0.76175
0.44206 0.03821 0.76806
0.43047 0.038179 0.78426
0.45589 0.038165 0.77241
0.45242 0.038171 0.7856
0.43562 0.03815 0.7963
0.43802 0.038086 0.81435
0.45087 0.038136 0.79966
0.46271 0.038085 0.81566
0.44056 0.038024 0.83401
0.45198 0.038034 0.82903
0.45201 0.038021 0.83706
0.44252 0.038011 0.84832
0.43569 0.03794 0.86837
0.46167 0.038004 0.84898
0.43817 0.037907 0.87758
0.439 0.037856 0.89585
0.45156 0.037875 0.8873
0.45929 0.037857 0.89964
0.44581 0.037831 0.91749
0.44581 0.037799 0.92867
0.45906 0.037833 0.9182
0.45474 0.037789 0.93278
0.44299 0.037736 0.9484
0.4631 0.037752 0.94507
0.459 0.033564 0.96345
0.38024 0.037352 0.44125
0.34393 0.037768 0.46793
0.34465 0.038054 0.54724
0.34293 0.036071 0.51707
0.48108 0.037834 0.04508
0.47787 0.037841 0.062156
0.49586 0.037832 0.038592
0.4879 0.037842 0.060309
0.47055 0.037847 0.077238
0.47395 0.037871 0.088468
0.49204 0.03785 0.070516
0.49117 0.037878 0.089368
0.481 0.03791 0.10491
0.4763 0.037927 0.11087
0.48557 0.037898 0.099601
0.49522 0.037952 0.11847
0.47421 0.037984 0.12895
0.49169 0.038033 0.14146
0.46871 0.03808 0.15921
0.47581 0.038136 0.17074
0.48613 0.038083 0.15559
0.47668 0.038188 0.18408
0.473 0.038232 0.19828
0.48891 0.038189 0.18168
0.48891 0.038227 0.19581
0.46926 0.038307 0.21561
0.47585 0.038328 0.21991
0.48577 0.038304 0.2088
0.49195 0.038321 0.21851
0.4625 0.038385 0.23968
0.4765 0.038401 0.24206
0.49168 0.03839 0.23808
0.49709 0.038435 0.24861
0.46604 0.038467 0.26117
0.46966 0.038526 0.26726
0.48348 0.038536 0.26702
0.46124 0.038526 0.28026
0.46649 0.038674 0.28969
0.4843 0.038582 0.27984
0.48882 0.038704 0.28847
0.46416 0.038692 0.29666
0.46836 0.03882 0.3016
0.49089 0.038952 0.30209
0.45122 0.037848 0.31655
0.47772 0.038638 0.30765
0.48001 0.037838 0.31127
0.40982 0.035781 0.35049
0.40699 0.034376 0.36881
0.46942 0.03545 0.32076
0.47243 0.034222 0.32753
0.40571 0.03354 0.40235
0.45897 0.033353 0.50446
0.37609 0.033414 0.54439
0.37423 0.034281 0.61089
0.44375 0.033712 0.63755
0.42927 0.035259 0.65457
0.47879 0.034003 0.63567
0.48875 0.035294 0.65212
0.42997 0.037335 0.66498
0.44964 0.037998 0.67527
0.48515 0.036927 0.66332
0.49362 0.03768 0.67294
0.45369 0.038262 0.68191
0.45751 0.038262 0.69625
0.47701 0.038153 0.68213
0.49349 0.038015 0.69339
0.45504 0.038261 0.6998
0.45894 0.038223 0.71108
0.49698 0.037969 0.70073
0.46931 0.038184 0.71867
0.46825 0.038198 0.738
0.48188 0.038092 0.72159
0.49036 0.038118 0.73232
0.47431 0.038165 0.7534
0.49048 0.038152 0.74083
0.49228 0.038146 0.75662
0.47516 0.038145 0.77003
0.47693 0.038138 0.78122
0.49378 0.038115 0.7717
0.49547 0.038127 0.78161
0.47895 0.038162 0.79207
0.46961 0.038099 0.81022
0.49188 0.03808 0.81577
0.47859 0.038004 0.84023
0.49422 0.038043 0.82486
0.49186 0.037997 0.84279
0.4767 0.037986 0.85291
0.47902 0.037938 0.86753
0.48599 0.037942 0.86512
0.47589 0.0379 0.8818
0.47316 0.037873 0.89173
0.49425 0.037884 0.8867
0.46912 0.0378 0.92993
0.49107 0.037847 0.91284
0.48617 0.037793 0.93214
0.47587 0.03775 0.94581
0.47586 0.03577 0.95341
0.48723 0.037764 0.93999
0.47433 0.033756 0.41259
0.39897 0.033922 0.51123
0.45087 0.033752 0.52387
0.47116 0.03384 0.59585
0.46148 0.035519 0.35864
0.48061 0.036578 0.33949
0.39684 0.035687 0.43431
0.37005 0.035114 0.46612
0.40013 0.036402 0.41019
0.37603 0.036465 0.45051
0.4706 0.03442 0.38561
0.42191 0.033903 0.44488
0.4751 0.035523 0.35146
0.4496 0.03365 0.50095
0.39775 0.034215 0.55146
0.33836 0.038217 0.54114
0.40411 0.036697 0.60832
0.49604 0.033778 0.58252
0.44862 0.035585 0.62009
0.44373 0.033777 0.55266
0.43224 0.036062 0.62309
0.41023 0.036473 0.61471
0.48286 0.036466 0.34059
0.41363 0.035979 0.40362
0.39648 0.034548 0.46989
0.43024 0.035167 0.39662
0.37751 0.035018 0.47897
0.43735 0.036448 0.37152
0.4346 0.034027 0.47245
0.45303 0.034536 0.3965
0.47944 0.03421 0.45076
0.36378 0.036516 0.55933
0.38416 0.036503 0.57336
0.34971 0.035727 0.5088
0.41573 0.034662 0.56454
0.4368 0.034027 0.5228
0.481 0.034113 0.6
0.47558 0.03383 0.5015
0.43435 0.034297 0.5799
0.41245 0.036447 0.61492
0.4765 0.03704 0.62144
0.45195 0.034125 0.44041
0.47682 0.034141 0.53871
0.50763 0.03783 0.044744
0.52574 0.037825 0.046728
0.5248 0.037834 0.055962
0.50691 0.037851 0.06939
0.50709 0.037873 0.085202
0.53012 0.037843 0.065922
0.52423 0.037871 0.085593
0.50245 0.037902 0.10188
0.51259 0.037923 0.11157
0.52819 0.037895 0.10424
0.52351 0.037911 0.11033
0.5156 0.037989 0.13089
0.51334 0.038026 0.14043
0.51988 0.037983 0.1296
0.5215 0.038064 0.14958
0.51103 0.038079 0.1547
0.51607 0.038113 0.16737
0.53051 0.038092 0.16427
0.52023 0.038114 0.16804
0.51599 0.038189 0.18796
0.50275 0.038207 0.19378
0.53014 0.038163 0.18456
0.53334 0.038173 0.19489
0.5137 0.038303 0.21218
0.51212 0.038342 0.22313
0.52675 0.038285 0.21386
0.52323 0.038342 0.22534
0.50603 0.038404 0.24689
0.52885 0.038356 0.23748
0.52525 0.038352 0.24291
0.50683 0.03842 0.25644
0.51864 0.038403 0.26865
0.53716 0.038397 0.25684
0.54215 0.038424 0.26996
0.50621 0.038473 0.27842
0.54487 0.038477 0.28131
0.54912 0.038489 0.28693
0.501 0.038826 0.30076
0.534 0.038647 0.29365
0.55527 0.038636 0.30823
0.50907 0.038263 0.30575
0.51169 0.037828 0.30781
0.57177 0.037873 0.32703
0.53777 0.035725 0.31914
0.52803 0.034457 0.32509
0.56635 0.035689 0.33265
0.57033 0.034233 0.3948
0.53806 0.033392 0.41691
0.56308 0.033679 0.42047
0.57701 0.033411 0.46449
0.50435 0.033363 0.53358
0.52401 0.033572 0.62771
0.60303 0.033412 0.56598
0.62019 0.034232 0.62972
0.50211 0.035763 0.65869
0.5613 0.035637 0.65504
0.55969 0.036986 0.66343
0.54677 0.037647 0.67089
0.50761 0.037943 0.68997
0.54171 0.03804 0.67745
0.54773 0.038123 0.68895
0.51025 0.037937 0.69959
0.51879 0.037979 0.70821
0.53925 0.038027 0.70252
0.54285 0.038103 0.70881
0.51154 0.038073 0.72087
0.50389 0.038109 0.73071
0.52805 0.038117 0.71812
0.54 0.038169 0.72942
0.50259 0.038129 0.74896
0.50952 0.038136 0.75964
0.52145 0.038139 0.76029
0.50794 0.038109 0.77042
0.50904 0.038112 0.77978
0.52883 0.038143 0.76457
0.52108 0.038117 0.78085
0.5156 0.038147 0.79228
0.50571 0.038086 0.81074
0.52849 0.038111 0.80022
0.53318 0.038068 0.81071
0.50729 0.038032 0.82556
0.51278 0.038 0.83365
0.52501 0.038005 0.82889
0.52534 0.037993 0.83725
0.51111 0.037952 0.8626
0.53258 0.037927 0.86854
0.50937 0.037886 0.88407
0.51494 0.037858 0.89715
0.53091 0.037885 0.88316
0.53153 0.037854 0.89936
0.50171 0.037838 0.91821
0.52053 0.037839 0.91512
0.50413 0.035994 0.95299
0.52777 0.037698 0.9461
0.52563 0.034044 0.95861
0.51047 0.033758 0.49468
0.5239 0.033686 0.56566
0.51108 0.034248 0.37001
0.5343 0.033744 0.46984
0.56179 0.036587 0.37425
0.49586 0.03369 0.43458
0.57626 0.034849 0.51002
0.54564 0.035963 0.42488
0.60993 0.036148 0.51029
0.53638 0.03368 0.53448
0.49826 0.034681 0.60642
0.57954 0.034114 0.57724
0.54772 0.036372 0.59966
0.60818 0.034391 0.56152
0.58783 0.036019 0.61208
0.64805 0.037973 0.55016
0.62271 0.038059 0.60203
0.51416 0.035994 0.62399
0.53188 0.036375 0.35043
0.5386 0.035584 0.36153
0.49822 0.033688 0.4697
0.52211 0.034376 0.40218
0.52949 0.034213 0.44214
0.54409 0.036124 0.42526
0.58189 0.035115 0.48332
0.55669 0.034458 0.47699
0.56007 0.034053 0.54261
0.53536 0.03567 0.5857
0.52716 0.034154 0.50833
0.52758 0.034524 0.57762
0.63443 0.03727 0.5681
0.60997 0.036949 0.60667
0.60899 0.035445 0.53661
0.507 0.033988 0.43903
0.52232 0.034012 0.44887
0.53262 0.034209 0.52073
0.54131 0.037826 0.053393
0.56341 0.037809 0.036536
0.55924 0.037826 0.062052
0.5436 0.037866 0.090024
0.55528 0.037837 0.069892
0.55608 0.037855 0.086316
0.54396 0.037882 0.10511
0.54853 0.03792 0.11991
0.55357 0.037874 0.10458
0.5538 0.037917 0.12017
0.54465 0.037961 0.12949
0.5645 0.037951 0.13115
0.55748 0.038001 0.14119
0.54832 0.038073 0.16201
0.56734 0.038049 0.16071
0.55077 0.03813 0.18754
0.54328 0.038186 0.20075
0.56901 0.03812 0.18623
0.56439 0.038187 0.2052
0.54862 0.03822 0.21045
0.55981 0.038208 0.20988
0.57472 0.038308 0.23233
0.55169 0.038323 0.23987
0.57466 0.038333 0.24456
0.57392 0.038349 0.25031
0.55416 0.038414 0.26846
0.5805 0.038376 0.26476
0.57734 0.038366 0.27228
0.56627 0.038482 0.28278
0.56823 0.038482 0.29557
0.5826 0.038331 0.29144
0.59103 0.038225 0.30503
0.55906 0.038569 0.29757
0.57893 0.038404 0.32106
0.58733 0.038269 0.31301
0.5816 0.037699 0.33788
0.60285 0.037386 0.36578
0.6003 0.037097 0.37712
0.58084 0.034898 0.40092
0.60768 0.03651 0.39785
0.5898 0.03391 0.43244
0.61187 0.033881 0.47622
0.64945 0.033918 0.52304
0.67172 0.03633 0.53172
0.66808 0.036889 0.58067
0.63737 0.036213 0.63121
0.59683 0.03723 0.65642
0.64789 0.037083 0.62174
0.64837 0.03791 0.62983
0.60392 0.037806 0.65799
0.63588 0.038318 0.65
0.60866 0.038353 0.66475
0.57978 0.038262 0.67553
0.55694 0.038193 0.68778
0.59831 0.038299 0.685
0.56194 0.038206 0.6973
0.55898 0.038212 0.71135
0.58909 0.038251 0.69072
0.54947 0.038186 0.71773
0.55634 0.038242 0.73418
0.57599 0.038221 0.71719
0.56396 0.038248 0.73381
0.54141 0.038186 0.74685
0.54262 0.03818 0.75887
0.56718 0.038248 0.73992
0.54276 0.038153 0.76772
0.55691 0.038134 0.77407
0.56749 0.038127 0.78481
0.54063 0.038139 0.79207
0.54456 0.038058 0.81155
0.56745 0.038072 0.79945
0.56655 0.038032 0.81399
0.54977 0.038027 0.82099
0.54397 0.03798 0.84238
0.55662 0.038015 0.82275
0.5572 0.037973 0.8388
0.54071 0.037953 0.85848
0.55459 0.037947 0.85703
0.56125 0.037904 0.8705
0.54168 0.037861 0.89274
0.55689 0.037867 0.88751
0.56479 0.037852 0.89419
0.54681 0.037838 0.91261
0.53706 0.03777 0.93156
0.55925 0.037828 0.91548
0.55526 0.03777 0.93105
0.54371 0.037706 0.94528
0.54772 0.033809 0.9603
0.56334 0.037715 0.94253
0.55416 0.035473 0.95382
0.61739 0.036054 0.51697
0.62801 0.036496 0.5287
0.57599 0.0378 0.044585
0.58632 0.037793 0.040354
0.59445 0.037799 0.061746
0.57235 0.037851 0.09252
0.5888 0.037814 0.071642
0.59541 0.037833 0.091801
0.57175 0.037867 0.10723
0.57674 0.037905 0.12103
0.59422 0.037847 0.10206
0.58707 0.03787 0.11289
0.58313 0.037959 0.13765
0.5998 0.037916 0.13144
0.59481 0.03798 0.14729
0.5816 0.038038 0.16434
0.57475 0.038078 0.17278
0.59056 0.03803 0.16686
0.60112 0.038035 0.17302
0.57697 0.038167 0.20186
0.59745 0.038114 0.19535
0.58326 0.038226 0.21773
0.58391 0.038299 0.23239
0.60881 0.038169 0.21671
0.60118 0.038251 0.23332
0.59154 0.038309 0.23837
0.60224 0.038282 0.24502
0.60745 0.038282 0.25928
0.58658 0.038359 0.26504
0.59583 0.038279 0.27818
0.61148 0.038243 0.2758
0.60951 0.038208 0.28327
0.5974 0.038218 0.29575
0.62139 0.038058 0.30752
0.62604 0.037983 0.31918
0.60311 0.038038 0.32159
0.61299 0.037641 0.35099
0.62169 0.037813 0.33877
0.61495 0.037127 0.37783
0.61909 0.036918 0.39518
0.63174 0.037376 0.37567
0.61814 0.036839 0.40733
0.62076 0.036673 0.43155
0.62521 0.036907 0.41783
0.62773 0.036787 0.42997
0.62874 0.036254 0.4637
0.65253 0.037312 0.49397
0.63472 0.036702 0.45267
0.65557 0.03754 0.4907
0.67525 0.037838 0.52537
0.68235 0.038295 0.55588
0.67332 0.038015 0.51437
0.68453 0.038531 0.56122
0.67446 0.038141 0.58016
0.64761 0.038229 0.63507
0.68173 0.038577 0.57689
0.66854 0.038408 0.6093
0.64749 0.038637 0.64715
0.65611 0.03867 0.63986
0.64829 0.038859 0.66088
0.62585 0.038595 0.6735
0.61572 0.038413 0.68137
0.64119 0.038962 0.68026
0.60304 0.038252 0.69298
0.59247 0.038219 0.7084
0.63678 0.03872 0.69113
0.61665 0.03832 0.70423
0.59538 0.038231 0.71576
0.60744 0.038276 0.71217
0.60273 0.038287 0.72523
0.5783 0.038208 0.75359
0.59954 0.038219 0.74991
0.57844 0.03818 0.76314
0.6038 0.03812 0.7699
0.59787 0.0381 0.78376
0.57421 0.038043 0.80526
0.59517 0.038013 0.81248
0.58141 0.038012 0.81635
0.57925 0.037963 0.83151
0.59297 0.037968 0.82724
0.57968 0.037923 0.85358
0.59892 0.037899 0.85381
0.57427 0.037876 0.87868
0.59731 0.037824 0.89933
0.57395 0.03782 0.91397
0.59326 0.03781 0.91219
0.57387 0.037689 0.9481
0.57701 0.035902 0.95298
0.59137 0.037708 0.94375
0.58586 0.033562 0.96342
0.60973 0.037777 0.044827
0.61217 0.037784 0.060976
0.62985 0.03776 0.042245
0.6318 0.037761 0.052944
0.61567 0.037791 0.073809
0.60412 0.037816 0.085273
0.63232 0.037777 0.07809
0.62743 0.03779 0.084036
0.61178 0.037843 0.10804
0.6108 0.03788 0.12288
0.62321 0.037825 0.10199
0.62997 0.037855 0.12029
0.60516 0.037897 0.12716
0.61773 0.037953 0.15293
0.63034 0.037873 0.12988
0.6318 0.037898 0.14344
0.61106 0.03799 0.1635
0.61891 0.038014 0.17498
0.63141 0.037942 0.15972
0.61952 0.038065 0.19398
0.615 0.038135 0.20938
0.62942 0.038054 0.19815
0.63116 0.038093 0.20931
0.61542 0.038167 0.23011
0.63262 0.038107 0.22567
0.63671 0.038119 0.23518
0.64192 0.038143 0.25677
0.62958 0.038112 0.28988
0.63951 0.03816 0.27809
0.65303 0.038049 0.30657
0.64746 0.03803 0.31145
0.65607 0.037925 0.33703
0.63372 0.03785 0.33997
0.64012 0.037609 0.36367
0.64749 0.037867 0.34129
0.65324 0.037665 0.36326
0.63912 0.037059 0.40908
0.65358 0.037184 0.41001
0.64433 0.036926 0.42296
0.64548 0.036814 0.44925
0.65409 0.037002 0.43234
0.65862 0.037064 0.43775
0.66382 0.037477 0.48263
0.6672 0.037337 0.46477
0.67736 0.037648 0.48944
0.68197 0.038036 0.50821
0.69093 0.038683 0.549
0.68942 0.038018 0.50543
0.69476 0.038495 0.53643
0.69177 0.038769 0.56784
0.68292 0.038605 0.59937
0.6983 0.038748 0.566
0.6907 0.038669 0.59097
0.67383 0.038636 0.62126
0.67857 0.0387 0.6293
0.65463 0.039055 0.67116
0.6687 0.038788 0.66762
0.64485 0.039015 0.68897
0.63182 0.038528 0.702
0.65063 0.03862 0.70361
0.65051 0.038463 0.71068
0.61907 0.038338 0.73272
0.61503 0.038228 0.74772
0.63744 0.03818 0.74684
0.61822 0.038156 0.76282
0.612 0.038102 0.77434
0.63299 0.038111 0.76365
0.63225 0.03808 0.77059
0.6146 0.038042 0.79593
0.61558 0.038025 0.80127
0.63167 0.038023 0.79433
0.63371 0.038003 0.80034
0.60695 0.038003 0.81614
0.60906 0.037924 0.8413
0.63294 0.037979 0.81703
0.63581 0.037914 0.83729
0.60951 0.037905 0.84781
0.60464 0.037874 0.86131
0.62761 0.037882 0.85078
0.62495 0.037852 0.86365
0.61147 0.037845 0.87662
0.60595 0.037822 0.89561
0.62049 0.037825 0.88424
0.63033 0.037803 0.89301
0.60838 0.0378 0.91291
0.60896 0.037762 0.92905
0.62067 0.037754 0.93029
0.61055 0.037712 0.94648
0.62266 0.037725 0.9395
0.62855 0.03351 0.96451
0.63898 0.037751 0.046395
0.6538 0.037737 0.038166
0.65587 0.037743 0.062797
0.64649 0.037761 0.077556
0.64067 0.037793 0.093401
0.66357 0.037742 0.072385
0.66653 0.037751 0.083566
0.65659 0.037804 0.10685
0.65096 0.037888 0.15342
0.66031 0.03784 0.13677
0.6624 0.037867 0.15338
0.6469 0.037916 0.16174
0.64965 0.037978 0.18336
0.66204 0.037904 0.16891
0.65889 0.037927 0.17523
0.64984 0.037994 0.18971
0.64838 0.03804 0.20484
0.66943 0.037953 0.19323
0.66966 0.037988 0.20795
0.64693 0.038081 0.22488
0.65561 0.038095 0.2431
0.66882 0.038062 0.24811
0.65266 0.038108 0.25863
0.65403 0.038128 0.27323
0.6778 0.038023 0.26128
0.6693 0.03805 0.2699
0.66214 0.038055 0.2916
0.68001 0.038017 0.31187
0.66207 0.038031 0.31448
0.66792 0.037874 0.3428
0.68225 0.037981 0.32166
0.68605 0.037881 0.34527
0.67186 0.037604 0.37458
0.67881 0.037679 0.37198
0.67658 0.037508 0.41134
0.68532 0.037652 0.39937
0.68631 0.037627 0.41179
0.67228 0.037332 0.43258
0.68102 0.037393 0.45021
0.69085 0.037578 0.4339
0.68566 0.037557 0.47459
0.68786 0.03761 0.48311
0.69467 0.037667 0.47438
0.70242 0.037879 0.492
0.69539 0.037956 0.50209
0.70182 0.038358 0.52694
0.7082 0.038115 0.5091
0.71731 0.038333 0.52932
0.71369 0.038582 0.56118
0.71185 0.038604 0.58288
0.70141 0.038685 0.59919
0.69714 0.038665 0.62256
0.70813 0.038632 0.62136
0.68284 0.038581 0.65801
0.70106 0.038606 0.63692
0.68772 0.038561 0.6608
0.67259 0.03874 0.67766
0.69159 0.038483 0.67233
0.66439 0.038282 0.71345
0.67214 0.038483 0.69693
0.67163 0.0383 0.70778
0.65542 0.038161 0.72823
0.6507 0.038136 0.74359
0.6685 0.038113 0.73088
0.67644 0.038093 0.74108
0.65528 0.038091 0.75255
0.64847 0.038052 0.77
0.66829 0.038066 0.75745
0.66433 0.038033 0.76699
0.64257 0.038016 0.79157
0.65139 0.037974 0.80162
0.66097 0.038 0.78551
0.66 0.037956 0.80463
0.6503 0.037952 0.81747
0.646 0.037906 0.8368
0.66673 0.037923 0.81949
0.66764 0.037879 0.83702
0.64723 0.037888 0.84368
0.64619 0.037849 0.85918
0.65697 0.037869 0.84771
0.66187 0.037818 0.86746
0.64952 0.037795 0.88454
0.64929 0.037784 0.89201
0.65622 0.037786 0.88542
0.66445 0.037765 0.89669
0.64513 0.03777 0.91059
0.63739 0.037732 0.92919
0.66399 0.037757 0.90542
0.66003 0.037739 0.92061
0.6361 0.037687 0.94301
0.64163 0.035208 0.95421
0.65707 0.037656 0.94083
0.66489 0.034796 0.95518
0.68091 0.037703 0.04468
0.68305 0.037702 0.051234
0.69945 0.037685 0.040405
0.69082 0.037702 0.058503
0.69854 0.037707 0.070921
0.69734 0.037731 0.090366
0.67145 0.037777 0.099695
0.67251 0.037809 0.12002
0.6768 0.037817 0.13665
0.67962 0.037837 0.15244
0.68344 0.037856 0.16412
0.69628 0.037847 0.16877
0.68516 0.03792 0.19884
0.67693 0.037966 0.20876
0.7003 0.0379 0.20577
0.6936 0.037939 0.2175
0.68387 0.037991 0.23026
0.69558 0.037971 0.23662
0.70204 0.037968 0.24157
0.69154 0.037977 0.27571
0.7068 0.037956 0.2678
0.70047 0.037959 0.27515
0.69252 0.038004 0.30942
0.7082 0.037965 0.30128
0.70867 0.037969 0.30774
0.70091 0.037928 0.32453
0.6966 0.037886 0.33737
0.7086 0.037901 0.33446
0.7068 0.037864 0.34807
0.69513 0.037798 0.35996
0.69403 0.037746 0.37248
0.71259 0.037835 0.36745
0.71406 0.037832 0.37803
0.70297 0.037747 0.39399
0.70182 0.037711 0.41756
0.7136 0.037818 0.3961
0.72175 0.037835 0.41532
0.70618 0.037726 0.456
0.72134 0.037818 0.43901
0.71109 0.03785 0.4742
0.71998 0.037977 0.48833
0.73022 0.037979 0.47207
0.73456 0.038109 0.49359
0.7188 0.038193 0.51137
0.72168 0.038333 0.53093
0.73602 0.038276 0.52075
0.72335 0.038399 0.54247
0.72511 0.038494 0.5752
0.7351 0.038362 0.53989
0.73708 0.038458 0.57405
0.71512 0.038579 0.62205
0.73364 0.038483 0.58782
0.73573 0.03846 0.61319
0.7201 0.038508 0.6272
0.72568 0.038454 0.63492
0.72354 0.038388 0.6516
0.70236 0.038404 0.67085
0.69944 0.038364 0.67872
0.71634 0.038375 0.66117
0.71407 0.038306 0.67574
0.68854 0.038181 0.71119
0.70547 0.038166 0.70338
0.69219 0.038129 0.72712
0.68226 0.038099 0.73892
0.69902 0.038143 0.71843
0.68572 0.03804 0.76052
0.67815 0.038005 0.77534
0.70183 0.038036 0.75151
0.70441 0.037974 0.77126
0.68082 0.037984 0.78288
0.68196 0.037938 0.80003
0.69859 0.037962 0.78039
0.69134 0.037912 0.80653
0.67691 0.037918 0.81437
0.69031 0.037903 0.81182
0.69136 0.037857 0.83321
0.68263 0.037827 0.85331
0.69671 0.037832 0.8431
0.68899 0.037787 0.86868
0.68189 0.037782 0.87473
0.69231 0.037775 0.87347
0.69231 0.03774 0.89661
0.67976 0.037738 0.91035
0.67025 0.037676 0.93187
0.69007 0.037656 0.93089
0.68095 0.037607 0.94319
0.68205 0.03355 0.96353
0.69586 0.034107 0.95787
0.70924 0.037676 0.03732
0.70825 0.037681 0.054305
0.72484 0.037663 0.042353
0.72751 0.037668 0.060311
0.71111 0.037697 0.075335
0.72853 0.037678 0.074863
0.71188 0.03772 0.099693
0.70912 0.037755 0.12396
0.7272 0.037711 0.1107
0.73149 0.037726 0.12545
0.70806 0.037802 0.15392
0.73419 0.037747 0.14417
0.73238 0.037767 0.15606
0.70942 0.037833 0.17138
0.70804 0.037864 0.18736
0.72485 0.037795 0.16455
0.73455 0.037802 0.18252
0.71034 0.037869 0.19446
0.71076 0.037896 0.21219
0.72556 0.03785 0.2031
0.71994 0.037922 0.23766
0.73856 0.037897 0.24575
0.72518 0.037936 0.26012
0.72686 0.037949 0.28024
0.7181 0.037961 0.29514
0.72747 0.03794 0.31808
0.74318 0.037933 0.29876
0.73466 0.037929 0.32017
0.72904 0.037928 0.3248
0.73002 0.037905 0.34826
0.74008 0.037926 0.32678
0.74617 0.037919 0.34985
0.73311 0.037877 0.36809
0.72489 0.03787 0.37872
0.7405 0.0379 0.36105
0.73921 0.037878 0.38515
0.7316 0.037854 0.40407
0.74926 0.037922 0.3953
0.74295 0.037884 0.41391
0.73653 0.037854 0.42856
0.7331 0.037909 0.45562
0.75059 0.037956 0.43621
0.74872 0.037972 0.45289
0.73994 0.037956 0.46502
0.743 0.038049 0.48556
0.74565 0.037974 0.46278
0.75386 0.038102 0.4874
0.75347 0.038165 0.50528
0.75875 0.038222 0.52084
0.74686 0.038361 0.54995
0.75981 0.038291 0.54774
0.76244 0.038297 0.57044
0.74757 0.038348 0.61159
0.76181 0.038302 0.58431
0.75682 0.038323 0.5972
0.73662 0.038337 0.64622
0.75084 0.03833 0.6201
0.75172 0.038282 0.64543
0.73203 0.038292 0.66373
0.73457 0.038248 0.66996
0.74371 0.038265 0.65806
0.74334 0.038209 0.67616
0.72735 0.03816 0.69643
0.72202 0.038145 0.70505
0.7387 0.03818 0.68763
0.7402 0.038125 0.7009
0.72609 0.038085 0.72272
0.71345 0.03806 0.73588
0.72975 0.038046 0.73098
0.71553 0.038011 0.75104
0.71416 0.037971 0.76455
0.7359 0.037982 0.74749
0.73105 0.037937 0.76557
0.71734 0.037927 0.78283
0.7076 0.037904 0.79865
0.72885 0.037912 0.7812
0.71569 0.03785 0.82006
0.70613 0.037841 0.8316
0.72854 0.037853 0.80855
0.71783 0.037811 0.84038
0.70502 0.037785 0.86242
0.72414 0.037801 0.84036
0.71134 0.03774 0.88351
0.7053 0.037738 0.88815
0.72162 0.037745 0.87491
0.73321 0.037703 0.89738
0.70393 0.037718 0.91054
0.71499 0.037693 0.91948
0.73136 0.037698 0.90682
0.71011 0.033818 0.95991
0.73225 0.037568 0.94085
0.7388 0.037651 0.043351
0.74152 0.037654 0.056961
0.76122 0.037638 0.058344
0.7562 0.037651 0.076526
0.75413 0.037664 0.090169
0.76496 0.037665 0.10361
0.75521 0.037689 0.11656
0.74428 0.037731 0.14379
0.74065 0.037744 0.14931
0.75703 0.037702 0.13257
0.7654 0.037712 0.1557
0.74253 0.037763 0.16799
0.74884 0.037778 0.19066
0.75824 0.037741 0.17521
0.7573 0.03776 0.18942
0.75281 0.037784 0.20207
0.74832 0.037836 0.22501
0.76505 0.037794 0.22039
0.74847 0.037861 0.23779
0.76958 0.037804 0.23077
0.75463 0.03789 0.26187
0.74564 0.037925 0.27696
0.76841 0.037867 0.26636
0.75418 0.037937 0.31842
0.76341 0.037908 0.29489
0.76774 0.037915 0.31664
0.75252 0.037933 0.33025
0.75368 0.037925 0.3559
0.76945 0.037905 0.33801
0.77371 0.037901 0.35004
0.76321 0.037906 0.37139
0.7602 0.037917 0.37961
0.77783 0.037902 0.36903
0.7704 0.037907 0.38287
0.75936 0.037932 0.39492
0.76032 0.037959 0.42331
0.77689 0.037929 0.40608
0.75869 0.03798 0.43623
0.76075 0.038025 0.45615
0.77686 0.037973 0.4384
0.78068 0.037995 0.44989
0.7696 0.038025 0.46413
0.76448 0.038099 0.48397
0.78418 0.038036 0.47133
0.7838 0.038053 0.48224
0.78318 0.038104 0.5059
0.77883 0.038152 0.53042
0.76849 0.038243 0.546
0.76841 0.038257 0.56626
0.78178 0.038173 0.54203
0.78818 0.038186 0.55852
0.77375 0.038213 0.58801
0.7775 0.038202 0.60588
0.78167 0.038192 0.61193
0.75681 0.038244 0.65749
0.75577 0.038199 0.67332
0.77472 0.038164 0.65465
0.75779 0.03816 0.68632
0.75344 0.038106 0.70487
0.77357 0.038074 0.69136
0.75528 0.038052 0.72253
0.7509 0.037985 0.74055
0.74955 0.037925 0.75694
0.74637 0.037921 0.76127
0.76406 0.037887 0.76258
0.75033 0.037883 0.78088
0.74842 0.037846 0.79869
0.75898 0.037876 0.77594
0.75179 0.037797 0.81786
0.75079 0.037767 0.83494
0.75958 0.037804 0.80905
0.76471 0.03776 0.82645
0.74091 0.037739 0.86174
0.75865 0.037733 0.84954
0.74552 0.037719 0.87079
0.74109 0.037694 0.89905
0.75779 0.037694 0.87953
0.757 0.037683 0.89408
0.7478 0.037685 0.9032
0.76302 0.037668 0.90996
0.75553 0.037617 0.92938
0.73793 0.037573 0.93975
0.73951 0.034099 0.95782
0.76406 0.033727 0.96077
0.77263 0.037624 0.043825
0.78103 0.037618 0.052288
0.79545 0.037608 0.047343
0.79851 0.037612 0.063097
0.77649 0.03763 0.068331
0.79093 0.03763 0.0898
0.78191 0.037651 0.11269
0.78125 0.037664 0.128
0.79248 0.037639 0.10949
0.79633 0.037646 0.12362
0.78251 0.037675 0.14254
0.78012 0.037692 0.15549
0.78917 0.037663 0.13576
0.79095 0.037685 0.16021
0.78073 0.037713 0.17508
0.79935 0.037684 0.16656
0.78919 0.037722 0.19311
0.78114 0.037744 0.20369
0.78462 0.037767 0.22448
0.79679 0.037732 0.20878
0.79333 0.037754 0.22376
0.77655 0.037796 0.23356
0.77719 0.037836 0.25815
0.79331 0.037766 0.23317
0.79421 0.037789 0.25055
0.7978 0.037811 0.27178
0.7788 0.037897 0.30717
0.78531 0.037896 0.32311
0.80474 0.03783 0.29708
0.79553 0.037872 0.31803
0.78678 0.037891 0.33976
0.78668 0.037894 0.35568
0.79551 0.037872 0.33303
0.79611 0.037875 0.35245
0.79005 0.037892 0.37132
0.79422 0.037893 0.3882
0.80538 0.037884 0.37072
0.80683 0.037897 0.38959
0.79348 0.037908 0.40322
0.79127 0.037933 0.41852
0.80016 0.0379 0.40081
0.80554 0.037927 0.42492
0.7919 0.037973 0.44013
0.80486 0.037957 0.44344
0.80309 0.037963 0.44799
0.79014 0.038022 0.46816
0.79583 0.038024 0.48501
0.80627 0.037982 0.46724
0.81375 0.038004 0.49093
0.79965 0.038052 0.51148
0.80759 0.038027 0.50802
0.81379 0.038048 0.53039
0.79232 0.038172 0.56244
0.80943 0.038066 0.53617
0.8114 0.038087 0.56483
0.79687 0.038136 0.5831
0.7943 0.038147 0.59435
0.80903 0.038093 0.58116
0.79878 0.038112 0.6087
0.80555 0.038083 0.61044
0.78564 0.038136 0.6473
0.78366 0.038098 0.66691
0.80553 0.038017 0.65114
0.79947 0.03801 0.67172
0.78274 0.038041 0.69036
0.78399 0.038016 0.69806
0.80392 0.037972 0.687
0.80322 0.037963 0.69206
0.78684 0.037962 0.71627
0.77607 0.037931 0.73732
0.79193 0.03789 0.73743
0.78192 0.037891 0.74611
0.78438 0.037848 0.76757
0.80152 0.037856 0.74532
0.79795 0.037772 0.79666
0.77334 0.03776 0.8181
0.77922 0.03773 0.83236
0.78981 0.037759 0.8083
0.79927 0.037709 0.83191
0.77779 0.037704 0.85445
0.78928 0.037705 0.84337
0.77912 0.037677 0.87809
0.77277 0.037669 0.89604
0.79617 0.037651 0.89262
0.7777 0.037601 0.93133
0.79226 0.037643 0.9134
0.78192 0.037543 0.94794
0.77291 0.033569 0.96308
0.79137 0.037551 0.94147
0.79639 0.034426 0.95614
0.80291 0.037604 0.046649
0.80357 0.037605 0.053938
0.82887 0.03759 0.046861
0.83132 0.037589 0.052078
0.8031 0.037615 0.076658
0.80477 0.037621 0.09183
0.82813 0.037597 0.072725
0.82115 0.037607 0.089222
0.81004 0.037622 0.10405
0.80893 0.037634 0.12173
0.82026 0.037615 0.10709
0.82742 0.037622 0.12422
0.82766 0.037635 0.13916
0.82084 0.037669 0.1725
0.82103 0.037678 0.18407
0.81247 0.037711 0.20424
0.80627 0.037735 0.2193
0.83307 0.037692 0.21067
0.82979 0.037706 0.22042
0.80773 0.03775 0.23459
0.81158 0.037765 0.2547
0.83235 0.037733 0.25543
0.82029 0.037765 0.27771
0.816 0.037787 0.28625
0.83511 0.037749 0.27519
0.82903 0.037772 0.29036
0.82023 0.037798 0.29907
0.81573 0.037834 0.31518
0.83104 0.037785 0.30097
0.82559 0.037822 0.32475
0.8146 0.037855 0.33968
0.81945 0.037861 0.34954
0.82755 0.037837 0.34265
0.81578 0.037891 0.37401
0.81554 0.037903 0.39284
0.83668 0.037857 0.37535
0.81636 0.037909 0.40548
0.81771 0.037928 0.42454
0.83287 0.037896 0.42022
0.81888 0.037951 0.43908
0.82742 0.037944 0.45171
0.8395 0.037904 0.43691
0.8215 0.037982 0.46995
0.81834 0.038003 0.49123
0.81844 0.038018 0.51125
0.82681 0.037999 0.52078
0.83685 0.037974 0.52111
0.82423 0.038044 0.55713
0.83262 0.038 0.55306
0.82348 0.038034 0.60172
0.84149 0.037974 0.5805
0.83664 0.03798 0.59838
0.82497 0.037996 0.6179
0.82482 0.037965 0.63339
0.83809 0.037961 0.61174
0.83165 0.03795 0.62962
0.81669 0.037965 0.65205
0.81682 0.037958 0.65873
0.83119 0.037934 0.64078
0.82084 0.037933 0.67391
0.81271 0.037917 0.70331
0.83031 0.037883 0.69101
0.81454 0.037893 0.7144
0.82831 0.037857 0.71261
0.8101 0.037852 0.74031
0.80999 0.037805 0.76509
0.83518 0.037793 0.7433
0.83524 0.037771 0.75797
0.80661 0.037789 0.77794
0.80958 0.037748 0.79857
0.83337 0.037737 0.78062
0.82693 0.037726 0.79498
0.81198 0.03773 0.80774
0.82578 0.037688 0.82776
0.80546 0.037684 0.84782
0.81166 0.037665 0.86028
0.83045 0.037666 0.84342
0.8298 0.037649 0.86234
0.81536 0.03765 0.87245
0.80476 0.037645 0.89122
0.82675 0.037635 0.88104
0.80633 0.037637 0.90622
0.80527 0.037613 0.92133
0.81906 0.037627 0.90731
0.80516 0.037541 0.93786
0.81268 0.033691 0.96113
0.82738 0.03748 0.94789
0.82095 0.03355 0.96337
0.84208 0.037583 0.044624
0.839 0.037586 0.054666
0.8612 0.037575 0.044805
0.84511 0.037587 0.078688
0.84867 0.03759 0.090771
0.85201 0.037582 0.07394
0.85388 0.037586 0.089075
0.85563 0.037595 0.10744
0.85518 0.037606 0.13064
0.84018 0.037626 0.14507
0.8471 0.037627 0.15732
0.85934 0.037608 0.14085
0.85336 0.037616 0.15079
0.83852 0.037653 0.17895
0.84117 0.03766 0.18966
0.85778 0.037636 0.17936
0.86579 0.037642 0.19427
0.85024 0.037664 0.20642
0.83897 0.037698 0.22646
0.86141 0.037657 0.20854
0.85403 0.037679 0.2283
0.84931 0.037695 0.24209
0.85872 0.037687 0.24277
0.86099 0.037696 0.25326
0.85835 0.03772 0.27142
0.86086 0.037738 0.29176
0.84679 0.037776 0.31069
0.84096 0.037794 0.3197
0.86341 0.037744 0.30381
0.85884 0.037761 0.31622
0.84639 0.037817 0.35005
0.86106 0.037781 0.33835
0.86901 0.037787 0.35747
0.85002 0.03783 0.37634
0.85834 0.03781 0.3751
0.86676 0.037812 0.38791
0.85444 0.037851 0.40693
0.85604 0.03786 0.42001
0.8595 0.037835 0.40186
0.86869 0.037843 0.4276
0.84974 0.03789 0.43868
0.8453 0.03791 0.45385
0.86263 0.037862 0.44327
0.86745 0.037863 0.45819
0.84858 0.037923 0.47495
0.85286 0.037926 0.48989
0.85214 0.037946 0.51207
0.8578 0.037923 0.53111
0.87214 0.037885 0.52179
0.85447 0.037935 0.54174
0.85528 0.037926 0.55742
0.87054 0.037886 0.54214
0.86809 0.037888 0.5552
0.85638 0.037913 0.57735
0.84917 0.037938 0.59745
0.86915 0.037879 0.57583
0.86174 0.037892 0.59291
0.85588 0.037905 0.62353
0.86565 0.037882 0.60438
0.85966 0.037882 0.63408
0.85346 0.037861 0.66285
0.8686 0.037849 0.64189
0.86205 0.037835 0.66612
0.85147 0.037826 0.68268
0.84288 0.03784 0.69228
0.86365 0.03782 0.67474
0.86537 0.037788 0.69944
0.84355 0.037818 0.71022
0.84923 0.037781 0.72779
0.85744 0.037789 0.70628
0.85747 0.037763 0.73036
0.84634 0.037772 0.74051
0.84299 0.037744 0.76639
0.85825 0.037725 0.76186
0.83887 0.03771 0.79659
0.86162 0.03771 0.77246
0.86536 0.037685 0.79132
0.84177 0.037684 0.81608
0.8638 0.037673 0.80561
0.8605 0.037658 0.82295
0.84331 0.037654 0.84345
0.86 0.037645 0.83908
0.86087 0.037631 0.85655
0.84545 0.03763 0.87539
0.84087 0.037621 0.89626
0.85943 0.037625 0.86952
0.84415 0.037603 0.91822
0.86298 0.037606 0.9048
0.85443 0.037588 0.92125
0.84854 0.037542 0.93527
0.84151 0.033757 0.96035
0.86176 0.037546 0.93481
0.85988 0.033545 0.9635
0.86888 0.037572 0.039081
0.87066 0.037573 0.06089
0.88547 0.037566 0.039895
0.88695 0.037566 0.051843
0.8803 0.037572 0.076243
0.88091 0.037576 0.091804
0.89546 0.037569 0.078356
0.88964 0.037571 0.085727
0.88034 0.037583 0.1084
0.88124 0.03759 0.12703
0.8896 0.037583 0.11821
0.87443 0.037597 0.13718
0.88188 0.037604 0.15724
0.89327 0.037593 0.14695
0.88859 0.037604 0.16101
0.87657 0.037632 0.18948
0.89277 0.037608 0.16856
0.89708 0.037618 0.18834
0.87202 0.037644 0.20223
0.87757 0.037651 0.2179
0.89079 0.037635 0.20947
0.88682 0.037646 0.22053
0.87051 0.037673 0.23538
0.87434 0.037704 0.27257
0.87669 0.037713 0.2877
0.89854 0.037677 0.26746
0.89189 0.037698 0.29021
0.8733 0.037735 0.31238
0.88289 0.037729 0.32069
0.88917 0.037707 0.30121
0.88847 0.037719 0.3177
0.88063 0.037758 0.34287
0.89562 0.037735 0.33768
0.90056 0.037744 0.35144
0.88169 0.037789 0.37829
0.87493 0.037802 0.38599
0.89513 0.037766 0.37052
0.8984 0.037779 0.39141
0.87781 0.037815 0.4062
0.88033 0.03782 0.41894
0.89997 0.037794 0.41238
0.89593 0.037801 0.41819
0.887 0.037821 0.44091
0.89108 0.037821 0.45119
0.88639 0.037834 0.48054
0.88467 0.037844 0.49565
0.89088 0.03783 0.49387
0.87632 0.037869 0.50561
0.88336 0.037855 0.53069
0.89376 0.037834 0.5137
0.89536 0.037834 0.52664
0.88002 0.037863 0.54087
0.89498 0.037835 0.53886
0.89887 0.037832 0.55317
0.88401 0.037847 0.57557
0.88147 0.037844 0.59846
0.89541 0.037827 0.57585
0.89209 0.037822 0.59911
0.88045 0.037843 0.60681
0.88491 0.037813 0.63232
0.89157 0.037817 0.61018
0.89075 0.037807 0.62739
0.88281 0.037802 0.65006
0.89165 0.03779 0.64762
0.89438 0.037782 0.65969
0.87497 0.037805 0.67614
0.89977 0.037746 0.69791
0.87361 0.037762 0.71377
0.88186 0.037732 0.73052
0.89648 0.037744 0.70429
0.89169 0.037728 0.72312
0.87458 0.037723 0.74567
0.87288 0.037704 0.76502
0.88826 0.037709 0.74335
0.89834 0.037679 0.76375
0.87503 0.037686 0.78019
0.87889 0.037666 0.79676
0.89056 0.037663 0.7875
0.87169 0.037656 0.81505
0.87767 0.037644 0.82403
0.88943 0.037651 0.8041
0.87679 0.037633 0.83966
0.88128 0.037617 0.86277
0.89449 0.037623 0.8386
0.8862 0.037616 0.85785
0.8743 0.037608 0.89034
0.89181 0.037609 0.86888
0.89472 0.0376 0.88891
0.87957 0.037601 0.9027
0.88072 0.037566 0.92836
0.89271 0.037594 0.90919
0.89621 0.03755 0.92995
0.87175 0.037533 0.9404
0.89759 0.033699 0.961
0.90461 0.037562 0.037514
0.91156 0.037561 0.054164
0.9219 0.037542 0.038829
0.91463 0.037564 0.075396
0.90334 0.03757 0.090366
0.92827 0.037526 0.094646
0.91107 0.037573 0.10885
0.90935 0.037581 0.12927
0.92068 0.037556 0.10373
0.92324 0.037553 0.11823
0.9054 0.037584 0.1346
0.908 0.037594 0.15843
0.92188 0.037566 0.13913
0.91375 0.037607 0.18774
0.92771 0.037572 0.17133
0.93054 0.037569 0.19604
0.91477 0.037616 0.20497
0.91248 0.037628 0.22193
0.92702 0.037577 0.20903
0.91911 0.03762 0.22599
0.90886 0.037649 0.24586
0.92789 0.037608 0.2426
0.92208 0.037637 0.25569
0.90921 0.037669 0.26939
0.93164 0.037629 0.27928
0.93088 0.037642 0.29355
0.91296 0.037711 0.32488
0.92409 0.03767 0.30195
0.92316 0.03769 0.32182
0.90564 0.037725 0.33552
0.90874 0.037743 0.36082
0.92985 0.037683 0.33672
0.92055 0.037723 0.35522
0.90785 0.037753 0.37128
0.91271 0.037764 0.39048
0.92612 0.037729 0.39519
0.92609 0.037735 0.40305
0.93157 0.037728 0.43053
0.90821 0.037809 0.45534
0.92825 0.037747 0.43547
0.91027 0.037809 0.48115
0.90767 0.037816 0.49702
0.92867 0.037753 0.47306
0.92624 0.037767 0.4871
0.91389 0.037813 0.50473
0.91474 0.037817 0.52462
0.92971 0.037767 0.51383
0.92727 0.037777 0.52093
0.92576 0.03778 0.53953
0.92746 0.037771 0.55627
0.91633 0.037794 0.59741
0.92669 0.037783 0.57703
0.93002 0.037771 0.59675
0.91214 0.037796 0.60665
0.90709 0.037793 0.62386
0.92348 0.037778 0.60758
0.9249 0.037767 0.61991
0.90531 0.037783 0.645
0.93258 0.037702 0.64831
0.92354 0.037727 0.66406
0.91387 0.037729 0.68852
0.92512 0.037696 0.68168
0.92825 0.037669 0.69624
0.913 0.037718 0.7052
0.92284 0.037685 0.70911
0.90975 0.03769 0.74089
0.91296 0.037669 0.7599
0.91986 0.037674 0.7369
0.91908 0.037653 0.76494
0.91412 0.037657 0.77201
0.91306 0.037644 0.7884
0.92561 0.037623 0.77609
0.92626 0.037607 0.79554
0.90449 0.037631 0.81559
0.91179 0.037623 0.82195
0.92066 0.037618 0.80298
0.91826 0.037611 0.82577
0.90556 0.037614 0.84506
0.90591 0.037607 0.86171
0.92305 0.037583 0.83567
0.91866 0.037593 0.8612
0.91134 0.037601 0.87261
0.91868 0.037591 0.87124
0.93016 0.037546 0.88891
0.90693 0.037589 0.90928
0.90811 0.037544 0.92842
0.92009 0.037572 0.90828
0.92813 0.037505 0.92444
0.9066 0.037504 0.94058
0.91269 0.033891 0.95907
0.91853 0.037488 0.93906
0.92377 0.033752 0.96034
0.93738 0.037491 0.042178
0.93763 0.037489 0.054731
0.95385 0.035078 0.037275
0.95733 0.034148 0.061365
0.93455 0.037498 0.074717
0.95983 0.033803 0.087687
0.94653 0.037469 0.10612
0.95903 0.0339 0.12775
0.94647 0.037498 0.14529
0.94299 0.037518 0.15563
0.95829 0.034003 0.14092
0.95167 0.036245 0.15796
0.93607 0.037553 0.1714
0.9459 0.037527 0.19496
0.95489 0.03478 0.19647
0.93967 0.037533 0.20485
0.9398 0.037544 0.22756
0.96317 0.033562 0.21369
0.96093 0.03371 0.22068
0.94065 0.037579 0.24624
0.94671 0.037571 0.25172
0.96085 0.033721 0.23627
0.95245 0.03591 0.26285
0.94348 0.037589 0.27011
0.94011 0.037609 0.28705
0.95956 0.03386 0.2746
0.94169 0.037614 0.30101
0.94137 0.037642 0.32911
0.9548 0.034894 0.30076
0.9644 0.033512 0.32367
0.9458 0.037644 0.34118
0.94345 0.037657 0.3559
0.95866 0.034 0.35893
0.94057 0.037663 0.36716
0.94763 0.037635 0.39674
0.96422 0.033521 0.37882
0.95222 0.036275 0.39556
0.94601 0.037645 0.40632
0.9635 0.033555 0.40943
0.95648 0.03445 0.42821
0.94186 0.03769 0.44458
0.94584 0.037675 0.45149
0.95363 0.035488 0.43519
0.95979 0.033859 0.45252
0.93997 0.037699 0.47273
0.9636 0.033552 0.47952
0.95533 0.034836 0.49547
0.94657 0.037692 0.50938
0.94274 0.037708 0.52288
0.95314 0.035833 0.51243
0.9598 0.033865 0.5275
0.93752 0.037719 0.55549
0.96435 0.033517 0.53992
0.95849 0.034056 0.55813
0.94369 0.037749 0.59461
0.94059 0.037732 0.61355
0.94074 0.037716 0.62241
0.95961 0.033884 0.62736
0.94409 0.037666 0.63927
0.96125 0.033707 0.63687
0.96353 0.033551 0.65897
0.94832 0.037596 0.67671
0.95988 0.033832 0.67476
0.95906 0.033928 0.69559
0.94045 0.037596 0.71377
0.93943 0.03759 0.72468
0.954 0.035169 0.71544
0.95467 0.034906 0.72056
0.94314 0.037546 0.75547
0.95531 0.034671 0.7468
0.9595 0.033858 0.75561
0.94077 0.037575 0.77905
0.94076 0.037555 0.79874
0.95743 0.034164 0.78702
0.9392 0.037553 0.8038
0.95384 0.03514 0.81191
0.95883 0.033927 0.83016
0.93754 0.037501 0.8457
0.96487 0.033488 0.85664
0.94223 0.037508 0.88568
0.95926 0.033868 0.8699
0.93725 0.037479 0.92165
0.95607 0.034404 0.90739
0.96452 0.0335 0.92014
0.93817 0.037424 0.93625
0.94181 0.033986 0.95825
0.95908 0.033876 0.94228
0.95399 0.033474 0.96272
