2635
1 1 1
0.03496 0.037716 0.044771
0.040929 0.037716 0.054037
0.062042 0.037718 0.03565
0.058121 0.037717 0.051288
0.045973 0.037718 0.068621
0.043462 0.037719 0.092747
0.059465 0.037718 0.080281
0.055955 0.037718 0.096397
0.038496 0.037718 0.10985
0.04115 0.037719 0.11973
0.062937 0.037716 0.10659
0.062375 0.037722 0.142
0.040307 0.037709 0.18751
0.057986 0.037711 0.1775
0.060728 0.037708 0.19303
0.03612 0.037707 0.19781
0.040278 0.037705 0.22352
0.053007 0.037707 0.20282
0.056054 0.037706 0.21612
0.047591 0.037703 0.23249
0.042184 0.037701 0.25358
0.052637 0.037702 0.23881
0.061276 0.0377 0.25338
0.04707 0.0377 0.26537
0.046238 0.0377 0.28238
0.055394 0.0377 0.27435
0.06278 0.0377 0.28306
0.061547 0.037701 0.30401
0.057178 0.037701 0.31912
0.044965 0.037699 0.3404
0.06177 0.037695 0.34904
0.04599 0.037692 0.37049
0.045033 0.037691 0.38393
0.060345 0.037693 0.36836
0.055784 0.037694 0.39022
0.044413 0.037695 0.4009
0.03752 0.037697 0.42042
0.06012 0.037696 0.4037
0.053861 0.037699 0.41522
0.042244 0.037697 0.4437
0.058773 0.0377 0.44145
0.057938 0.0377 0.45778
0.041646 0.037698 0.47143
0.043476 0.037697 0.48643
0.051826 0.037701 0.47115
0.057402 0.037698 0.4901
0.038309 0.037687 0.50661
0.038008 0.037683 0.5281
0.054222 0.037689 0.50862
0.058456 0.037686 0.52714
0.045107 0.037682 0.53981
0.042828 0.037686 0.56594
0.060381 0.037685 0.53829
0.05905 0.037687 0.55938
0.037 0.037689 0.57731
0.035877 0.037694 0.60006
0.051181 0.03769 0.57588
0.053074 0.037695 0.5963
0.043409 0.037694 0.60492
0.036192 0.037696 0.63243
0.051057 0.037697 0.61105
0.056948 0.0377 0.62396
0.051067 0.037697 0.65204
0.053003 0.037701 0.66409
0.047172 0.037703 0.676
0.052109 0.037704 0.67418
0.057573 0.037708 0.69189
0.035953 0.037707 0.7331
0.059351 0.037706 0.71637
0.051319 0.037707 0.72583
0.043288 0.037709 0.74931
0.036988 0.037711 0.76476
0.058507 0.037708 0.74609
0.051661 0.037711 0.76288
0.040675 0.037712 0.7752
0.037161 0.037715 0.80125
0.057711 0.037713 0.78359
0.055825 0.037714 0.79323
0.039645 0.037717 0.82756
0.052488 0.037716 0.81578
0.057992 0.037717 0.83292
0.037975 0.037719 0.84432
0.034999 0.037719 0.86284
0.053381 0.037718 0.83876
0.0557 0.037719 0.86083
0.035547 0.037718 0.87245
0.04495 0.037722 0.89343
0.057645 0.037717 0.8797
0.056156 0.037719 0.88972
0.041801 0.037732 0.91262
0.037035 0.033553 0.95631
0.058256 0.03762 0.94498
0.060703 0.033912 0.95432
0.078642 0.03772 0.045174
0.074581 0.037719 0.059445
0.077548 0.037716 0.087814
0.093515 0.037717 0.073571
0.090885 0.037715 0.087773
0.070729 0.037714 0.10572
0.07174 0.037716 0.12839
0.084465 0.037712 0.10816
0.088585 0.037711 0.12152
0.069263 0.037719 0.13919
0.088666 0.037712 0.13557
0.09195 0.03771 0.15683
0.071351 0.03771 0.17467
0.067449 0.037708 0.18949
0.093392 0.037705 0.17446
0.093881 0.037704 0.1896
0.076543 0.037706 0.20434
0.075217 0.037704 0.22117
0.087877 0.037705 0.20941
0.096026 0.037701 0.22499
0.069076 0.0377 0.24221
0.071607 0.037699 0.24859
0.084673 0.037699 0.24277
0.088982 0.037698 0.25093
0.07527 0.0377 0.27137
0.074308 0.037699 0.2887
0.094439 0.037697 0.2714
0.067508 0.0377 0.30531
0.067861 0.037698 0.32439
0.091694 0.037693 0.30379
0.089637 0.037692 0.32494
0.070648 0.037694 0.34349
0.088726 0.037692 0.33934
0.087484 0.037692 0.35429
0.075149 0.03769 0.37737
0.090515 0.037692 0.37068
0.094152 0.037692 0.38247
0.06878 0.037697 0.40898
0.072746 0.037698 0.42232
0.092294 0.037699 0.41117
0.085518 0.037703 0.4178
0.068541 0.0377 0.44453
0.082919 0.037703 0.4364
0.084148 0.037706 0.45555
0.073274 0.0377 0.4736
0.077314 0.037699 0.48423
0.089017 0.037706 0.47948
0.088205 0.037703 0.49046
0.068452 0.037693 0.50221
0.084277 0.037696 0.51946
0.076286 0.037687 0.53642
0.071305 0.037688 0.56491
0.081545 0.03769 0.56256
0.073116 0.037689 0.57111
0.068766 0.037696 0.59997
0.084527 0.037695 0.57141
0.087163 0.037699 0.59534
0.073426 0.037703 0.62993
0.088685 0.037702 0.6131
0.09359 0.0377 0.62258
0.072156 0.037703 0.64305
0.09137 0.037706 0.66629
0.067511 0.037709 0.6829
0.084879 0.037712 0.67531
0.08798 0.03771 0.69494
0.075474 0.037706 0.7128
0.067042 0.037706 0.73371
0.089943 0.037706 0.72532
0.070436 0.037707 0.74629
0.075327 0.037708 0.75854
0.087136 0.037707 0.74239
0.084209 0.03771 0.76329
0.070757 0.037712 0.77438
0.07236 0.037714 0.80003
0.093164 0.037711 0.78583
0.071731 0.037714 0.81681
0.079463 0.037713 0.82421
0.092 0.037712 0.80776
0.08921 0.037714 0.83308
0.074031 0.037717 0.84297
0.073927 0.037717 0.86221
0.089041 0.037715 0.86601
0.076034 0.037713 0.88309
0.087642 0.037714 0.87423
0.084457 0.037714 0.89072
0.070812 0.037726 0.91005
0.076311 0.037703 0.93107
0.088148 0.037719 0.90308
0.070821 0.037675 0.93879
0.085236 0.037691 0.94744
0.10963 0.037713 0.039007
0.1051 0.037715 0.057292
0.12549 0.037711 0.037864
0.12099 0.037711 0.052152
0.10194 0.037716 0.068237
0.10631 0.037714 0.094091
0.1232 0.037711 0.096301
0.10473 0.03771 0.10999
0.1128 0.037708 0.12827
0.12413 0.037706 0.11794
0.10668 0.037708 0.14064
0.10178 0.037707 0.15523
0.1256 0.037704 0.15527
0.10678 0.037702 0.17208
0.10552 0.037701 0.18677
0.12646 0.037701 0.16624
0.11782 0.037698 0.19289
0.1119 0.037697 0.21593
0.11672 0.037698 0.20012
0.11588 0.037696 0.22631
0.10483 0.037697 0.23746
0.099819 0.037696 0.25518
0.11963 0.037695 0.2367
0.10554 0.037692 0.27273
0.10518 0.037689 0.28543
0.1192 0.037687 0.27639
0.12718 0.037681 0.28296
0.10563 0.037684 0.30298
0.10627 0.037682 0.32543
0.12672 0.037677 0.30846
0.11536 0.037678 0.31716
0.1031 0.037684 0.33322
0.10419 0.037686 0.35787
0.11466 0.037682 0.35281
0.098502 0.037689 0.3649
0.11519 0.037688 0.36928
0.12109 0.037697 0.39315
0.1018 0.037694 0.39785
0.10151 0.037699 0.42489
0.11231 0.037697 0.42512
0.097719 0.037703 0.43734
0.098635 0.037704 0.44933
0.11282 0.037704 0.44391
0.11455 0.037707 0.45645
0.097939 0.037703 0.47021
0.10604 0.037699 0.48686
0.1156 0.037709 0.47158
0.12123 0.037711 0.48888
0.10231 0.037694 0.50309
0.097815 0.037692 0.52514
0.11804 0.037696 0.52545
0.10369 0.037693 0.53791
0.099371 0.037696 0.55964
0.12004 0.037699 0.54328
0.097504 0.037697 0.58259
0.099626 0.037697 0.59572
0.1168 0.037701 0.57627
0.11824 0.037696 0.60159
0.10736 0.037691 0.61737
0.10748 0.03769 0.62732
0.12389 0.037685 0.63258
0.10461 0.037691 0.64637
0.10424 0.037693 0.65939
0.11758 0.037687 0.64101
0.11462 0.037689 0.66813
0.10312 0.0377 0.68472
0.12005 0.037692 0.68447
0.10614 0.037708 0.72993
0.12477 0.037696 0.70831
0.12614 0.037699 0.73573
0.10064 0.037707 0.74085
0.10463 0.037706 0.75723
0.11891 0.037703 0.76548
0.10615 0.037706 0.77639
0.12669 0.037697 0.78037
0.11662 0.037703 0.79243
0.10797 0.037712 0.83078
0.11666 0.037708 0.80626
0.11997 0.03771 0.83474
0.10931 0.037713 0.84058
0.12498 0.037708 0.84389
0.12484 0.037708 0.85735
0.10774 0.037712 0.87685
0.11142 0.037713 0.89322
0.12761 0.03771 0.88357
0.12123 0.037713 0.89803
0.10251 0.037719 0.91023
0.12057 0.037715 0.91251
0.11904 0.037694 0.92563
0.10411 0.037677 0.93861
0.12866 0.037624 0.94656
0.12702 0.033337 0.96459
0.14055 0.03771 0.039757
0.15581 0.037707 0.035257
0.15741 0.037706 0.053241
0.13324 0.037711 0.076039
0.13846 0.037706 0.09512
0.15118 0.037706 0.071776
0.15543 0.037702 0.090233
0.13804 0.037703 0.10612
0.1396 0.037701 0.11741
0.15003 0.037698 0.1107
0.15425 0.037697 0.11624
0.13304 0.037704 0.13731
0.13394 0.037703 0.15889
0.15817 0.037698 0.15244
0.13245 0.037698 0.17763
0.15601 0.037695 0.17206
0.15472 0.037694 0.18365
0.1348 0.037694 0.20472
0.14054 0.037689 0.22453
0.15739 0.037686 0.20594
0.13371 0.037689 0.23714
0.14341 0.037681 0.25245
0.14932 0.037686 0.23015
0.15668 0.037675 0.25849
0.13599 0.03768 0.26673
0.13525 0.037676 0.28865
0.15393 0.037674 0.26641
0.15052 0.037672 0.28531
0.14275 0.037671 0.30253
0.13077 0.037675 0.31348
0.15588 0.037671 0.29663
0.14793 0.037671 0.3198
0.13304 0.037677 0.3419
0.14195 0.037674 0.3486
0.15257 0.037673 0.33033
0.13856 0.037679 0.37299
0.13293 0.037685 0.38184
0.15568 0.037676 0.37568
0.12922 0.037702 0.42039
0.14294 0.0377 0.42381
0.13613 0.037703 0.43954
0.12951 0.037709 0.45351
0.14781 0.037706 0.44214
0.14599 0.03771 0.45206
0.13024 0.037712 0.46925
0.12852 0.037711 0.48615
0.14761 0.03772 0.47166
0.13704 0.037689 0.50981
0.13635 0.037683 0.52425
0.15323 0.037704 0.50132
0.13039 0.037688 0.54579
0.13684 0.037678 0.56782
0.14403 0.037679 0.55029
0.15322 0.037691 0.55494
0.13764 0.037675 0.5842
0.13282 0.037681 0.59696
0.15234 0.037676 0.58424
0.15127 0.037674 0.59652
0.13224 0.037679 0.61402
0.13496 0.037678 0.63151
0.1533 0.037672 0.61883
0.14872 0.037675 0.62898
0.13819 0.037679 0.66282
0.15712 0.037675 0.64812
0.14761 0.037678 0.66421
0.13567 0.037681 0.67592
0.14145 0.037679 0.69639
0.14577 0.037677 0.67976
0.14811 0.037678 0.70396
0.13024 0.037691 0.70747
0.14132 0.037685 0.73528
0.15244 0.037679 0.71042
0.14805 0.037681 0.73514
0.14132 0.037688 0.7507
0.13518 0.037692 0.768
0.15357 0.037681 0.74167
0.15714 0.03768 0.75805
0.13811 0.037694 0.79478
0.15134 0.037687 0.77829
0.15281 0.037691 0.80043
0.14349 0.037697 0.80857
0.14095 0.037701 0.82956
0.16158 0.037693 0.81607
0.15405 0.037696 0.82995
0.13913 0.037702 0.84851
0.14563 0.037701 0.86349
0.15851 0.037694 0.84741
0.15864 0.037697 0.86281
0.13579 0.037708 0.87755
0.15546 0.037704 0.88175
0.15391 0.037708 0.89833
0.13392 0.037713 0.9095
0.13887 0.037673 0.92866
0.15596 0.03771 0.91159
0.15359 0.037679 0.92565
0.13512 0.034619 0.95266
0.15729 0.037616 0.94095
0.15694 0.033352 0.96148
0.16935 0.037701 0.044779
0.17617 0.037698 0.061043
0.18538 0.037695 0.045467
0.18441 0.037696 0.054994
0.16906 0.037699 0.076113
0.17278 0.037697 0.091723
0.18791 0.037694 0.077635
0.1876 0.037693 0.09279
0.16817 0.037696 0.1056
0.17226 0.037692 0.12835
0.18234 0.037694 0.10702
0.18919 0.037691 0.1176
0.17079 0.037691 0.14022
0.17743 0.037685 0.15342
0.18549 0.037685 0.14473
0.18979 0.037684 0.1499
0.17699 0.037679 0.19274
0.18854 0.03768 0.17147
0.18399 0.03768 0.18806
0.1731 0.037673 0.22585
0.18531 0.037676 0.20074
0.18449 0.037673 0.21906
0.17085 0.037671 0.23824
0.17301 0.037665 0.25632
0.18483 0.037663 0.24808
0.18609 0.037657 0.26943
0.1817 0.037661 0.28771
0.1644 0.037667 0.29592
0.17065 0.037666 0.31303
0.18402 0.037663 0.30735
0.18646 0.037662 0.32402
0.16321 0.037666 0.34038
0.16586 0.037664 0.34725
0.18021 0.03766 0.33574
0.18319 0.037663 0.34519
0.17173 0.037665 0.36988
0.18173 0.037669 0.37269
0.17834 0.037665 0.38967
0.1666 0.037673 0.42437
0.18614 0.03767 0.40158
0.18609 0.037676 0.42046
0.16611 0.037681 0.43732
0.16672 0.037688 0.45236
0.18166 0.037683 0.43407
0.17485 0.037691 0.45883
0.1628 0.037707 0.48664
0.17599 0.037713 0.47756
0.17872 0.037721 0.48588
0.16162 0.037698 0.50241
0.16145 0.03769 0.53052
0.18034 0.037717 0.5085
0.17797 0.037707 0.53043
0.16176 0.037691 0.54571
0.17384 0.037687 0.56324
0.16927 0.037667 0.58042
0.16023 0.037669 0.59339
0.18145 0.037675 0.58648
0.17609 0.037658 0.59874
0.1693 0.037655 0.61009
0.16339 0.037665 0.63159
0.17694 0.037655 0.60827
0.17708 0.037654 0.62734
0.16378 0.037671 0.65015
0.16579 0.037671 0.66011
0.18835 0.037679 0.65441
0.1889 0.037675 0.666
0.166 0.037671 0.67808
0.16505 0.037672 0.69393
0.17851 0.037666 0.67595
0.18157 0.037669 0.69584
0.17131 0.037672 0.72102
0.16815 0.037673 0.73266
0.18135 0.037669 0.70881
0.18215 0.037667 0.73751
0.1747 0.037667 0.75188
0.16796 0.037673 0.7595
0.1834 0.037665 0.75126
0.1675 0.037686 0.79412
0.18768 0.037674 0.77432
0.18725 0.037683 0.8005
0.17278 0.037687 0.8087
0.18585 0.037685 0.81642
0.18756 0.037683 0.83103
0.17739 0.037686 0.84126
0.1685 0.037691 0.85752
0.18637 0.037684 0.84811
0.18452 0.037685 0.85507
0.16675 0.037698 0.87648
0.1667 0.037703 0.89265
0.1923 0.037686 0.87144
0.19158 0.037693 0.89071
0.16872 0.03766 0.92936
0.18372 0.037651 0.93037
0.17832 0.034108 0.95367
0.18536 0.037614 0.93871
0.19046 0.033567 0.95616
0.19982 0.037692 0.044218
0.20802 0.037689 0.058307
0.22138 0.037686 0.034961
0.21947 0.037687 0.056083
0.20672 0.037688 0.068353
0.20345 0.037688 0.088004
0.22392 0.037683 0.070436
0.22049 0.037683 0.092663
0.20906 0.037685 0.099978
0.20308 0.037686 0.12585
0.22562 0.03768 0.10047
0.21744 0.037683 0.12036
0.20199 0.037684 0.14096
0.19754 0.037676 0.17229
0.20765 0.037672 0.1883
0.22376 0.037662 0.17107
0.22606 0.037657 0.18198
0.20294 0.037673 0.19896
0.22016 0.037666 0.19866
0.20834 0.037659 0.23665
0.22185 0.037663 0.2313
0.21911 0.037659 0.25494
0.20135 0.037642 0.27165
0.1965 0.037644 0.27991
0.21946 0.037648 0.26562
0.21273 0.037627 0.2839
0.20449 0.037627 0.30467
0.20237 0.037637 0.32455
0.2113 0.037615 0.31309
0.19587 0.037651 0.33036
0.2005 0.037649 0.3531
0.21206 0.03763 0.32976
0.22127 0.037643 0.34672
0.20386 0.03764 0.36289
0.20072 0.037641 0.3806
0.21576 0.037639 0.36134
0.20877 0.037631 0.38727
0.19845 0.037657 0.40525
0.20706 0.037643 0.40208
0.19801 0.037678 0.4288
0.1889 0.037707 0.45566
0.21145 0.037689 0.43035
0.21085 0.037721 0.44903
0.19396 0.037726 0.46785
0.19632 0.037739 0.48891
0.20064 0.037739 0.47598
0.20458 0.03776 0.48946
0.19245 0.037735 0.51066
0.19447 0.037724 0.52428
0.19549 0.037707 0.54139
0.19654 0.037697 0.55573
0.20705 0.037708 0.55664
0.19428 0.037679 0.58621
0.19081 0.037678 0.59851
0.21061 0.037694 0.58405
0.21051 0.037694 0.59098
0.19163 0.037675 0.6111
0.19348 0.037677 0.63618
0.21678 0.037689 0.63626
0.19373 0.037678 0.65268
0.20297 0.03767 0.65921
0.21628 0.037684 0.64493
0.20349 0.037659 0.67749
0.19782 0.03766 0.69954
0.2144 0.037656 0.67886
0.21292 0.037652 0.7008
0.19685 0.037658 0.71328
0.19668 0.037655 0.7322
0.21357 0.037647 0.71507
0.21587 0.03764 0.72617
0.20057 0.03766 0.7638
0.21686 0.037649 0.75226
0.19992 0.037673 0.78512
0.20685 0.037672 0.79675
0.21771 0.03766 0.77627
0.20168 0.03768 0.83475
0.22443 0.037673 0.81921
0.22126 0.037674 0.83357
0.20222 0.037679 0.84877
0.2057 0.037678 0.86198
0.21976 0.037675 0.83995
0.22112 0.037672 0.86112
0.20474 0.03768 0.87717
0.20721 0.037685 0.8943
0.2175 0.037675 0.87873
0.2224 0.037679 0.89712
0.21134 0.037652 0.92781
0.22227 0.037691 0.91452
0.19948 0.037571 0.94706
0.21085 0.033344 0.96266
0.21897 0.037587 0.94286
0.21936 0.033475 0.95721
0.23186 0.037683 0.034968
0.23547 0.03768 0.060961
0.24915 0.037677 0.042298
0.25729 0.037672 0.055707
0.23718 0.037678 0.067017
0.23347 0.037678 0.083573
0.25317 0.03767 0.074909
0.25646 0.037668 0.08418
0.24301 0.037676 0.11719
0.25286 0.03767 0.099752
0.24834 0.037672 0.12377
0.23257 0.037673 0.14209
0.2517 0.037666 0.13659
0.25748 0.037656 0.15283
0.23274 0.037654 0.17316
0.24272 0.037645 0.18797
0.25008 0.037646 0.17308
0.2559 0.037645 0.18244
0.23599 0.037648 0.20723
0.22952 0.037657 0.22524
0.25253 0.037641 0.20204
0.22899 0.037659 0.24021
0.23581 0.037659 0.24575
0.23773 0.037649 0.26886
0.23666 0.037638 0.28881
0.25633 0.037643 0.27811
0.25485 0.03764 0.30199
0.25128 0.037646 0.31682
0.22914 0.037636 0.34975
0.24766 0.037639 0.338
0.25333 0.037653 0.35508
0.23247 0.037628 0.36152
0.24462 0.037631 0.36748
0.24021 0.037616 0.38152
0.22395 0.037647 0.40061
0.23342 0.037649 0.41416
0.24318 0.037635 0.39422
0.22756 0.037672 0.4282
0.22409 0.037713 0.44815
0.24421 0.037684 0.43187
0.23833 0.037717 0.4513
0.21749 0.03778 0.47378
0.23229 0.03777 0.4685
0.2377 0.037847 0.4843
0.22798 0.037778 0.50539
0.23288 0.037788 0.53235
0.2239 0.037743 0.54845
0.21969 0.037727 0.56678
0.22889 0.037709 0.59387
0.2379 0.037709 0.60125
0.23312 0.037679 0.61315
0.23044 0.037657 0.63951
0.23942 0.037669 0.61755
0.24454 0.037644 0.63517
0.22709 0.037653 0.65401
0.23537 0.037633 0.66435
0.24511 0.037627 0.65618
0.24642 0.037635 0.67054
0.23555 0.037643 0.68714
0.25396 0.037639 0.69555
0.23591 0.037627 0.72246
0.24754 0.037627 0.71351
0.24918 0.037621 0.73269
0.23553 0.037631 0.74565
0.23288 0.03764 0.7629
0.25029 0.037627 0.75107
0.25913 0.03763 0.76764
0.23015 0.037658 0.78278
0.2386 0.037656 0.79512
0.25465 0.037639 0.77698
0.23907 0.037662 0.81051
0.25688 0.037651 0.81215
0.25038 0.03766 0.83108
0.24021 0.037667 0.84655
0.23572 0.037667 0.8619
0.23421 0.037668 0.87983
0.23313 0.037669 0.88908
0.25599 0.037659 0.87824
0.24347 0.037677 0.91317
0.23416 0.037644 0.92904
0.24943 0.037669 0.90414
0.25812 0.03763 0.93113
0.24118 0.033353 0.96137
0.25334 0.037615 0.93656
0.27354 0.037663 0.05605
0.2939 0.037649 0.060499
0.27533 0.037656 0.078808
0.26854 0.037661 0.093413
0.29244 0.037647 0.073535
0.26957 0.03766 0.10807
0.28907 0.037648 0.10309
0.28426 0.037649 0.12171
0.2702 0.037651 0.13467
0.26753 0.037648 0.15522
0.29167 0.037634 0.13632
0.29312 0.037632 0.15617
0.26384 0.037645 0.16795
0.26904 0.037642 0.18072
0.28463 0.03764 0.19069
0.27227 0.037643 0.21366
0.28703 0.037637 0.19574
0.28473 0.037635 0.22087
0.26823 0.037637 0.25688
0.28522 0.037627 0.23532
0.28697 0.037636 0.25445
0.28159 0.037631 0.26215
0.26274 0.037629 0.30374
0.26517 0.037629 0.31309
0.28861 0.03762 0.31704
0.26127 0.03764 0.33262
0.26566 0.037645 0.35557
0.27512 0.037615 0.33881
0.27769 0.037633 0.35122
0.26391 0.037648 0.36155
0.264 0.037642 0.38117
0.27973 0.03766 0.37218
0.25997 0.037657 0.40139
0.25611 0.037677 0.41623
0.27593 0.037674 0.40642
0.26984 0.037675 0.42141
0.24801 0.037755 0.45622
0.26717 0.037677 0.42938
0.27381 0.037724 0.44807
0.24467 0.037833 0.47044
0.24745 0.037881 0.48795
0.26178 0.037954 0.48307
0.24523 0.037861 0.51017
0.25734 0.037851 0.53517
0.25053 0.037826 0.54093
0.25427 0.037793 0.57218
0.26017 0.037819 0.55202
0.27076 0.037846 0.56311
0.25911 0.03778 0.57887
0.25439 0.037716 0.60606
0.26719 0.037777 0.58167
0.26891 0.037729 0.59461
0.26025 0.037672 0.61703
0.26119 0.037639 0.63583
0.2767 0.037616 0.63183
0.26415 0.037625 0.65387
0.26226 0.037633 0.6698
0.27711 0.03761 0.65373
0.27978 0.037616 0.67079
0.26193 0.03764 0.67825
0.27019 0.037599 0.69929
0.28632 0.037627 0.68028
0.28222 0.037583 0.70625
0.26813 0.037583 0.72011
0.27191 0.03758 0.72795
0.29004 0.037597 0.73182
0.27498 0.037623 0.7548
0.27109 0.037624 0.77117
0.28962 0.037628 0.74781
0.26523 0.03763 0.77881
0.27349 0.037624 0.79663
0.29111 0.037617 0.78352
0.28721 0.037623 0.80076
0.28896 0.037638 0.81754
0.28173 0.037648 0.8325
0.27436 0.037657 0.84949
0.29285 0.037646 0.84704
0.28498 0.037649 0.86169
0.26868 0.037654 0.88255
0.2785 0.037654 0.89472
0.28995 0.037645 0.88202
0.28304 0.037654 0.89577
0.29457 0.037658 0.91104
0.29214 0.037636 0.92704
0.27485 0.037564 0.94669
0.27758 0.033636 0.9556
0.29502 0.037612 0.93657
0.28304 0.033364 0.96035
0.30006 0.037646 0.045171
0.30354 0.037643 0.05807
0.32676 0.037624 0.044073
0.32791 0.037624 0.057903
0.30199 0.037641 0.078881
0.30602 0.037639 0.086211
0.32263 0.037628 0.06958
0.31857 0.03763 0.092633
0.30404 0.037636 0.10672
0.30181 0.037634 0.12414
0.32686 0.03762 0.1019
0.31716 0.037624 0.12182
0.3003 0.037624 0.14208
0.30338 0.037625 0.15322
0.32021 0.037611 0.14064
0.321 0.037613 0.14983
0.30128 0.037624 0.17402
0.3041 0.037623 0.18838
0.32126 0.037609 0.16806
0.30496 0.037617 0.21772
0.32546 0.037605 0.20359
0.32398 0.037608 0.21173
0.2962 0.037614 0.23842
0.30284 0.037612 0.24886
0.31275 0.037605 0.25354
0.3018 0.037612 0.26199
0.29615 0.037608 0.28511
0.31134 0.037601 0.2616
0.31693 0.037592 0.27905
0.29614 0.037596 0.30438
0.29569 0.037606 0.31332
0.31256 0.037582 0.30491
0.31285 0.037587 0.3123
0.30002 0.037613 0.32951
0.29042 0.037646 0.35313
0.31232 0.037596 0.33629
0.31872 0.037616 0.35132
0.29489 0.037653 0.35801
0.2892 0.037688 0.38656
0.30573 0.037658 0.36689
0.31234 0.037734 0.38115
0.28721 0.03769 0.4052
0.29475 0.037683 0.41452
0.30261 0.037684 0.40181
0.30609 0.037703 0.41835
0.28679 0.037703 0.43541
0.27997 0.03776 0.45302
0.30625 0.037826 0.43474
0.30813 0.037964 0.4448
0.2758 0.038021 0.48021
0.28975 0.03793 0.46677
0.27906 0.038042 0.49051
0.27386 0.038055 0.50405
0.2681 0.038022 0.5218
0.28501 0.038177 0.5059
0.28214 0.037925 0.54281
0.29136 0.03785 0.56711
0.28053 0.037777 0.58336
0.30719 0.037717 0.59978
0.28606 0.037632 0.62315
0.29033 0.037619 0.63661
0.31493 0.0377 0.63437
0.31361 0.037689 0.66157
0.31656 0.037705 0.67597
0.32199 0.03765 0.70645
0.32313 0.03763 0.72488
0.31666 0.037634 0.73621
0.30207 0.03763 0.74487
0.30844 0.037612 0.76423
0.31986 0.037613 0.75209
0.3181 0.037607 0.76935
0.30856 0.037616 0.78368
0.30099 0.037617 0.79684
0.31574 0.037614 0.78799
0.31629 0.037617 0.804
0.29964 0.037627 0.80991
0.31864 0.037614 0.83056
0.3018 0.037636 0.84437
0.30838 0.037632 0.86146
0.301 0.037639 0.88438
0.30889 0.037638 0.89203
0.32084 0.03763 0.87384
0.31917 0.037637 0.89837
0.3023 0.037654 0.91428
0.31177 0.037637 0.92999
0.32852 0.037637 0.9074
0.31955 0.037637 0.92391
0.30343 0.037605 0.94598
0.32185 0.037611 0.94333
0.33837 0.037614 0.040557
0.3374 0.037616 0.055374
0.36257 0.037597 0.040668
0.3517 0.037606 0.051146
0.3378 0.037616 0.072829
0.33727 0.037618 0.084982
0.35318 0.037607 0.082833
0.33929 0.037609 0.10329
0.33399 0.037611 0.12033
0.35453 0.037592 0.11927
0.33668 0.037601 0.13685
0.34076 0.037601 0.14897
0.35332 0.037589 0.13855
0.35996 0.037586 0.14687
0.34105 0.037597 0.16649
0.34093 0.037594 0.17722
0.34836 0.037595 0.16217
0.35324 0.037592 0.17686
0.33319 0.037603 0.19672
0.33136 0.03761 0.21687
0.34898 0.037599 0.19572
0.33847 0.037599 0.22961
0.33358 0.037597 0.25296
0.34899 0.037597 0.23188
0.35579 0.037606 0.2473
0.33924 0.037562 0.26941
0.33682 0.03756 0.27991
0.35399 0.037584 0.26591
0.34669 0.03755 0.27474
0.33021 0.037577 0.295
0.33159 0.037601 0.31829
0.34657 0.037559 0.2943
0.34244 0.037577 0.3181
0.33616 0.037608 0.32565
0.32691 0.037602 0.34515
0.34178 0.037633 0.33522
0.35323 0.03801 0.36248
0.3449 0.037839 0.37707
0.32052 0.03772 0.40065
0.3178 0.037721 0.41918
0.33173 0.037714 0.39177
0.31856 0.037978 0.43571
0.32804 0.03786 0.43075
0.29827 0.03806 0.46711
0.29401 0.038185 0.49267
0.30659 0.038251 0.48455
0.29531 0.03823 0.50447
0.29856 0.038247 0.50494
0.31271 0.038276 0.53607
0.30439 0.037913 0.57237
0.31638 0.038161 0.55007
0.32019 0.037921 0.57057
0.32233 0.037738 0.59385
0.31706 0.03771 0.6115
0.31891 0.037707 0.6195
0.32544 0.037716 0.6379
0.34022 0.037755 0.61858
0.3462 0.037751 0.63531
0.33403 0.037694 0.66252
0.32402 0.037705 0.6765
0.3469 0.037709 0.65846
0.3431 0.037675 0.67396
0.32894 0.037641 0.70203
0.34634 0.037648 0.68614
0.35334 0.037598 0.7089
0.32782 0.037634 0.71884
0.33634 0.037598 0.73158
0.35178 0.0376 0.72035
0.34631 0.037588 0.74108
0.33578 0.037595 0.7471
0.3377 0.037594 0.77287
0.34963 0.037571 0.75228
0.35298 0.037581 0.76835
0.3515 0.037604 0.78439
0.35281 0.037597 0.80534
0.34417 0.037599 0.81787
0.33329 0.037603 0.82517
0.35385 0.037597 0.82877
0.34406 0.037618 0.84629
0.3418 0.037621 0.86262
0.36125 0.037604 0.84038
0.36038 0.037611 0.86348
0.33602 0.03763 0.88064
0.33949 0.037629 0.89415
0.35263 0.037623 0.88902
0.34472 0.037632 0.91099
0.33799 0.037609 0.92789
0.35252 0.037629 0.9139
0.35252 0.037604 0.92498
0.34425 0.037567 0.93893
0.33587 0.033404 0.95859
0.35935 0.037561 0.93871
0.3512 0.033343 0.96268
0.36957 0.037593 0.035081
0.37954 0.037589 0.055586
0.38849 0.037582 0.04078
0.39004 0.037588 0.069651
0.39438 0.037586 0.090652
0.36962 0.037583 0.10214
0.38069 0.037562 0.11432
0.39393 0.037564 0.10581
0.38857 0.03756 0.11373
0.36843 0.037575 0.141
0.36938 0.037585 0.15405
0.39355 0.03756 0.13415
0.37586 0.037582 0.16372
0.37014 0.037588 0.17571
0.39077 0.037591 0.18576
0.37059 0.037597 0.19399
0.37353 0.037593 0.21031
0.38564 0.037587 0.19877
0.38521 0.037586 0.20838
0.36833 0.037586 0.23494
0.36561 0.037602 0.24669
0.39221 0.037592 0.22632
0.3885 0.037607 0.24927
0.36429 0.037601 0.262
0.36342 0.037585 0.28474
0.38819 0.037597 0.26597
0.37632 0.037607 0.28112
0.3695 0.037573 0.30734
0.38297 0.037614 0.29382
0.38162 0.037612 0.30357
0.35824 0.03758 0.32468
0.36348 0.03785 0.34674
0.35685 0.038054 0.3692
0.37445 0.037972 0.35463
0.35573 0.037874 0.38542
0.36279 0.037942 0.38178
0.35713 0.037745 0.39835
0.33933 0.037937 0.43477
0.33413 0.03816 0.4458
0.35039 0.037741 0.42255
0.33673 0.03816 0.44951
0.31946 0.038463 0.46334
0.32154 0.038334 0.48086
0.30874 0.038512 0.51351
0.3248 0.03819 0.54349
0.31675 0.038577 0.50984
0.32983 0.038183 0.54491
0.33632 0.038031 0.56349
0.33674 0.037917 0.57622
0.34258 0.037835 0.59498
0.34645 0.037785 0.61304
0.35628 0.037858 0.58915
0.36683 0.037931 0.61573
0.35222 0.037768 0.63249
0.35306 0.037755 0.64118
0.36526 0.037807 0.63288
0.37187 0.037793 0.6444
0.35444 0.037702 0.66018
0.35873 0.037652 0.68052
0.38205 0.037755 0.66009
0.3847 0.037684 0.67089
0.36034 0.037612 0.69192
0.37705 0.037654 0.68495
0.38368 0.037627 0.70607
0.37669 0.037587 0.73787
0.39203 0.03761 0.71914
0.38594 0.037581 0.73857
0.37439 0.037562 0.75779
0.36561 0.037569 0.76361
0.38247 0.037567 0.75463
0.37845 0.037577 0.7858
0.37598 0.037579 0.80345
0.38515 0.037578 0.78096
0.37541 0.037586 0.81294
0.36899 0.037593 0.83383
0.37221 0.037598 0.84156
0.37086 0.037599 0.85862
0.38658 0.037589 0.84184
0.38804 0.037596 0.86624
0.37348 0.037614 0.87785
0.36904 0.037618 0.89652
0.39112 0.037608 0.8999
0.37307 0.03762 0.91074
0.38002 0.037588 0.92913
0.38656 0.037614 0.91017
0.39376 0.037579 0.93169
0.37715 0.037558 0.94213
0.37116 0.033864 0.95429
0.39025 0.037556 0.94285
0.39644 0.033689 0.9551
0.41366 0.037575 0.036592
0.41926 0.037573 0.041281
0.42076 0.037579 0.06377
0.40474 0.037588 0.079302
0.42632 0.037576 0.07267
0.43353 0.037637 0.094597
0.41652 0.037554 0.10491
0.40618 0.037544 0.11456
0.42452 0.037605 0.10368
0.42576 0.037619 0.12017
0.41188 0.037557 0.13769
0.40529 0.037577 0.15389
0.42693 0.037575 0.14307
0.40837 0.037571 0.16243
0.40612 0.037579 0.18286
0.41939 0.03756 0.16785
0.42132 0.037558 0.1745
0.4094 0.037593 0.21733
0.42227 0.037558 0.19749
0.42732 0.037552 0.20438
0.39554 0.03759 0.23159
0.40642 0.037626 0.24872
0.42638 0.037592 0.22218
0.40458 0.037609 0.26361
0.4003 0.037603 0.27247
0.42329 0.037639 0.27477
0.40543 0.037608 0.2934
0.39606 0.03763 0.30604
0.41982 0.037638 0.28244
0.41435 0.037609 0.29835
0.3953 0.037642 0.32381
0.39779 0.037678 0.33726
0.416 0.037664 0.316
0.40566 0.037701 0.33985
0.38182 0.038017 0.36424
0.41113 0.037741 0.34594
0.37176 0.038004 0.37813
0.36864 0.037737 0.39911
0.39435 0.03784 0.37537
0.3857 0.037714 0.38909
0.36882 0.037621 0.41984
0.36107 0.037696 0.43793
0.38198 0.037676 0.40144
0.34331 0.038071 0.45742
0.32586 0.038184 0.48095
0.35891 0.037426 0.4523
0.33026 0.037906 0.4927
0.32595 0.038229 0.50138
0.3337 0.038286 0.5343
0.3312 0.037637 0.50817
0.35156 0.038138 0.54381
0.36223 0.03787 0.56508
0.37928 0.037855 0.57833
0.37509 0.03809 0.61017
0.39906 0.038061 0.62728
0.38263 0.037953 0.63239
0.39175 0.037813 0.65298
0.40198 0.037902 0.63779
0.3951 0.037726 0.66221
0.40251 0.037646 0.67386
0.41039 0.037702 0.66052
0.42138 0.037614 0.67074
0.39514 0.037637 0.69239
0.40264 0.037605 0.70074
0.42401 0.037625 0.68946
0.4254 0.037573 0.70447
0.40935 0.037577 0.72095
0.40393 0.037563 0.73314
0.42308 0.037533 0.73033
0.40362 0.037551 0.76341
0.42264 0.037529 0.75113
0.41702 0.03755 0.76641
0.40855 0.037555 0.78281
0.40063 0.037559 0.8021
0.42627 0.037536 0.78374
0.42949 0.037538 0.79906
0.41322 0.037552 0.81952
0.43054 0.037546 0.81162
0.41784 0.037554 0.82777
0.40347 0.037581 0.84228
0.42313 0.037579 0.8632
0.41167 0.037592 0.8819
0.40718 0.037599 0.89918
0.42673 0.037583 0.88221
0.42142 0.037585 0.89078
0.40886 0.037604 0.90899
0.40703 0.037578 0.93092
0.42645 0.037578 0.92856
0.40167 0.037549 0.94543
0.41747 0.03756 0.9387
0.42718 0.033352 0.96132
0.4371 0.037572 0.04151
0.44297 0.037568 0.061618
0.45593 0.03757 0.045125
0.43777 0.037566 0.071811
0.43961 0.037647 0.093698
0.46255 0.037555 0.081121
0.45623 0.037723 0.098972
0.44043 0.037887 0.11559
0.45872 0.037785 0.10497
0.44624 0.037823 0.1271
0.43838 0.037566 0.14409
0.4525 0.037826 0.12791
0.46099 0.037554 0.14523
0.44516 0.037509 0.15792
0.44139 0.037548 0.17964
0.45895 0.03752 0.16595
0.45657 0.03755 0.18287
0.44407 0.037544 0.19426
0.43837 0.037549 0.20594
0.45154 0.037567 0.21292
0.43475 0.037595 0.22609
0.43078 0.037622 0.24017
0.44894 0.03759 0.22446
0.43311 0.037647 0.25031
0.43282 0.037629 0.26507
0.45478 0.037641 0.2588
0.45826 0.037683 0.27058
0.43036 0.037662 0.28025
0.44579 0.037689 0.28898
0.4531 0.037749 0.30187
0.42982 0.03769 0.31452
0.42645 0.037668 0.32981
0.44954 0.037765 0.30931
0.44468 0.037702 0.32214
0.42679 0.037723 0.34123
0.41835 0.037777 0.36103
0.45115 0.037777 0.33786
0.44344 0.037833 0.35125
0.43643 0.037884 0.3686
0.39144 0.037091 0.40199
0.3876 0.036856 0.42337
0.42277 0.03659 0.38197
0.40747 0.035065 0.40478
0.36838 0.036655 0.445
0.34653 0.036011 0.47798
0.35768 0.034224 0.49273
0.34023 0.036196 0.5192
0.3589 0.037269 0.54473
0.35135 0.035513 0.52864
0.39133 0.035536 0.56548
0.39238 0.036853 0.5858
0.40304 0.037225 0.60156
0.40011 0.03611 0.58926
0.41119 0.036904 0.60384
0.41088 0.038194 0.61676
0.42023 0.037811 0.61218
0.42947 0.037792 0.63188
0.42168 0.037791 0.64772
0.44456 0.037898 0.63533
0.45346 0.037783 0.64513
0.43179 0.037613 0.66442
0.43102 0.037622 0.67374
0.45162 0.037643 0.6624
0.44974 0.037643 0.67084
0.4333 0.037592 0.69176
0.4421 0.037549 0.70483
0.46279 0.037485 0.70186
0.43898 0.037526 0.71982
0.4443 0.037515 0.73563
0.45425 0.037502 0.71736
0.45862 0.03749 0.73717
0.44701 0.037505 0.74623
0.43509 0.037526 0.76677
0.45985 0.037473 0.75045
0.45598 0.037501 0.76672
0.43949 0.037527 0.78097
0.44091 0.037536 0.80187
0.45399 0.037511 0.78414
0.46487 0.037527 0.80226
0.44267 0.037536 0.82447
0.45402 0.037525 0.81833
0.45382 0.037536 0.82749
0.44416 0.037564 0.84041
0.43689 0.037575 0.86304
0.46302 0.037554 0.84058
0.43912 0.03758 0.87285
0.43963 0.03758 0.89241
0.4523 0.037573 0.88297
0.45988 0.037578 0.89612
0.44618 0.037595 0.91514
0.44612 0.037576 0.92692
0.45946 0.037591 0.91574
0.45505 0.037565 0.93117
0.4432 0.037539 0.94759
0.46335 0.037534 0.94401
0.45914 0.033341 0.9633
0.40201 0.037535 0.43976
0.37538 0.038023 0.4721
0.37815 0.03806 0.53277
0.38272 0.036124 0.50746
0.48026 0.03757 0.04588
0.47655 0.037568 0.064204
0.49499 0.03757 0.038884
0.4867 0.037569 0.061998
0.46848 0.037559 0.08108
0.47075 0.037607 0.093256
0.49052 0.037566 0.072636
0.48876 0.037563 0.092474
0.47612 0.037606 0.10861
0.4699 0.037709 0.11392
0.48184 0.037554 0.10332
0.49184 0.037551 0.12107
0.46934 0.037673 0.12851
0.49003 0.037576 0.14436
0.46787 0.03754 0.16216
0.47563 0.03756 0.17606
0.48525 0.037577 0.15964
0.47701 0.037567 0.19185
0.47384 0.037576 0.20831
0.48897 0.037573 0.18951
0.48927 0.037574 0.20597
0.47074 0.037607 0.22923
0.47726 0.037618 0.23469
0.48648 0.03761 0.22146
0.49261 0.037614 0.23327
0.46577 0.037651 0.25884
0.47879 0.037666 0.26234
0.49267 0.037658 0.25726
0.49773 0.037712 0.2705
0.4703 0.037748 0.28637
0.4737 0.037809 0.29446
0.48591 0.037826 0.29479
0.46657 0.037872 0.31125
0.47088 0.038065 0.32359
0.48679 0.037942 0.31174
0.49044 0.038133 0.32257
0.46849 0.038123 0.33271
0.47182 0.038297 0.33966
0.49149 0.038521 0.33992
0.45788 0.037847 0.36203
0.47977 0.038249 0.34732
0.48134 0.037554 0.35162
0.43967 0.035919 0.38071
0.43647 0.034509 0.39197
0.4682 0.035446 0.36525
0.46889 0.034249 0.37189
0.42428 0.033566 0.41857
0.4475 0.03336 0.50078
0.39919 0.033428 0.51981
0.40577 0.034288 0.57928
0.44863 0.033727 0.6012
0.44218 0.035351 0.60917
0.48466 0.03402 0.59119
0.49652 0.035328 0.60438
0.44519 0.037325 0.61667
0.46116 0.037954 0.62348
0.49262 0.036871 0.61383
0.50288 0.037654 0.62218
0.46477 0.037979 0.63104
0.46734 0.037717 0.64919
0.48544 0.037833 0.63098
0.49879 0.037716 0.64271
0.4649 0.037675 0.65433
0.4673 0.037574 0.66954
0.49966 0.03753 0.65268
0.47525 0.037537 0.67934
0.47285 0.037474 0.70572
0.48576 0.037467 0.68269
0.49274 0.037434 0.69675
0.47783 0.037458 0.72482
0.49282 0.037446 0.70809
0.49407 0.037444 0.72836
0.47796 0.037451 0.74628
0.47931 0.037467 0.75983
0.49518 0.03743 0.74777
0.49668 0.037458 0.75981
0.48099 0.037502 0.77314
0.47167 0.037515 0.79555
0.49281 0.037517 0.80132
0.47976 0.037526 0.83027
0.49493 0.037514 0.81206
0.49267 0.037525 0.83286
0.47775 0.037547 0.84458
0.47984 0.037551 0.86091
0.48676 0.037545 0.85815
0.47656 0.037568 0.87649
0.47377 0.037567 0.88733
0.49471 0.037564 0.88168
0.46946 0.037563 0.92807
0.49143 0.037583 0.90978
0.4865 0.037548 0.93032
0.47614 0.037523 0.94475
0.47609 0.034336 0.95273
0.48753 0.037525 0.93859
0.47278 0.03392 0.42757
0.40757 0.034108 0.50669
0.44259 0.033838 0.51533
0.46652 0.033937 0.5634
0.46572 0.036009 0.39022
0.4745 0.036782 0.38187
0.41326 0.035909 0.43582
0.39219 0.035151 0.4693
0.41513 0.036861 0.42363
0.3969 0.036383 0.45139
0.47583 0.034788 0.4114
0.4336 0.034018 0.45347
0.47367 0.035871 0.38993
0.44167 0.033759 0.49645
0.41636 0.034299 0.53738
0.37437 0.038119 0.53038
0.4251 0.037031 0.58697
0.48792 0.033914 0.55402
0.45231 0.035659 0.5858
0.44849 0.03386 0.54274
0.4365 0.036233 0.59266
0.42789 0.036846 0.59187
0.47655 0.036647 0.38334
0.4344 0.0363 0.41861
0.41431 0.034776 0.4763
0.45133 0.03562 0.41622
0.39906 0.035075 0.48438
0.45565 0.037259 0.39421
0.4366 0.034292 0.48136
0.465 0.034973 0.4197
0.4628 0.034667 0.46178
0.3922 0.036466 0.53813
0.40972 0.036616 0.55766
0.38613 0.035925 0.5027
0.43077 0.034824 0.55919
0.42892 0.034206 0.51341
0.47815 0.034228 0.56248
0.45844 0.03407 0.50636
0.44103 0.034475 0.56418
0.42888 0.0368 0.59109
0.48051 0.03726 0.58002
0.45335 0.034401 0.44435
0.46695 0.034512 0.53016
0.50691 0.03757 0.045262
0.52542 0.037572 0.047188
0.52437 0.037573 0.056748
0.50571 0.037568 0.071008
0.50551 0.037569 0.087426
0.52971 0.037573 0.066987
0.52335 0.037572 0.087344
0.50019 0.037554 0.10475
0.51064 0.037558 0.11419
0.52725 0.037559 0.1065
0.52222 0.037556 0.11282
0.51432 0.037571 0.13394
0.51235 0.037577 0.14416
0.51874 0.037569 0.13267
0.52097 0.037584 0.15435
0.51039 0.03758 0.15968
0.5157 0.037566 0.1738
0.53021 0.037559 0.17057
0.5199 0.037564 0.17464
0.51584 0.037567 0.19747
0.50277 0.037565 0.20389
0.52989 0.037557 0.19366
0.53303 0.037543 0.20549
0.51368 0.03761 0.22583
0.51212 0.037634 0.23887
0.52647 0.037597 0.22781
0.52291 0.037634 0.24145
0.50605 0.037688 0.26802
0.52811 0.037633 0.25614
0.52443 0.037635 0.26283
0.50677 0.037721 0.27984
0.51699 0.037748 0.29495
0.53464 0.037686 0.28026
0.53785 0.037742 0.29714
0.5059 0.037866 0.30862
0.5392 0.037836 0.31174
0.54236 0.037858 0.31882
0.50031 0.038443 0.33772
0.5288 0.038129 0.32786
0.54337 0.038087 0.34844
0.50692 0.038021 0.34351
0.50901 0.037646 0.34587
0.54743 0.037546 0.37512
0.52822 0.03559 0.36271
0.51905 0.034446 0.36851
0.54113 0.03568 0.38569
0.52074 0.034364 0.42597
0.4991 0.033412 0.44078
0.51097 0.033772 0.45127
0.51903 0.033432 0.47866
0.47993 0.033378 0.52859
0.52288 0.033607 0.5903
0.56189 0.033416 0.54834
0.57616 0.034181 0.59222
0.50749 0.035873 0.6098
0.54669 0.035539 0.60311
0.5437 0.036672 0.61162
0.53003 0.03737 0.6199
0.50933 0.037849 0.63677
0.5257 0.037842 0.62614
0.53495 0.037731 0.63808
0.50981 0.037568 0.64967
0.51615 0.037431 0.66183
0.53164 0.03748 0.65577
0.53551 0.037479 0.66499
0.5107 0.037458 0.67989
0.50451 0.037432 0.69396
0.52397 0.037492 0.67647
0.53471 0.03746 0.69264
0.50359 0.03743 0.71851
0.50977 0.037439 0.73229
0.52076 0.037441 0.73319
0.50839 0.037425 0.74609
0.50948 0.037441 0.75742
0.52776 0.037442 0.73886
0.52088 0.037445 0.75878
0.51573 0.037484 0.77271
0.5061 0.037503 0.79514
0.52792 0.037485 0.78312
0.53236 0.037502 0.79572
0.50749 0.037507 0.81265
0.51284 0.037501 0.8221
0.52456 0.037501 0.81672
0.52498 0.037511 0.82637
0.51143 0.037541 0.8553
0.53244 0.03755 0.8621
0.50972 0.037565 0.87887
0.51525 0.037566 0.89306
0.53108 0.037565 0.87796
0.53178 0.03757 0.89553
0.50203 0.037582 0.91547
0.52084 0.037583 0.91218
0.50446 0.034556 0.95225
0.52814 0.037466 0.94499
0.52604 0.033411 0.95817
0.47818 0.034017 0.50748
0.50798 0.033796 0.55142
0.49443 0.034458 0.40366
0.49346 0.033951 0.48208
0.52943 0.037007 0.4056
0.47511 0.033869 0.44497
0.53344 0.035128 0.51711
0.50058 0.036853 0.45255
0.55655 0.036552 0.51548
0.51253 0.033795 0.52946
0.49965 0.034917 0.57388
0.54348 0.034184 0.55426
0.52932 0.036778 0.58173
0.56488 0.034435 0.54567
0.55943 0.035947 0.58735
0.59091 0.037847 0.54458
0.58509 0.038079 0.57201
0.51605 0.036326 0.5886
0.52427 0.036685 0.39378
0.52553 0.035835 0.40056
0.46922 0.033899 0.48468
0.49741 0.034801 0.426
0.49212 0.034682 0.46327
0.49979 0.03709 0.4524
0.52844 0.035413 0.4977
0.50584 0.034832 0.48621
0.52808 0.034234 0.53518
0.5163 0.036157 0.56596
0.4975 0.03451 0.51525
0.51146 0.034863 0.55972
0.58379 0.037433 0.55308
0.5742 0.03682 0.579
0.55868 0.035642 0.52796
0.47746 0.034353 0.45413
0.48735 0.034424 0.46785
0.50807 0.03454 0.52207
0.54137 0.037578 0.05396
0.56419 0.037583 0.036615
0.55977 0.037582 0.06276
0.54338 0.037574 0.091685
0.55562 0.03758 0.070815
0.55629 0.037579 0.087768
0.54363 0.037559 0.10728
0.5483 0.037566 0.12271
0.55356 0.03756 0.10666
0.55373 0.037565 0.12298
0.54435 0.037564 0.13271
0.5647 0.037565 0.13448
0.55748 0.037565 0.14538
0.54817 0.037551 0.16829
0.56737 0.037552 0.16675
0.55052 0.037529 0.19718
0.54289 0.037545 0.2122
0.56879 0.037535 0.19554
0.56379 0.037544 0.21743
0.54802 0.037555 0.22365
0.55908 0.03755 0.22299
0.57208 0.037588 0.24969
0.54954 0.037593 0.25925
0.57093 0.037589 0.26462
0.56953 0.037601 0.27169
0.54895 0.037709 0.29537
0.57384 0.037627 0.28926
0.56973 0.03764 0.29908
0.55791 0.037791 0.31307
0.55705 0.037834 0.32978
0.57081 0.037648 0.3234
0.57428 0.037611 0.34096
0.54895 0.037955 0.33313
0.55623 0.037882 0.36399
0.56784 0.037696 0.35166
0.54619 0.037664 0.38787
0.5476 0.037366 0.4039
0.54458 0.037183 0.40889
0.5275 0.035064 0.43263
0.54781 0.036673 0.43289
0.53463 0.034054 0.46206
0.55589 0.033945 0.49538
0.58361 0.033897 0.52481
0.6107 0.036087 0.53522
0.61374 0.036607 0.56298
0.59545 0.035777 0.59392
0.56989 0.037176 0.60358
0.60566 0.036682 0.58919
0.60908 0.03728 0.59772
0.57486 0.037544 0.60755
0.60394 0.037592 0.61444
0.58226 0.03772 0.62007
0.56206 0.037601 0.62716
0.54359 0.037683 0.63881
0.58039 0.037601 0.64434
0.55042 0.037616 0.6522
0.5498 0.037541 0.67066
0.57357 0.037574 0.64922
0.54214 0.037515 0.67745
0.54982 0.037491 0.70034
0.56586 0.037526 0.68146
0.55669 0.037498 0.70104
0.53778 0.037459 0.71602
0.54003 0.037463 0.73162
0.56037 0.037499 0.70948
0.5407 0.037448 0.74325
0.55394 0.037444 0.75202
0.56432 0.037469 0.76631
0.53943 0.037477 0.77356
0.54329 0.037506 0.79723
0.56486 0.037479 0.78451
0.56454 0.037518 0.8013
0.54844 0.037524 0.80841
0.54317 0.037526 0.8327
0.55514 0.037525 0.81082
0.55605 0.037525 0.82914
0.54023 0.037541 0.85084
0.55386 0.037542 0.84947
0.5608 0.037554 0.86457
0.54184 0.037565 0.88839
0.55689 0.037565 0.88289
0.56479 0.03757 0.89026
0.54705 0.037585 0.90965
0.5374 0.037533 0.9297
0.55947 0.037589 0.91282
0.55557 0.037543 0.92927
0.5441 0.037484 0.94418
0.54819 0.033367 0.95998
0.56371 0.037503 0.94138
0.55459 0.034131 0.95318
0.56053 0.036362 0.51837
0.57019 0.0366 0.52445
0.57709 0.037587 0.044854
0.58767 0.037591 0.040519
0.59593 0.037592 0.062392
0.573 0.037576 0.094116
0.59006 0.037588 0.072558
0.59669 0.037584 0.093308
0.57228 0.037563 0.10938
0.57728 0.03757 0.12386
0.59536 0.037577 0.1039
0.58793 0.037569 0.11529
0.58358 0.037567 0.14145
0.60063 0.037572 0.13471
0.59527 0.037572 0.15188
0.58167 0.037544 0.17061
0.5747 0.037542 0.18016
0.59063 0.037541 0.17325
0.60109 0.037539 0.18007
0.5762 0.037541 0.21343
0.59654 0.037535 0.20546
0.5815 0.037555 0.23244
0.5811 0.03758 0.24974
0.6066 0.03754 0.22987
0.59798 0.037549 0.24979
0.58812 0.037577 0.25656
0.59785 0.037547 0.2641
0.60032 0.037545 0.28144
0.57953 0.037607 0.28938
0.58573 0.037564 0.30573
0.60095 0.037533 0.30187
0.5973 0.037518 0.31134
0.58295 0.037553 0.32814
0.60084 0.037426 0.34159
0.60041 0.037388 0.35595
0.57798 0.037508 0.36151
0.56886 0.037267 0.39481
0.58647 0.03733 0.38099
0.56182 0.036935 0.41479
0.56067 0.036949 0.42984
0.58441 0.037285 0.41412
0.55448 0.037137 0.44183
0.55148 0.037206 0.46188
0.55714 0.037277 0.4505
0.55695 0.037096 0.46003
0.56241 0.036531 0.48991
0.58086 0.037351 0.50648
0.56389 0.03683 0.47928
0.58405 0.037466 0.50428
0.61398 0.037377 0.52884
0.62234 0.037961 0.5471
0.61095 0.037406 0.51982
0.62712 0.038074 0.55047
0.62098 0.037647 0.56292
0.61036 0.037524 0.6028
0.62928 0.037987 0.56149
0.62605 0.037755 0.58626
0.61615 0.037856 0.6159
0.62332 0.037905 0.61136
0.62396 0.03799 0.63198
0.60414 0.037825 0.63952
0.59609 0.037685 0.6456
0.6226 0.038097 0.65208
0.58666 0.037559 0.65606
0.57979 0.037508 0.67356
0.62066 0.037898 0.66371
0.60237 0.03757 0.67395
0.58369 0.037517 0.68334
0.59452 0.037539 0.68151
0.59201 0.037536 0.69677
0.57239 0.037482 0.72831
0.59219 0.037499 0.72702
0.5733 0.037471 0.74047
0.59787 0.037465 0.75229
0.59308 0.037482 0.76801
0.57163 0.037492 0.79178
0.59245 0.037522 0.80142
0.5792 0.037528 0.80488
0.57755 0.037522 0.82201
0.59098 0.037528 0.818
0.57857 0.037543 0.84643
0.59766 0.037553 0.84761
0.57394 0.037564 0.87369
0.59724 0.037583 0.89639
0.57412 0.037589 0.91142
0.59341 0.037592 0.90981
0.5743 0.037487 0.94725
0.57749 0.034516 0.95237
0.59183 0.037519 0.9428
0.58644 0.033341 0.96329
0.61159 0.037599 0.045076
0.614 0.037598 0.061568
0.63208 0.037606 0.042432
0.63405 0.037606 0.053355
0.6175 0.037596 0.074723
0.60566 0.037592 0.086561
0.63442 0.037598 0.079103
0.6294 0.037599 0.085227
0.6132 0.037582 0.11012
0.61196 0.03758 0.12568
0.62489 0.037589 0.10374
0.63148 0.037586 0.12291
0.60614 0.037576 0.1302
0.61826 0.037566 0.1578
0.63159 0.037577 0.13298
0.63268 0.037568 0.14744
0.61127 0.037549 0.16932
0.6188 0.037541 0.18197
0.6318 0.037557 0.16497
0.61858 0.037528 0.20334
0.61324 0.037536 0.22107
0.62825 0.037521 0.20761
0.62939 0.037521 0.2203
0.61205 0.0375 0.24505
0.62929 0.03749 0.23907
0.63223 0.037482 0.25003
0.63383 0.037461 0.27576
0.61433 0.037444 0.31796
0.62717 0.03745 0.30198
0.63094 0.037375 0.33627
0.62378 0.037363 0.3435
0.62158 0.037256 0.37366
0.59816 0.037288 0.38084
0.59361 0.037366 0.40653
0.61075 0.037224 0.38129
0.60559 0.037436 0.40549
0.57714 0.037045 0.43741
0.59191 0.037008 0.43451
0.5767 0.036832 0.44989
0.57358 0.036694 0.47379
0.58609 0.036763 0.45625
0.59068 0.036796 0.46002
0.59524 0.037091 0.49598
0.60053 0.036951 0.48066
0.61511 0.037119 0.49847
0.62136 0.037442 0.51281
0.63349 0.038082 0.54269
0.63166 0.037418 0.50913
0.63972 0.037777 0.53335
0.64089 0.038037 0.55604
0.64166 0.037859 0.58147
0.65026 0.037921 0.55516
0.64837 0.037893 0.57571
0.63968 0.037847 0.5994
0.64882 0.037854 0.60866
0.63493 0.038122 0.64564
0.64992 0.03789 0.64574
0.62865 0.038129 0.66354
0.61741 0.037732 0.67538
0.63704 0.037782 0.6828
0.6379 0.037658 0.69099
0.60904 0.037559 0.70951
0.60699 0.037509 0.727
0.62902 0.037514 0.73037
0.61155 0.037493 0.74585
0.60628 0.037474 0.75861
0.62618 0.037493 0.74919
0.62605 0.037484 0.75706
0.61042 0.037496 0.78401
0.61177 0.037503 0.79023
0.6273 0.037505 0.78394
0.62972 0.037513 0.79095
0.60431 0.037538 0.80639
0.60742 0.037552 0.83461
0.62998 0.037549 0.80934
0.63396 0.037565 0.83179
0.60811 0.037559 0.84167
0.60362 0.037556 0.85603
0.6264 0.037572 0.84577
0.62413 0.03757 0.85942
0.61097 0.037575 0.8726
0.60583 0.037584 0.89259
0.62024 0.037585 0.88094
0.63025 0.037592 0.89049
0.60856 0.037598 0.91076
0.60931 0.037579 0.92763
0.62105 0.037585 0.92906
0.61106 0.03755 0.94574
0.62312 0.037567 0.93861
0.62926 0.033338 0.96445
0.64131 0.037608 0.046667
0.65629 0.037611 0.038261
0.65831 0.037608 0.063373
0.64876 0.037601 0.078531
0.6427 0.037597 0.094815
0.66606 0.037607 0.073158
0.66896 0.037608 0.084626
0.65856 0.037597 0.1087
0.65166 0.037566 0.15797
0.66155 0.037576 0.14005
0.66317 0.037567 0.15769
0.6473 0.037554 0.16694
0.64928 0.037539 0.19052
0.66227 0.037546 0.17428
0.65887 0.037538 0.18131
0.64912 0.03753 0.19751
0.64682 0.037512 0.21446
0.66853 0.037523 0.20071
0.66787 0.037511 0.21703
0.64351 0.037491 0.23751
0.64969 0.037475 0.25834
0.66194 0.037449 0.26296
0.64415 0.037438 0.27699
0.64272 0.037414 0.29428
0.66884 0.037406 0.27723
0.65871 0.037392 0.28833
0.64493 0.037371 0.31562
0.65667 0.037354 0.33636
0.63723 0.037358 0.34416
0.63137 0.0372 0.37667
0.65613 0.037316 0.34709
0.65243 0.037203 0.37209
0.61933 0.037296 0.40774
0.63031 0.037176 0.40286
0.61802 0.037072 0.43395
0.63233 0.037074 0.42254
0.63159 0.037068 0.43308
0.60864 0.03695 0.45282
0.61932 0.036942 0.46565
0.63474 0.037036 0.45055
0.62581 0.037034 0.48441
0.62897 0.037068 0.49101
0.63844 0.037065 0.48261
0.64988 0.037186 0.49649
0.64017 0.037305 0.50561
0.65064 0.037588 0.5255
0.65876 0.037359 0.51033
0.67278 0.037512 0.52723
0.67201 0.03771 0.55312
0.67489 0.037713 0.57157
0.66679 0.037797 0.58488
0.67094 0.037743 0.60688
0.68459 0.037738 0.6075
0.66416 0.037722 0.63982
0.68021 0.037725 0.62183
0.67058 0.037717 0.64419
0.6561 0.037875 0.65801
0.67673 0.037677 0.65728
0.65269 0.037533 0.69705
0.65853 0.037686 0.67994
0.65948 0.037555 0.69203
0.64528 0.037451 0.71259
0.64235 0.037493 0.72938
0.65916 0.037453 0.71757
0.6688 0.037491 0.72994
0.64815 0.037499 0.74008
0.64256 0.037497 0.75872
0.66196 0.037508 0.74707
0.65861 0.0375 0.7572
0.63816 0.037511 0.78204
0.64776 0.037524 0.79409
0.65653 0.037516 0.77718
0.65669 0.037535 0.79802
0.64758 0.037551 0.81119
0.64423 0.037569 0.83181
0.66435 0.037564 0.81448
0.66613 0.03758 0.8332
0.64583 0.037578 0.83918
0.64538 0.037583 0.85559
0.65587 0.037588 0.84393
0.66141 0.037596 0.86496
0.64943 0.037597 0.88227
0.64932 0.037599 0.89003
0.65619 0.037599 0.88338
0.66464 0.037609 0.89528
0.64541 0.037611 0.90912
0.63781 0.03758 0.92815
0.66431 0.037615 0.90421
0.66054 0.03761 0.91967
0.63663 0.037542 0.94235
0.64232 0.03395 0.95389
0.65776 0.03753 0.9403
0.66581 0.033708 0.95497
0.68358 0.037611 0.044871
0.68573 0.037612 0.051535
0.7022 0.037614 0.040513
0.69349 0.037613 0.058907
0.70116 0.037615 0.071525
0.69977 0.037615 0.091416
0.67364 0.037605 0.10117
0.67432 0.037598 0.12236
0.67812 0.037582 0.1397
0.68049 0.037573 0.15634
0.68388 0.037556 0.16859
0.69656 0.037552 0.17321
0.68397 0.037513 0.20627
0.67512 0.037509 0.2176
0.69876 0.037503 0.21324
0.69116 0.037493 0.2265
0.67969 0.037466 0.24112
0.69072 0.037449 0.24761
0.69662 0.037446 0.25277
0.68011 0.037376 0.29233
0.69718 0.037395 0.28168
0.68934 0.037375 0.29068
0.67085 0.037338 0.33072
0.68996 0.037336 0.31906
0.68878 0.03733 0.32604
0.6761 0.037264 0.34594
0.66754 0.037215 0.36067
0.68227 0.037234 0.35493
0.67639 0.037184 0.36956
0.65797 0.037119 0.38489
0.652 0.037064 0.39729
0.67804 0.037147 0.38755
0.67718 0.037137 0.39717
0.65874 0.037061 0.41421
0.65248 0.03707 0.4351
0.67267 0.03712 0.41388
0.68053 0.037132 0.4292
0.65548 0.037061 0.46589
0.67825 0.037109 0.44959
0.66166 0.037123 0.48044
0.67407 0.037194 0.49159
0.68888 0.037196 0.47692
0.6947 0.037294 0.49559
0.67335 0.037395 0.51156
0.679 0.037504 0.52852
0.69778 0.037435 0.51946
0.68257 0.037549 0.53825
0.69146 0.037595 0.56615
0.69913 0.037491 0.53618
0.70813 0.037564 0.56594
0.69325 0.037717 0.60933
0.70642 0.037587 0.57823
0.71591 0.037656 0.60275
0.70048 0.03768 0.61534
0.70892 0.03766 0.62398
0.7103 0.037625 0.64128
0.68873 0.03763 0.65783
0.68638 0.037605 0.66569
0.70346 0.037617 0.65037
0.70241 0.037581 0.66529
0.67835 0.037506 0.69896
0.69584 0.037513 0.69321
0.68404 0.037514 0.71682
0.6747 0.037499 0.7283
0.69056 0.037519 0.70843
0.68028 0.037522 0.75241
0.67343 0.037524 0.76774
0.69648 0.037535 0.74443
0.70029 0.03755 0.76584
0.67668 0.037536 0.77619
0.67885 0.03755 0.79487
0.69478 0.037554 0.77504
0.68882 0.037567 0.80234
0.67451 0.037566 0.80972
0.68807 0.037573 0.80784
0.69008 0.03759 0.83039
0.682 0.0376 0.85102
0.6959 0.037603 0.84088
0.68887 0.03761 0.86718
0.68185 0.03761 0.8732
0.69235 0.037614 0.87216
0.69279 0.037622 0.89581
0.68031 0.037624 0.90954
0.67095 0.037565 0.93129
0.69094 0.03757 0.93051
0.68185 0.037516 0.94288
0.6832 0.03334 0.96349
0.69704 0.033434 0.95779
0.71197 0.037616 0.037377
0.71097 0.037617 0.054607
0.72756 0.03762 0.042467
0.73017 0.03762 0.060645
0.7137 0.037618 0.075975
0.73112 0.03762 0.075419
0.71415 0.03761 0.10081
0.7109 0.037598 0.1259
0.72928 0.037604 0.11203
0.73322 0.037599 0.12717
0.70894 0.037574 0.15722
0.73541 0.037588 0.14648
0.7332 0.037579 0.15887
0.70959 0.037553 0.17565
0.70751 0.037534 0.19292
0.72531 0.037567 0.16792
0.73429 0.037552 0.18656
0.70941 0.037524 0.20048
0.70883 0.037501 0.21984
0.72415 0.037518 0.20899
0.7154 0.037465 0.24728
0.73363 0.037461 0.25437
0.7176 0.037427 0.2714
0.7159 0.037394 0.29332
0.70257 0.037364 0.31088
0.70768 0.037323 0.3339
0.72917 0.037372 0.3112
0.71548 0.037322 0.3349
0.70816 0.037302 0.34069
0.70466 0.037237 0.36435
0.72051 0.037317 0.34087
0.72376 0.037287 0.36298
0.70418 0.037191 0.38332
0.69114 0.03717 0.39518
0.71482 0.037238 0.37513
0.70862 0.037191 0.39837
0.69563 0.037164 0.41716
0.71996 0.03725 0.40631
0.70935 0.037204 0.42414
0.7 0.037156 0.43816
0.69384 0.037167 0.46237
0.71792 0.037257 0.44328
0.71467 0.037249 0.45866
0.70264 0.037202 0.47019
0.70592 0.037258 0.48831
0.71024 0.03723 0.46786
0.72037 0.03732 0.48953
0.72053 0.037364 0.50552
0.72869 0.037408 0.51898
0.71663 0.037496 0.545
0.73368 0.037463 0.54304
0.74078 0.037505 0.56412
0.72946 0.037608 0.60248
0.74221 0.037527 0.57729
0.73798 0.037567 0.5891
0.72408 0.037617 0.63704
0.73486 0.037631 0.61161
0.74102 0.03762 0.63779
0.72149 0.037595 0.65491
0.72489 0.037579 0.66166
0.73393 0.0376 0.65014
0.73506 0.037589 0.66898
0.71925 0.037542 0.68879
0.71415 0.03754 0.69738
0.73095 0.037573 0.6806
0.73356 0.037563 0.69468
0.72004 0.037551 0.7165
0.70751 0.03754 0.72917
0.72454 0.037553 0.72557
0.71089 0.037551 0.74554
0.71014 0.037554 0.75972
0.73211 0.037566 0.74344
0.72786 0.037567 0.76209
0.71437 0.037579 0.77914
0.70509 0.037575 0.79507
0.72625 0.037585 0.77822
0.71445 0.037597 0.81779
0.70506 0.037599 0.82935
0.72717 0.0376 0.80663
0.71727 0.037615 0.83888
0.70491 0.037617 0.86117
0.72369 0.037618 0.83913
0.71184 0.037626 0.88283
0.7058 0.037624 0.88743
0.72203 0.03763 0.87434
0.73407 0.037642 0.89731
0.7047 0.037634 0.9101
0.71595 0.037632 0.91927
0.7323 0.037645 0.90676
0.71141 0.033371 0.95988
0.73353 0.037539 0.94086
0.74147 0.037623 0.043464
0.74413 0.037623 0.05722
0.76371 0.037625 0.058555
0.75862 0.037623 0.076977
0.75643 0.03762 0.090841
0.76699 0.037616 0.10439
0.75708 0.037611 0.11775
0.74554 0.037591 0.1459
0.74175 0.037587 0.15168
0.75856 0.0376 0.13408
0.76638 0.037584 0.15765
0.74293 0.037568 0.17096
0.74824 0.037545 0.1944
0.75848 0.037561 0.17801
0.75684 0.037546 0.19282
0.75154 0.037528 0.20622
0.74543 0.037498 0.23111
0.76263 0.037512 0.22514
0.74452 0.037478 0.24484
0.76654 0.0375 0.23581
0.74811 0.037442 0.27024
0.7364 0.037411 0.28737
0.76199 0.037447 0.27371
0.73794 0.037361 0.32996
0.75229 0.037398 0.30444
0.75357 0.03738 0.32619
0.7343 0.03734 0.34234
0.73168 0.037301 0.36773
0.75296 0.03735 0.34755
0.75637 0.037343 0.35891
0.74077 0.037281 0.3815
0.7358 0.037272 0.38984
0.75859 0.037329 0.37712
0.74798 0.037287 0.39154
0.73285 0.037273 0.40459
0.73126 0.037274 0.43048
0.75384 0.037302 0.41264
0.72838 0.037278 0.44245
0.73012 0.037295 0.46067
0.75155 0.037298 0.44268
0.75564 0.037312 0.45306
0.74149 0.037296 0.46731
0.73441 0.037328 0.4858
0.75978 0.037344 0.47278
0.7592 0.037351 0.48294
0.75999 0.037385 0.50483
0.75644 0.037411 0.52718
0.74503 0.037452 0.5415
0.74783 0.037486 0.56047
0.7612 0.037442 0.53804
0.77084 0.03748 0.55397
0.75743 0.0375 0.5818
0.76379 0.037535 0.59979
0.76924 0.037545 0.60638
0.74854 0.037619 0.65078
0.74851 0.037613 0.66712
0.76812 0.037599 0.64968
0.75161 0.037614 0.68095
0.74806 0.037594 0.69999
0.76887 0.037599 0.68774
0.75106 0.037597 0.71876
0.74741 0.037585 0.73735
0.74673 0.037576 0.7544
0.74359 0.037577 0.7587
0.76197 0.037592 0.76115
0.74836 0.037603 0.77935
0.74715 0.037611 0.79775
0.7571 0.037601 0.77465
0.75136 0.03762 0.81744
0.75071 0.037628 0.83479
0.75902 0.037621 0.80867
0.76474 0.037628 0.82648
0.74124 0.037635 0.86154
0.75902 0.037639 0.84965
0.7461 0.037639 0.8708
0.74203 0.037646 0.89913
0.75867 0.037646 0.87976
0.75802 0.03765 0.89434
0.74883 0.037651 0.90337
0.76422 0.03766 0.91024
0.75684 0.037611 0.92954
0.73924 0.037551 0.93979
0.74099 0.033434 0.95784
0.7657 0.033358 0.9608
0.77508 0.037627 0.043897
0.7834 0.037627 0.052396
0.79771 0.03763 0.04741
0.80066 0.03763 0.063233
0.7788 0.037627 0.068561
0.79295 0.037626 0.090182
0.78373 0.037614 0.11341
0.78283 0.037605 0.12894
0.79429 0.037617 0.11006
0.79794 0.037611 0.12431
0.78381 0.037595 0.14373
0.78111 0.037586 0.15704
0.79059 0.037601 0.1367
0.79177 0.037586 0.16166
0.78104 0.037569 0.17718
0.79996 0.037586 0.168
0.78871 0.037556 0.19564
0.78 0.037541 0.20685
0.78232 0.03752 0.22829
0.79557 0.037546 0.21158
0.79125 0.037527 0.22719
0.77349 0.037502 0.23826
0.77212 0.037469 0.26422
0.79068 0.037515 0.23691
0.79052 0.037496 0.25498
0.79236 0.037476 0.27679
0.76726 0.037412 0.3151
0.77265 0.037407 0.33031
0.79719 0.037455 0.30231
0.78475 0.037417 0.32419
0.77251 0.037387 0.34681
0.77061 0.037369 0.36272
0.78316 0.037398 0.33922
0.78185 0.037378 0.35853
0.77279 0.037354 0.37772
0.77624 0.037343 0.39352
0.79083 0.037381 0.37576
0.7911 0.037374 0.39388
0.77433 0.037336 0.40796
0.7706 0.037331 0.42266
0.78263 0.037351 0.40515
0.78763 0.037362 0.42778
0.77016 0.037337 0.44299
0.78595 0.037361 0.44538
0.7836 0.037354 0.44977
0.76728 0.037352 0.46943
0.77441 0.037366 0.48494
0.78727 0.037374 0.46779
0.79667 0.037417 0.48983
0.78138 0.037398 0.50965
0.79066 0.037411 0.50623
0.79951 0.037458 0.52769
0.7764 0.037485 0.55791
0.79477 0.037454 0.53319
0.79928 0.037488 0.56105
0.78428 0.037492 0.57847
0.78224 0.03751 0.58953
0.79805 0.037493 0.57714
0.78865 0.037515 0.60417
0.79638 0.037515 0.60625
0.77924 0.037591 0.64302
0.77848 0.037598 0.6633
0.80117 0.037581 0.64799
0.79574 0.037587 0.66913
0.77862 0.037597 0.68757
0.78027 0.037595 0.69563
0.80101 0.037596 0.68513
0.80042 0.037597 0.69033
0.78399 0.037597 0.71468
0.77358 0.0376 0.73585
0.79012 0.037606 0.73672
0.78004 0.037607 0.7453
0.7832 0.037613 0.76737
0.80034 0.037617 0.74504
0.79797 0.037638 0.7971
0.77336 0.037629 0.81821
0.77958 0.037638 0.83278
0.78988 0.037636 0.80867
0.7999 0.037648 0.83265
0.77848 0.037647 0.85491
0.78994 0.037648 0.84398
0.78014 0.037656 0.87859
0.7739 0.037658 0.89645
0.79739 0.037666 0.89323
0.77911 0.03762 0.93156
0.79359 0.037671 0.91383
0.78344 0.037571 0.94807
0.77458 0.033342 0.9631
0.79285 0.037585 0.94166
0.79797 0.033555 0.95623
0.80509 0.037632 0.046706
0.80572 0.037632 0.054025
0.83074 0.037636 0.046888
0.83315 0.037636 0.05211
0.80511 0.03763 0.076869
0.80666 0.037627 0.092136
0.8299 0.037633 0.072812
0.8229 0.037629 0.089403
0.81178 0.037623 0.1044
0.81049 0.037617 0.12225
0.82189 0.037624 0.10737
0.82881 0.03762 0.12458
0.8288 0.037615 0.13966
0.82122 0.037592 0.17366
0.82107 0.037584 0.18548
0.81166 0.037562 0.20637
0.80469 0.037544 0.22206
0.83228 0.037568 0.2122
0.8286 0.037558 0.22226
0.80536 0.03753 0.23771
0.80813 0.037514 0.25818
0.82962 0.037528 0.25782
0.81543 0.037496 0.28119
0.81024 0.037488 0.29019
0.8311 0.03751 0.2778
0.8237 0.03749 0.29358
0.81365 0.037471 0.30302
0.80736 0.037446 0.31949
0.82512 0.03748 0.30422
0.81735 0.037446 0.32839
0.80384 0.037422 0.34414
0.80836 0.037422 0.35361
0.81796 0.037435 0.34613
0.80247 0.037404 0.3781
0.80103 0.037396 0.39642
0.82634 0.037431 0.3777
0.80132 0.037397 0.40855
0.80204 0.037402 0.4267
0.82019 0.037414 0.42162
0.80288 0.037405 0.44052
0.81273 0.037406 0.45218
0.82731 0.037425 0.43739
0.80556 0.037421 0.46973
0.80219 0.037432 0.48997
0.80369 0.037449 0.50915
0.81412 0.037453 0.51843
0.82575 0.037458 0.5187
0.81354 0.037494 0.554
0.823 0.037485 0.55008
0.81601 0.037519 0.59819
0.83491 0.037523 0.57753
0.83057 0.037527 0.59532
0.81867 0.037519 0.61459
0.81987 0.03754 0.63026
0.83276 0.037533 0.60887
0.82697 0.037537 0.62672
0.81289 0.037581 0.64945
0.81333 0.037584 0.65644
0.8273 0.037551 0.63821
0.81823 0.037592 0.67233
0.81065 0.037609 0.70234
0.82874 0.037604 0.69022
0.81284 0.037615 0.71379
0.82712 0.037615 0.7123
0.80903 0.037622 0.74016
0.80955 0.037632 0.7654
0.8349 0.037634 0.74376
0.83522 0.03764 0.75867
0.8064 0.037635 0.77834
0.80979 0.037644 0.79928
0.83367 0.037647 0.78154
0.82733 0.037649 0.79594
0.81238 0.037649 0.80854
0.82655 0.037661 0.82884
0.80632 0.037657 0.84865
0.81266 0.037663 0.86118
0.83139 0.037666 0.84453
0.83086 0.03767 0.86338
0.81646 0.037667 0.87333
0.80598 0.037668 0.89189
0.82792 0.037674 0.88193
0.80763 0.037673 0.90679
0.80665 0.037657 0.92175
0.82035 0.037677 0.90794
0.80662 0.037586 0.93812
0.81426 0.033354 0.96118
0.82882 0.037546 0.9481
0.82252 0.03334 0.96341
0.84377 0.037636 0.044631
0.84072 0.037636 0.054687
0.86264 0.037638 0.044791
0.84668 0.037632 0.078706
0.85013 0.037631 0.090773
0.85351 0.037632 0.073928
0.85529 0.037631 0.089054
0.85689 0.03763 0.10744
0.85622 0.037621 0.13077
0.84115 0.037612 0.14549
0.84781 0.037606 0.15775
0.86023 0.037616 0.14099
0.85419 0.037609 0.15107
0.83872 0.037592 0.1798
0.84109 0.037587 0.1906
0.85799 0.037597 0.1798
0.86571 0.037592 0.19471
0.84977 0.037578 0.20728
0.83769 0.037558 0.22801
0.861 0.037581 0.20921
0.85294 0.037562 0.22932
0.84764 0.037549 0.24342
0.85721 0.037554 0.24386
0.85914 0.037549 0.25443
0.85551 0.037532 0.27289
0.85718 0.037519 0.29327
0.84135 0.037491 0.31291
0.83453 0.037475 0.32229
0.85939 0.037512 0.30527
0.85398 0.037499 0.31783
0.83821 0.037463 0.352
0.85513 0.037487 0.33974
0.86295 0.037484 0.35821
0.84121 0.037454 0.37749
0.85054 0.03746 0.37585
0.8595 0.037467 0.38818
0.84504 0.037448 0.40721
0.8464 0.037445 0.42003
0.8509 0.037453 0.40206
0.86042 0.037462 0.42719
0.83885 0.037442 0.4386
0.83353 0.037435 0.4536
0.85333 0.037451 0.44273
0.85878 0.037459 0.45721
0.83745 0.037446 0.47397
0.84273 0.037455 0.48827
0.84277 0.037471 0.50978
0.85003 0.037484 0.52843
0.86573 0.037498 0.5194
0.84675 0.037494 0.53894
0.84846 0.037507 0.55463
0.86457 0.037508 0.53959
0.86242 0.037513 0.55263
0.85094 0.037522 0.57469
0.84409 0.037545 0.59482
0.86469 0.037529 0.57341
0.85752 0.037536 0.59053
0.85244 0.037563 0.62143
0.86216 0.03755 0.60223
0.85693 0.037569 0.63225
0.85163 0.037584 0.66179
0.8666 0.037579 0.64053
0.86064 0.037589 0.6653
0.85032 0.037594 0.68218
0.84168 0.037603 0.69186
0.86257 0.037596 0.67418
0.86487 0.037614 0.69959
0.84272 0.037615 0.71024
0.84886 0.037627 0.72828
0.85686 0.037611 0.70646
0.85729 0.037629 0.731
0.84616 0.037635 0.74116
0.84316 0.037646 0.76736
0.85851 0.037647 0.76296
0.83939 0.037655 0.79774
0.86203 0.037653 0.77369
0.86596 0.037662 0.7927
0.84249 0.037663 0.81732
0.86449 0.037666 0.80703
0.8613 0.037669 0.82434
0.84425 0.03767 0.84467
0.86089 0.037673 0.84043
0.86183 0.037677 0.85781
0.84654 0.037681 0.87645
0.84206 0.037681 0.8971
0.86044 0.037682 0.87068
0.84539 0.037678 0.91883
0.86408 0.037687 0.9056
0.85562 0.037671 0.92183
0.84981 0.037624 0.93568
0.84296 0.033363 0.96043
0.86295 0.037637 0.93522
0.86123 0.03334 0.96354
0.87022 0.037639 0.03907
0.87195 0.037637 0.060832
0.88658 0.03764 0.039874
0.88804 0.03764 0.051781
0.88146 0.037636 0.076125
0.882 0.037634 0.091652
0.89642 0.037638 0.078201
0.89065 0.037636 0.085564
0.88131 0.037631 0.10824
0.88207 0.037626 0.12686
0.89041 0.03763 0.118
0.87524 0.037621 0.13711
0.88242 0.037615 0.15716
0.89384 0.037621 0.14673
0.88902 0.037615 0.16087
0.87658 0.037598 0.18969
0.89307 0.037613 0.16841
0.8971 0.037605 0.18823
0.87181 0.037589 0.20263
0.87709 0.037583 0.21832
0.89052 0.037592 0.20957
0.88635 0.037586 0.22078
0.86945 0.037569 0.2361
0.87201 0.037546 0.27352
0.87387 0.037536 0.28862
0.8971 0.037562 0.26771
0.88958 0.037544 0.29064
0.86948 0.037517 0.31344
0.87927 0.037524 0.32136
0.88644 0.037536 0.30173
0.88523 0.037528 0.31821
0.87604 0.037507 0.34345
0.89226 0.037519 0.33791
0.89724 0.037515 0.3514
0.87604 0.03749 0.37828
0.86844 0.037478 0.38606
0.89086 0.037503 0.37036
0.89386 0.037499 0.39097
0.87095 0.037478 0.4059
0.87335 0.03748 0.41839
0.89504 0.037497 0.41163
0.89049 0.037492 0.41739
0.88041 0.037484 0.43983
0.88482 0.037485 0.44983
0.88026 0.037491 0.47865
0.87871 0.0375 0.49353
0.88548 0.037499 0.49177
0.86982 0.037495 0.5034
0.87812 0.03752 0.52834
0.88901 0.037514 0.5115
0.89101 0.037522 0.52443
0.87476 0.037521 0.53848
0.89085 0.037527 0.53664
0.89537 0.037537 0.55105
0.88047 0.037541 0.57343
0.8786 0.037557 0.59657
0.8926 0.037545 0.57387
0.88978 0.037558 0.59742
0.87777 0.037562 0.60505
0.88316 0.03758 0.63112
0.8895 0.037566 0.60867
0.88908 0.037577 0.62619
0.8815 0.037592 0.6492
0.89053 0.037591 0.64685
0.89357 0.037602 0.65921
0.87414 0.037608 0.67578
0.89959 0.03763 0.69839
0.87339 0.037631 0.71429
0.88189 0.037643 0.73146
0.89633 0.037634 0.70487
0.8917 0.037641 0.72401
0.87476 0.037646 0.74672
0.87324 0.037653 0.7663
0.88845 0.037648 0.7445
0.8987 0.037656 0.7652
0.87552 0.03766 0.78158
0.87948 0.037667 0.79827
0.89106 0.037664 0.78903
0.87243 0.037671 0.81651
0.87841 0.037674 0.82552
0.89002 0.037669 0.80567
0.8776 0.037677 0.8411
0.88214 0.037684 0.86408
0.89519 0.037678 0.84009
0.88702 0.037682 0.8592
0.87527 0.037689 0.89133
0.89262 0.037687 0.87014
0.89554 0.037692 0.88993
0.88053 0.037691 0.90355
0.88171 0.037666 0.92887
0.89357 0.037692 0.90996
0.89704 0.037655 0.93045
0.87285 0.037632 0.94075
0.8984 0.033355 0.96108
0.90544 0.037643 0.037497
0.91229 0.037644 0.054074
0.92247 0.037625 0.038804
0.91531 0.037643 0.075215
0.90416 0.037638 0.090157
0.92874 0.037599 0.094358
0.91171 0.037635 0.10856
0.90989 0.03763 0.12892
0.92123 0.037623 0.10342
0.92371 0.037613 0.11786
0.90595 0.037627 0.13427
0.90833 0.037621 0.15811
0.92224 0.037611 0.13869
0.91375 0.03761 0.18739
0.92779 0.03759 0.17089
0.93048 0.037566 0.19557
0.91462 0.037601 0.20462
0.91215 0.037591 0.22167
0.92687 0.037562 0.20859
0.91876 0.037582 0.22563
0.90812 0.037576 0.24576
0.92742 0.03755 0.2422
0.92137 0.03756 0.25538
0.90797 0.037564 0.26937
0.93081 0.037524 0.27889
0.92983 0.03752 0.29314
0.9107 0.037538 0.32467
0.92266 0.037534 0.30158
0.92137 0.037529 0.32142
0.90288 0.037528 0.3355
0.90564 0.037518 0.36053
0.92821 0.037511 0.3362
0.91822 0.037522 0.35474
0.90445 0.037514 0.37091
0.90921 0.037513 0.38987
0.9235 0.037487 0.39435
0.9234 0.037485 0.40214
0.9292 0.037464 0.42916
0.90374 0.037503 0.45368
0.92558 0.037477 0.43404
0.90628 0.037514 0.47915
0.90372 0.03752 0.49495
0.92599 0.037479 0.47112
0.9234 0.037493 0.4851
0.91046 0.03753 0.50268
0.91165 0.03754 0.52258
0.92743 0.037496 0.51184
0.92492 0.037507 0.51895
0.92357 0.037519 0.53759
0.92566 0.037523 0.55443
0.91493 0.037577 0.59609
0.92533 0.037551 0.57543
0.92909 0.037565 0.59552
0.91075 0.037582 0.60541
0.90586 0.03759 0.62284
0.92247 0.037579 0.60648
0.92409 0.037583 0.61905
0.90445 0.037601 0.64437
0.93223 0.037556 0.64809
0.92319 0.037595 0.66408
0.91366 0.037622 0.68895
0.92494 0.03759 0.68207
0.92812 0.037581 0.69693
0.91289 0.037634 0.70594
0.92275 0.037611 0.70998
0.90991 0.03765 0.74217
0.91322 0.037656 0.7614
0.91995 0.037636 0.7382
0.91934 0.03765 0.76651
0.91443 0.03766 0.77359
0.91344 0.037664 0.79002
0.92587 0.037634 0.7777
0.92657 0.037637 0.79719
0.90504 0.037673 0.81719
0.91229 0.037674 0.82355
0.92103 0.037655 0.80463
0.91872 0.037668 0.82737
0.9062 0.037681 0.84652
0.90658 0.037686 0.86305
0.9235 0.037649 0.83724
0.9192 0.037678 0.86254
0.91198 0.03769 0.87384
0.91923 0.037682 0.87248
0.9306 0.037648 0.88995
0.90764 0.037692 0.91006
0.9088 0.037651 0.92894
0.92064 0.037677 0.90907
0.92859 0.037612 0.92503
0.9073 0.037612 0.94094
0.91332 0.033388 0.95917
0.91909 0.037597 0.93945
0.92427 0.033363 0.96043
0.93773 0.037567 0.042136
0.93798 0.037565 0.054628
0.95401 0.033974 0.037254
0.95744 0.033457 0.061206
0.93496 0.037576 0.074517
0.95992 0.033371 0.087358
0.94677 0.037541 0.10572
0.9591 0.033389 0.12719
0.94659 0.037528 0.14476
0.94309 0.03754 0.15512
0.95835 0.033413 0.14033
0.95172 0.035182 0.1574
0.93612 0.037569 0.17092
0.94586 0.037525 0.1944
0.95486 0.033739 0.19583
0.93958 0.037523 0.20432
0.93959 0.037509 0.22703
0.96315 0.033341 0.21293
0.96089 0.033356 0.21994
0.9403 0.037518 0.24573
0.94642 0.037504 0.25115
0.96079 0.033357 0.23553
0.95219 0.034685 0.26223
0.94301 0.037499 0.2696
0.93941 0.037497 0.28657
0.9594 0.033378 0.2739
0.94087 0.037488 0.30051
0.94029 0.037487 0.32847
0.95441 0.033785 0.30011
0.9643 0.033338 0.32276
0.94485 0.037483 0.3404
0.9423 0.037478 0.35506
0.95825 0.033406 0.35786
0.93915 0.037465 0.3663
0.94643 0.037409 0.39552
0.96407 0.033338 0.37755
0.95131 0.035018 0.39429
0.94468 0.037411 0.40506
0.9633 0.03334 0.40798
0.95581 0.033547 0.4267
0.94023 0.037437 0.443
0.94447 0.037426 0.44985
0.95277 0.034196 0.43365
0.95933 0.033376 0.45085
0.93811 0.037435 0.47088
0.96338 0.03334 0.4777
0.95455 0.033717 0.49355
0.9453 0.037431 0.50742
0.94135 0.03745 0.52095
0.9523 0.034446 0.5105
0.95941 0.033376 0.52565
0.93621 0.037483 0.55369
0.96423 0.033338 0.53815
0.95814 0.033413 0.55644
0.94311 0.037552 0.59344
0.94008 0.037555 0.61272
0.9403 0.03755 0.62176
0.9595 0.033379 0.62708
0.94381 0.037521 0.63899
0.96117 0.033354 0.63679
0.9635 0.03334 0.65934
0.94822 0.037502 0.6772
0.95984 0.033372 0.67535
0.95904 0.03339 0.6965
0.94037 0.037526 0.7148
0.9394 0.037534 0.72587
0.95396 0.033964 0.71658
0.95465 0.033789 0.72177
0.94324 0.037532 0.757
0.95535 0.033663 0.74831
0.95953 0.033379 0.75723
0.94095 0.037595 0.78069
0.94096 0.037588 0.8004
0.9575 0.033455 0.78872
0.93942 0.037588 0.80545
0.95395 0.033989 0.81358
0.95891 0.033395 0.83184
0.93788 0.037579 0.84721
0.96489 0.033337 0.85817
0.94252 0.037611 0.88678
0.95935 0.033383 0.87125
0.9376 0.037585 0.92228
0.9562 0.033558 0.90821
0.96455 0.033337 0.92082
0.9385 0.037531 0.93668
0.9421 0.033412 0.95837
0.95917 0.033387 0.94266
0.95414 0.033336 0.96277
