2635
1 1 1
0.034964 0.037693 0.044807
0.040944 0.037694 0.054102
0.062101 0.037696 0.035657
0.058171 0.037696 0.051342
0.045993 0.037698 0.068731
0.043471 0.037704 0.092927
0.059498 0.037701 0.080418
0.055972 0.037705 0.096581
0.038498 0.037708 0.11007
0.041149 0.037712 0.11996
0.062949 0.037707 0.10678
0.062314 0.037726 0.14225
0.04026 0.037734 0.18785
0.057847 0.037731 0.1778
0.060528 0.037738 0.19334
0.036098 0.037739 0.19816
0.040205 0.037751 0.22388
0.052843 0.037742 0.20317
0.055833 0.037749 0.21645
0.047426 0.037755 0.23285
0.042059 0.037766 0.25393
0.0524 0.037759 0.23916
0.060883 0.037767 0.25368
0.046853 0.037773 0.26571
0.046004 0.037784 0.28271
0.055018 0.03778 0.27467
0.062243 0.037786 0.28334
0.060914 0.037799 0.3043
0.056577 0.037808 0.31944
0.044648 0.037815 0.34078
0.060971 0.037815 0.34937
0.045648 0.037819 0.37089
0.044724 0.037822 0.38428
0.059611 0.037819 0.36871
0.055169 0.037827 0.39055
0.044093 0.037832 0.40121
0.037388 0.037842 0.42072
0.059333 0.037835 0.404
0.053223 0.037842 0.41552
0.041947 0.037849 0.44399
0.05793 0.03785 0.44173
0.057108 0.037853 0.45807
0.041365 0.037854 0.47171
0.043137 0.037854 0.48669
0.051202 0.037856 0.47143
0.056605 0.037854 0.49035
0.038152 0.037843 0.50684
0.037865 0.037837 0.52825
0.053566 0.037845 0.50884
0.057688 0.037841 0.5273
0.044749 0.037836 0.53991
0.042543 0.037836 0.56595
0.059557 0.037839 0.53841
0.058275 0.037838 0.55944
0.036891 0.037837 0.57728
0.035804 0.037836 0.59995
0.050649 0.037839 0.57585
0.0525 0.037839 0.59622
0.04312 0.037836 0.6048
0.036116 0.037828 0.63224
0.050552 0.037837 0.61092
0.056298 0.037835 0.62382
0.050629 0.037821 0.65179
0.05253 0.03782 0.66383
0.046848 0.037815 0.67569
0.051668 0.037817 0.67389
0.057047 0.037814 0.6916
0.035911 0.037787 0.73269
0.058885 0.037797 0.71604
0.051015 0.037791 0.72544
0.043145 0.037779 0.74888
0.036941 0.037771 0.7643
0.058136 0.037781 0.74569
0.051423 0.037772 0.76243
0.040588 0.037766 0.77474
0.037127 0.037752 0.80079
0.057445 0.037763 0.78315
0.055603 0.037758 0.79279
0.039604 0.037739 0.82712
0.052348 0.037745 0.81534
0.057844 0.037738 0.83251
0.037951 0.037732 0.84391
0.034992 0.037724 0.86248
0.053269 0.037735 0.83835
0.055611 0.037725 0.86048
0.03554 0.037719 0.87211
0.044926 0.037715 0.89317
0.05758 0.037716 0.87941
0.056106 0.037714 0.88945
0.04179 0.037717 0.91243
0.037036 0.033856 0.95628
0.05825 0.037608 0.94492
0.060703 0.03438 0.95429
0.07873 0.037701 0.045206
0.074652 0.037701 0.059517
0.077589 0.037703 0.087954
0.093589 0.037706 0.073655
0.090933 0.037706 0.087888
0.070743 0.037706 0.1059
0.071702 0.037716 0.1286
0.084475 0.037707 0.10833
0.088555 0.037712 0.12169
0.069195 0.037722 0.13943
0.08857 0.037718 0.13574
0.091736 0.037726 0.15701
0.071147 0.037731 0.17494
0.067214 0.037736 0.18978
0.093068 0.03773 0.17463
0.093456 0.037737 0.18977
0.07617 0.037745 0.2046
0.074778 0.037753 0.22143
0.087368 0.037749 0.20961
0.095328 0.037756 0.22513
0.068621 0.037761 0.24249
0.071092 0.037764 0.24886
0.084011 0.037763 0.24298
0.088214 0.037767 0.2511
0.074558 0.03778 0.2716
0.073497 0.037791 0.28894
0.093372 0.03778 0.27152
0.066732 0.0378 0.30558
0.066974 0.037807 0.32468
0.090362 0.037794 0.30395
0.0882 0.037802 0.32513
0.069627 0.037811 0.34379
0.087256 0.037806 0.33954
0.086001 0.037812 0.35451
0.074012 0.037819 0.37764
0.088934 0.037818 0.37087
0.092447 0.037823 0.38266
0.06771 0.037837 0.40926
0.071498 0.037842 0.42259
0.090485 0.037839 0.4114
0.083885 0.037844 0.41805
0.067367 0.03785 0.44481
0.081299 0.03785 0.43665
0.08244 0.037857 0.45581
0.071932 0.037854 0.47386
0.075846 0.037854 0.48447
0.087162 0.037858 0.47972
0.086396 0.037857 0.49069
0.067328 0.037849 0.50243
0.082665 0.037853 0.51965
0.074951 0.037842 0.53658
0.070161 0.037838 0.565
0.080075 0.037841 0.56269
0.071924 0.037838 0.57119
0.067741 0.037839 0.59994
0.082989 0.037844 0.57153
0.085596 0.037843 0.5954
0.072334 0.037839 0.62985
0.087091 0.037843 0.61314
0.091878 0.037838 0.62264
0.071146 0.037836 0.64295
0.08993 0.03783 0.66629
0.066725 0.037822 0.68269
0.083654 0.037833 0.67523
0.086819 0.037819 0.69483
0.074692 0.037802 0.71256
0.066501 0.037788 0.73337
0.088973 0.037798 0.72515
0.069889 0.037782 0.74594
0.074757 0.037777 0.75819
0.086312 0.037787 0.74215
0.083537 0.037777 0.76297
0.070311 0.03777 0.77399
0.072002 0.037756 0.79964
0.092502 0.037767 0.78558
0.071452 0.037745 0.81642
0.079148 0.037742 0.82385
0.091504 0.037754 0.80748
0.088856 0.037741 0.83278
0.073809 0.037736 0.84262
0.073763 0.037726 0.86191
0.088824 0.037726 0.86577
0.075928 0.037714 0.88284
0.087466 0.037721 0.874
0.084345 0.037714 0.89051
0.070761 0.037716 0.90988
0.076283 0.037692 0.93098
0.088054 0.037716 0.90291
0.070806 0.037664 0.93872
0.085236 0.037679 0.94739
0.10976 0.037703 0.039016
0.10521 0.037705 0.057333
0.12562 0.037708 0.037866
0.12112 0.037706 0.052169
0.10203 0.037707 0.0683
0.10634 0.037712 0.094176
0.12322 0.037715 0.096331
0.10473 0.037711 0.11009
0.11269 0.037717 0.12835
0.12408 0.037716 0.11795
0.10651 0.037721 0.14075
0.10153 0.037726 0.15536
0.12524 0.03773 0.15526
0.1064 0.03773 0.17219
0.10504 0.037735 0.18687
0.126 0.037733 0.16622
0.11718 0.03774 0.19291
0.11109 0.037751 0.21596
0.11602 0.037743 0.20014
0.11494 0.037757 0.22629
0.10393 0.037762 0.23751
0.098847 0.03777 0.25526
0.11853 0.037763 0.23662
0.10425 0.037777 0.27276
0.10374 0.037781 0.28546
0.1176 0.037776 0.2763
0.12533 0.037773 0.28275
0.10399 0.037783 0.30301
0.10441 0.037791 0.32547
0.12454 0.037778 0.30824
0.11334 0.037782 0.31711
0.10129 0.037796 0.33329
0.10224 0.037808 0.35796
0.11241 0.037803 0.35282
0.096705 0.037813 0.36504
0.11288 0.037814 0.36933
0.11847 0.037829 0.39319
0.099779 0.037828 0.39803
0.099339 0.03784 0.42511
0.10978 0.037838 0.42531
0.095613 0.037847 0.43757
0.096441 0.037851 0.44957
0.1102 0.037847 0.44414
0.11185 0.03785 0.45667
0.095785 0.037852 0.47046
0.10365 0.037847 0.48708
0.11289 0.037853 0.47181
0.11835 0.037854 0.48909
0.10006 0.037845 0.5033
0.095752 0.037846 0.52535
0.11527 0.037846 0.5257
0.10144 0.037845 0.53814
0.097326 0.037847 0.55985
0.11723 0.037848 0.54357
0.095624 0.037844 0.58276
0.097696 0.037841 0.5959
0.11424 0.037851 0.57657
0.11575 0.037838 0.60192
0.10523 0.037828 0.61757
0.10539 0.037824 0.6275
0.12137 0.037815 0.63291
0.10268 0.037821 0.64649
0.10241 0.037818 0.65949
0.11528 0.037817 0.64126
0.1126 0.037809 0.66831
0.10153 0.037814 0.68478
0.11805 0.037806 0.68468
0.10491 0.037802 0.72992
0.12293 0.037803 0.70855
0.12458 0.037793 0.73593
0.09959 0.037793 0.74076
0.10364 0.037782 0.75714
0.11778 0.037777 0.76553
0.10527 0.03777 0.77628
0.12561 0.037764 0.78046
0.11576 0.03776 0.79237
0.10747 0.037746 0.83063
0.11591 0.037758 0.80617
0.1194 0.037746 0.83469
0.10885 0.037742 0.84044
0.12443 0.037741 0.84386
0.12439 0.037734 0.85732
0.1075 0.037725 0.87673
0.11124 0.037721 0.89313
0.12734 0.037728 0.88356
0.12104 0.037723 0.89799
0.10241 0.037718 0.91014
0.12044 0.037721 0.91249
0.11895 0.037698 0.92561
0.10409 0.037674 0.93858
0.12863 0.037634 0.94657
0.12709 0.033364 0.96459
0.14068 0.037714 0.039753
0.15593 0.037719 0.035253
0.15752 0.037719 0.053203
0.13332 0.037715 0.076034
0.13847 0.037716 0.095086
0.15124 0.037718 0.071722
0.15542 0.03772 0.09013
0.13802 0.037716 0.10607
0.13952 0.037717 0.11734
0.14995 0.037718 0.11059
0.15414 0.037721 0.11609
0.1328 0.037725 0.13726
0.13351 0.037734 0.1588
0.15766 0.037736 0.15216
0.13186 0.037738 0.17753
0.15529 0.037742 0.17174
0.15389 0.037746 0.1833
0.13389 0.037749 0.20455
0.13931 0.037755 0.22425
0.15622 0.037748 0.20549
0.13241 0.03776 0.2369
0.14175 0.037761 0.25208
0.1479 0.037757 0.22976
0.15471 0.037758 0.25791
0.13422 0.037765 0.26643
0.13316 0.03777 0.28833
0.15186 0.03776 0.26586
0.1482 0.037765 0.28477
0.1403 0.037772 0.30206
0.12842 0.037779 0.31319
0.15327 0.037769 0.29595
0.14511 0.03778 0.31924
0.13034 0.037792 0.3416
0.13895 0.03779 0.34816
0.14951 0.037784 0.32969
0.13552 0.037803 0.37269
0.13004 0.037812 0.38168
0.15203 0.037795 0.37512
0.12612 0.037837 0.42047
0.13937 0.037828 0.42381
0.13276 0.037835 0.43966
0.12633 0.037845 0.45367
0.14407 0.037832 0.4422
0.1423 0.037837 0.45215
0.12706 0.037849 0.46944
0.12541 0.03785 0.48636
0.14387 0.037848 0.47179
0.13361 0.037825 0.5101
0.13295 0.037819 0.52458
0.14928 0.037828 0.50162
0.12723 0.037828 0.54614
0.13357 0.037813 0.56826
0.14046 0.037808 0.55073
0.14939 0.037814 0.55545
0.13443 0.037809 0.58467
0.12984 0.037816 0.59741
0.14868 0.037799 0.58483
0.14773 0.037799 0.59713
0.12939 0.037812 0.61448
0.13213 0.037805 0.63199
0.14986 0.037796 0.61952
0.1455 0.037799 0.62963
0.13553 0.037797 0.66329
0.15384 0.037792 0.64887
0.14473 0.037794 0.6648
0.1332 0.037796 0.67633
0.13909 0.037787 0.69685
0.1431 0.037789 0.6803
0.1457 0.037783 0.70448
0.12827 0.037797 0.70778
0.13947 0.037778 0.73566
0.15004 0.037782 0.71099
0.14608 0.037774 0.73561
0.13967 0.037774 0.75103
0.13385 0.037769 0.76821
0.15159 0.037772 0.74218
0.15534 0.037764 0.75856
0.13704 0.037757 0.79494
0.14992 0.037762 0.77864
0.15161 0.037757 0.80075
0.14248 0.037755 0.80876
0.14016 0.037748 0.82969
0.16045 0.037755 0.81646
0.15315 0.037748 0.83019
0.13853 0.037738 0.84859
0.14511 0.037734 0.86358
0.15777 0.03774 0.84766
0.15803 0.037737 0.86301
0.13543 0.037731 0.87758
0.15502 0.037736 0.8819
0.15359 0.037734 0.89845
0.13374 0.037725 0.90953
0.13875 0.037687 0.92869
0.15571 0.037734 0.9117
0.15342 0.0377 0.92573
0.13511 0.035201 0.95268
0.15716 0.03764 0.94101
0.15692 0.033423 0.96149
0.16945 0.037721 0.044747
0.17623 0.037724 0.06095
0.18544 0.037726 0.045417
0.18446 0.037726 0.054907
0.16909 0.037723 0.075989
0.17273 0.037726 0.091528
0.18788 0.037729 0.077432
0.1875 0.037731 0.092511
0.16807 0.037726 0.10539
0.17195 0.03773 0.12802
0.18217 0.037732 0.10671
0.18892 0.037737 0.11718
0.17036 0.037731 0.13986
0.1768 0.037734 0.15294
0.18492 0.037735 0.1442
0.18913 0.037739 0.14929
0.17581 0.037741 0.19207
0.18759 0.03774 0.17075
0.18283 0.037742 0.18732
0.17143 0.037746 0.22509
0.18394 0.037742 0.19992
0.18281 0.037745 0.21816
0.169 0.03775 0.23747
0.17081 0.037751 0.25544
0.18261 0.03775 0.24702
0.18347 0.037747 0.26824
0.1788 0.037753 0.28654
0.16163 0.037764 0.29506
0.16741 0.037767 0.31204
0.18061 0.03776 0.30608
0.18265 0.03776 0.32273
0.15974 0.037774 0.33956
0.16223 0.037772 0.3464
0.17637 0.03776 0.33458
0.17911 0.037761 0.34404
0.16763 0.037768 0.36904
0.17732 0.037762 0.37174
0.17382 0.037758 0.38889
0.16221 0.037775 0.42408
0.18133 0.037748 0.40077
0.18116 0.037749 0.41983
0.16178 0.037783 0.43715
0.16241 0.03779 0.45227
0.17688 0.037763 0.43364
0.1703 0.037782 0.45872
0.15855 0.037818 0.48681
0.17136 0.037803 0.4776
0.17401 0.037808 0.48598
0.1574 0.037809 0.50269
0.15728 0.037803 0.53094
0.1756 0.037801 0.50877
0.17331 0.0378 0.53084
0.15763 0.037805 0.54622
0.16942 0.037792 0.56398
0.16508 0.037777 0.58119
0.1564 0.037787 0.5941
0.17698 0.037777 0.58741
0.17185 0.037765 0.59966
0.16531 0.037767 0.61096
0.15978 0.03778 0.63242
0.17275 0.037761 0.60922
0.17306 0.037762 0.62833
0.16036 0.037786 0.65099
0.16242 0.037784 0.66098
0.18432 0.037785 0.65565
0.185 0.037782 0.6673
0.16283 0.037782 0.67895
0.16213 0.03778 0.69478
0.175 0.037776 0.67705
0.1783 0.037777 0.69702
0.16869 0.037773 0.72191
0.16578 0.037769 0.73345
0.17833 0.037775 0.70994
0.17963 0.037764 0.73851
0.17254 0.037757 0.75269
0.16602 0.037759 0.76017
0.1811 0.037757 0.7522
0.16605 0.037761 0.79467
0.18565 0.037763 0.77525
0.18562 0.037763 0.80133
0.17144 0.037757 0.80927
0.18448 0.037758 0.81712
0.18636 0.037751 0.83168
0.17642 0.037744 0.84172
0.16779 0.037738 0.85784
0.1854 0.037744 0.84865
0.18364 0.037741 0.85556
0.1662 0.037738 0.87673
0.16628 0.037739 0.89286
0.19153 0.037741 0.87195
0.19099 0.037742 0.89112
0.16851 0.03769 0.92949
0.18344 0.03769 0.93055
0.17817 0.034635 0.95373
0.18512 0.037653 0.93885
0.19029 0.033887 0.95622
0.19984 0.037733 0.044156
0.20798 0.037737 0.058143
0.2213 0.037745 0.034947
0.21938 0.037743 0.055904
0.20665 0.037736 0.068128
0.20333 0.037736 0.087658
0.22376 0.037745 0.07012
0.22024 0.037744 0.092175
0.20881 0.03774 0.099512
0.20263 0.037744 0.12526
0.22528 0.037748 0.099872
0.21696 0.037749 0.11968
0.20137 0.037746 0.14027
0.19651 0.037741 0.17142
0.2063 0.037745 0.18712
0.22257 0.037742 0.16979
0.2247 0.037737 0.18055
0.20142 0.037748 0.19778
0.21853 0.037748 0.19714
0.20603 0.037743 0.23503
0.2195 0.037751 0.22941
0.21624 0.037742 0.25298
0.19845 0.037728 0.2701
0.19352 0.037732 0.27846
0.21633 0.037732 0.26361
0.20934 0.037712 0.28212
0.20073 0.037716 0.30307
0.19816 0.037726 0.32299
0.20718 0.037702 0.31138
0.19172 0.037743 0.32891
0.19582 0.037733 0.35167
0.20758 0.037713 0.32803
0.2163 0.037714 0.34481
0.19898 0.037716 0.36143
0.1957 0.03771 0.37935
0.21067 0.037705 0.35961
0.20351 0.037686 0.38592
0.19328 0.037717 0.40427
0.20173 0.037693 0.40091
0.19278 0.037731 0.42808
0.18396 0.037777 0.4554
0.20595 0.03772 0.42946
0.20539 0.037748 0.44837
0.18886 0.037787 0.46766
0.19117 0.037799 0.48894
0.19536 0.03779 0.4758
0.19922 0.037806 0.48943
0.18742 0.037801 0.51094
0.18937 0.037791 0.52471
0.19028 0.037782 0.54205
0.19133 0.037776 0.55659
0.20156 0.037773 0.55763
0.18946 0.037768 0.58732
0.18619 0.037773 0.59965
0.20534 0.037763 0.5854
0.20531 0.037766 0.59242
0.18711 0.03777 0.61229
0.18913 0.037777 0.63751
0.21188 0.037775 0.63824
0.18953 0.037782 0.65406
0.19861 0.037772 0.66084
0.21148 0.037775 0.64689
0.19935 0.037765 0.67914
0.19427 0.037764 0.70107
0.21004 0.03776 0.68076
0.20909 0.037753 0.70266
0.19362 0.03776 0.71473
0.19382 0.037754 0.73356
0.21008 0.037745 0.71689
0.21255 0.037738 0.728
0.19819 0.037755 0.76508
0.21404 0.037749 0.754
0.19785 0.037764 0.78628
0.20489 0.037763 0.79799
0.21524 0.037758 0.77788
0.2004 0.037755 0.83562
0.22266 0.03777 0.82061
0.21975 0.037762 0.83478
0.20113 0.037748 0.84955
0.20473 0.037743 0.86272
0.21837 0.037759 0.84108
0.22002 0.037747 0.86208
0.20395 0.03774 0.87779
0.20657 0.037742 0.89482
0.21664 0.037739 0.87948
0.2217 0.037744 0.89775
0.21092 0.037707 0.92811
0.22172 0.037754 0.91498
0.19921 0.037617 0.94719
0.21064 0.033393 0.96269
0.21859 0.037644 0.94306
0.21908 0.033721 0.95729
0.23173 0.03775 0.034952
0.23529 0.037751 0.060683
0.2489 0.03776 0.042191
0.25696 0.037763 0.055411
0.23696 0.037752 0.06667
0.23324 0.037749 0.083081
0.25281 0.037758 0.074393
0.25604 0.03776 0.083529
0.24239 0.037761 0.11626
0.25232 0.037761 0.098944
0.2476 0.037762 0.1227
0.23172 0.037756 0.14101
0.25077 0.037759 0.13531
0.2563 0.037753 0.15126
0.23146 0.037737 0.17173
0.24111 0.037731 0.18623
0.24865 0.037735 0.17137
0.25427 0.037737 0.18053
0.23406 0.037737 0.20538
0.22724 0.037748 0.2233
0.25054 0.037734 0.2
0.22633 0.037749 0.23814
0.23292 0.037752 0.24352
0.23419 0.037738 0.26642
0.23261 0.037721 0.28632
0.25239 0.037729 0.27508
0.25038 0.037706 0.29875
0.24652 0.037699 0.31364
0.22397 0.037692 0.34755
0.24246 0.037676 0.33495
0.24771 0.037663 0.35201
0.22707 0.037668 0.35926
0.23893 0.037643 0.36484
0.23436 0.037621 0.37925
0.21828 0.037671 0.3991
0.2275 0.037641 0.41262
0.23722 0.037622 0.39208
0.22178 0.037671 0.42701
0.21844 0.037711 0.44731
0.23824 0.037635 0.43042
0.23251 0.03767 0.45035
0.21186 0.0378 0.47337
0.22639 0.037747 0.46792
0.23159 0.037812 0.48407
0.222 0.037777 0.50563
0.22672 0.037786 0.53338
0.21795 0.037778 0.54957
0.21401 0.037779 0.56804
0.22322 0.037756 0.59574
0.2321 0.037745 0.60342
0.22753 0.03773 0.6153
0.22527 0.037728 0.64179
0.23377 0.037713 0.61989
0.23906 0.037693 0.63773
0.22217 0.037736 0.65623
0.23039 0.03771 0.66681
0.23987 0.037689 0.65886
0.24131 0.037703 0.67332
0.23089 0.037729 0.68963
0.24925 0.037712 0.69858
0.23216 0.037719 0.72486
0.24344 0.037713 0.7163
0.24546 0.037711 0.73542
0.23228 0.037728 0.74792
0.22996 0.037739 0.765
0.24692 0.037723 0.75371
0.25595 0.037728 0.77042
0.2276 0.037757 0.78463
0.23618 0.037759 0.79706
0.2517 0.037741 0.77951
0.23696 0.037766 0.81228
0.25459 0.037762 0.81431
0.24851 0.037767 0.83281
0.23874 0.037762 0.84792
0.23452 0.037752 0.86304
0.23328 0.037743 0.88075
0.2323 0.037741 0.88988
0.2549 0.037749 0.87946
0.24279 0.037754 0.91379
0.23364 0.037713 0.92943
0.24864 0.037751 0.90491
0.25746 0.037717 0.93163
0.24082 0.033427 0.96143
0.25274 0.037698 0.93695
0.27309 0.037771 0.055689
0.29322 0.037777 0.059988
0.27475 0.037765 0.078094
0.26793 0.037765 0.092546
0.2917 0.037774 0.072804
0.26881 0.037768 0.10699
0.28813 0.037772 0.10191
0.28319 0.03777 0.12027
0.26914 0.037759 0.1332
0.26623 0.037752 0.15346
0.29038 0.037758 0.13459
0.29159 0.037754 0.15406
0.26236 0.037745 0.16606
0.26731 0.037745 0.17856
0.2826 0.037755 0.18804
0.26987 0.037747 0.21091
0.28488 0.037751 0.19296
0.28212 0.037742 0.21763
0.26469 0.037725 0.25366
0.28218 0.037721 0.23178
0.28338 0.037714 0.25064
0.27785 0.037707 0.2584
0.25818 0.037684 0.30025
0.26038 0.037671 0.30951
0.28358 0.037632 0.3128
0.25604 0.037664 0.32912
0.25985 0.037636 0.3522
0.26963 0.037613 0.33501
0.27186 0.037611 0.34751
0.25804 0.037633 0.3583
0.25786 0.037599 0.37826
0.27362 0.037598 0.36871
0.2538 0.037598 0.39897
0.24996 0.03761 0.41422
0.2697 0.037563 0.40383
0.26362 0.03756 0.4193
0.24208 0.03768 0.45529
0.26102 0.037561 0.42752
0.26783 0.03756 0.44671
0.23863 0.037771 0.46987
0.24122 0.037815 0.48782
0.25548 0.037833 0.48287
0.23887 0.037808 0.51066
0.25082 0.037778 0.53655
0.24412 0.03778 0.54237
0.24799 0.037773 0.57434
0.25369 0.037755 0.55383
0.26424 0.037767 0.56533
0.25282 0.037756 0.58119
0.24845 0.037727 0.60864
0.26082 0.037736 0.58415
0.26268 0.037697 0.59733
0.25436 0.03768 0.6198
0.25547 0.037663 0.63876
0.2708 0.03761 0.63509
0.25855 0.037661 0.65697
0.25687 0.037683 0.67294
0.27138 0.037629 0.65712
0.27421 0.037648 0.67429
0.25663 0.037696 0.68139
0.26535 0.037658 0.70261
0.28079 0.037662 0.68395
0.27744 0.037635 0.7098
0.26391 0.037656 0.72336
0.26778 0.037655 0.73128
0.2857 0.037666 0.73576
0.27132 0.037714 0.75812
0.26784 0.037721 0.77425
0.28558 0.037712 0.75165
0.2622 0.037731 0.78164
0.27072 0.03773 0.79951
0.28788 0.037717 0.78708
0.28439 0.03773 0.80399
0.28648 0.037751 0.82052
0.2796 0.03776 0.83505
0.27262 0.037765 0.85157
0.29094 0.037762 0.84954
0.28341 0.037759 0.86379
0.26759 0.037749 0.88396
0.27747 0.037757 0.8961
0.28875 0.037754 0.88379
0.28201 0.037759 0.8972
0.29365 0.03777 0.91226
0.29132 0.037747 0.92788
0.27419 0.037661 0.94704
0.27696 0.034009 0.9558
0.29423 0.037724 0.93722
0.28244 0.033465 0.96047
0.29938 0.037779 0.044939
0.30278 0.037779 0.057576
0.32576 0.037782 0.04383
0.32683 0.037784 0.057343
0.30111 0.037776 0.078016
0.30503 0.03778 0.0852
0.32152 0.037784 0.068785
0.3173 0.037783 0.091435
0.30287 0.037775 0.10538
0.30052 0.037769 0.12253
0.32536 0.037783 0.10048
0.31564 0.037774 0.12013
0.29887 0.037754 0.14017
0.30181 0.037755 0.15108
0.31852 0.037756 0.1386
0.31924 0.037755 0.14761
0.29939 0.03775 0.17149
0.30196 0.037748 0.1855
0.31929 0.037748 0.16548
0.30235 0.037726 0.21423
0.32295 0.037726 0.20009
0.32135 0.037723 0.20809
0.29302 0.037704 0.23467
0.29931 0.037691 0.24489
0.30906 0.037678 0.24936
0.29796 0.037679 0.25786
0.29183 0.037657 0.28084
0.30749 0.037665 0.25732
0.31273 0.037633 0.27449
0.29136 0.037619 0.29996
0.2907 0.037617 0.30895
0.30774 0.03759 0.3002
0.30786 0.037584 0.30763
0.29463 0.037595 0.32513
0.28452 0.037602 0.34916
0.30677 0.037551 0.33174
0.31287 0.037533 0.34691
0.28892 0.037593 0.35405
0.28292 0.037581 0.38325
0.29964 0.03756 0.36291
0.30615 0.037588 0.37749
0.28104 0.03755 0.40239
0.28872 0.037504 0.41195
0.2965 0.037512 0.39881
0.30024 0.037481 0.41589
0.28085 0.037511 0.43347
0.27407 0.037567 0.4518
0.3006 0.037566 0.43284
0.30265 0.037669 0.44334
0.26953 0.03784 0.47996
0.2838 0.037695 0.46607
0.2727 0.037853 0.49065
0.26727 0.037895 0.5046
0.26137 0.037897 0.52286
0.27853 0.037973 0.50662
0.27557 0.037781 0.54459
0.28493 0.037718 0.56976
0.27417 0.037703 0.58607
0.30105 0.037589 0.60376
0.28007 0.037599 0.62656
0.28442 0.037594 0.64037
0.30898 0.03761 0.63951
0.30782 0.037647 0.6671
0.31089 0.037682 0.6818
0.31703 0.037677 0.71252
0.31858 0.037682 0.73075
0.3123 0.037703 0.74164
0.29779 0.03771 0.74935
0.30464 0.037705 0.76869
0.31585 0.037697 0.75727
0.31444 0.037705 0.77406
0.30521 0.037722 0.78778
0.29795 0.037723 0.80048
0.31247 0.037722 0.79222
0.31338 0.037726 0.80789
0.2969 0.037737 0.81328
0.31628 0.037733 0.83389
0.29978 0.037755 0.84708
0.30668 0.037754 0.86387
0.29978 0.037754 0.88623
0.30771 0.037757 0.89379
0.31931 0.037758 0.87616
0.318 0.037762 0.90008
0.30139 0.03777 0.91548
0.3109 0.037757 0.9309
0.32743 0.037766 0.909
0.31863 0.037761 0.92501
0.30264 0.037721 0.94646
0.32101 0.037737 0.94395
0.33722 0.037782 0.040384
0.33621 0.037785 0.05485
0.36105 0.037791 0.040437
0.35033 0.037786 0.05069
0.33642 0.03779 0.07191
0.33576 0.037794 0.083818
0.35135 0.037801 0.081599
0.33752 0.037786 0.10175
0.33219 0.037779 0.11857
0.35218 0.03778 0.11738
0.33476 0.037761 0.13479
0.33873 0.037755 0.14665
0.35106 0.03776 0.13637
0.35761 0.037756 0.14451
0.3389 0.037744 0.16381
0.3387 0.037737 0.17428
0.34615 0.037747 0.15953
0.35089 0.037738 0.17386
0.33076 0.037732 0.19335
0.32859 0.037722 0.21307
0.34647 0.037733 0.19228
0.33536 0.037698 0.22546
0.32986 0.037665 0.24846
0.34583 0.037693 0.22755
0.35227 0.037677 0.24256
0.33525 0.037605 0.26456
0.33265 0.037589 0.27502
0.35012 0.037626 0.26086
0.34264 0.037582 0.26973
0.32568 0.037588 0.29008
0.32645 0.037572 0.31336
0.34213 0.03756 0.28915
0.33736 0.037538 0.31301
0.33088 0.03756 0.32067
0.32122 0.037524 0.34052
0.33634 0.037559 0.3302
0.34746 0.037855 0.35787
0.33898 0.037659 0.37302
0.31468 0.037506 0.39753
0.31226 0.037461 0.41675
0.32584 0.037511 0.38832
0.31329 0.037665 0.43391
0.32297 0.037544 0.42886
0.29241 0.037785 0.46651
0.28779 0.037932 0.49304
0.30069 0.037937 0.48476
0.28897 0.037982 0.5053
0.29225 0.037985 0.50583
0.30655 0.038002 0.53834
0.29804 0.037743 0.57553
0.31025 0.037903 0.55289
0.31412 0.037694 0.57415
0.31631 0.037554 0.59822
0.31106 0.037576 0.6162
0.31293 0.037582 0.62449
0.31952 0.037606 0.64351
0.33439 0.03757 0.62405
0.34047 0.037589 0.6414
0.32824 0.037616 0.6688
0.31835 0.037672 0.68263
0.34125 0.037599 0.66497
0.33751 0.037606 0.68049
0.32388 0.037651 0.7083
0.34099 0.037601 0.69279
0.34859 0.037594 0.71567
0.32316 0.037674 0.7249
0.332 0.037643 0.73771
0.34727 0.037615 0.72699
0.3422 0.037633 0.74735
0.33178 0.037657 0.75294
0.33412 0.037683 0.77827
0.34574 0.037626 0.75851
0.34937 0.037655 0.77446
0.34819 0.037699 0.79006
0.34996 0.03771 0.8105
0.34155 0.037719 0.82237
0.33079 0.037723 0.82911
0.35146 0.037725 0.83324
0.34197 0.037753 0.84995
0.34001 0.037758 0.86571
0.35909 0.037738 0.8446
0.35864 0.037754 0.86694
0.33456 0.037767 0.88307
0.3382 0.037766 0.89623
0.35129 0.037768 0.89146
0.34363 0.037768 0.91265
0.33703 0.037742 0.92902
0.35146 0.037768 0.91555
0.35152 0.037744 0.9263
0.34335 0.037703 0.93979
0.33507 0.033574 0.95882
0.35842 0.037705 0.93962
0.35041 0.033392 0.96281
0.36796 0.037795 0.035019
0.37775 0.037804 0.054678
0.38676 0.037805 0.040432
0.38778 0.037809 0.067958
0.39137 0.037805 0.088109
0.3671 0.037787 0.10011
0.37737 0.03777 0.11207
0.3903 0.037783 0.10309
0.38487 0.03777 0.11136
0.36588 0.037756 0.13873
0.36688 0.037758 0.15153
0.38995 0.037763 0.13227
0.37324 0.037752 0.16101
0.36762 0.037744 0.1727
0.38819 0.037748 0.18242
0.36798 0.037737 0.19044
0.37077 0.037716 0.20625
0.383 0.037725 0.19496
0.38251 0.037712 0.20426
0.36512 0.037676 0.23024
0.36213 0.037673 0.2418
0.38934 0.037693 0.22156
0.38513 0.037672 0.24394
0.36052 0.037647 0.25684
0.35926 0.037595 0.27934
0.38454 0.037631 0.26028
0.37232 0.037617 0.27549
0.3649 0.037538 0.30169
0.3788 0.037598 0.28792
0.37724 0.037579 0.29763
0.35317 0.037516 0.31932
0.35796 0.03773 0.3416
0.35107 0.037877 0.36473
0.36881 0.037821 0.34952
0.3499 0.037662 0.38167
0.35699 0.037736 0.37789
0.3518 0.037489 0.3952
0.3347 0.037587 0.43322
0.32953 0.037778 0.44468
0.3458 0.037409 0.42053
0.33232 0.037765 0.4486
0.31428 0.038078 0.46279
0.3162 0.037952 0.48111
0.30258 0.038203 0.51489
0.31893 0.037888 0.54623
0.31089 0.038227 0.51124
0.32408 0.037864 0.54774
0.33062 0.037729 0.56702
0.33096 0.037642 0.5802
0.3369 0.037586 0.59973
0.34076 0.037569 0.61847
0.35105 0.037552 0.59393
0.36152 0.037653 0.62169
0.3466 0.037585 0.63868
0.34745 0.037592 0.64753
0.35988 0.037587 0.63936
0.36661 0.037588 0.65132
0.34893 0.037582 0.66691
0.35342 0.037572 0.68754
0.37704 0.037571 0.66777
0.37976 0.037529 0.67886
0.35529 0.037557 0.69907
0.3721 0.037552 0.69278
0.37923 0.037569 0.71429
0.3727 0.037607 0.74548
0.38794 0.037574 0.72763
0.38211 0.037597 0.74659
0.37073 0.037614 0.76491
0.36195 0.037633 0.77029
0.37888 0.037613 0.76214
0.37538 0.037665 0.79228
0.37324 0.037691 0.80927
0.38208 0.037658 0.78781
0.37286 0.03771 0.81838
0.36674 0.037726 0.83839
0.3701 0.037734 0.84593
0.36906 0.037742 0.86243
0.3845 0.037727 0.84649
0.38646 0.037745 0.87009
0.37206 0.037764 0.88099
0.36779 0.037767 0.89886
0.39 0.037764 0.90239
0.37196 0.037769 0.91264
0.37904 0.037741 0.93043
0.38548 0.037769 0.9122
0.39279 0.037737 0.93298
0.37624 0.037709 0.94297
0.37032 0.034348 0.95471
0.38934 0.037712 0.94372
0.39559 0.034095 0.95553
0.41207 0.037818 0.036372
0.41776 0.037819 0.040707
0.41876 0.037814 0.061538
0.40203 0.037809 0.076767
0.42401 0.037807 0.069576
0.42903 0.037799 0.088798
0.41133 0.037792 0.10118
0.40131 0.037781 0.11193
0.41885 0.037795 0.098973
0.41813 0.037791 0.1183
0.40753 0.037769 0.13639
0.40205 0.037765 0.15189
0.42259 0.03777 0.14301
0.40533 0.037752 0.16024
0.40357 0.037743 0.17976
0.41655 0.037741 0.16569
0.41872 0.037734 0.17204
0.40688 0.037706 0.21276
0.41999 0.037703 0.19373
0.42511 0.037685 0.20029
0.39258 0.037681 0.22661
0.40325 0.037688 0.24312
0.42406 0.037695 0.2173
0.40114 0.037643 0.25765
0.39667 0.037621 0.26641
0.42005 0.037643 0.26818
0.40156 0.037584 0.28697
0.39179 0.037586 0.29971
0.41641 0.037627 0.27581
0.41059 0.037572 0.29164
0.39061 0.037566 0.31751
0.39272 0.037574 0.3309
0.412 0.037593 0.30905
0.40065 0.037595 0.33321
0.37603 0.037839 0.35932
0.40606 0.037627 0.33914
0.36594 0.037801 0.37405
0.36351 0.037471 0.39623
0.38821 0.037668 0.37073
0.37991 0.037484 0.38582
0.36464 0.037285 0.41807
0.35737 0.037322 0.43694
0.37706 0.037395 0.39896
0.33917 0.037662 0.45697
0.32067 0.037799 0.48127
0.35559 0.037051 0.45193
0.32507 0.037536 0.49356
0.32051 0.037857 0.50257
0.32816 0.037926 0.5368
0.32584 0.037298 0.50966
0.34683 0.037736 0.5468
0.35763 0.037497 0.56902
0.37517 0.037469 0.58313
0.37017 0.037762 0.61612
0.39484 0.037723 0.6343
0.37777 0.037674 0.63923
0.38694 0.037584 0.66072
0.39762 0.037601 0.64525
0.39036 0.037524 0.67035
0.39791 0.037472 0.68245
0.40602 0.037469 0.66906
0.41724 0.037402 0.67988
0.39063 0.037527 0.70105
0.39841 0.037509 0.7097
0.4201 0.037468 0.69905
0.4218 0.037462 0.71415
0.40564 0.037526 0.73006
0.4003 0.037548 0.74192
0.41988 0.037494 0.73979
0.40053 0.037595 0.77146
0.41977 0.037538 0.7601
0.41423 0.03759 0.77485
0.40586 0.037628 0.79045
0.3982 0.037663 0.80881
0.42388 0.037605 0.79185
0.42742 0.037629 0.80671
0.41123 0.037673 0.82603
0.42871 0.037655 0.81878
0.41599 0.037686 0.83413
0.40147 0.037726 0.84744
0.42183 0.037736 0.8677
0.4106 0.037748 0.88548
0.40615 0.03776 0.90197
0.42574 0.037741 0.88595
0.42045 0.037746 0.89413
0.40788 0.037769 0.91138
0.40611 0.037741 0.93234
0.42566 0.037748 0.93024
0.40077 0.037708 0.94625
0.41664 0.037726 0.93986
0.42646 0.033425 0.96156
0.43602 0.037819 0.04078
0.44196 0.03781 0.058938
0.45584 0.037819 0.043978
0.43594 0.037803 0.068252
0.43628 0.037797 0.087096
0.46391 0.037795 0.076251
0.45737 0.037794 0.090772
0.43225 0.037798 0.11292
0.46137 0.037795 0.097098
0.44305 0.037778 0.13105
0.43475 0.037768 0.14561
0.45211 0.037774 0.13282
0.46178 0.03777 0.14662
0.44331 0.037748 0.15813
0.4396 0.037732 0.17739
0.45862 0.037738 0.16459
0.45562 0.037731 0.18028
0.44241 0.037702 0.19088
0.43642 0.037681 0.20178
0.44997 0.037685 0.20838
0.43251 0.03769 0.221
0.42821 0.037692 0.23452
0.44714 0.037686 0.21937
0.43039 0.037698 0.2443
0.42989 0.037649 0.25856
0.45261 0.037667 0.25215
0.4561 0.037679 0.26343
0.42718 0.03765 0.27341
0.44302 0.037652 0.28159
0.45067 0.037678 0.29397
0.42622 0.037612 0.30704
0.42229 0.037575 0.32225
0.44695 0.037682 0.30117
0.44176 0.037601 0.31383
0.42226 0.037617 0.33337
0.41206 0.037656 0.35404
0.44893 0.037662 0.32859
0.44017 0.037712 0.34115
0.42859 0.03759 0.35874
0.38666 0.03685 0.39997
0.38427 0.036559 0.42229
0.41335 0.036467 0.37781
0.40296 0.034954 0.40373
0.36531 0.03635 0.44452
0.34244 0.035761 0.47845
0.35416 0.034135 0.49396
0.33518 0.035956 0.52119
0.35454 0.036921 0.54785
0.34684 0.035318 0.53108
0.38836 0.035318 0.56984
0.38875 0.03654 0.59107
0.39959 0.036886 0.60758
0.39679 0.035857 0.59471
0.40809 0.036583 0.61003
0.40741 0.037789 0.62353
0.41733 0.037409 0.61888
0.42626 0.037433 0.63986
0.41769 0.037489 0.65609
0.44175 0.03752 0.64398
0.45064 0.037435 0.65451
0.42795 0.037367 0.67378
0.42709 0.037408 0.68323
0.44858 0.037366 0.67242
0.44657 0.037396 0.68089
0.42965 0.037433 0.70162
0.439 0.037425 0.71489
0.4604 0.037339 0.7124
0.43602 0.037448 0.72973
0.44176 0.037476 0.74546
0.45172 0.037407 0.72763
0.4565 0.03745 0.74727
0.4447 0.037493 0.75588
0.43265 0.037563 0.77563
0.4579 0.037466 0.76028
0.45406 0.037534 0.77604
0.4373 0.037592 0.78943
0.4391 0.037631 0.80958
0.4522 0.03758 0.79275
0.46357 0.03762 0.81025
0.44122 0.037662 0.83124
0.45271 0.037641 0.82548
0.45262 0.037666 0.83423
0.44294 0.037714 0.8464
0.43577 0.037733 0.86772
0.46215 0.037702 0.84672
0.43813 0.037738 0.87712
0.43879 0.037743 0.89583
0.45152 0.037732 0.88692
0.45921 0.037745 0.89953
0.4455 0.03777 0.91759
0.44546 0.037752 0.92883
0.45887 0.037768 0.91822
0.45447 0.037742 0.93292
0.44255 0.037713 0.94851
0.46288 0.037714 0.94513
0.45866 0.03338 0.96346
0.40045 0.037121 0.43997
0.37325 0.037533 0.47305
0.37536 0.037571 0.53567
0.38098 0.03582 0.50967
0.481 0.037826 0.044904
0.47773 0.037816 0.061721
0.49603 0.037823 0.038516
0.48793 0.037819 0.059912
0.47029 0.037798 0.076692
0.47375 0.0378 0.087905
0.49212 0.037812 0.070011
0.49123 0.037804 0.088813
0.48093 0.037791 0.10442
0.47617 0.037792 0.11049
0.48556 0.037795 0.099031
0.49534 0.037793 0.11824
0.47406 0.037782 0.12893
0.49171 0.037776 0.14198
0.46851 0.037749 0.16064
0.47568 0.037743 0.17305
0.48607 0.037761 0.15693
0.47659 0.037728 0.18779
0.473 0.037703 0.20343
0.48882 0.037735 0.18517
0.48879 0.037704 0.20078
0.46947 0.037692 0.22345
0.47607 0.037691 0.22852
0.48567 0.037711 0.21567
0.49181 0.037687 0.22681
0.46396 0.037673 0.252
0.47736 0.037673 0.25516
0.49167 0.037675 0.24999
0.49689 0.037686 0.26272
0.46845 0.037695 0.27866
0.4721 0.037733 0.28652
0.48482 0.037735 0.28669
0.46493 0.037758 0.30295
0.46983 0.037911 0.31504
0.4861 0.037796 0.30331
0.49027 0.037941 0.31398
0.46786 0.037959 0.32397
0.47172 0.038107 0.33073
0.49215 0.038264 0.33123
0.45849 0.037554 0.35093
0.48037 0.038021 0.33873
0.48229 0.037343 0.34323
0.43012 0.035647 0.37548
0.42815 0.034396 0.39182
0.4721 0.035304 0.35548
0.47466 0.034179 0.36312
0.4225 0.033546 0.41907
0.453 0.033356 0.50152
0.39863 0.033417 0.52224
0.40306 0.034194 0.58428
0.44755 0.033685 0.60758
0.44034 0.035148 0.61606
0.4865 0.033936 0.59931
0.49806 0.0351 0.61347
0.4431 0.03694 0.62416
0.45934 0.037507 0.63216
0.49321 0.036484 0.62331
0.50391 0.037212 0.6322
0.46281 0.03755 0.64032
0.46499 0.037369 0.65917
0.48491 0.037392 0.6411
0.49889 0.037331 0.65333
0.46244 0.037352 0.66441
0.46492 0.03731 0.67997
0.49957 0.037197 0.66358
0.47328 0.037303 0.69002
0.47086 0.037337 0.71645
0.4843 0.037242 0.69363
0.49155 0.037262 0.7079
0.47616 0.037377 0.73556
0.49157 0.037314 0.71915
0.493 0.03737 0.73921
0.47652 0.037429 0.75656
0.47801 0.037479 0.76979
0.49432 0.03741 0.75817
0.49593 0.03747 0.76991
0.47983 0.037548 0.7826
0.47047 0.037598 0.80392
0.4923 0.037606 0.80961
0.47909 0.037654 0.837
0.49459 0.037616 0.81984
0.49225 0.037656 0.83959
0.47713 0.037695 0.85063
0.47931 0.037708 0.86623
0.4863 0.0377 0.86363
0.47604 0.037731 0.881
0.47324 0.037733 0.89128
0.49446 0.037727 0.88598
0.46899 0.037743 0.92997
0.49118 0.037761 0.91266
0.4862 0.03773 0.93211
0.47578 0.037705 0.94583
0.47575 0.034921 0.95342
0.48726 0.037708 0.93997
0.47979 0.033859 0.42601
0.40839 0.034013 0.50876
0.44716 0.033774 0.51709
0.46945 0.033858 0.56855
0.4744 0.035732 0.38776
0.48276 0.036532 0.37627
0.41228 0.035658 0.43625
0.39133 0.034951 0.47049
0.41323 0.036553 0.4237
0.39575 0.036064 0.45194
0.48268 0.034652 0.40966
0.43603 0.033938 0.45397
0.48194 0.035662 0.3863
0.44673 0.033704 0.49725
0.41669 0.03418 0.54016
0.37134 0.037632 0.53316
0.4233 0.036641 0.59242
0.4926 0.033835 0.55886
0.45249 0.035382 0.5915
0.45133 0.033791 0.54607
0.43516 0.03592 0.59845
0.42607 0.036481 0.59758
0.48498 0.036423 0.37791
0.43334 0.036049 0.41981
0.41609 0.034601 0.47786
0.45396 0.035425 0.41834
0.39923 0.034869 0.48599
0.45936 0.03677 0.39632
0.4414 0.03417 0.48198
0.47079 0.034818 0.41944
0.47012 0.034498 0.46067
0.39034 0.03612 0.54123
0.40834 0.036247 0.56158
0.38479 0.035636 0.50478
0.43084 0.034643 0.56327
0.43234 0.034094 0.51531
0.48176 0.034109 0.56801
0.46472 0.033973 0.50711
0.44168 0.034334 0.56861
0.42715 0.036436 0.59677
0.48304 0.036759 0.5871
0.4584 0.034279 0.44428
0.47229 0.034354 0.53258
0.50799 0.03782 0.044581
0.52641 0.037815 0.046529
0.52545 0.037816 0.055627
0.50724 0.037813 0.068896
0.5074 0.03781 0.084646
0.53085 0.037812 0.065426
0.52485 0.03781 0.085012
0.50268 0.037793 0.10129
0.51298 0.037786 0.11114
0.52884 0.037783 0.10364
0.52408 0.03778 0.10985
0.51596 0.037781 0.13081
0.51362 0.037778 0.14077
0.52031 0.037781 0.12949
0.52182 0.037778 0.15039
0.5112 0.037766 0.15584
0.51617 0.037736 0.1692
0.53074 0.037735 0.16584
0.52035 0.037735 0.16991
0.5159 0.037704 0.19189
0.50258 0.037695 0.19841
0.53011 0.037702 0.18796
0.53321 0.037665 0.19922
0.51339 0.037697 0.21916
0.5117 0.03769 0.23174
0.52641 0.037677 0.22082
0.5227 0.037682 0.23403
0.50547 0.037667 0.26017
0.52801 0.037646 0.24814
0.52434 0.037627 0.25472
0.50627 0.037662 0.2717
0.51725 0.037632 0.28628
0.53525 0.037625 0.27128
0.53918 0.037628 0.28755
0.50605 0.037704 0.2999
0.54116 0.037667 0.30178
0.54478 0.037667 0.30865
0.50125 0.038171 0.32894
0.53101 0.037879 0.31828
0.548 0.037773 0.33801
0.5086 0.037736 0.33467
0.51097 0.037372 0.33699
0.55563 0.037194 0.36468
0.53346 0.035416 0.35299
0.52454 0.034355 0.35922
0.55033 0.035467 0.37592
0.53196 0.034235 0.41884
0.50986 0.033402 0.43647
0.52363 0.033714 0.44625
0.53289 0.033418 0.47437
0.48612 0.033372 0.53073
0.52705 0.033574 0.59893
0.57206 0.033406 0.55682
0.58441 0.034099 0.60153
0.50939 0.035593 0.6193
0.55187 0.035296 0.6127
0.54813 0.036321 0.62148
0.53299 0.036963 0.63002
0.51027 0.037439 0.64741
0.5281 0.037406 0.63651
0.53739 0.037352 0.64885
0.51038 0.037228 0.66069
0.51678 0.037146 0.67332
0.5333 0.037182 0.66709
0.53713 0.037216 0.67647
0.5106 0.03723 0.69135
0.50389 0.037252 0.70533
0.52469 0.037258 0.68803
0.53577 0.037292 0.70423
0.5028 0.037329 0.72952
0.50932 0.037376 0.74308
0.52071 0.037384 0.74399
0.50792 0.037401 0.75657
0.50911 0.037448 0.76764
0.52791 0.037403 0.74954
0.52084 0.037457 0.76897
0.51561 0.037532 0.78238
0.5059 0.037584 0.8038
0.52823 0.037553 0.79223
0.53284 0.037584 0.80423
0.50746 0.037609 0.82051
0.51291 0.037616 0.82957
0.52492 0.037608 0.82437
0.52533 0.037633 0.83358
0.51138 0.037697 0.8609
0.53282 0.037707 0.86724
0.50966 0.037725 0.88326
0.51525 0.037731 0.89677
0.53128 0.037726 0.88232
0.53195 0.037738 0.89904
0.50191 0.037762 0.91807
0.5209 0.03776 0.91494
0.50434 0.035151 0.95298
0.52826 0.037644 0.94607
0.52613 0.033586 0.9586
0.48593 0.033923 0.50766
0.51383 0.033733 0.55625
0.50209 0.03435 0.39875
0.50487 0.033864 0.47994
0.53966 0.036605 0.39722
0.48347 0.033805 0.44309
0.54051 0.034905 0.51802
0.51242 0.036392 0.44859
0.56049 0.036015 0.5162
0.51992 0.033732 0.53217
0.50369 0.034714 0.58074
0.55135 0.034074 0.56125
0.53436 0.036355 0.58987
0.5758 0.034312 0.55459
0.56658 0.035659 0.59636
0.60663 0.037382 0.55143
0.59608 0.037597 0.58031
0.51993 0.035967 0.59697
0.53323 0.036345 0.38529
0.5351 0.035569 0.39228
0.47783 0.033821 0.48387
0.50673 0.03463 0.42139
0.50319 0.034502 0.4603
0.51155 0.036599 0.44849
0.54024 0.035122 0.4942
0.51826 0.034622 0.48366
0.5356 0.034116 0.53967
0.52168 0.035791 0.57251
0.50558 0.034351 0.51586
0.51697 0.03466 0.56547
0.59745 0.037007 0.56101
0.58331 0.036461 0.58805
0.56549 0.035293 0.53586
0.48657 0.034224 0.45206
0.49791 0.034277 0.46531
0.51579 0.034376 0.52349
0.54225 0.037813 0.053069
0.56477 0.037806 0.036486
0.56048 0.037806 0.06159
0.54453 0.037797 0.089388
0.55644 0.037805 0.069326
0.5572 0.037799 0.085687
0.54485 0.037773 0.10451
0.54942 0.037769 0.11957
0.55459 0.03777 0.10396
0.55475 0.037767 0.11983
0.54541 0.037767 0.12934
0.56551 0.037762 0.13095
0.5583 0.037763 0.14141
0.5488 0.037731 0.16336
0.56809 0.037731 0.16178
0.55094 0.037666 0.19091
0.54314 0.037653 0.20549
0.56943 0.037678 0.18923
0.56428 0.037647 0.2102
0.54834 0.037641 0.21645
0.55957 0.037641 0.21561
0.57347 0.037633 0.24095
0.55034 0.037596 0.25057
0.57276 0.037597 0.25537
0.57156 0.03759 0.2622
0.55079 0.037607 0.28537
0.57667 0.037573 0.27912
0.5728 0.03755 0.28868
0.56095 0.037637 0.30251
0.56106 0.037619 0.31899
0.57515 0.037479 0.31239
0.58039 0.037385 0.32949
0.55274 0.037712 0.3225
0.5635 0.03754 0.35302
0.57443 0.03742 0.34029
0.55594 0.037265 0.37789
0.55927 0.036944 0.39427
0.55654 0.036763 0.3996
0.53998 0.034843 0.4251
0.56263 0.036262 0.42368
0.54987 0.033951 0.45499
0.5697 0.033855 0.48833
0.60445 0.033814 0.53049
0.62848 0.035843 0.53906
0.62763 0.036322 0.56904
0.6051 0.035563 0.60236
0.57688 0.036803 0.61323
0.61617 0.036397 0.59687
0.61904 0.036972 0.60563
0.58197 0.037154 0.61729
0.61232 0.037291 0.62322
0.58892 0.037365 0.62991
0.56686 0.037235 0.63745
0.5465 0.037317 0.64959
0.5849 0.037327 0.65487
0.55316 0.037311 0.66335
0.55199 0.037306 0.68213
0.57753 0.037303 0.65996
0.54378 0.037299 0.68898
0.5514 0.03736 0.71185
0.56851 0.037347 0.69271
0.55853 0.037375 0.7124
0.53861 0.037366 0.72726
0.54075 0.037411 0.74255
0.5622 0.037405 0.72062
0.5413 0.037426 0.7538
0.55506 0.037447 0.76213
0.5658 0.037507 0.77559
0.54003 0.037529 0.78297
0.54407 0.03759 0.80554
0.56629 0.037549 0.79296
0.56587 0.037609 0.80903
0.54936 0.037622 0.81615
0.54392 0.037658 0.83938
0.5562 0.037626 0.81833
0.55707 0.037651 0.83582
0.54086 0.037695 0.85657
0.55473 0.037694 0.85517
0.56158 0.03771 0.86945
0.54213 0.037732 0.89221
0.55739 0.03773 0.88689
0.56536 0.037737 0.89383
0.54737 0.037762 0.91239
0.53761 0.037711 0.9315
0.55991 0.037765 0.91533
0.55594 0.037719 0.93099
0.54435 0.03766 0.94524
0.54843 0.033472 0.9603
0.56411 0.037676 0.94252
0.5549 0.034667 0.9538
0.56599 0.035831 0.52101
0.58326 0.036019 0.53388
0.57754 0.037801 0.044419
0.58801 0.037798 0.040254
0.59623 0.037793 0.061335
0.57369 0.037785 0.091867
0.59047 0.037792 0.071127
0.59711 0.037781 0.091156
0.57301 0.037764 0.10662
0.578 0.037764 0.12062
0.59584 0.03777 0.10138
0.58853 0.037761 0.11235
0.58434 0.037758 0.13754
0.60129 0.037756 0.13111
0.5961 0.037756 0.14752
0.58248 0.037717 0.1654
0.57543 0.037707 0.17454
0.5915 0.037709 0.16793
0.60208 0.037701 0.17444
0.57699 0.037655 0.20622
0.59776 0.037665 0.19863
0.58274 0.037638 0.22416
0.5827 0.037631 0.24081
0.6084 0.037636 0.22204
0.59998 0.037607 0.24104
0.59008 0.037618 0.24745
0.60042 0.037574 0.25483
0.6039 0.037533 0.27154
0.58262 0.037559 0.27916
0.58998 0.03747 0.29495
0.60579 0.037465 0.29119
0.60251 0.037418 0.30033
0.58848 0.037384 0.31677
0.60892 0.037253 0.32951
0.60995 0.037183 0.34366
0.58654 0.037224 0.34964
0.58104 0.0369 0.38357
0.59832 0.037032 0.36893
0.57616 0.036555 0.40444
0.57656 0.036539 0.41994
0.60023 0.03692 0.40296
0.57085 0.036673 0.43265
0.5685 0.03669 0.45354
0.57456 0.036792 0.4415
0.57463 0.036615 0.45136
0.57978 0.036115 0.48177
0.60298 0.036734 0.50191
0.58236 0.036396 0.471
0.60646 0.036888 0.49924
0.63253 0.037032 0.53176
0.63843 0.037585 0.55152
0.6311 0.037058 0.52085
0.64286 0.037708 0.55499
0.63514 0.037298 0.56869
0.61994 0.037214 0.61086
0.64377 0.037643 0.56684
0.63776 0.037439 0.59303
0.62479 0.037575 0.62428
0.63262 0.03763 0.61932
0.63119 0.037761 0.64072
0.61003 0.037572 0.64911
0.60123 0.037441 0.65563
0.62819 0.03791 0.66134
0.59098 0.037333 0.66666
0.58324 0.037322 0.68455
0.62582 0.037742 0.67325
0.60667 0.037416 0.68419
0.58702 0.037365 0.69424
0.59834 0.037395 0.69203
0.5954 0.037433 0.70735
0.57446 0.03744 0.73879
0.59505 0.037471 0.73694
0.57526 0.037457 0.75051
0.60063 0.037492 0.76119
0.59548 0.037534 0.77649
0.57318 0.037571 0.79976
0.59433 0.037619 0.80857
0.58078 0.037624 0.81216
0.57897 0.037636 0.82865
0.59262 0.037642 0.82451
0.57985 0.037683 0.85199
0.59919 0.037689 0.85275
0.57478 0.037722 0.87801
0.59817 0.037745 0.89941
0.5747 0.03776 0.91389
0.59417 0.037758 0.91225
0.57473 0.037656 0.94809
0.57791 0.035102 0.95298
0.59235 0.037684 0.94381
0.58685 0.03338 0.96343
0.61172 0.037791 0.044658
0.61416 0.037787 0.060567
0.63206 0.037783 0.042115
0.63403 0.037782 0.052658
0.61768 0.037781 0.073269
0.60598 0.037784 0.084669
0.63449 0.037771 0.077538
0.62954 0.037775 0.083447
0.61359 0.037766 0.10742
0.6125 0.037761 0.12242
0.62517 0.037769 0.10132
0.63191 0.037762 0.11977
0.60675 0.037758 0.12677
0.61924 0.037735 0.15322
0.63221 0.03775 0.12945
0.63358 0.037734 0.14333
0.61229 0.037715 0.16422
0.62 0.037699 0.17631
0.63294 0.037717 0.16013
0.62007 0.037663 0.19668
0.61494 0.037649 0.21367
0.62992 0.037653 0.20091
0.63128 0.037641 0.21311
0.61431 0.03757 0.23669
0.63179 0.037581 0.23113
0.63518 0.037558 0.24164
0.63846 0.0375 0.2663
0.62116 0.037345 0.30662
0.63357 0.037423 0.29156
0.64049 0.037284 0.32459
0.63357 0.037241 0.33147
0.63432 0.037081 0.36143
0.61069 0.037031 0.36855
0.60897 0.037037 0.39492
0.62387 0.037008 0.36891
0.62119 0.037143 0.39377
0.59494 0.036655 0.42741
0.61024 0.036665 0.42447
0.59571 0.036452 0.44059
0.59308 0.036294 0.46575
0.60607 0.036407 0.44757
0.61089 0.036443 0.45177
0.61652 0.036694 0.49159
0.62125 0.036597 0.47487
0.6355 0.036795 0.4956
0.64135 0.037111 0.51265
0.65003 0.037736 0.54634
0.65126 0.037113 0.50875
0.65706 0.037481 0.53614
0.656 0.037734 0.56058
0.65411 0.037591 0.58748
0.66545 0.037662 0.55936
0.66148 0.037644 0.58122
0.65038 0.0376 0.60634
0.65872 0.037654 0.61569
0.64106 0.037951 0.65432
0.65627 0.037766 0.65387
0.63403 0.037986 0.67277
0.6221 0.037603 0.68508
0.64204 0.037717 0.69162
0.64276 0.037614 0.69974
0.61275 0.037515 0.71924
0.61035 0.037498 0.7364
0.63291 0.037532 0.73881
0.61472 0.037521 0.75453
0.60913 0.037519 0.76705
0.62963 0.037538 0.75724
0.62933 0.037541 0.76491
0.61294 0.037583 0.79147
0.6142 0.037598 0.79743
0.63008 0.037599 0.79089
0.63242 0.037615 0.79759
0.60631 0.037647 0.81309
0.60914 0.037681 0.84003
0.6324 0.03767 0.81528
0.63598 0.037696 0.83674
0.60977 0.037691 0.84681
0.60508 0.037697 0.86072
0.62811 0.037707 0.85039
0.62563 0.037711 0.86361
0.61224 0.037725 0.87652
0.60685 0.037743 0.89572
0.62144 0.037737 0.8844
0.6314 0.037743 0.89343
0.6094 0.037762 0.91311
0.61003 0.037743 0.92926
0.62181 0.037745 0.93058
0.61166 0.03771 0.94661
0.62384 0.037725 0.93974
0.62986 0.033365 0.96453
0.64126 0.037779 0.046206
0.65619 0.03777 0.038098
0.65823 0.037766 0.062394
0.64875 0.037765 0.077018
0.64284 0.037767 0.092773
0.66595 0.037761 0.071911
0.66887 0.037762 0.083016
0.65882 0.037764 0.10621
0.6528 0.037718 0.15349
0.6624 0.037732 0.13632
0.66434 0.037715 0.15334
0.64853 0.037707 0.16208
0.65085 0.037686 0.18476
0.66366 0.037693 0.16931
0.66034 0.037686 0.17602
0.65082 0.037673 0.19147
0.64881 0.037644 0.20771
0.67044 0.037662 0.19479
0.67015 0.03764 0.21049
0.64624 0.037594 0.22975
0.65352 0.037557 0.24973
0.66636 0.037536 0.25452
0.64906 0.037491 0.26758
0.64889 0.037439 0.28439
0.67422 0.037477 0.26855
0.66463 0.037441 0.27902
0.65332 0.037353 0.3051
0.66728 0.037329 0.3256
0.64765 0.037271 0.33249
0.6447 0.037052 0.36486
0.66742 0.037274 0.33622
0.66567 0.037118 0.36111
0.63558 0.037052 0.39654
0.64619 0.036984 0.39184
0.63674 0.036799 0.42443
0.65003 0.036865 0.41282
0.65009 0.036841 0.42403
0.62894 0.036639 0.44469
0.6398 0.036652 0.45937
0.65442 0.036793 0.44347
0.64624 0.036751 0.48067
0.64914 0.03679 0.48824
0.65839 0.036829 0.47932
0.66898 0.036978 0.49499
0.65942 0.037049 0.50493
0.66828 0.037347 0.5272
0.67706 0.037167 0.51038
0.68957 0.037364 0.5287
0.687 0.037545 0.55656
0.68821 0.03757 0.57615
0.67906 0.037632 0.59033
0.68104 0.037626 0.61314
0.69451 0.037665 0.61343
0.67122 0.037629 0.64724
0.68888 0.037657 0.62825
0.67726 0.037647 0.65138
0.66214 0.037793 0.66603
0.68293 0.037642 0.66434
0.65767 0.037527 0.70508
0.66399 0.037657 0.68783
0.66469 0.037548 0.69983
0.64982 0.037463 0.72067
0.64647 0.037524 0.73729
0.66377 0.037486 0.72503
0.67316 0.037549 0.73685
0.65207 0.037549 0.74752
0.64602 0.037566 0.76593
0.66586 0.037579 0.75386
0.66226 0.037579 0.76389
0.6411 0.037607 0.78869
0.65056 0.037635 0.80004
0.65973 0.037615 0.78338
0.65949 0.037651 0.80358
0.65009 0.037678 0.81657
0.64629 0.037702 0.83656
0.66687 0.037693 0.8193
0.66824 0.037714 0.83741
0.64774 0.037714 0.84364
0.647 0.037723 0.8595
0.65772 0.037726 0.84802
0.66294 0.037734 0.86824
0.6507 0.037739 0.8852
0.65051 0.037743 0.89271
0.65746 0.03774 0.88617
0.66581 0.037747 0.89756
0.64641 0.03776 0.91119
0.63865 0.037733 0.92959
0.6654 0.037754 0.90621
0.66148 0.037753 0.92122
0.63738 0.037695 0.94326
0.643 0.034454 0.95435
0.65854 0.037674 0.94118
0.66648 0.034116 0.95534
0.6834 0.037747 0.044552
0.68555 0.037746 0.051036
0.70197 0.037737 0.040325
0.69332 0.037745 0.058221
0.70104 0.037747 0.070502
0.69983 0.037753 0.089768
0.6738 0.037763 0.09902
0.67482 0.03776 0.11939
0.67899 0.037731 0.1361
0.68168 0.037714 0.15221
0.68527 0.037698 0.16411
0.69808 0.037693 0.1688
0.68609 0.037646 0.20036
0.67746 0.037636 0.21116
0.70111 0.037634 0.2074
0.69393 0.037618 0.22005
0.68311 0.037587 0.23396
0.69451 0.037571 0.24047
0.70071 0.037566 0.2456
0.6868 0.037435 0.28356
0.70326 0.037484 0.27371
0.69601 0.037447 0.28223
0.68135 0.037359 0.32076
0.69978 0.037398 0.31011
0.69912 0.037384 0.31696
0.68748 0.037274 0.3361
0.67989 0.037183 0.35043
0.69418 0.037242 0.34544
0.6894 0.037162 0.35984
0.67242 0.037032 0.3746
0.66743 0.036947 0.38706
0.69241 0.037107 0.37849
0.69218 0.037085 0.38839
0.67544 0.036944 0.40525
0.67058 0.036906 0.42717
0.6889 0.037041 0.40571
0.69718 0.037055 0.42246
0.67454 0.036884 0.46146
0.69569 0.037006 0.44439
0.68062 0.036967 0.47768
0.6922 0.037078 0.49013
0.70624 0.03712 0.47434
0.71167 0.037228 0.49449
0.69097 0.037259 0.51178
0.69546 0.037376 0.53003
0.71399 0.037367 0.52014
0.69826 0.037428 0.54045
0.70482 0.037512 0.5702
0.71421 0.037428 0.53808
0.72077 0.037539 0.56973
0.70294 0.037669 0.61508
0.7183 0.03756 0.5826
0.72576 0.03766 0.60786
0.7096 0.037654 0.62101
0.71724 0.037662 0.62953
0.71717 0.037644 0.64691
0.69494 0.037621 0.66439
0.69237 0.037601 0.67239
0.70982 0.03763 0.6563
0.70838 0.037607 0.67131
0.68349 0.037534 0.70591
0.70113 0.037557 0.69944
0.68875 0.037572 0.72333
0.67911 0.037561 0.73503
0.69549 0.037574 0.71476
0.68411 0.037614 0.75845
0.67693 0.037623 0.77366
0.7005 0.037629 0.75003
0.70386 0.037657 0.77091
0.68001 0.037643 0.78176
0.68178 0.037668 0.79985
0.69818 0.037664 0.78007
0.69158 0.03769 0.80685
0.67711 0.037693 0.81441
0.69069 0.037698 0.81224
0.69222 0.037722 0.83416
0.68374 0.037736 0.85432
0.69783 0.037735 0.84423
0.69035 0.03774 0.86988
0.68325 0.037741 0.87584
0.69376 0.037742 0.87468
0.69391 0.037748 0.89771
0.68133 0.037757 0.91119
0.6718 0.037703 0.93238
0.69176 0.037697 0.93149
0.68259 0.037647 0.94356
0.68379 0.033377 0.96358
0.69764 0.033637 0.95802
0.71173 0.037733 0.037274
0.71075 0.037736 0.054063
0.72731 0.037727 0.042247
0.72998 0.037729 0.059995
0.7136 0.037742 0.074872
0.73099 0.037733 0.074399
0.71436 0.037739 0.099015
0.71153 0.037733 0.1233
0.72967 0.037727 0.11001
0.73389 0.037722 0.12475
0.71019 0.037712 0.15359
0.73647 0.037712 0.14357
0.73452 0.037706 0.1556
0.7112 0.037693 0.17141
0.70946 0.037674 0.18799
0.72681 0.0377 0.16426
0.7362 0.03768 0.18256
0.71154 0.037661 0.19532
0.71141 0.037631 0.21398
0.72655 0.037648 0.20397
0.71922 0.037589 0.24069
0.73777 0.037592 0.2483
0.72294 0.037544 0.26428
0.72292 0.037499 0.28568
0.71147 0.037443 0.30249
0.71819 0.03739 0.32571
0.73774 0.037482 0.30401
0.72586 0.037398 0.3271
0.71899 0.037364 0.33258
0.71687 0.037277 0.35633
0.73106 0.037396 0.33337
0.73534 0.037359 0.35595
0.71757 0.037218 0.37579
0.70568 0.037153 0.38721
0.72734 0.037289 0.36791
0.72263 0.037212 0.3916
0.71121 0.037134 0.41057
0.73387 0.037286 0.40033
0.72453 0.037199 0.41869
0.71599 0.03712 0.43305
0.71068 0.037104 0.45876
0.73314 0.037265 0.4392
0.73036 0.037244 0.45535
0.71916 0.037163 0.46733
0.72241 0.037225 0.48672
0.72631 0.037212 0.46497
0.73602 0.037326 0.4882
0.73578 0.037362 0.50524
0.74299 0.037423 0.51979
0.73016 0.037487 0.5474
0.74638 0.037493 0.54536
0.75199 0.03755 0.56732
0.73903 0.037635 0.6072
0.75265 0.037574 0.58091
0.74797 0.037607 0.59321
0.73119 0.037657 0.64229
0.7438 0.037668 0.61629
0.74777 0.037689 0.64262
0.72757 0.037646 0.66027
0.73076 0.03764 0.66695
0.73999 0.037668 0.65518
0.74058 0.037671 0.674
0.72443 0.037617 0.69411
0.71918 0.037614 0.7028
0.73621 0.037657 0.68566
0.73844 0.037658 0.69959
0.72454 0.037645 0.72157
0.71182 0.03763 0.73458
0.72877 0.037654 0.73041
0.71477 0.037653 0.75057
0.71374 0.037661 0.76456
0.73584 0.037678 0.74779
0.73127 0.037681 0.76629
0.71757 0.037694 0.78348
0.70798 0.037695 0.79936
0.72938 0.037703 0.78218
0.71673 0.037724 0.82135
0.70718 0.037727 0.83284
0.72962 0.037722 0.80998
0.71918 0.037741 0.84186
0.70647 0.037744 0.86379
0.72557 0.037741 0.84192
0.71302 0.037747 0.88481
0.70696 0.037746 0.88938
0.72331 0.037748 0.87634
0.73504 0.037748 0.89863
0.70567 0.037755 0.9115
0.7168 0.037747 0.92036
0.73321 0.037751 0.90792
0.71196 0.033484 0.96004
0.73415 0.037639 0.94135
0.74122 0.037721 0.043234
0.74392 0.037722 0.056684
0.76352 0.037713 0.058052
0.75854 0.037719 0.076041
0.75649 0.037722 0.089554
0.76728 0.037715 0.10288
0.75757 0.037721 0.11581
0.74654 0.03771 0.14313
0.74288 0.037709 0.14872
0.75931 0.037711 0.13178
0.7675 0.037694 0.15502
0.74446 0.03769 0.16757
0.7503 0.037665 0.19063
0.76006 0.037677 0.1748
0.75883 0.037664 0.18926
0.75394 0.037648 0.20223
0.74862 0.037626 0.22614
0.76566 0.037636 0.2209
0.74822 0.037611 0.23945
0.76989 0.037629 0.23142
0.75316 0.037582 0.26434
0.74273 0.037541 0.28075
0.76706 0.037586 0.26833
0.74749 0.037473 0.32324
0.7597 0.037534 0.29832
0.76245 0.03751 0.32022
0.74453 0.03744 0.33554
0.74323 0.037383 0.36116
0.76274 0.037467 0.34174
0.76653 0.037458 0.35342
0.75264 0.037373 0.37567
0.74826 0.037351 0.38398
0.76952 0.037438 0.37206
0.75995 0.037382 0.38628
0.74605 0.037336 0.39901
0.74543 0.037321 0.42618
0.76608 0.037392 0.40838
0.74302 0.037315 0.43866
0.74501 0.037333 0.45787
0.76476 0.037383 0.43965
0.76884 0.037402 0.45061
0.75571 0.037363 0.46511
0.74924 0.037374 0.4845
0.77283 0.037438 0.47131
0.77235 0.037442 0.48197
0.77241 0.037471 0.50499
0.7684 0.037487 0.52863
0.75717 0.037507 0.54375
0.75891 0.037546 0.56343
0.77253 0.037529 0.53994
0.78106 0.037588 0.55634
0.76699 0.037577 0.58522
0.77238 0.037628 0.60346
0.77737 0.03765 0.60997
0.75427 0.03771 0.65544
0.75383 0.037712 0.6718
0.77346 0.037711 0.65359
0.75652 0.037723 0.6854
0.7526 0.037708 0.70445
0.77333 0.037722 0.69142
0.75513 0.037719 0.72284
0.75112 0.037705 0.7413
0.75011 0.037696 0.75809
0.74692 0.037696 0.76243
0.76509 0.037715 0.76416
0.75132 0.037728 0.78251
0.74967 0.037733 0.80057
0.76007 0.037727 0.77761
0.75338 0.037736 0.81978
0.75248 0.037738 0.83684
0.76118 0.037737 0.81099
0.76652 0.037735 0.8284
0.74265 0.037743 0.86339
0.7605 0.03774 0.85134
0.74732 0.037742 0.87237
0.74294 0.037747 0.9003
0.75965 0.03774 0.88102
0.75887 0.037742 0.89539
0.74967 0.037748 0.90438
0.76493 0.037747 0.911
0.75743 0.037699 0.93007
0.73984 0.037648 0.94026
0.74145 0.033637 0.95799
0.76598 0.033444 0.96088
0.77485 0.037705 0.043704
0.78318 0.037701 0.05207
0.79749 0.037696 0.047184
0.80054 0.037699 0.06276
0.7787 0.037709 0.06793
0.79304 0.037706 0.089182
0.7841 0.037703 0.11192
0.78341 0.037699 0.12717
0.79459 0.037699 0.10872
0.7984 0.037696 0.12279
0.78461 0.037694 0.14172
0.78215 0.03769 0.15473
0.79125 0.037695 0.1349
0.79286 0.037688 0.15942
0.78251 0.03768 0.17447
0.80115 0.037688 0.16575
0.79064 0.03767 0.19265
0.78233 0.037659 0.20347
0.78529 0.037644 0.22456
0.79793 0.037662 0.20843
0.79411 0.037649 0.22368
0.77685 0.03763 0.23405
0.77654 0.037606 0.25942
0.79383 0.037641 0.23322
0.79425 0.037628 0.25099
0.79707 0.037612 0.27255
0.77506 0.037555 0.30969
0.78097 0.03755 0.32527
0.80311 0.0376 0.298
0.7923 0.037568 0.31961
0.7815 0.03752 0.34194
0.78034 0.037493 0.35797
0.79138 0.037542 0.33472
0.7909 0.037513 0.3542
0.78306 0.037474 0.37338
0.78683 0.037461 0.38976
0.8001 0.037523 0.37199
0.80088 0.037512 0.39058
0.78534 0.037449 0.40453
0.78215 0.037438 0.41952
0.79313 0.037474 0.40191
0.79834 0.037491 0.42531
0.78224 0.037446 0.44055
0.79711 0.037491 0.44343
0.795 0.037482 0.44793
0.77983 0.037456 0.46798
0.78649 0.037477 0.48435
0.79847 0.037503 0.46667
0.80707 0.037554 0.48979
0.7922 0.037515 0.51019
0.80096 0.03754 0.50673
0.80869 0.037599 0.5289
0.78612 0.037604 0.56033
0.80409 0.03759 0.53459
0.80759 0.037634 0.5632
0.7928 0.037619 0.58126
0.79045 0.037636 0.59255
0.80596 0.03764 0.57967
0.79608 0.037651 0.6073
0.80341 0.03766 0.6093
0.7847 0.037715 0.64654
0.78328 0.037723 0.66675
0.80584 0.037711 0.65103
0.80003 0.03772 0.67209
0.78289 0.037726 0.69082
0.78436 0.037726 0.69875
0.80486 0.037733 0.68784
0.8042 0.037733 0.693
0.78767 0.03773 0.71746
0.77699 0.037725 0.73873
0.79325 0.037732 0.7391
0.78315 0.03773 0.74781
0.78587 0.037739 0.76953
0.80313 0.037743 0.74715
0.79983 0.037747 0.79875
0.77516 0.037734 0.82008
0.78111 0.037736 0.83434
0.79166 0.037741 0.81034
0.80122 0.037738 0.83389
0.77971 0.037739 0.85623
0.79121 0.037738 0.84526
0.781 0.037739 0.8796
0.77465 0.037741 0.8973
0.79801 0.037734 0.89391
0.77956 0.037692 0.93195
0.7941 0.037738 0.91434
0.78375 0.037636 0.94826
0.7748 0.033384 0.96314
0.79316 0.037647 0.94191
0.79815 0.033866 0.95632
0.80488 0.037694 0.046498
0.80554 0.037695 0.053705
0.83057 0.037686 0.046711
0.833 0.037685 0.05187
0.8051 0.0377 0.076177
0.80677 0.037699 0.091192
0.82988 0.037688 0.072294
0.82298 0.037693 0.088617
0.81199 0.037695 0.10331
0.81089 0.037694 0.1209
0.82211 0.037691 0.10633
0.82918 0.037691 0.12337
0.82936 0.037693 0.13823
0.82243 0.037688 0.17161
0.82253 0.037683 0.18324
0.81371 0.037675 0.20362
0.80725 0.037663 0.21893
0.83423 0.037676 0.20984
0.83083 0.037672 0.21969
0.80835 0.037653 0.23437
0.81173 0.037643 0.25467
0.8328 0.037653 0.25492
0.81988 0.037627 0.27769
0.8152 0.037623 0.28645
0.83508 0.037644 0.27481
0.82845 0.037629 0.29026
0.81907 0.037615 0.29931
0.81375 0.037601 0.31568
0.83021 0.037626 0.30092
0.82367 0.037603 0.325
0.81139 0.037576 0.34041
0.81608 0.03758 0.35009
0.82499 0.037595 0.3429
0.8112 0.037562 0.37473
0.81031 0.037549 0.39344
0.83369 0.037601 0.37523
0.81085 0.037546 0.40589
0.81187 0.037549 0.42456
0.82878 0.037578 0.41986
0.81289 0.037557 0.43881
0.82224 0.03757 0.45105
0.83566 0.037595 0.43622
0.81552 0.037574 0.46903
0.8122 0.037576 0.49001
0.8131 0.037594 0.50986
0.8227 0.03761 0.51943
0.83364 0.037626 0.51982
0.82123 0.037653 0.55577
0.83026 0.037648 0.55181
0.8223 0.037686 0.60089
0.84069 0.037691 0.57966
0.83616 0.037695 0.59772
0.82443 0.037682 0.61737
0.82494 0.037692 0.63312
0.83801 0.0377 0.61133
0.83195 0.037695 0.62941
0.81731 0.037713 0.65223
0.81757 0.037718 0.65913
0.83186 0.037703 0.64085
0.82197 0.037732 0.67476
0.81402 0.037746 0.70467
0.83187 0.037743 0.69231
0.81598 0.037751 0.71596
0.82997 0.037749 0.71423
0.81173 0.03775 0.74215
0.81178 0.03775 0.76717
0.83701 0.037754 0.74529
0.8371 0.037753 0.76006
0.80845 0.03775 0.78003
0.81147 0.037746 0.80071
0.83527 0.037749 0.78276
0.82883 0.037745 0.79713
0.81389 0.037746 0.80984
0.82764 0.037741 0.82975
0.80738 0.037738 0.84965
0.81351 0.037734 0.862
0.83225 0.037736 0.84527
0.83155 0.037731 0.86401
0.81715 0.03773 0.87401
0.80656 0.037731 0.89251
0.82845 0.037727 0.88246
0.80811 0.037732 0.90727
0.80703 0.037714 0.92212
0.82075 0.037728 0.90833
0.80689 0.03764 0.93836
0.81435 0.033431 0.96122
0.82895 0.037585 0.94822
0.82257 0.033379 0.96343
0.84362 0.03768 0.0445
0.84059 0.037682 0.054432
0.86252 0.037674 0.044679
0.84668 0.037679 0.078209
0.85021 0.037679 0.090181
0.85349 0.037676 0.073507
0.85535 0.037677 0.088501
0.85708 0.037683 0.1067
0.85661 0.037683 0.12973
0.84174 0.037686 0.14411
0.84855 0.03768 0.1563
0.8607 0.037679 0.13988
0.85478 0.037678 0.14978
0.83995 0.037681 0.17795
0.8425 0.037679 0.18866
0.85905 0.037679 0.17824
0.86692 0.03768 0.1931
0.85137 0.037676 0.20535
0.83991 0.03767 0.22562
0.86247 0.037677 0.20741
0.85494 0.037671 0.22727
0.85005 0.037664 0.24116
0.85947 0.037669 0.24176
0.86162 0.03767 0.25228
0.85865 0.037665 0.27057
0.86084 0.037662 0.29098
0.8461 0.037644 0.31025
0.83987 0.037631 0.31946
0.86325 0.037659 0.30304
0.85836 0.037651 0.31555
0.8445 0.037627 0.34965
0.86012 0.037647 0.33767
0.86799 0.037651 0.35661
0.84775 0.037621 0.3757
0.85655 0.037627 0.37433
0.86525 0.03764 0.38699
0.85194 0.037623 0.40605
0.85346 0.037623 0.41908
0.85738 0.037627 0.40094
0.86678 0.037643 0.42658
0.84656 0.037618 0.43776
0.84168 0.037609 0.45295
0.86025 0.037632 0.44226
0.86534 0.037642 0.45714
0.84516 0.037621 0.47391
0.84992 0.037635 0.48873
0.84971 0.037655 0.51085
0.85623 0.037668 0.52998
0.87107 0.037683 0.52074
0.85298 0.037674 0.54066
0.85429 0.037681 0.5565
0.86982 0.037688 0.54124
0.86762 0.03769 0.55441
0.85609 0.037692 0.57669
0.84911 0.037713 0.59699
0.86928 0.037702 0.57531
0.86203 0.037706 0.59255
0.85658 0.037733 0.62361
0.86627 0.03772 0.60425
0.86064 0.037736 0.63441
0.85484 0.03774 0.6638
0.86981 0.037741 0.64248
0.86354 0.037743 0.66716
0.85311 0.037734 0.684
0.84451 0.03774 0.69371
0.86525 0.037745 0.67593
0.86709 0.037751 0.70111
0.84527 0.037747 0.71191
0.85099 0.03775 0.72972
0.85916 0.037744 0.70799
0.85922 0.037749 0.73234
0.84813 0.037752 0.74253
0.84481 0.037752 0.76854
0.85998 0.03775 0.764
0.84071 0.037746 0.79873
0.86332 0.037749 0.77461
0.86699 0.037745 0.79345
0.84355 0.037743 0.81812
0.86541 0.037742 0.80769
0.86209 0.037736 0.82492
0.845 0.037733 0.84528
0.86155 0.037731 0.84093
0.86234 0.037727 0.85821
0.84702 0.037729 0.87686
0.84242 0.037724 0.89744
0.86088 0.037726 0.87103
0.84562 0.037712 0.91904
0.8643 0.037717 0.90579
0.8558 0.0377 0.922
0.84995 0.037652 0.93581
0.84298 0.03346 0.96046
0.86305 0.037659 0.93533
0.86121 0.033377 0.96355
0.87011 0.037672 0.039018
0.87188 0.037671 0.060586
0.88649 0.037668 0.039823
0.88795 0.037668 0.051639
0.88144 0.037669 0.075782
0.88205 0.03767 0.091194
0.89641 0.037667 0.077879
0.89067 0.037668 0.085177
0.88148 0.037674 0.10764
0.88236 0.037675 0.12612
0.89062 0.037674 0.11736
0.87563 0.037676 0.1362
0.88298 0.037677 0.15613
0.89424 0.037674 0.14589
0.8896 0.037677 0.15987
0.87762 0.037682 0.18827
0.89372 0.037679 0.16738
0.89793 0.037682 0.18708
0.87305 0.03768 0.20102
0.87847 0.03768 0.21666
0.89162 0.037681 0.20818
0.88763 0.037682 0.21923
0.8713 0.037679 0.23421
0.87471 0.037676 0.27154
0.87688 0.037673 0.28668
0.89894 0.037685 0.26617
0.89214 0.037679 0.28901
0.87316 0.037663 0.31146
0.88275 0.03767 0.31962
0.8893 0.037675 0.30005
0.88843 0.037672 0.31657
0.8801 0.037669 0.34184
0.89545 0.037678 0.33651
0.90033 0.037682 0.35021
0.88072 0.037667 0.37721
0.87368 0.037654 0.38498
0.8946 0.037679 0.36933
0.89778 0.037683 0.39022
0.87642 0.037659 0.40514
0.87889 0.037663 0.41786
0.89924 0.037687 0.41121
0.89504 0.037681 0.41704
0.88566 0.037671 0.43979
0.88983 0.037675 0.45008
0.88514 0.037674 0.47943
0.88354 0.037683 0.49454
0.88995 0.037684 0.49278
0.87507 0.037679 0.5045
0.88276 0.037702 0.5298
0.89317 0.037701 0.51274
0.895 0.037709 0.5258
0.87951 0.037702 0.54006
0.8948 0.037713 0.53813
0.89901 0.037724 0.55264
0.88436 0.037718 0.57523
0.88215 0.037728 0.59844
0.89594 0.037725 0.5756
0.89287 0.037731 0.5992
0.88121 0.037732 0.60692
0.88601 0.037741 0.63292
0.89244 0.037736 0.61044
0.89181 0.037742 0.62794
0.88414 0.037745 0.65089
0.89295 0.037747 0.64848
0.89568 0.037756 0.66075
0.87648 0.037759 0.67738
0.90098 0.037765 0.69959
0.87523 0.03776 0.71561
0.88336 0.03776 0.73256
0.89776 0.037766 0.70605
0.89307 0.037761 0.72507
0.87618 0.037754 0.74775
0.87446 0.03775 0.76718
0.88967 0.037755 0.74543
0.89958 0.037746 0.76587
0.87655 0.037747 0.78233
0.88032 0.037741 0.79887
0.89185 0.03774 0.7896
0.87318 0.037738 0.81705
0.87905 0.037733 0.82596
0.89071 0.037736 0.80614
0.87813 0.037728 0.84147
0.88251 0.037722 0.86431
0.89561 0.037724 0.84036
0.88739 0.037721 0.85943
0.87553 0.037719 0.89151
0.89291 0.037718 0.87031
0.89574 0.037714 0.89004
0.88072 0.037714 0.90367
0.8818 0.037682 0.92895
0.89369 0.037709 0.91003
0.8971 0.037666 0.93049
0.87292 0.037649 0.94081
0.89838 0.033435 0.96108
0.90538 0.037666 0.037468
0.91225 0.037665 0.053941
0.92244 0.037644 0.038771
0.91531 0.037667 0.074954
0.9042 0.037668 0.089775
0.92879 0.037626 0.094014
0.91183 0.037669 0.10808
0.91012 0.037672 0.12831
0.92131 0.037654 0.10301
0.92384 0.037648 0.11737
0.90622 0.037673 0.1336
0.90876 0.037676 0.15729
0.92247 0.037656 0.13809
0.91439 0.037679 0.18646
0.92818 0.03765 0.17012
0.93096 0.037638 0.19472
0.91536 0.037679 0.20362
0.91304 0.03768 0.22055
0.92747 0.03764 0.20767
0.91958 0.037672 0.22459
0.90929 0.037683 0.24447
0.9282 0.037651 0.24114
0.92238 0.037671 0.25422
0.90955 0.037687 0.26799
0.93183 0.037651 0.27777
0.93105 0.037655 0.29205
0.91301 0.037692 0.32352
0.92425 0.037676 0.30049
0.92325 0.037681 0.32039
0.90559 0.037686 0.33425
0.9085 0.03769 0.35953
0.92989 0.03767 0.33529
0.92044 0.03769 0.35384
0.90751 0.03769 0.37
0.91228 0.037698 0.3892
0.92582 0.037673 0.39387
0.92576 0.037674 0.40176
0.93124 0.03766 0.42932
0.90748 0.037703 0.45421
0.92786 0.037676 0.43428
0.9097 0.037708 0.48009
0.90719 0.037712 0.49601
0.92835 0.037678 0.47198
0.92594 0.037691 0.48609
0.91354 0.037727 0.5038
0.91457 0.037738 0.52386
0.92957 0.037699 0.51302
0.92715 0.03771 0.52018
0.92581 0.037719 0.53897
0.92771 0.037719 0.55592
0.91706 0.037756 0.59769
0.92722 0.037741 0.57699
0.93066 0.037748 0.59707
0.91293 0.037757 0.60702
0.90804 0.037759 0.62444
0.9242 0.037757 0.60803
0.92565 0.037758 0.62055
0.90647 0.037764 0.64591
0.93325 0.037719 0.64944
0.92437 0.037747 0.66542
0.91482 0.037757 0.69011
0.9259 0.037728 0.68322
0.92895 0.03771 0.69791
0.91397 0.03776 0.70694
0.92362 0.037733 0.71089
0.91081 0.037753 0.74292
0.91395 0.037745 0.76196
0.92072 0.03774 0.7389
0.91996 0.037734 0.767
0.91507 0.03774 0.77406
0.914 0.037733 0.79039
0.92636 0.03771 0.77809
0.92697 0.0377 0.79746
0.90552 0.037727 0.81749
0.91269 0.037723 0.82378
0.92145 0.037714 0.80489
0.91906 0.037713 0.82754
0.90653 0.037719 0.8467
0.90684 0.037716 0.86317
0.92377 0.037688 0.83735
0.91942 0.037705 0.86261
0.91218 0.037714 0.87391
0.91942 0.037704 0.87254
0.9307 0.037662 0.88996
0.90773 0.037704 0.9101
0.90884 0.037659 0.92897
0.92072 0.037687 0.90909
0.92862 0.037617 0.92503
0.90733 0.037618 0.94096
0.91331 0.033527 0.95917
0.91912 0.0376 0.93945
0.92426 0.033459 0.96043
0.93771 0.037586 0.042088
0.93797 0.037585 0.054513
0.954 0.034451 0.037235
0.95744 0.03368 0.061077
0.93496 0.037598 0.074292
0.95992 0.033482 0.087125
0.94682 0.037568 0.10537
0.95913 0.03353 0.1268
0.94671 0.037577 0.14423
0.94327 0.037595 0.1545
0.9584 0.033587 0.13987
0.95185 0.035732 0.15682
0.93643 0.037629 0.17019
0.94614 0.037596 0.19363
0.95502 0.034148 0.19511
0.93997 0.037598 0.20349
0.94006 0.037598 0.22612
0.9632 0.033382 0.21222
0.96099 0.033437 0.21919
0.94084 0.037621 0.24475
0.94685 0.03761 0.2502
0.9609 0.033441 0.23474
0.95254 0.035254 0.26128
0.94362 0.037618 0.26856
0.94024 0.037628 0.28552
0.9596 0.033503 0.27298
0.9418 0.037626 0.29948
0.94143 0.03764 0.32762
0.95485 0.034212 0.29916
0.9644 0.033366 0.32205
0.94582 0.03764 0.33969
0.94343 0.037642 0.35444
0.95865 0.033571 0.3574
0.9405 0.037636 0.36572
0.94751 0.03759 0.39537
0.96421 0.033368 0.37733
0.95213 0.035556 0.39418
0.94586 0.037594 0.405
0.96348 0.033378 0.40806
0.95639 0.033845 0.42695
0.94163 0.037629 0.4434
0.94565 0.037617 0.45033
0.95351 0.034714 0.43397
0.95972 0.033497 0.45135
0.93978 0.037633 0.47165
0.96358 0.033377 0.4785
0.95527 0.034118 0.49456
0.9465 0.037636 0.50857
0.9427 0.037655 0.52218
0.95309 0.035017 0.51166
0.9598 0.033498 0.52689
0.93773 0.037679 0.55514
0.96435 0.033367 0.53946
0.95856 0.033594 0.55783
0.94411 0.03774 0.59496
0.9411 0.037735 0.61419
0.94125 0.037725 0.6232
0.95975 0.033508 0.6284
0.94453 0.037687 0.64034
0.96135 0.033432 0.63805
0.96359 0.033378 0.66041
0.94867 0.037641 0.67825
0.96001 0.033488 0.67633
0.9592 0.033536 0.69732
0.94089 0.037645 0.71557
0.93989 0.037645 0.72656
0.95421 0.034467 0.71726
0.95487 0.034231 0.72241
0.94358 0.037622 0.75744
0.95552 0.034045 0.74875
0.95963 0.033505 0.75758
0.94125 0.037667 0.781
0.94121 0.03765 0.80061
0.9576 0.03368 0.78892
0.93967 0.037648 0.80564
0.95405 0.034486 0.81368
0.95896 0.033544 0.83181
0.93804 0.037612 0.84724
0.9649 0.033361 0.85806
0.9426 0.037625 0.88676
0.95938 0.033515 0.87117
0.93763 0.037589 0.92227
0.95622 0.033863 0.90817
0.96455 0.033364 0.92076
0.93852 0.037533 0.93667
0.9421 0.033583 0.95837
0.95917 0.033522 0.94263
0.95413 0.033357 0.96277
