2635
1 1 1
0.034967 0.037675 0.044832
0.040959 0.037676 0.054147
0.062158 0.037679 0.035662
0.05822 0.037678 0.051381
0.046017 0.03768 0.068808
0.043489 0.037687 0.093056
0.059546 0.037684 0.080518
0.056014 0.037688 0.096716
0.038507 0.037692 0.11023
0.041163 0.037697 0.12014
0.063004 0.037691 0.10694
0.062362 0.037713 0.14245
0.040266 0.037726 0.18812
0.057874 0.037722 0.17806
0.060551 0.037731 0.19361
0.0361 0.037732 0.19844
0.040206 0.037748 0.22417
0.052855 0.037736 0.20345
0.055841 0.037745 0.21674
0.047426 0.037754 0.23315
0.042056 0.037768 0.25422
0.052398 0.037759 0.23946
0.060873 0.03777 0.25397
0.046845 0.037777 0.26601
0.045991 0.03779 0.283
0.055 0.037785 0.27496
0.062213 0.037794 0.28362
0.06087 0.03781 0.30457
0.05653 0.037821 0.31971
0.044619 0.037831 0.34103
0.060895 0.037833 0.34961
0.04561 0.037838 0.37111
0.044686 0.037843 0.38449
0.059531 0.037839 0.36893
0.055094 0.037849 0.39074
0.044053 0.037855 0.4014
0.037372 0.037867 0.42088
0.059235 0.037859 0.40417
0.053143 0.037867 0.41569
0.041909 0.037876 0.44411
0.057822 0.037878 0.44186
0.057 0.037882 0.45817
0.041329 0.037882 0.47179
0.043092 0.037882 0.48675
0.05112 0.037884 0.47151
0.056499 0.037883 0.4904
0.03813 0.037871 0.50686
0.037846 0.037864 0.52823
0.053477 0.037873 0.50886
0.057585 0.037869 0.52728
0.044702 0.037863 0.53987
0.042507 0.037862 0.56586
0.059447 0.037868 0.53838
0.058176 0.037865 0.55936
0.036878 0.037862 0.57717
0.035795 0.037859 0.5998
0.050584 0.037864 0.57575
0.052434 0.037862 0.59607
0.043088 0.037858 0.60464
0.036108 0.037847 0.63204
0.050497 0.037858 0.61075
0.056232 0.037856 0.62364
0.05059 0.037838 0.65157
0.052492 0.037835 0.66358
0.046825 0.037827 0.67544
0.051636 0.03783 0.67364
0.057016 0.037824 0.69134
0.03591 0.03779 0.73239
0.05887 0.037804 0.71576
0.051008 0.037796 0.72514
0.043145 0.03778 0.74857
0.036942 0.037769 0.76399
0.058135 0.037783 0.74539
0.051426 0.037771 0.76212
0.040591 0.037763 0.77443
0.03713 0.037745 0.80049
0.057457 0.03776 0.78286
0.055618 0.037752 0.7925
0.039611 0.037729 0.82685
0.052367 0.037736 0.81506
0.057873 0.037727 0.83225
0.037957 0.03772 0.84367
0.034995 0.03771 0.86227
0.053294 0.037724 0.8381
0.055645 0.037712 0.86027
0.035544 0.037705 0.87191
0.044946 0.037698 0.89301
0.05762 0.037701 0.87923
0.056146 0.037698 0.88928
0.041805 0.037699 0.91232
0.037042 0.033923 0.95626
0.058295 0.037592 0.94488
0.060752 0.034468 0.95426
0.078819 0.037684 0.045231
0.074731 0.037683 0.059572
0.077668 0.037687 0.088067
0.0937 0.03769 0.073737
0.091036 0.037691 0.087997
0.070811 0.037691 0.10605
0.071767 0.037702 0.12879
0.084564 0.037693 0.10848
0.088648 0.037699 0.12186
0.069254 0.037709 0.13963
0.088655 0.037706 0.13593
0.091812 0.037717 0.15722
0.071189 0.037722 0.17518
0.067244 0.03773 0.19004
0.093131 0.037724 0.17486
0.093504 0.037733 0.19001
0.076193 0.037741 0.20487
0.074786 0.037752 0.22171
0.087388 0.037747 0.20987
0.09533 0.037757 0.22538
0.068616 0.037762 0.24277
0.071081 0.037767 0.24914
0.083997 0.037765 0.24325
0.088188 0.037772 0.25136
0.074522 0.037787 0.27187
0.073445 0.0378 0.28921
0.09331 0.037789 0.27176
0.066677 0.037811 0.30584
0.066902 0.037822 0.32493
0.090251 0.037808 0.30418
0.088064 0.037819 0.32536
0.069529 0.037829 0.34402
0.087103 0.037826 0.33976
0.085835 0.037833 0.35472
0.073875 0.037842 0.37784
0.088741 0.037843 0.37107
0.092228 0.037849 0.38283
0.067575 0.037862 0.40942
0.071335 0.037869 0.42273
0.090234 0.037868 0.41154
0.083659 0.037873 0.4182
0.067216 0.037879 0.44492
0.081076 0.03788 0.43678
0.082201 0.037888 0.45591
0.07175 0.037885 0.47394
0.075639 0.037885 0.48453
0.086892 0.037891 0.47979
0.086132 0.03789 0.49074
0.067176 0.03788 0.50246
0.082432 0.037886 0.51966
0.074766 0.037873 0.53655
0.070014 0.037866 0.56492
0.079877 0.03787 0.56263
0.071772 0.037865 0.5711
0.067624 0.037863 0.5998
0.082785 0.037873 0.57145
0.0854 0.03787 0.59529
0.07222 0.037861 0.62967
0.086901 0.037869 0.61301
0.09168 0.037864 0.6225
0.07105 0.037856 0.64275
0.089804 0.037849 0.66609
0.066673 0.037836 0.68244
0.083556 0.037849 0.67501
0.086742 0.037833 0.69459
0.074659 0.037811 0.71229
0.066492 0.037793 0.73308
0.088935 0.037807 0.72489
0.069885 0.037785 0.74565
0.074758 0.037778 0.7579
0.086293 0.037793 0.74187
0.083539 0.037778 0.76269
0.070323 0.037769 0.7737
0.072029 0.037751 0.79936
0.092526 0.037766 0.78531
0.07149 0.037737 0.81616
0.079195 0.037733 0.82359
0.091548 0.037749 0.80721
0.088916 0.037733 0.83253
0.07386 0.037725 0.84238
0.073821 0.037714 0.8617
0.088901 0.037714 0.86557
0.075997 0.037699 0.88267
0.087547 0.037708 0.87381
0.084428 0.037699 0.89035
0.070827 0.037699 0.90976
0.076361 0.037674 0.93091
0.088145 0.037701 0.90278
0.070875 0.037647 0.93867
0.085334 0.037662 0.94736
0.10991 0.037688 0.039027
0.10535 0.037689 0.05738
0.12579 0.037693 0.037875
0.12128 0.037692 0.052204
0.10215 0.037691 0.06837
0.10647 0.037698 0.09429
0.12337 0.037703 0.09644
0.10485 0.037699 0.11023
0.11281 0.037707 0.12851
0.12422 0.037705 0.11809
0.10661 0.037711 0.14093
0.10162 0.037717 0.15556
0.12534 0.037724 0.15543
0.10647 0.037724 0.1724
0.10509 0.037732 0.18709
0.12609 0.037729 0.1664
0.11723 0.037738 0.19313
0.1111 0.037753 0.21618
0.11606 0.037743 0.20036
0.11492 0.037761 0.22651
0.10391 0.037766 0.23775
0.098807 0.037777 0.2555
0.1185 0.037769 0.23683
0.10416 0.037788 0.27298
0.10363 0.037794 0.28568
0.11747 0.03779 0.27649
0.12517 0.037789 0.28292
0.10384 0.0378 0.30322
0.10422 0.037811 0.32566
0.1243 0.037799 0.3084
0.11312 0.037802 0.3173
0.1011 0.037817 0.33349
0.10201 0.037833 0.35815
0.11213 0.03783 0.35299
0.096487 0.037838 0.36523
0.11257 0.037843 0.36949
0.11808 0.037864 0.39332
0.099502 0.037859 0.39817
0.099027 0.037874 0.42524
0.10938 0.037874 0.42543
0.095311 0.03788 0.43769
0.096124 0.037885 0.44967
0.10978 0.037884 0.44424
0.11142 0.037889 0.45677
0.095467 0.037887 0.47054
0.10328 0.037884 0.48714
0.11245 0.037892 0.47189
0.11787 0.037895 0.48915
0.099725 0.037882 0.50334
0.095448 0.037881 0.52536
0.11483 0.037886 0.52572
0.10111 0.037881 0.53813
0.097037 0.03788 0.55981
0.11678 0.037887 0.54358
0.095373 0.037875 0.58268
0.097448 0.037871 0.5958
0.11387 0.037887 0.57653
0.1154 0.037871 0.60186
0.10496 0.037857 0.61746
0.10514 0.037852 0.62737
0.12105 0.037845 0.63281
0.10248 0.037845 0.64634
0.10223 0.037841 0.65933
0.115 0.037844 0.64113
0.1124 0.037831 0.66815
0.10141 0.037832 0.68458
0.11786 0.037826 0.68452
0.10485 0.037813 0.72969
0.12279 0.037821 0.70838
0.1245 0.037806 0.73574
0.099561 0.037801 0.74051
0.10362 0.037788 0.75689
0.11776 0.037784 0.76529
0.10528 0.037773 0.77602
0.12562 0.037769 0.78024
0.11579 0.037762 0.79213
0.10754 0.03774 0.8304
0.11595 0.037757 0.80594
0.11947 0.037741 0.83447
0.10893 0.037734 0.84023
0.12452 0.037735 0.84367
0.12449 0.037727 0.85713
0.10761 0.037713 0.87656
0.11136 0.037709 0.89299
0.12747 0.037718 0.88341
0.12117 0.037711 0.89786
0.10252 0.037703 0.91002
0.12058 0.037708 0.91238
0.1191 0.037684 0.92553
0.10422 0.037659 0.93852
0.12879 0.037621 0.94653
0.12727 0.033374 0.96458
0.14087 0.037701 0.039764
0.15614 0.037708 0.035256
0.15773 0.037708 0.053232
0.1335 0.037702 0.076106
0.13865 0.037706 0.095183
0.15144 0.037707 0.07178
0.15561 0.037711 0.090209
0.13818 0.037706 0.10618
0.13968 0.037709 0.11746
0.15012 0.03771 0.1107
0.15431 0.037714 0.11619
0.13292 0.037718 0.13741
0.13361 0.037729 0.15897
0.15778 0.037734 0.15228
0.13193 0.037736 0.1777
0.15537 0.037743 0.17187
0.15394 0.037749 0.18344
0.13391 0.037752 0.20472
0.13928 0.037763 0.22441
0.15621 0.037755 0.20562
0.13235 0.037769 0.23707
0.14163 0.037774 0.25222
0.14783 0.037767 0.22989
0.15454 0.037775 0.25801
0.13409 0.03778 0.26658
0.13296 0.037789 0.28846
0.15168 0.037778 0.26596
0.14796 0.037787 0.28486
0.14002 0.037795 0.30216
0.12816 0.037802 0.31333
0.15296 0.037794 0.29601
0.14474 0.037808 0.31931
0.12999 0.037821 0.34171
0.13851 0.037822 0.34823
0.14907 0.037815 0.32973
0.13506 0.037839 0.37275
0.1296 0.037848 0.38177
0.15141 0.037837 0.37512
0.12561 0.037877 0.42057
0.13872 0.037873 0.42389
0.13218 0.037878 0.43975
0.12579 0.037887 0.45376
0.14336 0.037879 0.44227
0.14161 0.037883 0.45222
0.12651 0.037892 0.46951
0.12488 0.037893 0.48643
0.14316 0.037896 0.47186
0.13301 0.03787 0.51016
0.13236 0.037863 0.52463
0.14851 0.037878 0.50169
0.12671 0.037869 0.54616
0.13304 0.037853 0.56827
0.13983 0.037851 0.55077
0.14869 0.037858 0.55551
0.13393 0.037848 0.58467
0.1294 0.037852 0.59739
0.14806 0.03784 0.58486
0.14715 0.037838 0.59715
0.12899 0.037846 0.61443
0.13176 0.037837 0.63193
0.14933 0.037834 0.61953
0.14502 0.037834 0.62962
0.13521 0.037825 0.6632
0.15338 0.037826 0.64886
0.14437 0.037824 0.66473
0.13293 0.037821 0.67622
0.13885 0.037811 0.69673
0.1428 0.037816 0.68021
0.14546 0.037807 0.70438
0.12811 0.037816 0.70762
0.13935 0.037795 0.73551
0.14981 0.037805 0.71089
0.14594 0.037792 0.73547
0.13959 0.037787 0.75086
0.13382 0.037777 0.76801
0.15146 0.037789 0.74205
0.15525 0.03778 0.75843
0.13706 0.037761 0.79474
0.14989 0.037772 0.77848
0.15162 0.037763 0.80058
0.14252 0.037758 0.80857
0.14024 0.037747 0.8295
0.16049 0.03776 0.81631
0.15322 0.037749 0.83003
0.13863 0.037733 0.84842
0.14523 0.037729 0.86342
0.15787 0.037739 0.84751
0.15815 0.037734 0.86287
0.13556 0.037723 0.87743
0.15517 0.03773 0.88177
0.15374 0.037726 0.89834
0.13389 0.037714 0.90942
0.13892 0.037675 0.92863
0.15588 0.037724 0.91161
0.15359 0.03769 0.92566
0.13528 0.035296 0.95265
0.15734 0.037631 0.94098
0.15712 0.033445 0.96148
0.16968 0.037712 0.044761
0.17645 0.037715 0.060981
0.18568 0.037718 0.045429
0.18469 0.037718 0.054929
0.1693 0.037714 0.076041
0.17294 0.037719 0.091593
0.18811 0.037723 0.077472
0.18771 0.037727 0.092562
0.16826 0.03772 0.10547
0.17211 0.037727 0.12811
0.18236 0.037728 0.10677
0.18911 0.037735 0.11724
0.1705 0.03773 0.13996
0.17692 0.037735 0.15303
0.18506 0.037736 0.14428
0.18925 0.037742 0.14936
0.17583 0.037748 0.19215
0.18765 0.037746 0.17081
0.18285 0.03775 0.18739
0.17134 0.037759 0.22516
0.18391 0.037753 0.19997
0.18272 0.037759 0.2182
0.16887 0.037765 0.23753
0.17061 0.037771 0.25547
0.1824 0.03777 0.24702
0.18316 0.037772 0.2682
0.17842 0.037781 0.28648
0.16129 0.03779 0.29508
0.16696 0.037799 0.312
0.1801 0.037792 0.30599
0.18203 0.037797 0.32261
0.1592 0.03781 0.33954
0.16164 0.037809 0.34636
0.17573 0.037799 0.33448
0.1784 0.037802 0.34392
0.16689 0.037812 0.36897
0.17646 0.037808 0.37162
0.17291 0.037805 0.3888
0.1613 0.037823 0.42408
0.18026 0.037797 0.40065
0.18001 0.037798 0.41975
0.16088 0.037833 0.43717
0.1615 0.03784 0.45231
0.17578 0.037813 0.4336
0.16929 0.037833 0.45876
0.15766 0.037869 0.48689
0.17032 0.037856 0.47767
0.17294 0.03786 0.48606
0.15654 0.037859 0.50277
0.15645 0.037851 0.53102
0.17453 0.037853 0.50886
0.17231 0.03785 0.53093
0.15683 0.037852 0.54629
0.16856 0.037839 0.56409
0.16432 0.037822 0.58129
0.15574 0.037828 0.59416
0.17611 0.037824 0.58755
0.17108 0.037808 0.59977
0.16463 0.037808 0.61103
0.15922 0.037818 0.63246
0.172 0.037804 0.60933
0.17238 0.037802 0.62841
0.15987 0.037821 0.65101
0.16195 0.037818 0.661
0.18366 0.037825 0.65577
0.18438 0.03782 0.66741
0.16242 0.037814 0.67895
0.16178 0.037809 0.69476
0.1745 0.037811 0.67711
0.17787 0.03781 0.69708
0.16842 0.037799 0.72188
0.16557 0.037792 0.73339
0.17796 0.037806 0.70998
0.17939 0.037789 0.7385
0.17238 0.037777 0.75263
0.16591 0.037777 0.76007
0.18092 0.037779 0.75218
0.16604 0.037772 0.79454
0.18553 0.037782 0.77521
0.18558 0.037777 0.80126
0.17145 0.037766 0.80915
0.18449 0.037768 0.81703
0.1864 0.037759 0.83158
0.1765 0.037747 0.8416
0.1679 0.037737 0.85771
0.18549 0.037748 0.84855
0.18374 0.037744 0.85545
0.16634 0.037735 0.87661
0.16644 0.037733 0.89275
0.19165 0.037743 0.87186
0.19114 0.03774 0.89103
0.16869 0.037682 0.92944
0.18363 0.037684 0.93051
0.17837 0.034732 0.95372
0.18531 0.037647 0.93882
0.1905 0.033958 0.95621
0.20009 0.037728 0.044165
0.20822 0.037733 0.058159
0.22155 0.037742 0.034948
0.21963 0.037741 0.055915
0.20689 0.037733 0.068151
0.20355 0.037733 0.087691
0.224 0.037744 0.070134
0.22046 0.037744 0.092194
0.20902 0.037739 0.099545
0.2028 0.037745 0.12531
0.22548 0.03775 0.099884
0.21713 0.037752 0.1197
0.20151 0.03775 0.14031
0.19656 0.037749 0.17145
0.20629 0.037757 0.1871
0.2226 0.037754 0.16975
0.2247 0.037751 0.18048
0.20138 0.037761 0.19777
0.21846 0.037765 0.19705
0.20581 0.037765 0.23492
0.21927 0.037774 0.22924
0.21588 0.037769 0.25277
0.19808 0.037756 0.26996
0.19312 0.037761 0.27834
0.2159 0.037762 0.26338
0.20884 0.037745 0.28191
0.20012 0.037752 0.30287
0.19742 0.037767 0.32278
0.20646 0.037742 0.31114
0.19099 0.037783 0.32873
0.1949 0.037779 0.35143
0.20673 0.037757 0.32775
0.21525 0.037763 0.34443
0.19797 0.037763 0.36115
0.1946 0.03776 0.37911
0.20955 0.037755 0.35924
0.20227 0.037738 0.38562
0.19206 0.037767 0.40408
0.20041 0.037745 0.40065
0.19147 0.037782 0.42796
0.18275 0.03783 0.4554
0.20443 0.037772 0.42929
0.20386 0.037798 0.44827
0.18758 0.037841 0.46769
0.18988 0.037853 0.48901
0.194 0.037844 0.47583
0.19783 0.037862 0.48951
0.18622 0.037854 0.51104
0.18816 0.037844 0.52484
0.18908 0.037835 0.5422
0.19015 0.037829 0.55679
0.20025 0.037827 0.55788
0.18847 0.037816 0.58753
0.18528 0.037819 0.59983
0.20416 0.037813 0.58571
0.20417 0.037815 0.59274
0.18623 0.037815 0.61246
0.18836 0.037819 0.63768
0.21091 0.037821 0.63859
0.18883 0.037822 0.65422
0.19786 0.037814 0.66106
0.21056 0.03782 0.64723
0.19867 0.037806 0.67935
0.19376 0.0378 0.70122
0.20927 0.037804 0.68104
0.20849 0.037792 0.7029
0.1932 0.037793 0.71484
0.1935 0.037784 0.73364
0.20958 0.037781 0.71711
0.2121 0.037773 0.72821
0.19799 0.037779 0.76512
0.21373 0.03778 0.75415
0.19773 0.037784 0.78628
0.20479 0.037782 0.798
0.21503 0.037785 0.77799
0.20044 0.037765 0.83556
0.2226 0.037789 0.82066
0.21975 0.037778 0.83479
0.2012 0.037755 0.84949
0.20482 0.037749 0.86266
0.21839 0.037772 0.84107
0.2201 0.037756 0.86206
0.20407 0.037742 0.87773
0.20672 0.037742 0.89476
0.21677 0.037744 0.87944
0.22184 0.037747 0.89771
0.2111 0.037705 0.92808
0.22188 0.037755 0.91495
0.19941 0.037613 0.94717
0.21085 0.033409 0.96269
0.21878 0.037643 0.94304
0.21929 0.033781 0.95729
0.23198 0.037749 0.034953
0.23553 0.037752 0.060687
0.24915 0.037761 0.04219
0.2572 0.037766 0.055404
0.2372 0.037752 0.066675
0.23347 0.037751 0.083085
0.25304 0.037762 0.074381
0.25626 0.037765 0.083508
0.24256 0.037768 0.11623
0.25251 0.037768 0.098918
0.24775 0.037771 0.12265
0.23183 0.037765 0.14098
0.25088 0.03777 0.13524
0.25636 0.037768 0.15114
0.23148 0.037751 0.17165
0.24106 0.037749 0.18608
0.24864 0.037752 0.17123
0.25422 0.037756 0.18034
0.23392 0.037759 0.20522
0.22703 0.037772 0.22311
0.2504 0.037757 0.19979
0.22603 0.037775 0.23791
0.23256 0.037781 0.24324
0.23365 0.037773 0.26607
0.23191 0.03776 0.28593
0.25169 0.037769 0.27456
0.24951 0.037748 0.29814
0.24554 0.037742 0.31299
0.22284 0.037741 0.34705
0.2413 0.037721 0.33423
0.24634 0.03771 0.35115
0.22578 0.037718 0.35869
0.23746 0.037693 0.36407
0.23275 0.037673 0.37857
0.21672 0.037725 0.39871
0.22567 0.03769 0.41217
0.23543 0.037672 0.39138
0.22001 0.03772 0.42672
0.21672 0.037758 0.44715
0.2362 0.037668 0.42993
0.23057 0.037698 0.45013
0.21022 0.037855 0.47336
0.22451 0.03779 0.46787
0.22958 0.037856 0.48417
0.22023 0.037834 0.50583
0.22496 0.037841 0.53377
0.21638 0.037836 0.54991
0.2126 0.037832 0.56837
0.22188 0.037804 0.5962
0.2307 0.03779 0.60395
0.22628 0.037776 0.6158
0.2242 0.037773 0.64225
0.23248 0.037757 0.62042
0.23784 0.037737 0.6383
0.2212 0.037782 0.65665
0.22939 0.037755 0.66728
0.23875 0.037733 0.65943
0.24025 0.037746 0.67388
0.23002 0.037773 0.69007
0.24833 0.037754 0.69918
0.23158 0.037757 0.72522
0.24274 0.037754 0.71678
0.24488 0.03775 0.73584
0.23185 0.037764 0.74822
0.22963 0.037771 0.76523
0.24645 0.03776 0.75408
0.25554 0.037764 0.7708
0.22737 0.037785 0.78479
0.23599 0.037786 0.79722
0.25136 0.037775 0.77982
0.23683 0.037791 0.81241
0.25442 0.037791 0.81451
0.24844 0.03779 0.83292
0.23875 0.037779 0.84797
0.23458 0.037764 0.86305
0.23339 0.037751 0.88074
0.23243 0.037747 0.88987
0.25498 0.037761 0.8795
0.24294 0.037758 0.91378
0.23381 0.037715 0.92941
0.24877 0.037758 0.90491
0.25761 0.037723 0.93164
0.24102 0.03345 0.96143
0.2529 0.037703 0.93695
0.27332 0.037777 0.055672
0.29344 0.037786 0.059954
0.27497 0.037773 0.078053
0.26813 0.037773 0.092498
0.29191 0.037784 0.072752
0.26898 0.037778 0.10692
0.2883 0.037785 0.10181
0.28332 0.037785 0.12014
0.26924 0.037773 0.13308
0.26627 0.037769 0.15329
0.29046 0.037776 0.13441
0.29161 0.037775 0.1538
0.26235 0.037764 0.16588
0.26724 0.037767 0.17831
0.28246 0.037782 0.18768
0.26964 0.037777 0.21052
0.28472 0.03778 0.19256
0.28183 0.037775 0.21711
0.26413 0.037761 0.25311
0.28177 0.037754 0.23117
0.2828 0.037748 0.24991
0.27721 0.037743 0.25769
0.25726 0.037726 0.29952
0.25939 0.037713 0.3087
0.28249 0.037671 0.31167
0.25488 0.037708 0.32825
0.25839 0.03768 0.35118
0.26833 0.037655 0.33393
0.2704 0.037653 0.34635
0.25649 0.037678 0.35728
0.25597 0.037646 0.3772
0.27178 0.037638 0.36743
0.25171 0.037637 0.398
0.24776 0.037645 0.41345
0.26734 0.037572 0.40254
0.26116 0.037558 0.41831
0.23997 0.037699 0.45508
0.25859 0.037549 0.42665
0.26526 0.037468 0.44616
0.23653 0.037802 0.46985
0.23905 0.037852 0.48799
0.25306 0.037844 0.48305
0.2368 0.037856 0.511
0.24873 0.037821 0.53715
0.24216 0.037825 0.54292
0.24621 0.037816 0.57497
0.2517 0.037795 0.55449
0.26223 0.037802 0.56608
0.25103 0.037797 0.58187
0.24695 0.037768 0.60929
0.25898 0.037773 0.5849
0.26095 0.037733 0.5981
0.2529 0.037719 0.62049
0.25409 0.037704 0.63945
0.26927 0.037646 0.63594
0.25724 0.037702 0.6577
0.25567 0.037725 0.67364
0.26996 0.037668 0.65796
0.27288 0.037689 0.67512
0.25548 0.037738 0.68207
0.26436 0.037701 0.7033
0.27949 0.037704 0.6848
0.27646 0.037677 0.71054
0.26314 0.037697 0.72396
0.26705 0.037695 0.73188
0.28489 0.037708 0.7365
0.27077 0.037752 0.75866
0.26741 0.037757 0.77471
0.2849 0.037753 0.75233
0.26184 0.037765 0.78202
0.27042 0.037763 0.79987
0.28745 0.037756 0.78763
0.28407 0.037765 0.80443
0.28625 0.037783 0.8209
0.27946 0.037788 0.83533
0.27258 0.037788 0.85175
0.29085 0.037789 0.84981
0.28339 0.037781 0.86398
0.26767 0.037763 0.88404
0.27756 0.037771 0.89618
0.2888 0.037772 0.88394
0.28209 0.037774 0.8973
0.29374 0.037785 0.91234
0.29143 0.03776 0.92793
0.27434 0.037669 0.94706
0.27713 0.034092 0.95581
0.29435 0.037736 0.93726
0.28261 0.033496 0.96048
0.29961 0.037788 0.044923
0.30299 0.03779 0.057539
0.32596 0.037795 0.043809
0.32702 0.037798 0.057295
0.30131 0.037788 0.077945
0.30521 0.037793 0.085111
0.3217 0.037799 0.068716
0.31746 0.037799 0.091317
0.30301 0.037791 0.10525
0.30062 0.037787 0.12235
0.32549 0.037802 0.10033
0.31573 0.037794 0.11993
0.29893 0.037774 0.13994
0.30183 0.037778 0.1508
0.31856 0.037779 0.13832
0.31926 0.037779 0.14729
0.29931 0.037777 0.17113
0.30181 0.037778 0.18505
0.31923 0.037777 0.16508
0.30205 0.037759 0.21361
0.3227 0.03776 0.19945
0.32105 0.037757 0.2074
0.29256 0.037737 0.23398
0.29875 0.037726 0.24411
0.30845 0.037713 0.24849
0.29729 0.037714 0.257
0.29097 0.037695 0.27985
0.30681 0.0377 0.25641
0.31192 0.037668 0.27342
0.29035 0.037657 0.29883
0.28961 0.037654 0.30777
0.3067 0.037625 0.29896
0.30675 0.037618 0.30634
0.29336 0.037631 0.32384
0.28299 0.037641 0.34783
0.3054 0.037584 0.33031
0.31133 0.037562 0.34531
0.2873 0.037629 0.35264
0.2808 0.037613 0.38174
0.29785 0.037585 0.36132
0.30416 0.037597 0.37572
0.27869 0.037544 0.40083
0.28625 0.037455 0.41038
0.29418 0.037478 0.39702
0.2977 0.037373 0.4142
0.27835 0.037403 0.4323
0.27153 0.037429 0.45137
0.29816 0.037332 0.43133
0.30039 0.037329 0.44232
0.2669 0.037797 0.4802
0.2813 0.037548 0.46619
0.27009 0.037822 0.49105
0.26471 0.0379 0.50511
0.259 0.037929 0.52345
0.27593 0.037958 0.50723
0.27329 0.037808 0.54538
0.28278 0.037742 0.57068
0.27224 0.037734 0.58693
0.29909 0.037599 0.60492
0.27844 0.037631 0.6275
0.28282 0.037628 0.64135
0.30722 0.037622 0.64088
0.30625 0.037672 0.66848
0.30942 0.037711 0.6832
0.31589 0.037717 0.7139
0.31761 0.037724 0.73203
0.31144 0.037747 0.74274
0.29702 0.037753 0.7502
0.304 0.037748 0.76949
0.31511 0.037742 0.75828
0.31383 0.03775 0.77491
0.30473 0.037763 0.78845
0.29756 0.037761 0.80103
0.312 0.037764 0.79291
0.31301 0.037765 0.80849
0.2966 0.037772 0.81374
0.31606 0.037768 0.83433
0.29966 0.037785 0.84739
0.30662 0.037781 0.86413
0.29982 0.037774 0.88639
0.30775 0.037778 0.89395
0.31928 0.037784 0.87641
0.31804 0.037783 0.90025
0.30148 0.037786 0.91558
0.311 0.037773 0.93097
0.32747 0.037787 0.90915
0.31871 0.037779 0.92511
0.30276 0.037734 0.94649
0.3211 0.037753 0.944
0.33741 0.037797 0.040369
0.3364 0.0378 0.054804
0.36121 0.037809 0.040417
0.3505 0.037803 0.050648
0.33658 0.037807 0.071823
0.33591 0.037812 0.083699
0.35148 0.037821 0.08147
0.33764 0.037807 0.10158
0.33227 0.037801 0.11833
0.35225 0.037805 0.1171
0.33479 0.037786 0.13448
0.33872 0.037782 0.14627
0.35107 0.037788 0.136
0.35759 0.037785 0.14408
0.33883 0.037774 0.16335
0.33858 0.037768 0.17376
0.34608 0.037777 0.15906
0.35075 0.037771 0.17329
0.33054 0.037766 0.19273
0.32825 0.037758 0.21232
0.34625 0.037767 0.19161
0.33491 0.037734 0.2246
0.32923 0.0377 0.24747
0.34536 0.037729 0.22662
0.35168 0.037712 0.24148
0.3345 0.037638 0.26343
0.33183 0.037622 0.27383
0.34938 0.037659 0.25966
0.34185 0.037614 0.26851
0.32474 0.03762 0.28881
0.32528 0.037602 0.31192
0.34119 0.03759 0.2878
0.33619 0.037565 0.31152
0.32963 0.037588 0.31916
0.31977 0.037551 0.33891
0.33501 0.037584 0.32861
0.34591 0.037864 0.35609
0.33731 0.037655 0.37116
0.31266 0.037431 0.3955
0.31012 0.037299 0.41488
0.32399 0.03748 0.38635
0.31151 0.037325 0.43221
0.32156 0.037263 0.42707
0.28997 0.037577 0.46671
0.28521 0.037862 0.49363
0.29819 0.037792 0.48545
0.28635 0.037942 0.50605
0.28962 0.03794 0.50665
0.30405 0.037989 0.5394
0.29585 0.037752 0.57657
0.30788 0.037894 0.55399
0.3119 0.037683 0.57531
0.31427 0.037545 0.59951
0.30918 0.037578 0.61752
0.31109 0.037585 0.62587
0.31773 0.037612 0.64504
0.33246 0.037551 0.62562
0.33863 0.037575 0.64309
0.3266 0.037629 0.67043
0.31686 0.037697 0.68416
0.33957 0.0376 0.66671
0.33595 0.03762 0.68217
0.32267 0.037686 0.70976
0.33957 0.037621 0.69445
0.34742 0.037627 0.71727
0.32213 0.037715 0.72625
0.33107 0.037683 0.73903
0.34621 0.03765 0.7285
0.34136 0.037673 0.74867
0.331 0.0377 0.75413
0.33351 0.037728 0.77927
0.34497 0.037667 0.75978
0.34871 0.037699 0.77564
0.34763 0.037744 0.7911
0.34956 0.037754 0.81138
0.34123 0.03776 0.82308
0.33051 0.037761 0.82968
0.35118 0.037765 0.83393
0.34179 0.037789 0.85046
0.3399 0.037791 0.86611
0.35886 0.037778 0.84524
0.35852 0.037789 0.86741
0.33453 0.037795 0.88336
0.3382 0.037792 0.89647
0.35126 0.037797 0.89176
0.34366 0.037791 0.91283
0.33709 0.037762 0.92914
0.35148 0.037792 0.91574
0.35156 0.037766 0.92644
0.34341 0.037723 0.93987
0.33516 0.033621 0.95885
0.35846 0.037727 0.93972
0.3505 0.033409 0.96282
0.36811 0.037814 0.035014
0.37788 0.037825 0.054609
0.38688 0.037827 0.040407
0.38789 0.037833 0.067836
0.39145 0.037831 0.08789
0.36718 0.037811 0.099882
0.37743 0.037796 0.11176
0.39035 0.03781 0.1028
0.38492 0.037798 0.11103
0.36587 0.037785 0.13831
0.36682 0.037789 0.15103
0.38994 0.037794 0.13182
0.37314 0.037785 0.16042
0.36747 0.037779 0.17205
0.388 0.037786 0.18159
0.36775 0.037774 0.18967
0.37045 0.037754 0.20533
0.38274 0.037763 0.19406
0.3822 0.037751 0.20328
0.36462 0.037712 0.22915
0.36154 0.037709 0.24064
0.38892 0.037731 0.22036
0.38452 0.037707 0.24258
0.35981 0.03768 0.25558
0.35839 0.037625 0.27794
0.3838 0.037663 0.25879
0.37148 0.037646 0.274
0.36385 0.037561 0.3001
0.37786 0.037623 0.28631
0.37621 0.0376 0.29597
0.35194 0.037538 0.31772
0.35655 0.037742 0.33986
0.34949 0.037878 0.36291
0.36734 0.037823 0.34773
0.34824 0.037646 0.3798
0.35539 0.03772 0.37605
0.35031 0.037449 0.3933
0.33401 0.037338 0.43156
0.32903 0.037387 0.44363
0.3447 0.037298 0.41881
0.33216 0.037371 0.4478
0.31257 0.037646 0.46294
0.31406 0.037715 0.48197
0.29987 0.038171 0.51592
0.31657 0.037864 0.5474
0.30836 0.038164 0.51244
0.32175 0.037834 0.5489
0.32838 0.037693 0.5682
0.32876 0.037608 0.58146
0.33482 0.037552 0.60116
0.33882 0.03754 0.62005
0.349 0.037498 0.59539
0.35964 0.037601 0.62344
0.34476 0.037564 0.64042
0.34565 0.037576 0.64929
0.35808 0.037552 0.64121
0.36488 0.037556 0.65328
0.34727 0.03758 0.6687
0.35195 0.037583 0.68933
0.37547 0.037547 0.66991
0.37827 0.037515 0.68103
0.35394 0.037575 0.70086
0.3707 0.037555 0.69484
0.37805 0.037586 0.71636
0.37181 0.037645 0.7472
0.38692 0.037597 0.72973
0.38125 0.037636 0.74842
0.36997 0.037656 0.76641
0.36124 0.037675 0.77164
0.37812 0.037655 0.76377
0.37483 0.037711 0.79352
0.37281 0.037737 0.81031
0.38152 0.037703 0.78916
0.37248 0.037756 0.81933
0.36647 0.037767 0.83911
0.36987 0.037774 0.84661
0.3689 0.037779 0.86297
0.38425 0.037769 0.84722
0.38633 0.037782 0.87065
0.37199 0.037798 0.88142
0.36776 0.037796 0.89915
0.38996 0.037796 0.90272
0.37196 0.037796 0.91287
0.37904 0.037767 0.9306
0.38546 0.037798 0.91246
0.39279 0.037765 0.93315
0.37626 0.037734 0.94308
0.37036 0.034453 0.95476
0.38935 0.037738 0.94383
0.39561 0.034187 0.95559
0.41216 0.037843 0.03636
0.41784 0.037844 0.040676
0.41884 0.03784 0.06142
0.40212 0.037835 0.076592
0.42408 0.037834 0.069419
0.42907 0.037828 0.08854
0.41137 0.037822 0.10087
0.40134 0.037811 0.11158
0.41889 0.037825 0.098668
0.41814 0.037824 0.11788
0.4075 0.037804 0.13586
0.40198 0.037801 0.15126
0.42254 0.037807 0.14239
0.40523 0.03779 0.15953
0.40339 0.037782 0.17888
0.41643 0.03778 0.1649
0.41858 0.037775 0.17117
0.40655 0.037746 0.21153
0.41977 0.037744 0.19263
0.42486 0.037726 0.1991
0.39212 0.037719 0.22534
0.40265 0.037723 0.24163
0.42373 0.037735 0.21593
0.40042 0.037674 0.25605
0.39589 0.03765 0.26477
0.41928 0.037669 0.26631
0.40063 0.037604 0.28517
0.39075 0.037603 0.29793
0.41558 0.03765 0.27394
0.40963 0.037587 0.28973
0.38941 0.037575 0.31569
0.39142 0.037572 0.32903
0.4109 0.037597 0.30707
0.39935 0.037587 0.33127
0.37454 0.037828 0.35752
0.40472 0.03761 0.33718
0.3644 0.037784 0.37224
0.36212 0.03743 0.39442
0.38672 0.037641 0.36894
0.3784 0.037454 0.3841
0.36362 0.037215 0.41654
0.35694 0.037187 0.43566
0.37574 0.037353 0.39727
0.33883 0.037356 0.45666
0.31861 0.037567 0.48212
0.35555 0.036881 0.45139
0.32295 0.037383 0.49475
0.31822 0.03774 0.50395
0.32587 0.03788 0.53795
0.3236 0.037222 0.51094
0.34473 0.037671 0.54793
0.35559 0.037426 0.57027
0.37325 0.037381 0.58459
0.36831 0.037693 0.61788
0.39323 0.037645 0.63638
0.37605 0.037619 0.64124
0.38537 0.037544 0.66295
0.39605 0.037533 0.64744
0.38886 0.037493 0.67264
0.39649 0.03745 0.68485
0.40458 0.037425 0.67152
0.41589 0.037366 0.6825
0.38936 0.037527 0.70336
0.39725 0.037514 0.71206
0.41895 0.037453 0.70176
0.42082 0.037464 0.71676
0.4047 0.037546 0.73237
0.39943 0.037578 0.74403
0.41912 0.037517 0.74215
0.39989 0.037635 0.7732
0.41915 0.037572 0.76219
0.41366 0.03763 0.7767
0.40536 0.037672 0.79201
0.39779 0.03771 0.81007
0.42343 0.037649 0.79356
0.42705 0.037676 0.80824
0.41092 0.037721 0.82721
0.42841 0.037703 0.82016
0.41572 0.037733 0.83526
0.4012 0.037771 0.84829
0.42169 0.037779 0.86841
0.41053 0.037785 0.88601
0.4061 0.037793 0.90236
0.42566 0.037779 0.88652
0.42038 0.037782 0.89462
0.40784 0.037801 0.91171
0.40609 0.037771 0.93253
0.42564 0.03778 0.93047
0.40078 0.037736 0.94636
0.41662 0.037755 0.94001
0.42646 0.033449 0.96159
0.43608 0.037845 0.040747
0.44201 0.037838 0.058821
0.45587 0.037847 0.043927
0.43599 0.03783 0.068095
0.43632 0.037826 0.086843
0.46391 0.037825 0.076038
0.45738 0.037825 0.090486
0.43225 0.037832 0.11251
0.46137 0.037828 0.096776
0.44302 0.037815 0.13048
0.43469 0.037807 0.14494
0.45208 0.037813 0.13222
0.46172 0.037811 0.14588
0.44322 0.037789 0.15732
0.43946 0.037775 0.1764
0.45853 0.03778 0.16368
0.4555 0.037775 0.17921
0.44223 0.037744 0.18973
0.43618 0.037723 0.20054
0.44974 0.037727 0.207
0.43217 0.037729 0.21954
0.42774 0.037729 0.23294
0.44685 0.037727 0.21787
0.42984 0.037733 0.24259
0.42921 0.037679 0.2567
0.4521 0.0377 0.2502
0.45551 0.037705 0.26131
0.42638 0.037673 0.27145
0.44221 0.03767 0.27941
0.44981 0.037682 0.2916
0.42516 0.037611 0.30491
0.42111 0.037563 0.32016
0.44602 0.037678 0.29879
0.44071 0.037587 0.3115
0.42101 0.037594 0.33127
0.41065 0.037622 0.35211
0.44787 0.037623 0.32617
0.43898 0.037662 0.33887
0.42721 0.037534 0.35669
0.38533 0.036811 0.39837
0.38329 0.03651 0.4211
0.41186 0.036426 0.37609
0.40164 0.034929 0.40235
0.36516 0.036248 0.44374
0.34099 0.035642 0.479
0.3526 0.034107 0.49482
0.33303 0.035918 0.52235
0.35253 0.036859 0.54898
0.34484 0.035285 0.53217
0.38671 0.035265 0.57118
0.38703 0.036462 0.59264
0.398 0.036797 0.60936
0.39516 0.035791 0.59632
0.40662 0.036496 0.61185
0.40592 0.037684 0.62553
0.41597 0.037297 0.62085
0.42494 0.037337 0.64222
0.41629 0.037418 0.65854
0.44057 0.037416 0.64657
0.44953 0.037343 0.65737
0.42664 0.037318 0.67651
0.4258 0.037372 0.68597
0.44748 0.037305 0.6754
0.44546 0.037349 0.68385
0.42858 0.037418 0.70439
0.43816 0.037422 0.71763
0.45977 0.037327 0.7153
0.43527 0.037458 0.73233
0.44119 0.0375 0.7479
0.45111 0.037412 0.73035
0.45604 0.037472 0.74979
0.4442 0.037522 0.75822
0.43215 0.037603 0.77761
0.4575 0.037496 0.76264
0.45368 0.037574 0.77815
0.43688 0.037636 0.79124
0.43878 0.037678 0.81112
0.45187 0.037625 0.79459
0.46336 0.037667 0.81187
0.441 0.037711 0.83248
0.4525 0.037689 0.82684
0.45243 0.037715 0.83547
0.44277 0.037763 0.84745
0.43565 0.037777 0.86847
0.46202 0.037751 0.84782
0.43803 0.037779 0.8778
0.43872 0.037781 0.89634
0.45145 0.037771 0.88754
0.45916 0.037783 0.90005
0.44547 0.037805 0.91795
0.44543 0.037785 0.9291
0.45883 0.037804 0.91859
0.45444 0.037776 0.93317
0.44253 0.037744 0.94863
0.46286 0.037747 0.94529
0.45866 0.033395 0.96349
0.39966 0.037036 0.4394
0.37247 0.037396 0.47346
0.37379 0.037466 0.5367
0.37979 0.035752 0.51047
0.48099 0.037855 0.044847
0.47773 0.037845 0.061581
0.496 0.037852 0.03849
0.48791 0.037849 0.05978
0.47028 0.037828 0.076474
0.47374 0.037831 0.087622
0.4921 0.037842 0.069826
0.4912 0.037836 0.088517
0.48092 0.037826 0.10403
0.47616 0.037828 0.11006
0.48554 0.037829 0.098676
0.49533 0.037831 0.11774
0.47403 0.037821 0.12834
0.49167 0.037819 0.14126
0.46843 0.037793 0.15975
0.47559 0.037789 0.17201
0.48601 0.037806 0.15606
0.47647 0.037775 0.18657
0.47284 0.037749 0.20203
0.48873 0.037784 0.18396
0.48868 0.037752 0.19937
0.46923 0.037734 0.2218
0.47583 0.037732 0.22678
0.48552 0.037758 0.21407
0.49163 0.03773 0.22505
0.46351 0.037706 0.25
0.47697 0.037703 0.25305
0.4914 0.037709 0.24791
0.49659 0.03771 0.26045
0.46781 0.037709 0.27632
0.47144 0.037738 0.28408
0.48428 0.037737 0.28416
0.4641 0.037743 0.30041
0.46897 0.037874 0.31246
0.48549 0.037767 0.30061
0.48964 0.037888 0.31127
0.46695 0.037906 0.32141
0.47085 0.038033 0.32815
0.49155 0.038158 0.3285
0.45744 0.03747 0.34856
0.47962 0.037919 0.33614
0.48157 0.037244 0.34069
0.42863 0.035607 0.37362
0.42668 0.034374 0.39029
0.47117 0.035252 0.35312
0.47366 0.034153 0.36084
0.42131 0.033541 0.41815
0.45375 0.033356 0.5016
0.39765 0.033414 0.523
0.40152 0.034168 0.58574
0.44668 0.033672 0.60946
0.43929 0.035087 0.61811
0.48658 0.03391 0.60171
0.49812 0.035025 0.6161
0.44204 0.036826 0.62641
0.45841 0.037375 0.63481
0.49306 0.036362 0.62614
0.50394 0.037071 0.63518
0.46187 0.037426 0.64312
0.46405 0.037277 0.66221
0.48443 0.03726 0.64417
0.49869 0.037219 0.65651
0.46148 0.03727 0.66749
0.46403 0.037252 0.68305
0.4994 0.037105 0.66684
0.47262 0.037256 0.69311
0.47037 0.037328 0.71937
0.48386 0.037197 0.69675
0.49125 0.037239 0.71096
0.47581 0.037385 0.73834
0.49129 0.037305 0.72212
0.49282 0.037381 0.74198
0.47624 0.037455 0.75907
0.47776 0.037514 0.77211
0.49418 0.037436 0.76069
0.49582 0.037504 0.77226
0.47962 0.037591 0.78472
0.47026 0.037644 0.80566
0.49222 0.037652 0.81133
0.47898 0.037702 0.83827
0.49453 0.037663 0.8214
0.49218 0.037704 0.84086
0.47703 0.037744 0.85173
0.47924 0.037753 0.86713
0.48624 0.037746 0.86458
0.47598 0.037773 0.88174
0.47319 0.037773 0.8919
0.49443 0.037769 0.88668
0.46896 0.037778 0.93024
0.49115 0.037799 0.91309
0.48618 0.037766 0.93237
0.47576 0.037739 0.94598
0.47573 0.035045 0.95352
0.48723 0.037743 0.94017
0.47982 0.033834 0.42499
0.40784 0.03399 0.50936
0.4477 0.033756 0.51746
0.46974 0.033834 0.56999
0.47318 0.03564 0.386
0.48174 0.03641 0.37423
0.41147 0.035601 0.4357
0.39073 0.034908 0.47087
0.41215 0.036483 0.42286
0.39523 0.035998 0.45176
0.48223 0.034589 0.40833
0.43581 0.033918 0.45361
0.48084 0.035566 0.38448
0.44733 0.033689 0.49732
0.41595 0.034149 0.54094
0.36973 0.03753 0.53418
0.42212 0.036528 0.59397
0.49357 0.03381 0.56013
0.45195 0.035297 0.59309
0.45147 0.03377 0.54689
0.43416 0.035827 0.60011
0.42492 0.036374 0.59922
0.48398 0.036299 0.3759
0.43217 0.035975 0.41885
0.4159 0.034559 0.47815
0.45305 0.035351 0.41726
0.39865 0.034822 0.48646
0.45811 0.036655 0.39478
0.44188 0.034138 0.48193
0.47025 0.034754 0.41833
0.471 0.034446 0.46018
0.38898 0.036039 0.54224
0.40712 0.03615 0.5627
0.38372 0.035572 0.5055
0.4301 0.034591 0.56435
0.43251 0.034065 0.51577
0.48234 0.034071 0.56961
0.46576 0.033946 0.50724
0.44117 0.034292 0.56977
0.42602 0.03633 0.5984
0.48331 0.036599 0.5892
0.4585 0.03424 0.44361
0.47325 0.034307 0.53314
0.50795 0.037848 0.044526
0.52633 0.037844 0.046466
0.52538 0.037845 0.055521
0.5072 0.037843 0.06872
0.50736 0.037842 0.084373
0.53078 0.037842 0.065273
0.5248 0.037842 0.084739
0.50265 0.037827 0.10091
0.51295 0.037823 0.11069
0.5288 0.037818 0.10326
0.52404 0.037816 0.10942
0.51592 0.037822 0.1302
0.51358 0.037821 0.14007
0.52027 0.037821 0.12889
0.52178 0.037824 0.14959
0.51116 0.037812 0.15499
0.51613 0.037785 0.1682
0.53071 0.037783 0.16488
0.52032 0.037783 0.1689
0.51586 0.037755 0.19059
0.5025 0.037744 0.19703
0.5301 0.037753 0.1867
0.5332 0.037716 0.19782
0.51332 0.037745 0.21747
0.5116 0.037734 0.22987
0.52639 0.037726 0.2191
0.52264 0.037726 0.23211
0.50525 0.037693 0.25792
0.52796 0.037685 0.24599
0.52427 0.037661 0.25247
0.50603 0.037676 0.26929
0.51712 0.037626 0.28364
0.53533 0.037643 0.26869
0.53938 0.037626 0.28466
0.50571 0.03767 0.29713
0.54146 0.037632 0.29864
0.5452 0.037617 0.30542
0.50078 0.038059 0.32614
0.53118 0.037796 0.3152
0.54894 0.037616 0.33463
0.50836 0.037607 0.3318
0.51082 0.037242 0.33413
0.55735 0.036978 0.36162
0.5342 0.035315 0.35006
0.52495 0.034301 0.35649
0.55198 0.035322 0.37317
0.53415 0.03417 0.41731
0.51151 0.033398 0.43561
0.52626 0.033691 0.44534
0.53658 0.033414 0.4736
0.48747 0.03337 0.53122
0.52807 0.033563 0.60115
0.575 0.033403 0.55764
0.58652 0.03407 0.60371
0.50965 0.0355 0.622
0.55318 0.035214 0.61514
0.54923 0.036205 0.6241
0.53367 0.03683 0.63287
0.51031 0.037314 0.65053
0.52861 0.037267 0.63947
0.53796 0.037236 0.65191
0.51041 0.037131 0.66395
0.51691 0.037071 0.67663
0.53374 0.0371 0.67035
0.5376 0.03715 0.67972
0.5106 0.037182 0.69463
0.50376 0.037224 0.70847
0.52493 0.037207 0.69131
0.53619 0.037267 0.70741
0.50268 0.03733 0.7324
0.50929 0.03739 0.74579
0.52078 0.037399 0.74669
0.50789 0.037426 0.75911
0.50908 0.037481 0.77005
0.52801 0.037425 0.75218
0.52088 0.037491 0.77135
0.51561 0.037575 0.78457
0.50588 0.03763 0.80564
0.5283 0.037597 0.79422
0.53295 0.037629 0.806
0.50747 0.037656 0.82209
0.51293 0.037664 0.83102
0.525 0.037655 0.82588
0.52541 0.037681 0.83495
0.51137 0.037744 0.86187
0.53287 0.037751 0.8681
0.50964 0.037766 0.88397
0.51524 0.037771 0.89734
0.53129 0.037767 0.88304
0.53195 0.037777 0.89958
0.50189 0.037799 0.91845
0.52088 0.037797 0.91535
0.50431 0.035277 0.95308
0.52823 0.037678 0.94623
0.5261 0.033634 0.95866
0.48763 0.033896 0.50772
0.51537 0.033713 0.55728
0.50191 0.034289 0.39721
0.50746 0.033838 0.47964
0.54136 0.036359 0.39512
0.48434 0.033782 0.44234
0.54372 0.03483 0.51793
0.51465 0.036224 0.44791
0.56427 0.035895 0.51596
0.52219 0.033713 0.53255
0.50457 0.034647 0.58254
0.55374 0.034036 0.56215
0.5357 0.036206 0.59177
0.57885 0.034269 0.55535
0.56849 0.035557 0.59844
0.61015 0.037244 0.55221
0.59868 0.037428 0.58182
0.52083 0.035845 0.59916
0.53399 0.03612 0.38303
0.53629 0.035402 0.39016
0.47944 0.033799 0.48364
0.50762 0.034549 0.42028
0.50532 0.034443 0.4598
0.51375 0.03642 0.44782
0.54407 0.035034 0.4936
0.52151 0.03456 0.48332
0.53811 0.034077 0.54011
0.5231 0.035669 0.57392
0.5078 0.034303 0.516
0.51842 0.034594 0.5667
0.6006 0.036869 0.562
0.5856 0.03633 0.58986
0.5689 0.035205 0.53609
0.48789 0.034181 0.45143
0.49991 0.03423 0.46487
0.51815 0.034326 0.52374
0.54215 0.037842 0.052976
0.56464 0.037833 0.036472
0.56036 0.037835 0.061461
0.54445 0.037829 0.0891
0.55633 0.037835 0.069158
0.55711 0.037831 0.085427
0.54479 0.037807 0.10413
0.54937 0.037805 0.11909
0.55452 0.037803 0.10359
0.5547 0.037804 0.11935
0.54537 0.037807 0.12878
0.56546 0.037802 0.13041
0.55828 0.037807 0.14076
0.54879 0.037781 0.16244
0.56811 0.03778 0.16091
0.55097 0.037718 0.18962
0.54318 0.037704 0.20399
0.56949 0.037731 0.18799
0.56438 0.0377 0.20863
0.5484 0.037692 0.21478
0.55967 0.037693 0.21395
0.57379 0.037683 0.23885
0.55052 0.037637 0.24829
0.57319 0.037642 0.25301
0.57205 0.037628 0.25973
0.55118 0.037615 0.28242
0.57738 0.0376 0.27636
0.57357 0.037563 0.28572
0.56165 0.037614 0.29928
0.56191 0.03756 0.3156
0.57624 0.037451 0.30906
0.58199 0.037319 0.32589
0.55348 0.037628 0.31911
0.56528 0.037362 0.34967
0.57618 0.03731 0.33669
0.55794 0.037006 0.37506
0.56205 0.036696 0.3917
0.5594 0.036522 0.39719
0.54284 0.034735 0.42349
0.56686 0.036081 0.4216
0.55401 0.033914 0.45355
0.57446 0.033834 0.48741
0.60855 0.033798 0.53075
0.63251 0.035782 0.53961
0.63095 0.03624 0.57018
0.6075 0.035493 0.60434
0.57868 0.036677 0.61565
0.61878 0.036306 0.59864
0.62155 0.036876 0.60752
0.5838 0.037024 0.61978
0.61445 0.037198 0.62544
0.59065 0.037254 0.63255
0.56811 0.037119 0.64029
0.54722 0.037204 0.65263
0.5862 0.037247 0.65779
0.55393 0.037226 0.66652
0.55265 0.037253 0.68532
0.57869 0.037227 0.66298
0.54431 0.037254 0.6922
0.55197 0.03735 0.71492
0.56934 0.037316 0.69579
0.55916 0.037368 0.71542
0.53895 0.037368 0.7302
0.54101 0.037428 0.7453
0.56281 0.037408 0.72354
0.54151 0.037451 0.75638
0.55538 0.037479 0.76453
0.56617 0.037548 0.77768
0.54018 0.037574 0.78507
0.54424 0.037635 0.80725
0.5666 0.037594 0.79473
0.56614 0.037654 0.81057
0.54954 0.037667 0.81769
0.54405 0.037705 0.84061
0.55641 0.03767 0.8198
0.55724 0.037697 0.83705
0.54095 0.037742 0.85758
0.55485 0.03774 0.85616
0.56166 0.037753 0.87025
0.54214 0.037771 0.89282
0.55742 0.03777 0.88753
0.56539 0.037775 0.89438
0.54737 0.037798 0.91281
0.53759 0.037746 0.93176
0.55991 0.0378 0.9157
0.55592 0.037752 0.93125
0.54432 0.037692 0.9454
0.5484 0.033504 0.96034
0.56408 0.037707 0.94268
0.55486 0.034782 0.95389
0.56978 0.035721 0.52087
0.58699 0.035911 0.53404
0.57738 0.037827 0.044371
0.58784 0.037823 0.040225
0.59606 0.037819 0.061219
0.57358 0.037816 0.091586
0.59032 0.03782 0.070964
0.59698 0.03781 0.090897
0.57292 0.037797 0.10625
0.57793 0.0378 0.12016
0.59572 0.037801 0.10106
0.58843 0.037794 0.11195
0.58431 0.037799 0.13695
0.60124 0.037793 0.13061
0.5961 0.037798 0.14686
0.58252 0.037766 0.16452
0.57548 0.037758 0.17351
0.59157 0.037758 0.16704
0.60218 0.03775 0.1735
0.57714 0.037709 0.20472
0.59797 0.037719 0.19734
0.583 0.037693 0.22234
0.58306 0.037684 0.23869
0.60876 0.037691 0.22046
0.60042 0.037661 0.23908
0.59051 0.037671 0.24529
0.60098 0.037625 0.25263
0.60477 0.037575 0.26907
0.58341 0.037589 0.27641
0.5911 0.037483 0.29197
0.60704 0.037492 0.28841
0.60392 0.037431 0.29737
0.58993 0.037362 0.31342
0.61112 0.037232 0.32618
0.61257 0.037144 0.34026
0.58887 0.037118 0.34604
0.58426 0.036712 0.38033
0.60163 0.036925 0.36548
0.58011 0.036379 0.40172
0.58117 0.036374 0.41754
0.6048 0.036801 0.40006
0.57553 0.0365 0.43061
0.57347 0.036533 0.45188
0.57949 0.036632 0.43957
0.57974 0.036473 0.4496
0.58479 0.036014 0.48064
0.60776 0.036635 0.50143
0.58747 0.036285 0.46958
0.61128 0.036791 0.4987
0.63673 0.036951 0.53216
0.64222 0.037493 0.5523
0.63552 0.036979 0.52098
0.64657 0.03762 0.55582
0.63853 0.037202 0.5698
0.62238 0.037119 0.61281
0.64722 0.037555 0.56788
0.64066 0.037349 0.59454
0.62703 0.037493 0.62638
0.63503 0.037552 0.62127
0.63313 0.037704 0.64294
0.61165 0.037502 0.65165
0.60273 0.037374 0.65834
0.62981 0.037873 0.66376
0.59226 0.037275 0.66958
0.58429 0.037285 0.68754
0.62732 0.037719 0.67572
0.60796 0.037392 0.6869
0.58806 0.037343 0.69718
0.59952 0.037377 0.69484
0.59644 0.037433 0.71009
0.57507 0.037459 0.74139
0.59586 0.037495 0.73935
0.57581 0.037486 0.75292
0.60131 0.03753 0.7632
0.59605 0.037578 0.77832
0.5735 0.037616 0.80137
0.59468 0.037664 0.80995
0.58108 0.037668 0.81358
0.57921 0.037681 0.82987
0.59289 0.037686 0.8257
0.58002 0.037726 0.85294
0.59938 0.03773 0.85359
0.57485 0.037762 0.87869
0.5982 0.037779 0.89983
0.57471 0.037794 0.91425
0.59418 0.03779 0.91259
0.5747 0.037686 0.94821
0.57787 0.035223 0.95307
0.59231 0.037713 0.94394
0.5868 0.033394 0.96345
0.61152 0.037814 0.044613
0.61397 0.037812 0.06046
0.63184 0.037804 0.042082
0.6338 0.037803 0.052587
0.61749 0.037806 0.073109
0.60582 0.037812 0.084447
0.63429 0.037795 0.077368
0.62935 0.0378 0.083248
0.61346 0.037796 0.10709
0.6124 0.037795 0.12199
0.62502 0.037797 0.10103
0.63179 0.037793 0.11938
0.60668 0.037793 0.1263
0.61927 0.037776 0.15255
0.63213 0.037783 0.129
0.63356 0.03777 0.14277
0.61236 0.03776 0.16344
0.62012 0.037746 0.17541
0.633 0.037757 0.15943
0.62029 0.037715 0.19553
0.61526 0.037703 0.21226
0.63018 0.037704 0.19977
0.63161 0.037694 0.21181
0.61479 0.037625 0.23494
0.63228 0.037635 0.2296
0.63579 0.037612 0.23997
0.63942 0.037552 0.26426
0.62291 0.037364 0.30379
0.63503 0.037465 0.28912
0.64288 0.037305 0.32183
0.63612 0.03725 0.3285
0.6377 0.03707 0.35842
0.61411 0.036965 0.36516
0.61326 0.036944 0.39187
0.62743 0.036971 0.36571
0.62549 0.037081 0.39082
0.60015 0.036539 0.42511
0.61541 0.036587 0.42211
0.60111 0.036352 0.43859
0.59841 0.036202 0.46425
0.61158 0.036333 0.44574
0.61642 0.036378 0.45005
0.62145 0.036621 0.49091
0.62642 0.036538 0.47379
0.64027 0.036742 0.49517
0.64585 0.037052 0.51264
0.65393 0.037663 0.54699
0.65573 0.03707 0.50868
0.66112 0.037429 0.53659
0.65961 0.037669 0.56145
0.65715 0.037523 0.58876
0.6691 0.037614 0.56016
0.66469 0.037587 0.58236
0.65306 0.037537 0.60793
0.66123 0.03761 0.6173
0.64277 0.037923 0.65653
0.65797 0.037756 0.65585
0.63558 0.037971 0.67512
0.62347 0.037591 0.68758
0.64346 0.037729 0.69377
0.64412 0.037633 0.70184
0.61382 0.037536 0.72164
0.61125 0.037527 0.73865
0.63391 0.037568 0.74068
0.6155 0.03756 0.75648
0.60981 0.03756 0.76889
0.63044 0.037579 0.75895
0.63008 0.037584 0.76653
0.61346 0.03763 0.79294
0.61469 0.037645 0.79882
0.63064 0.037646 0.7922
0.63295 0.037661 0.79879
0.60667 0.037692 0.81432
0.60937 0.037723 0.84093
0.63281 0.037716 0.81629
0.63625 0.037737 0.8375
0.60997 0.037732 0.84764
0.60524 0.037736 0.86146
0.62829 0.037744 0.8511
0.62577 0.037747 0.86422
0.61233 0.037761 0.8771
0.60689 0.037777 0.89616
0.6215 0.03777 0.88488
0.63144 0.037774 0.89381
0.6094 0.037792 0.91342
0.61001 0.037771 0.92947
0.62179 0.037771 0.93077
0.61162 0.037736 0.94672
0.6238 0.03775 0.93987
0.62979 0.033376 0.96454
0.64103 0.037799 0.04616
0.65595 0.037789 0.038082
0.658 0.037785 0.062297
0.64853 0.037786 0.076859
0.64265 0.037792 0.092548
0.66572 0.037779 0.071787
0.66864 0.037782 0.082853
0.65865 0.03779 0.10594
0.65282 0.037753 0.1529
0.66234 0.037763 0.13587
0.66436 0.037748 0.15278
0.64859 0.037745 0.16141
0.65101 0.037731 0.18389
0.66374 0.037731 0.16864
0.66046 0.037727 0.17528
0.65102 0.03772 0.19054
0.64911 0.037695 0.20659
0.67066 0.037705 0.19393
0.67047 0.037686 0.20948
0.64674 0.037648 0.22834
0.65426 0.037611 0.2481
0.6672 0.03759 0.25297
0.65005 0.037545 0.26564
0.65014 0.037493 0.28225
0.67522 0.03753 0.26691
0.6658 0.037493 0.27715
0.6552 0.037395 0.30278
0.66974 0.03737 0.32332
0.65025 0.037297 0.32974
0.64812 0.037057 0.36205
0.67006 0.037311 0.33387
0.66883 0.037144 0.3587
0.63994 0.037021 0.39389
0.65031 0.036977 0.38933
0.64173 0.036767 0.42232
0.65463 0.036857 0.41067
0.65489 0.03683 0.42207
0.63435 0.036596 0.44297
0.645 0.03662 0.45815
0.65934 0.036783 0.44197
0.65108 0.03672 0.48002
0.65386 0.03676 0.48776
0.66308 0.036813 0.47871
0.6734 0.036967 0.4947
0.66387 0.03702 0.5048
0.67239 0.037317 0.52745
0.68124 0.037159 0.51035
0.6934 0.037362 0.52892
0.69049 0.037532 0.55721
0.69137 0.037559 0.57706
0.68199 0.037611 0.59144
0.68348 0.03762 0.61445
0.69684 0.037672 0.61464
0.67296 0.037627 0.64893
0.69095 0.037664 0.62962
0.67892 0.037653 0.65298
0.66377 0.037798 0.66796
0.68451 0.037661 0.66586
0.65902 0.037556 0.70688
0.6655 0.03768 0.68963
0.66609 0.037578 0.70156
0.65101 0.037498 0.72244
0.64747 0.037562 0.73895
0.66493 0.037525 0.72658
0.67415 0.037592 0.73821
0.65297 0.037591 0.74901
0.64677 0.03761 0.76734
0.66669 0.037624 0.75516
0.66301 0.037624 0.76514
0.64168 0.037654 0.78991
0.65106 0.037681 0.80104
0.66033 0.037662 0.78447
0.65995 0.037696 0.80448
0.65047 0.037723 0.81743
0.64655 0.037742 0.83726
0.66721 0.037735 0.82002
0.66847 0.037752 0.83798
0.64795 0.037752 0.84429
0.64714 0.037757 0.86003
0.65789 0.037761 0.84858
0.66303 0.037765 0.86863
0.65074 0.037768 0.88556
0.65054 0.03777 0.89303
0.6575 0.037767 0.88649
0.66582 0.037771 0.8978
0.6464 0.037785 0.91142
0.63862 0.037757 0.92975
0.66538 0.037777 0.90642
0.66144 0.037774 0.92137
0.63733 0.037718 0.94336
0.64293 0.03456 0.9544
0.65847 0.037695 0.94126
0.66638 0.034206 0.95538
0.68315 0.037761 0.044522
0.68529 0.03776 0.050989
0.7017 0.037749 0.040308
0.69306 0.037759 0.058159
0.70079 0.03776 0.070412
0.6996 0.037769 0.089616
0.67361 0.037786 0.0988
0.67469 0.037786 0.11906
0.67892 0.037759 0.1357
0.68167 0.037743 0.15172
0.68532 0.037731 0.16356
0.69813 0.037726 0.16827
0.68633 0.037687 0.19953
0.67777 0.037681 0.21018
0.70138 0.037674 0.20659
0.6943 0.037662 0.21908
0.68366 0.037637 0.2328
0.69511 0.03762 0.23932
0.70136 0.037616 0.24444
0.68799 0.037485 0.28192
0.70428 0.037534 0.27233
0.69717 0.037496 0.2807
0.68362 0.037411 0.31878
0.70166 0.03745 0.30841
0.70118 0.037436 0.31523
0.68996 0.03732 0.33413
0.68268 0.037222 0.34832
0.69676 0.037288 0.34357
0.6923 0.037203 0.35788
0.67582 0.037058 0.37237
0.67119 0.036965 0.38484
0.69564 0.037146 0.37664
0.6956 0.037123 0.3866
0.67946 0.036967 0.40333
0.67504 0.036919 0.42552
0.69267 0.037075 0.40401
0.701 0.037089 0.42112
0.67902 0.036892 0.46059
0.69963 0.037034 0.44336
0.68493 0.036978 0.47714
0.69626 0.037093 0.48981
0.71004 0.037148 0.47383
0.71535 0.037256 0.49423
0.69495 0.037265 0.51176
0.69921 0.037381 0.53025
0.71752 0.037392 0.5202
0.70184 0.037432 0.54082
0.70788 0.037521 0.57097
0.71753 0.037451 0.53837
0.72357 0.037565 0.57043
0.70516 0.037684 0.61624
0.72098 0.037585 0.58344
0.72791 0.03769 0.60883
0.71166 0.037676 0.62213
0.71908 0.037692 0.6306
0.71868 0.037678 0.64797
0.69647 0.037647 0.66574
0.69386 0.03763 0.67377
0.7113 0.037662 0.65744
0.70978 0.037644 0.67246
0.68476 0.037572 0.70733
0.70238 0.037598 0.70064
0.68983 0.037616 0.72459
0.6801 0.037606 0.73634
0.69663 0.037618 0.71596
0.68485 0.037661 0.75952
0.67758 0.03767 0.77467
0.70125 0.037676 0.75098
0.70446 0.037701 0.77169
0.6806 0.037689 0.78268
0.68222 0.037711 0.80059
0.69873 0.037708 0.78083
0.69195 0.03773 0.80748
0.67747 0.037735 0.81509
0.69103 0.037738 0.81284
0.69243 0.037756 0.83462
0.68386 0.037767 0.8547
0.69797 0.037766 0.84461
0.6904 0.037766 0.87015
0.68328 0.037766 0.87611
0.69378 0.037766 0.87492
0.69388 0.037767 0.89786
0.68128 0.037776 0.91134
0.67173 0.037721 0.93248
0.69167 0.037712 0.93156
0.68249 0.037663 0.94362
0.68366 0.033391 0.96358
0.6975 0.03369 0.95804
0.71147 0.037743 0.037266
0.71049 0.037746 0.054018
0.72704 0.037734 0.042231
0.72971 0.037737 0.059947
0.71335 0.037754 0.074779
0.73074 0.037742 0.074321
0.71415 0.037755 0.098858
0.7114 0.037752 0.12304
0.72948 0.037741 0.10984
0.73375 0.037738 0.12454
0.71017 0.037738 0.15319
0.73639 0.037732 0.14329
0.73449 0.037728 0.15528
0.71126 0.037724 0.17092
0.7096 0.037709 0.18737
0.72683 0.037726 0.16387
0.7363 0.037708 0.18211
0.71173 0.037697 0.19465
0.71171 0.037671 0.21316
0.72679 0.037683 0.20334
0.71977 0.037633 0.2397
0.73834 0.037634 0.24743
0.72376 0.037591 0.26316
0.72405 0.037549 0.28439
0.71306 0.037494 0.30094
0.72019 0.037441 0.3242
0.73916 0.037533 0.30279
0.7278 0.03745 0.32569
0.72108 0.037415 0.33107
0.71933 0.037329 0.35481
0.73302 0.037448 0.33201
0.73753 0.037411 0.35468
0.72034 0.037269 0.37435
0.70884 0.037198 0.38565
0.72982 0.037341 0.36655
0.72553 0.037261 0.39032
0.7146 0.037176 0.40931
0.73666 0.037335 0.39921
0.72773 0.037244 0.41766
0.71944 0.03716 0.43211
0.71435 0.037137 0.45808
0.73626 0.03731 0.43845
0.73362 0.037287 0.45474
0.72268 0.037199 0.46679
0.72591 0.037261 0.4864
0.72968 0.037252 0.46444
0.73924 0.037369 0.48795
0.73895 0.037402 0.50518
0.74594 0.037465 0.51992
0.73306 0.037519 0.54782
0.749 0.037534 0.54576
0.75429 0.037593 0.56788
0.74105 0.03767 0.60808
0.75479 0.037617 0.58155
0.75005 0.037647 0.59397
0.73269 0.037695 0.64326
0.74565 0.037706 0.61715
0.74911 0.037733 0.64346
0.72889 0.037687 0.66124
0.73201 0.037683 0.6679
0.74124 0.037711 0.65607
0.7417 0.037717 0.67486
0.72554 0.037663 0.69505
0.72026 0.037661 0.70375
0.73729 0.037704 0.68652
0.7394 0.037706 0.7004
0.72543 0.037693 0.7224
0.71267 0.037676 0.73548
0.72955 0.037701 0.73117
0.71544 0.037699 0.75135
0.71434 0.037704 0.76528
0.73644 0.037722 0.74841
0.73178 0.037722 0.76684
0.71803 0.037734 0.78406
0.70836 0.037734 0.79992
0.72979 0.037742 0.78266
0.71694 0.037757 0.82174
0.70737 0.03776 0.83323
0.72986 0.037755 0.81034
0.71929 0.037769 0.84215
0.70652 0.037769 0.86402
0.72567 0.037767 0.84217
0.71299 0.037765 0.88496
0.70693 0.037764 0.88953
0.72329 0.037766 0.87648
0.73496 0.03776 0.89868
0.70559 0.03777 0.9116
0.7167 0.037759 0.92042
0.73311 0.037762 0.90797
0.7118 0.033517 0.96005
0.734 0.037646 0.94137
0.74095 0.037727 0.043218
0.74366 0.037728 0.056648
0.76327 0.037717 0.058025
0.7583 0.037724 0.075983
0.75627 0.037729 0.089469
0.76708 0.037723 0.10279
0.7574 0.037732 0.11567
0.74645 0.037727 0.14288
0.74281 0.037728 0.14844
0.75918 0.037724 0.1316
0.76743 0.037709 0.1548
0.74447 0.037712 0.16723
0.75043 0.03769 0.19022
0.76009 0.037698 0.17449
0.75893 0.037688 0.18889
0.75413 0.037676 0.20179
0.74898 0.03766 0.22552
0.76596 0.037666 0.22041
0.74869 0.037649 0.23874
0.77025 0.03766 0.23092
0.75386 0.037625 0.26351
0.74369 0.037589 0.27971
0.76775 0.037628 0.2676
0.74914 0.037526 0.3221
0.76085 0.037582 0.29737
0.7639 0.03756 0.31928
0.74635 0.037492 0.33435
0.74538 0.037435 0.36
0.76438 0.037517 0.3408
0.76823 0.037507 0.35255
0.75483 0.037424 0.37467
0.75062 0.037403 0.38296
0.77141 0.037488 0.37126
0.76214 0.037433 0.38541
0.7486 0.037387 0.39801
0.74823 0.037371 0.42541
0.76833 0.037443 0.40769
0.74594 0.037364 0.43799
0.74797 0.037382 0.45736
0.76724 0.037435 0.43916
0.77132 0.037455 0.45023
0.75847 0.037414 0.46472
0.75218 0.037424 0.48426
0.77527 0.03749 0.47109
0.77481 0.037494 0.48182
0.77478 0.037521 0.50501
0.77072 0.037536 0.52887
0.75961 0.037553 0.54412
0.76113 0.037591 0.56393
0.77471 0.03758 0.54026
0.78297 0.037641 0.55672
0.76886 0.037624 0.5858
0.77403 0.037677 0.60407
0.7789 0.0377 0.61054
0.75538 0.037757 0.65622
0.75485 0.03776 0.67256
0.7744 0.03776 0.65418
0.75744 0.037771 0.6861
0.75342 0.037757 0.70512
0.77409 0.037769 0.69192
0.75582 0.037766 0.7234
0.75169 0.037749 0.74181
0.75058 0.037737 0.75853
0.74738 0.037736 0.76287
0.76547 0.037751 0.76445
0.75166 0.037764 0.78282
0.74991 0.037765 0.8008
0.76041 0.037762 0.77789
0.75349 0.037762 0.81993
0.75254 0.037759 0.83695
0.76131 0.037763 0.81114
0.76657 0.037755 0.82849
0.74264 0.03776 0.86348
0.7605 0.037756 0.8514
0.74728 0.037756 0.87244
0.74284 0.037757 0.90033
0.75956 0.03775 0.88104
0.75876 0.03775 0.8954
0.74956 0.037756 0.90439
0.76479 0.037751 0.911
0.75728 0.037703 0.93007
0.73969 0.037654 0.94027
0.74127 0.03369 0.958
0.76578 0.033471 0.96088
0.7746 0.037706 0.043695
0.78294 0.037702 0.052057
0.79725 0.037695 0.047177
0.80031 0.037698 0.062745
0.77846 0.037711 0.067901
0.79283 0.037708 0.089139
0.78393 0.037708 0.11184
0.78327 0.037707 0.12707
0.79442 0.037703 0.10866
0.79825 0.037701 0.12271
0.7845 0.037704 0.14159
0.78208 0.037703 0.15456
0.79113 0.037703 0.1348
0.7928 0.0377 0.15927
0.78251 0.037697 0.17424
0.80111 0.0377 0.16561
0.79073 0.037689 0.19239
0.78249 0.037681 0.20315
0.78557 0.03767 0.22418
0.7981 0.037683 0.20815
0.79436 0.037674 0.22334
0.77721 0.037661 0.23358
0.7771 0.037644 0.25881
0.79414 0.037668 0.23285
0.79467 0.037658 0.25055
0.79766 0.037646 0.27206
0.77623 0.037602 0.30891
0.78225 0.037596 0.32457
0.80389 0.037637 0.29749
0.7934 0.037612 0.31901
0.78292 0.037566 0.34126
0.78193 0.037541 0.35728
0.79263 0.037587 0.33412
0.79232 0.037559 0.3536
0.78477 0.037523 0.37275
0.78862 0.03751 0.38922
0.80155 0.03757 0.37148
0.80246 0.037561 0.39012
0.78725 0.037499 0.40404
0.7842 0.037489 0.41908
0.79489 0.037524 0.40146
0.80015 0.037541 0.42498
0.78442 0.037499 0.44023
0.79903 0.037543 0.44319
0.79698 0.037534 0.44769
0.78213 0.037508 0.46779
0.78869 0.037529 0.48428
0.80044 0.037555 0.46655
0.80888 0.037606 0.48982
0.79416 0.037567 0.5103
0.80278 0.037592 0.50683
0.81029 0.037651 0.5291
0.78792 0.037657 0.56072
0.80573 0.037643 0.53482
0.80902 0.037687 0.56352
0.79433 0.037673 0.58169
0.79194 0.037689 0.59302
0.80731 0.037693 0.58004
0.79739 0.037704 0.60777
0.80461 0.037713 0.60973
0.78561 0.037764 0.64704
0.78407 0.037771 0.66721
0.80652 0.037754 0.65141
0.80066 0.037764 0.67243
0.78358 0.037772 0.69123
0.785 0.037771 0.69913
0.80539 0.037775 0.68811
0.80472 0.037774 0.69327
0.78819 0.037772 0.71775
0.77744 0.037764 0.73902
0.79361 0.037768 0.73929
0.78351 0.037765 0.74801
0.78613 0.037771 0.76967
0.80341 0.037775 0.74728
0.79991 0.037768 0.79878
0.77522 0.037754 0.82016
0.78111 0.037751 0.83437
0.79172 0.03776 0.81038
0.80119 0.037749 0.83386
0.77966 0.03775 0.85623
0.79117 0.037749 0.84525
0.7809 0.037745 0.87959
0.77452 0.037746 0.89729
0.79787 0.037736 0.89387
0.7794 0.037693 0.93194
0.79394 0.037738 0.91431
0.78356 0.037635 0.94825
0.77459 0.033399 0.96314
0.79298 0.037645 0.94189
0.79795 0.033936 0.95632
0.80465 0.037692 0.046492
0.80531 0.037693 0.053696
0.83036 0.037681 0.046709
0.8328 0.03768 0.051868
0.80489 0.0377 0.076155
0.80658 0.0377 0.091161
0.82969 0.037684 0.072288
0.8228 0.037691 0.088601
0.81182 0.037696 0.10327
0.81073 0.037697 0.12084
0.82195 0.037691 0.1063
0.82904 0.037692 0.12334
0.82924 0.037696 0.13819
0.82241 0.037697 0.17151
0.82255 0.037694 0.18311
0.81383 0.037692 0.20341
0.80744 0.037684 0.21866
0.83434 0.03769 0.2097
0.83098 0.037689 0.21953
0.80863 0.037677 0.23407
0.81212 0.037669 0.25433
0.8331 0.037675 0.25471
0.8204 0.037655 0.27737
0.81581 0.037654 0.28607
0.83551 0.03767 0.27457
0.82901 0.037659 0.28996
0.81976 0.037649 0.29894
0.81461 0.037641 0.31527
0.83083 0.037658 0.30062
0.82453 0.037641 0.32466
0.81248 0.037619 0.33997
0.81721 0.037624 0.34969
0.82597 0.037636 0.34257
0.81254 0.037609 0.3743
0.81177 0.037597 0.39305
0.83476 0.037643 0.37499
0.81237 0.037594 0.40554
0.81347 0.037598 0.4243
0.83009 0.037625 0.41969
0.81453 0.037607 0.43861
0.82377 0.037621 0.45095
0.83694 0.037642 0.43613
0.8172 0.037625 0.46899
0.81393 0.037628 0.49006
0.81472 0.037645 0.50999
0.82413 0.037661 0.5196
0.83492 0.037677 0.52
0.82251 0.037705 0.55604
0.83144 0.037698 0.55206
0.82329 0.037738 0.60125
0.84156 0.037739 0.57994
0.83699 0.037742 0.59803
0.82531 0.037732 0.61772
0.82568 0.037737 0.63348
0.83877 0.037747 0.61163
0.83265 0.03774 0.62973
0.81793 0.037754 0.65255
0.81815 0.037759 0.65942
0.83248 0.037745 0.64115
0.82245 0.037771 0.67498
0.81443 0.037784 0.70485
0.83222 0.037777 0.69245
0.81635 0.037786 0.7161
0.83027 0.03778 0.71433
0.812 0.037781 0.74226
0.81194 0.037775 0.76722
0.83716 0.037777 0.7453
0.8372 0.037773 0.76004
0.80857 0.037773 0.78007
0.81151 0.037763 0.8007
0.83531 0.037764 0.78271
0.82885 0.037759 0.79707
0.8139 0.03776 0.80981
0.82759 0.037748 0.82966
0.80731 0.037745 0.8496
0.81342 0.037737 0.86193
0.83217 0.037739 0.84518
0.83144 0.037731 0.86391
0.81703 0.037731 0.87393
0.80642 0.037731 0.89246
0.82832 0.037725 0.88238
0.80796 0.03773 0.90722
0.80686 0.037711 0.92209
0.8206 0.037724 0.90828
0.80671 0.037636 0.93834
0.81415 0.033454 0.96122
0.82877 0.037578 0.9482
0.82237 0.033392 0.96343
0.84344 0.037675 0.0445
0.8404 0.037676 0.054432
0.86236 0.037667 0.044683
0.84651 0.037674 0.078214
0.85005 0.037675 0.090189
0.85332 0.03767 0.073515
0.8552 0.037672 0.088513
0.85694 0.037679 0.10672
0.8565 0.037681 0.12973
0.84164 0.037688 0.14408
0.84848 0.037683 0.15628
0.86061 0.037678 0.13988
0.85469 0.037679 0.14977
0.83994 0.037688 0.17788
0.84252 0.037688 0.18858
0.85904 0.037684 0.17822
0.86694 0.037686 0.19308
0.85144 0.037686 0.20528
0.84006 0.037686 0.22548
0.86253 0.037686 0.20737
0.85507 0.037684 0.22719
0.85024 0.037681 0.24106
0.85964 0.037684 0.24167
0.86183 0.037686 0.25219
0.85896 0.037686 0.27045
0.86124 0.037686 0.29085
0.84668 0.037674 0.31004
0.84054 0.037664 0.31921
0.86368 0.037684 0.30291
0.85888 0.03768 0.3154
0.84535 0.037664 0.34946
0.86075 0.037679 0.33754
0.86862 0.037684 0.35654
0.84867 0.037661 0.37558
0.85737 0.037665 0.37425
0.86602 0.037677 0.38695
0.85293 0.037665 0.40601
0.85448 0.037667 0.41906
0.85829 0.037668 0.40091
0.86767 0.037684 0.42659
0.84771 0.037664 0.43773
0.84293 0.037657 0.45293
0.86125 0.037675 0.44229
0.86629 0.037685 0.4572
0.84639 0.03767 0.47395
0.85107 0.037684 0.48884
0.85079 0.037705 0.51103
0.85716 0.037715 0.53021
0.87184 0.037726 0.52095
0.85392 0.037721 0.5409
0.85515 0.037727 0.55675
0.87057 0.037731 0.54146
0.86834 0.037732 0.55463
0.85683 0.037735 0.57694
0.84982 0.037757 0.59725
0.86989 0.037742 0.57553
0.86264 0.037747 0.59278
0.85711 0.037773 0.62384
0.86679 0.037759 0.60446
0.86109 0.037774 0.63461
0.8552 0.037775 0.66393
0.87017 0.037774 0.64263
0.86384 0.037774 0.66726
0.85339 0.037765 0.68408
0.8448 0.037771 0.6938
0.86551 0.037774 0.67601
0.86727 0.037775 0.70112
0.8455 0.037774 0.71196
0.85115 0.037772 0.72971
0.85935 0.037769 0.708
0.85934 0.037769 0.73231
0.84826 0.037772 0.7425
0.84487 0.037767 0.76848
0.86003 0.037763 0.76391
0.84071 0.037757 0.79865
0.86333 0.03776 0.77451
0.86697 0.037752 0.79332
0.84351 0.037749 0.81802
0.86537 0.037746 0.80755
0.86203 0.037738 0.82479
0.84491 0.037734 0.84516
0.86146 0.03773 0.84079
0.86224 0.037723 0.85808
0.8469 0.037725 0.87676
0.84228 0.037719 0.89735
0.86076 0.037721 0.87091
0.84546 0.037704 0.91898
0.86417 0.037708 0.9057
0.85565 0.03769 0.92194
0.84979 0.037643 0.93576
0.84279 0.033488 0.96045
0.8629 0.037649 0.93528
0.86103 0.03339 0.96354
0.86996 0.037664 0.03902
0.87174 0.037664 0.060599
0.88636 0.037659 0.039827
0.88783 0.037659 0.051651
0.88131 0.037661 0.075806
0.88193 0.037663 0.091225
0.8963 0.037659 0.077908
0.89056 0.03766 0.085208
0.88137 0.037668 0.10768
0.88227 0.037671 0.12616
0.89053 0.037668 0.11741
0.87554 0.037674 0.13623
0.88292 0.037675 0.15617
0.89418 0.037671 0.14594
0.88955 0.037676 0.15991
0.87763 0.037687 0.18828
0.89369 0.037679 0.16742
0.89794 0.037683 0.18713
0.87308 0.037687 0.20101
0.87852 0.037689 0.21665
0.89165 0.037686 0.2082
0.88768 0.037689 0.21924
0.87143 0.037691 0.23417
0.87496 0.037694 0.27147
0.87719 0.037693 0.28661
0.8991 0.037699 0.26617
0.89239 0.037697 0.28899
0.87356 0.037687 0.31137
0.88313 0.037694 0.31957
0.8896 0.037695 0.30002
0.88878 0.037694 0.31654
0.88058 0.037697 0.34179
0.89581 0.037703 0.33649
0.90069 0.037709 0.35023
0.88132 0.037701 0.3772
0.87436 0.03769 0.38496
0.89506 0.037709 0.36934
0.89827 0.037716 0.39025
0.87715 0.037697 0.40515
0.87964 0.037701 0.41789
0.89978 0.037722 0.41126
0.89563 0.037717 0.4171
0.88638 0.037709 0.43987
0.89052 0.037714 0.45018
0.88585 0.037714 0.47958
0.88425 0.037723 0.49472
0.8906 0.037723 0.49296
0.87584 0.037721 0.50468
0.88341 0.037741 0.53001
0.89375 0.037739 0.51293
0.89555 0.037747 0.52599
0.88017 0.037742 0.54027
0.89533 0.037751 0.53832
0.89947 0.037761 0.55282
0.88486 0.037755 0.57542
0.88258 0.037764 0.59862
0.89635 0.03776 0.57578
0.89323 0.037765 0.59935
0.88163 0.037767 0.60709
0.88632 0.037771 0.63303
0.89277 0.037769 0.61058
0.8921 0.037772 0.62805
0.8844 0.037773 0.65097
0.89318 0.037774 0.64856
0.89587 0.037782 0.6608
0.87669 0.037786 0.67743
0.90107 0.037783 0.69954
0.87535 0.03778 0.71558
0.88344 0.037775 0.73247
0.89785 0.037783 0.70599
0.89314 0.037775 0.72499
0.87623 0.037768 0.74766
0.87448 0.03776 0.76706
0.88971 0.037766 0.74532
0.89958 0.037752 0.76571
0.87654 0.037754 0.78219
0.88029 0.037745 0.79871
0.89183 0.037743 0.78944
0.87312 0.037739 0.8169
0.87899 0.037732 0.82581
0.89066 0.037737 0.80597
0.87805 0.037725 0.84131
0.88242 0.037715 0.86416
0.89554 0.037719 0.84019
0.8873 0.037714 0.85928
0.87542 0.03771 0.8914
0.89282 0.03771 0.87016
0.89564 0.037704 0.88992
0.8806 0.037704 0.90357
0.88167 0.03767 0.92889
0.89358 0.037697 0.90994
0.89699 0.037653 0.93043
0.87278 0.037638 0.94077
0.89828 0.033459 0.96108
0.90529 0.037656 0.037471
0.91216 0.037655 0.053957
0.92237 0.037633 0.038776
0.91523 0.037657 0.074986
0.9041 0.03766 0.089813
0.92873 0.037616 0.094064
0.91175 0.037661 0.10814
0.91006 0.037666 0.12837
0.92125 0.037646 0.10306
0.92379 0.037641 0.11744
0.90616 0.037668 0.13366
0.90873 0.037673 0.15735
0.92243 0.037651 0.13816
0.9144 0.037679 0.18653
0.92817 0.037648 0.1702
0.93097 0.037639 0.1948
0.91538 0.037681 0.2037
0.91308 0.037684 0.22062
0.92748 0.037642 0.20775
0.91962 0.037677 0.22466
0.90938 0.037692 0.24451
0.92825 0.037658 0.24122
0.92246 0.037681 0.25429
0.90968 0.0377 0.26803
0.93192 0.037664 0.27785
0.93116 0.03767 0.29213
0.91325 0.037713 0.32356
0.92441 0.037693 0.30055
0.92344 0.037701 0.32046
0.90588 0.037709 0.33426
0.90883 0.037716 0.35956
0.93006 0.037691 0.33536
0.92069 0.037714 0.3539
0.90787 0.037719 0.37004
0.91266 0.037728 0.38925
0.92611 0.037702 0.39395
0.92605 0.037705 0.40184
0.9315 0.037692 0.42944
0.90797 0.03774 0.45435
0.92815 0.037709 0.4344
0.91017 0.037744 0.48025
0.90766 0.037749 0.49618
0.92866 0.037713 0.47214
0.92628 0.037725 0.48625
0.91396 0.037763 0.50397
0.91496 0.037774 0.52404
0.92985 0.037734 0.51319
0.92745 0.037745 0.52035
0.92609 0.037753 0.53913
0.92795 0.037752 0.55608
0.91728 0.037786 0.5978
0.92743 0.037772 0.57713
0.93082 0.037777 0.59717
0.91316 0.037787 0.60712
0.90826 0.037788 0.62452
0.92437 0.037785 0.60812
0.92579 0.037784 0.62061
0.90666 0.03779 0.64596
0.93333 0.037741 0.64944
0.92446 0.037768 0.6654
0.9149 0.037774 0.69005
0.92597 0.037744 0.68316
0.929 0.037725 0.69782
0.91404 0.037774 0.70685
0.92367 0.037746 0.71078
0.91083 0.037761 0.74277
0.91395 0.037749 0.76179
0.92075 0.037748 0.73875
0.91995 0.037737 0.76681
0.91506 0.037742 0.77388
0.91397 0.037733 0.79021
0.92635 0.037711 0.7779
0.92695 0.037699 0.79727
0.90547 0.037724 0.81731
0.91264 0.037718 0.82359
0.92142 0.037711 0.8047
0.91901 0.037708 0.82735
0.90646 0.037712 0.84653
0.90676 0.037708 0.86301
0.92372 0.037681 0.83717
0.91935 0.037695 0.86245
0.91211 0.037704 0.87377
0.91935 0.037694 0.87239
0.93065 0.03765 0.88983
0.90764 0.037692 0.91
0.90875 0.037646 0.9289
0.92065 0.037674 0.90899
0.92856 0.037604 0.92496
0.90724 0.037605 0.94092
0.91323 0.033565 0.95916
0.91904 0.037586 0.93941
0.92419 0.033487 0.96042
0.93767 0.037576 0.042096
0.93793 0.037575 0.054531
0.95398 0.03454 0.037239
0.95743 0.033734 0.061104
0.93491 0.037588 0.074327
0.95991 0.033514 0.087179
0.94679 0.037559 0.10544
0.95913 0.033569 0.12689
0.9467 0.037572 0.14431
0.94326 0.037591 0.15459
0.95839 0.033632 0.13997
0.95184 0.035819 0.15691
0.93642 0.037627 0.17028
0.94614 0.037596 0.19373
0.95502 0.034232 0.19522
0.93998 0.0376 0.20358
0.94009 0.037602 0.22621
0.96321 0.033396 0.21234
0.96099 0.033463 0.21931
0.94088 0.037629 0.24484
0.94689 0.037618 0.25029
0.96091 0.033467 0.23486
0.95257 0.035357 0.26139
0.94367 0.037628 0.26865
0.94031 0.037641 0.2856
0.95962 0.033539 0.27309
0.94189 0.037642 0.29956
0.94155 0.037659 0.32771
0.95489 0.034303 0.29926
0.96441 0.033377 0.32218
0.94592 0.03766 0.33978
0.94355 0.037665 0.35453
0.95869 0.033617 0.35752
0.94066 0.03766 0.36581
0.94764 0.037617 0.39549
0.96422 0.033379 0.37746
0.95223 0.035668 0.3943
0.946 0.037622 0.40512
0.9635 0.033392 0.4082
0.95646 0.033917 0.42709
0.94181 0.03766 0.44353
0.9458 0.037648 0.45047
0.9536 0.034824 0.4341
0.95977 0.033532 0.4515
0.93999 0.037667 0.4718
0.96361 0.03339 0.47866
0.95536 0.03421 0.49472
0.94665 0.03767 0.50874
0.94287 0.037688 0.52234
0.9532 0.035138 0.51183
0.95984 0.033534 0.52705
0.93791 0.037711 0.55529
0.96437 0.033378 0.53961
0.95861 0.033643 0.55797
0.94421 0.037768 0.59505
0.94119 0.037761 0.61425
0.94134 0.03775 0.62324
0.95977 0.033546 0.62839
0.94459 0.037709 0.64034
0.96137 0.033457 0.63802
0.9636 0.033391 0.66034
0.94871 0.037656 0.67816
0.96002 0.033522 0.67624
0.95921 0.033577 0.69719
0.94091 0.037656 0.71544
0.93992 0.037654 0.72641
0.95422 0.034568 0.71711
0.95488 0.034324 0.72225
0.94358 0.037625 0.75726
0.95553 0.034127 0.74856
0.95963 0.03354 0.75738
0.94124 0.037667 0.7808
0.9412 0.037648 0.80041
0.95759 0.033736 0.78871
0.93965 0.037645 0.80545
0.95404 0.03458 0.81347
0.95895 0.033585 0.83161
0.938 0.037603 0.84707
0.9649 0.03337 0.85787
0.94256 0.037612 0.88662
0.95937 0.033551 0.871
0.93758 0.037576 0.92219
0.9562 0.03393 0.90806
0.96455 0.033374 0.92067
0.93847 0.037519 0.93662
0.94206 0.033627 0.95835
0.95916 0.033558 0.94258
0.95411 0.033365 0.96276
