2635
1 1 1
0.034958 0.037724 0.044764
0.04092 0.037724 0.054023
0.062009 0.037726 0.035649
0.058093 0.037725 0.051275
0.045957 0.037726 0.068597
0.043447 0.037728 0.092705
0.05943 0.037727 0.080247
0.055921 0.037728 0.096351
0.038488 0.037729 0.1098
0.041135 0.037731 0.11967
0.062888 0.037727 0.10653
0.062302 0.037736 0.14191
0.040281 0.037726 0.18742
0.057902 0.037727 0.1774
0.060624 0.037726 0.19293
0.036109 0.037726 0.19771
0.040247 0.037726 0.22342
0.052927 0.037726 0.20272
0.055954 0.037726 0.21601
0.047522 0.037725 0.23238
0.042135 0.037725 0.25347
0.05254 0.037725 0.23871
0.061123 0.037724 0.25327
0.046988 0.037726 0.26527
0.046154 0.037727 0.28228
0.055256 0.037727 0.27424
0.062587 0.037728 0.28295
0.061329 0.03773 0.30391
0.056976 0.037732 0.31905
0.044863 0.037731 0.34036
0.061516 0.037727 0.349
0.045886 0.037726 0.37049
0.044943 0.037725 0.38392
0.060121 0.037726 0.36834
0.055605 0.037727 0.39022
0.044321 0.03773 0.4009
0.037483 0.037733 0.42044
0.059894 0.037731 0.4037
0.05368 0.037734 0.41523
0.042161 0.037735 0.44373
0.058537 0.037736 0.44148
0.057708 0.037737 0.45783
0.041568 0.037736 0.47148
0.043383 0.037735 0.48649
0.051653 0.037738 0.47121
0.057182 0.037735 0.49016
0.038266 0.037725 0.50669
0.037969 0.03772 0.52817
0.054041 0.037727 0.5087
0.058243 0.037723 0.52721
0.045007 0.03772 0.53988
0.042746 0.037724 0.56601
0.06015 0.037723 0.53836
0.05883 0.037724 0.55945
0.036969 0.037726 0.57738
0.035855 0.037731 0.60012
0.051027 0.037728 0.57595
0.052903 0.037732 0.59637
0.043322 0.037732 0.60499
0.036168 0.037733 0.63251
0.050903 0.037734 0.61112
0.056746 0.037736 0.62404
0.050924 0.037732 0.65212
0.052845 0.037736 0.66418
0.047061 0.037737 0.67608
0.051959 0.037738 0.67427
0.057387 0.037741 0.69199
0.035937 0.037736 0.73319
0.059174 0.037736 0.71647
0.051201 0.037736 0.72592
0.04323 0.037736 0.74939
0.036968 0.037736 0.76483
0.058357 0.037736 0.74618
0.05156 0.037736 0.76296
0.040637 0.037736 0.77527
0.037144 0.037736 0.80131
0.05759 0.037737 0.78366
0.055719 0.037736 0.79331
0.039621 0.037736 0.82761
0.052411 0.037736 0.81584
0.057901 0.037735 0.83298
0.037959 0.037736 0.84436
0.034993 0.037734 0.86288
0.053309 0.037735 0.83881
0.055629 0.037734 0.86088
0.035541 0.037733 0.87248
0.044919 0.037735 0.89347
0.057577 0.037731 0.87975
0.056095 0.037732 0.88975
0.04178 0.037743 0.91264
0.037028 0.033634 0.95631
0.058204 0.037632 0.945
0.06065 0.034051 0.95433
0.078588 0.03773 0.045165
0.07453 0.037728 0.059425
0.077485 0.037726 0.087771
0.093433 0.037728 0.073534
0.090801 0.037727 0.087724
0.070667 0.037725 0.10566
0.071658 0.037728 0.12831
0.084379 0.037724 0.1081
0.088479 0.037724 0.12145
0.069176 0.037732 0.13911
0.088539 0.037725 0.13547
0.091784 0.037725 0.15672
0.071224 0.037726 0.17457
0.067323 0.037725 0.18938
0.093194 0.037722 0.17433
0.093656 0.037722 0.18947
0.076366 0.037726 0.20422
0.075026 0.037725 0.22105
0.087644 0.037725 0.20928
0.095732 0.037722 0.22484
0.068893 0.037723 0.24209
0.071404 0.037723 0.24847
0.084411 0.037722 0.24264
0.088686 0.037722 0.25079
0.07501 0.037726 0.27125
0.074023 0.037728 0.28859
0.094054 0.037722 0.27126
0.067241 0.037729 0.30521
0.067566 0.037728 0.32431
0.091247 0.037722 0.30367
0.089173 0.037721 0.32485
0.070323 0.037725 0.34344
0.088264 0.037721 0.33926
0.08703 0.037722 0.35423
0.074812 0.037723 0.37734
0.090045 0.037723 0.37062
0.093654 0.037723 0.38243
0.068475 0.037731 0.40898
0.072397 0.037733 0.42233
0.091793 0.037731 0.41116
0.085067 0.037736 0.4178
0.068214 0.037736 0.44456
0.082475 0.037738 0.43641
0.083683 0.037741 0.45558
0.072907 0.037736 0.47365
0.076916 0.037735 0.48428
0.088519 0.03774 0.47953
0.087719 0.037738 0.49051
0.068143 0.03773 0.50227
0.083839 0.037732 0.51953
0.075918 0.037724 0.53649
0.07098 0.037724 0.56499
0.081132 0.037726 0.56265
0.072775 0.037725 0.57119
0.06846 0.037732 0.60006
0.084091 0.037731 0.5715
0.086705 0.037735 0.59544
0.073085 0.037739 0.63002
0.088207 0.037738 0.61322
0.09307 0.037735 0.6227
0.071833 0.037739 0.64316
0.090895 0.03774 0.66645
0.06724 0.037743 0.68301
0.084467 0.037746 0.67546
0.087574 0.037742 0.69508
0.075184 0.037736 0.71292
0.066828 0.037735 0.73381
0.089578 0.037736 0.72547
0.070215 0.037735 0.74639
0.075091 0.037735 0.75864
0.086813 0.037735 0.74252
0.083929 0.037736 0.7634
0.070562 0.037737 0.77447
0.072185 0.037736 0.80011
0.092866 0.037735 0.78596
0.071578 0.037733 0.81688
0.079285 0.037732 0.82429
0.09175 0.037733 0.80787
0.089002 0.037733 0.83317
0.073887 0.037735 0.84304
0.073799 0.037733 0.86227
0.08887 0.037731 0.86608
0.075918 0.037727 0.88314
0.087485 0.037729 0.87429
0.084324 0.037728 0.89077
0.07072 0.037738 0.91009
0.076216 0.037715 0.93109
0.088012 0.037732 0.90313
0.070741 0.037687 0.93881
0.085133 0.037703 0.94745
0.10954 0.037724 0.039001
0.10501 0.037726 0.057267
0.12536 0.037724 0.037858
0.12087 0.037724 0.052128
0.10184 0.037728 0.068201
0.10619 0.037727 0.094026
0.12305 0.037726 0.09622
0.10461 0.037724 0.10991
0.11263 0.037722 0.12817
0.12396 0.037721 0.11783
0.1065 0.037723 0.14053
0.10158 0.037723 0.15511
0.12534 0.037721 0.15511
0.10655 0.037719 0.17194
0.10526 0.037719 0.18662
0.12618 0.037719 0.16608
0.1175 0.037717 0.19272
0.11155 0.037718 0.21576
0.11639 0.037717 0.19994
0.11549 0.037718 0.22613
0.10447 0.03772 0.23729
0.099452 0.03772 0.25502
0.1192 0.037718 0.2365
0.10508 0.037717 0.27257
0.10468 0.037715 0.28528
0.11864 0.037712 0.27621
0.12655 0.037705 0.28275
0.10509 0.037711 0.30284
0.10568 0.03771 0.3253
0.12603 0.037702 0.30827
0.11472 0.037704 0.31701
0.10253 0.037712 0.33311
0.1036 0.037715 0.35778
0.11399 0.03771 0.3527
0.097965 0.037719 0.36483
0.11452 0.037716 0.3692
0.12036 0.037725 0.39309
0.10123 0.037724 0.39783
0.10092 0.03773 0.4249
0.11164 0.037727 0.42512
0.097147 0.037735 0.43735
0.098041 0.037736 0.44935
0.11213 0.037734 0.44393
0.11384 0.037737 0.45647
0.097362 0.037736 0.47025
0.10541 0.03773 0.48691
0.11489 0.037738 0.47162
0.12049 0.037739 0.48892
0.10171 0.037726 0.50315
0.097257 0.037726 0.52521
0.11731 0.037726 0.52553
0.10309 0.037726 0.538
0.098805 0.03773 0.55974
0.1193 0.037729 0.54339
0.096966 0.037731 0.5827
0.099064 0.037731 0.59585
0.11609 0.037734 0.5764
0.11753 0.037728 0.60176
0.10672 0.037723 0.61752
0.10685 0.037722 0.62748
0.12313 0.037715 0.63278
0.104 0.037724 0.64653
0.10365 0.037726 0.65956
0.11688 0.037718 0.6412
0.11397 0.03772 0.66832
0.10258 0.037731 0.6849
0.11939 0.037722 0.68468
0.10568 0.037737 0.73012
0.12413 0.037725 0.70854
0.12556 0.037727 0.73597
0.10023 0.037735 0.74102
0.10423 0.037732 0.7574
0.11845 0.037728 0.76569
0.10577 0.03773 0.77655
0.12623 0.037721 0.78059
0.11623 0.037726 0.79261
0.10769 0.037732 0.83092
0.11629 0.03773 0.80643
0.11965 0.03773 0.8349
0.10904 0.037732 0.84071
0.12465 0.037727 0.84405
0.12454 0.037726 0.8575
0.10753 0.037728 0.87695
0.11122 0.037728 0.89331
0.12736 0.037727 0.88369
0.12101 0.037729 0.89812
0.10235 0.037732 0.91029
0.12037 0.03773 0.91259
0.11885 0.037709 0.92569
0.10397 0.03769 0.93865
0.12847 0.037641 0.9466
0.12685 0.033342 0.96459
0.1404 0.037725 0.039746
0.15563 0.037725 0.035253
0.15723 0.037724 0.053202
0.13309 0.037726 0.075975
0.13828 0.037722 0.095024
0.15099 0.037723 0.071705
0.15521 0.03772 0.090126
0.13786 0.037719 0.106
0.1394 0.037717 0.11728
0.14981 0.037716 0.11057
0.15401 0.037715 0.11609
0.1328 0.037721 0.13716
0.13365 0.037721 0.15871
0.15782 0.037718 0.15223
0.13212 0.037718 0.17744
0.15561 0.037716 0.17182
0.15429 0.037715 0.1834
0.13439 0.037715 0.20451
0.14004 0.037711 0.22429
0.15688 0.037708 0.20566
0.1332 0.037712 0.23691
0.1428 0.037704 0.2522
0.14877 0.037708 0.22989
0.15599 0.037696 0.25819
0.13537 0.037703 0.26649
0.13456 0.037699 0.28843
0.15322 0.037696 0.26612
0.14976 0.037694 0.28503
0.14198 0.037694 0.30227
0.13003 0.0377 0.31327
0.15506 0.037692 0.29633
0.14708 0.037695 0.31954
0.13224 0.037702 0.34171
0.14109 0.037697 0.34839
0.15167 0.037695 0.33006
0.13771 0.037703 0.37283
0.13212 0.03771 0.38172
0.1547 0.037697 0.37547
0.12841 0.037728 0.42035
0.14203 0.037723 0.42376
0.13526 0.037727 0.43953
0.12869 0.037735 0.45351
0.14687 0.037728 0.44212
0.14506 0.037732 0.45205
0.12942 0.037738 0.46927
0.12773 0.037737 0.48619
0.14668 0.037741 0.47167
0.13617 0.037713 0.50989
0.13548 0.037708 0.52434
0.15226 0.037723 0.50138
0.12956 0.037715 0.5459
0.13596 0.037704 0.56797
0.14311 0.037701 0.55043
0.15225 0.037711 0.55509
0.13676 0.037701 0.58438
0.13198 0.037708 0.59714
0.15135 0.037697 0.58444
0.1503 0.037696 0.59673
0.13142 0.037707 0.61423
0.13412 0.037705 0.63174
0.15234 0.037695 0.61909
0.1478 0.037699 0.62924
0.13737 0.037705 0.66308
0.15615 0.037698 0.64842
0.14673 0.037703 0.66449
0.13489 0.037708 0.67617
0.14067 0.037705 0.69666
0.14493 0.037702 0.68004
0.14731 0.037703 0.70425
0.12956 0.037719 0.70772
0.14065 0.037711 0.73556
0.15164 0.037704 0.71073
0.14734 0.037706 0.73544
0.14069 0.037713 0.75097
0.13464 0.037717 0.76825
0.15285 0.037705 0.74198
0.15646 0.037703 0.75836
0.13764 0.037716 0.79501
0.15076 0.03771 0.77857
0.15228 0.037714 0.80071
0.14302 0.037719 0.80881
0.14054 0.037722 0.82977
0.16106 0.037715 0.81636
0.15359 0.037718 0.83019
0.13877 0.037721 0.8487
0.14529 0.03772 0.86366
0.15809 0.037715 0.84764
0.15825 0.037717 0.86301
0.1355 0.037725 0.87769
0.15512 0.037723 0.88192
0.1536 0.037727 0.89848
0.13368 0.037729 0.9096
0.13864 0.03769 0.92873
0.15567 0.037729 0.91171
0.15333 0.037697 0.92574
0.13492 0.034806 0.95269
0.15703 0.037635 0.94101
0.15671 0.033366 0.96149
0.16914 0.037721 0.044755
0.17594 0.037719 0.06098
0.18513 0.037719 0.045437
0.18415 0.037719 0.054941
0.16883 0.03772 0.076021
0.17252 0.037718 0.091592
0.18763 0.037718 0.077522
0.1873 0.037717 0.092637
0.16791 0.037717 0.10545
0.17193 0.037714 0.12814
0.18203 0.037717 0.10684
0.18885 0.037716 0.11738
0.17044 0.037712 0.14
0.17702 0.037707 0.15316
0.18508 0.037708 0.14446
0.18935 0.037708 0.14961
0.17644 0.037701 0.19241
0.18803 0.037703 0.17114
0.18344 0.037702 0.18771
0.17245 0.037694 0.2255
0.18471 0.037698 0.20037
0.18382 0.037694 0.21868
0.17017 0.037692 0.23789
0.17225 0.037686 0.25595
0.18405 0.037684 0.24767
0.18523 0.037677 0.269
0.18079 0.03768 0.2873
0.16354 0.037687 0.29558
0.16969 0.037686 0.31268
0.18301 0.037681 0.30694
0.18538 0.037678 0.32362
0.16222 0.037686 0.34009
0.16485 0.037683 0.34695
0.17914 0.037677 0.33537
0.18208 0.037677 0.34483
0.17065 0.037681 0.36961
0.1806 0.037681 0.3724
0.17721 0.037677 0.38942
0.16552 0.037687 0.42425
0.18498 0.037678 0.40133
0.18493 0.037682 0.42026
0.16506 0.037695 0.43724
0.16567 0.037701 0.4523
0.18053 0.037691 0.43392
0.17377 0.037701 0.45877
0.16178 0.037722 0.48667
0.1749 0.037723 0.47754
0.17762 0.03773 0.48588
0.1606 0.037713 0.50247
0.16043 0.037706 0.53063
0.17923 0.037724 0.50855
0.17687 0.037716 0.53053
0.16074 0.037707 0.54585
0.17274 0.0377 0.56344
0.16818 0.037682 0.58065
0.15921 0.037688 0.59362
0.18031 0.037687 0.58673
0.17498 0.037673 0.59901
0.16822 0.037672 0.61037
0.16237 0.037685 0.63189
0.17583 0.03767 0.60856
0.17598 0.03767 0.62766
0.16278 0.037693 0.65047
0.16479 0.037692 0.66045
0.18721 0.037695 0.65482
0.18778 0.037692 0.66643
0.16503 0.037693 0.67843
0.16413 0.037695 0.69429
0.17747 0.037686 0.67635
0.18056 0.03769 0.69627
0.17043 0.037695 0.7214
0.16733 0.037696 0.73303
0.18039 0.03769 0.70924
0.18129 0.037689 0.73792
0.17392 0.037689 0.75226
0.16723 0.037696 0.75985
0.18258 0.037687 0.75166
0.16689 0.037709 0.79445
0.18692 0.037697 0.77473
0.18658 0.037706 0.8009
0.17219 0.03771 0.80903
0.18524 0.037708 0.81678
0.18699 0.037706 0.83138
0.17689 0.037708 0.84155
0.16807 0.037712 0.85776
0.18586 0.037706 0.84841
0.18403 0.037707 0.85536
0.16637 0.037719 0.87669
0.16636 0.037724 0.89282
0.19183 0.037709 0.87172
0.19116 0.037715 0.89094
0.16843 0.03768 0.92946
0.1834 0.037673 0.93048
0.17804 0.034266 0.95371
0.18505 0.037635 0.93879
0.19016 0.033652 0.9562
0.19952 0.037719 0.044187
0.20769 0.037718 0.058228
0.221 0.037719 0.034955
0.2191 0.037719 0.056003
0.20638 0.037717 0.068245
0.20311 0.037716 0.087839
0.22352 0.037716 0.070301
0.22008 0.037714 0.092456
0.20867 0.037714 0.099767
0.20266 0.037713 0.12559
0.22517 0.037714 0.10022
0.21698 0.037714 0.12008
0.20154 0.037711 0.14065
0.197 0.0377 0.17192
0.20702 0.037696 0.18785
0.22313 0.037691 0.17061
0.2254 0.037684 0.18148
0.20228 0.037697 0.19851
0.21945 0.037691 0.19813
0.20751 0.03768 0.23611
0.22099 0.037684 0.23071
0.21816 0.037676 0.25434
0.20042 0.037659 0.27115
0.19555 0.037661 0.27944
0.21846 0.037665 0.26501
0.2117 0.037642 0.28337
0.2034 0.037641 0.30419
0.20121 0.037649 0.3241
0.21015 0.037627 0.3126
0.19473 0.037664 0.32994
0.19928 0.037658 0.35271
0.21086 0.037639 0.32929
0.22 0.037648 0.34623
0.20262 0.037647 0.3625
0.19949 0.037646 0.38026
0.2145 0.037642 0.3609
0.20752 0.037632 0.38692
0.19723 0.03766 0.40498
0.20582 0.037643 0.40177
0.19681 0.037679 0.4286
0.18776 0.037711 0.45557
0.21022 0.037684 0.43012
0.20964 0.037715 0.44886
0.1928 0.037728 0.46778
0.19516 0.03774 0.4889
0.19945 0.037737 0.47591
0.20339 0.037757 0.48944
0.1913 0.037737 0.51071
0.19331 0.037725 0.52437
0.1943 0.037709 0.54154
0.19533 0.0377 0.55593
0.20581 0.037706 0.55685
0.19308 0.037686 0.58649
0.18963 0.037688 0.59882
0.20935 0.037695 0.58436
0.20925 0.037695 0.59132
0.19046 0.037685 0.61143
0.1923 0.03769 0.63658
0.21551 0.037695 0.63678
0.19256 0.037692 0.65311
0.20176 0.037683 0.6597
0.21501 0.037692 0.64546
0.20231 0.037674 0.678
0.19675 0.037678 0.70005
0.21318 0.037669 0.67941
0.21179 0.037667 0.70137
0.19583 0.037677 0.71377
0.19573 0.037675 0.7327
0.21249 0.037663 0.71565
0.21482 0.037657 0.72675
0.19971 0.037682 0.7643
0.2159 0.037669 0.75285
0.19913 0.037696 0.78559
0.20608 0.037695 0.79725
0.21682 0.037682 0.77685
0.20108 0.037703 0.83515
0.2237 0.037699 0.81975
0.22059 0.037699 0.83405
0.20166 0.037703 0.84914
0.20517 0.037701 0.86233
0.21911 0.0377 0.84041
0.22055 0.037697 0.86153
0.20426 0.037703 0.87748
0.20677 0.037709 0.89456
0.21699 0.037698 0.87907
0.22193 0.037704 0.8974
0.21096 0.037677 0.92796
0.22185 0.037717 0.91473
0.19914 0.037594 0.94713
0.21051 0.033353 0.96267
0.21859 0.037612 0.94295
0.21901 0.033536 0.95725
0.23145 0.037719 0.034962
0.23503 0.037717 0.060848
0.24865 0.037719 0.042257
0.25673 0.037718 0.055597
0.23672 0.037716 0.066878
0.23303 0.037714 0.083378
0.25262 0.037713 0.074718
0.25589 0.037712 0.083947
0.24244 0.037714 0.11685
0.25227 0.037712 0.099462
0.24773 0.037711 0.1234
0.23199 0.037707 0.1417
0.25104 0.037704 0.13616
0.25676 0.037693 0.15234
0.23208 0.037683 0.17267
0.24197 0.037673 0.18741
0.24934 0.037677 0.17253
0.25512 0.037675 0.18186
0.2352 0.037674 0.20664
0.22867 0.037681 0.22464
0.25169 0.037669 0.20142
0.22807 0.03768 0.23958
0.23484 0.03768 0.2451
0.23664 0.037665 0.26818
0.23549 0.03765 0.28814
0.25517 0.037656 0.27733
0.25362 0.037646 0.3012
0.25 0.037648 0.31606
0.22785 0.037638 0.34922
0.24634 0.037637 0.33731
0.25198 0.037644 0.35442
0.23117 0.037625 0.361
0.24329 0.037622 0.36691
0.23888 0.037605 0.38103
0.22267 0.03764 0.40026
0.23213 0.037636 0.41383
0.24187 0.037621 0.39378
0.2263 0.03766 0.42793
0.22286 0.037701 0.44795
0.24295 0.037663 0.43157
0.2371 0.037696 0.45111
0.21627 0.03777 0.47368
0.23105 0.037752 0.46838
0.23647 0.037825 0.48425
0.22674 0.037761 0.50542
0.2316 0.037769 0.53254
0.22263 0.037732 0.54868
0.21841 0.037721 0.56705
0.22756 0.037702 0.59429
0.23655 0.037699 0.60173
0.23177 0.037673 0.61365
0.22912 0.037658 0.64008
0.23806 0.037662 0.6181
0.24319 0.037639 0.63579
0.22579 0.037658 0.65459
0.23406 0.037636 0.66499
0.24377 0.037626 0.65686
0.24509 0.037636 0.67126
0.23428 0.03765 0.68782
0.25268 0.037642 0.69636
0.23478 0.03764 0.72317
0.24635 0.037636 0.7143
0.24805 0.037633 0.73349
0.23448 0.037648 0.74636
0.23189 0.037659 0.76359
0.24921 0.037642 0.75188
0.25807 0.037647 0.76851
0.22923 0.03768 0.78342
0.23771 0.037679 0.79579
0.25364 0.037659 0.77779
0.23825 0.037687 0.81114
0.25601 0.037677 0.81288
0.24961 0.037688 0.8317
0.23954 0.037694 0.84707
0.23511 0.037693 0.86236
0.23367 0.037693 0.88021
0.23262 0.037694 0.88941
0.25541 0.037687 0.8787
0.24301 0.037705 0.91342
0.23374 0.037671 0.92921
0.24893 0.037697 0.90445
0.25765 0.037661 0.93133
0.24079 0.033367 0.9614
0.25289 0.037645 0.93672
0.27289 0.037716 0.055922
0.29309 0.037709 0.060324
0.27463 0.037707 0.078566
0.26788 0.037709 0.093121
0.29162 0.037706 0.073292
0.26887 0.037707 0.10772
0.28823 0.037702 0.10272
0.28342 0.037699 0.12128
0.26945 0.037695 0.13421
0.26676 0.037688 0.15469
0.29076 0.037683 0.13584
0.29219 0.037677 0.15561
0.26305 0.037681 0.16739
0.2682 0.037677 0.1801
0.28369 0.037676 0.18999
0.27131 0.037672 0.21291
0.28607 0.037672 0.19501
0.28371 0.037662 0.22004
0.26711 0.037654 0.25605
0.28414 0.037649 0.23444
0.28581 0.037651 0.25352
0.28042 0.037645 0.26123
0.26149 0.037633 0.30292
0.26387 0.037629 0.31227
0.28727 0.037615 0.31615
0.25993 0.037636 0.33186
0.26428 0.037633 0.35488
0.27376 0.037606 0.33802
0.27629 0.037619 0.35048
0.26254 0.037635 0.36089
0.26265 0.037623 0.38061
0.27836 0.037638 0.37153
0.25866 0.037635 0.40094
0.25483 0.037653 0.41585
0.27465 0.037644 0.40598
0.26858 0.037645 0.42105
0.24679 0.037728 0.45604
0.26592 0.037646 0.42906
0.27263 0.037685 0.44786
0.24345 0.037807 0.47033
0.24623 0.037853 0.48791
0.2606 0.037916 0.48305
0.24399 0.037833 0.51025
0.25609 0.037817 0.53541
0.24926 0.037798 0.54119
0.25296 0.037769 0.57261
0.2589 0.037786 0.55236
0.26949 0.037808 0.56353
0.25779 0.037753 0.57934
0.25304 0.037699 0.60662
0.26588 0.037746 0.58216
0.26759 0.037701 0.59517
0.25889 0.037654 0.61764
0.25982 0.037626 0.63651
0.27535 0.037595 0.63256
0.26277 0.037615 0.65461
0.2609 0.037628 0.67058
0.27574 0.037596 0.65453
0.27842 0.037605 0.67164
0.26057 0.037637 0.67905
0.26889 0.037598 0.70016
0.28495 0.037616 0.6812
0.28092 0.037579 0.70718
0.26691 0.037588 0.72101
0.2707 0.037585 0.72888
0.28879 0.037601 0.73292
0.27383 0.037636 0.75578
0.27003 0.03764 0.7721
0.2884 0.037637 0.74891
0.26421 0.037649 0.77969
0.27252 0.037645 0.79754
0.29004 0.037634 0.78459
0.28623 0.037643 0.80176
0.28806 0.037662 0.81848
0.2809 0.037675 0.83334
0.27361 0.037685 0.8502
0.29206 0.037674 0.84786
0.28428 0.037679 0.8624
0.2681 0.037682 0.88306
0.27793 0.037685 0.89521
0.28934 0.037676 0.88263
0.28248 0.037685 0.89627
0.29404 0.037692 0.91147
0.29164 0.037671 0.92734
0.27439 0.037597 0.94682
0.27712 0.033735 0.95567
0.29452 0.037648 0.9368
0.28259 0.033385 0.9604
0.29923 0.037709 0.045092
0.30267 0.037706 0.057902
0.3257 0.037695 0.043991
0.32681 0.037694 0.057714
0.30108 0.037702 0.078603
0.30505 0.037701 0.085897
0.32154 0.037696 0.069317
0.31745 0.037695 0.092278
0.30306 0.037694 0.10633
0.30083 0.037688 0.1237
0.32564 0.037684 0.1015
0.31602 0.037682 0.12139
0.29933 0.037673 0.14158
0.30239 0.037673 0.15268
0.31906 0.037664 0.14016
0.31986 0.037663 0.14932
0.30029 0.037667 0.17339
0.30308 0.037663 0.18769
0.32014 0.037656 0.16747
0.30391 0.037648 0.2169
0.32434 0.037642 0.20283
0.32288 0.037642 0.21093
0.29508 0.037635 0.23752
0.30167 0.037629 0.24794
0.31155 0.03762 0.25259
0.3006 0.037624 0.26103
0.2949 0.037612 0.28415
0.31012 0.037613 0.26063
0.31567 0.037598 0.27805
0.29483 0.037595 0.30344
0.29434 0.037601 0.3124
0.31123 0.037579 0.30392
0.3115 0.037581 0.31133
0.29864 0.037603 0.32862
0.28902 0.037629 0.35236
0.31091 0.037582 0.33539
0.31729 0.037597 0.35049
0.2935 0.037634 0.35726
0.28786 0.037659 0.38599
0.30434 0.037634 0.36617
0.31096 0.037704 0.38055
0.28594 0.037656 0.40476
0.29354 0.037645 0.41415
0.30135 0.037648 0.40137
0.30493 0.03766 0.41803
0.28562 0.037661 0.43514
0.27882 0.037716 0.45286
0.30516 0.037776 0.43454
0.30708 0.037908 0.44467
0.27467 0.037974 0.4802
0.28867 0.037878 0.46672
0.27794 0.037992 0.49057
0.2727 0.038007 0.50417
0.26688 0.037978 0.522
0.28392 0.038121 0.50606
0.28099 0.037874 0.54315
0.29019 0.037799 0.56762
0.27928 0.037739 0.58389
0.30601 0.037667 0.60063
0.28473 0.037603 0.6239
0.289 0.037592 0.63747
0.31366 0.037659 0.63555
0.31229 0.037659 0.66291
0.31523 0.03768 0.67743
0.32071 0.037639 0.70801
0.3219 0.037626 0.72642
0.31543 0.037636 0.73769
0.30082 0.037637 0.74612
0.30728 0.037624 0.76551
0.31869 0.03762 0.75352
0.31698 0.03762 0.77069
0.30748 0.037633 0.78488
0.29997 0.037636 0.79794
0.31468 0.037631 0.78923
0.31531 0.037637 0.80517
0.29868 0.037648 0.81095
0.31778 0.037639 0.8316
0.30099 0.037664 0.84525
0.30766 0.037663 0.86225
0.30039 0.037671 0.88501
0.3083 0.037671 0.89262
0.32016 0.037663 0.8746
0.31859 0.037671 0.89894
0.30179 0.037689 0.9147
0.31127 0.037673 0.93031
0.32797 0.037673 0.90793
0.31904 0.037673 0.92429
0.30294 0.037642 0.94615
0.32136 0.037649 0.94354
0.33722 0.037687 0.040498
0.33623 0.037688 0.055197
0.36121 0.037671 0.040582
0.35042 0.03768 0.050988
0.33654 0.037687 0.072534
0.33596 0.037688 0.084637
0.35167 0.037678 0.082459
0.3379 0.037674 0.10288
0.33266 0.037669 0.11993
0.35288 0.037646 0.11888
0.33538 0.037654 0.13644
0.33946 0.037649 0.14853
0.35185 0.037638 0.13819
0.35852 0.037627 0.14648
0.33981 0.037642 0.16597
0.33972 0.037638 0.17665
0.34707 0.037641 0.16169
0.35197 0.037634 0.17633
0.33204 0.037643 0.19602
0.33023 0.037642 0.21606
0.34778 0.037639 0.19506
0.3373 0.037627 0.22874
0.33236 0.037614 0.25199
0.34781 0.037624 0.231
0.35459 0.037626 0.24634
0.33799 0.037572 0.26838
0.33556 0.037566 0.27888
0.35275 0.037597 0.26486
0.34544 0.037559 0.27369
0.3289 0.037578 0.29396
0.3302 0.037594 0.31729
0.34527 0.037561 0.29322
0.34104 0.037571 0.31706
0.33476 0.0376 0.32465
0.32548 0.037587 0.34426
0.34033 0.037623 0.33423
0.35163 0.037998 0.36167
0.34336 0.03782 0.37646
0.31926 0.037682 0.40024
0.31668 0.037673 0.41891
0.33039 0.037683 0.39132
0.31753 0.037921 0.43558
0.32703 0.037805 0.43065
0.29722 0.038001 0.4671
0.29297 0.038123 0.49279
0.30565 0.038181 0.48467
0.29428 0.038166 0.50467
0.29755 0.03818 0.50515
0.3118 0.0382 0.53653
0.30329 0.037855 0.57301
0.31546 0.038086 0.55064
0.31921 0.037851 0.5713
0.32125 0.037677 0.59477
0.31586 0.03766 0.61254
0.31769 0.037659 0.62062
0.32419 0.037671 0.63919
0.33909 0.037694 0.61979
0.34505 0.037695 0.6367
0.33274 0.037657 0.66401
0.32269 0.037679 0.678
0.34568 0.037665 0.65999
0.34184 0.037641 0.67554
0.32766 0.037625 0.70362
0.34508 0.037619 0.68777
0.35215 0.037579 0.71063
0.32658 0.037627 0.72041
0.33516 0.037594 0.7332
0.35061 0.037586 0.72207
0.34517 0.037584 0.74276
0.33464 0.037596 0.74869
0.33661 0.037604 0.77439
0.34852 0.03757 0.75397
0.35192 0.037586 0.77004
0.35048 0.037616 0.786
0.35188 0.037616 0.80684
0.34327 0.037621 0.81921
0.3324 0.037627 0.82637
0.35302 0.037622 0.8301
0.34328 0.037648 0.84742
0.34108 0.037654 0.86359
0.36048 0.037632 0.84165
0.3597 0.037644 0.86455
0.33537 0.037665 0.88142
0.33889 0.037665 0.89482
0.35203 0.03766 0.8898
0.34418 0.037669 0.91153
0.33748 0.037647 0.92826
0.352 0.037667 0.91444
0.35201 0.037643 0.92541
0.34376 0.037606 0.93922
0.3354 0.033443 0.95867
0.35887 0.037602 0.939
0.35075 0.033352 0.96272
0.36817 0.037666 0.035057
0.37808 0.037658 0.055221
0.3871 0.037651 0.040638
0.38839 0.037631 0.068984
0.39246 0.037583 0.089842
0.36781 0.037625 0.10157
0.37869 0.037576 0.11374
0.39188 0.037535 0.10505
0.3865 0.037547 0.11312
0.36685 0.037608 0.14062
0.36793 0.037619 0.15368
0.39161 0.037534 0.13384
0.37441 0.037615 0.1634
0.36879 0.037625 0.1753
0.38946 0.037621 0.18544
0.36932 0.037633 0.19346
0.37233 0.037626 0.20965
0.3844 0.03762 0.19829
0.38402 0.037619 0.2078
0.36713 0.037612 0.23407
0.3644 0.037624 0.24574
0.39108 0.037621 0.22559
0.38736 0.03763 0.24831
0.36306 0.037616 0.26096
0.36215 0.037592 0.28361
0.38702 0.037615 0.26486
0.37509 0.037618 0.27996
0.36813 0.037579 0.30612
0.3817 0.037625 0.29255
0.38028 0.037623 0.30227
0.35679 0.037578 0.32355
0.36187 0.03785 0.34569
0.35521 0.038045 0.36845
0.37265 0.037983 0.35356
0.3541 0.037861 0.38498
0.36105 0.037942 0.38129
0.35571 0.037722 0.39818
0.3384 0.037879 0.43479
0.33326 0.038092 0.44584
0.34937 0.037692 0.42254
0.33592 0.03809 0.4496
0.31857 0.038388 0.46339
0.32074 0.038254 0.48103
0.30784 0.038433 0.51381
0.32399 0.038107 0.54404
0.31593 0.038492 0.51015
0.32906 0.038097 0.54548
0.33551 0.037946 0.5642
0.33586 0.037837 0.57704
0.34162 0.037761 0.59599
0.34539 0.037717 0.61423
0.35549 0.037772 0.59017
0.36588 0.037849 0.61705
0.35111 0.037708 0.6339
0.35193 0.037699 0.64264
0.36423 0.037738 0.63434
0.37084 0.037728 0.64598
0.35326 0.037656 0.66177
0.35752 0.037616 0.68223
0.38102 0.037695 0.66187
0.38365 0.037631 0.67277
0.35916 0.037582 0.69369
0.37593 0.037612 0.68684
0.38261 0.037596 0.70811
0.37562 0.037576 0.73986
0.39101 0.037584 0.72126
0.38492 0.037568 0.74065
0.37336 0.03756 0.7597
0.36455 0.037571 0.76543
0.38147 0.037563 0.75663
0.37752 0.037586 0.7876
0.37511 0.037596 0.80512
0.38424 0.037585 0.78285
0.37457 0.037607 0.81451
0.36821 0.03762 0.83518
0.37147 0.037626 0.84287
0.37018 0.037631 0.85978
0.38587 0.037617 0.84322
0.38744 0.03763 0.86741
0.37289 0.03765 0.87882
0.36848 0.037656 0.89726
0.39063 0.037647 0.90067
0.37255 0.037659 0.91134
0.37955 0.037629 0.92954
0.38608 0.037654 0.9108
0.39331 0.037621 0.93209
0.3767 0.037599 0.9424
0.37071 0.033996 0.95443
0.38981 0.037598 0.94312
0.39602 0.033796 0.95523
0.41253 0.03762 0.036503
0.41823 0.037611 0.041055
0.41958 0.037567 0.062904
0.40298 0.037574 0.078415
0.42513 0.037512 0.071691
0.43214 0.037424 0.093535
0.41465 0.037414 0.10389
0.40404 0.037427 0.1139
0.42279 0.037409 0.10266
0.42385 0.037361 0.11988
0.41003 0.03746 0.13765
0.40358 0.037543 0.15388
0.42531 0.037433 0.14342
0.40682 0.037545 0.16252
0.40485 0.037595 0.18276
0.41805 0.037525 0.16812
0.42011 0.037537 0.1747
0.40838 0.037622 0.2168
0.42129 0.037571 0.19734
0.42642 0.037568 0.20414
0.39442 0.037617 0.2308
0.40536 0.037651 0.24776
0.42552 0.037617 0.22163
0.40348 0.03763 0.26247
0.39916 0.037621 0.27126
0.42234 0.037661 0.27341
0.40425 0.037627 0.29195
0.39472 0.037649 0.30455
0.41883 0.037658 0.281
0.41322 0.037634 0.29676
0.39376 0.037666 0.32219
0.39596 0.037713 0.33548
0.41477 0.037698 0.31407
0.40377 0.037751 0.33781
0.37971 0.038039 0.36322
0.4091 0.037808 0.34366
0.36982 0.038017 0.37755
0.36715 0.037726 0.39912
0.39158 0.037909 0.37437
0.38334 0.037739 0.38896
0.36779 0.037585 0.42007
0.36031 0.037639 0.43819
0.38026 0.037675 0.4017
0.34262 0.037997 0.45759
0.3251 0.038104 0.48114
0.35835 0.037362 0.45259
0.32956 0.037825 0.49296
0.32522 0.038144 0.50167
0.33301 0.038194 0.5348
0.33053 0.037558 0.50851
0.3511 0.038036 0.54442
0.36173 0.037772 0.5659
0.37885 0.037754 0.57936
0.37429 0.037997 0.61148
0.39839 0.037967 0.62883
0.38176 0.037871 0.63391
0.3908 0.037743 0.65475
0.40123 0.037817 0.63946
0.39415 0.037662 0.66409
0.40156 0.037589 0.67587
0.40954 0.037632 0.66248
0.42057 0.03755 0.67286
0.39412 0.037594 0.69447
0.40167 0.037566 0.70291
0.42317 0.037572 0.69171
0.42457 0.037531 0.7068
0.40843 0.037548 0.72321
0.40299 0.037542 0.73538
0.42225 0.037508 0.73269
0.40275 0.037547 0.76555
0.42185 0.037516 0.75345
0.41622 0.037545 0.76865
0.40774 0.03756 0.78488
0.39987 0.037573 0.80398
0.42556 0.03754 0.78592
0.42885 0.037548 0.80115
0.41258 0.037572 0.82136
0.42996 0.037562 0.8136
0.41724 0.037577 0.82957
0.4028 0.03761 0.84379
0.42265 0.037613 0.86453
0.41123 0.037628 0.88298
0.40674 0.037639 0.90004
0.42633 0.03762 0.88333
0.42102 0.037624 0.89179
0.40843 0.037646 0.90973
0.40661 0.037621 0.93136
0.4261 0.037622 0.92908
0.40124 0.037592 0.94569
0.41709 0.037603 0.93906
0.42684 0.033366 0.9614
0.43646 0.03758 0.041288
0.44245 0.037503 0.060862
0.45587 0.037565 0.044807
0.43694 0.037463 0.070873
0.43857 0.0374 0.092672
0.46303 0.03741 0.080116
0.45612 0.037396 0.097939
0.439 0.037448 0.11541
0.45867 0.037421 0.10416
0.44526 0.037424 0.12777
0.43708 0.037383 0.14478
0.45192 0.037416 0.12869
0.46101 0.037369 0.14585
0.44437 0.037388 0.15868
0.44066 0.037526 0.17999
0.45882 0.037438 0.16653
0.4563 0.037541 0.18313
0.44345 0.037546 0.1943
0.43764 0.037562 0.20571
0.45105 0.037583 0.21259
0.43398 0.037618 0.22549
0.42995 0.037646 0.23933
0.44838 0.037611 0.22392
0.43228 0.037671 0.2493
0.43197 0.037652 0.26382
0.45425 0.037664 0.25756
0.4578 0.037705 0.2691
0.42946 0.037683 0.27875
0.44513 0.037715 0.28718
0.45267 0.037784 0.29973
0.42876 0.037729 0.31229
0.42495 0.037727 0.32726
0.44904 0.037807 0.30684
0.44401 0.037755 0.31925
0.42494 0.037804 0.33821
0.41495 0.037888 0.35823
0.45095 0.037878 0.33393
0.44241 0.037958 0.34604
0.43104 0.037863 0.36299
0.38955 0.037106 0.40262
0.38666 0.036832 0.42396
0.41604 0.036684 0.38121
0.40525 0.035085 0.40612
0.36781 0.036608 0.44538
0.34605 0.035961 0.47826
0.35744 0.034205 0.49312
0.33969 0.036138 0.51963
0.35853 0.037181 0.54537
0.35095 0.035466 0.52915
0.39125 0.035482 0.56641
0.39204 0.036772 0.58694
0.40269 0.037137 0.60287
0.39984 0.036045 0.59044
0.41091 0.036821 0.60519
0.41045 0.038086 0.61824
0.41997 0.037706 0.61365
0.42905 0.037697 0.63365
0.42098 0.037706 0.64961
0.44423 0.037798 0.63724
0.45308 0.03769 0.6472
0.43108 0.037541 0.66655
0.43026 0.037557 0.67593
0.45111 0.037564 0.66465
0.44918 0.03757 0.67313
0.43251 0.037539 0.69407
0.44139 0.037504 0.70724
0.46226 0.037435 0.70438
0.43824 0.037491 0.72225
0.44362 0.03749 0.7381
0.45362 0.037464 0.71986
0.45804 0.037465 0.7397
0.44637 0.037487 0.74868
0.4344 0.037521 0.7691
0.4593 0.037456 0.75295
0.45543 0.037494 0.76915
0.43885 0.037529 0.78322
0.44035 0.037547 0.80397
0.45346 0.037514 0.78643
0.46447 0.037538 0.80444
0.4422 0.037557 0.82637
0.4536 0.037543 0.82032
0.45342 0.037558 0.82939
0.44375 0.037593 0.84212
0.43648 0.03761 0.86442
0.46272 0.037583 0.84233
0.43874 0.037615 0.87411
0.43929 0.037619 0.89344
0.45199 0.037609 0.88414
0.45961 0.037617 0.89714
0.44589 0.037639 0.91588
0.44584 0.037621 0.9275
0.45922 0.037635 0.91649
0.4548 0.03761 0.93171
0.44291 0.037585 0.94787
0.46314 0.037581 0.94435
0.45892 0.033347 0.96335
0.4017 0.037494 0.44074
0.37533 0.037932 0.4726
0.3782 0.037944 0.53338
0.383 0.036058 0.50802
0.48083 0.037606 0.045498
0.47722 0.037549 0.063281
0.49588 0.037623 0.038738
0.48755 0.037583 0.061155
0.46921 0.037442 0.080038
0.47145 0.037429 0.092138
0.49159 0.037561 0.071657
0.48986 0.03749 0.091357
0.47676 0.037375 0.10768
0.47031 0.037382 0.11333
0.48267 0.0374 0.10214
0.49275 0.037405 0.12035
0.46971 0.037398 0.12857
0.49067 0.037485 0.144
0.46812 0.037457 0.16253
0.47582 0.037538 0.1761
0.4857 0.037516 0.15954
0.47708 0.037578 0.1916
0.47373 0.037594 0.20782
0.48921 0.037588 0.18909
0.48936 0.037595 0.2053
0.47048 0.037629 0.22841
0.47706 0.037641 0.23371
0.48642 0.037634 0.2206
0.49258 0.037636 0.23214
0.46541 0.037672 0.25754
0.47858 0.037685 0.26091
0.4926 0.037675 0.2558
0.49775 0.037723 0.26883
0.47005 0.037766 0.28456
0.47362 0.037831 0.29252
0.48599 0.037842 0.29285
0.46663 0.037906 0.30884
0.47136 0.03811 0.32087
0.48715 0.037963 0.30951
0.49111 0.038156 0.32016
0.46937 0.038189 0.32967
0.47304 0.038374 0.33641
0.49274 0.038563 0.33728
0.46001 0.037846 0.3558
0.48131 0.03832 0.34431
0.48311 0.037614 0.3487
0.43237 0.035826 0.37917
0.42999 0.034487 0.39483
0.47299 0.035451 0.36042
0.4752 0.034246 0.36786
0.42348 0.033567 0.42083
0.44962 0.033359 0.50127
0.3998 0.033425 0.52041
0.4057 0.034264 0.58036
0.44887 0.033717 0.60253
0.4422 0.0353 0.61064
0.48566 0.034 0.59282
0.49736 0.035271 0.60624
0.44511 0.037227 0.61828
0.46111 0.03784 0.62534
0.49316 0.036773 0.61579
0.50346 0.037541 0.62428
0.46466 0.037868 0.63305
0.46705 0.037623 0.65139
0.48565 0.037719 0.63314
0.49908 0.037614 0.64501
0.46456 0.037586 0.65655
0.46692 0.037499 0.6719
0.49986 0.03744 0.65507
0.47491 0.037468 0.68179
0.47239 0.037426 0.7083
0.48549 0.037401 0.68522
0.49249 0.037379 0.69938
0.47739 0.037424 0.72745
0.49253 0.0374 0.71075
0.49377 0.037411 0.73104
0.47754 0.03743 0.74888
0.47892 0.037455 0.76239
0.4949 0.03741 0.75041
0.49644 0.037445 0.7624
0.48064 0.037497 0.77563
0.4713 0.037523 0.79781
0.49263 0.037527 0.80357
0.47953 0.037548 0.83215
0.4948 0.037528 0.81419
0.49253 0.037548 0.83475
0.47753 0.037576 0.8463
0.47965 0.037585 0.86244
0.4866 0.037578 0.85972
0.47637 0.037605 0.87781
0.47357 0.037605 0.88849
0.49461 0.037601 0.88295
0.46926 0.037609 0.92865
0.49133 0.037626 0.91064
0.48637 0.037594 0.93086
0.47598 0.03757 0.94508
0.47594 0.034498 0.95294
0.48742 0.037572 0.93901
0.47639 0.03392 0.42903
0.40848 0.034088 0.50729
0.44449 0.033824 0.51593
0.4679 0.033919 0.56445
0.474 0.03596 0.39169
0.48249 0.036812 0.38072
0.41305 0.035893 0.43711
0.39243 0.035117 0.46995
0.41443 0.03686 0.42512
0.39686 0.036339 0.45219
0.48024 0.034795 0.41315
0.43466 0.034009 0.45478
0.4812 0.035881 0.39041
0.44365 0.033748 0.497
0.41716 0.034272 0.53801
0.37436 0.038004 0.53097
0.42521 0.036934 0.58814
0.48982 0.033895 0.55497
0.45292 0.035591 0.587
0.44989 0.033844 0.54353
0.4367 0.036156 0.59389
0.42797 0.036756 0.5931
0.48453 0.036701 0.38242
0.43381 0.036327 0.42177
0.41531 0.034746 0.47711
0.4531 0.035655 0.42082
0.39972 0.035035 0.48503
0.45935 0.037113 0.39965
0.43846 0.034271 0.48208
0.46864 0.034985 0.42236
0.46561 0.034645 0.46254
0.39247 0.036385 0.53879
0.41005 0.036527 0.5585
0.38649 0.035863 0.50325
0.43144 0.034781 0.56008
0.43049 0.034182 0.51401
0.47972 0.0342 0.56356
0.46079 0.03405 0.50684
0.44182 0.034442 0.56514
0.429 0.03671 0.59231
0.48172 0.037139 0.58142
0.45554 0.034393 0.44615
0.46906 0.034477 0.53079
0.50791 0.037636 0.044999
0.52644 0.037651 0.04695
0.52543 0.037647 0.056342
0.50691 0.037601 0.070231
0.50683 0.037574 0.086572
0.53081 0.037642 0.066434
0.52456 0.037618 0.086656
0.50141 0.037489 0.10381
0.51177 0.037527 0.11343
0.52837 0.037587 0.10575
0.52333 0.03757 0.11208
0.51524 0.037566 0.13328
0.51314 0.037569 0.14348
0.51968 0.037575 0.13197
0.52169 0.0376 0.15352
0.51104 0.037579 0.159
0.51624 0.037585 0.17291
0.53081 0.037588 0.16956
0.52044 0.037587 0.17369
0.51618 0.037592 0.1964
0.50302 0.037587 0.20301
0.53029 0.037587 0.19247
0.53337 0.03757 0.20416
0.51383 0.037632 0.2245
0.51222 0.037652 0.23743
0.52668 0.037618 0.22633
0.52306 0.03765 0.23988
0.50613 0.037697 0.26633
0.5283 0.037642 0.25438
0.52463 0.037642 0.26104
0.5069 0.037726 0.27802
0.51741 0.037745 0.29293
0.53504 0.037682 0.2782
0.53851 0.03773 0.29488
0.50645 0.037869 0.30647
0.54009 0.037818 0.30938
0.5434 0.037837 0.3164
0.50152 0.038466 0.3352
0.52997 0.038113 0.32551
0.54522 0.038053 0.34595
0.50835 0.038033 0.34104
0.51052 0.037654 0.3434
0.55047 0.037505 0.37279
0.53071 0.035583 0.36022
0.52207 0.034447 0.36602
0.54463 0.035661 0.38363
0.52475 0.034348 0.42507
0.50307 0.033411 0.44078
0.5151 0.033763 0.45092
0.52318 0.033429 0.47839
0.48232 0.033377 0.52915
0.52438 0.033599 0.59195
0.56515 0.033413 0.54913
0.57825 0.034158 0.59384
0.50836 0.035803 0.61175
0.54823 0.035476 0.60498
0.54504 0.036581 0.6136
0.53102 0.037264 0.62199
0.50982 0.037742 0.63906
0.52655 0.037728 0.62831
0.53574 0.03763 0.64038
0.51016 0.037477 0.65208
0.51644 0.037351 0.6644
0.53217 0.037397 0.65826
0.53599 0.037403 0.66757
0.51074 0.03739 0.68252
0.50439 0.037375 0.69662
0.52421 0.037423 0.67911
0.53496 0.037405 0.69536
0.50337 0.037391 0.72119
0.50961 0.037408 0.73498
0.5207 0.037412 0.73589
0.50821 0.037404 0.74874
0.50934 0.037428 0.76004
0.52775 0.037417 0.74155
0.52083 0.037433 0.7614
0.51567 0.03748 0.77524
0.50602 0.03751 0.79747
0.52799 0.037487 0.78554
0.53247 0.037509 0.79802
0.50745 0.037521 0.8148
0.51284 0.037519 0.82417
0.52465 0.037517 0.81883
0.52507 0.037531 0.82838
0.51141 0.037573 0.85691
0.53257 0.037583 0.86359
0.50969 0.0376 0.88016
0.51525 0.037604 0.89417
0.53116 0.037602 0.87924
0.53185 0.03761 0.89658
0.50198 0.037626 0.91626
0.52087 0.037627 0.91301
0.50442 0.034721 0.95247
0.52821 0.037512 0.94532
0.5261 0.03345 0.9583
0.48099 0.033997 0.50785
0.51027 0.033781 0.55233
0.49901 0.034464 0.40384
0.4971 0.033934 0.48219
0.53325 0.03697 0.40423
0.47846 0.033863 0.44582
0.53709 0.035069 0.51734
0.50457 0.036785 0.45249
0.56052 0.036448 0.51557
0.5155 0.033779 0.52998
0.50127 0.034867 0.5752
0.54626 0.034156 0.55516
0.53108 0.036672 0.5832
0.56824 0.034399 0.5464
0.56139 0.03587 0.58891
0.59449 0.037717 0.54528
0.58779 0.037944 0.5733
0.51751 0.036237 0.59022
0.52818 0.036672 0.39223
0.52941 0.035818 0.39922
0.47219 0.033885 0.48509
0.50137 0.03479 0.42607
0.49583 0.034654 0.46336
0.50376 0.037019 0.45236
0.53243 0.035348 0.4976
0.50967 0.03479 0.4862
0.53115 0.034205 0.53576
0.51834 0.036067 0.56713
0.50059 0.034473 0.51562
0.51359 0.034813 0.56078
0.5871 0.037311 0.55398
0.57655 0.036719 0.58041
0.56237 0.035568 0.52833
0.4808 0.034337 0.4547
0.4909 0.0344 0.468
0.51116 0.034501 0.52249
0.54235 0.03766 0.053662
0.56499 0.037668 0.036573
0.56063 0.037663 0.062387
0.54443 0.037636 0.091032
0.55654 0.037659 0.070351
0.55724 0.037651 0.087165
0.54464 0.037611 0.10654
0.54922 0.037618 0.12189
0.5545 0.037622 0.10592
0.55461 0.03762 0.12215
0.54523 0.037608 0.13186
0.56544 0.037621 0.13355
0.5582 0.037617 0.14438
0.54877 0.037595 0.16715
0.56795 0.0376 0.16552
0.55093 0.037563 0.19575
0.54321 0.037571 0.21071
0.56923 0.037571 0.19402
0.56412 0.037569 0.21572
0.54832 0.037577 0.22202
0.55942 0.037572 0.22127
0.57261 0.037597 0.24759
0.54994 0.037596 0.25724
0.57159 0.03759 0.2624
0.57024 0.037598 0.26942
0.5497 0.037694 0.29301
0.57477 0.037614 0.28682
0.57075 0.037621 0.29659
0.55901 0.037766 0.31057
0.55851 0.037801 0.32722
0.57225 0.037616 0.32079
0.5762 0.037568 0.33826
0.55043 0.037923 0.3306
0.55877 0.037834 0.36145
0.56995 0.037649 0.34901
0.5497 0.037618 0.38579
0.55141 0.037304 0.40206
0.54846 0.037123 0.40717
0.53161 0.035032 0.43162
0.55211 0.036599 0.43131
0.53904 0.034034 0.46123
0.56024 0.033926 0.495
0.58761 0.03388 0.52505
0.61462 0.036016 0.53572
0.61698 0.036526 0.56404
0.59777 0.035716 0.59552
0.57173 0.037073 0.6054
0.60815 0.0366 0.59067
0.61146 0.03719 0.59932
0.57671 0.037436 0.6094
0.60599 0.037502 0.61628
0.58397 0.037618 0.62207
0.56339 0.0375 0.62929
0.54448 0.037584 0.64111
0.58156 0.03752 0.64662
0.55118 0.03753 0.65464
0.55037 0.037471 0.67327
0.57458 0.037495 0.65157
0.54257 0.037449 0.6801
0.55017 0.037443 0.7031
0.56647 0.037468 0.68408
0.5571 0.037452 0.70377
0.53792 0.037421 0.71876
0.54016 0.037435 0.73434
0.56076 0.03746 0.71219
0.54081 0.037427 0.74591
0.55418 0.037429 0.7546
0.56468 0.037463 0.76875
0.53956 0.037474 0.77603
0.54349 0.037514 0.79948
0.56523 0.037483 0.78678
0.5649 0.037529 0.80343
0.54869 0.037538 0.81054
0.54338 0.03755 0.83458
0.55543 0.037539 0.81289
0.55635 0.037548 0.83103
0.54043 0.037572 0.85248
0.55414 0.037574 0.85111
0.56106 0.037588 0.866
0.54195 0.037604 0.88952
0.55708 0.037604 0.88407
0.56501 0.03761 0.89133
0.54719 0.037629 0.91047
0.5375 0.037579 0.93025
0.55966 0.037633 0.91357
0.55575 0.037588 0.92979
0.54423 0.03753 0.9445
0.54833 0.033389 0.96008
0.56391 0.037549 0.94173
0.55476 0.034279 0.95337
0.56448 0.036265 0.51851
0.57408 0.036498 0.52471
0.5778 0.03767 0.044715
0.58831 0.037671 0.040434
0.59651 0.037669 0.062055
0.57379 0.037648 0.093462
0.5907 0.037665 0.072111
0.59729 0.037655 0.09266
0.57306 0.037628 0.10861
0.578 0.037632 0.12297
0.59597 0.037645 0.10315
0.58859 0.037635 0.11445
0.58421 0.037627 0.14039
0.60119 0.037631 0.13368
0.59583 0.037627 0.15068
0.58221 0.037592 0.16927
0.5752 0.037586 0.17876
0.59115 0.037587 0.17184
0.6016 0.037582 0.17854
0.5766 0.037568 0.21167
0.59705 0.037566 0.20368
0.582 0.037573 0.2304
0.58168 0.037589 0.24756
0.60723 0.037558 0.22781
0.59866 0.037557 0.24758
0.58881 0.037582 0.25431
0.59869 0.037546 0.26177
0.6014 0.037535 0.27897
0.58052 0.037593 0.28691
0.58704 0.03754 0.30312
0.60237 0.03751 0.29921
0.59882 0.037489 0.30863
0.58467 0.037515 0.32543
0.60315 0.037382 0.33869
0.60311 0.037337 0.35304
0.58059 0.037453 0.35876
0.5725 0.037203 0.39248
0.58986 0.037266 0.37829
0.56595 0.036865 0.41282
0.56505 0.036868 0.42808
0.58862 0.037201 0.41185
0.55897 0.037045 0.44032
0.55606 0.037097 0.46073
0.5618 0.037174 0.44912
0.56159 0.036991 0.45881
0.56692 0.03643 0.48937
0.58519 0.037229 0.50629
0.56854 0.036723 0.47846
0.58844 0.037342 0.50405
0.61805 0.037274 0.5292
0.62605 0.037851 0.54784
0.61522 0.037299 0.51997
0.63078 0.037965 0.55127
0.62427 0.037545 0.56397
0.61267 0.037432 0.60447
0.63268 0.037883 0.5625
0.6288 0.037658 0.58765
0.61826 0.037769 0.61772
0.62556 0.037818 0.61309
0.62574 0.037915 0.63398
0.60561 0.037747 0.64166
0.59736 0.03761 0.64783
0.62393 0.038032 0.65425
0.58771 0.03749 0.65844
0.5806 0.037448 0.67609
0.62189 0.037841 0.66599
0.60338 0.037516 0.67637
0.58445 0.037465 0.6859
0.59539 0.037488 0.684
0.59278 0.037494 0.69933
0.57285 0.037455 0.73093
0.59285 0.037475 0.72954
0.57375 0.037451 0.74303
0.59855 0.037456 0.75464
0.59369 0.03748 0.77029
0.57204 0.037499 0.79396
0.59298 0.037535 0.80343
0.57964 0.037541 0.80691
0.57797 0.037541 0.82389
0.59146 0.037548 0.81986
0.57898 0.037571 0.84805
0.59817 0.037581 0.84913
0.57425 0.037599 0.87497
0.59762 0.037624 0.89731
0.57437 0.037632 0.91216
0.59374 0.037634 0.91055
0.57452 0.037532 0.94751
0.57771 0.034682 0.95255
0.59209 0.037564 0.94311
0.58668 0.033347 0.96333
0.61207 0.037673 0.044943
0.61448 0.03767 0.061249
0.63245 0.037673 0.042328
0.63441 0.037673 0.053127
0.61796 0.037664 0.074264
0.6062 0.037662 0.085979
0.6348 0.037661 0.078599
0.62981 0.037663 0.084661
0.61371 0.037646 0.10931
0.61249 0.037641 0.12472
0.62534 0.037652 0.10298
0.63193 0.037644 0.12194
0.60669 0.037635 0.1292
0.6188 0.037616 0.15647
0.63207 0.037633 0.1319
0.6332 0.037619 0.1462
0.6118 0.037596 0.16788
0.61934 0.037583 0.18036
0.63235 0.037602 0.16352
0.61915 0.03756 0.20148
0.61385 0.037559 0.21907
0.62885 0.03755 0.20572
0.63004 0.037544 0.21829
0.61279 0.037509 0.24285
0.63009 0.037504 0.23689
0.63313 0.03749 0.24774
0.63522 0.037458 0.27324
0.61625 0.03741 0.31511
0.62899 0.037431 0.29927
0.63353 0.03734 0.33328
0.62643 0.037322 0.3405
0.625 0.037202 0.37073
0.60163 0.037227 0.37807
0.59769 0.037286 0.40408
0.61431 0.037165 0.37845
0.60969 0.037358 0.40294
0.58174 0.036956 0.43562
0.59655 0.036922 0.43257
0.58151 0.036742 0.44834
0.57829 0.036595 0.47277
0.59094 0.036673 0.45479
0.59554 0.036705 0.45864
0.59981 0.036985 0.49554
0.6053 0.036853 0.47981
0.61969 0.037022 0.4981
0.62577 0.03734 0.5128
0.63734 0.037976 0.54334
0.63613 0.037324 0.50904
0.64377 0.037682 0.53383
0.64447 0.037939 0.55693
0.64463 0.03777 0.58275
0.65389 0.037833 0.55602
0.65151 0.037809 0.57689
0.64226 0.037765 0.60093
0.65123 0.037782 0.61028
0.63644 0.038059 0.6477
0.65151 0.037838 0.64773
0.62993 0.038074 0.66577
0.61852 0.037683 0.67772
0.63822 0.037746 0.68502
0.63906 0.037628 0.69322
0.60989 0.037529 0.71195
0.60778 0.037489 0.72941
0.62996 0.037502 0.73262
0.61234 0.037484 0.74815
0.607 0.037469 0.76087
0.62705 0.037489 0.75137
0.62689 0.037484 0.75921
0.6111 0.037505 0.78609
0.61245 0.037515 0.79225
0.62807 0.037516 0.78592
0.63048 0.037526 0.79286
0.60489 0.037554 0.8083
0.60797 0.037578 0.83621
0.63071 0.03757 0.8111
0.63463 0.037592 0.8333
0.60866 0.037587 0.8432
0.60413 0.037587 0.85743
0.627 0.037601 0.84718
0.62468 0.037603 0.86071
0.61145 0.03761 0.8738
0.60625 0.037623 0.89355
0.62072 0.037622 0.88202
0.63074 0.037631 0.89142
0.60893 0.037641 0.91149
0.60965 0.037624 0.92815
0.62142 0.037629 0.92955
0.61138 0.037594 0.94602
0.62348 0.037611 0.93897
0.62961 0.033342 0.96447
0.64165 0.037672 0.046515
0.65659 0.037671 0.038207
0.65861 0.037666 0.063044
0.64908 0.03766 0.078033
0.64307 0.037657 0.094156
0.66632 0.037663 0.072738
0.66923 0.037663 0.084086
0.65892 0.037653 0.10789
0.65221 0.03761 0.15657
0.66204 0.037625 0.13886
0.66372 0.037611 0.15631
0.64785 0.037597 0.16544
0.64988 0.037575 0.18878
0.66285 0.037585 0.17272
0.65946 0.037577 0.17967
0.64975 0.037564 0.1957
0.6475 0.037539 0.21249
0.66922 0.037555 0.19888
0.66864 0.037537 0.21505
0.64438 0.037507 0.23532
0.65087 0.037483 0.25592
0.66329 0.037458 0.26054
0.64563 0.037437 0.27443
0.64454 0.037405 0.29163
0.67048 0.037409 0.27475
0.6605 0.037389 0.28574
0.64726 0.037351 0.31282
0.65952 0.037329 0.33347
0.64004 0.037321 0.34119
0.63494 0.03715 0.3738
0.65916 0.037287 0.34421
0.65598 0.037163 0.36926
0.62353 0.037223 0.4052
0.63445 0.037113 0.40026
0.62268 0.036991 0.43189
0.63684 0.037005 0.4203
0.63624 0.036994 0.43104
0.61358 0.036862 0.45126
0.62417 0.036855 0.46444
0.63961 0.036955 0.449
0.63056 0.036947 0.4837
0.63364 0.036982 0.49048
0.64317 0.036986 0.48191
0.65445 0.037111 0.49614
0.64467 0.03722 0.50545
0.65484 0.037504 0.52581
0.66317 0.037285 0.51029
0.67691 0.037447 0.52753
0.6757 0.037642 0.55391
0.67818 0.03765 0.57267
0.6698 0.03773 0.58617
0.67345 0.03769 0.60843
0.68711 0.037696 0.60903
0.66596 0.037679 0.64169
0.68241 0.037685 0.62348
0.6723 0.03768 0.64604
0.65758 0.037834 0.66002
0.67829 0.037649 0.65915
0.65388 0.037513 0.69917
0.65984 0.03766 0.682
0.66073 0.037535 0.6941
0.64637 0.037436 0.71475
0.64337 0.037485 0.73154
0.66029 0.037445 0.71963
0.66992 0.03749 0.7319
0.64915 0.037497 0.74216
0.64347 0.0375 0.76075
0.66299 0.037511 0.74902
0.65959 0.037506 0.75913
0.63898 0.037522 0.78396
0.64858 0.037541 0.79586
0.65743 0.037529 0.77901
0.65753 0.037555 0.79971
0.64836 0.037575 0.81283
0.64492 0.037597 0.83327
0.66516 0.03759 0.81598
0.66687 0.037611 0.83454
0.6465 0.037608 0.84056
0.64598 0.037616 0.85682
0.65655 0.03762 0.84523
0.66202 0.037631 0.86603
0.64997 0.037634 0.88322
0.64984 0.037637 0.89091
0.65674 0.037636 0.88429
0.66517 0.037647 0.89605
0.64587 0.037652 0.90981
0.63822 0.037623 0.92862
0.66482 0.037654 0.90489
0.661 0.037651 0.9202
0.63702 0.037586 0.94265
0.6427 0.034089 0.95404
0.65818 0.037573 0.9406
0.66622 0.033817 0.9551
0.68381 0.037662 0.044761
0.68596 0.037662 0.051362
0.7024 0.037661 0.040446
0.69371 0.037662 0.058667
0.70139 0.037664 0.071163
0.70004 0.037664 0.09084
0.67396 0.037659 0.10045
0.67473 0.03765 0.12138
0.67861 0.037628 0.13852
0.68105 0.037614 0.15499
0.68448 0.037595 0.16712
0.69719 0.03759 0.17174
0.68472 0.037543 0.20439
0.67591 0.037535 0.21562
0.69958 0.037532 0.21137
0.69209 0.037518 0.22449
0.68079 0.037487 0.23895
0.69192 0.03747 0.24543
0.69792 0.037466 0.25058
0.68215 0.037376 0.28979
0.69907 0.037404 0.2793
0.69139 0.037378 0.2882
0.67372 0.037323 0.32795
0.69275 0.037334 0.31648
0.69165 0.037324 0.32344
0.67921 0.037246 0.34322
0.67091 0.037187 0.35791
0.68554 0.037216 0.35228
0.67993 0.037157 0.36691
0.66183 0.037078 0.38224
0.65604 0.037016 0.3947
0.68191 0.037114 0.38511
0.68118 0.037101 0.39482
0.66306 0.03701 0.41196
0.65705 0.037006 0.43318
0.67693 0.037075 0.41175
0.68487 0.037086 0.42741
0.66018 0.036992 0.46485
0.68274 0.037055 0.44823
0.66633 0.037057 0.47975
0.67859 0.037136 0.49117
0.69334 0.037149 0.47621
0.69905 0.037249 0.49526
0.67769 0.037332 0.51155
0.68308 0.037444 0.52884
0.70192 0.037389 0.5196
0.68647 0.037491 0.53875
0.69482 0.037547 0.56715
0.70298 0.037447 0.53663
0.7114 0.037529 0.56692
0.69574 0.037681 0.61085
0.70948 0.037552 0.57937
0.7185 0.037633 0.60416
0.70286 0.03765 0.61686
0.71112 0.037638 0.62552
0.71213 0.03761 0.64288
0.69031 0.037609 0.65962
0.68789 0.037586 0.66753
0.70512 0.037602 0.65204
0.70396 0.037569 0.66701
0.67963 0.037495 0.7009
0.69719 0.037507 0.695
0.68524 0.037512 0.7187
0.67584 0.037499 0.73023
0.69182 0.037516 0.71026
0.68134 0.037532 0.75421
0.67442 0.037537 0.76951
0.69761 0.037546 0.74613
0.70135 0.037567 0.76743
0.67765 0.037552 0.77788
0.67975 0.037571 0.79643
0.69579 0.037572 0.77661
0.68971 0.037591 0.80378
0.67535 0.037592 0.81119
0.68893 0.037598 0.80925
0.69085 0.037621 0.83163
0.68268 0.037634 0.85212
0.69663 0.037635 0.84201
0.68949 0.037645 0.86811
0.68245 0.037645 0.8741
0.69296 0.037649 0.87303
0.69333 0.037659 0.89648
0.68081 0.037663 0.91012
0.67141 0.037606 0.93167
0.6914 0.03761 0.93086
0.68229 0.037557 0.94312
0.68361 0.033346 0.96352
0.69746 0.033482 0.95788
0.71216 0.037661 0.03734
0.71116 0.037662 0.054411
0.72773 0.037661 0.042386
0.73036 0.037662 0.060403
0.71393 0.037664 0.075578
0.73133 0.037663 0.07504
0.71447 0.037656 0.10016
0.71134 0.037642 0.12498
0.72965 0.037647 0.11129
0.73367 0.03764 0.12629
0.70952 0.037614 0.15598
0.73596 0.037627 0.14543
0.73382 0.037617 0.15771
0.71026 0.037591 0.17422
0.70825 0.037569 0.19129
0.72596 0.037605 0.16664
0.73505 0.037587 0.18517
0.7102 0.037557 0.19878
0.70972 0.037528 0.21796
0.72501 0.037549 0.20732
0.71665 0.037488 0.2452
0.73502 0.037487 0.2524
0.7193 0.037446 0.26918
0.71807 0.037407 0.291
0.70519 0.037367 0.30843
0.71067 0.037321 0.33149
0.73176 0.037385 0.30903
0.71846 0.037322 0.33259
0.71124 0.037297 0.33832
0.70808 0.037225 0.36204
0.72354 0.037318 0.33865
0.72707 0.037285 0.3609
0.70789 0.037174 0.38118
0.69506 0.037142 0.39298
0.71834 0.037229 0.37305
0.71247 0.037172 0.39644
0.6998 0.037131 0.41534
0.72381 0.037235 0.40461
0.71344 0.037177 0.42259
0.70424 0.037121 0.43675
0.69822 0.037124 0.46138
0.72204 0.037232 0.44212
0.71887 0.03722 0.45772
0.70698 0.037165 0.46939
0.71022 0.037222 0.48785
0.7145 0.037198 0.46703
0.72452 0.037293 0.48912
0.72455 0.037335 0.5054
0.73249 0.037384 0.51916
0.72017 0.037467 0.54561
0.73707 0.037445 0.54366
0.7438 0.037492 0.56502
0.73201 0.037592 0.60382
0.74502 0.037516 0.57832
0.74066 0.037555 0.59027
0.726 0.037608 0.63857
0.73728 0.03762 0.61296
0.7429 0.037619 0.63924
0.72311 0.03759 0.65648
0.72647 0.037577 0.66323
0.73558 0.0376 0.65164
0.73657 0.037594 0.67051
0.72063 0.037545 0.6904
0.71549 0.037542 0.69902
0.73238 0.037578 0.68215
0.73491 0.037573 0.6962
0.72127 0.037561 0.71807
0.70869 0.037549 0.73082
0.72573 0.037566 0.72709
0.71201 0.037565 0.74712
0.7112 0.037571 0.76126
0.73323 0.037584 0.74486
0.72891 0.037588 0.76347
0.71536 0.037601 0.78056
0.70602 0.037599 0.79647
0.72724 0.037609 0.77955
0.71527 0.037627 0.81899
0.70584 0.03763 0.83053
0.72804 0.037628 0.80779
0.71801 0.037648 0.83992
0.70557 0.037651 0.86209
0.72443 0.03765 0.84012
0.71241 0.037662 0.88355
0.70636 0.03766 0.88813
0.72263 0.037665 0.87507
0.7346 0.037676 0.89782
0.70521 0.037672 0.91061
0.71644 0.03767 0.91968
0.73281 0.037681 0.90721
0.71182 0.033395 0.95994
0.73397 0.037574 0.94106
0.74163 0.037662 0.043376
0.74431 0.037663 0.057015
0.76388 0.037662 0.058354
0.75883 0.037661 0.076611
0.75668 0.037659 0.090343
0.76732 0.037654 0.1038
0.75747 0.037651 0.11701
0.74607 0.037629 0.14489
0.74232 0.037625 0.15061
0.75902 0.037638 0.13321
0.76694 0.037619 0.15666
0.74359 0.037604 0.16975
0.74905 0.037577 0.19306
0.75916 0.037595 0.17683
0.75763 0.037579 0.19154
0.75243 0.037559 0.20481
0.74654 0.037527 0.22941
0.76371 0.037543 0.22364
0.74578 0.037506 0.24304
0.76771 0.037531 0.23427
0.74975 0.03747 0.26832
0.7384 0.037432 0.2853
0.76364 0.037476 0.27193
0.74078 0.037372 0.32791
0.7546 0.037421 0.30251
0.75627 0.037399 0.32432
0.7373 0.037347 0.3403
0.73501 0.037301 0.36578
0.75589 0.037364 0.34574
0.7594 0.037356 0.3572
0.74419 0.037284 0.37975
0.73935 0.03727 0.38811
0.76181 0.037339 0.37554
0.75143 0.037291 0.38995
0.73657 0.037265 0.40298
0.73519 0.037261 0.42923
0.75737 0.037304 0.41134
0.73241 0.037262 0.44135
0.7342 0.037278 0.45986
0.75529 0.037297 0.44176
0.75937 0.037312 0.45231
0.74543 0.037287 0.46666
0.73844 0.037311 0.48541
0.76348 0.037345 0.47232
0.76292 0.037351 0.48263
0.76346 0.037383 0.50486
0.75974 0.037405 0.52759
0.74833 0.037441 0.54212
0.75084 0.037478 0.56131
0.76434 0.037441 0.53859
0.77371 0.037486 0.55468
0.76006 0.037499 0.58281
0.76618 0.03754 0.60091
0.77153 0.037553 0.6075
0.75014 0.037626 0.65221
0.75 0.037623 0.66858
0.76967 0.037614 0.65095
0.75299 0.037628 0.68237
0.74935 0.03761 0.70143
0.77017 0.037619 0.68898
0.75225 0.037617 0.72011
0.74853 0.037606 0.73867
0.74779 0.037599 0.75566
0.74463 0.0376 0.75997
0.76298 0.037618 0.76224
0.74934 0.037631 0.78048
0.74804 0.037641 0.79879
0.75808 0.03763 0.77572
0.75215 0.037651 0.81832
0.75144 0.037659 0.83558
0.75985 0.037651 0.80955
0.76548 0.037659 0.82725
0.74188 0.037668 0.86225
0.75969 0.03767 0.85033
0.74669 0.037672 0.87142
0.74254 0.03768 0.8996
0.7592 0.037678 0.88028
0.75852 0.037683 0.89478
0.74932 0.037685 0.90379
0.76468 0.037693 0.91057
0.75727 0.037645 0.92977
0.73967 0.037586 0.93998
0.74139 0.033482 0.9579
0.76605 0.033376 0.96083
0.77523 0.037661 0.043818
0.78355 0.03766 0.05226
0.79786 0.037661 0.047314
0.80084 0.037662 0.06303
0.779 0.037662 0.0683
0.7932 0.03766 0.089764
0.78408 0.037649 0.1128
0.78323 0.03764 0.12823
0.79461 0.037651 0.10951
0.7983 0.037645 0.12368
0.78428 0.03763 0.14293
0.78164 0.037622 0.15614
0.79101 0.037636 0.13597
0.79231 0.037621 0.16077
0.78169 0.037604 0.17614
0.80053 0.037621 0.1671
0.7895 0.03759 0.1945
0.7809 0.037574 0.20559
0.78339 0.037552 0.22693
0.79648 0.03758 0.21039
0.79229 0.03756 0.22588
0.77467 0.037533 0.23676
0.7736 0.037499 0.26258
0.7918 0.037548 0.23555
0.79181 0.037528 0.25355
0.79394 0.037507 0.2753
0.76971 0.037438 0.31335
0.77523 0.037433 0.32866
0.79914 0.037487 0.3008
0.78714 0.037448 0.32265
0.77527 0.037408 0.34522
0.77356 0.037386 0.36119
0.78573 0.037425 0.33771
0.78463 0.0374 0.3571
0.77588 0.037369 0.3763
0.7794 0.037357 0.39227
0.79368 0.037405 0.3745
0.79407 0.037395 0.39277
0.77758 0.037347 0.40682
0.77397 0.037339 0.42163
0.78576 0.037366 0.40407
0.79081 0.037378 0.42695
0.77366 0.037344 0.4422
0.78924 0.037376 0.44472
0.78694 0.037368 0.44914
0.77087 0.037357 0.46896
0.77788 0.037373 0.48473
0.79054 0.037389 0.46739
0.79972 0.037435 0.48979
0.78448 0.037408 0.5098
0.79366 0.037427 0.50637
0.80219 0.037478 0.52807
0.77915 0.037495 0.55865
0.79747 0.037472 0.53362
0.8017 0.03751 0.56175
0.78671 0.037506 0.57936
0.78458 0.037524 0.59049
0.80036 0.037515 0.57796
0.79079 0.037535 0.60518
0.79843 0.037538 0.60726
0.78086 0.037609 0.6442
0.7799 0.037617 0.66447
0.80262 0.037605 0.64905
0.79706 0.037612 0.67018
0.77989 0.037619 0.6887
0.7815 0.037619 0.69673
0.8022 0.037624 0.68613
0.8016 0.037625 0.69131
0.78512 0.037624 0.71569
0.77465 0.037626 0.7369
0.79114 0.037634 0.73763
0.78105 0.037634 0.74625
0.78413 0.037644 0.76822
0.80129 0.037648 0.74589
0.79871 0.037669 0.7978
0.7741 0.037659 0.81897
0.78025 0.037668 0.83344
0.79061 0.037667 0.80937
0.80051 0.037678 0.83322
0.77908 0.037678 0.85548
0.79054 0.037678 0.84455
0.78064 0.037686 0.87904
0.77437 0.037689 0.89683
0.79781 0.037695 0.89356
0.7795 0.037651 0.93174
0.79398 0.037701 0.91408
0.78379 0.0376 0.94816
0.77491 0.033349 0.96312
0.79319 0.037614 0.94178
0.79827 0.033637 0.95627
0.80523 0.037662 0.046616
0.80588 0.037663 0.053887
0.83087 0.037664 0.046807
0.83329 0.037663 0.052
0.80532 0.037663 0.076571
0.80691 0.03766 0.091731
0.83009 0.037662 0.072575
0.82313 0.03766 0.089052
0.81206 0.037655 0.10393
0.81083 0.037649 0.12167
0.82216 0.037655 0.10691
0.82912 0.037652 0.12404
0.82916 0.037648 0.13903
0.82179 0.037627 0.1728
0.82171 0.037618 0.18455
0.81248 0.037597 0.20529
0.80565 0.037578 0.22086
0.83306 0.037603 0.21122
0.82947 0.037594 0.22122
0.80644 0.037564 0.23645
0.80939 0.037548 0.25686
0.83077 0.037563 0.25667
0.81695 0.037529 0.27987
0.81191 0.037521 0.2888
0.8325 0.037546 0.27662
0.82531 0.037525 0.29231
0.81546 0.037505 0.30165
0.80944 0.037481 0.31812
0.82683 0.037516 0.30297
0.81942 0.037482 0.32714
0.80624 0.037454 0.34282
0.81081 0.037455 0.35236
0.82023 0.037471 0.34494
0.8052 0.037433 0.37695
0.80389 0.037423 0.3954
0.82868 0.037469 0.37678
0.80423 0.037422 0.40764
0.80502 0.037426 0.42597
0.82285 0.037447 0.42097
0.8059 0.03743 0.43992
0.81561 0.037436 0.45176
0.8299 0.037459 0.43693
0.80853 0.037446 0.46945
0.80514 0.037453 0.48995
0.80646 0.037471 0.50936
0.81666 0.037481 0.51874
0.82811 0.037491 0.51905
0.81581 0.037522 0.55459
0.82516 0.037516 0.55066
0.81789 0.037551 0.59913
0.83667 0.037558 0.57827
0.83228 0.037562 0.59617
0.82041 0.037551 0.61556
0.82143 0.037571 0.63126
0.83438 0.037568 0.60975
0.82852 0.03757 0.62767
0.81428 0.037607 0.65045
0.81467 0.037611 0.65743
0.82874 0.037584 0.63917
0.81943 0.037623 0.67326
0.81173 0.037641 0.70325
0.82977 0.037637 0.69106
0.81386 0.037647 0.71465
0.82807 0.037649 0.71311
0.80995 0.037654 0.74097
0.81037 0.037664 0.76615
0.83567 0.037667 0.74446
0.83593 0.037673 0.75932
0.80718 0.037667 0.77906
0.81048 0.037675 0.79992
0.83432 0.037679 0.78214
0.82796 0.03768 0.79652
0.81302 0.03768 0.80914
0.82708 0.03769 0.82932
0.80686 0.037687 0.84914
0.81314 0.037691 0.8616
0.83185 0.037694 0.84495
0.83128 0.037697 0.86375
0.81689 0.037694 0.87369
0.80639 0.037696 0.89221
0.82829 0.0377 0.88224
0.80801 0.037701 0.90704
0.807 0.037685 0.92194
0.8207 0.037703 0.90817
0.80694 0.037613 0.93825
0.81452 0.033369 0.9612
0.82908 0.03757 0.94817
0.82276 0.033347 0.96342
0.8439 0.037663 0.044568
0.84086 0.037663 0.054566
0.86276 0.037663 0.044733
0.84685 0.037659 0.078466
0.85033 0.037658 0.090483
0.85367 0.037659 0.073719
0.85548 0.037658 0.088778
0.85711 0.037659 0.10707
0.85651 0.037651 0.13026
0.84152 0.037644 0.14486
0.84821 0.037637 0.15708
0.86054 0.037646 0.14045
0.85454 0.037639 0.15046
0.83928 0.037626 0.179
0.8417 0.037621 0.18975
0.85849 0.03763 0.17908
0.86624 0.037626 0.19396
0.85043 0.037613 0.20642
0.83855 0.037593 0.22701
0.86161 0.037616 0.20838
0.85372 0.037598 0.22842
0.84854 0.037585 0.24245
0.85807 0.037591 0.24294
0.86007 0.037587 0.2535
0.85664 0.037572 0.27191
0.85847 0.03756 0.29232
0.84296 0.037531 0.31186
0.83632 0.037514 0.32119
0.86073 0.037554 0.30434
0.85549 0.03754 0.31689
0.84026 0.037503 0.35108
0.85681 0.037529 0.33889
0.86463 0.037527 0.35752
0.84332 0.037493 0.37676
0.8525 0.0375 0.37521
0.86139 0.037509 0.38765
0.84724 0.037488 0.40669
0.84864 0.037485 0.4196
0.85298 0.037493 0.40156
0.86246 0.037504 0.42689
0.84126 0.03748 0.43824
0.83606 0.037471 0.45332
0.85552 0.037492 0.44249
0.86084 0.037501 0.45712
0.8398 0.037481 0.4739
0.84491 0.037492 0.48839
0.84488 0.037509 0.51012
0.85193 0.037524 0.52896
0.86739 0.037541 0.51985
0.84865 0.037532 0.53953
0.85025 0.037544 0.55528
0.86621 0.03755 0.54017
0.86405 0.037554 0.55326
0.85254 0.03756 0.5754
0.84565 0.037582 0.5956
0.86615 0.037569 0.5741
0.85894 0.037576 0.59127
0.85376 0.037604 0.62225
0.86348 0.037591 0.60299
0.85814 0.03761 0.63308
0.8527 0.037623 0.66261
0.86766 0.03762 0.64131
0.86162 0.037629 0.66608
0.85127 0.03763 0.68295
0.84264 0.037637 0.69264
0.86349 0.037635 0.67494
0.86565 0.037653 0.70029
0.84359 0.03765 0.71098
0.84962 0.037662 0.72896
0.85767 0.037648 0.70717
0.85799 0.037664 0.73166
0.84689 0.037669 0.74181
0.84381 0.037679 0.76796
0.85909 0.03768 0.76353
0.83996 0.037686 0.79827
0.86256 0.037686 0.77422
0.86642 0.037693 0.79317
0.843 0.037693 0.81778
0.86493 0.037696 0.80746
0.86171 0.037697 0.82474
0.84467 0.037697 0.84505
0.86126 0.0377 0.84079
0.86216 0.037703 0.85812
0.84688 0.037706 0.87673
0.84237 0.037706 0.89733
0.86075 0.037707 0.87096
0.84566 0.037701 0.91898
0.86432 0.037709 0.90577
0.85586 0.037693 0.92197
0.85005 0.037646 0.93578
0.84317 0.033383 0.96045
0.86316 0.037658 0.93532
0.86141 0.033347 0.96355
0.87033 0.037663 0.039042
0.87207 0.037662 0.0607
0.88667 0.037663 0.039844
0.88813 0.037663 0.051698
0.88159 0.03766 0.075932
0.88215 0.037659 0.091395
0.89653 0.037662 0.07801
0.89078 0.03766 0.08534
0.8815 0.037658 0.10791
0.8823 0.037654 0.12646
0.8906 0.037657 0.11764
0.87551 0.037649 0.13664
0.88273 0.037645 0.15662
0.89409 0.037649 0.14627
0.88933 0.037645 0.16033
0.87705 0.037632 0.18899
0.8934 0.037644 0.16785
0.89748 0.037638 0.18762
0.87234 0.037624 0.20186
0.87766 0.037619 0.21754
0.89099 0.037627 0.20887
0.88687 0.037622 0.22002
0.87017 0.037607 0.23524
0.87299 0.037587 0.27264
0.87494 0.037578 0.28776
0.89779 0.037604 0.26696
0.8905 0.037587 0.28987
0.87077 0.037559 0.31259
0.88048 0.037567 0.32058
0.88746 0.037579 0.30095
0.88636 0.03757 0.31746
0.87742 0.037551 0.34274
0.89337 0.037566 0.33725
0.89831 0.037563 0.35082
0.8776 0.037537 0.37778
0.87018 0.037523 0.38556
0.89213 0.037552 0.36985
0.89517 0.03755 0.39059
0.87275 0.037524 0.40553
0.87515 0.037525 0.41811
0.89644 0.037548 0.41138
0.89199 0.037541 0.41718
0.88211 0.03753 0.43974
0.88644 0.037532 0.44985
0.88178 0.037535 0.47887
0.8802 0.037544 0.49383
0.88688 0.037545 0.49209
0.87144 0.037538 0.50375
0.87957 0.037565 0.52885
0.89031 0.037561 0.51192
0.89227 0.037569 0.52491
0.87625 0.037565 0.53904
0.89211 0.037574 0.53717
0.89654 0.037585 0.55164
0.88172 0.037586 0.5741
0.87975 0.0376 0.59729
0.89369 0.037591 0.57453
0.8908 0.037603 0.59812
0.87889 0.037606 0.60578
0.88411 0.037623 0.63186
0.89047 0.037611 0.60938
0.89 0.037622 0.62691
0.88239 0.037634 0.64992
0.89136 0.037634 0.64756
0.89431 0.037647 0.65991
0.87495 0.03765 0.6765
0.9001 0.037672 0.69902
0.87405 0.037669 0.71495
0.88245 0.037681 0.73206
0.89685 0.037675 0.70549
0.89221 0.03768 0.7246
0.87531 0.037682 0.7473
0.87374 0.037687 0.76682
0.88893 0.037685 0.74505
0.89907 0.03769 0.76568
0.87597 0.037693 0.78206
0.87987 0.037697 0.7987
0.89142 0.037695 0.78946
0.87281 0.037699 0.81691
0.87876 0.037701 0.82588
0.89036 0.037698 0.80606
0.87792 0.037703 0.84142
0.8824 0.037707 0.86433
0.89544 0.037703 0.84039
0.88727 0.037706 0.85946
0.87551 0.037712 0.89152
0.89284 0.037709 0.87037
0.89573 0.037713 0.8901
0.88074 0.037712 0.9037
0.88189 0.037686 0.92897
0.89374 0.037711 0.91009
0.89718 0.037673 0.93053
0.87303 0.037652 0.94082
0.89851 0.033371 0.96109
0.90552 0.037665 0.037479
0.91237 0.037666 0.05399
0.92253 0.037646 0.038782
0.9154 0.037665 0.075049
0.90428 0.037662 0.089925
0.92882 0.037622 0.09413
0.91184 0.03766 0.10827
0.91006 0.037656 0.12855
0.92133 0.037648 0.10315
0.92383 0.037638 0.11754
0.90614 0.037655 0.13387
0.90857 0.03765 0.15763
0.92239 0.037639 0.13831
0.91405 0.037642 0.18685
0.92798 0.03762 0.17042
0.93069 0.037599 0.19505
0.91494 0.037635 0.20404
0.91252 0.037627 0.22105
0.92713 0.037595 0.20804
0.91909 0.037618 0.22503
0.90857 0.037616 0.24508
0.92773 0.037589 0.24158
0.92175 0.037601 0.25473
0.90856 0.037607 0.26866
0.93119 0.037568 0.27826
0.93028 0.037565 0.29253
0.91152 0.037586 0.32407
0.92324 0.037581 0.30097
0.92204 0.037577 0.32086
0.90383 0.037575 0.33488
0.90663 0.037569 0.36002
0.9288 0.037561 0.33568
0.91899 0.037573 0.35425
0.90549 0.037565 0.37044
0.91025 0.037566 0.38951
0.92429 0.037541 0.39405
0.9242 0.037539 0.40189
0.92988 0.037519 0.42913
0.90496 0.037556 0.45381
0.92634 0.037533 0.43404
0.90736 0.037565 0.47944
0.90481 0.03757 0.49529
0.92675 0.037534 0.47138
0.92421 0.037547 0.48542
0.91143 0.037583 0.50306
0.91258 0.037593 0.52304
0.92811 0.037552 0.51225
0.92564 0.037563 0.51938
0.9243 0.037574 0.5381
0.92633 0.037577 0.555
0.91565 0.037627 0.59675
0.92597 0.037604 0.57605
0.92963 0.037617 0.59617
0.91149 0.037631 0.60608
0.9066 0.037638 0.62352
0.92306 0.03763 0.60714
0.92462 0.037634 0.61971
0.90515 0.037648 0.64506
0.93259 0.037605 0.64875
0.92361 0.037642 0.66474
0.91407 0.037665 0.68957
0.92529 0.037634 0.68269
0.92842 0.037624 0.6975
0.91328 0.037676 0.70652
0.92307 0.037652 0.71054
0.91026 0.037686 0.74268
0.91352 0.03769 0.76184
0.92025 0.037673 0.73869
0.9196 0.037683 0.76693
0.91471 0.037692 0.77401
0.9137 0.037694 0.79039
0.92609 0.037666 0.77809
0.92676 0.037666 0.79753
0.90529 0.0377 0.81752
0.91251 0.0377 0.82385
0.92123 0.037683 0.80496
0.91891 0.037694 0.82765
0.90641 0.037705 0.84678
0.90677 0.037708 0.86326
0.92366 0.037673 0.83749
0.91936 0.0377 0.86274
0.91214 0.037711 0.87402
0.91938 0.037703 0.87267
0.9307 0.037667 0.89009
0.90777 0.03771 0.91017
0.90892 0.037668 0.92902
0.92075 0.037695 0.90918
0.92867 0.037629 0.92511
0.90741 0.037629 0.941
0.91341 0.03342 0.95919
0.91919 0.037613 0.9395
0.92434 0.033383 0.96044
0.93777 0.037588 0.042103
0.93802 0.037587 0.054549
0.95402 0.034117 0.03724
0.95746 0.033513 0.061109
0.93501 0.037598 0.074364
0.95993 0.033395 0.087177
0.94682 0.037565 0.10547
0.95913 0.033421 0.12689
0.94666 0.037556 0.14439
0.94319 0.037569 0.15471
0.95838 0.033454 0.13999
0.95179 0.035362 0.157
0.93627 0.037599 0.17046
0.94598 0.037558 0.1939
0.95493 0.033853 0.19534
0.93975 0.037556 0.2038
0.93978 0.037546 0.22647
0.96317 0.033348 0.21243
0.96093 0.033373 0.21942
0.94051 0.037557 0.24514
0.94658 0.037544 0.25057
0.96084 0.033374 0.23499
0.95232 0.034858 0.26165
0.94324 0.037541 0.26899
0.93972 0.037542 0.28596
0.95947 0.033406 0.27332
0.94121 0.037534 0.29991
0.9407 0.037536 0.32797
0.95457 0.033902 0.29954
0.96434 0.033342 0.32228
0.9452 0.037533 0.33995
0.94269 0.037529 0.35466
0.95839 0.033443 0.35751
0.93962 0.037517 0.36593
0.9468 0.037462 0.39533
0.96412 0.033343 0.3773
0.95159 0.035165 0.39411
0.94508 0.037464 0.40491
0.96336 0.033347 0.40788
0.956 0.033622 0.42669
0.94069 0.037491 0.44307
0.94486 0.03748 0.44996
0.95301 0.034339 0.43368
0.95946 0.033402 0.45096
0.93865 0.037491 0.47111
0.96345 0.033346 0.47794
0.95478 0.033821 0.49388
0.94569 0.037489 0.50782
0.94178 0.037508 0.52138
0.95256 0.034603 0.5109
0.95954 0.033402 0.5261
0.93671 0.037538 0.55424
0.96427 0.033343 0.53864
0.95828 0.033454 0.55697
0.94345 0.037607 0.59408
0.94044 0.037608 0.61337
0.94063 0.037602 0.62242
0.95959 0.033406 0.62773
0.94406 0.037572 0.63965
0.96124 0.033369 0.63743
0.96354 0.033346 0.65994
0.94838 0.037547 0.6778
0.9599 0.033397 0.67594
0.9591 0.033422 0.69704
0.94056 0.037567 0.71532
0.93959 0.037573 0.72637
0.95405 0.034107 0.71708
0.95473 0.033911 0.72226
0.94338 0.037567 0.75741
0.95542 0.033766 0.74873
0.95957 0.033406 0.75762
0.94108 0.037626 0.78105
0.94109 0.037618 0.80071
0.95755 0.03351 0.78905
0.93954 0.037617 0.80576
0.954 0.034135 0.81385
0.95894 0.033429 0.83206
0.93799 0.037603 0.84742
0.9649 0.033341 0.85833
0.9426 0.037631 0.88691
0.95938 0.033412 0.8714
0.93766 0.037602 0.92236
0.95623 0.033639 0.90831
0.96455 0.033342 0.92089
0.93856 0.037547 0.93674
0.94215 0.033453 0.95839
0.95918 0.033417 0.9427
0.95416 0.033339 0.96278
