2635
1 1 1
0.034977 0.037652 0.044826
0.041005 0.037652 0.054135
0.062329 0.037653 0.035661
0.058369 0.037652 0.051371
0.046102 0.037653 0.068788
0.04357 0.037654 0.093028
0.059733 0.037653 0.0805
0.0562 0.037653 0.096693
0.038555 0.037652 0.1102
0.041243 0.037653 0.12011
0.063269 0.037651 0.10692
0.062752 0.037656 0.14245
0.040399 0.037644 0.18806
0.058311 0.037646 0.17804
0.061092 0.037644 0.1936
0.036157 0.037643 0.19837
0.040374 0.037641 0.22412
0.053271 0.037643 0.2034
0.056362 0.037642 0.21671
0.047791 0.03764 0.23309
0.042314 0.037638 0.25419
0.052912 0.037639 0.23943
0.061686 0.037638 0.254
0.047277 0.037637 0.26598
0.046441 0.037637 0.28297
0.055734 0.037637 0.27496
0.063244 0.037637 0.28365
0.062038 0.037638 0.30456
0.057616 0.037638 0.31963
0.045175 0.037636 0.34084
0.062281 0.037635 0.34946
0.046188 0.037631 0.37084
0.0452 0.037631 0.38427
0.060774 0.037633 0.36873
0.056107 0.037634 0.39057
0.044576 0.037634 0.40124
0.037583 0.037636 0.42075
0.060514 0.037637 0.40405
0.054169 0.037638 0.41556
0.042382 0.037635 0.44401
0.059166 0.037639 0.44177
0.058326 0.037639 0.45809
0.041779 0.037635 0.4717
0.043641 0.037634 0.48668
0.052122 0.037638 0.47143
0.057795 0.037635 0.49037
0.038391 0.037624 0.50683
0.038091 0.037618 0.52828
0.05457 0.037626 0.50885
0.0589 0.037623 0.52733
0.045328 0.037617 0.53995
0.043026 0.037619 0.56598
0.060885 0.037622 0.53845
0.059574 0.037622 0.55945
0.03708 0.037621 0.57728
0.035937 0.037624 0.59988
0.051566 0.037623 0.57585
0.053529 0.037626 0.59615
0.043647 0.037624 0.60471
0.036261 0.037624 0.63201
0.051482 0.037627 0.61079
0.05752 0.037628 0.62359
0.051485 0.037625 0.65148
0.053468 0.037627 0.66344
0.0475 0.037627 0.6753
0.052554 0.037628 0.67348
0.058133 0.03763 0.69106
0.036006 0.037628 0.73217
0.059904 0.037628 0.71545
0.051688 0.037628 0.72491
0.043475 0.037629 0.74838
0.037052 0.037631 0.76382
0.058986 0.037629 0.74513
0.051988 0.037631 0.76194
0.040799 0.037632 0.77428
0.03722 0.037635 0.80038
0.05811 0.037634 0.78266
0.056181 0.037635 0.79233
0.039734 0.037638 0.82679
0.052768 0.037637 0.81496
0.058337 0.037638 0.83216
0.038038 0.03764 0.84362
0.035021 0.037641 0.86223
0.053658 0.03764 0.83803
0.055994 0.037641 0.86021
0.035575 0.037641 0.87188
0.045094 0.037645 0.89298
0.057952 0.03764 0.87917
0.05644 0.037642 0.88924
0.041905 0.037652 0.91228
0.037076 0.033405 0.95624
0.058548 0.037544 0.94484
0.061007 0.033601 0.95424
0.079108 0.037654 0.045227
0.075003 0.037653 0.059562
0.07801 0.037651 0.088061
0.094139 0.037651 0.073757
0.091486 0.03765 0.088021
0.071145 0.03765 0.10604
0.072204 0.037651 0.1288
0.08503 0.037648 0.10849
0.089217 0.037647 0.12191
0.069719 0.037653 0.13965
0.089329 0.037648 0.13601
0.09269 0.037646 0.15735
0.071851 0.037646 0.17522
0.067901 0.037644 0.19006
0.094172 0.037643 0.17503
0.094687 0.037642 0.1902
0.077127 0.037643 0.20494
0.075794 0.037641 0.22178
0.088622 0.037642 0.21002
0.096898 0.037639 0.22563
0.069587 0.037638 0.24283
0.072159 0.037637 0.24922
0.0854 0.037638 0.2434
0.089778 0.037637 0.25157
0.075918 0.037638 0.27199
0.074977 0.037637 0.28928
0.095391 0.037637 0.27203
0.068105 0.037638 0.30586
0.068489 0.037636 0.32488
0.092688 0.037635 0.30435
0.09061 0.037635 0.32545
0.071308 0.037634 0.34394
0.089661 0.037635 0.33982
0.088371 0.037636 0.35475
0.075779 0.037632 0.37776
0.091404 0.037636 0.37111
0.095067 0.037637 0.38288
0.069302 0.037638 0.40932
0.073329 0.03764 0.42266
0.093135 0.037646 0.41154
0.086264 0.037647 0.41816
0.069083 0.037641 0.44486
0.083651 0.037646 0.43675
0.084913 0.037649 0.45589
0.073899 0.037641 0.47392
0.078002 0.03764 0.48455
0.089862 0.03765 0.47983
0.089062 0.037646 0.49081
0.069031 0.037632 0.50249
0.085152 0.037636 0.51973
0.077078 0.037626 0.53661
0.072093 0.037624 0.56497
0.082534 0.037627 0.56264
0.07396 0.037625 0.57113
0.069592 0.037627 0.59979
0.085615 0.037633 0.57144
0.088413 0.037635 0.59518
0.074408 0.037632 0.62948
0.09005 0.037636 0.61277
0.095101 0.037635 0.62212
0.073097 0.037631 0.64249
0.092785 0.037634 0.66542
0.068321 0.037632 0.68207
0.086108 0.037636 0.67443
0.089207 0.037634 0.69393
0.076364 0.037629 0.71182
0.067713 0.037628 0.73272
0.091069 0.03763 0.72424
0.071138 0.037628 0.74529
0.076083 0.037629 0.75753
0.088149 0.037629 0.74132
0.085107 0.037631 0.76226
0.071395 0.037632 0.7734
0.072963 0.037635 0.7991
0.094145 0.037632 0.78478
0.072287 0.037635 0.81595
0.080115 0.037635 0.82336
0.092874 0.037634 0.80679
0.089981 0.037636 0.83223
0.074584 0.037639 0.84222
0.074453 0.03764 0.86155
0.089748 0.037639 0.86533
0.076556 0.037638 0.88255
0.088314 0.037638 0.87361
0.085071 0.037639 0.89021
0.071268 0.037648 0.90968
0.076815 0.037626 0.93083
0.088799 0.037643 0.90263
0.07126 0.037599 0.93861
0.085824 0.037615 0.9473
0.11043 0.037647 0.039036
0.10585 0.037649 0.057412
0.12644 0.037645 0.037888
0.1219 0.037646 0.052252
0.10265 0.03765 0.068407
0.10708 0.037648 0.094374
0.12417 0.037645 0.096606
0.10552 0.037646 0.11034
0.11371 0.037644 0.1287
0.12514 0.037642 0.11833
0.10755 0.037645 0.14112
0.10263 0.037644 0.15575
0.12672 0.037641 0.15581
0.10772 0.03764 0.17265
0.10647 0.03764 0.18737
0.12761 0.037639 0.16682
0.11892 0.037638 0.19352
0.11297 0.037637 0.21659
0.11782 0.037638 0.20076
0.11702 0.037637 0.22699
0.10583 0.037637 0.23812
0.10078 0.037636 0.25582
0.12085 0.037636 0.23738
0.10666 0.037634 0.27335
0.10634 0.037632 0.28604
0.12053 0.037632 0.27702
0.12864 0.037629 0.2836
0.10684 0.037629 0.30357
0.10749 0.037629 0.32598
0.12821 0.037628 0.30909
0.11672 0.037627 0.31774
0.10426 0.037631 0.33375
0.10531 0.037633 0.35835
0.11593 0.037632 0.35332
0.099527 0.037635 0.36536
0.11643 0.037638 0.36976
0.12234 0.037651 0.39359
0.1028 0.037642 0.39825
0.10247 0.037648 0.42527
0.11339 0.03765 0.42551
0.098653 0.03765 0.43771
0.099598 0.037652 0.4497
0.11393 0.037657 0.44431
0.11568 0.03766 0.45686
0.098903 0.037651 0.47058
0.10711 0.037648 0.48726
0.11675 0.037662 0.472
0.12248 0.037666 0.48933
0.10341 0.037641 0.50348
0.098952 0.037636 0.52546
0.11945 0.037647 0.52588
0.10498 0.037638 0.53823
0.10071 0.037638 0.55984
0.12161 0.037651 0.54369
0.098932 0.037635 0.58256
0.10117 0.037635 0.59556
0.11869 0.037645 0.57639
0.12036 0.037642 0.60134
0.10923 0.037632 0.61691
0.10935 0.03763 0.62673
0.12617 0.037635 0.63175
0.1064 0.037629 0.6456
0.10599 0.037629 0.6585
0.11968 0.037633 0.64019
0.11656 0.037628 0.66711
0.10474 0.037629 0.68367
0.12204 0.037629 0.68327
0.10755 0.037631 0.72871
0.12668 0.037627 0.70695
0.1279 0.037627 0.73433
0.1019 0.03763 0.73967
0.1059 0.037628 0.75603
0.12037 0.037627 0.76418
0.10736 0.037629 0.77522
0.12817 0.037624 0.77909
0.11791 0.037627 0.79126
0.10899 0.037635 0.82984
0.11787 0.03763 0.80515
0.12113 0.037634 0.83376
0.11032 0.037636 0.83968
0.12617 0.037633 0.84294
0.12598 0.037633 0.85649
0.10863 0.037637 0.87618
0.11233 0.037638 0.89264
0.1287 0.037635 0.88288
0.12224 0.037638 0.89746
0.10332 0.037643 0.90979
0.12156 0.03764 0.91205
0.12 0.037617 0.92527
0.10491 0.037599 0.93838
0.12969 0.037545 0.94637
0.12806 0.033334 0.96457
0.14165 0.037643 0.039792
0.15706 0.03764 0.035267
0.15869 0.037639 0.053354
0.13431 0.037644 0.076263
0.1396 0.037641 0.095439
0.15241 0.03764 0.071989
0.15673 0.037637 0.090546
0.13918 0.037639 0.10648
0.14077 0.037637 0.11783
0.15129 0.037635 0.11111
0.15556 0.037634 0.11668
0.13419 0.03764 0.1378
0.13516 0.03764 0.15945
0.15966 0.037636 0.15304
0.13369 0.037637 0.17824
0.15752 0.037635 0.17271
0.15624 0.037634 0.18432
0.13613 0.037635 0.2054
0.14199 0.037633 0.22523
0.159 0.037631 0.20666
0.13513 0.037634 0.23783
0.14499 0.03763 0.25315
0.1509 0.037632 0.23086
0.15843 0.037628 0.25923
0.13752 0.037629 0.26741
0.13682 0.037627 0.28932
0.15566 0.037628 0.26714
0.15225 0.037627 0.28602
0.14442 0.037626 0.30321
0.13232 0.037628 0.31411
0.15769 0.037629 0.29736
0.14968 0.03763 0.32049
0.13459 0.037633 0.3425
0.1436 0.037633 0.34921
0.15435 0.037634 0.33101
0.1401 0.037638 0.37353
0.13438 0.037643 0.38235
0.1574 0.037644 0.37627
0.13048 0.037661 0.42083
0.14432 0.037665 0.42429
0.13746 0.037666 0.44
0.13079 0.037669 0.45396
0.14921 0.037675 0.44264
0.14737 0.037678 0.45257
0.13153 0.037672 0.46972
0.12983 0.03767 0.48663
0.14901 0.037689 0.4722
0.13855 0.037653 0.51036
0.13797 0.037646 0.5248
0.15477 0.037677 0.50194
0.13214 0.037647 0.54626
0.13906 0.03764 0.56828
0.14595 0.037647 0.55087
0.15535 0.037667 0.55564
0.1402 0.037635 0.58442
0.13532 0.037637 0.59693
0.15524 0.037651 0.58469
0.15438 0.037648 0.59677
0.13479 0.037635 0.61358
0.13753 0.037635 0.63057
0.15685 0.037645 0.61818
0.15186 0.037643 0.62796
0.14064 0.037632 0.66145
0.1601 0.037649 0.6464
0.15022 0.037635 0.66265
0.13801 0.037627 0.67451
0.14373 0.037621 0.69482
0.14824 0.037625 0.67817
0.15041 0.037621 0.7023
0.13227 0.037624 0.70604
0.1433 0.037619 0.73373
0.15475 0.037622 0.70869
0.15011 0.037618 0.73353
0.14318 0.03762 0.7492
0.13685 0.037621 0.76659
0.15564 0.037618 0.74001
0.15913 0.037615 0.75643
0.13965 0.03762 0.79349
0.15312 0.037617 0.77683
0.15448 0.03762 0.79908
0.14503 0.037623 0.80733
0.14238 0.037627 0.82846
0.16329 0.037621 0.81477
0.15561 0.037623 0.82878
0.14046 0.037628 0.84754
0.14697 0.037627 0.86259
0.16004 0.037622 0.84635
0.16011 0.037623 0.86185
0.13698 0.037632 0.87679
0.15683 0.037629 0.88096
0.15523 0.037632 0.89768
0.13504 0.037637 0.90899
0.14001 0.037596 0.92829
0.15728 0.037633 0.91104
0.15487 0.037601 0.92524
0.13621 0.034131 0.95253
0.15859 0.037537 0.94068
0.15823 0.033336 0.96142
0.17073 0.037635 0.044846
0.17764 0.037633 0.061205
0.18691 0.037631 0.04554
0.18593 0.037631 0.055124
0.17048 0.037635 0.076361
0.17425 0.037633 0.092063
0.1895 0.03763 0.077908
0.18921 0.03763 0.093158
0.16961 0.037633 0.10601
0.17379 0.037631 0.12887
0.18391 0.037631 0.10746
0.19084 0.037629 0.1181
0.17237 0.037631 0.14079
0.17911 0.037628 0.15407
0.18721 0.037627 0.14536
0.19156 0.037627 0.15057
0.17877 0.037626 0.19351
0.19038 0.037626 0.17223
0.18583 0.037628 0.18884
0.17494 0.037624 0.22665
0.1872 0.037626 0.20156
0.18642 0.037627 0.2199
0.17271 0.037624 0.23903
0.17493 0.037622 0.25712
0.18685 0.037622 0.24894
0.18816 0.037621 0.27028
0.18375 0.037627 0.28853
0.1663 0.037629 0.29667
0.17262 0.037633 0.31378
0.1861 0.037635 0.30814
0.18855 0.037639 0.32478
0.1651 0.037634 0.34106
0.16777 0.037635 0.34792
0.18224 0.037636 0.33646
0.18523 0.037642 0.3459
0.17361 0.037643 0.37051
0.18365 0.037653 0.37334
0.18015 0.03765 0.39029
0.16816 0.037653 0.42491
0.1879 0.037662 0.4022
0.18773 0.03767 0.42105
0.16763 0.037661 0.43786
0.1682 0.03767 0.45292
0.18321 0.037674 0.43464
0.17633 0.037679 0.45943
0.16431 0.037687 0.48728
0.17745 0.037703 0.47823
0.18019 0.037713 0.4866
0.16322 0.037676 0.50309
0.16329 0.037669 0.5313
0.18193 0.037708 0.50935
0.17975 0.037697 0.5314
0.16377 0.037672 0.54654
0.1763 0.037681 0.56443
0.17233 0.037662 0.58146
0.16356 0.03765 0.59403
0.18487 0.037684 0.58792
0.18036 0.037652 0.6
0.17365 0.037636 0.61014
0.16703 0.037641 0.62993
0.18201 0.037642 0.60863
0.18204 0.037638 0.62563
0.16686 0.03765 0.64813
0.16876 0.037644 0.65789
0.19165 0.037659 0.65068
0.19194 0.037647 0.66253
0.16877 0.037629 0.67583
0.16767 0.037622 0.69181
0.18132 0.037633 0.67323
0.18415 0.037623 0.69328
0.1737 0.037616 0.71896
0.17045 0.037614 0.73076
0.18383 0.037618 0.70641
0.18446 0.037611 0.73545
0.17689 0.037607 0.75003
0.17006 0.03761 0.75777
0.18564 0.037608 0.74929
0.16936 0.037617 0.79262
0.18981 0.03761 0.77249
0.18925 0.037615 0.79889
0.17462 0.037617 0.80727
0.18776 0.037616 0.81495
0.18942 0.037613 0.82968
0.17912 0.037615 0.84005
0.17009 0.037619 0.85648
0.18814 0.037614 0.8469
0.18625 0.037613 0.85393
0.16825 0.037624 0.8756
0.16816 0.037627 0.8919
0.19404 0.037614 0.87039
0.19325 0.037617 0.88985
0.17013 0.037581 0.92896
0.18524 0.037572 0.92997
0.17978 0.033737 0.95353
0.18689 0.037536 0.93839
0.19201 0.033412 0.95604
0.20148 0.037627 0.04429
0.20975 0.037625 0.058479
0.22321 0.037622 0.034973
0.22129 0.037623 0.05625
0.20845 0.037625 0.068594
0.20519 0.037625 0.08837
0.22578 0.03762 0.070713
0.22237 0.037621 0.093091
0.21085 0.037623 0.10044
0.20488 0.037625 0.12644
0.22755 0.03762 0.10096
0.21935 0.037622 0.12096
0.20384 0.037625 0.14161
0.19947 0.037623 0.17308
0.20971 0.037623 0.18917
0.22589 0.037613 0.17194
0.22825 0.037612 0.1829
0.20499 0.037626 0.19986
0.22235 0.037622 0.19962
0.21054 0.037623 0.23762
0.22414 0.037628 0.23233
0.22144 0.037631 0.25594
0.20356 0.037612 0.27256
0.19868 0.037615 0.28078
0.22181 0.037624 0.2666
0.21505 0.037606 0.28482
0.20673 0.037608 0.3055
0.20458 0.037621 0.32533
0.21358 0.037601 0.31391
0.19803 0.037634 0.33111
0.20262 0.03764 0.35381
0.2143 0.037621 0.33053
0.22347 0.037646 0.34746
0.20592 0.037636 0.36358
0.20267 0.03764 0.38125
0.21786 0.037642 0.36204
0.21068 0.037637 0.3879
0.20023 0.037658 0.40585
0.20885 0.037651 0.40268
0.19963 0.037682 0.42937
0.19037 0.037706 0.45628
0.21301 0.037704 0.43091
0.21226 0.037739 0.4496
0.19539 0.037731 0.46848
0.19774 0.037747 0.48965
0.20202 0.037751 0.47664
0.20591 0.037776 0.4902
0.19399 0.037737 0.51159
0.19609 0.037727 0.52538
0.19722 0.037709 0.5428
0.19855 0.037702 0.55752
0.20857 0.037717 0.55881
0.19787 0.037721 0.58933
0.19605 0.037784 0.60173
0.21195 0.037751 0.58907
0.21199 0.037874 0.59696
0.1987 0.037869 0.61154
0.19893 0.037787 0.63042
0.2166 0.038009 0.6264
0.19713 0.037651 0.64806
0.20572 0.037628 0.65387
0.2167 0.037808 0.63543
0.20594 0.037622 0.67341
0.20034 0.037616 0.6966
0.21611 0.037618 0.67423
0.215 0.037612 0.69751
0.19928 0.037611 0.7106
0.19904 0.037604 0.72983
0.21579 0.037607 0.71206
0.21812 0.037597 0.72332
0.20284 0.037603 0.76172
0.21915 0.037597 0.74981
0.20209 0.03761 0.78324
0.20899 0.037607 0.7949
0.21997 0.037603 0.77411
0.20364 0.03761 0.83333
0.22657 0.037605 0.81745
0.22333 0.037605 0.83199
0.20413 0.037609 0.84747
0.20758 0.037607 0.86078
0.2218 0.037606 0.83845
0.22309 0.037603 0.85983
0.20656 0.037609 0.87613
0.20898 0.037611 0.89342
0.21938 0.037605 0.87765
0.22424 0.037606 0.89622
0.21305 0.037575 0.92733
0.22405 0.037614 0.91384
0.20109 0.037495 0.94683
0.21252 0.033334 0.96261
0.22069 0.037511 0.94256
0.22108 0.033373 0.95709
0.23377 0.03762 0.034981
0.23742 0.037618 0.06118
0.25116 0.037615 0.042373
0.25936 0.037612 0.0559
0.23914 0.037617 0.067286
0.23542 0.037617 0.083956
0.25524 0.037611 0.075254
0.25856 0.03761 0.084599
0.2451 0.037619 0.11782
0.25497 0.037614 0.10028
0.25049 0.037618 0.12446
0.23468 0.037619 0.14285
0.2539 0.037615 0.13737
0.25977 0.037611 0.15373
0.23495 0.037608 0.17408
0.24503 0.037605 0.18897
0.25239 0.037605 0.17406
0.25827 0.037607 0.18347
0.23832 0.037611 0.20826
0.23185 0.037623 0.22628
0.25495 0.037608 0.20312
0.23137 0.037629 0.24124
0.23825 0.037633 0.24679
0.24021 0.037632 0.26989
0.23913 0.03763 0.28979
0.25888 0.03764 0.27918
0.25735 0.037647 0.303
0.25374 0.037657 0.31774
0.23135 0.037645 0.35049
0.24995 0.037657 0.33882
0.25549 0.037682 0.3558
0.2346 0.037644 0.36222
0.24668 0.037658 0.36815
0.24215 0.037645 0.38212
0.22574 0.037667 0.40118
0.23505 0.037681 0.41469
0.24497 0.03767 0.39477
0.22908 0.037701 0.42872
0.22543 0.037742 0.44869
0.24554 0.037728 0.43233
0.23952 0.037759 0.45179
0.2187 0.037807 0.4744
0.23339 0.03781 0.46904
0.23856 0.037895 0.4849
0.22884 0.037812 0.50621
0.23337 0.037822 0.53354
0.22462 0.037764 0.55035
0.22016 0.037736 0.56957
0.22566 0.037886 0.59904
0.23171 0.037877 0.60427
0.22588 0.038019 0.61288
0.22695 0.037796 0.63151
0.23041 0.037928 0.61583
0.23985 0.037693 0.62973
0.22665 0.037605 0.64734
0.23483 0.0376 0.65937
0.24405 0.037608 0.6515
0.24627 0.037616 0.66621
0.23649 0.037614 0.68312
0.25495 0.037617 0.69188
0.23797 0.037592 0.71935
0.24927 0.0376 0.71014
0.25121 0.037587 0.72966
0.23776 0.037588 0.74292
0.23516 0.037591 0.76043
0.25251 0.037587 0.74826
0.26137 0.037588 0.76498
0.23244 0.037603 0.78056
0.24086 0.037599 0.79297
0.25692 0.037593 0.77445
0.24129 0.037599 0.80853
0.25913 0.037593 0.81003
0.25257 0.037595 0.82926
0.24233 0.037599 0.84499
0.23776 0.037598 0.86055
0.23617 0.037599 0.87869
0.23506 0.037599 0.88805
0.25804 0.037591 0.87695
0.24536 0.037602 0.91241
0.23598 0.037567 0.92852
0.25137 0.037596 0.90325
0.26003 0.037553 0.93057
0.24299 0.033336 0.9613
0.25523 0.037538 0.93609
0.2757 0.037606 0.056254
0.29614 0.037598 0.060753
0.27752 0.037602 0.079206
0.27073 0.037607 0.093918
0.29469 0.037597 0.073903
0.27179 0.037608 0.10869
0.29136 0.0376 0.1037
0.28656 0.037603 0.12245
0.27249 0.037605 0.13548
0.26987 0.037606 0.15615
0.29404 0.037595 0.13718
0.29554 0.037598 0.15715
0.2662 0.037606 0.16895
0.27147 0.037608 0.18178
0.28713 0.037614 0.19184
0.27482 0.03762 0.21483
0.28955 0.037613 0.19691
0.28732 0.037619 0.22212
0.27085 0.037631 0.25805
0.28785 0.037619 0.2366
0.28963 0.037639 0.2557
0.28423 0.037636 0.26339
0.26526 0.037642 0.30474
0.26767 0.037648 0.31404
0.29107 0.037658 0.31797
0.26362 0.037666 0.33346
0.2678 0.037685 0.35626
0.2774 0.037654 0.33959
0.27983 0.037681 0.35192
0.26599 0.03769 0.3622
0.26588 0.037694 0.3817
0.2816 0.037722 0.37271
0.26156 0.037711 0.40182
0.25752 0.037731 0.41665
0.27729 0.037745 0.40673
0.27103 0.037744 0.42171
0.24902 0.037806 0.45668
0.26829 0.037744 0.42968
0.27457 0.037801 0.44826
0.24557 0.037885 0.47094
0.2481 0.037937 0.48852
0.26224 0.038025 0.48345
0.24571 0.03791 0.5109
0.25729 0.037908 0.53593
0.25055 0.037878 0.54187
0.253 0.037823 0.57333
0.25976 0.037876 0.55292
0.26973 0.0379 0.56391
0.2575 0.037807 0.57984
0.24954 0.037692 0.60614
0.26546 0.03781 0.58237
0.26647 0.037748 0.59509
0.25508 0.037643 0.61551
0.25828 0.037628 0.63207
0.27446 0.037629 0.62895
0.26307 0.037626 0.65007
0.26199 0.037626 0.66583
0.2762 0.037623 0.65033
0.27962 0.03762 0.66722
0.26209 0.037629 0.67439
0.27115 0.037584 0.69577
0.28655 0.03763 0.67681
0.28341 0.037571 0.70283
0.26984 0.037561 0.71681
0.27372 0.037556 0.72473
0.29184 0.037581 0.72854
0.27713 0.037591 0.75187
0.27332 0.037585 0.76844
0.29163 0.037604 0.74469
0.2675 0.037587 0.77621
0.27577 0.037577 0.79414
0.29339 0.037581 0.78074
0.2895 0.037578 0.79817
0.29124 0.037586 0.81515
0.28398 0.03759 0.83035
0.27657 0.037592 0.84764
0.29509 0.037585 0.84501
0.28716 0.037585 0.85991
0.27075 0.037586 0.88121
0.28053 0.037584 0.89345
0.29204 0.037579 0.88051
0.28508 0.037583 0.89448
0.29654 0.037583 0.90999
0.29408 0.037559 0.9263
0.27678 0.037487 0.94635
0.2795 0.033446 0.95541
0.29696 0.037535 0.936
0.28497 0.033338 0.96024
0.3023 0.037596 0.045283
0.3058 0.037595 0.058305
0.32902 0.037586 0.044176
0.33018 0.037587 0.058139
0.30428 0.037595 0.0793
0.30832 0.037595 0.086695
0.32493 0.037589 0.069927
0.32089 0.037592 0.093182
0.30637 0.037595 0.10737
0.30417 0.037595 0.12493
0.32921 0.037587 0.10254
0.31953 0.037591 0.12261
0.3027 0.03759 0.14299
0.30581 0.037595 0.1542
0.32261 0.037584 0.14157
0.32342 0.037589 0.15082
0.30376 0.037599 0.17512
0.30662 0.037604 0.18955
0.32372 0.037591 0.16915
0.30756 0.03761 0.21899
0.328 0.037601 0.20485
0.32655 0.037607 0.21301
0.29886 0.037613 0.23969
0.30552 0.03762 0.25013
0.3154 0.037621 0.25481
0.30447 0.037627 0.26324
0.29878 0.037634 0.28624
0.31398 0.037622 0.26285
0.31952 0.037629 0.28022
0.29867 0.037634 0.30539
0.29817 0.037648 0.31427
0.31501 0.037633 0.30591
0.31525 0.037642 0.31325
0.30232 0.037669 0.33034
0.29249 0.037707 0.35376
0.31446 0.037667 0.33705
0.32062 0.037707 0.35187
0.29687 0.037723 0.35859
0.29078 0.037769 0.3869
0.30748 0.037745 0.36733
0.31378 0.03784 0.38139
0.28844 0.037773 0.40543
0.29571 0.037779 0.41461
0.30372 0.037785 0.4019
0.30678 0.037814 0.41829
0.28753 0.037792 0.4355
0.28056 0.037845 0.45314
0.30667 0.037941 0.43456
0.30833 0.038086 0.44456
0.27602 0.038107 0.48039
0.28992 0.038029 0.46672
0.27907 0.038129 0.49067
0.27385 0.038133 0.50434
0.26801 0.038091 0.5223
0.28472 0.038269 0.50603
0.28143 0.038002 0.54323
0.2901 0.037922 0.56735
0.2789 0.037825 0.58361
0.30586 0.037784 0.59878
0.28389 0.037659 0.62117
0.28897 0.037647 0.63384
0.31415 0.037754 0.63203
0.31345 0.037726 0.65853
0.31681 0.037735 0.67272
0.32313 0.037667 0.70293
0.32471 0.037636 0.72139
0.3184 0.03763 0.73279
0.30399 0.037614 0.74162
0.31052 0.03759 0.7611
0.32179 0.037602 0.74875
0.32019 0.037586 0.76616
0.31081 0.037585 0.78075
0.30327 0.037577 0.7941
0.31796 0.037583 0.78504
0.31853 0.037579 0.80122
0.30192 0.037581 0.80734
0.32087 0.037565 0.82808
0.30405 0.037578 0.84224
0.31056 0.03757 0.85955
0.3031 0.037573 0.88287
0.31095 0.03757 0.89061
0.32295 0.037567 0.87206
0.32118 0.037568 0.89701
0.30426 0.03758 0.91327
0.3137 0.037561 0.92924
0.33049 0.037567 0.90617
0.32148 0.037563 0.92302
0.30537 0.037527 0.94557
0.32376 0.037533 0.94282
0.34062 0.037581 0.040626
0.33966 0.037583 0.055585
0.36475 0.037575 0.040744
0.35391 0.037579 0.051318
0.34009 0.037583 0.073206
0.33958 0.037586 0.085474
0.35544 0.037581 0.083322
0.34161 0.037582 0.10395
0.33635 0.037584 0.12114
0.3568 0.037575 0.12012
0.33907 0.037581 0.1378
0.34315 0.037585 0.15
0.35565 0.037577 0.13955
0.3623 0.03758 0.14793
0.34347 0.037587 0.16762
0.34337 0.037587 0.1784
0.35075 0.037587 0.16329
0.35563 0.03759 0.17806
0.3357 0.037601 0.19798
0.33393 0.037615 0.21817
0.35142 0.037604 0.19698
0.34103 0.037616 0.23095
0.33619 0.037626 0.25425
0.3515 0.03762 0.23325
0.35829 0.037643 0.24864
0.34177 0.037606 0.27065
0.33934 0.03761 0.28109
0.35643 0.037636 0.2672
0.34915 0.037604 0.27595
0.33265 0.037636 0.29608
0.33382 0.03768 0.31915
0.3489 0.03763 0.29538
0.34457 0.037668 0.31892
0.33826 0.037701 0.3264
0.32884 0.037702 0.3457
0.34367 0.037745 0.33583
0.35446 0.038181 0.36254
0.34595 0.037996 0.37695
0.32138 0.037845 0.40055
0.31826 0.037846 0.41897
0.33266 0.037852 0.39161
0.31869 0.038113 0.43536
0.32807 0.038005 0.43027
0.29827 0.038171 0.46694
0.29366 0.038292 0.4926
0.30603 0.038376 0.48427
0.2948 0.038337 0.50441
0.29797 0.038359 0.50482
0.31142 0.038397 0.53569
0.30303 0.037999 0.57203
0.31489 0.038276 0.5495
0.31871 0.038027 0.56977
0.32102 0.037828 0.59257
0.31589 0.03778 0.60984
0.31787 0.037772 0.6176
0.3249 0.037777 0.63543
0.33938 0.037843 0.61646
0.34574 0.037835 0.63272
0.33413 0.037748 0.65946
0.32433 0.037742 0.67324
0.34692 0.037777 0.65545
0.34343 0.037727 0.67071
0.32994 0.037665 0.69849
0.34691 0.037693 0.68274
0.35447 0.037633 0.70526
0.3293 0.037648 0.71532
0.33795 0.037609 0.72802
0.35318 0.037626 0.71671
0.348 0.037598 0.73747
0.33759 0.037595 0.7436
0.33972 0.037579 0.76946
0.35147 0.037575 0.74865
0.35491 0.037575 0.76471
0.35353 0.037586 0.78093
0.3549 0.037567 0.8021
0.34633 0.03756 0.81491
0.33549 0.037558 0.82244
0.35594 0.037554 0.82587
0.34615 0.037565 0.84378
0.34387 0.037561 0.86043
0.36327 0.037557 0.83762
0.36234 0.037554 0.86114
0.33808 0.037565 0.87885
0.34148 0.037562 0.89261
0.35457 0.037556 0.8873
0.34662 0.037562 0.90976
0.33987 0.037536 0.92701
0.35438 0.03756 0.91271
0.35435 0.037533 0.92401
0.34609 0.037492 0.93828
0.33772 0.033349 0.9584
0.36111 0.037487 0.93804
0.35298 0.033334 0.96259
0.37171 0.037573 0.0351
0.3816 0.037573 0.055841
0.39047 0.037568 0.040869
0.39203 0.037577 0.070089
0.39637 0.03758 0.09134
0.37181 0.03757 0.10289
0.38281 0.037557 0.11519
0.39596 0.037562 0.10665
0.39065 0.037559 0.11462
0.3707 0.037571 0.14204
0.37168 0.037585 0.15517
0.39562 0.037564 0.13519
0.37811 0.037588 0.16492
0.37245 0.037594 0.17695
0.39293 0.037609 0.1871
0.37291 0.03761 0.19531
0.37584 0.037615 0.21168
0.38785 0.037609 0.20016
0.38742 0.037613 0.20978
0.37072 0.037622 0.23634
0.36805 0.037645 0.24806
0.39437 0.037634 0.22778
0.3907 0.037665 0.25071
0.36669 0.037657 0.26333
0.3657 0.037662 0.28594
0.39026 0.037674 0.26738
0.37846 0.037692 0.28239
0.37147 0.037685 0.30836
0.38486 0.037723 0.29502
0.38341 0.037735 0.30468
0.36011 0.037701 0.32543
0.36491 0.038023 0.34711
0.35786 0.038239 0.36912
0.3755 0.038182 0.35481
0.35636 0.038059 0.38504
0.3634 0.038146 0.3814
0.35728 0.037933 0.39771
0.33897 0.038102 0.43408
0.3337 0.038324 0.44516
0.34996 0.037918 0.42179
0.33614 0.038328 0.44883
0.31901 0.038612 0.46287
0.32066 0.038481 0.48036
0.30779 0.038644 0.51321
0.32322 0.038321 0.54288
0.31562 0.038723 0.50939
0.32815 0.03832 0.54425
0.33463 0.038163 0.56259
0.33519 0.038039 0.5751
0.34128 0.037948 0.59341
0.34551 0.037885 0.61099
0.35478 0.03799 0.58751
0.36598 0.038055 0.6134
0.3517 0.03786 0.62992
0.35272 0.037841 0.63843
0.36477 0.037912 0.63021
0.37158 0.037894 0.64148
0.35449 0.037775 0.65709
0.3592 0.03771 0.6771
0.38206 0.037849 0.65677
0.38492 0.037769 0.66735
0.36106 0.037663 0.68834
0.37758 0.037722 0.68129
0.38462 0.037682 0.70209
0.3782 0.037612 0.73385
0.3932 0.037658 0.71501
0.38739 0.037609 0.73444
0.37615 0.03757 0.75387
0.36746 0.037571 0.75982
0.38414 0.037581 0.75061
0.38031 0.037566 0.78205
0.37789 0.037555 0.79992
0.38694 0.037573 0.77709
0.37735 0.037555 0.80959
0.37098 0.037551 0.83091
0.37416 0.037552 0.83875
0.37277 0.037546 0.85611
0.38843 0.037546 0.83892
0.38979 0.037542 0.86374
0.37529 0.037553 0.87574
0.37085 0.037551 0.89489
0.39272 0.037542 0.89823
0.37482 0.037551 0.90943
0.38169 0.037517 0.92824
0.38821 0.037546 0.90879
0.39533 0.037508 0.93081
0.37881 0.037484 0.94154
0.37284 0.033585 0.954
0.39183 0.037483 0.94226
0.39796 0.03348 0.9548
0.41538 0.037569 0.036636
0.42091 0.037568 0.04139
0.42242 0.037576 0.064188
0.4066 0.037583 0.079876
0.42793 0.037575 0.073205
0.43512 0.037641 0.0954
0.41832 0.037559 0.10578
0.40812 0.037548 0.11548
0.42623 0.037611 0.10456
0.42751 0.037629 0.12119
0.4138 0.037567 0.13881
0.4073 0.037589 0.15509
0.42873 0.037589 0.14427
0.41035 0.037587 0.16368
0.40814 0.037601 0.18421
0.42127 0.037581 0.16917
0.42317 0.03758 0.17586
0.41136 0.037636 0.21883
0.42409 0.037592 0.19897
0.42906 0.037591 0.20591
0.39766 0.037637 0.23307
0.40838 0.037693 0.25024
0.42809 0.037644 0.22376
0.40643 0.037693 0.26512
0.40215 0.037695 0.27391
0.4247 0.037749 0.27636
0.40692 0.037737 0.29472
0.39755 0.037774 0.30718
0.42121 0.037757 0.28394
0.41554 0.037756 0.29968
0.39653 0.03782 0.32473
0.39872 0.037892 0.33795
0.41679 0.037854 0.31711
0.40629 0.037939 0.34052
0.38244 0.038255 0.36417
0.41142 0.03801 0.34649
0.37226 0.038231 0.37776
0.36846 0.037954 0.39828
0.39436 0.038123 0.37504
0.38541 0.037971 0.38833
0.36785 0.037837 0.41882
0.35992 0.037891 0.43691
0.38122 0.037923 0.40038
0.34229 0.038245 0.45661
0.32486 0.038334 0.4804
0.35747 0.037601 0.45129
0.32898 0.038053 0.49211
0.32468 0.038379 0.50085
0.33199 0.038438 0.53369
0.32972 0.037776 0.50758
0.34937 0.038305 0.54293
0.36014 0.038023 0.56381
0.37721 0.038011 0.57655
0.37397 0.038232 0.60786
0.3981 0.038206 0.62448
0.38198 0.038079 0.62962
0.39161 0.03792 0.64973
0.40133 0.038034 0.63477
0.39513 0.037826 0.65874
0.40274 0.037738 0.67012
0.41031 0.037813 0.65696
0.42143 0.037719 0.66689
0.39575 0.037709 0.68846
0.40339 0.037674 0.69662
0.42441 0.037714 0.68531
0.42606 0.037647 0.70011
0.41042 0.03763 0.71664
0.40518 0.037603 0.72882
0.42414 0.037582 0.72583
0.40517 0.037565 0.75916
0.42394 0.037559 0.74665
0.41845 0.037566 0.762
0.41014 0.037555 0.77864
0.4023 0.037542 0.79824
0.42771 0.037538 0.77942
0.43087 0.037529 0.79488
0.41474 0.037526 0.81579
0.43189 0.037527 0.80764
0.41932 0.037523 0.82413
0.40517 0.037538 0.83914
0.42451 0.037527 0.86042
0.41308 0.037534 0.87963
0.40863 0.037535 0.89734
0.428 0.037527 0.87988
0.42273 0.037526 0.88866
0.41029 0.037537 0.90741
0.40848 0.037507 0.92997
0.42768 0.037507 0.92746
0.40316 0.037476 0.94488
0.4188 0.037489 0.93792
0.4284 0.033336 0.96117
0.43853 0.037569 0.041629
0.44435 0.037568 0.062036
0.45709 0.037567 0.045305
0.43924 0.037566 0.072355
0.44112 0.037652 0.094503
0.46373 0.037556 0.081817
0.45755 0.03773 0.099877
0.44201 0.037898 0.11662
0.46004 0.037793 0.10595
0.44777 0.037837 0.12824
0.44006 0.037581 0.14535
0.45397 0.03784 0.12909
0.4624 0.03757 0.14662
0.44677 0.037529 0.1593
0.44303 0.037575 0.18113
0.4604 0.037542 0.16751
0.45802 0.037579 0.18451
0.44562 0.03758 0.19583
0.43996 0.037591 0.20753
0.4529 0.037615 0.21463
0.43632 0.037652 0.22774
0.43236 0.03769 0.24183
0.45026 0.037649 0.22619
0.43459 0.037726 0.25202
0.43415 0.037729 0.2668
0.45566 0.037738 0.26075
0.45892 0.037798 0.27259
0.43158 0.037784 0.28186
0.44643 0.037842 0.2907
0.4532 0.037939 0.30358
0.43025 0.037892 0.31575
0.42658 0.037912 0.33077
0.44954 0.037977 0.31079
0.44444 0.037947 0.32332
0.42662 0.038008 0.34192
0.41792 0.038102 0.36122
0.45018 0.038094 0.33868
0.44231 0.038196 0.35158
0.43492 0.038286 0.36844
0.3903 0.037329 0.40088
0.38564 0.037069 0.42207
0.42147 0.036876 0.38151
0.40544 0.035194 0.40359
0.36678 0.036814 0.44386
0.34487 0.036112 0.47716
0.35533 0.03426 0.49184
0.33834 0.036294 0.51854
0.35653 0.037411 0.54374
0.34909 0.035592 0.52787
0.38865 0.035622 0.56383
0.39033 0.036977 0.58378
0.40127 0.037362 0.59921
0.39805 0.03621 0.58714
0.40934 0.037032 0.60141
0.40942 0.03836 0.61408
0.41849 0.037971 0.60955
0.42832 0.03794 0.62873
0.4212 0.037921 0.64432
0.44341 0.038051 0.63192
0.45256 0.037929 0.64144
0.43165 0.037727 0.66059
0.43107 0.037728 0.66976
0.45121 0.037768 0.65843
0.44953 0.03776 0.66675
0.43368 0.037681 0.6875
0.44263 0.037627 0.70034
0.46308 0.037569 0.69723
0.4398 0.037587 0.71525
0.44523 0.037562 0.73092
0.4549 0.037568 0.71269
0.45941 0.037539 0.73234
0.44801 0.037543 0.74152
0.43636 0.037544 0.76223
0.46074 0.037509 0.74566
0.45699 0.037522 0.76202
0.44077 0.037533 0.77653
0.44216 0.037526 0.79766
0.45511 0.037515 0.77965
0.46583 0.037519 0.79794
0.44386 0.037509 0.82064
0.45508 0.037504 0.81435
0.45486 0.037507 0.82367
0.44529 0.037524 0.8369
0.43809 0.037524 0.8602
0.46387 0.037516 0.83703
0.44028 0.037527 0.87026
0.44076 0.037522 0.89028
0.45329 0.037518 0.88056
0.46077 0.037518 0.89401
0.44719 0.037527 0.91358
0.44713 0.037505 0.92567
0.46035 0.037522 0.91417
0.45595 0.037492 0.93002
0.44424 0.037464 0.94698
0.46412 0.037459 0.94328
0.45998 0.033334 0.96319
0.39882 0.037808 0.43826
0.37264 0.038245 0.47089
0.37506 0.038254 0.53164
0.37922 0.036248 0.50627
0.48109 0.03756 0.04608
0.47748 0.037562 0.064692
0.49562 0.037555 0.038977
0.48749 0.03756 0.062463
0.46958 0.037558 0.081785
0.47187 0.037609 0.094122
0.49131 0.037557 0.073273
0.48965 0.037559 0.093394
0.47723 0.037612 0.10968
0.47111 0.037717 0.11503
0.48285 0.037556 0.10434
0.49276 0.037555 0.12242
0.4706 0.037684 0.12978
0.49103 0.037586 0.146
0.46921 0.03756 0.16377
0.47682 0.037583 0.17787
0.48631 0.037594 0.16139
0.47811 0.037598 0.19383
0.47488 0.037616 0.21036
0.48989 0.037599 0.19166
0.49007 0.03761 0.20827
0.47163 0.037665 0.23136
0.47796 0.03768 0.23696
0.48719 0.037658 0.22382
0.49303 0.03767 0.23583
0.4664 0.037745 0.26099
0.47908 0.037762 0.26474
0.49273 0.037741 0.25992
0.49745 0.037812 0.27329
0.47036 0.037889 0.28853
0.47344 0.037971 0.29666
0.4853 0.037982 0.29725
0.46604 0.038083 0.31308
0.46977 0.038321 0.32533
0.48559 0.038143 0.31407
0.48874 0.038368 0.3249
0.46709 0.038418 0.33423
0.47005 0.038623 0.34101
0.48914 0.038827 0.34197
0.45531 0.038243 0.36213
0.47748 0.038582 0.34861
0.47869 0.037849 0.35279
0.43738 0.036174 0.38036
0.43373 0.034621 0.39142
0.46471 0.035625 0.36552
0.46475 0.034331 0.37207
0.42041 0.033585 0.4173
0.4407 0.033361 0.49961
0.39504 0.033432 0.51857
0.40327 0.034325 0.57732
0.44605 0.033743 0.59878
0.44004 0.035428 0.60654
0.48079 0.034051 0.58828
0.49321 0.035412 0.60109
0.44333 0.037473 0.6138
0.45948 0.038127 0.62021
0.48993 0.037016 0.61036
0.50037 0.037821 0.61852
0.4633 0.038148 0.62752
0.4664 0.037864 0.64531
0.48356 0.038006 0.62721
0.49702 0.037868 0.63868
0.46413 0.037814 0.65038
0.46687 0.037695 0.66534
0.4982 0.037667 0.64847
0.47496 0.037647 0.67493
0.47311 0.037554 0.70097
0.48544 0.037572 0.67815
0.49265 0.037525 0.69196
0.47833 0.037521 0.71992
0.49292 0.037526 0.70321
0.49441 0.037503 0.72337
0.47861 0.037494 0.74135
0.48001 0.037497 0.75492
0.49564 0.037471 0.74278
0.49716 0.037487 0.75485
0.4817 0.037519 0.7683
0.47254 0.037513 0.79109
0.49331 0.037511 0.79687
0.48042 0.037498 0.82647
0.49536 0.0375 0.80782
0.49315 0.037495 0.82906
0.47841 0.037507 0.8411
0.48047 0.037503 0.85776
0.48731 0.037499 0.85492
0.47724 0.037515 0.87375
0.47449 0.03751 0.88492
0.49512 0.03751 0.87906
0.47021 0.037491 0.92685
0.49189 0.037516 0.90797
0.487 0.037475 0.92917
0.47675 0.037447 0.94406
0.47669 0.033968 0.95229
0.48801 0.037452 0.9377
0.46532 0.033966 0.42709
0.4029 0.034148 0.50541
0.43623 0.033865 0.51399
0.46161 0.033966 0.56133
0.46045 0.036266 0.39014
0.46911 0.0371 0.38205
0.40946 0.036094 0.43422
0.38868 0.03525 0.46794
0.41163 0.03713 0.42216
0.39363 0.036567 0.44996
0.46886 0.034909 0.4112
0.42781 0.034067 0.45217
0.46787 0.036102 0.38998
0.43506 0.033783 0.49525
0.41202 0.034346 0.53608
0.37138 0.038313 0.52931
0.42249 0.037178 0.58479
0.48197 0.033943 0.55202
0.4489 0.035764 0.58354
0.44324 0.033886 0.54102
0.43384 0.036352 0.59037
0.42538 0.036986 0.58961
0.47088 0.03695 0.38354
0.42991 0.036557 0.41756
0.40933 0.034863 0.47488
0.44578 0.035835 0.41558
0.3948 0.035167 0.48305
0.45106 0.037652 0.39395
0.43015 0.034351 0.48013
0.45835 0.035114 0.41921
0.45499 0.034757 0.46087
0.38874 0.036602 0.53686
0.40633 0.036757 0.55605
0.38248 0.036044 0.50149
0.4269 0.034892 0.55742
0.42314 0.034253 0.5121
0.47289 0.034271 0.56036
0.4513 0.03411 0.50513
0.43705 0.034528 0.56227
0.42633 0.036938 0.58884
0.47609 0.037441 0.57748
0.44651 0.034484 0.44338
0.46042 0.034572 0.52858
0.50739 0.037551 0.04547
0.52568 0.037545 0.047454
0.52465 0.037547 0.057194
0.50629 0.037552 0.071663
0.50615 0.037557 0.088371
0.52994 0.037546 0.067652
0.52373 0.037551 0.088385
0.50095 0.037549 0.10595
0.51126 0.037551 0.11564
0.5276 0.037542 0.10792
0.52266 0.037543 0.11433
0.51495 0.037566 0.13577
0.51303 0.037574 0.1461
0.5193 0.037561 0.13452
0.52154 0.03758 0.15654
0.51109 0.037584 0.16181
0.51629 0.037573 0.17619
0.53061 0.03756 0.1731
0.52043 0.037571 0.17709
0.51627 0.037589 0.20014
0.50337 0.037595 0.20641
0.53012 0.037573 0.19653
0.53308 0.037565 0.20854
0.51383 0.037654 0.22876
0.5121 0.037689 0.24187
0.52635 0.037639 0.23098
0.52265 0.037688 0.24467
0.50561 0.03778 0.27099
0.52744 0.037701 0.25957
0.52366 0.037712 0.26622
0.50608 0.037831 0.28287
0.51542 0.037883 0.29832
0.53311 0.03778 0.28408
0.53552 0.03786 0.30119
0.50418 0.038041 0.3116
0.53621 0.037976 0.31582
0.53893 0.038005 0.323
0.49778 0.038723 0.34024
0.52534 0.038324 0.33155
0.53823 0.038285 0.35253
0.50386 0.038281 0.34628
0.50575 0.037887 0.34873
0.53974 0.037738 0.37886
0.52226 0.035707 0.36638
0.51285 0.03451 0.37184
0.53274 0.035798 0.38896
0.51114 0.034428 0.42721
0.48973 0.033417 0.44079
0.50092 0.033799 0.4514
0.50878 0.033438 0.4783
0.47288 0.033381 0.52704
0.51844 0.033618 0.58739
0.55389 0.033419 0.54688
0.57134 0.034214 0.58934
0.50431 0.035976 0.60637
0.54263 0.035629 0.59979
0.54008 0.036805 0.60813
0.52702 0.037525 0.61623
0.50722 0.038008 0.63278
0.52299 0.038008 0.62234
0.53257 0.03788 0.63403
0.50814 0.037705 0.64543
0.51479 0.037551 0.65729
0.52994 0.037603 0.65135
0.53401 0.037594 0.66037
0.50998 0.037566 0.67517
0.50422 0.037526 0.68914
0.52294 0.037601 0.6717
0.53392 0.03755 0.68769
0.50375 0.0375 0.71353
0.50996 0.037494 0.72723
0.52081 0.037495 0.72809
0.50868 0.037466 0.74105
0.5098 0.037472 0.75242
0.52776 0.037489 0.73376
0.52105 0.037473 0.75378
0.51594 0.037499 0.7678
0.50642 0.037501 0.79057
0.52795 0.03749 0.77838
0.5323 0.037497 0.79116
0.50774 0.037494 0.80837
0.51301 0.037481 0.81796
0.52459 0.037484 0.81249
0.52499 0.037486 0.82232
0.51165 0.037496 0.85197
0.53231 0.0375 0.85897
0.50994 0.037513 0.87618
0.51539 0.037509 0.89073
0.53101 0.037511 0.87526
0.5317 0.037508 0.8933
0.50233 0.037514 0.91382
0.52088 0.037516 0.91041
0.50469 0.034181 0.95177
0.52802 0.037394 0.94428
0.52592 0.033352 0.95789
0.47029 0.034054 0.50624
0.50133 0.033819 0.5495
0.48665 0.034543 0.40416
0.48412 0.033987 0.48126
0.52041 0.037221 0.40795
0.46684 0.033907 0.44435
0.52412 0.035218 0.5162
0.49088 0.037073 0.45237
0.54684 0.036704 0.51508
0.50449 0.033818 0.52799
0.49454 0.03499 0.57146
0.53615 0.034225 0.55252
0.52429 0.036928 0.5791
0.55668 0.034484 0.5443
0.55454 0.036056 0.58459
0.58258 0.038027 0.54333
0.57883 0.038266 0.56971
0.51159 0.036453 0.58573
0.5159 0.036884 0.39643
0.51682 0.035984 0.403
0.46098 0.033933 0.48366
0.48856 0.034904 0.42624
0.48283 0.034765 0.46269
0.49013 0.037326 0.4522
0.51848 0.035521 0.49717
0.49608 0.034916 0.48549
0.51993 0.03428 0.53372
0.51038 0.03629 0.56377
0.48916 0.034572 0.51397
0.50524 0.034936 0.55765
0.57599 0.037601 0.55146
0.56862 0.036961 0.57651
0.5496 0.03575 0.52716
0.46887 0.034421 0.45345
0.47828 0.034491 0.46711
0.49972 0.034602 0.52072
0.54143 0.037543 0.054401
0.56395 0.037535 0.036689
0.55962 0.037538 0.063426
0.5435 0.037543 0.092911
0.55555 0.037539 0.071654
0.55626 0.037541 0.088966
0.54378 0.037535 0.1088
0.54843 0.037543 0.12451
0.5536 0.037531 0.10822
0.5538 0.03754 0.12482
0.54455 0.037544 0.13466
0.56462 0.037536 0.13662
0.5575 0.037542 0.14769
0.54827 0.037545 0.171
0.56714 0.037535 0.16961
0.55037 0.03754 0.20046
0.54272 0.037568 0.21549
0.56835 0.037535 0.19893
0.56322 0.037562 0.22111
0.54756 0.037587 0.22712
0.55844 0.037575 0.22666
0.57041 0.037625 0.25399
0.54818 0.037658 0.26328
0.56881 0.03764 0.26908
0.56722 0.03766 0.2762
0.54637 0.037813 0.29977
0.57081 0.037699 0.29401
0.5664 0.037726 0.30386
0.55434 0.037908 0.31769
0.5526 0.037973 0.33438
0.56634 0.037762 0.32824
0.56873 0.03774 0.34583
0.54453 0.038114 0.33751
0.54938 0.038064 0.36828
0.56176 0.037846 0.35633
0.53763 0.037874 0.39118
0.53827 0.037566 0.40678
0.53508 0.037382 0.41155
0.51753 0.035165 0.43391
0.53737 0.036842 0.43502
0.52392 0.034093 0.46276
0.54542 0.033975 0.49567
0.57421 0.033921 0.52429
0.60192 0.036185 0.53448
0.60672 0.036718 0.56125
0.59052 0.035864 0.5911
0.56557 0.037322 0.60034
0.60045 0.036799 0.58658
0.60426 0.037409 0.5949
0.57067 0.0377 0.60424
0.59984 0.037722 0.61109
0.57853 0.037869 0.61648
0.55886 0.037751 0.62336
0.54114 0.037829 0.63475
0.57789 0.03772 0.64016
0.54847 0.037744 0.64785
0.54835 0.037648 0.66593
0.57132 0.037691 0.64493
0.54092 0.037617 0.67264
0.54904 0.037569 0.69521
0.56456 0.037615 0.67659
0.55584 0.037573 0.69592
0.53745 0.037525 0.71091
0.53982 0.037514 0.72647
0.55963 0.037566 0.70434
0.54055 0.037488 0.73815
0.55364 0.037474 0.74698
0.56385 0.037485 0.76141
0.53931 0.03749 0.76869
0.54308 0.037499 0.79271
0.56436 0.037479 0.77986
0.56403 0.037506 0.7969
0.54816 0.037509 0.80409
0.54291 0.037494 0.82883
0.55475 0.037507 0.80656
0.55563 0.037494 0.82525
0.53995 0.037494 0.84742
0.5534 0.037496 0.84604
0.56028 0.037502 0.86153
0.54163 0.037505 0.886
0.55648 0.037505 0.88037
0.56427 0.037507 0.88798
0.54674 0.037513 0.90789
0.53718 0.03746 0.92854
0.55899 0.037516 0.91121
0.55513 0.037467 0.92815
0.54378 0.03741 0.94348
0.5478 0.033339 0.95978
0.56317 0.037427 0.94065
0.55414 0.033798 0.95278
0.55091 0.036502 0.51791
0.56078 0.036745 0.52384
0.57672 0.037533 0.045114
0.58722 0.037531 0.040683
0.59541 0.03753 0.063073
0.5728 0.037532 0.095508
0.58961 0.03753 0.07347
0.59622 0.037528 0.094734
0.57212 0.037525 0.11109
0.57707 0.037533 0.12589
0.59494 0.037524 0.10557
0.58762 0.037524 0.11719
0.58325 0.03753 0.14391
0.6001 0.037525 0.13708
0.59474 0.037532 0.15464
0.58123 0.037522 0.17368
0.57429 0.03753 0.18333
0.59006 0.037516 0.17644
0.60035 0.037513 0.1835
0.57545 0.037549 0.21724
0.59543 0.037527 0.20935
0.58014 0.037571 0.23673
0.57928 0.037608 0.25421
0.60484 0.037543 0.23433
0.5959 0.03757 0.25442
0.58595 0.037607 0.26118
0.59525 0.037579 0.26889
0.59702 0.037592 0.28648
0.57637 0.037673 0.29422
0.58176 0.037643 0.31077
0.59677 0.0376 0.30715
0.59281 0.037597 0.31661
0.5779 0.037658 0.3332
0.59453 0.037528 0.34701
0.59316 0.037501 0.3613
0.57086 0.03765 0.36637
0.55957 0.037433 0.39861
0.5777 0.037472 0.38571
0.55161 0.037103 0.4178
0.55004 0.037118 0.43245
0.57393 0.037445 0.41786
0.54361 0.037321 0.44395
0.54049 0.037399 0.46333
0.54601 0.037465 0.45244
0.54588 0.037278 0.46169
0.55167 0.036685 0.49052
0.57066 0.037525 0.50663
0.55285 0.036999 0.48035
0.57378 0.037643 0.50455
0.60488 0.03752 0.52839
0.61428 0.038109 0.54604
0.60134 0.037555 0.51972
0.61926 0.038218 0.54934
0.61398 0.037787 0.56127
0.60577 0.037657 0.59984
0.6222 0.038127 0.55998
0.62067 0.037892 0.58393
0.61219 0.037981 0.61256
0.61918 0.038027 0.60819
0.62086 0.038093 0.62808
0.60132 0.037937 0.63545
0.59359 0.037794 0.64139
0.6205 0.038184 0.64769
0.58463 0.037662 0.65161
0.5782 0.037598 0.66878
0.61877 0.037974 0.65907
0.60066 0.037646 0.66916
0.58231 0.037598 0.67845
0.59302 0.037614 0.67664
0.59077 0.0376 0.69174
0.57171 0.037528 0.72316
0.59128 0.037539 0.72192
0.57266 0.037507 0.73535
0.59692 0.037482 0.74734
0.59218 0.037489 0.76318
0.57102 0.037485 0.78727
0.59158 0.037503 0.7971
0.5785 0.03751 0.8006
0.57687 0.037493 0.81804
0.59016 0.037498 0.814
0.5778 0.037501 0.84298
0.59664 0.037506 0.84427
0.57326 0.037508 0.87093
0.59625 0.037515 0.89434
0.57346 0.037517 0.90981
0.5925 0.037519 0.90816
0.57365 0.037411 0.9467
0.57681 0.034129 0.95196
0.59101 0.037441 0.94213
0.58569 0.033334 0.96319
0.61095 0.037529 0.045363
0.61335 0.037528 0.062263
0.63129 0.037528 0.042662
0.63325 0.037528 0.053862
0.61682 0.037526 0.075738
0.60509 0.037529 0.087836
0.63363 0.037524 0.080233
0.62866 0.037527 0.086495
0.61263 0.037522 0.11196
0.61136 0.037524 0.12788
0.62421 0.037522 0.10544
0.63071 0.037519 0.12513
0.60558 0.037524 0.13248
0.61738 0.037518 0.16086
0.63072 0.037515 0.13546
0.63166 0.037511 0.15032
0.61043 0.037511 0.17261
0.61776 0.037506 0.18563
0.63068 0.037508 0.1683
0.61719 0.037506 0.20745
0.61159 0.037529 0.22542
0.62667 0.037498 0.21184
0.62755 0.037506 0.22475
0.60987 0.037512 0.24973
0.62699 0.037489 0.24381
0.62957 0.037488 0.25496
0.62992 0.037485 0.28109
0.60906 0.037519 0.32362
0.62228 0.037503 0.30761
0.62432 0.037448 0.34221
0.61693 0.037446 0.34935
0.61285 0.037354 0.37917
0.5892 0.037418 0.3858
0.58346 0.037516 0.41077
0.60162 0.037338 0.38647
0.59541 0.037575 0.40999
0.56602 0.037204 0.44019
0.58082 0.037153 0.43773
0.56529 0.036983 0.45226
0.56243 0.036847 0.47525
0.57472 0.036906 0.45859
0.57936 0.036938 0.46231
0.58472 0.037245 0.49672
0.58957 0.037096 0.48214
0.60481 0.037255 0.4993
0.61156 0.037584 0.51309
0.62526 0.038222 0.54191
0.62184 0.037547 0.50966
0.63107 0.037903 0.53299
0.63352 0.038165 0.55485
0.63604 0.037977 0.57943
0.64297 0.038035 0.55411
0.64244 0.038003 0.57391
0.63507 0.037955 0.59678
0.64498 0.037941 0.6057
0.63258 0.038201 0.64129
0.64776 0.037947 0.64125
0.62677 0.0382 0.65886
0.61572 0.0378 0.67057
0.63544 0.037827 0.67783
0.63638 0.037695 0.68596
0.60783 0.037603 0.70442
0.60593 0.037541 0.72194
0.62775 0.03753 0.72534
0.61046 0.037507 0.74089
0.60523 0.037481 0.75373
0.62495 0.037497 0.74429
0.62482 0.037484 0.75223
0.60929 0.037484 0.77944
0.61064 0.037486 0.78575
0.62601 0.037486 0.77943
0.6284 0.037488 0.78655
0.60329 0.037511 0.80217
0.60634 0.037509 0.83104
0.62864 0.037511 0.80528
0.63256 0.037514 0.82827
0.607 0.037513 0.83826
0.60252 0.037505 0.85291
0.62511 0.037518 0.84254
0.62284 0.037511 0.85648
0.60979 0.037513 0.86991
0.60472 0.037515 0.89044
0.61897 0.037517 0.8785
0.62891 0.03752 0.88832
0.60748 0.037521 0.90912
0.60828 0.0375 0.92647
0.61991 0.037503 0.92792
0.61007 0.037469 0.94511
0.62199 0.037485 0.93776
0.6281 0.033334 0.96438
0.64047 0.037527 0.047008
0.65536 0.037527 0.038386
0.6574 0.037524 0.064127
0.64791 0.037522 0.079659
0.64188 0.037521 0.096311
0.66513 0.037522 0.074131
0.66803 0.037522 0.085887
0.65758 0.037515 0.11061
0.65037 0.037507 0.16125
0.66028 0.037507 0.14287
0.66175 0.037505 0.16097
0.646 0.037501 0.17042
0.64773 0.037497 0.19452
0.66078 0.03749 0.17796
0.65737 0.037486 0.18514
0.64747 0.037492 0.20166
0.64492 0.037486 0.2189
0.66663 0.03748 0.20502
0.66568 0.037477 0.22162
0.64104 0.037481 0.24233
0.64635 0.037477 0.2636
0.6582 0.037446 0.26832
0.64003 0.037456 0.28243
0.63782 0.037446 0.2999
0.66438 0.037408 0.28276
0.65386 0.037407 0.29396
0.63901 0.037418 0.3215
0.64962 0.037404 0.34244
0.63011 0.037429 0.3501
0.62237 0.037289 0.38222
0.64863 0.037372 0.35314
0.64365 0.03727 0.37793
0.60905 0.037417 0.41242
0.62021 0.037279 0.40781
0.60698 0.0372 0.43772
0.62164 0.037183 0.42685
0.62069 0.037183 0.43702
0.59721 0.037086 0.4556
0.60827 0.03707 0.46797
0.62362 0.037155 0.45366
0.6152 0.037158 0.48594
0.61859 0.03719 0.49228
0.62792 0.037177 0.4843
0.63994 0.037289 0.49771
0.63035 0.037421 0.50637
0.64177 0.037697 0.52558
0.64938 0.037453 0.51111
0.66436 0.037594 0.52766
0.66493 0.037791 0.55259
0.66915 0.03779 0.5704
0.66169 0.037881 0.58299
0.66766 0.0378 0.604
0.68203 0.037777 0.60458
0.66203 0.037766 0.63537
0.67833 0.037755 0.61815
0.66868 0.037752 0.63962
0.65428 0.037917 0.65324
0.67513 0.0377 0.65237
0.65117 0.037554 0.69192
0.65692 0.037714 0.67488
0.65794 0.037574 0.6869
0.64384 0.037467 0.70748
0.64097 0.037502 0.72434
0.65766 0.037458 0.71246
0.66722 0.037484 0.72489
0.64672 0.037498 0.73511
0.64117 0.037487 0.75395
0.66041 0.037495 0.7422
0.65708 0.037483 0.75245
0.63678 0.037489 0.77756
0.64626 0.03749 0.78985
0.65499 0.037489 0.77271
0.65511 0.037496 0.7939
0.64606 0.037506 0.80727
0.64274 0.037514 0.82832
0.66267 0.037512 0.81072
0.66447 0.03752 0.82984
0.64435 0.03752 0.83586
0.64392 0.037519 0.85265
0.65432 0.037526 0.84077
0.65984 0.037526 0.86231
0.64795 0.037525 0.87997
0.64785 0.037525 0.88792
0.65468 0.037527 0.88114
0.6631 0.037531 0.89335
0.64402 0.037531 0.90748
0.63652 0.037497 0.92702
0.66278 0.037534 0.9025
0.65906 0.037525 0.91837
0.63538 0.037459 0.94163
0.64104 0.033649 0.95351
0.65634 0.037445 0.93956
0.66434 0.033491 0.95465
0.68256 0.037524 0.045131
0.68471 0.037524 0.051946
0.70115 0.037523 0.040679
0.69245 0.037523 0.059491
0.70007 0.037522 0.072427
0.69859 0.037521 0.092849
0.67257 0.037518 0.10287
0.6731 0.037514 0.1247
0.6767 0.037507 0.14253
0.67892 0.037505 0.1596
0.6822 0.037492 0.17216
0.69472 0.037485 0.17684
0.68185 0.037467 0.21074
0.67285 0.037472 0.22224
0.69642 0.037455 0.21777
0.68849 0.037453 0.23131
0.67665 0.037437 0.24616
0.68738 0.037418 0.25274
0.69302 0.037415 0.25796
0.67478 0.037381 0.29805
0.69219 0.037381 0.28721
0.68399 0.037373 0.29637
0.66382 0.037372 0.33675
0.68326 0.037347 0.32494
0.68184 0.037344 0.33197
0.66846 0.0373 0.35188
0.65928 0.037265 0.3666
0.67428 0.037268 0.36077
0.66776 0.037229 0.37529
0.64863 0.037184 0.39045
0.64222 0.037139 0.40259
0.66878 0.037199 0.39289
0.66765 0.037194 0.40231
0.64852 0.037138 0.41894
0.64189 0.037166 0.43905
0.66265 0.037188 0.41853
0.67052 0.0372 0.43332
0.64501 0.037159 0.46835
0.6681 0.037187 0.45291
0.65145 0.037213 0.4824
0.66436 0.037272 0.49331
0.6791 0.037261 0.47933
0.68547 0.037353 0.49746
0.66424 0.037475 0.51256
0.67078 0.037578 0.52903
0.68944 0.037489 0.52064
0.67493 0.037617 0.5385
0.6859 0.03765 0.56573
0.69173 0.037538 0.53689
0.70304 0.037596 0.56631
0.69128 0.03774 0.60669
0.70236 0.037622 0.57806
0.71561 0.037653 0.60215
0.69937 0.03768 0.61237
0.70934 0.03765 0.62003
0.7099 0.037623 0.63562
0.68735 0.037644 0.6527
0.68491 0.037618 0.66045
0.70241 0.037623 0.64487
0.70114 0.037581 0.6596
0.67677 0.037509 0.6937
0.69424 0.037505 0.68776
0.6824 0.037504 0.71165
0.67309 0.03749 0.72323
0.68891 0.037509 0.70314
0.67856 0.037497 0.74765
0.67176 0.037495 0.76318
0.69466 0.037506 0.7396
0.69839 0.037509 0.76138
0.67497 0.0375 0.77179
0.6771 0.037503 0.79082
0.69292 0.037511 0.77071
0.687 0.037513 0.79848
0.67277 0.037514 0.80592
0.68624 0.037517 0.80409
0.68827 0.037525 0.82711
0.68029 0.037528 0.84815
0.69408 0.037532 0.83786
0.68714 0.037534 0.86471
0.68017 0.037534 0.87083
0.69062 0.037537 0.86983
0.69109 0.03754 0.89404
0.6787 0.03754 0.90806
0.66942 0.037479 0.93034
0.68932 0.037483 0.92958
0.6803 0.037428 0.94226
0.68165 0.033334 0.9634
0.69544 0.033359 0.95757
0.71091 0.037524 0.037472
0.7099 0.037524 0.055105
0.72648 0.037525 0.042684
0.72907 0.037524 0.061294
0.71258 0.037521 0.077
0.72997 0.037521 0.076437
0.71286 0.037515 0.10247
0.70939 0.037509 0.12826
0.72783 0.037508 0.11399
0.7316 0.037506 0.12953
0.70714 0.037497 0.1604
0.73358 0.037501 0.14928
0.73125 0.037497 0.16196
0.70763 0.037483 0.17928
0.70536 0.037473 0.19698
0.72332 0.03749 0.17127
0.73205 0.03748 0.19023
0.70716 0.037465 0.2047
0.70624 0.037451 0.22445
0.7217 0.037458 0.21326
0.71194 0.037424 0.25235
0.7298 0.037411 0.25935
0.71307 0.037392 0.27676
0.71033 0.037371 0.29881
0.69611 0.037361 0.31656
0.70047 0.037328 0.33954
0.72278 0.03735 0.31651
0.70828 0.037322 0.34042
0.70075 0.03731 0.34628
0.69642 0.037258 0.3698
0.71317 0.037316 0.34626
0.7158 0.037292 0.36813
0.69531 0.03722 0.38841
0.68185 0.037215 0.40023
0.70635 0.037254 0.38021
0.69951 0.037222 0.40309
0.68595 0.037215 0.42152
0.71092 0.037275 0.41065
0.69989 0.037243 0.42812
0.6903 0.037208 0.44184
0.68406 0.037228 0.46527
0.70852 0.037291 0.44667
0.70524 0.037287 0.46167
0.69307 0.037253 0.47286
0.69666 0.037305 0.49049
0.70077 0.037273 0.47061
0.71138 0.037351 0.49177
0.71207 0.037392 0.50739
0.72085 0.037425 0.52059
0.70995 0.037519 0.54601
0.72707 0.037466 0.54449
0.73568 0.037485 0.56603
0.73101 0.037738 0.60436
0.73813 0.037495 0.58037
0.73605 0.037619 0.5928
0.72531 0.037671 0.62999
0.73747 0.037901 0.61136
0.74079 0.037807 0.62827
0.72054 0.037585 0.64853
0.72377 0.037561 0.65515
0.73358 0.0376 0.64231
0.73363 0.037558 0.66237
0.71746 0.037518 0.68295
0.71237 0.037516 0.69174
0.72919 0.037547 0.6744
0.73157 0.037529 0.68889
0.71809 0.037516 0.71119
0.70565 0.037509 0.72411
0.72252 0.037512 0.7205
0.70894 0.037513 0.74077
0.70817 0.037511 0.7552
0.72998 0.037519 0.73882
0.72576 0.037516 0.75777
0.71238 0.037526 0.775
0.70316 0.037519 0.79118
0.72419 0.037528 0.77419
0.71249 0.03753 0.8144
0.70317 0.03753 0.82614
0.72515 0.037533 0.80316
0.71535 0.037539 0.83595
0.7031 0.037538 0.85868
0.72174 0.037541 0.83629
0.71006 0.037545 0.88086
0.70403 0.037542 0.88553
0.7202 0.037548 0.87227
0.73228 0.037555 0.8958
0.70298 0.037548 0.90871
0.71423 0.037544 0.91813
0.73054 0.037557 0.90543
0.70977 0.03334 0.95971
0.73182 0.037449 0.94028
0.74038 0.037527 0.043706
0.74302 0.037526 0.05779
0.76257 0.037526 0.059136
0.75743 0.03752 0.078023
0.75514 0.037518 0.09225
0.76555 0.037515 0.1061
0.75553 0.037511 0.11982
0.74373 0.037502 0.14866
0.73988 0.037501 0.15457
0.75687 0.037506 0.13653
0.76449 0.037494 0.16046
0.74086 0.037489 0.17423
0.74588 0.037472 0.19806
0.75636 0.03748 0.18127
0.75448 0.03747 0.19637
0.74897 0.037458 0.21009
0.74232 0.037436 0.23562
0.75962 0.037443 0.22931
0.74105 0.037418 0.24955
0.7633 0.037432 0.24009
0.74378 0.037386 0.27517
0.73121 0.037369 0.29253
0.75769 0.037388 0.27841
0.73103 0.037341 0.33507
0.74646 0.037355 0.30933
0.74698 0.037347 0.331
0.72703 0.037329 0.34744
0.72368 0.0373 0.37264
0.74583 0.037324 0.3522
0.74902 0.037318 0.3634
0.73255 0.037275 0.38598
0.72734 0.037274 0.39428
0.75083 0.037306 0.38132
0.73975 0.037278 0.39572
0.72409 0.037283 0.40877
0.72217 0.037293 0.43402
0.74545 0.037294 0.41627
0.71917 0.037301 0.44574
0.72095 0.037316 0.46351
0.74284 0.037294 0.44564
0.74698 0.037305 0.45574
0.73256 0.037305 0.46985
0.72552 0.037344 0.48804
0.75124 0.037335 0.47499
0.75068 0.037343 0.48497
0.75206 0.037374 0.5065
0.74909 0.037396 0.52875
0.73826 0.037441 0.54315
0.74203 0.037459 0.56261
0.75411 0.037419 0.53953
0.76386 0.037447 0.55538
0.75183 0.03746 0.5861
0.75626 0.037727 0.60443
0.75955 0.037747 0.60822
0.74614 0.037619 0.64144
0.74608 0.037565 0.65996
0.76289 0.037594 0.64238
0.74901 0.037577 0.67444
0.74566 0.03755 0.69438
0.76573 0.037556 0.68246
0.74868 0.037542 0.71372
0.74513 0.037531 0.73279
0.74449 0.03752 0.75017
0.74138 0.03752 0.75452
0.75967 0.037527 0.75735
0.74621 0.037535 0.77564
0.74505 0.037539 0.79441
0.75489 0.037532 0.771
0.74929 0.037544 0.81454
0.74871 0.037548 0.83223
0.75692 0.037544 0.80572
0.7627 0.037548 0.82394
0.73933 0.037552 0.8594
0.75707 0.037555 0.84746
0.74424 0.037555 0.86888
0.74026 0.037559 0.89771
0.75688 0.03756 0.87811
0.75627 0.037562 0.89295
0.74708 0.037562 0.90209
0.76252 0.037568 0.90917
0.75515 0.037519 0.92882
0.73753 0.03746 0.93921
0.73931 0.033359 0.95765
0.76408 0.033337 0.96069
0.77398 0.037528 0.044133
0.78231 0.037528 0.052812
0.79666 0.03753 0.047709
0.79954 0.037528 0.063866
0.77764 0.037524 0.069346
0.79168 0.037521 0.091467
0.78227 0.037514 0.11523
0.78125 0.037508 0.13107
0.7929 0.037516 0.11176
0.79646 0.037512 0.12626
0.78213 0.0375 0.14613
0.77928 0.037493 0.15971
0.78898 0.037503 0.13893
0.78992 0.037491 0.16435
0.77897 0.037479 0.18024
0.79805 0.03749 0.17076
0.78634 0.03747 0.199
0.77738 0.037462 0.21047
0.77931 0.037446 0.23223
0.79292 0.037462 0.21512
0.78831 0.037449 0.23099
0.77025 0.037432 0.24245
0.7682 0.037406 0.2687
0.78758 0.03744 0.24082
0.78703 0.037426 0.25906
0.78824 0.037412 0.28102
0.76112 0.037361 0.31971
0.76625 0.037358 0.33475
0.79224 0.037385 0.30657
0.7788 0.037353 0.32845
0.76573 0.037345 0.35109
0.76343 0.037334 0.3669
0.77681 0.037343 0.34337
0.77503 0.037333 0.36252
0.76533 0.037324 0.38163
0.76865 0.037315 0.39712
0.78386 0.037337 0.37937
0.78388 0.037334 0.3972
0.76653 0.037313 0.41132
0.76255 0.037312 0.42578
0.77507 0.037322 0.40842
0.78001 0.03733 0.43054
0.76191 0.037318 0.44568
0.77815 0.03733 0.44779
0.7757 0.037325 0.45212
0.7589 0.037337 0.47159
0.76626 0.037346 0.48668
0.77947 0.037343 0.46968
0.78927 0.037375 0.49105
0.77393 0.037369 0.51082
0.78337 0.037375 0.50725
0.79268 0.03741 0.52821
0.76946 0.037448 0.55909
0.78791 0.037409 0.53375
0.79257 0.037438 0.56125
0.77726 0.037452 0.57938
0.77466 0.037485 0.59092
0.79119 0.037445 0.5772
0.78045 0.037471 0.60421
0.78904 0.037467 0.60549
0.77299 0.037596 0.63719
0.77435 0.037565 0.65802
0.79655 0.037549 0.64392
0.79194 0.037548 0.66478
0.77546 0.037552 0.68279
0.77724 0.037546 0.69108
0.79779 0.037542 0.68109
0.79728 0.03754 0.68632
0.78126 0.037535 0.71059
0.77107 0.037538 0.73186
0.78761 0.037537 0.73312
0.77761 0.037541 0.74163
0.78094 0.037538 0.76412
0.79793 0.037543 0.74173
0.79592 0.037553 0.7945
0.7713 0.03755 0.81565
0.77762 0.037555 0.83052
0.78786 0.037554 0.80618
0.79804 0.037561 0.83056
0.77662 0.037561 0.85299
0.78808 0.037561 0.84198
0.77842 0.037567 0.87707
0.77221 0.037567 0.89518
0.79579 0.037574 0.89203
0.7775 0.037527 0.93096
0.79201 0.037577 0.91296
0.78189 0.037481 0.94776
0.773 0.033334 0.96304
0.79134 0.037494 0.94125
0.79651 0.033407 0.95606
0.80406 0.037531 0.046986
0.80467 0.03753 0.054459
0.8298 0.037534 0.047156
0.83221 0.037534 0.052479
0.80394 0.037525 0.077802
0.80541 0.037523 0.093411
0.82884 0.03753 0.073593
0.82174 0.037525 0.090546
0.8105 0.037521 0.10591
0.8091 0.037516 0.12408
0.82066 0.037521 0.10887
0.82751 0.037516 0.12636
0.82738 0.03751 0.14172
0.81937 0.037494 0.17639
0.81906 0.037489 0.1884
0.80923 0.037472 0.20968
0.80193 0.037459 0.22563
0.82997 0.037474 0.21535
0.82611 0.037466 0.22555
0.80237 0.037448 0.24145
0.80472 0.037437 0.26207
0.82648 0.037443 0.2614
0.81143 0.037423 0.28514
0.80592 0.037417 0.29426
0.8274 0.037428 0.28146
0.81951 0.037413 0.29744
0.80902 0.037397 0.30705
0.80212 0.037373 0.32348
0.82071 0.037401 0.30803
0.81215 0.037372 0.33219
0.79788 0.037357 0.34796
0.80231 0.037356 0.35728
0.81235 0.037363 0.34975
0.79575 0.037346 0.38151
0.79405 0.037345 0.39953
0.82055 0.037352 0.38068
0.79423 0.037348 0.41142
0.79484 0.037353 0.4292
0.8137 0.037345 0.42386
0.79563 0.037356 0.44272
0.80578 0.037346 0.45397
0.82097 0.037353 0.4392
0.79834 0.03737 0.47128
0.79495 0.037384 0.49108
0.79676 0.037397 0.50985
0.80767 0.03739 0.51873
0.81971 0.037387 0.5187
0.80734 0.037432 0.55371
0.81715 0.037417 0.54955
0.81004 0.037465 0.59641
0.82983 0.037453 0.57603
0.8254 0.037461 0.59331
0.81303 0.037469 0.61196
0.81488 0.037491 0.62702
0.82782 0.037467 0.60644
0.82214 0.03748 0.62369
0.8086 0.037544 0.64575
0.80931 0.037544 0.65272
0.82289 0.037496 0.63492
0.8148 0.037536 0.66869
0.80779 0.037542 0.69868
0.82589 0.037533 0.68685
0.81016 0.037542 0.71031
0.82454 0.037538 0.70905
0.80663 0.037544 0.73691
0.80737 0.037549 0.76248
0.83277 0.037547 0.74089
0.83323 0.037551 0.75595
0.80429 0.03755 0.77555
0.80784 0.037557 0.79681
0.83181 0.037557 0.77905
0.82549 0.037558 0.79357
0.8105 0.037561 0.80622
0.82488 0.037569 0.82689
0.80459 0.037568 0.84684
0.81104 0.037572 0.85958
0.82984 0.037574 0.8428
0.82938 0.037578 0.86189
0.81492 0.037576 0.87192
0.80444 0.037577 0.89071
0.82649 0.037582 0.88069
0.80613 0.03758 0.90585
0.80516 0.037563 0.92104
0.81894 0.037584 0.90705
0.80517 0.037495 0.93766
0.8129 0.033336 0.96109
0.82753 0.037456 0.94782
0.8212 0.033334 0.96336
0.8429 0.037535 0.044845
0.83981 0.037534 0.055096
0.86187 0.037536 0.045002
0.84569 0.03753 0.079542
0.84912 0.037528 0.0918
0.85259 0.037531 0.074668
0.85432 0.037529 0.090047
0.85584 0.037523 0.10877
0.85505 0.037516 0.13257
0.83977 0.037509 0.1476
0.84635 0.037505 0.16002
0.85903 0.037513 0.14293
0.85286 0.037508 0.15321
0.83692 0.037494 0.18248
0.83918 0.037489 0.19341
0.85639 0.037496 0.18233
0.86405 0.03749 0.19739
0.84777 0.037481 0.21019
0.83523 0.037465 0.23124
0.85914 0.037481 0.21205
0.8507 0.037468 0.23237
0.8451 0.037459 0.24663
0.85481 0.03746 0.24698
0.85657 0.037455 0.25759
0.85247 0.037439 0.27613
0.85378 0.037425 0.29645
0.83716 0.037406 0.31629
0.82994 0.037393 0.32577
0.85585 0.03742 0.30837
0.85008 0.037409 0.32091
0.83311 0.037383 0.35505
0.85088 0.037399 0.34259
0.85873 0.037396 0.36066
0.83598 0.037375 0.38007
0.84565 0.03738 0.37819
0.85477 0.037383 0.39022
0.83963 0.037371 0.40923
0.84092 0.037367 0.42182
0.84574 0.037374 0.40404
0.85539 0.037379 0.42862
0.83293 0.037366 0.44021
0.82736 0.037361 0.45501
0.84794 0.03737 0.44402
0.85369 0.037377 0.4581
0.83159 0.037372 0.47485
0.83725 0.03738 0.48861
0.83737 0.037394 0.50953
0.84505 0.037406 0.52752
0.86143 0.037413 0.51856
0.84169 0.037419 0.53791
0.84358 0.037433 0.55329
0.86021 0.037426 0.53834
0.858 0.037434 0.55117
0.84638 0.037447 0.57295
0.8395 0.037472 0.59277
0.8606 0.037447 0.5716
0.85338 0.037457 0.5885
0.84846 0.037481 0.61886
0.85832 0.037467 0.6
0.85334 0.037485 0.62949
0.84852 0.037503 0.65876
0.86349 0.037492 0.63776
0.8578 0.037505 0.66235
0.84764 0.037518 0.67914
0.83902 0.037527 0.68871
0.85993 0.03751 0.67125
0.86265 0.037524 0.69671
0.84031 0.037534 0.70721
0.84675 0.03754 0.72544
0.85462 0.037526 0.70357
0.85533 0.037539 0.72824
0.84415 0.037546 0.73838
0.84132 0.037555 0.76481
0.85683 0.037553 0.76048
0.83768 0.037562 0.79548
0.86046 0.037558 0.77133
0.86454 0.037565 0.79055
0.84092 0.03757 0.81531
0.86312 0.03757 0.80501
0.85997 0.037574 0.82251
0.84282 0.037577 0.843
0.85962 0.037578 0.83878
0.86063 0.037583 0.85637
0.84525 0.037586 0.87519
0.84078 0.037588 0.89612
0.85926 0.037587 0.8694
0.84419 0.037585 0.91815
0.863 0.037594 0.90479
0.85451 0.037578 0.92122
0.84867 0.037533 0.93524
0.84177 0.033338 0.96034
0.8619 0.037544 0.9348
0.86017 0.033334 0.9635
0.8695 0.037536 0.039175
0.8712 0.037535 0.061336
0.88595 0.037537 0.039992
0.88742 0.037537 0.052114
0.88072 0.037534 0.076886
0.88121 0.037531 0.092668
0.89579 0.037536 0.07898
0.88996 0.037534 0.08647
0.88044 0.037526 0.10953
0.88112 0.037521 0.12846
0.88958 0.037524 0.11942
0.87418 0.037517 0.13891
0.8813 0.037511 0.15921
0.89291 0.037517 0.14859
0.88794 0.03751 0.16295
0.87511 0.037493 0.19223
0.89197 0.037507 0.17058
0.89591 0.037498 0.1906
0.87017 0.037487 0.20535
0.8754 0.037481 0.22114
0.88912 0.037488 0.21222
0.8848 0.037482 0.22355
0.86736 0.037469 0.23909
0.86934 0.037446 0.27655
0.87099 0.037438 0.29159
0.89522 0.037456 0.27051
0.88712 0.037442 0.29343
0.8661 0.037424 0.31635
0.87609 0.03743 0.32409
0.88374 0.037438 0.3045
0.88228 0.037432 0.32088
0.87252 0.037413 0.34598
0.88937 0.03742 0.34034
0.89443 0.037413 0.3536
0.87204 0.037396 0.38028
0.86403 0.037389 0.38802
0.88759 0.037402 0.37235
0.8905 0.037398 0.39258
0.86646 0.037389 0.4075
0.86886 0.037391 0.41974
0.89154 0.037397 0.41282
0.88674 0.037395 0.41851
0.87619 0.037394 0.44062
0.8808 0.037395 0.45027
0.87653 0.037405 0.47852
0.87499 0.037414 0.49313
0.88204 0.037412 0.49131
0.86573 0.03741 0.50288
0.87432 0.037432 0.52725
0.8857 0.037422 0.51066
0.88776 0.037428 0.52335
0.8708 0.037435 0.5372
0.88755 0.037434 0.53535
0.89221 0.037442 0.5495
0.87696 0.037454 0.57155
0.87527 0.037469 0.59438
0.88954 0.037451 0.57195
0.88685 0.037465 0.59519
0.8745 0.037474 0.60274
0.88038 0.03749 0.62852
0.88667 0.037473 0.60632
0.88642 0.037484 0.62366
0.87888 0.037503 0.64652
0.88811 0.037496 0.64422
0.89142 0.037504 0.65655
0.87179 0.037514 0.67298
0.89817 0.037527 0.6957
0.87152 0.037535 0.71152
0.88032 0.037544 0.72884
0.89486 0.037531 0.70218
0.89025 0.03754 0.7214
0.8732 0.037549 0.74418
0.87178 0.037556 0.76392
0.88709 0.037548 0.74201
0.89759 0.037556 0.76293
0.87418 0.037563 0.77936
0.87826 0.037569 0.79623
0.88996 0.037565 0.78695
0.87118 0.037574 0.81463
0.87728 0.037578 0.82376
0.88896 0.037572 0.80374
0.87651 0.037582 0.83952
0.88116 0.037589 0.86278
0.89428 0.037583 0.83856
0.88607 0.037588 0.85786
0.87428 0.037595 0.89037
0.89174 0.037592 0.86895
0.89473 0.037597 0.889
0.87961 0.037597 0.90276
0.88083 0.037573 0.9284
0.89278 0.037599 0.90927
0.89631 0.037562 0.93
0.8719 0.037538 0.94041
0.89775 0.033336 0.96101
0.90494 0.03754 0.03757
0.91183 0.03754 0.054434
0.92209 0.037521 0.038897
0.91485 0.037539 0.075925
0.90356 0.037534 0.091119
0.92835 0.037493 0.09536
0.91111 0.03753 0.1098
0.9092 0.037524 0.13047
0.92074 0.037518 0.10457
0.9232 0.037507 0.11922
0.90519 0.037522 0.13591
0.90749 0.037515 0.16007
0.92165 0.037505 0.14035
0.91284 0.037504 0.18963
0.92717 0.037482 0.17293
0.92982 0.03746 0.19783
0.91365 0.037496 0.207
0.91107 0.037487 0.22419
0.92611 0.037457 0.21095
0.91778 0.037478 0.22812
0.90684 0.03747 0.24844
0.92656 0.037445 0.24474
0.92028 0.037454 0.258
0.90636 0.037457 0.27208
0.92976 0.037415 0.28145
0.9286 0.03741 0.29565
0.90854 0.037432 0.32704
0.92111 0.037425 0.30405
0.9196 0.03742 0.32373
0.90039 0.037424 0.33785
0.90308 0.037413 0.36255
0.92664 0.037402 0.33833
0.9162 0.037412 0.35673
0.90174 0.037409 0.37279
0.90656 0.037407 0.3914
0.92149 0.037379 0.39568
0.92136 0.037376 0.40332
0.92748 0.037355 0.42964
0.90071 0.037401 0.45377
0.92368 0.037367 0.43442
0.90361 0.037415 0.47868
0.90101 0.037421 0.49429
0.92411 0.037371 0.47066
0.92141 0.037387 0.48446
0.90802 0.037427 0.50187
0.90927 0.037433 0.52146
0.92571 0.037384 0.51084
0.92312 0.037395 0.51785
0.92167 0.037408 0.53622
0.92382 0.037412 0.55279
0.91287 0.037472 0.5939
0.92352 0.037443 0.57347
0.92751 0.037454 0.59333
0.90861 0.037478 0.60313
0.9037 0.037487 0.6204
0.92075 0.037469 0.60419
0.92252 0.037472 0.61666
0.90239 0.037497 0.64178
0.93118 0.037442 0.6455
0.92197 0.037485 0.66138
0.91249 0.037519 0.6863
0.92395 0.037485 0.67941
0.92727 0.037476 0.69434
0.91176 0.03753 0.70336
0.92183 0.037505 0.70745
0.90888 0.037547 0.73976
0.91233 0.037554 0.75916
0.91908 0.037532 0.7358
0.91855 0.037548 0.76434
0.9136 0.037559 0.77147
0.91264 0.037565 0.78805
0.92521 0.037533 0.77565
0.92597 0.037537 0.79532
0.9042 0.037576 0.81545
0.91155 0.037578 0.82191
0.92036 0.037556 0.80283
0.91806 0.037572 0.82579
0.90543 0.037586 0.84511
0.90584 0.037591 0.86182
0.92291 0.037552 0.83577
0.9186 0.037582 0.86135
0.91131 0.037595 0.87275
0.91864 0.037586 0.87141
0.93015 0.037552 0.88908
0.90699 0.037599 0.90939
0.90819 0.03756 0.92849
0.92013 0.037585 0.90841
0.92817 0.037522 0.92455
0.90669 0.037521 0.94063
0.9128 0.033344 0.95908
0.9186 0.037507 0.93913
0.92385 0.033338 0.96035
0.93747 0.037464 0.042281
0.93772 0.037462 0.054978
0.95389 0.033645 0.037317
0.95736 0.033366 0.06166
0.93466 0.037471 0.075195
0.95985 0.03334 0.088214
0.94655 0.037434 0.10688
0.959 0.033344 0.12864
0.9463 0.03742 0.14644
0.94274 0.037432 0.15693
0.95824 0.033351 0.14194
0.9515 0.03469 0.15922
0.93563 0.03746 0.17294
0.94548 0.037417 0.19661
0.95465 0.033505 0.19805
0.93906 0.037417 0.20662
0.93902 0.037404 0.22947
0.96308 0.033334 0.21525
0.96078 0.033337 0.22229
0.93971 0.037412 0.24824
0.94595 0.037396 0.25366
0.96066 0.033337 0.23795
0.95182 0.034262 0.26477
0.94236 0.03739 0.27217
0.93856 0.037388 0.28908
0.9592 0.033342 0.27641
0.93995 0.037379 0.30296
0.9392 0.037378 0.33061
0.95397 0.033544 0.30255
0.96421 0.033334 0.32491
0.94394 0.037373 0.34236
0.94125 0.037369 0.35685
0.95789 0.03335 0.35951
0.93794 0.037356 0.36796
0.9455 0.037303 0.39658
0.96395 0.033334 0.37886
0.9506 0.034727 0.39533
0.94367 0.037305 0.40596
0.96315 0.033334 0.40875
0.95532 0.033412 0.42713
0.93908 0.03733 0.44316
0.94353 0.037321 0.44989
0.95215 0.033881 0.43395
0.95902 0.033342 0.45087
0.93678 0.037327 0.47051
0.96322 0.033334 0.47724
0.95398 0.03351 0.49281
0.94434 0.037313 0.50646
0.94024 0.037332 0.51981
0.95166 0.034099 0.5095
0.95909 0.033341 0.52445
0.93483 0.037369 0.55208
0.96412 0.033334 0.53678
0.95775 0.033353 0.55484
0.94208 0.037435 0.59126
0.93904 0.037438 0.61034
0.93932 0.037433 0.61931
0.95924 0.033342 0.62454
0.94306 0.037406 0.63642
0.96099 0.033336 0.6342
0.96342 0.033334 0.65673
0.94775 0.037392 0.67459
0.95967 0.03334 0.67275
0.95886 0.033345 0.69395
0.93984 0.03742 0.71232
0.93887 0.037428 0.72346
0.95371 0.033647 0.71414
0.95441 0.033534 0.71937
0.94282 0.037429 0.75482
0.95514 0.033462 0.74609
0.9594 0.033342 0.75508
0.94053 0.037492 0.7787
0.94057 0.037486 0.79859
0.95735 0.033365 0.78683
0.93901 0.037486 0.80369
0.95376 0.033658 0.81194
0.95879 0.033346 0.83041
0.93747 0.037481 0.84588
0.96487 0.033334 0.857
0.94222 0.037515 0.88588
0.95926 0.033343 0.87021
0.93727 0.037494 0.92177
0.95608 0.033408 0.90758
0.96452 0.033334 0.92032
0.9382 0.037441 0.93633
0.94185 0.033351 0.95828
0.95909 0.033344 0.94238
0.95401 0.033334 0.96273
