2635
1 1 1
0.034985 0.037623 0.044843
0.041045 0.037623 0.054167
0.062481 0.037623 0.035664
0.0585 0.037623 0.051398
0.046169 0.037624 0.068843
0.043625 0.037625 0.093117
0.059872 0.037624 0.080567
0.056325 0.037624 0.096784
0.038585 0.037624 0.11031
0.041288 0.037625 0.12023
0.063437 0.037623 0.10702
0.062931 0.03763 0.14258
0.040434 0.037622 0.1882
0.058443 0.037622 0.17817
0.06123 0.037622 0.19374
0.036171 0.037622 0.19851
0.040406 0.037622 0.22426
0.053367 0.037622 0.20354
0.056469 0.037623 0.21685
0.047856 0.037622 0.23324
0.042352 0.037622 0.25432
0.052998 0.037622 0.23956
0.061806 0.037622 0.25413
0.047334 0.037623 0.26611
0.046491 0.037624 0.28308
0.055823 0.037624 0.27508
0.063358 0.037625 0.28376
0.062144 0.037628 0.30465
0.057701 0.037629 0.31969
0.04521 0.037629 0.34088
0.062357 0.03763 0.34949
0.046209 0.037628 0.37084
0.045212 0.03763 0.38426
0.060821 0.03763 0.36873
0.056123 0.037633 0.39056
0.044579 0.037635 0.40122
0.037581 0.037638 0.42072
0.060518 0.037638 0.40402
0.054162 0.037641 0.41553
0.042373 0.03764 0.44398
0.059141 0.037644 0.44174
0.058293 0.037645 0.45805
0.041766 0.037642 0.47167
0.043622 0.037641 0.48665
0.052092 0.037645 0.4714
0.057749 0.037643 0.49033
0.038381 0.037632 0.50681
0.03808 0.037627 0.52826
0.054525 0.037635 0.50882
0.058842 0.037632 0.52731
0.045301 0.037626 0.53993
0.043003 0.037627 0.56596
0.060821 0.037631 0.53843
0.059513 0.037631 0.55943
0.037071 0.037629 0.57727
0.035932 0.03763 0.59988
0.051526 0.037631 0.57584
0.053492 0.037633 0.59615
0.043631 0.03763 0.60471
0.036259 0.037628 0.63201
0.051456 0.037633 0.61079
0.057495 0.037633 0.62359
0.051486 0.037627 0.65147
0.053479 0.037627 0.66343
0.047516 0.037625 0.67527
0.052574 0.037627 0.67346
0.058182 0.037627 0.69102
0.036017 0.037618 0.73207
0.059999 0.037621 0.71538
0.051759 0.037619 0.72482
0.043521 0.037616 0.74825
0.03707 0.037615 0.76367
0.059099 0.037616 0.745
0.052077 0.037616 0.76179
0.040837 0.037615 0.77412
0.037241 0.037614 0.8002
0.058237 0.037615 0.7825
0.056303 0.037614 0.79216
0.039773 0.037613 0.82661
0.052882 0.037613 0.81478
0.058488 0.037612 0.83197
0.038067 0.037612 0.84345
0.035031 0.037611 0.86207
0.053781 0.037612 0.83785
0.056136 0.037611 0.86004
0.03559 0.03761 0.87173
0.045172 0.03761 0.89285
0.05811 0.037608 0.87902
0.056592 0.037609 0.8891
0.041963 0.037616 0.91218
0.037099 0.033365 0.95622
0.058718 0.037508 0.94479
0.061186 0.033488 0.95421
0.079353 0.037624 0.045241
0.075224 0.037624 0.059596
0.078246 0.037623 0.08813
0.09446 0.037623 0.073808
0.091792 0.037623 0.088087
0.071353 0.037623 0.10614
0.072427 0.037625 0.12892
0.085311 0.037622 0.10859
0.089525 0.037622 0.12201
0.069935 0.037627 0.13977
0.089641 0.037623 0.13613
0.093015 0.037623 0.15748
0.072056 0.037622 0.17536
0.068075 0.037622 0.1902
0.094492 0.037621 0.17516
0.094998 0.037621 0.19033
0.077338 0.037622 0.20508
0.075989 0.037622 0.22192
0.088885 0.037623 0.21016
0.097186 0.037622 0.22576
0.069744 0.037621 0.24296
0.072323 0.037621 0.24935
0.085622 0.037622 0.24353
0.090012 0.037622 0.25169
0.076088 0.037624 0.27211
0.075136 0.037626 0.28938
0.09564 0.037624 0.27213
0.068232 0.037628 0.30594
0.068606 0.037629 0.32493
0.092899 0.037626 0.30442
0.090785 0.037628 0.3255
0.07141 0.037629 0.34397
0.089808 0.03763 0.33985
0.088488 0.037633 0.35477
0.075835 0.037631 0.37775
0.091495 0.037636 0.37111
0.095139 0.037638 0.38286
0.069299 0.037641 0.40929
0.073305 0.037644 0.42263
0.093116 0.03765 0.41149
0.086233 0.037652 0.41812
0.069045 0.037647 0.44483
0.083602 0.037652 0.43671
0.084842 0.037656 0.45585
0.073831 0.037649 0.47387
0.077918 0.037649 0.4845
0.089758 0.037659 0.47978
0.088949 0.037657 0.49076
0.068958 0.037641 0.50245
0.085027 0.037647 0.51969
0.076972 0.037636 0.53658
0.072003 0.037633 0.56495
0.082415 0.037637 0.56262
0.073867 0.037634 0.57111
0.069528 0.037635 0.59979
0.085492 0.037643 0.57142
0.088304 0.037644 0.59516
0.074372 0.037637 0.62947
0.08996 0.037643 0.61275
0.095022 0.037642 0.6221
0.073082 0.037635 0.64248
0.092818 0.037636 0.66538
0.068371 0.03763 0.68203
0.086159 0.037636 0.67439
0.08932 0.037631 0.69388
0.076503 0.037622 0.71175
0.067853 0.037618 0.73261
0.09128 0.037622 0.72414
0.071302 0.037616 0.74517
0.07628 0.037615 0.75739
0.088375 0.037618 0.7412
0.08535 0.037616 0.76211
0.071584 0.037615 0.77324
0.073182 0.037614 0.79892
0.094472 0.037614 0.7846
0.072515 0.037612 0.81576
0.080391 0.03761 0.82317
0.093211 0.037612 0.80659
0.090319 0.037611 0.83203
0.074835 0.037612 0.84203
0.074709 0.03761 0.86137
0.090096 0.037609 0.86514
0.07683 0.037607 0.88239
0.088655 0.037608 0.87343
0.085399 0.037607 0.89006
0.071524 0.037613 0.90956
0.077106 0.037591 0.93075
0.089158 0.03761 0.9025
0.071515 0.037563 0.93855
0.086167 0.037579 0.94726
0.11084 0.03762 0.039045
0.10624 0.037621 0.057445
0.12693 0.037618 0.037895
0.12237 0.037619 0.052279
0.10302 0.037622 0.068454
0.10748 0.037622 0.094445
0.12466 0.037619 0.096677
0.1059 0.03762 0.11042
0.11413 0.037619 0.1288
0.12563 0.037617 0.11842
0.10795 0.037621 0.14123
0.103 0.037622 0.15588
0.1272 0.037619 0.15592
0.10811 0.037619 0.17278
0.10684 0.037619 0.1875
0.12809 0.037618 0.16694
0.11934 0.037619 0.19365
0.11333 0.03762 0.21672
0.11823 0.03762 0.20089
0.1174 0.037621 0.22712
0.10615 0.037621 0.23824
0.10106 0.037622 0.25593
0.12123 0.037622 0.2375
0.10695 0.037623 0.27344
0.10662 0.037622 0.28611
0.12086 0.037623 0.27709
0.12899 0.037621 0.28366
0.10709 0.037622 0.30362
0.1077 0.037624 0.32601
0.12851 0.037623 0.30912
0.11697 0.037622 0.31778
0.10445 0.037627 0.33378
0.10544 0.037632 0.35835
0.11609 0.037631 0.35333
0.099642 0.037635 0.36536
0.11655 0.03764 0.36974
0.12238 0.037656 0.39354
0.10282 0.037646 0.3982
0.10241 0.037655 0.42522
0.11331 0.037658 0.42546
0.098584 0.037658 0.43766
0.09951 0.037661 0.44965
0.11382 0.037666 0.44425
0.11554 0.037671 0.45679
0.098792 0.037661 0.47053
0.10696 0.03766 0.4872
0.11659 0.037674 0.47194
0.12228 0.03768 0.48925
0.10325 0.037653 0.50342
0.098788 0.037648 0.52541
0.11922 0.037662 0.5258
0.10479 0.037651 0.53817
0.10053 0.03765 0.55979
0.12136 0.037666 0.54361
0.098782 0.037646 0.58253
0.10103 0.037646 0.59553
0.11847 0.037659 0.57633
0.12017 0.037654 0.60129
0.10911 0.037641 0.61687
0.10926 0.037638 0.6267
0.12606 0.037645 0.6317
0.10638 0.037635 0.64557
0.106 0.037633 0.65847
0.11962 0.037641 0.64015
0.11661 0.037631 0.66706
0.10483 0.037629 0.68361
0.12215 0.03763 0.68319
0.10782 0.037624 0.72859
0.12692 0.037625 0.70683
0.12825 0.03762 0.73418
0.10218 0.03762 0.73954
0.10623 0.037616 0.75587
0.12077 0.037614 0.76398
0.10773 0.037613 0.77503
0.12864 0.037609 0.77887
0.11836 0.037609 0.79105
0.10944 0.03761 0.82961
0.11834 0.03761 0.80493
0.12165 0.037609 0.83352
0.11078 0.03761 0.83946
0.12672 0.037607 0.84271
0.12653 0.037606 0.85627
0.10909 0.037607 0.87599
0.11281 0.037606 0.89248
0.12927 0.037605 0.88269
0.12278 0.037606 0.89729
0.10377 0.03761 0.90966
0.12211 0.037608 0.91192
0.12055 0.037584 0.92517
0.10537 0.037564 0.93831
0.13031 0.03751 0.94632
0.1287 0.033333 0.96456
0.14221 0.037617 0.0398
0.1577 0.037615 0.03527
0.15933 0.037615 0.053376
0.13485 0.037618 0.076316
0.14016 0.037616 0.095509
0.15303 0.037615 0.072033
0.15737 0.037614 0.09061
0.13974 0.037615 0.10656
0.14133 0.037614 0.11792
0.1519 0.037612 0.1112
0.15618 0.037612 0.11677
0.13471 0.037618 0.13791
0.13568 0.037619 0.15957
0.1603 0.037616 0.15314
0.13419 0.037617 0.17836
0.15813 0.037616 0.17282
0.15684 0.037616 0.18442
0.13661 0.037618 0.20551
0.14247 0.037619 0.22532
0.15957 0.037616 0.20675
0.13557 0.03762 0.23793
0.14545 0.03762 0.25322
0.15141 0.037619 0.23094
0.15891 0.03762 0.25928
0.13793 0.03762 0.26747
0.13718 0.037621 0.28936
0.15611 0.03762 0.26718
0.15265 0.037622 0.28605
0.14476 0.037623 0.30323
0.13261 0.037624 0.31413
0.15807 0.037626 0.29736
0.14998 0.037629 0.32048
0.13481 0.037633 0.34249
0.1438 0.037635 0.34918
0.15462 0.037636 0.33099
0.14022 0.037643 0.37348
0.13448 0.037648 0.38229
0.1575 0.037652 0.37618
0.13038 0.037671 0.42075
0.14418 0.037677 0.4242
0.1373 0.037678 0.43991
0.13063 0.037682 0.45387
0.14901 0.037689 0.44253
0.14716 0.037693 0.45246
0.13134 0.037686 0.46963
0.12961 0.037685 0.48654
0.14874 0.037705 0.47208
0.13827 0.03767 0.51026
0.13767 0.037663 0.5247
0.15443 0.037696 0.50183
0.13185 0.037663 0.54618
0.13875 0.037655 0.56819
0.1456 0.037664 0.55076
0.15497 0.037685 0.55552
0.1399 0.037651 0.58433
0.13507 0.037651 0.59685
0.15489 0.037668 0.58457
0.15406 0.037664 0.59665
0.1346 0.037647 0.6135
0.1374 0.037646 0.63049
0.15659 0.03766 0.61806
0.15166 0.037656 0.62785
0.14065 0.037638 0.66135
0.15999 0.03766 0.64627
0.15022 0.037643 0.66254
0.13809 0.037632 0.67441
0.14392 0.037623 0.6947
0.14834 0.03763 0.67805
0.15065 0.037622 0.70215
0.13251 0.037623 0.70592
0.14369 0.037615 0.73356
0.15503 0.037623 0.70852
0.15051 0.037614 0.73335
0.14364 0.037612 0.74901
0.13733 0.037609 0.76638
0.15609 0.037614 0.73981
0.15966 0.037607 0.7562
0.14021 0.037604 0.79325
0.15369 0.037605 0.77659
0.15512 0.037604 0.79881
0.14564 0.037605 0.80707
0.143 0.037605 0.8282
0.16399 0.037602 0.81448
0.1563 0.037603 0.82851
0.14109 0.037603 0.8473
0.14764 0.037601 0.86235
0.16077 0.037599 0.84608
0.16084 0.037598 0.86159
0.1376 0.037604 0.87658
0.15755 0.037601 0.88073
0.15595 0.037602 0.89748
0.13566 0.037605 0.90884
0.14067 0.037563 0.92818
0.15801 0.037602 0.91088
0.1556 0.037569 0.92511
0.13687 0.033909 0.95249
0.15935 0.037505 0.9406
0.15899 0.033334 0.96141
0.17143 0.037612 0.044859
0.17837 0.03761 0.061237
0.18768 0.037608 0.045554
0.1867 0.037609 0.055149
0.17119 0.037612 0.076408
0.17496 0.037611 0.092127
0.19028 0.037608 0.077958
0.18998 0.037609 0.093223
0.17031 0.037611 0.10609
0.1745 0.037611 0.12896
0.18466 0.03761 0.10753
0.19162 0.037609 0.11818
0.17307 0.037611 0.14089
0.17983 0.037611 0.15417
0.18796 0.03761 0.14545
0.19233 0.03761 0.15066
0.17945 0.037612 0.19359
0.19113 0.037611 0.17232
0.18655 0.037614 0.18893
0.17554 0.037614 0.22671
0.1879 0.037614 0.20164
0.18707 0.037616 0.21996
0.17328 0.037615 0.23909
0.17546 0.037615 0.25715
0.18744 0.037615 0.24896
0.18869 0.037617 0.27027
0.18421 0.037625 0.28849
0.1667 0.037626 0.29665
0.17297 0.037634 0.31373
0.18648 0.037637 0.30807
0.18886 0.037644 0.32468
0.16534 0.037638 0.341
0.16799 0.03764 0.34784
0.1825 0.037642 0.33637
0.18544 0.037649 0.34578
0.17371 0.037652 0.3704
0.18372 0.037665 0.37321
0.18013 0.037663 0.39016
0.16796 0.037668 0.42477
0.18778 0.037677 0.40204
0.18749 0.037687 0.42086
0.1674 0.037678 0.43771
0.16793 0.037688 0.45277
0.18293 0.037692 0.43445
0.17599 0.037699 0.45926
0.16395 0.037707 0.48715
0.17704 0.037724 0.47806
0.17974 0.037735 0.48643
0.16284 0.037696 0.50296
0.16288 0.03769 0.53117
0.18144 0.037731 0.50919
0.17925 0.03772 0.53124
0.16335 0.037692 0.54641
0.17583 0.037703 0.56429
0.17191 0.037682 0.58132
0.1632 0.037668 0.5939
0.18441 0.037705 0.58776
0.17995 0.037672 0.59985
0.1733 0.037653 0.60999
0.1668 0.037656 0.62979
0.18162 0.037661 0.60847
0.18174 0.037655 0.62546
0.16674 0.037663 0.64799
0.16871 0.037655 0.65774
0.19148 0.037675 0.65047
0.19187 0.03766 0.66231
0.16884 0.037637 0.67566
0.16785 0.037627 0.69164
0.18135 0.037642 0.67304
0.18432 0.037629 0.69306
0.17406 0.037617 0.71875
0.17088 0.037613 0.73054
0.1841 0.037623 0.70618
0.18493 0.03761 0.73519
0.17744 0.037602 0.74977
0.17062 0.037603 0.75752
0.18621 0.037604 0.74901
0.17005 0.037603 0.79233
0.1905 0.037602 0.77217
0.19002 0.037601 0.79854
0.17536 0.037601 0.80696
0.18856 0.037599 0.81462
0.19025 0.037595 0.82934
0.17992 0.037594 0.83974
0.17086 0.037595 0.8562
0.18899 0.037593 0.84658
0.18709 0.037591 0.85363
0.16902 0.037597 0.87535
0.16893 0.037598 0.89168
0.19492 0.03759 0.8701
0.19413 0.037591 0.8896
0.17094 0.03755 0.92884
0.18611 0.037542 0.92984
0.18063 0.03359 0.95349
0.18777 0.037506 0.93829
0.19292 0.03337 0.95601
0.20231 0.037606 0.044303
0.21061 0.037604 0.058509
0.22411 0.037602 0.034975
0.22219 0.037602 0.056278
0.2093 0.037604 0.068635
0.20603 0.037605 0.088432
0.2267 0.037601 0.070758
0.22327 0.037602 0.093158
0.21172 0.037603 0.10051
0.20571 0.037606 0.12652
0.22848 0.037601 0.10103
0.22024 0.037604 0.12104
0.20466 0.037607 0.1417
0.20025 0.037608 0.17316
0.21052 0.03761 0.18924
0.22679 0.037599 0.17201
0.22914 0.037599 0.18296
0.20576 0.037614 0.19992
0.22318 0.037611 0.19967
0.21123 0.037616 0.23761
0.22489 0.037621 0.23231
0.22211 0.037628 0.25588
0.20413 0.03761 0.27252
0.19921 0.037613 0.28073
0.22243 0.037623 0.26653
0.21559 0.037606 0.28473
0.20715 0.037611 0.3054
0.20488 0.037628 0.32519
0.21395 0.037607 0.31378
0.19831 0.037641 0.33098
0.20278 0.037651 0.35365
0.21457 0.03763 0.33036
0.22363 0.037659 0.34723
0.20601 0.037649 0.3634
0.20265 0.037655 0.38106
0.21793 0.037656 0.36183
0.21059 0.037654 0.38768
0.20006 0.037676 0.40565
0.20867 0.03767 0.40245
0.19932 0.037703 0.42915
0.18997 0.037728 0.45608
0.21262 0.037728 0.43066
0.21176 0.037765 0.44935
0.19492 0.037755 0.46827
0.1972 0.037774 0.48945
0.20148 0.037778 0.47642
0.2053 0.037805 0.48998
0.19344 0.037763 0.5114
0.1955 0.037754 0.52521
0.19661 0.037737 0.54264
0.19794 0.037729 0.55736
0.2079 0.037746 0.55865
0.19736 0.037745 0.58916
0.19558 0.037806 0.60155
0.21137 0.037778 0.58888
0.21144 0.0379 0.59676
0.19825 0.037892 0.61134
0.1986 0.037806 0.6302
0.21618 0.038032 0.62614
0.19693 0.037667 0.64784
0.20553 0.037644 0.65361
0.21635 0.03783 0.63515
0.20592 0.037635 0.67314
0.20053 0.037625 0.69634
0.21607 0.037633 0.67393
0.21518 0.037622 0.69722
0.19958 0.037617 0.71032
0.1995 0.037605 0.72953
0.21611 0.037614 0.71174
0.21854 0.037601 0.72297
0.20351 0.037598 0.76136
0.21979 0.037595 0.74941
0.20287 0.0376 0.78287
0.20981 0.037596 0.7945
0.22073 0.037597 0.77368
0.20452 0.037592 0.83296
0.22749 0.037591 0.81701
0.22426 0.037589 0.83158
0.20503 0.037589 0.84712
0.2085 0.037586 0.86045
0.22274 0.037588 0.83805
0.22406 0.037583 0.85948
0.20749 0.037586 0.87583
0.20993 0.037586 0.89316
0.22034 0.037583 0.87734
0.22523 0.037582 0.89595
0.21401 0.037547 0.92718
0.22504 0.037587 0.91363
0.20203 0.037466 0.94676
0.2135 0.033334 0.9626
0.22168 0.037483 0.94246
0.22208 0.033349 0.95706
0.23472 0.0376 0.034983
0.23837 0.037598 0.061215
0.25216 0.037596 0.042385
0.26038 0.037593 0.055929
0.2401 0.037598 0.067328
0.23638 0.037598 0.084013
0.25626 0.037592 0.075304
0.25959 0.037592 0.084657
0.2461 0.037602 0.1179
0.25599 0.037596 0.10035
0.2515 0.037601 0.12454
0.23563 0.037603 0.14293
0.25493 0.0376 0.13745
0.26081 0.037597 0.1538
0.23588 0.037595 0.17414
0.24597 0.037594 0.18902
0.25338 0.037593 0.17412
0.25927 0.037596 0.18351
0.2392 0.037601 0.20828
0.23265 0.037616 0.22627
0.2559 0.037599 0.20314
0.23211 0.037625 0.2412
0.239 0.03763 0.24672
0.24085 0.037634 0.26975
0.23967 0.037634 0.28961
0.25952 0.037645 0.27897
0.25783 0.037655 0.3027
0.2541 0.037667 0.31742
0.23147 0.037659 0.35022
0.25012 0.03767 0.33846
0.2555 0.037699 0.35542
0.23462 0.03766 0.36193
0.24661 0.037677 0.3678
0.242 0.037665 0.38179
0.22549 0.037688 0.4009
0.23465 0.037706 0.41437
0.24469 0.037693 0.39441
0.22861 0.037727 0.42843
0.22486 0.037771 0.44841
0.24494 0.037757 0.43199
0.23883 0.037789 0.45149
0.21804 0.037838 0.47415
0.23265 0.037842 0.46875
0.2377 0.037931 0.48462
0.228 0.037847 0.50597
0.23248 0.037857 0.53332
0.2238 0.037796 0.55016
0.21946 0.037766 0.56938
0.22505 0.037915 0.59882
0.23111 0.037906 0.60403
0.22534 0.038046 0.61263
0.22653 0.03782 0.63122
0.22987 0.037955 0.61557
0.23937 0.037718 0.62942
0.22634 0.037625 0.64703
0.23459 0.037619 0.65901
0.24373 0.03763 0.65113
0.24607 0.037636 0.66579
0.23646 0.03763 0.68272
0.25499 0.037634 0.69138
0.23837 0.0376 0.7189
0.24955 0.037611 0.70963
0.2517 0.037594 0.72912
0.23837 0.037591 0.74243
0.23588 0.037589 0.75993
0.25317 0.03759 0.7477
0.26212 0.037589 0.76437
0.23327 0.037596 0.78007
0.24173 0.037591 0.79246
0.25771 0.03759 0.77387
0.24221 0.037588 0.80804
0.26007 0.037583 0.80947
0.25355 0.037581 0.82877
0.24333 0.037582 0.84456
0.23877 0.037579 0.86017
0.23719 0.037577 0.87836
0.23607 0.037576 0.88775
0.2591 0.037571 0.87657
0.2464 0.037577 0.91218
0.23701 0.03754 0.92835
0.25242 0.037573 0.90297
0.2611 0.037528 0.9304
0.24404 0.033334 0.96127
0.25629 0.037512 0.93594
0.27678 0.037587 0.056284
0.29729 0.03758 0.060792
0.27861 0.037583 0.079261
0.27181 0.037589 0.093985
0.29584 0.037579 0.073958
0.27288 0.037591 0.10876
0.29251 0.037583 0.10378
0.28771 0.037587 0.12254
0.27358 0.03759 0.13556
0.27095 0.037593 0.15621
0.29522 0.03758 0.13727
0.29673 0.037585 0.15723
0.26725 0.037594 0.169
0.27252 0.037597 0.18181
0.28824 0.037605 0.19183
0.27584 0.037614 0.21478
0.29066 0.037605 0.1969
0.28836 0.037616 0.22203
0.27165 0.037631 0.25788
0.28882 0.037617 0.23647
0.29051 0.037639 0.2555
0.28504 0.037637 0.26318
0.26573 0.03765 0.30442
0.26807 0.037658 0.31368
0.29144 0.03767 0.31752
0.26382 0.037679 0.33307
0.26776 0.037703 0.35583
0.27751 0.037669 0.33915
0.2798 0.037698 0.35144
0.2659 0.037709 0.36177
0.26562 0.037717 0.38126
0.28134 0.037745 0.37221
0.26111 0.037738 0.4014
0.25694 0.03776 0.41627
0.27667 0.037775 0.40627
0.27032 0.037775 0.42128
0.24823 0.03784 0.45636
0.26754 0.037776 0.42927
0.27362 0.037836 0.44786
0.24471 0.03792 0.47063
0.24714 0.037975 0.48823
0.26116 0.038065 0.48311
0.24471 0.037948 0.51064
0.2562 0.037947 0.53566
0.24953 0.037916 0.54161
0.25207 0.037859 0.57305
0.25868 0.037915 0.55264
0.26863 0.037941 0.56362
0.25657 0.037843 0.57957
0.24885 0.037722 0.60587
0.26448 0.037848 0.58208
0.26559 0.037784 0.59479
0.25443 0.037672 0.61521
0.25775 0.037655 0.63172
0.27385 0.037659 0.62857
0.26269 0.037651 0.64966
0.26175 0.037648 0.66538
0.27577 0.037651 0.64989
0.27934 0.037645 0.66672
0.26193 0.037649 0.67392
0.27121 0.037601 0.69523
0.28634 0.037653 0.67626
0.28356 0.037588 0.70225
0.27019 0.037573 0.71622
0.27415 0.037567 0.7241
0.2923 0.037592 0.7278
0.2778 0.037596 0.7512
0.27409 0.037586 0.76779
0.29222 0.037612 0.74394
0.26831 0.037585 0.77559
0.27666 0.037572 0.79348
0.29423 0.03758 0.78001
0.2904 0.037573 0.79746
0.29221 0.037577 0.81447
0.28498 0.037578 0.82972
0.27761 0.037577 0.8471
0.29613 0.037571 0.8444
0.28822 0.037569 0.85937
0.27183 0.037567 0.88079
0.28162 0.037564 0.89306
0.29313 0.037561 0.88004
0.28616 0.037563 0.89408
0.29762 0.037562 0.90966
0.29517 0.037536 0.92606
0.27787 0.037462 0.94624
0.28059 0.03339 0.95535
0.29805 0.037512 0.93581
0.28607 0.033335 0.9602
0.30347 0.037578 0.0453
0.30698 0.037577 0.058343
0.33025 0.037567 0.044195
0.33143 0.037568 0.058183
0.30546 0.037577 0.079364
0.30952 0.037578 0.08677
0.32616 0.037571 0.069989
0.32213 0.037575 0.093275
0.30758 0.037578 0.10747
0.30538 0.037579 0.12502
0.33048 0.03757 0.10265
0.32079 0.037575 0.12272
0.30392 0.037575 0.14308
0.30705 0.037582 0.15429
0.32391 0.037569 0.14169
0.32473 0.037575 0.15093
0.30498 0.037587 0.17517
0.30783 0.037594 0.18956
0.32504 0.037578 0.16924
0.3087 0.037605 0.21889
0.32929 0.037593 0.20483
0.32782 0.0376 0.21295
0.29985 0.037611 0.23954
0.30649 0.03762 0.24993
0.31638 0.037622 0.25457
0.30535 0.037629 0.26298
0.29949 0.03764 0.28589
0.31491 0.037624 0.26258
0.32038 0.037634 0.27984
0.29917 0.037643 0.30495
0.29858 0.037659 0.31381
0.31553 0.037643 0.30542
0.31569 0.037654 0.31274
0.30252 0.037684 0.32982
0.2924 0.037726 0.35324
0.31456 0.037683 0.33646
0.32049 0.037726 0.35122
0.29671 0.037743 0.35803
0.29031 0.037797 0.38637
0.30716 0.037768 0.36672
0.31321 0.037869 0.38076
0.28775 0.037804 0.40492
0.29485 0.037812 0.41409
0.30296 0.037817 0.40133
0.30578 0.037848 0.41772
0.28656 0.037827 0.43504
0.27951 0.037881 0.45272
0.30553 0.037979 0.43401
0.3071 0.038126 0.44402
0.27482 0.038148 0.48001
0.28869 0.038069 0.46629
0.27781 0.038172 0.4903
0.2726 0.038176 0.504
0.2668 0.038133 0.52199
0.28336 0.038314 0.50566
0.28012 0.038047 0.5429
0.28881 0.037966 0.56703
0.27782 0.037865 0.5833
0.30474 0.037823 0.59836
0.28315 0.037693 0.62079
0.28833 0.037679 0.63339
0.31339 0.037789 0.63144
0.31298 0.037757 0.65782
0.31647 0.037764 0.67193
0.32319 0.037687 0.70203
0.32502 0.037652 0.72048
0.31883 0.037642 0.7319
0.30453 0.037623 0.74081
0.31119 0.037595 0.76027
0.32234 0.03761 0.74785
0.32087 0.03759 0.76528
0.31162 0.037585 0.77994
0.30416 0.037574 0.79335
0.31879 0.037583 0.78421
0.31942 0.037576 0.80043
0.30286 0.037575 0.80661
0.32185 0.037556 0.82733
0.30508 0.037565 0.8416
0.31162 0.037556 0.85897
0.30419 0.037556 0.8824
0.31203 0.037552 0.89016
0.32401 0.037551 0.87149
0.32226 0.03755 0.89658
0.30533 0.037559 0.91295
0.31478 0.037539 0.92899
0.33155 0.037548 0.90577
0.32254 0.037542 0.92273
0.30646 0.037504 0.94543
0.32482 0.037511 0.94265
0.34188 0.037562 0.04064
0.34093 0.037564 0.055628
0.36607 0.037554 0.040767
0.35521 0.037559 0.051361
0.34137 0.037565 0.073282
0.34086 0.037567 0.085571
0.35676 0.037561 0.083444
0.34292 0.037564 0.10408
0.33767 0.037567 0.12128
0.35818 0.037557 0.12031
0.34042 0.037565 0.13795
0.34454 0.03757 0.15015
0.35707 0.03756 0.13975
0.36377 0.037562 0.14815
0.34489 0.037573 0.16776
0.3448 0.037575 0.1785
0.3522 0.037573 0.16345
0.35713 0.037577 0.1782
0.33706 0.037591 0.198
0.33522 0.037608 0.21809
0.35289 0.037593 0.19704
0.3423 0.037611 0.2308
0.33727 0.037625 0.25397
0.35283 0.037616 0.23309
0.35956 0.03764 0.24839
0.34278 0.037608 0.27027
0.34027 0.037614 0.28066
0.35755 0.037636 0.26681
0.35016 0.037606 0.27553
0.33335 0.037643 0.29558
0.33418 0.037693 0.31853
0.34968 0.037636 0.29485
0.34498 0.037679 0.31825
0.33851 0.037715 0.32572
0.32879 0.037721 0.34501
0.34378 0.037763 0.33506
0.35403 0.038207 0.36164
0.34528 0.038024 0.37608
0.32049 0.037877 0.39988
0.31716 0.037882 0.41835
0.33181 0.037882 0.39084
0.31743 0.038153 0.43476
0.32676 0.038043 0.4296
0.29696 0.038213 0.46648
0.29225 0.038337 0.49219
0.30451 0.038422 0.48382
0.29334 0.038384 0.50402
0.29648 0.038406 0.50442
0.30978 0.038447 0.53531
0.30166 0.038043 0.57167
0.31324 0.038325 0.54912
0.3172 0.038073 0.56937
0.31973 0.037871 0.5921
0.31486 0.037818 0.60933
0.31693 0.03781 0.61704
0.32414 0.037813 0.63477
0.33834 0.037884 0.61585
0.34486 0.037873 0.63201
0.3336 0.03778 0.65868
0.32397 0.03777 0.67243
0.34629 0.037811 0.65465
0.34298 0.037757 0.66986
0.32991 0.037687 0.69758
0.34659 0.03772 0.68185
0.35446 0.037655 0.70427
0.32953 0.037665 0.7144
0.33827 0.037624 0.72707
0.35335 0.037646 0.71572
0.3484 0.037612 0.73648
0.33806 0.037606 0.74264
0.34039 0.037584 0.76848
0.35196 0.037586 0.74763
0.35551 0.037583 0.76366
0.35425 0.03759 0.77991
0.35573 0.037565 0.80112
0.34725 0.037555 0.81401
0.33645 0.037551 0.82161
0.35687 0.037547 0.82496
0.34713 0.037554 0.84299
0.34488 0.037548 0.85973
0.3642 0.037548 0.83675
0.3633 0.037541 0.86039
0.33913 0.037549 0.87828
0.34252 0.037544 0.89211
0.35558 0.037539 0.88674
0.34765 0.037544 0.90936
0.34092 0.037515 0.92673
0.3554 0.037541 0.91232
0.35536 0.037513 0.9237
0.34712 0.037471 0.93806
0.33876 0.033339 0.95834
0.36211 0.037467 0.93782
0.354 0.033334 0.96256
0.37304 0.037551 0.035106
0.38295 0.03755 0.055938
0.39183 0.037544 0.040907
0.39341 0.037553 0.070277
0.39778 0.037556 0.091642
0.3732 0.03755 0.10312
0.38425 0.037538 0.11549
0.39741 0.03754 0.10701
0.39211 0.037538 0.11497
0.3722 0.037552 0.14231
0.37322 0.037567 0.15543
0.39721 0.037543 0.13562
0.37972 0.03757 0.16519
0.37405 0.037578 0.17717
0.39472 0.037591 0.18743
0.37454 0.037597 0.19546
0.37749 0.037604 0.21175
0.3896 0.037594 0.20039
0.38918 0.0376 0.20994
0.37218 0.037616 0.23622
0.3694 0.037641 0.24784
0.39613 0.037623 0.22785
0.39228 0.037659 0.25051
0.3679 0.037655 0.26298
0.3667 0.037665 0.28542
0.39168 0.037671 0.267
0.37962 0.037693 0.28187
0.37217 0.037692 0.30766
0.38587 0.037726 0.29437
0.38425 0.03774 0.30395
0.36045 0.037713 0.32465
0.36477 0.038042 0.3462
0.35729 0.038266 0.36818
0.37521 0.0382 0.35382
0.35548 0.038088 0.3841
0.36255 0.038174 0.38042
0.35616 0.037964 0.39675
0.33751 0.038142 0.43336
0.33219 0.038368 0.4445
0.34851 0.037953 0.42095
0.33455 0.038373 0.44816
0.31751 0.03866 0.46234
0.319 0.038529 0.47987
0.30617 0.038695 0.51281
0.32147 0.038371 0.54249
0.31393 0.038775 0.50897
0.32635 0.038372 0.54385
0.33291 0.038213 0.56218
0.3336 0.038087 0.57466
0.33988 0.037994 0.59289
0.34435 0.037927 0.61039
0.35321 0.038038 0.58699
0.36478 0.038102 0.61273
0.35076 0.0379 0.6292
0.35188 0.03788 0.63768
0.36378 0.037954 0.62948
0.37069 0.037934 0.64067
0.35386 0.037809 0.65627
0.35877 0.03774 0.67618
0.38134 0.037886 0.65586
0.38431 0.037804 0.66636
0.36077 0.03769 0.68737
0.37715 0.037752 0.68027
0.38448 0.037708 0.70095
0.37848 0.037629 0.73268
0.39321 0.037681 0.71381
0.38765 0.037627 0.73322
0.37663 0.037581 0.75272
0.36801 0.03758 0.75871
0.38458 0.037593 0.74941
0.38095 0.03757 0.78091
0.37864 0.037554 0.79882
0.38754 0.037579 0.7759
0.37815 0.037552 0.80854
0.37188 0.037544 0.82999
0.37506 0.037544 0.83786
0.3737 0.037535 0.85531
0.38928 0.037538 0.83798
0.39067 0.037531 0.86293
0.37623 0.037539 0.87505
0.37182 0.037535 0.89435
0.39361 0.037527 0.89766
0.37579 0.037534 0.909
0.38263 0.037498 0.92794
0.38913 0.037529 0.90832
0.39623 0.037489 0.93051
0.37976 0.037464 0.94135
0.3738 0.033485 0.9539
0.39273 0.037464 0.94206
0.39885 0.033413 0.9547
0.41673 0.037541 0.036659
0.42226 0.037539 0.041451
0.42379 0.037547 0.064426
0.408 0.037557 0.080161
0.42932 0.037546 0.073523
0.43658 0.037613 0.095917
0.41981 0.037534 0.10625
0.40962 0.037525 0.11594
0.42772 0.037584 0.10509
0.42908 0.037603 0.12182
0.41547 0.037544 0.13939
0.40905 0.037567 0.15563
0.43049 0.037563 0.14501
0.41216 0.037565 0.16427
0.41005 0.03758 0.18472
0.42318 0.037557 0.16987
0.42515 0.037557 0.17656
0.41341 0.037619 0.21911
0.42624 0.037571 0.19961
0.43132 0.037569 0.20655
0.39943 0.037626 0.23311
0.41022 0.037685 0.25011
0.43039 0.037625 0.22419
0.40808 0.037687 0.26478
0.40364 0.037691 0.27346
0.42652 0.037742 0.27585
0.40815 0.037736 0.294
0.39844 0.037778 0.30638
0.42289 0.037751 0.28331
0.41677 0.037756 0.29886
0.39703 0.037828 0.32379
0.39891 0.037903 0.33691
0.41764 0.03786 0.31612
0.40645 0.03795 0.33941
0.38194 0.038275 0.36308
0.41144 0.038022 0.34532
0.37145 0.038258 0.37672
0.36724 0.037985 0.39725
0.39355 0.038145 0.37386
0.3843 0.037999 0.3872
0.36624 0.037872 0.41787
0.35818 0.037931 0.43607
0.37985 0.037955 0.39927
0.34055 0.038291 0.45594
0.32315 0.038382 0.47989
0.35559 0.037642 0.45052
0.32718 0.0381 0.49162
0.32291 0.038429 0.5004
0.33013 0.038492 0.53329
0.32787 0.037821 0.50714
0.34735 0.03836 0.54253
0.35822 0.038074 0.56336
0.37534 0.038061 0.576
0.37262 0.038282 0.60718
0.39683 0.038255 0.62369
0.38089 0.038125 0.62886
0.39077 0.03796 0.64883
0.40022 0.038079 0.63393
0.3944 0.037863 0.65777
0.40212 0.037773 0.66906
0.40952 0.037851 0.65595
0.42073 0.037755 0.66578
0.39538 0.037739 0.68733
0.40311 0.037701 0.69543
0.42393 0.037745 0.68409
0.42578 0.037674 0.69881
0.41041 0.037653 0.71535
0.40532 0.037622 0.72753
0.42419 0.037602 0.72447
0.40559 0.037576 0.75785
0.42421 0.037574 0.74526
0.41885 0.037577 0.76063
0.41068 0.037561 0.77734
0.40295 0.037544 0.79702
0.42818 0.037544 0.77805
0.4314 0.037532 0.79354
0.41541 0.037524 0.81458
0.43246 0.037527 0.80634
0.42 0.037519 0.82295
0.40596 0.037531 0.83812
0.42524 0.037516 0.8595
0.41387 0.037521 0.87887
0.40944 0.03752 0.89672
0.42873 0.037515 0.87909
0.42348 0.037512 0.88795
0.41111 0.03752 0.90687
0.40932 0.037489 0.92965
0.42842 0.037489 0.92708
0.40403 0.037458 0.94469
0.41959 0.037471 0.93766
0.42914 0.033334 0.96111
0.43986 0.037538 0.041704
0.44569 0.037537 0.062309
0.45838 0.037534 0.045434
0.44062 0.037536 0.072705
0.44256 0.037622 0.095046
0.46508 0.037523 0.08236
0.45899 0.037698 0.10057
0.44354 0.037868 0.11733
0.46149 0.03776 0.10671
0.44941 0.037806 0.1291
0.44185 0.037553 0.14621
0.45561 0.037808 0.13002
0.46426 0.037538 0.14778
0.44874 0.037501 0.16031
0.44522 0.037551 0.18207
0.46254 0.037512 0.16879
0.4604 0.037551 0.18575
0.448 0.037556 0.19675
0.44239 0.037568 0.20828
0.45563 0.037592 0.21555
0.43875 0.037633 0.22823
0.43466 0.037676 0.24203
0.453 0.037629 0.22689
0.4369 0.037714 0.25201
0.43626 0.037719 0.26647
0.4585 0.037725 0.26067
0.46167 0.037785 0.27215
0.43344 0.037777 0.28124
0.44843 0.037833 0.28982
0.45491 0.037933 0.30233
0.43124 0.037894 0.31464
0.42711 0.037918 0.32955
0.45093 0.037972 0.30954
0.44535 0.037945 0.32199
0.42682 0.038017 0.34063
0.41749 0.038118 0.35993
0.45062 0.038095 0.33717
0.44226 0.038202 0.35009
0.43423 0.038301 0.36696
0.38884 0.037356 0.39972
0.38376 0.0371 0.42102
0.42037 0.036891 0.38018
0.40378 0.035206 0.40237
0.36487 0.036846 0.44302
0.34291 0.03614 0.47655
0.35314 0.03427 0.49129
0.33636 0.036326 0.51811
0.35443 0.037456 0.54332
0.34701 0.035618 0.52746
0.3865 0.035647 0.5633
0.38849 0.037015 0.58316
0.39959 0.037404 0.59851
0.39621 0.03624 0.5865
0.40765 0.03707 0.60069
0.40792 0.038412 0.61331
0.41687 0.038019 0.60878
0.42699 0.037984 0.62782
0.42019 0.037963 0.64335
0.44209 0.038096 0.63093
0.45139 0.037971 0.64035
0.43085 0.037764 0.65949
0.43039 0.037763 0.66861
0.45031 0.037806 0.65727
0.44875 0.037796 0.66555
0.43321 0.037712 0.68624
0.44232 0.037654 0.69898
0.46269 0.037596 0.69582
0.43969 0.03761 0.71386
0.44527 0.037581 0.72945
0.45473 0.037592 0.71124
0.45942 0.037557 0.73082
0.44815 0.03756 0.74004
0.4367 0.037555 0.76081
0.46086 0.037524 0.74414
0.45725 0.037533 0.76052
0.44118 0.03754 0.77512
0.44265 0.037528 0.7963
0.45548 0.037522 0.7782
0.46624 0.037521 0.79651
0.44441 0.037506 0.81937
0.45558 0.037502 0.81302
0.45536 0.037503 0.8224
0.44587 0.037516 0.83572
0.43874 0.037513 0.85924
0.46435 0.037509 0.83583
0.44093 0.037515 0.86938
0.44143 0.037508 0.88956
0.45389 0.037506 0.87974
0.46135 0.037503 0.89329
0.44783 0.03751 0.91305
0.44777 0.037487 0.92524
0.46093 0.037505 0.91363
0.45655 0.037474 0.92963
0.44489 0.037445 0.94677
0.46466 0.03744 0.94302
0.46055 0.033333 0.96315
0.3965 0.037849 0.43723
0.37032 0.038295 0.47018
0.37268 0.038309 0.5312
0.37665 0.03628 0.50574
0.48228 0.037522 0.04625
0.47874 0.037526 0.0651
0.49675 0.037515 0.039062
0.48869 0.037522 0.062874
0.47091 0.037524 0.082357
0.47324 0.037575 0.094846
0.49253 0.037519 0.073854
0.49095 0.037523 0.094251
0.47864 0.037578 0.11062
0.47257 0.037684 0.11598
0.48422 0.037522 0.10526
0.49421 0.037518 0.12377
0.47224 0.037651 0.13089
0.49277 0.037548 0.14769
0.47132 0.037528 0.1652
0.47916 0.037548 0.17956
0.48834 0.037557 0.16317
0.48076 0.037567 0.19568
0.47785 0.037592 0.21205
0.49254 0.037567 0.194
0.49319 0.037587 0.21072
0.47493 0.037647 0.23274
0.48165 0.037663 0.23833
0.49076 0.037642 0.22603
0.49736 0.037656 0.23822
0.46954 0.037729 0.26101
0.48296 0.037742 0.2647
0.49753 0.037724 0.26013
0.5023 0.037791 0.27225
0.47315 0.037871 0.28742
0.47596 0.037955 0.29514
0.48828 0.03797 0.29524
0.46758 0.038076 0.31146
0.47085 0.038315 0.32353
0.48737 0.038135 0.31186
0.48997 0.03836 0.3225
0.46781 0.038414 0.33242
0.47051 0.038619 0.33915
0.48958 0.03882 0.33966
0.45482 0.038251 0.36046
0.47763 0.038578 0.34664
0.47864 0.037846 0.35082
0.43624 0.036185 0.37892
0.43224 0.034627 0.39005
0.46405 0.035629 0.36373
0.46376 0.034333 0.37034
0.4182 0.033587 0.41606
0.43717 0.033362 0.49895
0.39228 0.033433 0.51804
0.40124 0.034335 0.57671
0.4441 0.033748 0.59807
0.43826 0.03545 0.60577
0.47841 0.034058 0.5874
0.49111 0.035432 0.60007
0.44169 0.037515 0.61297
0.45795 0.038173 0.61925
0.48807 0.037052 0.6093
0.49865 0.037862 0.61739
0.46188 0.038194 0.62647
0.46524 0.037905 0.64415
0.48206 0.038051 0.62608
0.49563 0.037908 0.63744
0.46306 0.037854 0.64921
0.46601 0.037731 0.66408
0.49695 0.037703 0.64717
0.47423 0.03768 0.6736
0.47275 0.03758 0.6995
0.48474 0.037603 0.67676
0.49213 0.037552 0.69048
0.47818 0.037542 0.71838
0.49255 0.037551 0.70167
0.49426 0.037523 0.72178
0.47863 0.03751 0.73977
0.48012 0.03751 0.75334
0.49562 0.037485 0.74116
0.49721 0.037499 0.75323
0.48188 0.037529 0.76673
0.47288 0.037516 0.78963
0.49356 0.037513 0.79537
0.4808 0.037494 0.82518
0.49563 0.0375 0.80638
0.49347 0.03749 0.82775
0.47881 0.037499 0.8399
0.48089 0.037492 0.85667
0.4877 0.037488 0.8538
0.47769 0.037503 0.87279
0.47498 0.037497 0.88407
0.49548 0.037497 0.87813
0.47073 0.037473 0.92642
0.49228 0.0375 0.90732
0.48741 0.037457 0.92876
0.47721 0.037428 0.94381
0.47715 0.03381 0.95214
0.48841 0.037433 0.93738
0.46227 0.03397 0.42599
0.39999 0.034158 0.50483
0.4328 0.033871 0.51337
0.45878 0.033973 0.56064
0.4587 0.036278 0.38865
0.46755 0.037114 0.38042
0.40706 0.036118 0.4331
0.38614 0.035269 0.46717
0.40943 0.037159 0.42097
0.39121 0.036599 0.44904
0.46625 0.034917 0.40994
0.42474 0.034074 0.45118
0.46603 0.036114 0.38847
0.43159 0.033788 0.49457
0.40925 0.034358 0.53558
0.36902 0.038369 0.52886
0.42046 0.037219 0.58413
0.47878 0.033949 0.55132
0.44663 0.035792 0.58285
0.4402 0.033893 0.5404
0.43182 0.036385 0.58968
0.4234 0.037025 0.58893
0.4692 0.036965 0.38192
0.42759 0.036578 0.41631
0.40637 0.03488 0.4741
0.44332 0.03585 0.41431
0.39199 0.035186 0.48236
0.44928 0.037672 0.39251
0.42676 0.034362 0.47936
0.45561 0.035124 0.41799
0.45138 0.03477 0.45998
0.38625 0.036638 0.53638
0.40391 0.036796 0.55551
0.37987 0.036073 0.50093
0.42433 0.034909 0.55683
0.41991 0.034263 0.5115
0.46995 0.034281 0.55965
0.44766 0.034118 0.50448
0.43448 0.034541 0.56164
0.42434 0.036977 0.58817
0.47347 0.037484 0.57669
0.4433 0.034493 0.44233
0.45698 0.034585 0.52792
0.50845 0.03751 0.04567
0.5266 0.037501 0.047721
0.52559 0.037503 0.057642
0.50741 0.037511 0.072299
0.50732 0.037516 0.089312
0.53084 0.037501 0.068325
0.52471 0.037507 0.089468
0.50224 0.03751 0.10715
0.51245 0.03751 0.1172
0.52857 0.037498 0.10946
0.5237 0.0375 0.11599
0.51632 0.03752 0.13786
0.51455 0.037527 0.14842
0.5206 0.037514 0.13664
0.52309 0.037533 0.15933
0.5129 0.037539 0.16447
0.51828 0.037528 0.17944
0.5323 0.037513 0.17678
0.52236 0.037525 0.18055
0.5189 0.037563 0.2041
0.50643 0.037574 0.2097
0.53238 0.037534 0.20155
0.53554 0.037525 0.21517
0.51895 0.037646 0.23337
0.51902 0.037677 0.2448
0.53307 0.037755 0.2385
0.53193 0.037847 0.24826
0.5117 0.037757 0.26988
0.53679 0.037934 0.25927
0.53301 0.037879 0.26431
0.51196 0.037806 0.28047
0.52002 0.037872 0.29341
0.53981 0.038063 0.27768
0.53887 0.038001 0.29088
0.50635 0.03803 0.3079
0.53674 0.037934 0.30771
0.53825 0.037919 0.31576
0.49832 0.038714 0.33755
0.52538 0.038284 0.32698
0.53641 0.038233 0.3488
0.50392 0.038273 0.34353
0.50561 0.03788 0.34601
0.5367 0.03771 0.37671
0.52044 0.035698 0.36408
0.51098 0.034508 0.3698
0.52957 0.035789 0.38722
0.50738 0.034431 0.42622
0.48598 0.033418 0.43991
0.49683 0.033802 0.4506
0.50439 0.033438 0.47765
0.46928 0.033381 0.52638
0.516 0.033621 0.58646
0.55021 0.03342 0.54626
0.56912 0.034216 0.58831
0.5023 0.036 0.60531
0.54048 0.035644 0.59869
0.53809 0.036829 0.60698
0.52521 0.037557 0.61506
0.50572 0.038047 0.63155
0.5213 0.038045 0.62114
0.53106 0.037912 0.63274
0.50684 0.03774 0.64412
0.51367 0.037582 0.65587
0.52872 0.037632 0.64993
0.53291 0.037621 0.65888
0.50916 0.037596 0.67368
0.50364 0.037554 0.68763
0.52203 0.037629 0.67018
0.5332 0.037574 0.68608
0.50348 0.037521 0.71195
0.50979 0.037512 0.7256
0.52061 0.037512 0.72644
0.5086 0.037481 0.73941
0.50979 0.037484 0.75078
0.52758 0.037504 0.73208
0.52101 0.037484 0.75212
0.51599 0.037507 0.76615
0.50659 0.037504 0.78903
0.52799 0.037494 0.77676
0.53236 0.037499 0.78959
0.50794 0.037493 0.80691
0.51321 0.037478 0.81654
0.52472 0.037482 0.81102
0.52513 0.037482 0.8209
0.51191 0.037486 0.85079
0.53243 0.037488 0.85784
0.51021 0.037501 0.87521
0.51563 0.037495 0.88988
0.53116 0.037498 0.87428
0.53184 0.037493 0.89248
0.50266 0.037496 0.91322
0.52108 0.037499 0.90976
0.50497 0.034014 0.9516
0.52814 0.037374 0.94402
0.52604 0.03334 0.95779
0.46644 0.034061 0.50557
0.49793 0.033824 0.5488
0.48392 0.034549 0.40287
0.47996 0.033992 0.48051
0.51697 0.03722 0.40667
0.46328 0.033911 0.44339
0.51988 0.035233 0.51561
0.48689 0.037097 0.45154
0.54251 0.036724 0.51461
0.50061 0.033823 0.52733
0.49171 0.035006 0.57068
0.53259 0.034232 0.55183
0.52163 0.036956 0.57824
0.55295 0.03449 0.54372
0.55215 0.036071 0.58363
0.57899 0.03803 0.54287
0.5761 0.038269 0.56893
0.50911 0.03648 0.58482
0.51284 0.03688 0.39496
0.51357 0.035983 0.40165
0.45709 0.033939 0.48291
0.48517 0.034912 0.42524
0.47883 0.034775 0.46187
0.48614 0.037352 0.45137
0.5141 0.035539 0.49658
0.49179 0.034928 0.4848
0.51607 0.034288 0.53306
0.5073 0.036318 0.56304
0.48518 0.034583 0.51329
0.50202 0.034952 0.55693
0.57254 0.037608 0.55089
0.566 0.03697 0.57564
0.5455 0.035764 0.52665
0.46508 0.034429 0.45255
0.4743 0.0345 0.46631
0.49573 0.034614 0.52006
0.54221 0.037497 0.054849
0.56447 0.037488 0.036763
0.56021 0.03749 0.064092
0.54427 0.037497 0.094216
0.55618 0.03749 0.072512
0.55689 0.037492 0.090226
0.54455 0.03749 0.11046
0.54916 0.037498 0.12658
0.55425 0.037485 0.10993
0.55444 0.037494 0.12693
0.5454 0.037496 0.13697
0.56499 0.037485 0.13913
0.55802 0.037488 0.15065
0.54895 0.037496 0.17515
0.56674 0.037482 0.17355
0.55031 0.037482 0.20754
0.54373 0.037577 0.2248
0.56617 0.037487 0.20464
0.55879 0.037627 0.23069
0.54744 0.037817 0.23909
0.55444 0.037754 0.23783
0.55836 0.03787 0.25569
0.54741 0.038091 0.26208
0.55725 0.037904 0.26638
0.55628 0.037938 0.2718
0.54563 0.038048 0.28749
0.55986 0.037837 0.28636
0.55828 0.03781 0.29411
0.55104 0.037829 0.30822
0.54969 0.037878 0.3285
0.56141 0.03768 0.32252
0.56443 0.037677 0.34198
0.54259 0.038032 0.33214
0.54626 0.038013 0.36557
0.55814 0.037785 0.35296
0.53427 0.037855 0.3895
0.53453 0.037559 0.40553
0.5313 0.037379 0.41038
0.51355 0.035171 0.433
0.53307 0.036849 0.43429
0.51947 0.034097 0.46215
0.54088 0.033979 0.49525
0.57007 0.033922 0.52394
0.59828 0.036175 0.53434
0.60412 0.036693 0.56086
0.5886 0.035857 0.59004
0.56349 0.037336 0.59919
0.59862 0.036774 0.58561
0.60263 0.037377 0.59373
0.56868 0.037711 0.60305
0.59827 0.037701 0.60967
0.57682 0.037875 0.61515
0.55716 0.037773 0.62205
0.53964 0.037859 0.63343
0.57656 0.03773 0.63863
0.5472 0.03777 0.64643
0.54733 0.037672 0.66438
0.57005 0.037705 0.64341
0.53999 0.037642 0.67107
0.5484 0.037589 0.69353
0.56368 0.037633 0.67493
0.5552 0.037592 0.69421
0.53705 0.037545 0.70924
0.53956 0.037531 0.72477
0.55908 0.037583 0.7026
0.54036 0.037502 0.73645
0.55345 0.037484 0.74526
0.56368 0.037491 0.75969
0.53926 0.037497 0.76703
0.5431 0.0375 0.79112
0.56425 0.037481 0.7782
0.56396 0.037505 0.79531
0.54816 0.037507 0.80255
0.54297 0.037487 0.82744
0.55473 0.037504 0.80503
0.55562 0.037487 0.82384
0.54003 0.037483 0.84618
0.55341 0.037485 0.84479
0.56025 0.037488 0.8604
0.54173 0.037489 0.88511
0.55648 0.03749 0.87943
0.56421 0.03749 0.88712
0.54678 0.037494 0.90724
0.53725 0.03744 0.9281
0.55895 0.037495 0.9106
0.5551 0.037446 0.92772
0.5438 0.037389 0.94322
0.54778 0.033335 0.9597
0.56308 0.037406 0.94037
0.5541 0.033661 0.95263
0.54661 0.03652 0.51745
0.5566 0.03676 0.52341
0.57713 0.037483 0.045369
0.58753 0.03748 0.04084
0.59561 0.037479 0.063711
0.57322 0.037482 0.096944
0.58986 0.037478 0.074353
0.59633 0.037476 0.096115
0.57253 0.037477 0.11292
0.57729 0.037482 0.12812
0.59503 0.037472 0.10723
0.58777 0.037474 0.11919
0.58316 0.037473 0.14678
0.59976 0.037469 0.13954
0.59418 0.037475 0.15776
0.58042 0.037467 0.17766
0.57326 0.037482 0.18792
0.58899 0.03746 0.18035
0.59879 0.03746 0.18739
0.57105 0.03753 0.22407
0.59201 0.037483 0.21398
0.57056 0.037612 0.24237
0.56667 0.037707 0.25581
0.5988 0.037477 0.23854
0.58673 0.037492 0.25637
0.57468 0.037573 0.26153
0.58579 0.037508 0.26893
0.58804 0.037531 0.2847
0.56544 0.037735 0.28791
0.57463 0.037596 0.30572
0.58966 0.037543 0.30402
0.58661 0.037542 0.31331
0.57273 0.037594 0.32918
0.58944 0.037477 0.34487
0.58828 0.037455 0.35966
0.56665 0.037602 0.36413
0.5554 0.037414 0.39733
0.57322 0.037442 0.38435
0.54733 0.037101 0.41685
0.54558 0.037122 0.43182
0.56921 0.037438 0.41723
0.53907 0.037331 0.44335
0.53586 0.037417 0.46286
0.54135 0.037478 0.45193
0.54121 0.037293 0.46124
0.54705 0.036701 0.49013
0.56619 0.037538 0.50635
0.54814 0.037015 0.47998
0.5693 0.037655 0.50431
0.60109 0.037506 0.52832
0.61123 0.038069 0.54591
0.59725 0.037548 0.51965
0.61644 0.038167 0.54924
0.6116 0.037741 0.56097
0.60425 0.037622 0.59854
0.62002 0.038061 0.55989
0.61976 0.037817 0.58307
0.61095 0.037941 0.61104
0.61814 0.037972 0.60663
0.61987 0.038048 0.62621
0.60007 0.037923 0.63375
0.59237 0.037791 0.63974
0.61956 0.038155 0.64575
0.58351 0.03767 0.64998
0.57723 0.037611 0.66709
0.61786 0.037956 0.65715
0.59973 0.037646 0.66734
0.58144 0.03761 0.67672
0.59214 0.03762 0.67485
0.59004 0.037609 0.68993
0.57132 0.03754 0.72138
0.59084 0.037547 0.72009
0.57233 0.037517 0.73356
0.59657 0.037487 0.74552
0.5919 0.037492 0.76141
0.5709 0.037486 0.78563
0.59137 0.0375 0.79548
0.57836 0.037508 0.79901
0.57676 0.037486 0.81656
0.58999 0.037491 0.81249
0.57767 0.037491 0.84168
0.5964 0.037494 0.84299
0.57315 0.037493 0.86988
0.59596 0.037495 0.89355
0.57333 0.037497 0.90919
0.59224 0.037498 0.90752
0.5735 0.037388 0.94649
0.57665 0.033956 0.95181
0.59078 0.037418 0.94187
0.58549 0.033333 0.96316
0.61104 0.037476 0.045622
0.61339 0.037475 0.062887
0.63121 0.037474 0.042857
0.63314 0.037474 0.05429
0.61681 0.037472 0.076647
0.60512 0.037476 0.08903
0.63347 0.03747 0.081187
0.62851 0.037472 0.087587
0.61251 0.037466 0.11369
0.61103 0.037468 0.13
0.62401 0.037465 0.10695
0.63021 0.037461 0.12707
0.60524 0.037468 0.13475
0.61634 0.037462 0.16384
0.63003 0.037457 0.13765
0.63068 0.037453 0.15286
0.60916 0.037455 0.176
0.61598 0.037451 0.18915
0.62933 0.037451 0.17128
0.61403 0.037447 0.21124
0.60682 0.037468 0.2295
0.62337 0.037433 0.21545
0.62343 0.037435 0.22832
0.60265 0.037434 0.25243
0.62149 0.037409 0.24685
0.62385 0.037408 0.25747
0.62393 0.037416 0.28233
0.60305 0.037463 0.32216
0.6162 0.037439 0.30743
0.61898 0.037401 0.34197
0.61169 0.037402 0.34882
0.60777 0.037325 0.37884
0.58447 0.037388 0.38475
0.57868 0.037503 0.41016
0.59662 0.03731 0.38586
0.59046 0.03756 0.40962
0.56125 0.037208 0.43978
0.57592 0.037153 0.43746
0.56045 0.03699 0.45192
0.55767 0.036859 0.47496
0.56984 0.036912 0.45839
0.57448 0.036944 0.46218
0.58015 0.037251 0.4966
0.5848 0.037101 0.4821
0.60036 0.037251 0.49938
0.6074 0.037572 0.51318
0.62228 0.038164 0.5421
0.61772 0.037528 0.5099
0.62785 0.037847 0.53344
0.63136 0.03807 0.55527
0.6357 0.03783 0.57892
0.64115 0.037919 0.55492
0.64262 0.037839 0.57401
0.63472 0.037827 0.59489
0.64534 0.037797 0.60293
0.63176 0.038145 0.63903
0.64703 0.037869 0.63859
0.6259 0.038171 0.6568
0.61485 0.03779 0.66866
0.63466 0.037806 0.67573
0.63562 0.03768 0.68387
0.60722 0.037606 0.70253
0.60546 0.037546 0.72006
0.62724 0.037529 0.72341
0.61004 0.03751 0.73903
0.60487 0.037484 0.75192
0.6245 0.037497 0.74242
0.62439 0.037483 0.75039
0.60898 0.037483 0.77772
0.61033 0.037484 0.78405
0.62564 0.037483 0.7777
0.62802 0.037483 0.78486
0.60304 0.037505 0.80056
0.60607 0.037497 0.82966
0.62825 0.037501 0.8037
0.63215 0.037499 0.82687
0.60672 0.0375 0.83694
0.60224 0.037491 0.85171
0.62473 0.037502 0.84127
0.62247 0.037495 0.85532
0.60945 0.037496 0.86886
0.60439 0.037495 0.8896
0.61858 0.037498 0.87754
0.62845 0.037498 0.88745
0.60714 0.037499 0.90847
0.60795 0.037476 0.92602
0.61952 0.037478 0.92747
0.60975 0.037444 0.94486
0.6216 0.037459 0.93741
0.62767 0.033333 0.96435
0.64033 0.037473 0.047288
0.65512 0.037472 0.038483
0.65714 0.037469 0.064714
0.64769 0.037467 0.080563
0.64159 0.037464 0.09754
0.66482 0.037466 0.074874
0.66769 0.037465 0.086841
0.65709 0.037453 0.11209
0.64908 0.037448 0.16381
0.65927 0.037446 0.14502
0.66043 0.037445 0.16343
0.64455 0.037442 0.1732
0.64554 0.037433 0.19765
0.65918 0.037428 0.18067
0.6556 0.037424 0.188
0.64496 0.037426 0.20485
0.64161 0.037416 0.22211
0.66427 0.037413 0.20791
0.66279 0.037408 0.2245
0.6364 0.037408 0.24521
0.64143 0.03741 0.26567
0.65369 0.037382 0.27035
0.63463 0.037393 0.28385
0.63234 0.037387 0.30059
0.65979 0.03735 0.28463
0.64888 0.037351 0.2955
0.6336 0.037365 0.322
0.64453 0.037359 0.34331
0.62491 0.037386 0.35017
0.61728 0.037262 0.38226
0.64355 0.037332 0.35399
0.63855 0.037242 0.37866
0.60397 0.037403 0.4124
0.61511 0.037262 0.40801
0.6019 0.037195 0.43786
0.61654 0.037172 0.4272
0.6156 0.037176 0.43738
0.59221 0.037087 0.45564
0.60338 0.037068 0.46818
0.6186 0.03715 0.45407
0.61057 0.037152 0.48618
0.6141 0.03718 0.49254
0.62332 0.037166 0.48473
0.6357 0.037261 0.49833
0.62623 0.037395 0.50681
0.63838 0.037634 0.52635
0.6455 0.037402 0.51199
0.66139 0.037492 0.52928
0.66399 0.037647 0.55575
0.67138 0.0378 0.57395
0.66657 0.037884 0.58243
0.66999 0.037754 0.59743
0.68071 0.037816 0.59577
0.66154 0.037649 0.63208
0.67727 0.037569 0.61157
0.66807 0.037635 0.63618
0.65339 0.037854 0.65061
0.67404 0.037624 0.64916
0.65043 0.037534 0.68975
0.65611 0.037676 0.67254
0.65716 0.037549 0.68465
0.64321 0.037458 0.70543
0.64042 0.037498 0.72238
0.65701 0.037447 0.7104
0.66659 0.037474 0.72289
0.64618 0.037493 0.73318
0.64069 0.037483 0.7521
0.65984 0.037488 0.7403
0.65655 0.037477 0.75059
0.63636 0.037484 0.77582
0.64581 0.037482 0.78818
0.65449 0.037482 0.77095
0.65462 0.037486 0.79227
0.6456 0.037495 0.80572
0.64229 0.037499 0.82692
0.66214 0.037498 0.80921
0.66392 0.037502 0.82847
0.64389 0.037503 0.83452
0.64346 0.0375 0.85147
0.65381 0.037507 0.83948
0.6593 0.037504 0.86122
0.64743 0.037502 0.87903
0.64733 0.037501 0.88704
0.65414 0.037503 0.88021
0.66252 0.037506 0.89255
0.64351 0.037504 0.90679
0.63605 0.03747 0.92656
0.6622 0.037507 0.90178
0.65849 0.037496 0.91782
0.63492 0.037432 0.94133
0.64055 0.033536 0.95336
0.65578 0.037416 0.93924
0.66373 0.033421 0.95451
0.6822 0.03747 0.045318
0.68434 0.03747 0.052239
0.70074 0.037468 0.040793
0.69204 0.037467 0.059901
0.6996 0.037463 0.073052
0.69802 0.037459 0.093848
0.67206 0.037456 0.10414
0.67233 0.037451 0.12644
0.67565 0.037445 0.14457
0.67763 0.037442 0.16189
0.68077 0.037428 0.17457
0.6933 0.037419 0.17919
0.67956 0.0374 0.2134
0.67009 0.037404 0.22501
0.69422 0.037385 0.22032
0.68579 0.037387 0.2339
0.6733 0.037374 0.24869
0.68412 0.037355 0.2552
0.68977 0.037351 0.26037
0.67036 0.037327 0.29985
0.68831 0.037322 0.28933
0.6798 0.037319 0.29833
0.65895 0.037326 0.338
0.67879 0.037302 0.32672
0.6773 0.037301 0.33367
0.66357 0.03726 0.35319
0.65429 0.037231 0.36773
0.66945 0.037233 0.36216
0.66282 0.0372 0.37653
0.64356 0.037162 0.39137
0.63711 0.037121 0.40334
0.66384 0.037175 0.39412
0.6627 0.037173 0.4035
0.64345 0.037124 0.41984
0.63684 0.037155 0.43979
0.65767 0.037171 0.41962
0.66567 0.037183 0.43444
0.64027 0.037144 0.46903
0.66334 0.037171 0.45393
0.64692 0.037192 0.4832
0.66014 0.037233 0.49434
0.67463 0.037231 0.4805
0.68127 0.037295 0.49885
0.66049 0.037408 0.51387
0.66792 0.037462 0.53098
0.68549 0.037384 0.52288
0.67229 0.037459 0.54144
0.68295 0.037743 0.57294
0.68771 0.037372 0.54015
0.69539 0.037573 0.5711
0.6877 0.037728 0.59823
0.69373 0.037692 0.57924
0.70954 0.037518 0.59809
0.69479 0.037561 0.60605
0.70573 0.037487 0.61593
0.70722 0.037507 0.63248
0.68597 0.037563 0.64934
0.68368 0.037547 0.65736
0.70024 0.037526 0.6417
0.69957 0.037517 0.65684
0.67595 0.037481 0.69143
0.69325 0.037472 0.68546
0.68165 0.037486 0.70956
0.67243 0.037478 0.72123
0.68807 0.037484 0.70102
0.67795 0.037488 0.74579
0.67119 0.037486 0.76139
0.69397 0.037494 0.73773
0.69775 0.037498 0.75963
0.6744 0.03749 0.77005
0.67653 0.037491 0.78919
0.6923 0.037499 0.76899
0.6864 0.037499 0.79691
0.67221 0.0375 0.80439
0.68564 0.037502 0.80256
0.68765 0.037505 0.82574
0.67969 0.037506 0.84694
0.69345 0.037509 0.83659
0.68651 0.037509 0.86366
0.67956 0.037509 0.86983
0.68997 0.037511 0.86883
0.69042 0.037512 0.89328
0.67806 0.037511 0.90742
0.66881 0.037449 0.92993
0.68864 0.037451 0.92918
0.67965 0.037397 0.94199
0.68097 0.033333 0.96337
0.69473 0.033343 0.95747
0.71048 0.037468 0.037536
0.70946 0.037467 0.055444
0.72602 0.037468 0.042829
0.72858 0.037464 0.061727
0.71209 0.03746 0.077691
0.72945 0.037459 0.077112
0.7122 0.037451 0.10359
0.7085 0.037442 0.12983
0.72708 0.037441 0.11527
0.73072 0.037436 0.13106
0.70593 0.037429 0.16246
0.73255 0.037429 0.15106
0.73014 0.037424 0.1639
0.70627 0.037413 0.18155
0.70369 0.037402 0.19945
0.72211 0.037418 0.17334
0.73075 0.037404 0.19245
0.70538 0.037394 0.20718
0.70405 0.03738 0.22695
0.72 0.037382 0.21567
0.70923 0.037355 0.25474
0.72736 0.037337 0.26165
0.7099 0.037327 0.279
0.70669 0.037313 0.30085
0.69192 0.037313 0.31847
0.6962 0.037285 0.34134
0.71907 0.037297 0.31848
0.70413 0.037279 0.34224
0.69644 0.037269 0.34803
0.69189 0.037225 0.37139
0.70904 0.037275 0.34807
0.71154 0.037258 0.36985
0.69067 0.037192 0.38991
0.67704 0.037191 0.40158
0.70187 0.037225 0.38181
0.69488 0.037199 0.40453
0.68118 0.037195 0.42282
0.7064 0.037253 0.4121
0.69526 0.037223 0.42943
0.68565 0.037189 0.44308
0.6795 0.037203 0.46642
0.70404 0.037271 0.44792
0.70077 0.037262 0.46286
0.68858 0.037224 0.47408
0.6923 0.037259 0.4918
0.69631 0.037244 0.47181
0.70708 0.037307 0.493
0.70785 0.03733 0.50875
0.71666 0.037352 0.5219
0.70491 0.037366 0.54857
0.72262 0.037355 0.54564
0.73121 0.037362 0.56669
0.72683 0.0376 0.6018
0.73365 0.037362 0.57982
0.73178 0.037482 0.59121
0.72252 0.037568 0.62736
0.73409 0.037788 0.60914
0.73819 0.037724 0.62614
0.71863 0.037514 0.64602
0.72209 0.037502 0.65281
0.73143 0.03753 0.64003
0.73209 0.037511 0.66028
0.71634 0.037486 0.68084
0.71135 0.037488 0.68966
0.72789 0.037509 0.67235
0.73051 0.037502 0.68694
0.71724 0.037497 0.70929
0.70489 0.037494 0.7222
0.72173 0.037496 0.71865
0.70823 0.0375 0.73896
0.7075 0.037499 0.75346
0.72925 0.037504 0.73709
0.72508 0.037501 0.7561
0.71172 0.037512 0.77335
0.70252 0.037504 0.7896
0.72352 0.037511 0.77259
0.71182 0.03751 0.81299
0.70251 0.037509 0.82479
0.72447 0.037513 0.80172
0.71467 0.037515 0.83469
0.70242 0.037512 0.8576
0.72104 0.037516 0.83506
0.70935 0.037516 0.88
0.70333 0.037514 0.8847
0.71947 0.037519 0.87135
0.73153 0.037523 0.89511
0.70227 0.037517 0.90811
0.7135 0.03751 0.91762
0.72979 0.037523 0.90483
0.70903 0.033335 0.95963
0.73104 0.037413 0.94002
0.7399 0.037468 0.043866
0.74252 0.037465 0.058168
0.76206 0.037463 0.059526
0.75689 0.037455 0.078718
0.75454 0.03745 0.093181
0.76489 0.037444 0.10725
0.75479 0.037439 0.12117
0.74278 0.037428 0.15041
0.73887 0.037427 0.15639
0.75607 0.037431 0.13812
0.76367 0.037413 0.16232
0.73977 0.037413 0.17626
0.74467 0.037393 0.20028
0.75539 0.037399 0.18333
0.75341 0.037388 0.19856
0.74772 0.037377 0.21235
0.74061 0.037355 0.23799
0.75835 0.037356 0.23164
0.73907 0.037338 0.25186
0.762 0.037343 0.24237
0.74139 0.037311 0.27734
0.72816 0.037304 0.29461
0.7556 0.037309 0.28049
0.72728 0.037293 0.33694
0.74335 0.037296 0.31129
0.74355 0.037295 0.33287
0.72309 0.037286 0.34926
0.7195 0.037266 0.37435
0.74215 0.03728 0.35397
0.7453 0.037276 0.3651
0.72839 0.037245 0.38758
0.72309 0.037246 0.39584
0.74698 0.037271 0.38291
0.73567 0.037248 0.39725
0.71974 0.03726 0.41025
0.71781 0.037271 0.43532
0.74138 0.03727 0.41761
0.71479 0.03728 0.44701
0.71664 0.03729 0.46469
0.73872 0.037273 0.44676
0.74293 0.037282 0.45677
0.72837 0.037278 0.47091
0.72132 0.037307 0.48913
0.74729 0.03731 0.47585
0.74675 0.037315 0.48578
0.74831 0.037337 0.50713
0.74535 0.037342 0.52928
0.73416 0.037354 0.5439
0.73791 0.037358 0.563
0.7505 0.037361 0.53978
0.76063 0.037389 0.55523
0.74818 0.037379 0.58522
0.75337 0.037655 0.60301
0.75689 0.03768 0.60678
0.74414 0.037562 0.63946
0.74458 0.037523 0.65804
0.76118 0.03755 0.64065
0.74779 0.037545 0.67261
0.74468 0.037526 0.69258
0.76471 0.037532 0.68078
0.74786 0.037524 0.71199
0.74438 0.037515 0.7311
0.7438 0.037505 0.74855
0.74069 0.037504 0.7529
0.75897 0.037509 0.75583
0.74552 0.037516 0.77414
0.74435 0.037517 0.79301
0.7542 0.037512 0.76951
0.74858 0.037519 0.81328
0.74798 0.037521 0.83108
0.75621 0.03752 0.80444
0.76196 0.037521 0.82279
0.73858 0.037522 0.85843
0.75633 0.037524 0.84645
0.74349 0.037524 0.868
0.7395 0.037525 0.89706
0.75613 0.037526 0.87733
0.75551 0.037527 0.89228
0.74632 0.037527 0.90148
0.76175 0.03753 0.90866
0.75438 0.037481 0.92847
0.73675 0.037424 0.93893
0.73852 0.033343 0.95756
0.76327 0.033334 0.96064
0.77348 0.037466 0.044293
0.7818 0.037464 0.053096
0.79617 0.037465 0.047919
0.79903 0.037459 0.064312
0.77711 0.037457 0.069882
0.79112 0.037448 0.092373
0.78164 0.03744 0.11649
0.78059 0.03743 0.13254
0.79231 0.03744 0.11298
0.79589 0.03743 0.12768
0.78147 0.037417 0.1478
0.77859 0.037407 0.16156
0.78837 0.03742 0.14052
0.78933 0.037398 0.16633
0.77826 0.037387 0.18232
0.79756 0.03739 0.17292
0.78577 0.03737 0.20131
0.77663 0.037365 0.21275
0.77853 0.037348 0.23453
0.79254 0.037352 0.21755
0.78781 0.037344 0.23336
0.76911 0.037339 0.24468
0.76656 0.037321 0.27075
0.78704 0.037335 0.24304
0.7862 0.037327 0.26101
0.78691 0.037322 0.28279
0.75808 0.037298 0.32155
0.76313 0.037298 0.33647
0.7903 0.037299 0.30818
0.77604 0.037282 0.33009
0.76241 0.037292 0.35275
0.75991 0.03729 0.3685
0.77379 0.037282 0.34497
0.77175 0.037283 0.36406
0.76169 0.037286 0.38313
0.76501 0.037282 0.39851
0.78054 0.037295 0.38077
0.78047 0.037299 0.39851
0.7628 0.037285 0.41261
0.75873 0.037288 0.42696
0.77149 0.037292 0.40969
0.77645 0.037305 0.43161
0.75805 0.037296 0.4467
0.77454 0.037307 0.44869
0.77205 0.037303 0.45299
0.75504 0.037313 0.47241
0.76256 0.037322 0.4873
0.77591 0.037322 0.47035
0.78599 0.037355 0.49138
0.77062 0.03734 0.51112
0.78017 0.037351 0.50746
0.78989 0.037382 0.52807
0.76647 0.037395 0.55881
0.78509 0.03738 0.53361
0.79015 0.037405 0.56066
0.77469 0.037404 0.57863
0.77219 0.037434 0.58994
0.78891 0.03741 0.5764
0.77832 0.037429 0.60305
0.78711 0.037431 0.60434
0.77131 0.037556 0.63558
0.77307 0.037534 0.6564
0.7953 0.037523 0.64247
0.79087 0.037525 0.66326
0.7745 0.037529 0.68117
0.77635 0.037525 0.68949
0.79691 0.037521 0.67959
0.79644 0.03752 0.68482
0.78049 0.037517 0.70906
0.77034 0.03752 0.73032
0.78692 0.037518 0.73166
0.77692 0.037523 0.74015
0.78026 0.037516 0.76274
0.79727 0.037522 0.74032
0.79525 0.037525 0.7933
0.77058 0.037523 0.81449
0.7769 0.037525 0.82946
0.78717 0.037525 0.80503
0.79736 0.037528 0.82956
0.77589 0.037527 0.85207
0.78737 0.037528 0.84102
0.77769 0.03753 0.87633
0.77146 0.03753 0.89457
0.79508 0.037534 0.89143
0.77674 0.037487 0.93066
0.79128 0.037535 0.91252
0.78113 0.03744 0.9476
0.7722 0.033333 0.96301
0.79059 0.037453 0.94105
0.79576 0.033367 0.95597
0.80358 0.037465 0.047186
0.80419 0.037463 0.054768
0.82936 0.037464 0.04736
0.83177 0.037464 0.052762
0.80341 0.037453 0.078477
0.80488 0.037447 0.094347
0.82836 0.037456 0.074198
0.82124 0.037448 0.091429
0.80998 0.037442 0.10704
0.80858 0.03743 0.1255
0.82017 0.037438 0.11007
0.82706 0.037424 0.1279
0.82691 0.03741 0.14359
0.81916 0.037377 0.1789
0.81902 0.037366 0.1911
0.80926 0.037345 0.21237
0.80184 0.037336 0.22822
0.83078 0.037335 0.2186
0.82731 0.03732 0.22872
0.80241 0.037319 0.24372
0.80452 0.037316 0.26359
0.82782 0.037297 0.26249
0.81059 0.037319 0.28642
0.80467 0.037321 0.29566
0.82711 0.037315 0.28225
0.81848 0.037313 0.29858
0.80747 0.037307 0.30841
0.80002 0.037293 0.32491
0.81937 0.037308 0.30916
0.81007 0.037295 0.33353
0.79519 0.037292 0.34938
0.79958 0.037294 0.35864
0.80991 0.037294 0.35106
0.79259 0.0373 0.38281
0.79078 0.037307 0.40074
0.81789 0.037294 0.38179
0.79092 0.037315 0.41254
0.79152 0.037324 0.43017
0.81071 0.037306 0.4247
0.79231 0.037329 0.44355
0.80264 0.037318 0.45461
0.81809 0.037317 0.43986
0.7951 0.037347 0.47179
0.79177 0.037362 0.49136
0.79382 0.037373 0.50988
0.80504 0.037364 0.51854
0.81732 0.037361 0.51837
0.80515 0.037405 0.5531
0.81507 0.037393 0.5489
0.80837 0.037438 0.59529
0.82826 0.037432 0.57505
0.82392 0.037439 0.59218
0.81158 0.037446 0.61071
0.81361 0.037469 0.6257
0.82649 0.037446 0.60521
0.82089 0.037459 0.62239
0.80747 0.037522 0.64434
0.80825 0.037523 0.65129
0.82176 0.037476 0.63356
0.81391 0.037516 0.66726
0.80705 0.037522 0.69722
0.82519 0.037513 0.68542
0.80948 0.037522 0.70887
0.8239 0.037517 0.70765
0.80598 0.037522 0.73552
0.80674 0.037524 0.76116
0.8322 0.037522 0.73956
0.83267 0.037525 0.75467
0.80364 0.037524 0.77428
0.80719 0.037527 0.79564
0.83123 0.037527 0.77785
0.82489 0.037527 0.79241
0.80985 0.037529 0.8051
0.82427 0.037533 0.8259
0.8039 0.037532 0.84594
0.81037 0.037534 0.85877
0.82923 0.037535 0.84191
0.82877 0.037537 0.86112
0.81426 0.037537 0.8712
0.80374 0.037536 0.89011
0.82587 0.03754 0.88004
0.80543 0.037538 0.90536
0.80445 0.03752 0.92067
0.81828 0.03754 0.90659
0.80446 0.037452 0.93743
0.81219 0.033334 0.96105
0.82687 0.037411 0.94767
0.82051 0.033333 0.96333
0.84249 0.037463 0.045017
0.83938 0.037462 0.05542
0.86151 0.037462 0.045181
0.84524 0.037455 0.08024
0.84868 0.037446 0.092687
0.85217 0.037456 0.075294
0.85389 0.037448 0.090914
0.85541 0.037431 0.11001
0.85462 0.037413 0.13438
0.83932 0.037404 0.1497
0.8461 0.037388 0.16247
0.85861 0.037405 0.14502
0.85251 0.037396 0.15554
0.83701 0.037363 0.18542
0.83958 0.037354 0.1967
0.85651 0.037354 0.1857
0.8649 0.037332 0.20175
0.84886 0.03734 0.21397
0.83734 0.037307 0.23476
0.86059 0.037322 0.217
0.85466 0.037318 0.23663
0.85013 0.03727 0.2489
0.8617 0.037402 0.24942
0.86229 0.037398 0.25789
0.85408 0.037312 0.27576
0.85358 0.037309 0.29622
0.83588 0.037309 0.31693
0.82834 0.037306 0.32671
0.85513 0.037309 0.30825
0.84885 0.037308 0.3212
0.83101 0.03731 0.35601
0.84924 0.037311 0.34311
0.85693 0.037318 0.36125
0.83365 0.037315 0.38098
0.84347 0.037318 0.37898
0.85265 0.037326 0.39091
0.83717 0.037324 0.41
0.83843 0.037325 0.4225
0.84341 0.037325 0.40478
0.85313 0.037338 0.42917
0.83026 0.03733 0.44079
0.82459 0.03733 0.4555
0.84552 0.037334 0.44449
0.85145 0.037345 0.45839
0.82903 0.037345 0.47507
0.83492 0.037354 0.48855
0.83523 0.037369 0.50915
0.8432 0.037384 0.52685
0.8598 0.037391 0.51793
0.83988 0.037398 0.53717
0.84193 0.037414 0.55241
0.85865 0.037407 0.5375
0.85648 0.037416 0.55024
0.84498 0.037429 0.57192
0.83821 0.037452 0.59163
0.85933 0.03743 0.57053
0.85218 0.037439 0.58736
0.84742 0.037462 0.61757
0.85725 0.037449 0.59879
0.85242 0.037466 0.62815
0.84775 0.037484 0.65735
0.86269 0.037473 0.63638
0.8571 0.037485 0.66094
0.84698 0.037499 0.67772
0.83838 0.037508 0.6873
0.85929 0.03749 0.66983
0.86211 0.037502 0.6953
0.83972 0.037512 0.70581
0.84622 0.037516 0.72409
0.85407 0.037503 0.70218
0.85484 0.037513 0.7269
0.84363 0.037521 0.73706
0.84079 0.037526 0.76356
0.85635 0.037523 0.75923
0.83711 0.037529 0.79435
0.85999 0.037526 0.77012
0.86408 0.03753 0.78941
0.84036 0.037533 0.81428
0.86265 0.037533 0.80394
0.85948 0.037535 0.82153
0.84226 0.037537 0.84212
0.85912 0.037538 0.83789
0.86013 0.03754 0.85558
0.84469 0.037542 0.87451
0.84019 0.037543 0.89558
0.85875 0.037543 0.86868
0.84361 0.037539 0.91778
0.86249 0.037547 0.90433
0.85396 0.037532 0.92087
0.84809 0.037486 0.935
0.84114 0.033335 0.96029
0.86137 0.037496 0.93456
0.8596 0.033333 0.96347
0.86915 0.037462 0.039266
0.87085 0.037459 0.061773
0.88565 0.037461 0.040098
0.88712 0.037461 0.052412
0.88038 0.037455 0.077585
0.88084 0.037446 0.093631
0.89549 0.037454 0.079711
0.88962 0.037451 0.087329
0.88003 0.037432 0.11083
0.88068 0.037416 0.13018
0.88916 0.037424 0.12093
0.87375 0.037407 0.14092
0.88087 0.037382 0.1619
0.89241 0.0374 0.15086
0.88741 0.037377 0.16572
0.87525 0.037329 0.1968
0.89132 0.037367 0.1737
0.89485 0.037341 0.19479
0.87114 0.037313 0.21085
0.87691 0.037412 0.22939
0.88833 0.037296 0.21946
0.88442 0.037494 0.23346
0.87309 0.037557 0.24429
0.87137 0.037376 0.27359
0.87109 0.0373 0.28991
0.89187 0.037472 0.26616
0.88593 0.037293 0.29114
0.86513 0.037312 0.31609
0.87494 0.037318 0.32381
0.8827 0.037302 0.30319
0.88111 0.037315 0.32033
0.87105 0.037321 0.34625
0.88802 0.037321 0.34041
0.89304 0.037324 0.35389
0.87023 0.037328 0.38083
0.86205 0.037328 0.38864
0.88606 0.037325 0.37279
0.88895 0.037333 0.39303
0.86444 0.037338 0.40807
0.86684 0.037345 0.42022
0.88996 0.037344 0.41319
0.88507 0.037345 0.41886
0.8743 0.037355 0.44087
0.87902 0.03736 0.45035
0.875 0.037379 0.47832
0.87353 0.037389 0.49276
0.88068 0.037387 0.49093
0.86413 0.037386 0.50243
0.87293 0.037411 0.52651
0.88444 0.037399 0.51008
0.88656 0.037406 0.52264
0.86939 0.037416 0.53637
0.88637 0.037413 0.53452
0.89112 0.037423 0.54854
0.87585 0.037436 0.57044
0.87432 0.037451 0.59315
0.88858 0.037433 0.57082
0.88601 0.037447 0.59393
0.8736 0.037456 0.60147
0.87965 0.03747 0.62715
0.88589 0.037454 0.60501
0.88572 0.037464 0.6223
0.87823 0.037483 0.64513
0.8875 0.037476 0.64282
0.89088 0.037482 0.65514
0.87122 0.037492 0.67157
0.89783 0.037501 0.69427
0.87107 0.03751 0.71014
0.87993 0.037516 0.72749
0.89451 0.037504 0.70075
0.88989 0.037511 0.72002
0.87278 0.037519 0.74288
0.87136 0.037524 0.76268
0.88673 0.037517 0.7407
0.89728 0.037522 0.76168
0.87377 0.037529 0.77818
0.87786 0.037532 0.79512
0.88961 0.037529 0.7858
0.87074 0.037536 0.81361
0.87686 0.037538 0.8228
0.8886 0.037533 0.80268
0.87608 0.03754 0.83863
0.88074 0.037544 0.86204
0.89393 0.03754 0.83768
0.88568 0.037543 0.85709
0.87382 0.037547 0.88981
0.89137 0.037546 0.86825
0.89436 0.037548 0.88845
0.87917 0.037549 0.9023
0.88039 0.037523 0.92812
0.89239 0.03755 0.90886
0.89595 0.037512 0.92974
0.87141 0.037489 0.94021
0.89739 0.033334 0.96097
0.90469 0.037463 0.037636
0.9116 0.037462 0.054762
0.9219 0.037443 0.038982
0.91462 0.037456 0.076594
0.90325 0.037448 0.092046
0.92814 0.037404 0.096332
0.91079 0.037435 0.11106
0.90879 0.037418 0.13214
0.92047 0.037425 0.10571
0.92291 0.037408 0.12063
0.90474 0.037413 0.13773
0.90683 0.037389 0.16252
0.92125 0.037393 0.1422
0.91169 0.037364 0.19292
0.92648 0.037351 0.17546
0.92867 0.03732 0.20082
0.91199 0.037349 0.21079
0.90747 0.037361 0.22923
0.92458 0.037315 0.21414
0.9142 0.037319 0.23197
0.89837 0.037539 0.25048
0.92227 0.037252 0.24675
0.91542 0.037265 0.25852
0.9018 0.037375 0.26967
0.92791 0.037264 0.2814
0.9271 0.037274 0.29559
0.9073 0.037324 0.32709
0.91967 0.037298 0.30393
0.9185 0.037311 0.32389
0.89905 0.037323 0.33799
0.90178 0.037329 0.36296
0.92572 0.037301 0.33865
0.91515 0.037324 0.35712
0.90041 0.037332 0.37323
0.9053 0.037341 0.39181
0.92055 0.037314 0.39605
0.92041 0.037316 0.40365
0.9267 0.037308 0.42974
0.89939 0.037364 0.45367
0.92283 0.037321 0.43447
0.90253 0.037385 0.47832
0.89995 0.037394 0.49381
0.92334 0.037336 0.47031
0.92062 0.037356 0.484
0.90708 0.037399 0.50131
0.90839 0.037408 0.52073
0.92506 0.037355 0.51018
0.92244 0.037367 0.51714
0.92098 0.037383 0.53536
0.92318 0.037389 0.55178
0.91226 0.037453 0.59263
0.92295 0.037422 0.5723
0.92704 0.037433 0.59204
0.90801 0.037458 0.60182
0.90311 0.037465 0.61904
0.92025 0.037448 0.60287
0.92208 0.037449 0.61529
0.90185 0.037475 0.64036
0.9309 0.037417 0.64403
0.92167 0.03746 0.65989
0.91221 0.037493 0.68484
0.92371 0.037459 0.67793
0.92706 0.037448 0.69288
0.91149 0.037502 0.70193
0.92161 0.037477 0.70602
0.90861 0.037515 0.73843
0.91208 0.03752 0.75789
0.91886 0.0375 0.73445
0.91833 0.037513 0.76309
0.91335 0.037524 0.77025
0.91239 0.037528 0.7869
0.92502 0.037496 0.77445
0.92577 0.037497 0.79421
0.9039 0.037535 0.81444
0.91128 0.037536 0.82094
0.92014 0.037516 0.80175
0.91782 0.037529 0.82484
0.90513 0.037542 0.84427
0.90552 0.037545 0.86109
0.92268 0.037507 0.83488
0.91834 0.037535 0.86062
0.91101 0.037547 0.8721
0.91838 0.037538 0.87075
0.92995 0.037502 0.88854
0.90667 0.03755 0.90898
0.90788 0.03751 0.92822
0.91987 0.037535 0.908
0.92796 0.037471 0.92425
0.90638 0.037471 0.94044
0.91252 0.033337 0.95903
0.91834 0.037457 0.93893
0.92362 0.033335 0.96031
0.93733 0.037387 0.042412
0.93758 0.037384 0.055295
0.95383 0.033521 0.037374
0.95731 0.033346 0.06206
0.9345 0.037388 0.075828
0.95982 0.033335 0.088999
0.94642 0.037339 0.10803
0.95894 0.033337 0.13011
0.94607 0.037308 0.14829
0.9424 0.037313 0.15899
0.95815 0.03334 0.14362
0.95127 0.034433 0.16124
0.93503 0.037329 0.17535
0.9448 0.037275 0.19925
0.95425 0.033427 0.20056
0.93798 0.037274 0.20943
0.93716 0.037243 0.2323
0.96292 0.033333 0.2176
0.96045 0.033334 0.22462
0.93712 0.037229 0.24984
0.94408 0.037225 0.25491
0.96018 0.033334 0.23996
0.95071 0.034071 0.26555
0.94079 0.037234 0.27253
0.93725 0.037247 0.28923
0.95876 0.033336 0.27709
0.93896 0.037249 0.3031
0.93849 0.03727 0.33094
0.9535 0.033459 0.30288
0.96414 0.033333 0.32542
0.94341 0.037274 0.34273
0.9407 0.037281 0.35725
0.9577 0.03334 0.35997
0.93732 0.037277 0.36838
0.94505 0.037242 0.39689
0.96389 0.033333 0.3793
0.95027 0.034632 0.39564
0.94319 0.037249 0.40621
0.96307 0.033333 0.40904
0.9551 0.033373 0.42723
0.93859 0.037288 0.44311
0.94313 0.037282 0.44979
0.95188 0.033753 0.43399
0.95889 0.033336 0.45079
0.93623 0.037292 0.4702
0.96316 0.033333 0.47693
0.95375 0.033441 0.49233
0.94397 0.037282 0.50584
0.93983 0.037302 0.51909
0.95142 0.033959 0.50886
0.95897 0.033336 0.5237
0.93435 0.037344 0.55109
0.96408 0.033333 0.53594
0.95762 0.033341 0.55387
0.94177 0.037412 0.58998
0.93873 0.037414 0.60896
0.93904 0.037409 0.6179
0.95917 0.033336 0.62308
0.94286 0.037381 0.63494
0.96094 0.033334 0.6327
0.96339 0.033333 0.65521
0.94764 0.037365 0.67308
0.95962 0.033335 0.67123
0.95882 0.033337 0.69246
0.93971 0.03739 0.71089
0.93874 0.037397 0.72206
0.95365 0.033528 0.7127
0.95436 0.033447 0.71795
0.94271 0.037394 0.75352
0.95509 0.0334 0.74476
0.95936 0.033336 0.75377
0.9404 0.037454 0.7775
0.94044 0.037445 0.79749
0.95731 0.033346 0.78567
0.93887 0.037445 0.80262
0.9537 0.033533 0.81091
0.95875 0.033337 0.82949
0.93731 0.037434 0.84506
0.96486 0.033333 0.85622
0.94208 0.037464 0.88532
0.95921 0.033336 0.86953
0.93711 0.037444 0.92145
0.95602 0.033368 0.90717
0.96451 0.033333 0.91999
0.93804 0.037391 0.93611
0.94172 0.03334 0.95821
0.95905 0.033337 0.94219
0.95394 0.033333 0.9627
