2635
1 1 1
0.034993 0.037606 0.044836
0.041082 0.037606 0.054154
0.062617 0.037606 0.035662
0.058618 0.037606 0.051384
0.046229 0.037607 0.06882
0.043674 0.037608 0.093076
0.059996 0.037608 0.08053
0.056435 0.037608 0.096736
0.03861 0.037608 0.11025
0.041328 0.037609 0.12016
0.063584 0.037607 0.10696
0.063085 0.037615 0.14247
0.04046 0.03761 0.18802
0.058543 0.03761 0.17801
0.061328 0.037611 0.19357
0.03618 0.037611 0.19833
0.040427 0.037614 0.22405
0.053433 0.037612 0.20336
0.056539 0.037614 0.21665
0.047895 0.037614 0.23302
0.042373 0.037616 0.25408
0.05305 0.037615 0.23934
0.061872 0.037617 0.25389
0.047362 0.037618 0.26586
0.046512 0.037621 0.28282
0.055863 0.03762 0.27482
0.063405 0.037622 0.28349
0.062175 0.037627 0.30436
0.057718 0.03763 0.3194
0.04521 0.037631 0.34057
0.062349 0.037632 0.34917
0.046197 0.037632 0.37053
0.045195 0.037635 0.38395
0.060797 0.037634 0.36842
0.056084 0.037639 0.39025
0.044553 0.037641 0.40092
0.037567 0.037646 0.42045
0.06045 0.037645 0.40372
0.054097 0.037648 0.41525
0.042337 0.037649 0.44375
0.059041 0.037653 0.4415
0.058187 0.037654 0.45785
0.041728 0.037652 0.4715
0.043574 0.037651 0.48651
0.052009 0.037654 0.47122
0.057636 0.037653 0.4902
0.038358 0.037642 0.50671
0.038059 0.037636 0.52822
0.054429 0.037644 0.50873
0.058727 0.037641 0.52726
0.045247 0.037635 0.53992
0.042961 0.037636 0.56602
0.060697 0.03764 0.53841
0.059396 0.037639 0.55947
0.037055 0.037637 0.57735
0.035922 0.037638 0.60002
0.051447 0.037639 0.57592
0.053412 0.03764 0.59627
0.043592 0.037638 0.60485
0.03625 0.037634 0.63221
0.051391 0.037639 0.61095
0.057417 0.03764 0.62377
0.051444 0.03763 0.6517
0.053443 0.03763 0.66367
0.047496 0.037628 0.67553
0.052546 0.037629 0.67371
0.058167 0.037628 0.69128
0.03602 0.037614 0.73233
0.060021 0.037619 0.71564
0.05178 0.037616 0.72508
0.04354 0.037611 0.7485
0.037079 0.037609 0.76391
0.059145 0.037612 0.74525
0.052119 0.037609 0.76203
0.040856 0.037608 0.77435
0.037255 0.037604 0.80041
0.058308 0.037607 0.78271
0.056376 0.037605 0.79237
0.0398 0.0376 0.82678
0.05296 0.037602 0.81497
0.058595 0.037599 0.83213
0.038088 0.037598 0.84359
0.035039 0.037595 0.86219
0.05387 0.037599 0.838
0.056243 0.037596 0.86016
0.035601 0.037593 0.87184
0.045236 0.037593 0.89294
0.058238 0.037592 0.87912
0.056716 0.037592 0.88919
0.042013 0.037598 0.91224
0.037119 0.033346 0.95623
0.058861 0.037489 0.94482
0.061336 0.033416 0.95422
0.079577 0.037607 0.045228
0.075424 0.037607 0.059568
0.078458 0.037607 0.088076
0.094752 0.037606 0.073766
0.092067 0.037607 0.08803
0.071538 0.037607 0.10607
0.072622 0.03761 0.12883
0.085561 0.037607 0.10851
0.089794 0.037607 0.12192
0.070121 0.037613 0.13966
0.089908 0.03761 0.13602
0.093284 0.037611 0.15735
0.072215 0.03761 0.17521
0.0682 0.037611 0.19003
0.094744 0.037609 0.17501
0.09523 0.037611 0.19016
0.077486 0.037613 0.20489
0.076117 0.037614 0.22171
0.089069 0.037614 0.20996
0.097374 0.037615 0.22554
0.069837 0.037615 0.24273
0.072417 0.037615 0.24911
0.085754 0.037616 0.24329
0.090143 0.037617 0.25144
0.076168 0.03762 0.27185
0.075197 0.037623 0.2891
0.095758 0.037621 0.27185
0.068269 0.037627 0.30564
0.068624 0.03763 0.32463
0.092963 0.037626 0.30411
0.090809 0.03763 0.32518
0.071405 0.037632 0.34366
0.089805 0.037633 0.33952
0.088458 0.037636 0.35444
0.075783 0.037636 0.37744
0.091434 0.03764 0.37078
0.095052 0.037644 0.38253
0.069199 0.037648 0.40899
0.07317 0.037653 0.42235
0.092939 0.037658 0.41119
0.08606 0.03766 0.41783
0.068903 0.037656 0.44459
0.083411 0.037662 0.43645
0.084624 0.037666 0.45562
0.07365 0.037659 0.47369
0.077713 0.03766 0.48434
0.089502 0.03767 0.4796
0.088692 0.037667 0.4906
0.068795 0.037651 0.50233
0.084782 0.037657 0.51961
0.076769 0.037646 0.53655
0.07183 0.037642 0.56499
0.082193 0.037647 0.56266
0.073689 0.037643 0.57117
0.069388 0.037643 0.59991
0.085263 0.037652 0.57148
0.088087 0.037652 0.59527
0.074245 0.037643 0.62965
0.089756 0.037651 0.6129
0.094814 0.037649 0.62226
0.072977 0.03764 0.64268
0.092705 0.03764 0.66561
0.068331 0.037632 0.68228
0.086079 0.037639 0.67463
0.08929 0.037632 0.69412
0.076528 0.037621 0.712
0.067901 0.037614 0.73286
0.091342 0.03762 0.72438
0.071368 0.037611 0.74541
0.076371 0.037609 0.75763
0.088462 0.037614 0.74144
0.085468 0.03761 0.76234
0.071684 0.037608 0.77347
0.07332 0.037604 0.79911
0.094661 0.037606 0.7848
0.072672 0.0376 0.81593
0.080585 0.037599 0.82333
0.093432 0.037602 0.80676
0.090562 0.037599 0.83217
0.075019 0.037599 0.84217
0.074905 0.037596 0.86148
0.090367 0.037595 0.86524
0.07705 0.037591 0.88248
0.088924 0.037593 0.87352
0.085667 0.037591 0.89013
0.07174 0.037596 0.90963
0.077352 0.037573 0.93078
0.089457 0.037593 0.90256
0.071729 0.037545 0.93857
0.086455 0.037561 0.94728
0.11123 0.037603 0.03904
0.1066 0.037604 0.057424
0.12738 0.037602 0.03789
0.1228 0.037603 0.052263
0.10336 0.037606 0.068421
0.10783 0.037606 0.094378
0.1251 0.037604 0.096603
0.10625 0.037605 0.11033
0.11451 0.037606 0.12869
0.12607 0.037603 0.11832
0.10829 0.037608 0.1411
0.10331 0.03761 0.15574
0.1276 0.037608 0.15578
0.10841 0.037608 0.17263
0.10712 0.037609 0.18733
0.12848 0.037608 0.16678
0.11965 0.03761 0.19346
0.11358 0.037613 0.2165
0.11852 0.037611 0.20069
0.11764 0.037615 0.22689
0.10634 0.037615 0.238
0.10121 0.037618 0.25566
0.12147 0.037616 0.23724
0.10709 0.03762 0.27314
0.10673 0.037621 0.28581
0.12101 0.037621 0.27677
0.12913 0.037621 0.28332
0.10717 0.037621 0.3033
0.10773 0.037626 0.32568
0.12859 0.037624 0.30876
0.11702 0.037623 0.31744
0.10446 0.037629 0.33344
0.10539 0.037636 0.35801
0.11605 0.037636 0.35298
0.099583 0.037639 0.36502
0.11646 0.037645 0.36939
0.12219 0.037664 0.39318
0.10266 0.037653 0.39787
0.10217 0.037664 0.42493
0.11302 0.037668 0.42516
0.098333 0.037668 0.43739
0.099234 0.037671 0.4494
0.11349 0.037677 0.44399
0.11519 0.037682 0.45654
0.098503 0.037672 0.47032
0.10662 0.037672 0.48702
0.11622 0.037685 0.47172
0.12186 0.037692 0.48906
0.10292 0.037664 0.50327
0.098472 0.037659 0.52533
0.11879 0.037673 0.52571
0.10444 0.037662 0.53812
0.10022 0.037661 0.55981
0.12092 0.037678 0.54356
0.098507 0.037656 0.5826
0.10076 0.037655 0.59563
0.11809 0.03767 0.57638
0.11983 0.037663 0.6014
0.10884 0.037649 0.61702
0.10901 0.037645 0.62685
0.12578 0.037652 0.63185
0.10618 0.03764 0.64576
0.10584 0.037637 0.65867
0.11938 0.037647 0.64032
0.11646 0.037635 0.66727
0.10475 0.037632 0.68383
0.12206 0.037633 0.6834
0.1079 0.037622 0.72882
0.12692 0.037626 0.70704
0.12836 0.037618 0.73438
0.10228 0.037617 0.73977
0.10637 0.037611 0.75608
0.12097 0.037609 0.76418
0.10794 0.037606 0.77523
0.12891 0.037602 0.77904
0.11863 0.037601 0.79122
0.10976 0.037599 0.82974
0.11865 0.037601 0.80509
0.12202 0.037598 0.83363
0.11112 0.037597 0.83957
0.12713 0.037595 0.8428
0.12696 0.037592 0.85634
0.10946 0.037591 0.87606
0.11321 0.03759 0.89253
0.12974 0.037589 0.88274
0.12323 0.03759 0.89733
0.10415 0.037593 0.90971
0.12257 0.037591 0.91195
0.12101 0.037566 0.9252
0.10576 0.037545 0.93834
0.13083 0.037492 0.94633
0.12924 0.033333 0.96456
0.14274 0.037601 0.039792
0.15831 0.0376 0.035267
0.15995 0.0376 0.053351
0.13534 0.037603 0.076267
0.14068 0.037601 0.095434
0.15362 0.037601 0.071983
0.15796 0.0376 0.090538
0.14025 0.0376 0.10648
0.14184 0.0376 0.11782
0.15246 0.037598 0.1111
0.15675 0.037599 0.11667
0.13517 0.037605 0.13779
0.13611 0.037607 0.15941
0.16086 0.037605 0.15298
0.13459 0.037607 0.17818
0.15864 0.037607 0.17262
0.15732 0.037608 0.18421
0.13695 0.037611 0.20528
0.1428 0.037613 0.22505
0.16 0.037609 0.20649
0.13585 0.037616 0.23764
0.14572 0.037617 0.2529
0.15175 0.037615 0.23064
0.15919 0.037618 0.25892
0.13814 0.037618 0.26713
0.13732 0.037621 0.28901
0.15635 0.037619 0.26682
0.15282 0.037623 0.28567
0.14486 0.037624 0.30284
0.13268 0.037626 0.31376
0.1582 0.037628 0.29695
0.15002 0.037633 0.32007
0.13478 0.037637 0.3421
0.14374 0.03764 0.34877
0.15462 0.037641 0.33056
0.14008 0.037651 0.37307
0.13433 0.037656 0.38191
0.1573 0.037661 0.37574
0.13003 0.037682 0.42042
0.14377 0.037688 0.42385
0.13689 0.03769 0.4396
0.13021 0.037694 0.45359
0.14854 0.037702 0.4422
0.14667 0.037706 0.45214
0.13091 0.037698 0.46938
0.12917 0.037698 0.48634
0.14821 0.037719 0.4718
0.13774 0.037682 0.51011
0.13714 0.037675 0.52459
0.15382 0.037709 0.50163
0.13136 0.037674 0.54612
0.13825 0.037666 0.56818
0.14504 0.037676 0.55071
0.15437 0.037697 0.55547
0.13943 0.037661 0.58436
0.13465 0.037661 0.59692
0.15435 0.037679 0.58458
0.15356 0.037674 0.59668
0.13422 0.037656 0.6136
0.13707 0.037653 0.63063
0.15613 0.037669 0.61813
0.15127 0.037665 0.62795
0.14044 0.037643 0.66152
0.15965 0.037668 0.64639
0.14999 0.037648 0.66269
0.13794 0.037636 0.67459
0.14386 0.037625 0.69488
0.14819 0.037634 0.67822
0.15062 0.037624 0.70233
0.13251 0.037624 0.70612
0.14381 0.037613 0.73374
0.15503 0.037624 0.70869
0.15064 0.037613 0.73352
0.14383 0.037609 0.74918
0.13758 0.037604 0.76655
0.15625 0.037612 0.73997
0.1599 0.037604 0.75635
0.14056 0.037597 0.79339
0.15402 0.0376 0.77672
0.15553 0.037596 0.79892
0.14605 0.037596 0.80718
0.14345 0.037594 0.8283
0.16448 0.037594 0.81456
0.15679 0.037592 0.82858
0.14157 0.037591 0.84737
0.14816 0.037587 0.8624
0.16132 0.037587 0.84613
0.16141 0.037585 0.86163
0.13809 0.037589 0.87663
0.15813 0.037587 0.88076
0.15654 0.037587 0.89751
0.13618 0.037589 0.90887
0.14123 0.037546 0.9282
0.15863 0.037586 0.91089
0.15622 0.037553 0.92512
0.13743 0.033731 0.9525
0.16 0.037488 0.9406
0.15966 0.033333 0.96141
0.1721 0.037597 0.044844
0.17907 0.037597 0.061203
0.18842 0.037595 0.04554
0.18744 0.037596 0.055123
0.17185 0.037598 0.076354
0.17564 0.037598 0.092052
0.19103 0.037596 0.077901
0.19072 0.037597 0.093144
0.17094 0.037599 0.106
0.17514 0.0376 0.12882
0.18537 0.037599 0.10743
0.19235 0.037598 0.11806
0.17369 0.037601 0.14074
0.18046 0.037602 0.15399
0.18864 0.037601 0.14528
0.19301 0.037601 0.15048
0.17999 0.037606 0.19334
0.19177 0.037603 0.1721
0.18713 0.037607 0.18867
0.17596 0.03761 0.22639
0.18844 0.037609 0.20135
0.18755 0.037613 0.21963
0.17365 0.037612 0.23874
0.17578 0.037614 0.25677
0.18781 0.037614 0.24857
0.18898 0.037618 0.26983
0.18441 0.037628 0.28803
0.16683 0.037629 0.29622
0.17303 0.037639 0.31326
0.18657 0.037641 0.30757
0.18886 0.037651 0.32416
0.16529 0.037645 0.34054
0.16791 0.037647 0.34737
0.18245 0.037649 0.33586
0.18534 0.037658 0.34527
0.1735 0.037662 0.36991
0.18346 0.037675 0.3727
0.17978 0.037674 0.38967
0.16745 0.03768 0.42435
0.18733 0.037688 0.40154
0.18692 0.037699 0.42038
0.16686 0.03769 0.43731
0.16734 0.037701 0.4524
0.18232 0.037704 0.43399
0.17534 0.037712 0.45889
0.16329 0.037721 0.48688
0.17633 0.037738 0.47774
0.17899 0.037749 0.48613
0.16218 0.03771 0.50275
0.16222 0.037702 0.53104
0.18067 0.037744 0.50895
0.17849 0.037733 0.53107
0.1627 0.037705 0.54632
0.17515 0.037716 0.56424
0.17129 0.037693 0.58131
0.16265 0.037679 0.59392
0.18375 0.037717 0.58775
0.17934 0.037683 0.59986
0.17275 0.037664 0.61002
0.16636 0.037665 0.62988
0.18103 0.037672 0.60849
0.18122 0.037665 0.62551
0.1664 0.03767 0.64809
0.16841 0.037662 0.65786
0.19107 0.037683 0.65054
0.19154 0.037667 0.66238
0.16864 0.037642 0.67579
0.16775 0.03763 0.69178
0.18111 0.037648 0.67315
0.18421 0.037633 0.69318
0.17411 0.037618 0.71888
0.171 0.037613 0.73069
0.18407 0.037626 0.7063
0.18508 0.03761 0.73531
0.17767 0.0376 0.74989
0.17088 0.0376 0.75764
0.18645 0.037602 0.74912
0.17048 0.037596 0.79242
0.19088 0.037598 0.77223
0.19052 0.037595 0.79859
0.17585 0.037593 0.80702
0.18912 0.037591 0.81465
0.19085 0.037585 0.82936
0.18052 0.037584 0.83977
0.17147 0.037583 0.85624
0.18963 0.037582 0.8466
0.18774 0.03758 0.85364
0.16964 0.037583 0.87538
0.16957 0.037584 0.8917
0.19563 0.037577 0.8701
0.19486 0.037577 0.88959
0.17162 0.037534 0.92884
0.18685 0.037526 0.92983
0.18138 0.033486 0.95348
0.18852 0.03749 0.93828
0.19371 0.033348 0.956
0.20311 0.037593 0.044289
0.21145 0.037592 0.058477
0.22501 0.03759 0.034972
0.22308 0.037591 0.056247
0.21014 0.037592 0.06859
0.20684 0.037593 0.088358
0.2276 0.037589 0.070704
0.22415 0.037591 0.093071
0.21254 0.037592 0.10042
0.20649 0.037596 0.12638
0.22938 0.037591 0.10093
0.22109 0.037594 0.12091
0.2054 0.037598 0.14153
0.20092 0.0376 0.17292
0.21119 0.037605 0.18894
0.22757 0.037593 0.17174
0.22991 0.037594 0.18265
0.20637 0.03761 0.1996
0.22386 0.037608 0.19933
0.2117 0.037616 0.23718
0.22542 0.037622 0.23187
0.22251 0.03763 0.25539
0.20443 0.037612 0.27204
0.19947 0.037615 0.28025
0.22278 0.037626 0.26601
0.21584 0.03761 0.28421
0.20726 0.037617 0.30486
0.20486 0.037636 0.32464
0.214 0.037614 0.31322
0.19826 0.037649 0.33044
0.2026 0.037662 0.35308
0.21451 0.037639 0.32978
0.22344 0.037671 0.3466
0.20576 0.03766 0.36283
0.20228 0.037667 0.3805
0.21765 0.037668 0.36122
0.21015 0.037666 0.38711
0.19954 0.037688 0.40512
0.20813 0.037682 0.40189
0.19866 0.037716 0.42864
0.18924 0.037742 0.45566
0.21189 0.037743 0.43012
0.21093 0.037781 0.44885
0.19413 0.03777 0.46787
0.19634 0.03779 0.48911
0.20062 0.037794 0.47603
0.20438 0.037822 0.48962
0.1926 0.037778 0.51114
0.19464 0.037769 0.52499
0.19574 0.037751 0.54248
0.1971 0.037743 0.55726
0.207 0.037761 0.55853
0.19664 0.037757 0.58913
0.19492 0.037818 0.60154
0.21059 0.037791 0.58884
0.21069 0.037914 0.59673
0.1976 0.037903 0.61135
0.19805 0.037816 0.63023
0.21555 0.038044 0.62613
0.19648 0.037676 0.64788
0.2051 0.037653 0.65364
0.21577 0.03784 0.63514
0.20563 0.037643 0.6732
0.20041 0.037629 0.69643
0.21574 0.037641 0.67396
0.21504 0.037627 0.69729
0.19956 0.03762 0.71041
0.19961 0.037606 0.72961
0.2161 0.037617 0.7118
0.21862 0.037603 0.723
0.20384 0.037595 0.7614
0.22008 0.037594 0.74941
0.20333 0.037596 0.78289
0.21033 0.037591 0.7945
0.22116 0.037594 0.77365
0.20517 0.037583 0.83295
0.22816 0.037584 0.81697
0.22496 0.03758 0.83154
0.20572 0.037579 0.84711
0.20922 0.037575 0.86043
0.22344 0.037579 0.83801
0.22482 0.037573 0.85943
0.20824 0.037574 0.87581
0.21071 0.037573 0.89313
0.22113 0.037572 0.8773
0.22606 0.03757 0.89591
0.21484 0.037533 0.92716
0.2259 0.037574 0.91359
0.20284 0.037452 0.94675
0.21435 0.033333 0.96259
0.22255 0.03747 0.94245
0.22295 0.033339 0.95705
0.23566 0.037589 0.03498
0.23933 0.037588 0.061172
0.25317 0.037586 0.042369
0.26143 0.037583 0.055886
0.24106 0.037587 0.067275
0.23732 0.037588 0.083932
0.25729 0.037583 0.075227
0.26064 0.037583 0.084558
0.24706 0.037594 0.11774
0.25701 0.037588 0.10022
0.25247 0.037594 0.12435
0.23652 0.037596 0.14273
0.2559 0.037594 0.13723
0.26177 0.037593 0.15353
0.23669 0.03759 0.17386
0.24677 0.037591 0.18869
0.25425 0.037589 0.17381
0.26013 0.037594 0.18317
0.23989 0.0376 0.2079
0.23324 0.037616 0.22583
0.25668 0.037599 0.20276
0.23261 0.037627 0.24072
0.23949 0.037633 0.24622
0.24121 0.03764 0.26918
0.2399 0.037643 0.28899
0.25984 0.037654 0.27833
0.25796 0.037666 0.30199
0.25412 0.037678 0.31669
0.23124 0.037671 0.34955
0.24994 0.037682 0.33771
0.25515 0.037712 0.35465
0.2343 0.037672 0.36125
0.2462 0.03769 0.36707
0.2415 0.037679 0.38109
0.22491 0.037702 0.40028
0.23392 0.037721 0.41375
0.24407 0.037708 0.39372
0.22782 0.037743 0.42784
0.22396 0.037787 0.44787
0.24403 0.037774 0.43137
0.23783 0.037807 0.45092
0.21707 0.037857 0.47369
0.23161 0.037861 0.46824
0.23654 0.037951 0.48415
0.22689 0.037866 0.5056
0.23134 0.037874 0.53306
0.22274 0.037812 0.54998
0.21854 0.037781 0.56928
0.22425 0.037928 0.59876
0.23031 0.037919 0.60396
0.2246 0.038059 0.61259
0.2259 0.037831 0.63119
0.22913 0.037967 0.61551
0.23868 0.037729 0.62935
0.2258 0.037634 0.647
0.2341 0.037628 0.65898
0.24317 0.03764 0.65106
0.2456 0.037644 0.66572
0.23613 0.037637 0.68268
0.25473 0.03764 0.69128
0.23842 0.037603 0.71886
0.24949 0.037616 0.70954
0.25183 0.037597 0.72902
0.23862 0.037591 0.74238
0.23626 0.037588 0.75986
0.25348 0.037591 0.74758
0.26254 0.037588 0.76421
0.23375 0.037593 0.78001
0.24229 0.037587 0.79237
0.25818 0.037588 0.77372
0.24285 0.037582 0.80795
0.26072 0.037578 0.80932
0.25428 0.037574 0.82866
0.24409 0.037573 0.84449
0.23956 0.037569 0.8601
0.23802 0.037566 0.8783
0.23692 0.037564 0.88769
0.25998 0.037561 0.87646
0.2473 0.037564 0.91212
0.2379 0.037527 0.92832
0.25332 0.037561 0.9029
0.26205 0.037515 0.93034
0.24496 0.033333 0.96127
0.25723 0.037499 0.9359
0.27789 0.037578 0.056232
0.29849 0.037572 0.060726
0.27974 0.037575 0.079159
0.27289 0.037581 0.093859
0.29703 0.037572 0.073862
0.27396 0.037584 0.1086
0.29367 0.037578 0.10362
0.28883 0.037582 0.12233
0.27463 0.037585 0.13534
0.27194 0.037589 0.15593
0.29635 0.037577 0.13703
0.29782 0.037584 0.15692
0.26818 0.037591 0.16869
0.27343 0.037596 0.18144
0.28915 0.037608 0.19141
0.27664 0.037619 0.21431
0.29156 0.037609 0.19645
0.28912 0.037623 0.2215
0.27212 0.037639 0.25728
0.28947 0.037624 0.23589
0.29101 0.037648 0.25487
0.28549 0.037647 0.26253
0.26585 0.037661 0.30369
0.26812 0.03767 0.31293
0.29142 0.037684 0.31671
0.26367 0.037691 0.33228
0.26736 0.037718 0.35503
0.27727 0.037683 0.33834
0.27941 0.037713 0.35061
0.26546 0.037723 0.36098
0.26502 0.037733 0.38049
0.28075 0.037762 0.37137
0.26035 0.037754 0.40067
0.25606 0.037777 0.41557
0.27576 0.037793 0.4055
0.26932 0.037794 0.42057
0.24714 0.037858 0.45579
0.2665 0.037794 0.42858
0.27242 0.037855 0.44719
0.24358 0.037939 0.47011
0.24591 0.037995 0.48775
0.25983 0.038086 0.48258
0.24345 0.037966 0.51024
0.25491 0.037965 0.53531
0.24829 0.037933 0.5413
0.25096 0.037876 0.57282
0.25742 0.037933 0.55233
0.26735 0.037959 0.56332
0.25546 0.03786 0.57935
0.24797 0.037736 0.60576
0.26332 0.037865 0.58185
0.26452 0.0378 0.5946
0.2536 0.037685 0.61509
0.25702 0.037667 0.63161
0.27303 0.037672 0.62842
0.26207 0.037662 0.64954
0.26125 0.037658 0.66527
0.27512 0.037662 0.64975
0.27881 0.037655 0.66658
0.2615 0.037658 0.67381
0.27097 0.037608 0.69511
0.28587 0.037663 0.67608
0.2834 0.037594 0.70209
0.27019 0.037577 0.71607
0.27423 0.037571 0.72392
0.29243 0.037596 0.72752
0.27814 0.037598 0.75099
0.27453 0.037585 0.7676
0.29249 0.037615 0.74366
0.26878 0.037584 0.77541
0.27724 0.037569 0.79326
0.29477 0.037579 0.77973
0.29102 0.03757 0.79719
0.29291 0.037572 0.8142
0.28574 0.037572 0.82948
0.27844 0.037569 0.8469
0.29696 0.037564 0.84414
0.28909 0.037561 0.85915
0.27274 0.037557 0.88065
0.28255 0.037553 0.8929
0.29406 0.037552 0.87984
0.2871 0.037552 0.89391
0.29858 0.03755 0.90951
0.29614 0.037524 0.92596
0.27884 0.03745 0.9462
0.28157 0.033359 0.95533
0.29903 0.0375 0.93573
0.28705 0.033334 0.96019
0.30471 0.03757 0.045271
0.30823 0.03757 0.058281
0.3316 0.037562 0.044169
0.33277 0.037563 0.058123
0.30669 0.03757 0.079255
0.31076 0.037573 0.086644
0.32747 0.037566 0.0699
0.3234 0.037571 0.093132
0.30879 0.037574 0.10729
0.30656 0.037577 0.1248
0.33177 0.037568 0.10249
0.32202 0.037573 0.1225
0.30507 0.037574 0.14281
0.30818 0.037582 0.15398
0.32511 0.03757 0.14141
0.32592 0.037577 0.15063
0.30602 0.03759 0.17479
0.30881 0.037599 0.18913
0.32615 0.037583 0.16889
0.30953 0.037613 0.21835
0.33025 0.037603 0.20433
0.32872 0.037611 0.21241
0.30049 0.03762 0.23894
0.30705 0.037631 0.24929
0.3169 0.037635 0.2539
0.30581 0.037642 0.26231
0.29978 0.037654 0.28514
0.31537 0.037637 0.26189
0.32072 0.037649 0.27908
0.29927 0.037658 0.30415
0.29858 0.037674 0.31299
0.3156 0.03766 0.30459
0.31567 0.037671 0.31189
0.30234 0.0377 0.32897
0.29196 0.037742 0.35238
0.31425 0.037701 0.33559
0.31999 0.037745 0.35031
0.2962 0.03776 0.35717
0.28952 0.037816 0.38554
0.30651 0.037787 0.36582
0.31237 0.037889 0.37987
0.28679 0.037824 0.40412
0.29375 0.037832 0.41329
0.30194 0.037837 0.40049
0.30458 0.037869 0.4169
0.28536 0.037846 0.43431
0.27824 0.0379 0.45206
0.30421 0.037999 0.43322
0.3057 0.038147 0.44326
0.27342 0.038168 0.47943
0.28728 0.038089 0.46563
0.27635 0.038193 0.48974
0.27116 0.038196 0.50349
0.26539 0.038153 0.52156
0.28184 0.038335 0.50512
0.27867 0.038067 0.5425
0.28741 0.037984 0.5667
0.27658 0.037882 0.58304
0.3035 0.037839 0.59799
0.28223 0.037707 0.62059
0.28749 0.037692 0.63318
0.31245 0.037803 0.63102
0.31229 0.037769 0.6574
0.3159 0.037774 0.67146
0.32297 0.037694 0.70153
0.32505 0.037657 0.72
0.31896 0.037646 0.73145
0.30476 0.037626 0.74045
0.31156 0.037595 0.75989
0.32259 0.037612 0.74741
0.32127 0.037591 0.76485
0.31215 0.037584 0.77959
0.30477 0.037572 0.79303
0.31933 0.037581 0.78383
0.32006 0.037573 0.80008
0.30354 0.037571 0.80631
0.32262 0.03755 0.82698
0.3059 0.037558 0.84132
0.3125 0.037548 0.8587
0.30513 0.037546 0.88219
0.31298 0.037543 0.88996
0.32493 0.037543 0.87122
0.32321 0.03754 0.89637
0.3063 0.037548 0.9128
0.31575 0.037528 0.92888
0.33251 0.037538 0.90557
0.32351 0.037531 0.92259
0.30744 0.037492 0.94537
0.3258 0.037499 0.94257
0.34327 0.037558 0.040623
0.34231 0.03756 0.055575
0.36754 0.037551 0.040754
0.35664 0.037555 0.051322
0.34273 0.037561 0.073188
0.3422 0.037565 0.085448
0.35815 0.037559 0.083332
0.34425 0.037563 0.10391
0.33895 0.037568 0.12106
0.35953 0.037559 0.12009
0.34168 0.037568 0.13768
0.34577 0.037574 0.14984
0.35836 0.037564 0.13947
0.36504 0.037568 0.14785
0.34605 0.03758 0.1674
0.34592 0.037583 0.1781
0.3534 0.03758 0.1631
0.35828 0.037587 0.1778
0.33806 0.037601 0.19752
0.3361 0.037621 0.21753
0.35391 0.037605 0.19657
0.34305 0.037626 0.2302
0.33779 0.037641 0.25328
0.35356 0.037632 0.23248
0.36014 0.037659 0.24771
0.34318 0.037626 0.26951
0.34059 0.037633 0.27987
0.35796 0.037656 0.26605
0.35051 0.037625 0.27474
0.33352 0.037662 0.29476
0.33404 0.037712 0.31764
0.34983 0.037657 0.29402
0.34484 0.037701 0.31735
0.33828 0.037736 0.32481
0.32835 0.037741 0.34409
0.34341 0.037786 0.33411
0.35324 0.038235 0.36065
0.34433 0.038048 0.3751
0.31939 0.037898 0.39899
0.31587 0.037903 0.4175
0.33073 0.037904 0.3899
0.31602 0.038175 0.43394
0.32533 0.038065 0.42874
0.29549 0.038234 0.46581
0.29069 0.038358 0.4916
0.30288 0.038443 0.48317
0.29175 0.038405 0.50345
0.29487 0.038427 0.50385
0.30809 0.038468 0.5348
0.30019 0.038062 0.57128
0.31155 0.038345 0.54863
0.31564 0.03809 0.56891
0.31836 0.037887 0.59166
0.31369 0.037833 0.60891
0.31584 0.037825 0.61661
0.3232 0.037827 0.63431
0.33717 0.037898 0.61535
0.34385 0.037887 0.63147
0.33288 0.037792 0.65817
0.32339 0.037781 0.67194
0.3455 0.037823 0.6541
0.34234 0.037768 0.66932
0.32962 0.037694 0.69707
0.34606 0.037729 0.6813
0.35422 0.037662 0.70368
0.32948 0.037671 0.7139
0.33833 0.037628 0.72655
0.35327 0.037652 0.71513
0.34853 0.037615 0.73593
0.33825 0.037609 0.74213
0.34078 0.037584 0.76797
0.3522 0.037588 0.74706
0.35586 0.037583 0.76306
0.35471 0.037589 0.77934
0.35635 0.037562 0.80057
0.34796 0.03755 0.81352
0.33721 0.037546 0.82119
0.35762 0.037542 0.82446
0.34794 0.037547 0.84256
0.34574 0.03754 0.85936
0.36498 0.037542 0.83626
0.36415 0.037533 0.85997
0.34005 0.03754 0.87799
0.34346 0.037535 0.89185
0.3565 0.03753 0.88644
0.3486 0.037534 0.90915
0.34188 0.037505 0.92658
0.35634 0.037532 0.91211
0.35631 0.037503 0.92352
0.34808 0.03746 0.93795
0.33974 0.033335 0.95831
0.36305 0.037456 0.93769
0.35497 0.033333 0.96254
0.37452 0.037548 0.035103
0.38445 0.037548 0.055907
0.39335 0.037542 0.040897
0.39491 0.037552 0.070225
0.39928 0.037557 0.091542
0.37462 0.037551 0.10297
0.38568 0.03754 0.11531
0.39888 0.037543 0.10687
0.39355 0.037541 0.1148
0.37351 0.037558 0.14203
0.37448 0.037575 0.15511
0.39859 0.03755 0.1354
0.38095 0.03758 0.16484
0.37522 0.03759 0.17677
0.39583 0.037607 0.18701
0.37559 0.037611 0.195
0.37842 0.037622 0.21122
0.39062 0.037612 0.19991
0.39012 0.037619 0.20942
0.37288 0.037636 0.2356
0.36999 0.037662 0.24716
0.3969 0.037645 0.22727
0.3928 0.037684 0.24984
0.36833 0.037677 0.26224
0.36693 0.037688 0.28461
0.39203 0.037697 0.26626
0.37984 0.037719 0.28107
0.37211 0.037718 0.30679
0.38592 0.037754 0.29354
0.38419 0.037768 0.30309
0.36018 0.037737 0.32372
0.36415 0.038069 0.34522
0.3564 0.038293 0.36717
0.37444 0.038227 0.35281
0.35438 0.038113 0.38308
0.36147 0.0382 0.37939
0.35489 0.037987 0.39572
0.33597 0.038165 0.43246
0.3306 0.038391 0.44366
0.34699 0.037974 0.41999
0.33292 0.038396 0.44732
0.31592 0.038683 0.4616
0.31729 0.038551 0.47917
0.30448 0.038717 0.51224
0.31972 0.038391 0.54197
0.31219 0.038797 0.50837
0.32457 0.038392 0.54333
0.3312 0.038232 0.56168
0.33199 0.038105 0.57417
0.33844 0.03801 0.59239
0.34311 0.037942 0.60987
0.35165 0.038055 0.58645
0.36352 0.038118 0.61214
0.34971 0.037913 0.62864
0.35091 0.037893 0.63712
0.36269 0.037968 0.62888
0.3697 0.037947 0.64005
0.35305 0.037821 0.65569
0.35816 0.037749 0.67558
0.38049 0.037897 0.65517
0.38357 0.037814 0.66564
0.36028 0.037698 0.68675
0.37656 0.037761 0.67957
0.38415 0.037715 0.70018
0.37853 0.037633 0.73196
0.39304 0.037686 0.71299
0.38769 0.03763 0.73244
0.37689 0.037583 0.75202
0.36832 0.037581 0.75806
0.3848 0.037595 0.74867
0.3814 0.037569 0.78023
0.37921 0.037552 0.79817
0.38794 0.037578 0.77518
0.37878 0.037548 0.80793
0.37262 0.037538 0.82946
0.37582 0.037538 0.83735
0.37452 0.037528 0.85486
0.39002 0.037532 0.83743
0.39148 0.037523 0.86244
0.37709 0.03753 0.87466
0.37272 0.037526 0.89405
0.39446 0.037517 0.89732
0.3767 0.037524 0.90875
0.38354 0.037488 0.92776
0.39001 0.037519 0.90804
0.39711 0.037479 0.93033
0.38067 0.037454 0.94123
0.37473 0.033419 0.95384
0.39362 0.037453 0.94194
0.39973 0.033373 0.95464
0.41829 0.03754 0.036656
0.42383 0.037538 0.041444
0.42535 0.037548 0.0644
0.40953 0.037558 0.080096
0.43088 0.037547 0.07349
0.43811 0.037616 0.095866
0.42131 0.037538 0.10615
0.41109 0.03753 0.11579
0.42924 0.037589 0.105
0.43055 0.03761 0.1217
0.41686 0.037553 0.13918
0.41035 0.037578 0.15536
0.43187 0.037574 0.14482
0.41342 0.037578 0.16396
0.41118 0.037597 0.18433
0.42441 0.037573 0.16957
0.42634 0.037574 0.17624
0.41425 0.037642 0.2186
0.42724 0.037592 0.1992
0.43226 0.037592 0.20612
0.40014 0.03765 0.23252
0.41071 0.037712 0.24947
0.43114 0.037651 0.22369
0.40842 0.037714 0.26407
0.40389 0.037719 0.27271
0.42668 0.037773 0.27514
0.40813 0.037766 0.29318
0.3983 0.037807 0.30551
0.42297 0.037782 0.28256
0.41666 0.037787 0.29803
0.39667 0.037858 0.32288
0.39835 0.037932 0.33596
0.4173 0.037892 0.31523
0.40582 0.037981 0.33845
0.38102 0.038303 0.36204
0.41072 0.038054 0.34434
0.37038 0.038285 0.37567
0.36591 0.038009 0.3962
0.39243 0.038174 0.37279
0.38301 0.038026 0.38611
0.36463 0.037896 0.41685
0.35647 0.037954 0.43511
0.37841 0.037981 0.39818
0.33883 0.038315 0.4551
0.32141 0.038403 0.47919
0.35377 0.037663 0.44962
0.32538 0.03812 0.49095
0.32112 0.03845 0.49976
0.3283 0.038513 0.53275
0.32604 0.03784 0.50651
0.34543 0.038382 0.54199
0.3564 0.038093 0.56281
0.37359 0.038078 0.57539
0.37126 0.038299 0.60656
0.39558 0.03827 0.623
0.37975 0.038141 0.62822
0.38985 0.037971 0.64812
0.39909 0.038092 0.63322
0.39357 0.037873 0.65703
0.4014 0.037782 0.66826
0.40866 0.037861 0.65516
0.41998 0.037763 0.66492
0.39486 0.037747 0.68653
0.40269 0.037708 0.69458
0.42337 0.037752 0.68318
0.4254 0.03768 0.69786
0.41024 0.037657 0.71446
0.40528 0.037626 0.72666
0.42411 0.037605 0.72351
0.40584 0.037577 0.757
0.42434 0.037576 0.74431
0.41911 0.037578 0.75971
0.41106 0.03756 0.77648
0.40346 0.037541 0.79624
0.42854 0.037542 0.77712
0.43184 0.037528 0.79263
0.41599 0.037519 0.8138
0.43295 0.037523 0.80546
0.42059 0.037513 0.82218
0.40666 0.037524 0.83748
0.42595 0.037507 0.85889
0.41464 0.037513 0.87838
0.41025 0.03751 0.89633
0.42946 0.037506 0.87858
0.42424 0.037503 0.88749
0.41193 0.037511 0.90653
0.41016 0.037478 0.92944
0.42919 0.037478 0.92683
0.40489 0.037447 0.94458
0.4204 0.03746 0.93749
0.42992 0.033333 0.96108
0.44144 0.037538 0.0417
0.44727 0.037537 0.0623
0.45997 0.037533 0.045438
0.44219 0.037537 0.072685
0.4441 0.037626 0.095006
0.46665 0.037524 0.082376
0.46053 0.037702 0.10056
0.44504 0.037875 0.11725
0.46303 0.037766 0.1067
0.45087 0.037816 0.12901
0.44323 0.037565 0.14605
0.45707 0.037818 0.12995
0.46563 0.037551 0.1477
0.45003 0.037516 0.16012
0.44637 0.03757 0.18178
0.46379 0.037529 0.16863
0.46151 0.037571 0.18552
0.44901 0.037578 0.1964
0.44329 0.037592 0.20787
0.45642 0.037617 0.21517
0.43944 0.037659 0.22773
0.43519 0.037705 0.24147
0.45366 0.037656 0.22646
0.4373 0.037745 0.25142
0.4365 0.037751 0.26583
0.45872 0.037757 0.26014
0.46175 0.037818 0.27158
0.43352 0.037809 0.28053
0.44834 0.037868 0.28912
0.45462 0.037968 0.30159
0.43087 0.037927 0.31379
0.42654 0.037951 0.32865
0.45056 0.038007 0.30877
0.44482 0.037979 0.32115
0.4261 0.038049 0.33969
0.41651 0.03815 0.35892
0.44987 0.038129 0.33628
0.44135 0.038235 0.34913
0.43305 0.038334 0.36593
0.38734 0.037379 0.39862
0.38198 0.037122 0.41997
0.41903 0.036913 0.37913
0.40214 0.035217 0.40128
0.36305 0.036864 0.44208
0.34104 0.036153 0.47578
0.35111 0.034275 0.49056
0.33446 0.036339 0.51751
0.35247 0.037474 0.54277
0.34504 0.035628 0.52688
0.38458 0.035655 0.56267
0.38679 0.037028 0.58251
0.39804 0.037417 0.59782
0.39452 0.03625 0.58583
0.4061 0.037082 0.59999
0.40652 0.038427 0.61259
0.41541 0.038032 0.60805
0.42576 0.037996 0.62701
0.41918 0.037974 0.64254
0.44092 0.038106 0.63004
0.45035 0.03798 0.6394
0.43003 0.037773 0.65859
0.42967 0.037771 0.6677
0.44946 0.037814 0.65631
0.44801 0.037803 0.66458
0.43268 0.037718 0.68529
0.44195 0.037659 0.69795
0.4623 0.037599 0.6947
0.43949 0.037613 0.71283
0.44522 0.037583 0.72839
0.45451 0.037594 0.71015
0.45938 0.037558 0.72969
0.4482 0.03756 0.73897
0.43694 0.037555 0.75982
0.46093 0.037524 0.74301
0.45744 0.037531 0.75945
0.4415 0.037538 0.77414
0.44308 0.037524 0.79536
0.4558 0.037518 0.77717
0.46663 0.037516 0.79548
0.44493 0.0375 0.8185
0.45605 0.037496 0.8121
0.45587 0.037497 0.8215
0.44644 0.037508 0.8349
0.43941 0.037503 0.8586
0.46486 0.0375 0.83497
0.44161 0.037506 0.8688
0.44213 0.037499 0.88908
0.45454 0.037497 0.87919
0.462 0.037493 0.89279
0.44854 0.037499 0.91269
0.44847 0.037476 0.92495
0.4616 0.037494 0.91325
0.45722 0.037463 0.92936
0.44561 0.037433 0.94663
0.4653 0.037427 0.94284
0.46121 0.033333 0.96312
0.39446 0.037874 0.4362
0.36824 0.038319 0.46932
0.37055 0.03833 0.53058
0.37441 0.036293 0.50503
0.48386 0.03752 0.04627
0.48031 0.037525 0.065143
0.49832 0.037511 0.039078
0.49026 0.03752 0.062934
0.47248 0.037525 0.082386
0.47479 0.037578 0.09488
0.49409 0.037518 0.073941
0.49249 0.037524 0.094353
0.48016 0.037583 0.11066
0.47409 0.03769 0.11599
0.48574 0.037526 0.10532
0.49568 0.037525 0.1239
0.47369 0.03766 0.13088
0.49413 0.037559 0.14777
0.47257 0.037544 0.16509
0.4803 0.037567 0.17945
0.48958 0.037572 0.16318
0.48172 0.037588 0.19555
0.47863 0.037616 0.21185
0.49349 0.037587 0.194
0.49394 0.03761 0.21068
0.47546 0.037675 0.23245
0.4821 0.037692 0.23806
0.49134 0.037668 0.22592
0.49777 0.037683 0.23814
0.46972 0.037761 0.26055
0.48308 0.037774 0.2643
0.49769 0.037753 0.25993
0.50233 0.03782 0.27203
0.47301 0.037905 0.28683
0.47572 0.037989 0.29451
0.48802 0.038003 0.29469
0.46712 0.038111 0.31072
0.47022 0.038351 0.32274
0.48687 0.03817 0.3112
0.48933 0.038395 0.32178
0.46707 0.03845 0.33158
0.46968 0.038656 0.33828
0.48872 0.038857 0.33884
0.45368 0.038285 0.35947
0.47669 0.038614 0.34575
0.47764 0.037876 0.3499
0.43484 0.036204 0.37789
0.43067 0.034635 0.38901
0.46279 0.035645 0.36274
0.46237 0.03434 0.36933
0.41625 0.033588 0.41498
0.43445 0.033362 0.49815
0.38993 0.033434 0.51735
0.39943 0.034338 0.57604
0.44248 0.033749 0.5973
0.43674 0.035456 0.60499
0.47658 0.03406 0.58646
0.48953 0.035436 0.59903
0.44027 0.037525 0.61216
0.45665 0.038184 0.61834
0.48664 0.03706 0.60823
0.49737 0.037872 0.61627
0.46068 0.038204 0.62551
0.46424 0.037913 0.64312
0.48087 0.03806 0.625
0.49457 0.037916 0.63627
0.46212 0.037862 0.64818
0.46525 0.037737 0.66302
0.496 0.03771 0.64597
0.4736 0.037685 0.67247
0.47241 0.037583 0.69832
0.48416 0.037607 0.67556
0.49171 0.037554 0.68922
0.47804 0.037542 0.71716
0.49225 0.037552 0.7004
0.49414 0.037523 0.72049
0.47865 0.037509 0.73855
0.48023 0.037508 0.75214
0.49563 0.037483 0.73987
0.49729 0.037496 0.75196
0.48208 0.037525 0.76554
0.47324 0.037511 0.78855
0.49388 0.037507 0.79424
0.48124 0.037486 0.82424
0.49597 0.037493 0.80529
0.49387 0.037482 0.82678
0.47929 0.037489 0.83904
0.48139 0.037482 0.85589
0.48818 0.037477 0.85298
0.47824 0.037492 0.87211
0.47557 0.037487 0.88348
0.49596 0.037486 0.87744
0.47135 0.037461 0.92612
0.4928 0.037488 0.90685
0.48796 0.037444 0.92847
0.4778 0.037415 0.94364
0.47773 0.033684 0.95203
0.48895 0.037419 0.93716
0.45987 0.033973 0.42507
0.39756 0.034161 0.50408
0.43014 0.033873 0.51259
0.45658 0.033975 0.55983
0.45696 0.036298 0.38767
0.46591 0.037141 0.37944
0.40497 0.036134 0.43204
0.38393 0.035278 0.46628
0.40746 0.037181 0.4199
0.3891 0.036616 0.44807
0.46408 0.034926 0.40902
0.42226 0.034078 0.45021
0.46424 0.036133 0.3875
0.4289 0.03379 0.49376
0.40695 0.034362 0.53491
0.3669 0.038391 0.52824
0.4187 0.037231 0.58342
0.47641 0.033951 0.55047
0.44478 0.0358 0.58207
0.4378 0.033895 0.53964
0.43011 0.036394 0.58894
0.4217 0.037036 0.58821
0.46751 0.03699 0.38095
0.42557 0.036597 0.41527
0.40392 0.034887 0.47323
0.44124 0.035864 0.41331
0.38962 0.035195 0.48153
0.44755 0.0377 0.3915
0.42411 0.034367 0.4785
0.45338 0.035134 0.41704
0.44864 0.034776 0.45909
0.38407 0.036652 0.53575
0.40183 0.036809 0.55484
0.3776 0.036085 0.5002
0.42219 0.034915 0.55612
0.41734 0.034268 0.51074
0.4677 0.034284 0.55882
0.4449 0.034121 0.50368
0.43238 0.034546 0.5609
0.42262 0.036988 0.58744
0.47146 0.037496 0.57582
0.44078 0.034499 0.44138
0.45436 0.034589 0.52712
0.50998 0.037504 0.045715
0.52808 0.037494 0.047802
0.52708 0.037497 0.057775
0.50894 0.037508 0.072432
0.50885 0.037515 0.08949
0.53231 0.037494 0.06854
0.52618 0.037503 0.089749
0.50375 0.037513 0.10733
0.51391 0.037513 0.11746
0.53001 0.037497 0.10985
0.52514 0.037501 0.11635
0.51769 0.037526 0.13818
0.51587 0.037535 0.14872
0.52196 0.037519 0.13701
0.52431 0.037541 0.15973
0.5141 0.03755 0.16475
0.51933 0.037541 0.17976
0.53335 0.037524 0.1773
0.5234 0.037539 0.18092
0.51966 0.037582 0.20439
0.50716 0.037596 0.20982
0.53314 0.03755 0.20204
0.53611 0.037543 0.21568
0.51938 0.037671 0.2336
0.51932 0.037702 0.24495
0.53342 0.037777 0.2389
0.5322 0.037871 0.24858
0.51176 0.037786 0.26979
0.53697 0.037958 0.25959
0.53314 0.037903 0.26455
0.51192 0.037835 0.2803
0.51984 0.037899 0.29322
0.53987 0.038087 0.27788
0.53881 0.038025 0.29094
0.50592 0.038061 0.30743
0.53648 0.037957 0.30753
0.53792 0.037941 0.31547
0.49747 0.03875 0.33678
0.52473 0.038311 0.32643
0.53529 0.038257 0.34816
0.50299 0.038305 0.34276
0.50463 0.037909 0.34524
0.53471 0.037727 0.37597
0.51891 0.035711 0.36334
0.50931 0.034514 0.36901
0.52733 0.035798 0.38648
0.5047 0.034435 0.42546
0.48325 0.033418 0.43911
0.49392 0.033803 0.44983
0.50134 0.033439 0.47692
0.4666 0.033381 0.52556
0.51427 0.033621 0.58544
0.54776 0.03342 0.54546
0.56762 0.034221 0.58716
0.50082 0.036006 0.60421
0.53901 0.035651 0.59752
0.53674 0.036839 0.60577
0.52394 0.037567 0.61386
0.5046 0.038055 0.63036
0.52009 0.038054 0.61992
0.53001 0.037921 0.63144
0.50586 0.037746 0.64288
0.51285 0.037587 0.65456
0.52787 0.037638 0.64857
0.53216 0.037626 0.65747
0.50855 0.037599 0.67235
0.5032 0.037556 0.68632
0.52138 0.037633 0.66878
0.53272 0.037576 0.68461
0.50329 0.037521 0.71062
0.5097 0.037511 0.72424
0.52054 0.03751 0.72504
0.50859 0.037478 0.73807
0.50985 0.03748 0.74946
0.52753 0.037501 0.73064
0.52107 0.03748 0.75075
0.51612 0.037502 0.76482
0.50687 0.037497 0.78783
0.52816 0.037487 0.77543
0.53257 0.03749 0.7883
0.50825 0.037485 0.80578
0.51353 0.03747 0.81543
0.525 0.037473 0.80986
0.52543 0.037472 0.81978
0.51231 0.037475 0.84988
0.53275 0.037475 0.85694
0.51064 0.037489 0.87447
0.51604 0.037483 0.88924
0.5315 0.037485 0.8735
0.53219 0.037479 0.89184
0.50313 0.037484 0.91278
0.52146 0.037486 0.90926
0.50542 0.033875 0.95147
0.52847 0.03736 0.94382
0.52637 0.033335 0.95771
0.46359 0.034063 0.50476
0.49549 0.033825 0.54795
0.48173 0.034556 0.402
0.47698 0.033994 0.47969
0.51449 0.037235 0.40591
0.46061 0.033914 0.4425
0.51701 0.035238 0.51484
0.48401 0.037111 0.45074
0.53965 0.036731 0.51393
0.49789 0.033824 0.52651
0.48964 0.03501 0.56979
0.53017 0.034235 0.55098
0.51977 0.036965 0.57726
0.55049 0.034494 0.54294
0.55053 0.036081 0.58254
0.57663 0.038051 0.54217
0.57425 0.038299 0.56795
0.50732 0.036487 0.58382
0.51056 0.036896 0.39418
0.51119 0.035994 0.40087
0.45421 0.033941 0.48207
0.48263 0.034919 0.42442
0.47593 0.034781 0.46104
0.48326 0.037367 0.45057
0.51111 0.035544 0.49584
0.48876 0.034933 0.48401
0.51341 0.034291 0.53223
0.5051 0.036326 0.56216
0.48232 0.034587 0.51248
0.49971 0.034956 0.55606
0.57027 0.037629 0.55009
0.56426 0.03699 0.57461
0.54278 0.03577 0.52595
0.46228 0.034434 0.45168
0.4714 0.034504 0.46547
0.49292 0.034617 0.51925
0.54362 0.037487 0.055015
0.56575 0.037473 0.036797
0.56152 0.037477 0.064386
0.54567 0.03749 0.094662
0.55753 0.037478 0.072867
0.55824 0.037482 0.090729
0.54593 0.037486 0.111
0.55049 0.037495 0.12723
0.5556 0.037479 0.11054
0.55574 0.03749 0.12764
0.5467 0.037497 0.13762
0.56623 0.03748 0.14003
0.55924 0.037488 0.15149
0.54997 0.037505 0.1759
0.56772 0.037485 0.17463
0.55096 0.037495 0.20829
0.54421 0.037594 0.22541
0.56683 0.037494 0.20576
0.55923 0.037641 0.23161
0.5478 0.037836 0.23969
0.55481 0.03777 0.2386
0.55864 0.037886 0.25644
0.54761 0.038113 0.26254
0.55748 0.037921 0.26703
0.55648 0.037956 0.27236
0.54566 0.038071 0.28766
0.56001 0.037852 0.28681
0.55836 0.037825 0.29443
0.55094 0.037847 0.30817
0.54918 0.037896 0.32811
0.56119 0.037688 0.32232
0.56364 0.037688 0.34146
0.54192 0.038053 0.33164
0.54463 0.03803 0.36485
0.55697 0.037799 0.35233
0.53198 0.03787 0.38875
0.53199 0.037572 0.4048
0.52871 0.037392 0.40966
0.51076 0.035178 0.43228
0.53018 0.036858 0.43364
0.51644 0.034099 0.46149
0.53788 0.03398 0.49462
0.56738 0.033923 0.52337
0.5959 0.036192 0.53384
0.60221 0.03673 0.56007
0.58716 0.03588 0.58885
0.5621 0.037356 0.59796
0.59715 0.036818 0.58449
0.60126 0.037432 0.5925
0.56735 0.037735 0.60177
0.59709 0.03775 0.60826
0.57564 0.037904 0.61375
0.55603 0.03779 0.6207
0.53862 0.037869 0.63209
0.57568 0.03775 0.63705
0.54636 0.037779 0.64501
0.54667 0.037677 0.66288
0.56921 0.037721 0.64185
0.53938 0.037646 0.66959
0.54802 0.03759 0.69196
0.56314 0.037638 0.67329
0.55483 0.037593 0.6926
0.53683 0.037544 0.70774
0.53947 0.037528 0.72328
0.55879 0.037582 0.70095
0.54032 0.037497 0.73496
0.55344 0.037478 0.74373
0.56372 0.037483 0.75815
0.53937 0.037489 0.76562
0.54329 0.037491 0.7898
0.56436 0.037472 0.77673
0.5641 0.037493 0.79393
0.54836 0.037497 0.80126
0.54322 0.037475 0.82632
0.55492 0.037492 0.80374
0.55582 0.037474 0.82266
0.54031 0.03747 0.84519
0.55363 0.037471 0.84376
0.56046 0.037473 0.85947
0.54203 0.037475 0.88441
0.55671 0.037475 0.87867
0.56441 0.037474 0.88642
0.54704 0.037477 0.90672
0.53755 0.037424 0.92777
0.55916 0.037478 0.91011
0.55531 0.037429 0.92739
0.54405 0.037373 0.94302
0.54801 0.033334 0.95964
0.56325 0.037389 0.94014
0.5543 0.033558 0.95251
0.54378 0.036526 0.51678
0.55387 0.036768 0.52277
0.57832 0.037466 0.0455
0.58865 0.03746 0.04093
0.59668 0.037457 0.064098
0.57447 0.037469 0.097623
0.59097 0.037458 0.074853
0.59741 0.037456 0.096915
0.57378 0.037467 0.11373
0.57849 0.037473 0.1291
0.59614 0.037455 0.10815
0.58893 0.037461 0.12019
0.58427 0.037465 0.14798
0.60079 0.037453 0.14086
0.59515 0.037464 0.15923
0.5813 0.037466 0.17902
0.57407 0.037485 0.18917
0.58981 0.037456 0.18191
0.59951 0.037453 0.18925
0.57152 0.037538 0.22532
0.59248 0.03748 0.21586
0.57094 0.037623 0.24354
0.56696 0.03772 0.25677
0.59931 0.037469 0.2409
0.5872 0.037495 0.25799
0.57503 0.037582 0.26265
0.58627 0.037512 0.27039
0.58859 0.037531 0.28615
0.56562 0.037747 0.28846
0.57495 0.037596 0.30613
0.59044 0.037534 0.30519
0.58737 0.037533 0.31379
0.57252 0.037597 0.32887
0.5889 0.037481 0.34417
0.58701 0.037462 0.35885
0.56509 0.037613 0.36339
0.5529 0.037424 0.39661
0.57089 0.03745 0.38362
0.54453 0.03711 0.41618
0.54266 0.037129 0.4312
0.56627 0.037441 0.41662
0.53606 0.037339 0.44273
0.53279 0.037424 0.46225
0.53827 0.037485 0.45133
0.53813 0.037299 0.46066
0.54402 0.036705 0.48953
0.5633 0.037543 0.50583
0.54506 0.037018 0.4794
0.5664 0.037659 0.50382
0.59861 0.037528 0.52788
0.60906 0.038117 0.54534
0.59462 0.037562 0.51925
0.61433 0.038224 0.54865
0.60969 0.037799 0.56021
0.60293 0.037681 0.59724
0.61809 0.038134 0.55918
0.61821 0.037907 0.58199
0.60976 0.038007 0.60957
0.61689 0.038051 0.60519
0.61886 0.038115 0.62447
0.59917 0.037962 0.63206
0.59153 0.037819 0.63805
0.61879 0.0382 0.64382
0.58278 0.037686 0.6483
0.57664 0.03762 0.66536
0.6172 0.037987 0.65517
0.59916 0.037662 0.66544
0.58094 0.037617 0.67494
0.59162 0.03763 0.673
0.58964 0.037613 0.68808
0.57118 0.037536 0.71968
0.59069 0.037542 0.71825
0.57225 0.037511 0.73187
0.59649 0.037478 0.74373
0.59187 0.037482 0.75972
0.57102 0.037475 0.78417
0.59143 0.037486 0.794
0.57847 0.037495 0.7976
0.5769 0.037472 0.81527
0.59008 0.037476 0.81113
0.5778 0.037476 0.84056
0.59645 0.037478 0.84186
0.5733 0.037478 0.86901
0.59598 0.037477 0.89287
0.57347 0.037479 0.90869
0.59228 0.037479 0.90699
0.57363 0.037371 0.94633
0.57676 0.033813 0.95169
0.59083 0.037399 0.94165
0.58555 0.033333 0.96313
0.612 0.037449 0.045798
0.61433 0.037448 0.063317
0.63201 0.037441 0.043007
0.63393 0.037442 0.054622
0.61773 0.037446 0.077276
0.60613 0.037454 0.089776
0.63428 0.037439 0.081921
0.62936 0.037443 0.088397
0.6135 0.037443 0.11479
0.61198 0.037447 0.13129
0.62491 0.037438 0.10802
0.631 0.037432 0.12849
0.60623 0.03745 0.13606
0.61703 0.037443 0.16575
0.63076 0.037429 0.13925
0.63128 0.037428 0.15475
0.60985 0.037442 0.17796
0.61645 0.037436 0.19148
0.6298 0.037428 0.17347
0.61429 0.037432 0.21389
0.60719 0.037454 0.23215
0.62344 0.037415 0.21837
0.62353 0.037412 0.23152
0.60316 0.037422 0.25513
0.62168 0.03738 0.25053
0.62412 0.037379 0.26162
0.62471 0.037391 0.28745
0.60456 0.037438 0.32248
0.61964 0.037428 0.31034
0.61967 0.037407 0.34025
0.61115 0.037408 0.34762
0.60547 0.037322 0.37782
0.58206 0.037394 0.38402
0.57582 0.037504 0.40955
0.59412 0.03731 0.38503
0.58756 0.037557 0.409
0.5582 0.03721 0.43924
0.57283 0.037152 0.43696
0.55733 0.036992 0.4514
0.55459 0.036861 0.47445
0.56671 0.036911 0.45793
0.57136 0.036942 0.46175
0.57722 0.037252 0.4962
0.58176 0.037098 0.48174
0.59751 0.037255 0.49913
0.60472 0.037585 0.51289
0.62007 0.038222 0.54163
0.61502 0.037542 0.5097
0.62551 0.037896 0.53314
0.62935 0.038159 0.55466
0.63403 0.037952 0.57785
0.63911 0.038021 0.55434
0.64083 0.037969 0.57304
0.63328 0.037944 0.59349
0.64391 0.037928 0.60126
0.63089 0.038212 0.63696
0.64602 0.037949 0.63628
0.62523 0.038209 0.65473
0.61428 0.03781 0.66664
0.63411 0.037825 0.67351
0.63513 0.037691 0.68163
0.60691 0.037606 0.70054
0.60529 0.03754 0.71813
0.62702 0.037522 0.72135
0.60991 0.037501 0.73714
0.60479 0.037473 0.75012
0.62435 0.037486 0.74048
0.62426 0.037471 0.74849
0.60895 0.037469 0.77605
0.61032 0.03747 0.78241
0.62556 0.037467 0.77597
0.62795 0.037467 0.78318
0.60307 0.03749 0.79906
0.60609 0.037479 0.8284
0.62817 0.037483 0.80216
0.63205 0.037478 0.82555
0.60673 0.037482 0.83575
0.60226 0.037473 0.85065
0.62467 0.037482 0.84009
0.6224 0.037474 0.85427
0.60942 0.037477 0.86793
0.60437 0.037476 0.88887
0.61849 0.037478 0.87669
0.62832 0.037476 0.88669
0.6071 0.037478 0.90792
0.60792 0.037455 0.92563
0.61944 0.037456 0.92708
0.60972 0.037423 0.94465
0.62151 0.037437 0.93712
0.62755 0.033333 0.96433
0.64105 0.037438 0.047516
0.65573 0.037434 0.038569
0.65776 0.037431 0.065233
0.6484 0.037433 0.081325
0.64235 0.037431 0.098532
0.66542 0.037426 0.075551
0.66827 0.037423 0.087723
0.65769 0.037414 0.11341
0.64939 0.037417 0.16612
0.65961 0.03741 0.14699
0.66063 0.03741 0.16576
0.64484 0.037413 0.17561
0.6455 0.037408 0.2005
0.65926 0.037396 0.1833
0.6556 0.037394 0.19075
0.64482 0.037403 0.20786
0.64132 0.037391 0.22548
0.66374 0.037384 0.21106
0.66186 0.037377 0.22801
0.63622 0.037369 0.2494
0.64097 0.037359 0.27123
0.65188 0.037321 0.27704
0.63548 0.037377 0.2908
0.63621 0.037544 0.30761
0.65656 0.037348 0.29275
0.64764 0.037577 0.30619
0.63813 0.037624 0.32199
0.64335 0.037451 0.33798
0.62431 0.03738 0.34796
0.61467 0.037254 0.38119
0.64149 0.037283 0.35017
0.63575 0.037209 0.37701
0.60094 0.037393 0.41178
0.61204 0.037249 0.40732
0.59871 0.037185 0.43746
0.6133 0.037157 0.42674
0.61235 0.03716 0.43703
0.58903 0.03708 0.45529
0.60026 0.03706 0.46795
0.61535 0.037135 0.45385
0.60759 0.037148 0.486
0.6112 0.037181 0.49238
0.62035 0.037161 0.48465
0.63291 0.037266 0.49839
0.62353 0.037407 0.50671
0.63596 0.037677 0.52621
0.64291 0.037423 0.51205
0.65903 0.03755 0.52927
0.66187 0.037771 0.55521
0.6694 0.037971 0.57293
0.66469 0.038068 0.58114
0.66828 0.037921 0.59561
0.67889 0.037999 0.59388
0.66031 0.037748 0.62965
0.67564 0.037716 0.60934
0.66682 0.037727 0.63362
0.65245 0.037911 0.6482
0.67285 0.037687 0.64651
0.64992 0.037543 0.68737
0.6554 0.037703 0.67009
0.6566 0.037561 0.68222
0.64283 0.037457 0.70316
0.64016 0.03749 0.72022
0.65661 0.037443 0.70807
0.6662 0.037464 0.72062
0.64592 0.037482 0.73106
0.64052 0.037469 0.75014
0.65954 0.037474 0.73818
0.6563 0.037461 0.74857
0.63624 0.037468 0.77405
0.64567 0.037464 0.78649
0.65429 0.037464 0.7691
0.65444 0.037465 0.7906
0.64545 0.037474 0.80418
0.64215 0.037477 0.82559
0.66193 0.037475 0.80769
0.6637 0.037477 0.82713
0.64374 0.03748 0.83326
0.64332 0.037477 0.85037
0.65363 0.037483 0.83825
0.65909 0.03748 0.86021
0.64725 0.03748 0.87818
0.64714 0.037478 0.88626
0.65393 0.03748 0.87937
0.66229 0.037481 0.89181
0.64333 0.037481 0.90619
0.6359 0.037447 0.92615
0.66196 0.037482 0.90113
0.65825 0.037471 0.91732
0.63477 0.037409 0.94107
0.64038 0.033458 0.95322
0.65554 0.037391 0.93896
0.66345 0.033378 0.95439
0.68266 0.037426 0.045502
0.68478 0.037425 0.052529
0.70111 0.037419 0.040916
0.69245 0.037419 0.060323
0.69996 0.037412 0.073718
0.69834 0.037407 0.094903
0.67254 0.037413 0.10535
0.67269 0.037408 0.1281
0.67585 0.037403 0.1466
0.67769 0.037403 0.16424
0.68071 0.03739 0.17715
0.69311 0.037378 0.18182
0.67879 0.037367 0.21663
0.669 0.037372 0.22849
0.69314 0.037349 0.22353
0.68429 0.037353 0.23739
0.67136 0.037336 0.25282
0.68175 0.037323 0.25905
0.68708 0.037317 0.26414
0.66296 0.037459 0.30688
0.68366 0.037291 0.29323
0.6734 0.037344 0.3037
0.6545 0.03749 0.33257
0.67088 0.03737 0.32639
0.67012 0.037354 0.33166
0.65922 0.037212 0.35012
0.65086 0.037179 0.36548
0.66481 0.037188 0.36043
0.65883 0.037153 0.37507
0.64026 0.037124 0.39013
0.63386 0.037091 0.40254
0.65997 0.037128 0.39332
0.65893 0.037128 0.40294
0.63999 0.037092 0.41934
0.63348 0.037129 0.43958
0.65406 0.037131 0.41926
0.66213 0.03714 0.43447
0.63714 0.037128 0.4691
0.66 0.037133 0.45409
0.64396 0.037182 0.48336
0.65735 0.037231 0.49459
0.67173 0.037205 0.48083
0.67864 0.037291 0.49916
0.65797 0.037431 0.51399
0.66557 0.037525 0.53098
0.68308 0.037424 0.523
0.67001 0.037552 0.54125
0.68091 0.037923 0.57193
0.68538 0.037457 0.53997
0.69327 0.037717 0.56999
0.68584 0.037898 0.59619
0.6917 0.037861 0.57786
0.70756 0.037634 0.59591
0.6929 0.037699 0.60379
0.70378 0.037588 0.61345
0.70547 0.037576 0.62975
0.68464 0.037625 0.64657
0.68249 0.037597 0.65458
0.69865 0.037588 0.63894
0.69818 0.037554 0.65407
0.6753 0.037487 0.68888
0.69236 0.037479 0.68281
0.68108 0.037481 0.70712
0.672 0.037468 0.71892
0.68739 0.037483 0.6985
0.67759 0.037471 0.74367
0.6709 0.037468 0.75943
0.6935 0.037476 0.73554
0.69733 0.037476 0.75764
0.67411 0.03747 0.76816
0.67627 0.037468 0.78748
0.69194 0.037476 0.76708
0.6861 0.037474 0.79527
0.67196 0.037476 0.80282
0.68535 0.037477 0.80097
0.68735 0.037479 0.82438
0.67942 0.03748 0.84578
0.69313 0.037482 0.83533
0.68621 0.037483 0.86265
0.67927 0.037484 0.86888
0.68965 0.037484 0.86788
0.69009 0.037485 0.89257
0.67776 0.037484 0.90684
0.66852 0.037423 0.92956
0.6883 0.037424 0.92881
0.67933 0.03737 0.94175
0.68063 0.033333 0.96334
0.69436 0.033337 0.95738
0.71082 0.037415 0.037608
0.70979 0.037414 0.05582
0.72629 0.037411 0.043
0.72883 0.037406 0.062243
0.71238 0.037405 0.078467
0.72968 0.037399 0.077917
0.7124 0.037395 0.10485
0.70857 0.037389 0.1316
0.72715 0.037381 0.11679
0.73068 0.037379 0.13288
0.70579 0.037382 0.16481
0.73239 0.037375 0.15319
0.72992 0.037373 0.16622
0.70599 0.03737 0.18418
0.70308 0.037361 0.20235
0.72185 0.03737 0.17581
0.73028 0.037359 0.1951
0.70462 0.037353 0.21014
0.70273 0.037341 0.23011
0.71916 0.037339 0.21856
0.70696 0.037316 0.25792
0.72512 0.037294 0.26447
0.70651 0.037287 0.28201
0.70211 0.037278 0.30365
0.68494 0.037283 0.31999
0.69104 0.037251 0.3413
0.71439 0.037257 0.32002
0.69928 0.03724 0.34254
0.69161 0.037234 0.348
0.68757 0.03718 0.3712
0.70447 0.03723 0.34853
0.70741 0.037201 0.37028
0.68668 0.037139 0.38987
0.67315 0.037141 0.40133
0.6978 0.037168 0.38202
0.69107 0.037139 0.40474
0.67755 0.037141 0.42295
0.70278 0.037183 0.41262
0.69181 0.037159 0.42988
0.68234 0.037133 0.44344
0.67645 0.037163 0.46682
0.70101 0.037197 0.44853
0.69791 0.037198 0.46344
0.68576 0.037182 0.47451
0.68971 0.037232 0.49213
0.69354 0.037191 0.4723
0.70476 0.037261 0.49326
0.70559 0.037309 0.50877
0.71462 0.037344 0.52158
0.7026 0.03744 0.54789
0.72053 0.037384 0.54469
0.72923 0.037405 0.56514
0.72483 0.037671 0.59947
0.73171 0.037418 0.57795
0.72981 0.037546 0.58911
0.72062 0.037621 0.62469
0.73206 0.037838 0.60673
0.73625 0.037751 0.62354
0.71697 0.037547 0.64326
0.72049 0.037523 0.65006
0.72962 0.037553 0.63731
0.73053 0.037516 0.65757
0.71519 0.037488 0.67818
0.71036 0.037486 0.68706
0.72654 0.037509 0.66966
0.72935 0.037491 0.68436
0.71646 0.037481 0.70684
0.70429 0.037477 0.71987
0.72104 0.037475 0.71631
0.7077 0.03748 0.73678
0.70704 0.037477 0.75141
0.72863 0.037479 0.73494
0.72456 0.037476 0.7541
0.7113 0.037486 0.77149
0.70216 0.037478 0.78789
0.72305 0.037484 0.77074
0.71144 0.037482 0.81151
0.70216 0.037481 0.82342
0.72404 0.037483 0.80017
0.71428 0.037485 0.83343
0.70208 0.037484 0.85656
0.72064 0.037486 0.83382
0.70896 0.037489 0.87919
0.70296 0.037487 0.88392
0.71907 0.03749 0.87048
0.73109 0.037493 0.89446
0.70189 0.037489 0.90754
0.7131 0.037481 0.91715
0.72935 0.037493 0.90426
0.70862 0.033334 0.95956
0.73058 0.037383 0.93977
0.74011 0.037409 0.044065
0.74272 0.037404 0.05864
0.76217 0.037398 0.060031
0.75701 0.037389 0.079607
0.75463 0.037385 0.094359
0.76489 0.03738 0.1087
0.75476 0.037377 0.12286
0.74264 0.037374 0.15251
0.73869 0.037375 0.15858
0.75599 0.037373 0.14006
0.76352 0.037361 0.16455
0.73949 0.037364 0.17868
0.74416 0.037349 0.20289
0.75512 0.037352 0.18575
0.75296 0.037344 0.2011
0.74708 0.037336 0.21499
0.7393 0.037312 0.24074
0.75743 0.037316 0.23427
0.73737 0.037295 0.25456
0.76093 0.037303 0.2449
0.73895 0.037266 0.27975
0.72474 0.037261 0.29689
0.75342 0.037265 0.28272
0.72312 0.037241 0.33801
0.73984 0.037251 0.31313
0.73985 0.037239 0.33428
0.71889 0.03723 0.35014
0.71558 0.037201 0.37503
0.73843 0.037212 0.35523
0.74176 0.037201 0.36637
0.7248 0.037168 0.38852
0.71953 0.03717 0.39668
0.74365 0.037184 0.38428
0.73234 0.037162 0.3984
0.71633 0.037181 0.41104
0.71487 0.037187 0.43615
0.73855 0.037168 0.41894
0.71203 0.037196 0.44776
0.7143 0.037208 0.4654
0.73664 0.03717 0.44791
0.74139 0.037176 0.45788
0.72658 0.037185 0.47161
0.71953 0.037234 0.4894
0.74675 0.037194 0.47649
0.74642 0.037202 0.48601
0.7477 0.037243 0.50654
0.74409 0.037286 0.5281
0.73225 0.037351 0.54271
0.73601 0.037377 0.5614
0.74916 0.037312 0.53824
0.75917 0.037342 0.55308
0.74638 0.037396 0.58312
0.75153 0.037659 0.60066
0.75506 0.037677 0.60438
0.74236 0.037566 0.63679
0.743 0.037516 0.65537
0.75948 0.037532 0.63806
0.7464 0.037528 0.66998
0.74357 0.037504 0.69007
0.76344 0.037502 0.67832
0.74701 0.037496 0.70966
0.74369 0.037486 0.72894
0.7432 0.037477 0.74655
0.74012 0.037476 0.75093
0.75837 0.037478 0.75397
0.745 0.037484 0.77239
0.74388 0.037485 0.79145
0.75365 0.03748 0.76775
0.74811 0.037488 0.81193
0.74752 0.037489 0.82989
0.75572 0.037487 0.80305
0.76148 0.037489 0.82158
0.73814 0.03749 0.85747
0.75586 0.037491 0.84542
0.74305 0.037492 0.86714
0.73906 0.037494 0.89643
0.75567 0.037494 0.87657
0.75506 0.037495 0.89164
0.74587 0.037495 0.9009
0.76129 0.037496 0.90817
0.75391 0.037448 0.92814
0.73629 0.037393 0.93868
0.73804 0.033336 0.95748
0.76277 0.033334 0.96059
0.77357 0.0374 0.044502
0.78187 0.037396 0.053471
0.79621 0.037395 0.048197
0.79903 0.037388 0.064902
0.77717 0.037388 0.070587
0.79111 0.037378 0.093556
0.7816 0.037378 0.11809
0.78054 0.03737 0.13439
0.79228 0.037376 0.11452
0.79585 0.037369 0.12945
0.7814 0.037361 0.14985
0.77848 0.037355 0.16378
0.78832 0.037363 0.14248
0.78924 0.037348 0.16864
0.7781 0.037341 0.1847
0.79749 0.037343 0.1753
0.7855 0.037331 0.2038
0.77619 0.037328 0.21525
0.77781 0.037314 0.23701
0.79221 0.037319 0.22004
0.78722 0.037312 0.23581
0.76811 0.037302 0.24715
0.76491 0.037281 0.27305
0.78632 0.037305 0.24542
0.78508 0.037296 0.26327
0.78525 0.037289 0.28492
0.75478 0.037243 0.32327
0.7599 0.037231 0.33805
0.78808 0.037245 0.31013
0.77314 0.037215 0.33176
0.75913 0.037216 0.35429
0.75671 0.037205 0.37
0.77075 0.037207 0.3466
0.76874 0.037197 0.36567
0.75864 0.037191 0.38477
0.76239 0.037174 0.40035
0.77774 0.037193 0.38267
0.77813 0.037181 0.40066
0.76046 0.037167 0.41448
0.75678 0.037171 0.42879
0.76929 0.03717 0.41176
0.77529 0.037174 0.43409
0.75684 0.037179 0.44833
0.77413 0.037176 0.45099
0.77187 0.037169 0.45515
0.75491 0.03719 0.47328
0.76344 0.037181 0.48701
0.77796 0.03716 0.47196
0.79099 0.037247 0.48937
0.7713 0.037224 0.50877
0.78206 0.037216 0.50431
0.7904 0.037264 0.52388
0.76509 0.03734 0.5564
0.78508 0.037272 0.52997
0.78892 0.037307 0.55728
0.77319 0.037356 0.57601
0.77058 0.037399 0.58742
0.78749 0.037333 0.57338
0.77669 0.037386 0.60052
0.78553 0.037376 0.60174
0.76964 0.037526 0.63304
0.77154 0.037501 0.65391
0.79384 0.037472 0.64001
0.78953 0.03748 0.6609
0.77326 0.037495 0.6788
0.77521 0.037489 0.68717
0.79576 0.037477 0.67735
0.79533 0.037476 0.6826
0.77958 0.037479 0.70691
0.7696 0.037486 0.7283
0.78618 0.037481 0.72975
0.77622 0.037488 0.73826
0.77966 0.037481 0.76107
0.79657 0.037483 0.73854
0.79472 0.037488 0.79196
0.77009 0.03749 0.81324
0.77642 0.037491 0.82836
0.78667 0.03749 0.80377
0.79689 0.037493 0.82851
0.77541 0.037493 0.85115
0.7869 0.037494 0.84004
0.77723 0.037496 0.8756
0.77099 0.037496 0.89397
0.79463 0.037499 0.89085
0.77626 0.037453 0.93038
0.79081 0.037499 0.9121
0.78064 0.037407 0.94745
0.77169 0.033333 0.96298
0.79011 0.037418 0.94086
0.79528 0.033347 0.95589
0.8036 0.037395 0.047451
0.8042 0.037393 0.055177
0.82935 0.037391 0.047631
0.83175 0.03739 0.053137
0.80338 0.037381 0.079359
0.80483 0.037378 0.095559
0.82828 0.037383 0.074984
0.82117 0.037377 0.09256
0.80994 0.037375 0.10847
0.80853 0.037369 0.12723
0.82013 0.037372 0.11153
0.82698 0.037363 0.12968
0.82678 0.037355 0.14562
0.81916 0.037338 0.18139
0.81902 0.037331 0.19365
0.80913 0.037316 0.21491
0.80148 0.037308 0.23071
0.83085 0.037318 0.22113
0.82727 0.037304 0.23122
0.80189 0.037295 0.24609
0.8036 0.037292 0.26576
0.82725 0.037284 0.26469
0.80916 0.037291 0.28844
0.803 0.037283 0.29766
0.82594 0.037296 0.2843
0.81691 0.037278 0.30052
0.80559 0.03726 0.31035
0.79778 0.03723 0.32676
0.81762 0.037266 0.3111
0.80785 0.037227 0.3354
0.79253 0.03721 0.35121
0.79701 0.037203 0.36057
0.80747 0.03721 0.35307
0.78995 0.037191 0.38498
0.78867 0.037179 0.4032
0.81537 0.037177 0.3845
0.78918 0.037174 0.41533
0.79074 0.037176 0.43356
0.80936 0.03714 0.42953
0.79239 0.037175 0.4475
0.80458 0.037217 0.46145
0.81679 0.03712 0.44726
0.80113 0.037331 0.47532
0.79808 0.037334 0.48875
0.7969 0.037284 0.50417
0.80613 0.03724 0.51132
0.81665 0.037253 0.50884
0.80399 0.037283 0.54869
0.81374 0.037263 0.54367
0.80687 0.037354 0.59221
0.82656 0.037312 0.57114
0.82237 0.037338 0.58882
0.8101 0.037371 0.60786
0.81218 0.037401 0.62304
0.82499 0.037356 0.60219
0.81947 0.037385 0.61966
0.80609 0.037464 0.6419
0.80691 0.037467 0.6489
0.8204 0.037407 0.63102
0.81273 0.037462 0.66501
0.80609 0.037476 0.69514
0.82423 0.037462 0.68335
0.80862 0.037477 0.7069
0.82308 0.03747 0.70574
0.80527 0.037482 0.73375
0.80614 0.037485 0.7596
0.83158 0.037479 0.73793
0.83211 0.037483 0.75315
0.80307 0.037486 0.77281
0.80668 0.03749 0.79435
0.83073 0.037487 0.77649
0.82441 0.037489 0.79114
0.80937 0.037492 0.80389
0.82383 0.037495 0.82488
0.80345 0.037497 0.84503
0.80993 0.037498 0.85797
0.82881 0.037498 0.84102
0.82836 0.0375 0.86036
0.81383 0.0375 0.8705
0.8033 0.0375 0.88953
0.82546 0.037502 0.87941
0.80498 0.037501 0.9049
0.80399 0.037483 0.92033
0.81785 0.037502 0.90615
0.80399 0.037416 0.93721
0.81172 0.033333 0.96101
0.82644 0.037374 0.94753
0.82005 0.033333 0.96331
0.84247 0.037388 0.045243
0.83934 0.037388 0.055847
0.86148 0.037385 0.045415
0.84514 0.037383 0.081124
0.84857 0.037376 0.093781
0.85208 0.037384 0.07609
0.85378 0.037377 0.091978
0.85527 0.037362 0.11144
0.85446 0.037357 0.13631
0.83915 0.037355 0.15183
0.84602 0.037348 0.16476
0.85845 0.037357 0.14705
0.85239 0.037354 0.15772
0.83708 0.037333 0.1879
0.83967 0.037331 0.19925
0.85657 0.037331 0.18811
0.86503 0.037323 0.20422
0.849 0.037333 0.2165
0.83736 0.0373 0.23725
0.86076 0.037322 0.21948
0.85473 0.037322 0.23911
0.85013 0.037275 0.25132
0.86174 0.037413 0.2518
0.86214 0.037406 0.26022
0.85341 0.037309 0.27796
0.85248 0.037291 0.29819
0.8342 0.037265 0.31885
0.82643 0.037249 0.32863
0.85382 0.037281 0.31017
0.84724 0.037263 0.32311
0.82875 0.037221 0.35816
0.84732 0.03724 0.34512
0.85481 0.037228 0.36336
0.83115 0.037198 0.38366
0.84102 0.037204 0.38158
0.85002 0.037198 0.39382
0.83444 0.037167 0.41399
0.83555 0.037155 0.42738
0.84065 0.037176 0.40834
0.84949 0.037159 0.43409
0.82791 0.03713 0.44801
0.82264 0.037285 0.46531
0.84177 0.037127 0.45189
0.8446 0.03731 0.4681
0.82651 0.037544 0.47888
0.83051 0.037609 0.48554
0.83101 0.037373 0.49806
0.83996 0.037189 0.51885
0.85415 0.037195 0.50963
0.8372 0.037222 0.53077
0.83961 0.037259 0.54709
0.85493 0.037223 0.53141
0.85364 0.037253 0.54489
0.84303 0.037293 0.56784
0.83662 0.037342 0.5882
0.85716 0.037288 0.56651
0.85054 0.037319 0.58377
0.84604 0.037372 0.61475
0.85571 0.037339 0.59561
0.85114 0.037381 0.62554
0.84666 0.037418 0.65512
0.86152 0.037393 0.63397
0.8561 0.037419 0.65878
0.84607 0.037442 0.6757
0.83749 0.037455 0.68531
0.85837 0.037427 0.66778
0.86139 0.037448 0.69345
0.83895 0.037463 0.70397
0.84558 0.03747 0.7224
0.85335 0.037452 0.70037
0.85424 0.037467 0.72525
0.84303 0.037477 0.73545
0.84027 0.037484 0.76213
0.85588 0.03748 0.75781
0.83666 0.03749 0.79312
0.85956 0.037484 0.76878
0.8637 0.037489 0.78821
0.83994 0.037495 0.8132
0.86228 0.037493 0.80283
0.85911 0.037496 0.82053
0.84187 0.037499 0.84124
0.85877 0.037499 0.83699
0.85979 0.037502 0.85481
0.84432 0.037503 0.87386
0.83981 0.037504 0.89508
0.85841 0.037503 0.868
0.84322 0.037501 0.91743
0.86215 0.037507 0.90391
0.85359 0.037493 0.92055
0.8477 0.037447 0.93478
0.84072 0.033334 0.96025
0.86102 0.037457 0.93434
0.85922 0.033333 0.96345
0.86911 0.037384 0.039384
0.87079 0.037383 0.06234
0.8856 0.037382 0.040234
0.88706 0.037382 0.052797
0.88029 0.037382 0.078445
0.88071 0.037376 0.094768
0.89541 0.037381 0.080601
0.88953 0.037379 0.088355
0.87986 0.037365 0.11225
0.88051 0.03736 0.13191
0.88898 0.037363 0.12249
0.87358 0.037358 0.14281
0.88077 0.037348 0.16397
0.89226 0.037359 0.15276
0.88731 0.037347 0.1678
0.87533 0.03732 0.19919
0.89125 0.037343 0.17581
0.89486 0.037334 0.19701
0.87129 0.037313 0.21328
0.87702 0.037424 0.23181
0.88844 0.037307 0.22179
0.88451 0.037511 0.23584
0.87317 0.037574 0.24666
0.87093 0.037382 0.27578
0.87031 0.037296 0.29192
0.89166 0.037489 0.26831
0.88527 0.037293 0.29309
0.86377 0.037281 0.31795
0.87359 0.037282 0.32559
0.8818 0.037291 0.30506
0.87988 0.037286 0.32209
0.86932 0.037255 0.34808
0.88662 0.037268 0.34204
0.89153 0.037255 0.35546
0.86786 0.037218 0.38303
0.85945 0.037207 0.39122
0.88411 0.037231 0.37454
0.88666 0.037218 0.3949
0.86137 0.037193 0.41116
0.86321 0.037193 0.42368
0.88728 0.037209 0.41516
0.88202 0.037207 0.42108
0.86931 0.037201 0.44444
0.87343 0.03721 0.45345
0.86155 0.037294 0.47896
0.86051 0.037307 0.48861
0.8692 0.037212 0.48778
0.85404 0.037332 0.49392
0.8679 0.037223 0.52059
0.8778 0.037197 0.50509
0.88189 0.037225 0.51792
0.86507 0.037235 0.53078
0.88244 0.037238 0.5298
0.88812 0.037257 0.54449
0.87363 0.037292 0.56668
0.87277 0.037333 0.58998
0.88647 0.037291 0.56732
0.88456 0.03733 0.59092
0.87214 0.037347 0.59852
0.8785 0.037384 0.62468
0.88456 0.037348 0.60224
0.88458 0.037374 0.61979
0.87722 0.037408 0.64288
0.88654 0.037399 0.64059
0.89006 0.037412 0.65303
0.87039 0.037429 0.66956
0.89735 0.037443 0.69248
0.87048 0.037459 0.70841
0.87945 0.037467 0.7259
0.89403 0.037449 0.699
0.88944 0.037462 0.71839
0.87232 0.037474 0.74137
0.87094 0.037481 0.7613
0.88632 0.037471 0.73921
0.89697 0.037479 0.76034
0.8734 0.037487 0.77691
0.87753 0.037491 0.79397
0.88932 0.037488 0.7846
0.87041 0.037496 0.81257
0.87655 0.037498 0.82182
0.88831 0.037493 0.80158
0.87578 0.0375 0.83776
0.88045 0.037504 0.86132
0.89368 0.0375 0.83682
0.8854 0.037504 0.85635
0.87352 0.037507 0.88929
0.89111 0.037505 0.86759
0.8941 0.037508 0.88794
0.87887 0.037509 0.90187
0.88009 0.037483 0.92786
0.89213 0.03751 0.90848
0.89569 0.037472 0.92949
0.87108 0.037449 0.94003
0.89715 0.033333 0.96093
0.90463 0.037383 0.037721
0.91154 0.037383 0.055183
0.92184 0.037364 0.039091
0.91455 0.03738 0.077416
0.90315 0.037377 0.093142
0.92808 0.037333 0.097485
0.91065 0.03737 0.11243
0.90864 0.037365 0.13379
0.92037 0.037359 0.107
0.92279 0.037348 0.12211
0.90458 0.037364 0.13945
0.90672 0.037359 0.16447
0.92112 0.037348 0.14392
0.91166 0.037358 0.19497
0.92641 0.037332 0.17739
0.92865 0.03732 0.20281
0.91203 0.037357 0.21286
0.90752 0.037377 0.23135
0.9246 0.037325 0.21613
0.91423 0.037336 0.23401
0.89839 0.037562 0.25263
0.92226 0.037273 0.24868
0.91535 0.037285 0.26045
0.90159 0.037391 0.27168
0.92771 0.037276 0.28307
0.92675 0.037273 0.29714
0.90635 0.037288 0.32857
0.91915 0.037289 0.30546
0.91775 0.03728 0.32528
0.89784 0.037274 0.3395
0.90025 0.037252 0.36441
0.92496 0.037255 0.33989
0.91401 0.037256 0.35839
0.89869 0.037242 0.37472
0.90341 0.037235 0.39322
0.91909 0.037213 0.39707
0.91886 0.037208 0.40462
0.92498 0.037179 0.43044
0.895 0.037211 0.45482
0.92079 0.037185 0.43517
0.89654 0.037163 0.47759
0.89369 0.037167 0.49111
0.92 0.037165 0.46997
0.91631 0.037169 0.48287
0.90224 0.037199 0.49826
0.90474 0.037231 0.51757
0.92212 0.037178 0.50805
0.91957 0.037191 0.51483
0.91853 0.037223 0.53274
0.92127 0.037244 0.54917
0.9111 0.037343 0.59006
0.92157 0.037297 0.56969
0.92614 0.037325 0.58962
0.90687 0.037354 0.5993
0.90209 0.037374 0.61664
0.91933 0.037347 0.6005
0.92131 0.037356 0.61302
0.90098 0.037395 0.63818
0.93045 0.03734 0.64196
0.92119 0.03739 0.6579
0.9118 0.037435 0.683
0.92334 0.037399 0.67606
0.92676 0.037393 0.69113
0.91112 0.037448 0.70022
0.92131 0.037424 0.70436
0.90831 0.037468 0.73695
0.91183 0.037476 0.75655
0.9186 0.037452 0.73296
0.91811 0.03747 0.76178
0.91312 0.037481 0.76898
0.91218 0.037487 0.78574
0.92484 0.037454 0.77321
0.92561 0.037456 0.7931
0.90367 0.037495 0.81344
0.91109 0.037495 0.81998
0.91997 0.037475 0.80069
0.91765 0.037489 0.82391
0.90491 0.037502 0.84346
0.90531 0.037504 0.86039
0.92252 0.037467 0.83402
0.91817 0.037494 0.85994
0.91082 0.037506 0.87148
0.91821 0.037497 0.87013
0.92981 0.037461 0.88805
0.90645 0.03751 0.90861
0.90766 0.03747 0.92797
0.9197 0.037495 0.90763
0.92781 0.037431 0.92398
0.90616 0.037431 0.94027
0.91233 0.033334 0.95898
0.91816 0.037417 0.93875
0.92346 0.033334 0.96027
0.93728 0.037308 0.04258
0.93754 0.037306 0.055702
0.95381 0.033438 0.037448
0.9573 0.033338 0.062599
0.93447 0.037312 0.076613
0.95981 0.033334 0.090009
0.94637 0.037272 0.10935
0.95891 0.033334 0.13179
0.946 0.037269 0.15004
0.94233 0.037281 0.16081
0.95812 0.033335 0.14539
0.95123 0.034242 0.16307
0.93496 0.037309 0.17727
0.94478 0.037272 0.2012
0.95424 0.033383 0.20251
0.93797 0.03728 0.21138
0.93714 0.037259 0.23421
0.96292 0.033333 0.21954
0.96045 0.033334 0.22653
0.93708 0.03725 0.25166
0.94404 0.037244 0.25666
0.96018 0.033334 0.24178
0.95066 0.034001 0.26718
0.94069 0.037247 0.27419
0.93704 0.037251 0.29078
0.95872 0.033334 0.27858
0.93865 0.037241 0.30453
0.938 0.037234 0.33211
0.95335 0.033409 0.3042
0.9641 0.033333 0.32638
0.94295 0.037227 0.34378
0.94011 0.037219 0.35823
0.95749 0.033335 0.36074
0.93658 0.037204 0.36934
0.94437 0.037147 0.39759
0.96382 0.033333 0.37987
0.94976 0.034581 0.39628
0.9424 0.037146 0.40687
0.96295 0.033333 0.40945
0.95463 0.033352 0.42761
0.93728 0.037153 0.44345
0.94197 0.037144 0.44998
0.95125 0.033652 0.43434
0.9585 0.033334 0.45085
0.93408 0.037132 0.46993
0.96289 0.033333 0.4764
0.95271 0.033396 0.49127
0.94233 0.037116 0.50419
0.93811 0.037135 0.51711
0.95034 0.033844 0.5073
0.9585 0.033334 0.52192
0.93285 0.037201 0.54863
0.96394 0.033333 0.53396
0.95721 0.033336 0.55169
0.94117 0.037302 0.58762
0.93819 0.037317 0.60669
0.93857 0.037317 0.61569
0.95905 0.033334 0.62099
0.94252 0.0373 0.63284
0.96086 0.033333 0.63067
0.96336 0.033333 0.65332
0.94746 0.037302 0.67124
0.95956 0.033334 0.66942
0.95876 0.033334 0.69077
0.93953 0.03734 0.70927
0.93857 0.037349 0.72051
0.95356 0.033447 0.71111
0.95428 0.033393 0.71639
0.94259 0.03735 0.75216
0.95503 0.033365 0.74335
0.95933 0.033334 0.75242
0.94029 0.037411 0.77629
0.94034 0.037403 0.7964
0.95727 0.033338 0.78451
0.93876 0.037403 0.80156
0.95365 0.033449 0.80991
0.95872 0.033334 0.82862
0.9372 0.037393 0.84428
0.96485 0.033333 0.85551
0.94199 0.037422 0.88481
0.95919 0.033334 0.86891
0.93699 0.037404 0.92116
0.95598 0.033347 0.90681
0.9645 0.033333 0.9197
0.93793 0.037351 0.93592
0.94162 0.033335 0.95816
0.95902 0.033334 0.94203
0.95389 0.033333 0.96267
