2635
1 1 1
0.034973 0.037665 0.044815
0.040989 0.037665 0.054116
0.062268 0.037666 0.035659
0.058317 0.037666 0.051356
0.046075 0.037666 0.068756
0.043547 0.037667 0.092974
0.059676 0.037666 0.080459
0.056149 0.037666 0.096637
0.038543 0.037665 0.11014
0.041224 0.037666 0.12004
0.063201 0.037664 0.10686
0.062677 0.037668 0.14237
0.040382 0.037656 0.18796
0.058251 0.037658 0.17794
0.061027 0.037655 0.1935
0.03615 0.037655 0.19827
0.040358 0.037652 0.22401
0.053225 0.037654 0.2033
0.05631 0.037653 0.2166
0.047758 0.03765 0.23298
0.042293 0.037648 0.25407
0.052868 0.03765 0.23931
0.061622 0.037647 0.25389
0.047246 0.037647 0.26587
0.046412 0.037646 0.28286
0.055684 0.037647 0.27485
0.063176 0.037646 0.28354
0.06197 0.037647 0.30446
0.057557 0.037646 0.31953
0.045149 0.037643 0.34075
0.062218 0.037641 0.34938
0.046166 0.037637 0.37077
0.045182 0.037636 0.3842
0.060725 0.037639 0.36866
0.056074 0.037639 0.3905
0.04456 0.037639 0.40117
0.037578 0.03764 0.42069
0.060477 0.037641 0.40398
0.054143 0.037642 0.41549
0.042372 0.037638 0.44395
0.059137 0.037642 0.44172
0.058301 0.037641 0.45804
0.041771 0.037637 0.47166
0.043633 0.037635 0.48665
0.052105 0.03764 0.47139
0.057776 0.037636 0.49033
0.038388 0.037624 0.50681
0.038089 0.037618 0.52827
0.054557 0.037627 0.50883
0.058887 0.037622 0.52732
0.045323 0.037617 0.53994
0.043021 0.037619 0.56598
0.060871 0.037621 0.53845
0.059562 0.037621 0.55945
0.037078 0.03762 0.57729
0.035935 0.037623 0.59991
0.051558 0.037622 0.57587
0.053518 0.037625 0.59617
0.043641 0.037624 0.60474
0.036258 0.037625 0.63206
0.051471 0.037626 0.61082
0.057501 0.037628 0.62364
0.051465 0.037626 0.65154
0.053441 0.037629 0.66352
0.047478 0.037629 0.67538
0.052525 0.037631 0.67356
0.058088 0.037634 0.69116
0.036 0.037635 0.73231
0.059843 0.037633 0.71558
0.051645 0.037634 0.72504
0.04345 0.037637 0.74853
0.037043 0.03764 0.76398
0.058924 0.037636 0.74528
0.051942 0.03764 0.7621
0.040781 0.037642 0.77444
0.03721 0.037647 0.80055
0.058049 0.037644 0.78283
0.056124 0.037645 0.7925
0.039718 0.037651 0.82695
0.052718 0.037649 0.81513
0.058274 0.037652 0.83231
0.038026 0.037654 0.84377
0.035016 0.037656 0.86237
0.053607 0.037653 0.83819
0.055937 0.037655 0.86034
0.03557 0.037656 0.87201
0.045064 0.03766 0.89308
0.05789 0.037656 0.87929
0.056382 0.037658 0.88934
0.041883 0.037669 0.91235
0.037067 0.033425 0.95626
0.058485 0.03756 0.94487
0.060941 0.033651 0.95425
0.07901 0.037667 0.045217
0.074914 0.037666 0.059541
0.077914 0.037664 0.088016
0.094009 0.037664 0.073724
0.091361 0.037663 0.087976
0.071059 0.037662 0.10598
0.07211 0.037663 0.12873
0.084914 0.03766 0.10843
0.089089 0.03766 0.12184
0.069628 0.037665 0.13956
0.089198 0.03766 0.13593
0.092549 0.037658 0.15726
0.071758 0.037657 0.17512
0.06782 0.037655 0.18996
0.094029 0.037654 0.17492
0.094543 0.037652 0.19009
0.077026 0.037654 0.20483
0.075698 0.037651 0.22167
0.088495 0.037653 0.20991
0.096755 0.037649 0.22552
0.069505 0.037648 0.24271
0.072071 0.037647 0.2491
0.085284 0.037647 0.24329
0.089654 0.037647 0.25145
0.075821 0.037647 0.27188
0.074881 0.037646 0.28917
0.09525 0.037645 0.27192
0.068022 0.037646 0.30575
0.068406 0.037644 0.32478
0.092552 0.037642 0.30425
0.090484 0.037641 0.32536
0.071225 0.037641 0.34385
0.089545 0.037641 0.33973
0.088266 0.037641 0.35467
0.07571 0.037637 0.37769
0.091305 0.037641 0.37103
0.094969 0.037641 0.38281
0.069256 0.037642 0.40926
0.073283 0.037643 0.4226
0.093065 0.037648 0.41148
0.086205 0.03765 0.4181
0.069045 0.037643 0.44481
0.083599 0.037649 0.43669
0.084865 0.03765 0.45584
0.073865 0.037642 0.47388
0.077968 0.037641 0.48451
0.08982 0.03765 0.4798
0.089024 0.037646 0.49078
0.069008 0.037632 0.50246
0.085127 0.037635 0.51972
0.077059 0.037624 0.53661
0.072077 0.037623 0.56498
0.082516 0.037626 0.56266
0.073944 0.037623 0.57115
0.069573 0.037627 0.59983
0.085597 0.037631 0.57146
0.088392 0.037633 0.59522
0.074375 0.037631 0.62953
0.09002 0.037634 0.61282
0.095063 0.037633 0.62217
0.073058 0.037631 0.64255
0.092708 0.037635 0.6655
0.068265 0.037634 0.68216
0.086032 0.037638 0.67452
0.089107 0.037636 0.69404
0.076272 0.037633 0.71195
0.067632 0.037634 0.73286
0.090941 0.037635 0.72438
0.071046 0.037635 0.74544
0.075979 0.037637 0.75769
0.088022 0.037636 0.74148
0.08498 0.037639 0.76242
0.0713 0.037641 0.77357
0.072864 0.037646 0.79927
0.09399 0.037642 0.78496
0.072189 0.037647 0.81611
0.079998 0.037647 0.82353
0.092725 0.037645 0.80697
0.089841 0.037649 0.8324
0.074481 0.037653 0.84237
0.074351 0.037654 0.86169
0.08961 0.037653 0.86547
0.07645 0.037653 0.88267
0.08818 0.037653 0.87374
0.084945 0.037654 0.89032
0.071173 0.037664 0.90976
0.076707 0.037642 0.93088
0.088664 0.037659 0.90273
0.071166 0.037615 0.93865
0.085696 0.037631 0.94733
0.11026 0.03766 0.039031
0.1057 0.037661 0.057391
0.12624 0.037657 0.037884
0.12171 0.037658 0.052235
0.1025 0.037663 0.068377
0.10693 0.037661 0.094325
0.12398 0.037657 0.096555
0.10536 0.037658 0.11028
0.11353 0.037655 0.12863
0.12494 0.037653 0.11827
0.10738 0.037656 0.14103
0.10246 0.037656 0.15566
0.12651 0.037652 0.15572
0.10755 0.037651 0.17255
0.1063 0.03765 0.18726
0.1274 0.03765 0.16673
0.11873 0.037648 0.19341
0.11279 0.037647 0.21648
0.11763 0.037648 0.20065
0.11684 0.037646 0.22688
0.10567 0.037646 0.23801
0.10063 0.037645 0.25571
0.12065 0.037645 0.23727
0.1065 0.037642 0.27325
0.10618 0.03764 0.28593
0.12034 0.03764 0.27691
0.12844 0.037636 0.2835
0.10667 0.037636 0.30347
0.10733 0.037635 0.32588
0.12802 0.037633 0.30899
0.11654 0.037633 0.31764
0.10412 0.037636 0.33365
0.10518 0.037638 0.35827
0.11579 0.037636 0.35324
0.09941 0.03764 0.36528
0.1163 0.037642 0.36968
0.12222 0.037653 0.39353
0.1027 0.037645 0.39818
0.1024 0.037649 0.42522
0.11331 0.03765 0.42546
0.098588 0.037652 0.43766
0.099535 0.037653 0.44966
0.11386 0.037657 0.44427
0.11561 0.037659 0.45682
0.098851 0.037651 0.47055
0.10707 0.037647 0.48724
0.11669 0.03766 0.47197
0.12243 0.037663 0.48932
0.10337 0.037639 0.50346
0.098923 0.037634 0.52546
0.11942 0.037643 0.52589
0.10495 0.037635 0.53824
0.10068 0.037635 0.55986
0.12159 0.037647 0.54371
0.098914 0.037632 0.5826
0.10115 0.037633 0.5956
0.11869 0.037641 0.57644
0.12034 0.037638 0.60139
0.1092 0.037629 0.61696
0.10931 0.037628 0.62678
0.12612 0.037632 0.63182
0.10634 0.037628 0.64567
0.10591 0.037629 0.65858
0.11962 0.037631 0.64026
0.11646 0.037627 0.6672
0.10463 0.037631 0.68377
0.12191 0.037629 0.68338
0.10739 0.037636 0.72886
0.1265 0.037629 0.70709
0.12769 0.037631 0.73449
0.10174 0.037635 0.73983
0.10573 0.037635 0.7562
0.12016 0.037634 0.76436
0.10718 0.037637 0.7754
0.12794 0.037632 0.77928
0.1177 0.037636 0.79145
0.10881 0.037647 0.83001
0.11767 0.037641 0.80534
0.12092 0.037646 0.83394
0.11014 0.037648 0.83985
0.12595 0.037645 0.84312
0.12576 0.037646 0.85666
0.10845 0.037651 0.87631
0.11214 0.037652 0.89276
0.12848 0.037649 0.88302
0.12203 0.037652 0.89757
0.10315 0.037658 0.90988
0.12135 0.037655 0.91214
0.11979 0.037633 0.92534
0.10474 0.037615 0.93843
0.12947 0.037561 0.94641
0.12783 0.033334 0.96457
0.14143 0.037655 0.039786
0.15681 0.037651 0.035266
0.15843 0.03765 0.053337
0.13409 0.037656 0.076227
0.13937 0.037652 0.095387
0.15216 0.037651 0.071956
0.15647 0.037648 0.090498
0.13896 0.03765 0.10643
0.14054 0.037648 0.11776
0.15104 0.037645 0.11105
0.1553 0.037644 0.11661
0.13397 0.037651 0.13772
0.13494 0.03765 0.15936
0.15939 0.037646 0.15295
0.13347 0.037647 0.17814
0.15725 0.037644 0.17261
0.15598 0.037643 0.18422
0.13591 0.037644 0.20529
0.14176 0.037641 0.22512
0.15873 0.037638 0.20656
0.13491 0.037641 0.23772
0.14475 0.037637 0.25305
0.15065 0.037639 0.23076
0.15818 0.037633 0.25913
0.1373 0.037635 0.2673
0.13661 0.037633 0.28922
0.15541 0.037633 0.26703
0.15202 0.037632 0.28592
0.1442 0.037631 0.30311
0.13212 0.037633 0.31401
0.15745 0.037633 0.29726
0.14946 0.037633 0.32039
0.13441 0.037636 0.34241
0.14341 0.037635 0.34913
0.15414 0.037637 0.33092
0.13994 0.03764 0.37346
0.13423 0.037644 0.38228
0.15723 0.037644 0.3762
0.13039 0.03766 0.42077
0.14423 0.037663 0.42424
0.13738 0.037664 0.43996
0.13072 0.037667 0.45392
0.14913 0.037672 0.4426
0.1473 0.037675 0.45253
0.13147 0.037669 0.4697
0.12978 0.037667 0.48662
0.14895 0.037684 0.47218
0.13852 0.037647 0.51036
0.13794 0.037641 0.52482
0.15474 0.03767 0.50195
0.13212 0.037641 0.5463
0.13906 0.037633 0.56833
0.14595 0.03764 0.55091
0.15536 0.037659 0.55569
0.14021 0.037629 0.58448
0.13531 0.037632 0.597
0.15526 0.037644 0.58476
0.15439 0.03764 0.59685
0.13477 0.03763 0.61365
0.13749 0.037631 0.63065
0.15684 0.037638 0.61827
0.15183 0.037638 0.62805
0.14054 0.037629 0.66155
0.16004 0.037643 0.64651
0.15012 0.037632 0.66277
0.13788 0.037626 0.67462
0.14356 0.03762 0.69496
0.1481 0.037623 0.6783
0.15022 0.037621 0.70244
0.13209 0.037626 0.70618
0.14306 0.037622 0.7339
0.15454 0.037622 0.70884
0.14987 0.037621 0.73371
0.14293 0.037624 0.74938
0.1366 0.037627 0.76678
0.15538 0.037621 0.7402
0.15885 0.037619 0.75663
0.1394 0.037629 0.79369
0.15284 0.037624 0.77703
0.1542 0.037628 0.79929
0.14477 0.037632 0.80753
0.14212 0.037638 0.82865
0.16299 0.03763 0.81498
0.15533 0.037634 0.82898
0.14021 0.03764 0.84772
0.14671 0.03764 0.86276
0.15975 0.037633 0.84654
0.15982 0.037636 0.86202
0.13674 0.037646 0.87694
0.15656 0.037642 0.88111
0.15496 0.037646 0.8978
0.13481 0.037652 0.90909
0.13977 0.037611 0.92837
0.157 0.037648 0.91115
0.1546 0.037616 0.92532
0.13598 0.034218 0.95256
0.15831 0.037553 0.94073
0.15795 0.033337 0.96143
0.17046 0.037646 0.044836
0.17735 0.037643 0.061182
0.18661 0.03764 0.04553
0.18564 0.037641 0.055105
0.1702 0.037645 0.076324
0.17396 0.037643 0.092013
0.18919 0.037639 0.077869
0.1889 0.037639 0.093106
0.16933 0.037643 0.10595
0.1735 0.03764 0.12879
0.18361 0.03764 0.10739
0.19053 0.037638 0.11803
0.17208 0.03764 0.14071
0.17881 0.037636 0.15398
0.1869 0.037635 0.14527
0.19124 0.037635 0.15048
0.17848 0.037633 0.1934
0.19006 0.037633 0.17213
0.18552 0.037635 0.18874
0.17465 0.03763 0.22654
0.1869 0.037633 0.20145
0.18611 0.037632 0.21979
0.17243 0.03763 0.23893
0.17465 0.037627 0.25702
0.18655 0.037626 0.24883
0.18787 0.037624 0.27018
0.18348 0.037629 0.28843
0.16605 0.037632 0.29657
0.17238 0.037635 0.31369
0.18584 0.037635 0.30806
0.18832 0.037638 0.3247
0.16488 0.037635 0.34098
0.16756 0.037635 0.34784
0.18202 0.037636 0.33638
0.18501 0.03764 0.34582
0.17343 0.037641 0.37044
0.18348 0.03765 0.37328
0.18001 0.037646 0.39024
0.16807 0.037649 0.42487
0.18778 0.037657 0.40215
0.18764 0.037664 0.42102
0.16756 0.037657 0.43783
0.16814 0.037664 0.4529
0.18314 0.037668 0.43462
0.17629 0.037672 0.45942
0.16427 0.03768 0.48728
0.17742 0.037695 0.47823
0.18017 0.037704 0.48661
0.1632 0.037669 0.50311
0.16329 0.037661 0.53134
0.18193 0.037698 0.50938
0.17977 0.037687 0.53145
0.16378 0.037663 0.54659
0.17634 0.037671 0.5645
0.17238 0.037652 0.58154
0.16359 0.037642 0.59412
0.18493 0.037673 0.58802
0.1804 0.037642 0.60011
0.17368 0.037627 0.61025
0.16701 0.037634 0.63005
0.18205 0.037632 0.60875
0.18205 0.037629 0.62576
0.16679 0.037644 0.64826
0.16868 0.037639 0.65803
0.1916 0.037651 0.65085
0.19186 0.03764 0.6627
0.16864 0.037625 0.67598
0.16749 0.03762 0.69197
0.18119 0.037627 0.67339
0.18397 0.037619 0.69347
0.17345 0.037615 0.71915
0.17019 0.037615 0.73095
0.18361 0.037616 0.70661
0.18417 0.037612 0.73566
0.17659 0.03761 0.75024
0.16976 0.037613 0.75798
0.18533 0.03761 0.74951
0.16905 0.037624 0.79284
0.18948 0.037615 0.77273
0.1889 0.037622 0.79913
0.1743 0.037625 0.80749
0.18742 0.037624 0.81518
0.18908 0.037623 0.8299
0.1788 0.037625 0.84025
0.16978 0.03763 0.85666
0.18781 0.037624 0.84711
0.18592 0.037625 0.85413
0.16795 0.037637 0.87576
0.16786 0.037641 0.89204
0.1937 0.037625 0.87058
0.19291 0.03763 0.89
0.16983 0.037596 0.92904
0.18492 0.037587 0.93004
0.17946 0.033798 0.95356
0.18657 0.03755 0.93845
0.19168 0.033433 0.95607
0.20116 0.037637 0.04428
0.20942 0.037634 0.058456
0.22286 0.037631 0.034971
0.22095 0.037631 0.056228
0.20812 0.037633 0.068561
0.20486 0.037634 0.088321
0.22543 0.037628 0.070677
0.22202 0.037629 0.093036
0.21052 0.037631 0.10037
0.20455 0.037633 0.12636
0.2272 0.037628 0.10089
0.219 0.03763 0.12088
0.20351 0.037633 0.14153
0.19914 0.037629 0.17297
0.20937 0.037629 0.18907
0.22553 0.037618 0.17184
0.22789 0.037616 0.18279
0.20466 0.037631 0.19975
0.222 0.037626 0.19951
0.21021 0.037626 0.23751
0.2238 0.03763 0.23222
0.22112 0.037632 0.25584
0.20326 0.037614 0.27247
0.19838 0.037616 0.28069
0.22149 0.037625 0.26651
0.21475 0.037606 0.28473
0.20647 0.037607 0.30542
0.20434 0.03762 0.32525
0.21333 0.037599 0.31384
0.1978 0.037632 0.33104
0.20242 0.037636 0.35375
0.21407 0.037618 0.33046
0.22328 0.03764 0.34741
0.20574 0.037631 0.36353
0.20252 0.037635 0.3812
0.21769 0.037636 0.36199
0.21055 0.03763 0.38786
0.20013 0.037652 0.40582
0.20875 0.037643 0.40265
0.19957 0.037674 0.42935
0.19033 0.037697 0.45627
0.21297 0.037694 0.4309
0.21225 0.037728 0.44961
0.19538 0.037721 0.46848
0.19775 0.037736 0.48967
0.20202 0.03774 0.47665
0.20593 0.037763 0.49022
0.19402 0.037725 0.51162
0.19613 0.037714 0.52543
0.19728 0.037696 0.54286
0.19863 0.037689 0.55759
0.20867 0.037703 0.55889
0.19795 0.037709 0.58945
0.19611 0.037772 0.60185
0.21205 0.037738 0.5892
0.21209 0.037861 0.59709
0.19876 0.037858 0.61168
0.19895 0.037776 0.63058
0.21666 0.037996 0.62659
0.1971 0.037642 0.64824
0.20568 0.037619 0.65406
0.21673 0.037797 0.63563
0.20583 0.037615 0.67362
0.20015 0.037612 0.69681
0.21602 0.03761 0.67445
0.21482 0.037607 0.69775
0.19904 0.037609 0.71081
0.19876 0.037604 0.73007
0.21555 0.037604 0.7123
0.21784 0.037595 0.72358
0.20249 0.037605 0.76198
0.21881 0.037597 0.7501
0.20173 0.037615 0.7835
0.20862 0.037613 0.79517
0.2196 0.037607 0.7744
0.20328 0.037619 0.83356
0.22618 0.037613 0.81772
0.22295 0.037614 0.83224
0.20377 0.03762 0.84768
0.20722 0.037618 0.86098
0.22142 0.037615 0.83869
0.22272 0.037613 0.86005
0.2062 0.037621 0.87631
0.20863 0.037624 0.89357
0.21901 0.037616 0.87783
0.22387 0.037619 0.89638
0.21269 0.037589 0.92742
0.22369 0.037627 0.91396
0.20075 0.037509 0.94687
0.21216 0.033335 0.96262
0.22033 0.037525 0.94261
0.22072 0.033386 0.95712
0.23342 0.037628 0.034979
0.23706 0.037626 0.061152
0.2508 0.037622 0.042364
0.25898 0.037619 0.055877
0.23878 0.037624 0.067251
0.23507 0.037625 0.083908
0.25486 0.037618 0.075212
0.25818 0.037617 0.084548
0.24473 0.037625 0.11775
0.25459 0.03762 0.10022
0.25011 0.037624 0.12438
0.23431 0.037625 0.14276
0.25352 0.03762 0.13728
0.25939 0.037615 0.15363
0.23458 0.037613 0.17397
0.24466 0.037609 0.18886
0.25201 0.037608 0.17395
0.25789 0.03761 0.18337
0.23796 0.037613 0.20815
0.23151 0.037625 0.22617
0.25457 0.03761 0.20301
0.23103 0.03763 0.24114
0.23792 0.037633 0.2467
0.23989 0.03763 0.2698
0.23884 0.037626 0.28972
0.25857 0.037635 0.27912
0.25709 0.037641 0.30295
0.2535 0.037651 0.31771
0.23116 0.037639 0.35045
0.24976 0.037649 0.3388
0.25536 0.037672 0.35579
0.23444 0.037636 0.36219
0.24655 0.037649 0.36814
0.24205 0.037635 0.38211
0.22566 0.037658 0.40117
0.23501 0.037669 0.41469
0.24491 0.037659 0.39477
0.22906 0.03769 0.42872
0.22545 0.03773 0.4487
0.24558 0.037714 0.43234
0.23958 0.037744 0.45181
0.21874 0.037794 0.47442
0.23346 0.037795 0.46906
0.23868 0.037878 0.48493
0.22895 0.037796 0.50625
0.23352 0.037804 0.5336
0.22475 0.037747 0.55043
0.22028 0.03772 0.56966
0.22577 0.037871 0.59919
0.23182 0.037862 0.60443
0.22597 0.038004 0.61305
0.22701 0.037784 0.63171
0.23051 0.037913 0.61601
0.23992 0.037679 0.62994
0.22666 0.037594 0.64756
0.23481 0.03759 0.65963
0.24407 0.037596 0.65176
0.24624 0.037605 0.6665
0.23639 0.037605 0.6834
0.25482 0.037609 0.69222
0.2377 0.037588 0.71967
0.24905 0.037594 0.71049
0.25092 0.037584 0.73002
0.23742 0.037587 0.74325
0.2348 0.037592 0.76075
0.25216 0.037586 0.74862
0.26101 0.037589 0.76535
0.23206 0.037606 0.78087
0.24048 0.037603 0.79328
0.25654 0.037595 0.77481
0.2409 0.037605 0.80883
0.25874 0.037598 0.81035
0.25217 0.037603 0.82955
0.24194 0.037608 0.84524
0.23737 0.037608 0.86078
0.23579 0.03761 0.87888
0.23468 0.03761 0.88823
0.25764 0.037601 0.87717
0.24498 0.037614 0.91255
0.23561 0.03758 0.92861
0.25098 0.037608 0.90341
0.25964 0.037566 0.93067
0.24261 0.033337 0.96131
0.25484 0.037551 0.93618
0.27531 0.037612 0.05623
0.29575 0.037603 0.060725
0.27713 0.037607 0.07916
0.27034 0.037612 0.093859
0.2943 0.037602 0.073862
0.2714 0.037613 0.10862
0.29097 0.037605 0.10363
0.28617 0.037607 0.12237
0.2721 0.037609 0.13539
0.26948 0.03761 0.15605
0.29364 0.037597 0.13709
0.29515 0.0376 0.15706
0.26582 0.037609 0.16884
0.27108 0.03761 0.18168
0.28674 0.037613 0.19174
0.27445 0.037619 0.21474
0.28916 0.037612 0.19681
0.28695 0.037617 0.22203
0.27052 0.037627 0.25798
0.28749 0.037615 0.23652
0.2893 0.037634 0.25563
0.28391 0.03763 0.26332
0.265 0.037635 0.30471
0.26743 0.03764 0.31402
0.29087 0.037648 0.31797
0.26343 0.037657 0.33345
0.26769 0.037674 0.35627
0.27725 0.037643 0.3396
0.27973 0.037669 0.35193
0.26589 0.037678 0.36221
0.26582 0.037681 0.38171
0.28157 0.037708 0.37274
0.26156 0.037697 0.40184
0.25755 0.037716 0.41667
0.27736 0.037728 0.40677
0.27113 0.037727 0.42174
0.24912 0.03779 0.45671
0.2684 0.037727 0.42971
0.27474 0.037783 0.44831
0.24569 0.037868 0.47097
0.24826 0.037919 0.48856
0.26244 0.038005 0.48349
0.24588 0.037891 0.51095
0.25751 0.037888 0.53601
0.25075 0.037859 0.54195
0.2532 0.037804 0.57345
0.25999 0.037856 0.55302
0.26999 0.037879 0.56402
0.25771 0.037788 0.57998
0.24968 0.037676 0.60631
0.26569 0.037791 0.5825
0.26667 0.03773 0.59525
0.25521 0.037627 0.61571
0.25837 0.037614 0.6323
0.27458 0.037613 0.62919
0.26311 0.037613 0.65035
0.26197 0.037614 0.66614
0.27625 0.037609 0.65062
0.27962 0.037608 0.66755
0.26204 0.037618 0.67471
0.27101 0.037575 0.69613
0.28652 0.037618 0.67717
0.28326 0.037563 0.70321
0.26961 0.037555 0.71719
0.27346 0.037551 0.72512
0.29158 0.037575 0.72897
0.27679 0.03759 0.75227
0.27297 0.037586 0.76883
0.29133 0.037601 0.74511
0.26713 0.037589 0.77659
0.27538 0.03758 0.79451
0.29302 0.037582 0.78115
0.28911 0.037581 0.79857
0.29085 0.037591 0.81552
0.28357 0.037597 0.83069
0.27616 0.037601 0.84794
0.29468 0.037593 0.84533
0.28675 0.037594 0.86019
0.27035 0.037596 0.88143
0.28013 0.037595 0.89366
0.29164 0.037589 0.88075
0.28467 0.037594 0.89469
0.29615 0.037595 0.91017
0.29369 0.037571 0.92642
0.27639 0.037499 0.94641
0.2791 0.033473 0.95544
0.29657 0.037547 0.93609
0.28457 0.033341 0.96026
0.30191 0.037601 0.04527
0.30541 0.0376 0.058279
0.32863 0.03759 0.044165
0.32979 0.03759 0.058114
0.30388 0.037599 0.079254
0.30793 0.0376 0.086643
0.32453 0.037593 0.06989
0.3205 0.037595 0.093125
0.30598 0.037598 0.10731
0.30378 0.037598 0.12484
0.32881 0.03759 0.10247
0.31914 0.037593 0.12253
0.3023 0.037592 0.1429
0.30542 0.037597 0.15411
0.32222 0.037585 0.14148
0.32302 0.037589 0.15073
0.30337 0.037599 0.17502
0.30624 0.037602 0.18946
0.32333 0.03759 0.16906
0.30719 0.037607 0.2189
0.32763 0.037598 0.20477
0.32618 0.037603 0.21293
0.29851 0.037608 0.23962
0.30519 0.037614 0.25007
0.31508 0.037614 0.25476
0.30415 0.03762 0.26319
0.2985 0.037625 0.28621
0.31367 0.037614 0.26281
0.31925 0.037618 0.2802
0.29844 0.037623 0.30539
0.29797 0.037637 0.31427
0.31481 0.03762 0.30593
0.31508 0.03763 0.31327
0.30219 0.037657 0.33036
0.29242 0.037693 0.3538
0.31437 0.037653 0.33709
0.32061 0.03769 0.35194
0.29683 0.037708 0.35864
0.29083 0.037752 0.38695
0.30751 0.037728 0.3674
0.3139 0.037821 0.38147
0.28855 0.037756 0.40548
0.29588 0.03776 0.41467
0.30388 0.037766 0.40197
0.30701 0.037793 0.41837
0.28773 0.037773 0.43555
0.28077 0.037825 0.4532
0.30695 0.037919 0.43464
0.30865 0.038062 0.44464
0.27627 0.038085 0.48044
0.2902 0.038007 0.46679
0.27935 0.038107 0.49074
0.27412 0.038111 0.50441
0.26827 0.038069 0.52237
0.28504 0.038245 0.50611
0.28175 0.037979 0.54332
0.29042 0.037899 0.56747
0.27917 0.037804 0.58375
0.30614 0.037763 0.59898
0.28405 0.037641 0.6214
0.2891 0.03763 0.63411
0.31432 0.037735 0.63233
0.31352 0.03771 0.6589
0.31683 0.037721 0.67314
0.32301 0.037657 0.7034
0.32451 0.037629 0.72187
0.31816 0.037624 0.73327
0.30371 0.03761 0.74207
0.3102 0.037588 0.76156
0.32151 0.037598 0.74923
0.31987 0.037585 0.76663
0.31045 0.037586 0.78119
0.30289 0.03758 0.79451
0.31761 0.037584 0.78548
0.31815 0.037582 0.80165
0.30154 0.037585 0.80773
0.32048 0.03757 0.82846
0.30364 0.037585 0.84258
0.31016 0.037578 0.85986
0.30269 0.037583 0.88312
0.31055 0.03758 0.89084
0.32255 0.037576 0.87234
0.32079 0.037578 0.89723
0.30387 0.037591 0.91344
0.31331 0.037572 0.92936
0.3301 0.037577 0.90637
0.32109 0.037574 0.92317
0.30497 0.037539 0.94563
0.32337 0.037545 0.9429
0.34023 0.037585 0.040619
0.33927 0.037586 0.055563
0.36436 0.037577 0.040736
0.35352 0.037582 0.0513
0.3397 0.037586 0.073167
0.33918 0.037589 0.085423
0.35505 0.037583 0.083272
0.34122 0.037584 0.10388
0.33596 0.037586 0.12106
0.35642 0.037575 0.12003
0.33868 0.037581 0.13771
0.34276 0.037585 0.14991
0.35526 0.037576 0.13946
0.36191 0.037578 0.14783
0.34308 0.037585 0.16752
0.34298 0.037585 0.17831
0.35037 0.037585 0.1632
0.35525 0.037587 0.17797
0.33533 0.037597 0.19789
0.33357 0.037609 0.21809
0.35105 0.037599 0.1969
0.34069 0.037609 0.23089
0.33589 0.037617 0.25421
0.35117 0.037612 0.23319
0.35799 0.037633 0.24861
0.3415 0.037595 0.27064
0.33909 0.037599 0.28109
0.35618 0.037624 0.26719
0.34891 0.037592 0.27596
0.33245 0.037623 0.29609
0.33371 0.037665 0.3192
0.34872 0.037616 0.29541
0.34448 0.037652 0.31899
0.33819 0.037684 0.32648
0.32883 0.037684 0.34578
0.34366 0.037727 0.33592
0.35463 0.038156 0.36269
0.34618 0.037973 0.37709
0.32161 0.037823 0.40064
0.31855 0.037824 0.41906
0.3329 0.03783 0.39173
0.31903 0.038089 0.43546
0.32844 0.037981 0.43039
0.29859 0.038148 0.46701
0.29401 0.038267 0.49267
0.30643 0.03835 0.48435
0.29516 0.038312 0.50449
0.29834 0.038333 0.5049
0.31188 0.03837 0.53579
0.30339 0.037975 0.57217
0.31536 0.038249 0.54962
0.31914 0.038002 0.56992
0.32136 0.037806 0.59277
0.31614 0.037759 0.61008
0.31809 0.037753 0.61786
0.32507 0.037759 0.63575
0.33965 0.037823 0.61675
0.34595 0.037815 0.63306
0.33421 0.037732 0.65985
0.32435 0.037727 0.67366
0.34703 0.03776 0.65585
0.34348 0.037712 0.67114
0.32986 0.037654 0.69896
0.34693 0.03768 0.6832
0.35437 0.037623 0.70576
0.32912 0.037639 0.7158
0.33774 0.037602 0.72852
0.35303 0.037617 0.71722
0.34778 0.037592 0.73799
0.33734 0.037591 0.7441
0.33942 0.037578 0.76997
0.35121 0.037571 0.74918
0.35462 0.037573 0.76525
0.35322 0.037586 0.78145
0.35456 0.037569 0.80259
0.34597 0.037563 0.81537
0.33511 0.037563 0.82286
0.35558 0.037558 0.82631
0.34578 0.037571 0.84417
0.34349 0.037569 0.86077
0.36292 0.037562 0.83805
0.36198 0.037561 0.8615
0.33769 0.037574 0.87914
0.34109 0.037571 0.89285
0.35419 0.037565 0.88757
0.34625 0.037572 0.90996
0.3395 0.037546 0.92715
0.35401 0.03757 0.9129
0.35398 0.037543 0.92417
0.34572 0.037503 0.93839
0.33734 0.033355 0.95843
0.36076 0.037498 0.93815
0.35262 0.033335 0.9626
0.37133 0.037575 0.035098
0.38123 0.037575 0.055815
0.39011 0.037571 0.04086
0.39167 0.037579 0.070043
0.39601 0.03758 0.091268
0.37143 0.037571 0.10281
0.38244 0.037557 0.1151
0.39559 0.037562 0.10656
0.39028 0.037558 0.11453
0.37033 0.037569 0.14194
0.3713 0.037583 0.15507
0.39526 0.037562 0.13509
0.37774 0.037584 0.16482
0.37208 0.03759 0.17686
0.39258 0.037604 0.187
0.37256 0.037604 0.19523
0.3755 0.037608 0.21161
0.38751 0.037602 0.20007
0.38709 0.037605 0.20971
0.37042 0.037612 0.2363
0.36776 0.037634 0.24803
0.39407 0.037624 0.22772
0.39045 0.037652 0.25068
0.36644 0.037644 0.26332
0.36551 0.037647 0.28596
0.39006 0.037659 0.26738
0.37828 0.037676 0.28242
0.37138 0.037667 0.30843
0.38475 0.037705 0.29508
0.38334 0.037716 0.30475
0.36009 0.037682 0.32552
0.36503 0.038 0.34724
0.35809 0.038213 0.36928
0.3757 0.038157 0.35496
0.35668 0.038034 0.38521
0.36372 0.03812 0.38158
0.35767 0.037908 0.3979
0.33941 0.038076 0.43422
0.33415 0.038296 0.44529
0.35043 0.037891 0.42195
0.33661 0.038299 0.44895
0.31943 0.038584 0.46297
0.32113 0.038453 0.48046
0.30822 0.038615 0.5133
0.32373 0.038293 0.54299
0.3161 0.038694 0.50948
0.32867 0.038292 0.54436
0.33513 0.038136 0.56273
0.33564 0.038013 0.57526
0.34167 0.037924 0.59362
0.34581 0.037863 0.61127
0.35523 0.037964 0.58773
0.36631 0.038031 0.61371
0.35193 0.03784 0.63026
0.35292 0.037822 0.6388
0.36502 0.037891 0.63056
0.3718 0.037874 0.64186
0.35461 0.037758 0.6575
0.35925 0.037696 0.67756
0.38222 0.037831 0.65722
0.38504 0.037753 0.66783
0.36106 0.03765 0.68883
0.37763 0.037708 0.68179
0.38458 0.03767 0.70266
0.37802 0.037605 0.73443
0.3931 0.037648 0.7156
0.38722 0.037602 0.73504
0.37591 0.037566 0.75445
0.3672 0.037568 0.76038
0.38392 0.037576 0.7512
0.38003 0.037565 0.78261
0.37758 0.037556 0.80045
0.38668 0.037571 0.77767
0.37702 0.037557 0.8101
0.37064 0.037556 0.83136
0.37382 0.037558 0.83919
0.37243 0.037553 0.8565
0.38811 0.037551 0.83937
0.38947 0.037549 0.86413
0.37495 0.037561 0.87607
0.3705 0.03756 0.89515
0.39241 0.037551 0.89849
0.37448 0.037561 0.90964
0.38136 0.037527 0.92838
0.38789 0.037555 0.909
0.39502 0.037518 0.93095
0.37848 0.037494 0.94164
0.3725 0.033629 0.95405
0.39151 0.037493 0.94236
0.39766 0.033511 0.95485
0.41504 0.037571 0.036631
0.42057 0.03757 0.041378
0.42208 0.037577 0.06414
0.40625 0.037584 0.079814
0.4276 0.037576 0.073144
0.4348 0.037641 0.095309
0.41798 0.037558 0.10568
0.40777 0.037547 0.11539
0.4259 0.037611 0.10446
0.42717 0.037628 0.12108
0.41346 0.037565 0.1387
0.40695 0.037586 0.15498
0.4284 0.037586 0.14415
0.41001 0.037583 0.16357
0.4078 0.037595 0.18411
0.42094 0.037576 0.16905
0.42285 0.037575 0.17574
0.41106 0.037626 0.21875
0.42379 0.037584 0.19886
0.42877 0.037582 0.20581
0.39738 0.037626 0.23301
0.40815 0.03768 0.25021
0.42782 0.037633 0.22367
0.40625 0.037678 0.26511
0.40199 0.037679 0.27392
0.42459 0.037732 0.27634
0.40686 0.037718 0.29476
0.39754 0.037754 0.30725
0.42113 0.037739 0.28394
0.41553 0.037737 0.29973
0.39661 0.037798 0.32482
0.39889 0.037869 0.33807
0.41689 0.037832 0.31719
0.4065 0.037915 0.34064
0.38274 0.038229 0.36435
0.4117 0.037984 0.34662
0.3726 0.038204 0.37794
0.36891 0.037927 0.39848
0.39478 0.038095 0.37522
0.38589 0.037943 0.38854
0.36843 0.03781 0.41901
0.36051 0.037863 0.43707
0.38176 0.037895 0.4006
0.34283 0.038216 0.45675
0.32535 0.038306 0.4805
0.35809 0.037575 0.45144
0.32951 0.038026 0.49221
0.3252 0.03835 0.50095
0.33254 0.038408 0.53378
0.33027 0.03775 0.50768
0.35 0.038274 0.54304
0.36074 0.037995 0.56397
0.37779 0.037984 0.57677
0.37435 0.038206 0.60816
0.39846 0.038181 0.62485
0.38227 0.038056 0.62999
0.39181 0.037901 0.65017
0.40163 0.038012 0.63517
0.3953 0.037808 0.65921
0.40286 0.037722 0.67064
0.41049 0.037794 0.65745
0.42158 0.037702 0.66743
0.39579 0.037696 0.68901
0.40339 0.037661 0.6972
0.42449 0.037699 0.6859
0.42607 0.037635 0.70074
0.41034 0.03762 0.71726
0.40505 0.037595 0.72945
0.42404 0.037574 0.72649
0.40496 0.037561 0.75979
0.42378 0.037553 0.74731
0.41825 0.037562 0.76266
0.40991 0.037553 0.77927
0.40203 0.037543 0.79883
0.42749 0.037536 0.78007
0.43065 0.037529 0.79552
0.41448 0.037528 0.81636
0.43167 0.037529 0.80825
0.41907 0.037526 0.82468
0.40487 0.037543 0.83963
0.42425 0.037534 0.86086
0.41281 0.037542 0.87999
0.40834 0.037543 0.89763
0.42775 0.037535 0.88024
0.42247 0.037534 0.88899
0.41001 0.037546 0.90766
0.40819 0.037517 0.93012
0.42743 0.037516 0.92763
0.40286 0.037486 0.94497
0.41853 0.037498 0.93805
0.42815 0.033337 0.96119
0.43821 0.037571 0.041615
0.44404 0.037569 0.061987
0.4568 0.037569 0.045283
0.43893 0.037567 0.072292
0.4408 0.037652 0.09441
0.46344 0.037557 0.081732
0.45725 0.03773 0.099769
0.44169 0.037897 0.1165
0.45974 0.037792 0.10583
0.44746 0.037835 0.12811
0.43973 0.037578 0.14521
0.45366 0.037838 0.12896
0.46211 0.037567 0.14647
0.44646 0.037525 0.15916
0.44273 0.037569 0.181
0.46011 0.037537 0.16734
0.45774 0.037572 0.18435
0.44534 0.037573 0.1957
0.43969 0.037582 0.20741
0.45266 0.037605 0.2145
0.43608 0.03764 0.22764
0.43214 0.037677 0.24176
0.45005 0.037638 0.22607
0.43441 0.037711 0.25195
0.43403 0.037713 0.26675
0.45557 0.037722 0.26064
0.45888 0.037781 0.27249
0.4315 0.037766 0.28184
0.44645 0.037822 0.29066
0.45332 0.037917 0.30354
0.43038 0.03787 0.31579
0.4268 0.037888 0.33085
0.4497 0.037954 0.31077
0.44467 0.037923 0.32334
0.42692 0.037982 0.34202
0.41833 0.038074 0.36137
0.45054 0.038068 0.33872
0.44274 0.038167 0.35166
0.43548 0.038255 0.36857
0.3909 0.037304 0.4011
0.38636 0.037045 0.42228
0.42208 0.036853 0.38168
0.40615 0.035182 0.4038
0.36744 0.036792 0.44403
0.34548 0.036094 0.47728
0.35605 0.034254 0.49196
0.33895 0.036276 0.51864
0.35719 0.037385 0.54386
0.34975 0.035578 0.52797
0.38935 0.035608 0.56403
0.39091 0.036957 0.58404
0.40179 0.037339 0.59951
0.39862 0.036194 0.58741
0.40986 0.037012 0.60172
0.40987 0.038333 0.61443
0.41899 0.037946 0.60989
0.4287 0.037917 0.62915
0.42146 0.037901 0.64478
0.44378 0.038028 0.63238
0.45288 0.037908 0.64194
0.43184 0.037709 0.66112
0.43122 0.037712 0.67031
0.45143 0.03775 0.65898
0.44971 0.037743 0.66731
0.43375 0.037667 0.68811
0.44266 0.037615 0.70099
0.46313 0.037556 0.6979
0.43975 0.037577 0.71592
0.44514 0.037555 0.73161
0.45488 0.037558 0.71337
0.45934 0.037531 0.73306
0.4479 0.037537 0.74222
0.43618 0.03754 0.76291
0.46064 0.037503 0.74637
0.45685 0.037518 0.76272
0.44058 0.037531 0.7772
0.44196 0.037526 0.7983
0.45494 0.037514 0.78032
0.46567 0.03752 0.7986
0.44365 0.037512 0.82123
0.4549 0.037506 0.81496
0.45467 0.037511 0.82426
0.44508 0.037529 0.83744
0.43786 0.037531 0.86064
0.46371 0.037521 0.83759
0.44005 0.037534 0.87066
0.44053 0.037529 0.89061
0.45309 0.037525 0.88094
0.46059 0.037526 0.89435
0.44698 0.037536 0.91383
0.44692 0.037515 0.92587
0.46016 0.037531 0.91442
0.45576 0.037502 0.9302
0.44402 0.037474 0.94708
0.46395 0.037469 0.94339
0.4598 0.033334 0.9632
0.3997 0.037777 0.43846
0.37344 0.038213 0.47104
0.37586 0.038222 0.53176
0.3801 0.036229 0.50639
0.48083 0.037562 0.046054
0.47722 0.037564 0.06463
0.49538 0.037558 0.038965
0.48723 0.037562 0.062402
0.4693 0.037559 0.081698
0.47159 0.037609 0.094015
0.49106 0.037559 0.073189
0.48939 0.03756 0.093276
0.47695 0.037611 0.10955
0.47082 0.037716 0.1149
0.48258 0.037556 0.10421
0.49251 0.037554 0.12225
0.47032 0.037682 0.12963
0.49078 0.037584 0.1458
0.46893 0.037556 0.16359
0.47657 0.037577 0.17768
0.48606 0.03759 0.16119
0.47788 0.037591 0.19363
0.47467 0.037608 0.21017
0.48968 0.037593 0.19142
0.48989 0.037602 0.20802
0.47147 0.037654 0.23117
0.47784 0.037668 0.23675
0.48704 0.037648 0.22358
0.49294 0.037659 0.23557
0.46633 0.037729 0.26084
0.47906 0.037746 0.26456
0.49272 0.037726 0.25967
0.49751 0.037796 0.27304
0.47044 0.037869 0.28842
0.47358 0.03795 0.29654
0.48547 0.037962 0.29709
0.46626 0.038059 0.31301
0.4701 0.038294 0.32527
0.48589 0.038119 0.31393
0.48913 0.038342 0.32476
0.46747 0.03839 0.33419
0.47049 0.038593 0.34098
0.48965 0.038796 0.34185
0.45591 0.038213 0.3622
0.478 0.038552 0.34858
0.47926 0.037822 0.35277
0.43807 0.036156 0.38049
0.4345 0.034612 0.39157
0.4654 0.03561 0.36558
0.46552 0.034324 0.37213
0.42134 0.033583 0.41749
0.44204 0.033361 0.49971
0.39601 0.033432 0.51869
0.40393 0.034319 0.57756
0.44668 0.033741 0.59909
0.44059 0.035417 0.60687
0.4816 0.034046 0.58864
0.49391 0.0354 0.60152
0.44384 0.037452 0.61418
0.45994 0.038102 0.62064
0.49053 0.036996 0.61082
0.50092 0.037798 0.61901
0.46372 0.038124 0.62799
0.46672 0.037843 0.64584
0.48402 0.037982 0.62772
0.49744 0.037847 0.63923
0.46441 0.037794 0.65093
0.46707 0.037677 0.66593
0.49856 0.037647 0.64906
0.47512 0.037631 0.67556
0.47316 0.037543 0.70167
0.4856 0.037557 0.6788
0.49274 0.037512 0.69266
0.4783 0.037512 0.72064
0.49298 0.037515 0.70392
0.4944 0.037495 0.72411
0.47854 0.037488 0.74209
0.47991 0.037493 0.75566
0.49559 0.037465 0.74353
0.49709 0.037483 0.75559
0.48159 0.037517 0.76904
0.47239 0.037513 0.79177
0.49321 0.037512 0.79755
0.48029 0.037501 0.82706
0.49527 0.037502 0.80847
0.49304 0.037499 0.82965
0.47827 0.037512 0.84164
0.48033 0.03751 0.85826
0.48719 0.037505 0.85543
0.47709 0.037522 0.87418
0.47434 0.037518 0.8853
0.49502 0.037517 0.87948
0.47005 0.037501 0.92704
0.49178 0.037525 0.90826
0.48688 0.037485 0.92935
0.47661 0.037458 0.94417
0.47656 0.034031 0.95236
0.4879 0.037462 0.93784
0.46663 0.033962 0.42713
0.40395 0.034143 0.50553
0.43751 0.033861 0.51411
0.46261 0.033962 0.56157
0.46139 0.036246 0.39021
0.47002 0.037074 0.3821
0.41041 0.036075 0.43443
0.3896 0.035237 0.4681
0.41253 0.037104 0.42237
0.39453 0.036545 0.45014
0.47006 0.034899 0.41123
0.42903 0.034062 0.45232
0.46886 0.036083 0.39002
0.43638 0.03378 0.49536
0.413 0.034339 0.53621
0.37217 0.038281 0.52942
0.42315 0.037156 0.58506
0.48312 0.033939 0.55224
0.44967 0.035749 0.58382
0.44433 0.033883 0.54119
0.43449 0.036334 0.59065
0.42601 0.036965 0.58989
0.47183 0.036925 0.38358
0.43089 0.036534 0.41772
0.41045 0.034852 0.47503
0.44686 0.035818 0.41569
0.39582 0.035154 0.48319
0.45197 0.037623 0.39404
0.43145 0.034344 0.48025
0.45954 0.035102 0.41927
0.45644 0.034747 0.46094
0.38959 0.03658 0.53699
0.40714 0.036736 0.55623
0.3834 0.036026 0.5016
0.42778 0.034882 0.55762
0.42433 0.034246 0.51223
0.47394 0.034265 0.56059
0.45268 0.034105 0.50524
0.43793 0.03452 0.56249
0.42697 0.036918 0.58912
0.47699 0.037416 0.57778
0.44781 0.034476 0.44349
0.4617 0.034564 0.52873
0.50717 0.037554 0.045441
0.52549 0.037548 0.047415
0.52446 0.03755 0.057129
0.50606 0.037555 0.071574
0.50592 0.037559 0.088243
0.52976 0.037549 0.067554
0.52353 0.037553 0.088238
0.50071 0.03755 0.10579
0.51104 0.037551 0.11545
0.52742 0.037543 0.10772
0.52247 0.037544 0.11413
0.51474 0.037565 0.13553
0.51282 0.037573 0.14585
0.5191 0.037561 0.13428
0.52135 0.037579 0.15626
0.51089 0.037581 0.16155
0.51611 0.03757 0.17589
0.53046 0.037557 0.17277
0.52025 0.037567 0.17678
0.51613 0.037583 0.19981
0.50321 0.037588 0.20612
0.53001 0.037567 0.19616
0.53301 0.037559 0.20815
0.51376 0.037644 0.22842
0.51207 0.037678 0.24153
0.52633 0.037629 0.23059
0.52266 0.037677 0.24429
0.50569 0.037765 0.2707
0.52753 0.037688 0.25916
0.52378 0.037698 0.26583
0.50621 0.037814 0.28257
0.51571 0.037863 0.29797
0.53336 0.037764 0.28361
0.53592 0.037841 0.3007
0.50453 0.038018 0.31133
0.53673 0.037956 0.31532
0.53953 0.037984 0.32248
0.4983 0.038693 0.34004
0.52595 0.038299 0.33114
0.53912 0.03826 0.35202
0.50445 0.038253 0.34603
0.50637 0.037861 0.34847
0.54101 0.037715 0.37836
0.52327 0.035694 0.36596
0.51388 0.034503 0.37149
0.53411 0.035785 0.38852
0.51272 0.03442 0.42698
0.49131 0.033417 0.44072
0.50262 0.033796 0.4513
0.51052 0.033437 0.47826
0.47422 0.03338 0.52719
0.5193 0.033617 0.58776
0.55529 0.033419 0.54704
0.57222 0.034209 0.58973
0.50497 0.035962 0.60682
0.5434 0.035615 0.60024
0.54078 0.036785 0.6086
0.52762 0.037502 0.61673
0.50769 0.037986 0.63333
0.52355 0.037984 0.62286
0.53306 0.037858 0.6346
0.50853 0.037686 0.64602
0.51511 0.037534 0.65793
0.5303 0.037585 0.65198
0.53433 0.037577 0.66103
0.51018 0.03755 0.67585
0.50434 0.037513 0.68984
0.52319 0.037585 0.67239
0.5341 0.037537 0.68841
0.50377 0.03749 0.71427
0.50996 0.037486 0.72798
0.52082 0.037487 0.72886
0.50865 0.03746 0.74181
0.50976 0.037467 0.75318
0.52777 0.037482 0.73453
0.52102 0.037469 0.75454
0.5159 0.037497 0.76855
0.50635 0.037501 0.79128
0.52792 0.037489 0.77911
0.53228 0.037498 0.79187
0.50767 0.037495 0.80904
0.51295 0.037483 0.81861
0.52455 0.037486 0.81316
0.52495 0.037489 0.82295
0.51158 0.037503 0.8525
0.53229 0.037507 0.85947
0.50987 0.03752 0.87661
0.51533 0.037516 0.89111
0.53099 0.037519 0.8757
0.53168 0.037517 0.89366
0.50225 0.037523 0.91409
0.52084 0.037525 0.9107
0.50462 0.034245 0.95185
0.52802 0.037404 0.9444
0.52592 0.033359 0.95794
0.47176 0.034049 0.50634
0.50258 0.033816 0.54971
0.48791 0.034535 0.40412
0.48577 0.033982 0.4813
0.52188 0.037196 0.40759
0.46832 0.033903 0.44439
0.52573 0.035205 0.51627
0.49253 0.037048 0.45232
0.54851 0.036683 0.51508
0.50594 0.033815 0.52813
0.49553 0.034979 0.57174
0.53748 0.034219 0.55272
0.52525 0.036906 0.57943
0.55811 0.034477 0.54445
0.55545 0.03604 0.58495
0.58402 0.037998 0.54347
0.57995 0.038236 0.57001
0.51246 0.036435 0.58609
0.51725 0.036862 0.39606
0.51824 0.035968 0.40264
0.46251 0.033929 0.48373
0.49002 0.034893 0.42617
0.48445 0.034755 0.46269
0.49177 0.037299 0.45215
0.52018 0.035506 0.49717
0.49778 0.034905 0.48551
0.52138 0.034273 0.53387
0.5115 0.036271 0.56403
0.49068 0.034563 0.51408
0.50641 0.034926 0.55788
0.57736 0.037575 0.55165
0.56963 0.03694 0.57684
0.55117 0.035734 0.52721
0.4704 0.034414 0.45348
0.47988 0.034483 0.46714
0.50123 0.034594 0.52085
0.54127 0.037547 0.054334
0.56385 0.037541 0.036677
0.55951 0.037543 0.063321
0.54335 0.037546 0.092728
0.55542 0.037543 0.071524
0.55613 0.037545 0.088781
0.54362 0.037537 0.10857
0.54829 0.037545 0.12425
0.55347 0.037533 0.10799
0.55366 0.037542 0.12455
0.5444 0.037545 0.13438
0.56451 0.037538 0.1363
0.55739 0.037542 0.14735
0.54816 0.037543 0.17062
0.56708 0.037534 0.16919
0.55033 0.037535 0.20001
0.54269 0.037561 0.21505
0.56835 0.037532 0.19844
0.56327 0.037555 0.22059
0.54759 0.037579 0.22666
0.55851 0.037568 0.22615
0.57067 0.037616 0.25338
0.54839 0.037645 0.26274
0.56915 0.037629 0.26845
0.56759 0.037648 0.27557
0.54681 0.037796 0.29919
0.57131 0.037686 0.29334
0.56695 0.037712 0.3032
0.55495 0.037889 0.31707
0.55336 0.037953 0.33378
0.5671 0.037744 0.32758
0.56967 0.037721 0.34515
0.54529 0.038091 0.33695
0.55053 0.03804 0.3677
0.56279 0.037825 0.35569
0.53902 0.037849 0.39073
0.53979 0.037541 0.40636
0.53663 0.037357 0.41116
0.51917 0.035153 0.43366
0.53908 0.03682 0.43468
0.5257 0.034088 0.46259
0.54718 0.033971 0.49558
0.57582 0.033917 0.52431
0.60343 0.036169 0.53455
0.60796 0.036699 0.56148
0.59142 0.035849 0.5915
0.56637 0.037299 0.60079
0.60139 0.036778 0.58695
0.60514 0.037386 0.5953
0.57144 0.037675 0.6047
0.6006 0.037698 0.61157
0.57923 0.037844 0.61699
0.55947 0.037727 0.62389
0.54163 0.037808 0.63532
0.57837 0.0377 0.64076
0.54887 0.037725 0.64847
0.54865 0.037632 0.66662
0.57176 0.037671 0.64555
0.54118 0.037602 0.67334
0.5492 0.037556 0.69597
0.56482 0.0376 0.67731
0.55601 0.037561 0.69668
0.53753 0.037515 0.71167
0.53987 0.037506 0.72725
0.55977 0.037555 0.70511
0.54058 0.037482 0.73893
0.55367 0.037469 0.74775
0.56389 0.037482 0.76218
0.5393 0.037488 0.76945
0.54308 0.0375 0.79342
0.5644 0.037478 0.7806
0.56407 0.037507 0.79761
0.54816 0.037511 0.80478
0.54291 0.037498 0.82945
0.55477 0.037509 0.80724
0.55565 0.037498 0.82588
0.53996 0.037501 0.84797
0.55344 0.037502 0.8466
0.56033 0.037509 0.86203
0.54164 0.037513 0.88639
0.55652 0.037514 0.88078
0.56433 0.037516 0.88836
0.54677 0.037523 0.90818
0.53719 0.03747 0.92873
0.55905 0.037526 0.91147
0.55519 0.037478 0.92833
0.54381 0.03742 0.94359
0.54785 0.033342 0.95981
0.56324 0.037438 0.94077
0.5542 0.033854 0.95284
0.55256 0.036482 0.51791
0.56239 0.036724 0.52387
0.57665 0.037538 0.045072
0.58717 0.037537 0.040656
0.59538 0.037537 0.06296
0.5727 0.037536 0.095287
0.58956 0.037536 0.073321
0.59618 0.037534 0.0945
0.57202 0.037528 0.11082
0.57698 0.037536 0.12557
0.59489 0.037529 0.1053
0.58755 0.037528 0.11688
0.58319 0.037532 0.14353
0.60008 0.037529 0.1367
0.59473 0.037534 0.15421
0.58121 0.037522 0.17321
0.57428 0.037528 0.18286
0.59006 0.037516 0.17595
0.60039 0.037513 0.18296
0.57553 0.037544 0.21668
0.59557 0.037525 0.20875
0.58034 0.037565 0.23611
0.57956 0.0376 0.25356
0.60511 0.037539 0.23364
0.59623 0.037563 0.25373
0.5863 0.037599 0.2605
0.59567 0.037571 0.26817
0.59755 0.037582 0.28573
0.57689 0.037661 0.29353
0.58242 0.037629 0.31005
0.59746 0.037588 0.30637
0.59356 0.037583 0.31584
0.57875 0.037642 0.33249
0.59559 0.037512 0.34621
0.59438 0.037483 0.36052
0.57205 0.037629 0.36569
0.56109 0.03741 0.39807
0.57915 0.037451 0.38503
0.55327 0.037081 0.41736
0.55177 0.037095 0.43205
0.57565 0.037423 0.4173
0.54539 0.037296 0.44362
0.54231 0.037373 0.46309
0.54784 0.037439 0.45213
0.5477 0.037253 0.46141
0.55346 0.036664 0.49037
0.57238 0.037499 0.50655
0.55468 0.036975 0.48015
0.57551 0.037617 0.50445
0.60643 0.037497 0.52841
0.61568 0.038082 0.54616
0.60297 0.037531 0.51969
0.62064 0.038192 0.54948
0.61522 0.037761 0.56149
0.60662 0.037632 0.60026
0.62346 0.0381 0.56019
0.62166 0.037865 0.58427
0.61294 0.037957 0.61305
0.61996 0.038002 0.60865
0.62148 0.03807 0.62865
0.60186 0.037916 0.63605
0.59408 0.037773 0.64201
0.62094 0.038163 0.64835
0.58502 0.037643 0.65227
0.57851 0.037583 0.66949
0.61915 0.037956 0.65976
0.60099 0.037631 0.66988
0.58258 0.037583 0.67918
0.59331 0.037599 0.67737
0.591 0.037588 0.6925
0.57181 0.03752 0.72396
0.59141 0.037531 0.72272
0.57274 0.0375 0.73615
0.59703 0.037478 0.74813
0.59228 0.037487 0.76397
0.57108 0.037486 0.78799
0.59167 0.037505 0.79782
0.57857 0.037512 0.8013
0.57694 0.037497 0.81869
0.59025 0.037502 0.81467
0.57789 0.037507 0.84355
0.59677 0.037513 0.84483
0.57335 0.037516 0.87139
0.5964 0.037525 0.89469
0.57355 0.037527 0.91007
0.59264 0.037529 0.90844
0.57375 0.037422 0.94679
0.57691 0.034197 0.95203
0.59114 0.037453 0.94224
0.58581 0.033334 0.96321
0.61095 0.037536 0.045314
0.61335 0.037536 0.062145
0.63134 0.037537 0.042623
0.63329 0.037537 0.053776
0.61683 0.037534 0.075567
0.60507 0.037536 0.087625
0.63367 0.037532 0.080042
0.62869 0.037535 0.086281
0.61262 0.037528 0.11166
0.61136 0.03753 0.12752
0.62423 0.037529 0.10516
0.63075 0.037526 0.12476
0.60557 0.037529 0.13211
0.61744 0.037522 0.16036
0.63078 0.037521 0.13505
0.63175 0.037517 0.14984
0.61049 0.037513 0.17209
0.61787 0.037508 0.18504
0.6308 0.037512 0.16775
0.61738 0.037506 0.20679
0.61184 0.037527 0.22473
0.6269 0.037498 0.21116
0.62784 0.037505 0.22403
0.61022 0.037507 0.24901
0.62736 0.037486 0.24305
0.63 0.037484 0.25418
0.63057 0.037479 0.28024
0.60994 0.037506 0.32276
0.62309 0.037493 0.30673
0.62543 0.037436 0.34128
0.61808 0.037433 0.34844
0.61432 0.037339 0.37833
0.59069 0.037398 0.38506
0.58513 0.037494 0.41012
0.60315 0.03732 0.38569
0.59709 0.037555 0.40929
0.56784 0.037182 0.43975
0.58264 0.037132 0.43721
0.56715 0.036962 0.45187
0.56427 0.036825 0.47498
0.57658 0.036885 0.4582
0.58122 0.036917 0.46192
0.58647 0.037222 0.49655
0.59138 0.037074 0.48187
0.60654 0.037233 0.49912
0.61321 0.03756 0.513
0.62669 0.038195 0.54199
0.6235 0.037524 0.50953
0.63256 0.037879 0.533
0.63483 0.038138 0.55501
0.63708 0.037951 0.57974
0.64427 0.03801 0.55425
0.64354 0.037978 0.57418
0.63595 0.03793 0.59718
0.64578 0.037918 0.60615
0.63307 0.03818 0.64193
0.64825 0.037928 0.64191
0.62715 0.038182 0.65956
0.61605 0.037784 0.6713
0.63575 0.037813 0.67859
0.63667 0.037683 0.68674
0.60803 0.037593 0.70522
0.60608 0.037533 0.72274
0.62793 0.037523 0.72615
0.6106 0.037503 0.74169
0.60536 0.037478 0.75453
0.62512 0.037493 0.74509
0.62498 0.037481 0.75303
0.60943 0.037484 0.7802
0.61078 0.037487 0.78649
0.62618 0.037487 0.78019
0.62857 0.03749 0.78729
0.60341 0.037514 0.80287
0.60647 0.037515 0.83164
0.62881 0.037515 0.80598
0.63275 0.037521 0.82888
0.60715 0.037519 0.83884
0.60267 0.037512 0.85344
0.62529 0.037526 0.8431
0.62303 0.03752 0.85698
0.60996 0.037523 0.87037
0.60489 0.037525 0.8908
0.61917 0.037528 0.87892
0.62912 0.037531 0.8887
0.60765 0.037533 0.9094
0.60845 0.037512 0.92667
0.6201 0.037516 0.92812
0.61024 0.037481 0.94522
0.62218 0.037498 0.93791
0.6283 0.033334 0.96439
0.64053 0.037536 0.04695
0.65545 0.037537 0.038364
0.65749 0.037534 0.063997
0.64798 0.037531 0.079467
0.64193 0.03753 0.096057
0.66523 0.037532 0.073964
0.66813 0.037533 0.08567
0.65767 0.037524 0.11028
0.65052 0.037513 0.16069
0.66044 0.037515 0.14239
0.66193 0.037512 0.16041
0.64615 0.037506 0.16983
0.64795 0.0375 0.19385
0.66098 0.037496 0.17733
0.65758 0.037491 0.18449
0.64771 0.037495 0.20097
0.64522 0.037487 0.21817
0.66692 0.037484 0.20429
0.66603 0.03748 0.22085
0.64144 0.03748 0.24155
0.64691 0.037474 0.26275
0.65883 0.037444 0.26744
0.64072 0.03745 0.28156
0.63864 0.037439 0.299
0.66514 0.037406 0.28185
0.65468 0.037403 0.29304
0.63999 0.037409 0.32055
0.65081 0.037395 0.34143
0.63131 0.037417 0.34916
0.6239 0.037275 0.38135
0.6499 0.037363 0.35214
0.64514 0.037259 0.37698
0.61076 0.037398 0.41169
0.6219 0.037263 0.40702
0.60881 0.037181 0.43712
0.62341 0.037165 0.42615
0.6225 0.037165 0.43637
0.59909 0.037066 0.45514
0.6101 0.03705 0.46756
0.62546 0.037136 0.45314
0.61697 0.037137 0.48565
0.62032 0.037169 0.49203
0.62967 0.037158 0.48399
0.64161 0.03727 0.49747
0.63201 0.0374 0.5062
0.64329 0.037675 0.52553
0.65097 0.037434 0.51095
0.66583 0.037574 0.52758
0.66621 0.037769 0.55269
0.67025 0.037767 0.57063
0.66269 0.037857 0.58331
0.66844 0.037778 0.60445
0.68278 0.037756 0.60506
0.66257 0.037747 0.63601
0.67897 0.037736 0.61869
0.66919 0.037734 0.64026
0.6547 0.0379 0.65394
0.67557 0.037685 0.65305
0.65145 0.037543 0.69272
0.65726 0.0377 0.67564
0.65824 0.037563 0.68769
0.64408 0.037459 0.7083
0.64118 0.037495 0.72516
0.65791 0.037451 0.71327
0.66747 0.037478 0.7257
0.64693 0.037493 0.73593
0.64136 0.037485 0.75474
0.66064 0.037492 0.743
0.65729 0.037481 0.75324
0.63696 0.03749 0.77832
0.64647 0.037493 0.79057
0.6552 0.03749 0.77347
0.65533 0.037499 0.79461
0.64627 0.037512 0.80795
0.64296 0.037522 0.82893
0.66291 0.037518 0.81138
0.66472 0.037528 0.83044
0.64456 0.037528 0.83644
0.64414 0.037529 0.85317
0.65455 0.037534 0.84133
0.66008 0.037537 0.86279
0.64819 0.037536 0.88038
0.64809 0.037536 0.88829
0.65492 0.037538 0.88154
0.66336 0.037544 0.8937
0.64425 0.037543 0.90777
0.63674 0.03751 0.92722
0.66304 0.037547 0.90281
0.65931 0.037539 0.91861
0.63559 0.037472 0.94176
0.64127 0.033697 0.95358
0.65659 0.037459 0.93969
0.6646 0.033523 0.95471
0.6827 0.037535 0.045086
0.68484 0.037535 0.051875
0.7013 0.037536 0.040649
0.69259 0.037535 0.05939
0.70023 0.037535 0.072268
0.69876 0.037534 0.092596
0.6727 0.037529 0.10257
0.67325 0.037525 0.1243
0.6769 0.037517 0.14204
0.67914 0.037513 0.15903
0.68245 0.0375 0.17154
0.695 0.037494 0.1762
0.68219 0.037472 0.20998
0.67323 0.037476 0.22145
0.69681 0.037461 0.21699
0.68894 0.037457 0.23049
0.67716 0.03744 0.24531
0.68795 0.037421 0.25186
0.69364 0.037418 0.25707
0.67568 0.037379 0.29709
0.69305 0.037382 0.28626
0.6849 0.037372 0.29539
0.66501 0.037365 0.33574
0.68439 0.037344 0.32393
0.68301 0.037341 0.33095
0.66977 0.037293 0.35088
0.66069 0.037256 0.3656
0.67564 0.037262 0.35978
0.66923 0.037221 0.37432
0.65021 0.037173 0.38953
0.64387 0.037127 0.40172
0.67035 0.03719 0.39198
0.66927 0.037184 0.40143
0.65023 0.037125 0.41814
0.64366 0.03715 0.43839
0.66434 0.037176 0.41773
0.67221 0.037187 0.4326
0.64676 0.037142 0.4679
0.6698 0.037172 0.45232
0.65316 0.037196 0.48204
0.666 0.037256 0.49299
0.68075 0.037246 0.47888
0.68704 0.037337 0.49712
0.6658 0.037457 0.51237
0.67221 0.037559 0.52894
0.69088 0.037472 0.52046
0.67628 0.037597 0.53847
0.68699 0.03763 0.56591
0.69304 0.03752 0.53683
0.70408 0.037578 0.56646
0.692 0.03772 0.60716
0.7033 0.037602 0.5783
0.71633 0.037635 0.60255
0.70005 0.037662 0.61286
0.70996 0.037633 0.62054
0.71043 0.037607 0.63619
0.68779 0.037629 0.65337
0.68532 0.037604 0.66115
0.70289 0.037609 0.64549
0.70156 0.037568 0.66027
0.67708 0.037498 0.69449
0.69457 0.037495 0.68852
0.68268 0.037497 0.71245
0.67335 0.037484 0.72404
0.68922 0.0375 0.70393
0.67882 0.037495 0.74844
0.672 0.037495 0.76395
0.69494 0.037503 0.74038
0.69868 0.03751 0.76213
0.67522 0.037502 0.77255
0.67735 0.037508 0.79153
0.6932 0.037513 0.77145
0.68727 0.037519 0.79917
0.67302 0.03752 0.80659
0.68652 0.037523 0.80476
0.68855 0.037534 0.8277
0.68056 0.037539 0.84867
0.69437 0.037542 0.83841
0.68743 0.037546 0.86517
0.68045 0.037546 0.87127
0.69091 0.037549 0.87026
0.69139 0.037554 0.89437
0.67898 0.037554 0.90833
0.66969 0.037493 0.93051
0.68961 0.037497 0.92975
0.68059 0.037443 0.94238
0.68194 0.033334 0.96342
0.69574 0.033368 0.95761
0.71107 0.037537 0.037455
0.71006 0.037537 0.055016
0.72666 0.037539 0.042644
0.72925 0.037538 0.061175
0.71275 0.037535 0.076817
0.73016 0.037536 0.076251
0.71306 0.037529 0.10218
0.70962 0.037521 0.12783
0.72807 0.037522 0.11363
0.73187 0.03752 0.1291
0.70742 0.037507 0.15983
0.73388 0.037514 0.14877
0.73157 0.037509 0.1614
0.70794 0.037492 0.17863
0.70571 0.037481 0.19626
0.72364 0.037501 0.17066
0.73242 0.037491 0.18956
0.70753 0.037473 0.20396
0.70668 0.037457 0.22364
0.72211 0.037466 0.2125
0.71254 0.03743 0.25146
0.73047 0.037418 0.25846
0.71385 0.037397 0.27583
0.71129 0.037373 0.29785
0.69721 0.037361 0.31558
0.7017 0.037326 0.33856
0.72388 0.037352 0.31556
0.70952 0.037321 0.33945
0.70202 0.037308 0.3453
0.69784 0.037253 0.36885
0.71443 0.037315 0.3453
0.71717 0.03729 0.36719
0.69683 0.037214 0.38751
0.68343 0.037206 0.39934
0.70781 0.037251 0.3793
0.70106 0.037216 0.40224
0.68759 0.037205 0.42074
0.71246 0.037269 0.40986
0.70149 0.037235 0.4274
0.69194 0.037197 0.44117
0.68571 0.037214 0.46474
0.71012 0.037282 0.44604
0.70683 0.037277 0.46112
0.69469 0.03724 0.47237
0.69823 0.037291 0.4901
0.70238 0.037261 0.4701
0.71291 0.037339 0.49139
0.71351 0.037378 0.50711
0.72218 0.037411 0.5204
0.71114 0.037502 0.54601
0.72821 0.037451 0.54447
0.73662 0.03747 0.56617
0.73169 0.037721 0.60475
0.73893 0.037479 0.5806
0.73678 0.037602 0.59311
0.72586 0.037656 0.63051
0.7381 0.037884 0.61177
0.74133 0.037791 0.62876
0.72099 0.037572 0.64913
0.7242 0.037549 0.65577
0.73406 0.037587 0.64287
0.73404 0.037547 0.663
0.7178 0.037508 0.68365
0.71271 0.037506 0.69248
0.72957 0.037537 0.67507
0.73192 0.037521 0.68958
0.71841 0.037509 0.71194
0.70596 0.037504 0.72488
0.72283 0.037508 0.72124
0.70924 0.037511 0.74153
0.70847 0.037511 0.75595
0.7303 0.037518 0.73955
0.72608 0.037517 0.75849
0.71268 0.037529 0.77571
0.70345 0.037524 0.79187
0.7245 0.037531 0.77489
0.7128 0.037538 0.81502
0.70347 0.037539 0.82672
0.72547 0.03754 0.80379
0.71567 0.03755 0.83649
0.7034 0.037551 0.85914
0.72207 0.037552 0.83682
0.71037 0.037558 0.88123
0.70435 0.037556 0.88589
0.72052 0.037561 0.87266
0.73261 0.03757 0.89609
0.70329 0.037563 0.90897
0.71455 0.037559 0.91834
0.73086 0.037572 0.90569
0.71009 0.033343 0.95974
0.73214 0.037465 0.9404
0.74056 0.037542 0.043661
0.74321 0.037541 0.057684
0.76278 0.037542 0.059026
0.75764 0.037537 0.077826
0.75536 0.037534 0.091986
0.76581 0.037532 0.10578
0.7558 0.037527 0.11943
0.74404 0.037516 0.14815
0.74019 0.037514 0.15404
0.75716 0.037521 0.13607
0.76482 0.037509 0.15993
0.74121 0.037501 0.17363
0.74628 0.037484 0.19738
0.75672 0.037493 0.18066
0.75489 0.037482 0.19571
0.74941 0.037469 0.20937
0.74286 0.037445 0.2348
0.76015 0.037455 0.22853
0.74166 0.037427 0.2487
0.76387 0.037443 0.23929
0.74454 0.037394 0.27428
0.73211 0.037375 0.2916
0.75844 0.037397 0.27754
0.73222 0.037343 0.33414
0.74748 0.037361 0.30843
0.74812 0.037351 0.33011
0.72828 0.03733 0.34651
0.72506 0.037299 0.37175
0.74706 0.037328 0.35134
0.75029 0.037321 0.36256
0.73397 0.037275 0.38515
0.7288 0.037272 0.39346
0.75218 0.037308 0.38053
0.74117 0.037277 0.39494
0.72559 0.037279 0.408
0.72372 0.037286 0.43336
0.7469 0.037292 0.41559
0.72073 0.037294 0.44513
0.72251 0.037308 0.46298
0.74433 0.03729 0.44508
0.74846 0.037301 0.45524
0.73408 0.037297 0.46938
0.72702 0.037334 0.48765
0.75269 0.037329 0.4746
0.75212 0.037336 0.48463
0.75337 0.037364 0.50627
0.75028 0.037384 0.52866
0.73937 0.037428 0.54314
0.74298 0.037445 0.56272
0.7552 0.037408 0.53951
0.76481 0.037436 0.55547
0.75256 0.037445 0.58636
0.7569 0.037713 0.60478
0.76017 0.037733 0.60859
0.74662 0.037607 0.64197
0.74649 0.037555 0.66056
0.76334 0.037584 0.64289
0.74938 0.037569 0.67507
0.746 0.037543 0.69506
0.76607 0.037551 0.68307
0.74901 0.037539 0.7144
0.74546 0.03753 0.73349
0.74483 0.037522 0.75086
0.74171 0.037522 0.75521
0.76001 0.037531 0.75799
0.74653 0.037541 0.77629
0.74538 0.037547 0.79502
0.75523 0.037537 0.77164
0.74963 0.037554 0.81509
0.74905 0.03756 0.83272
0.75726 0.037554 0.80627
0.76304 0.03756 0.82443
0.73966 0.037565 0.85981
0.75741 0.037569 0.84789
0.74457 0.037569 0.86926
0.74058 0.037574 0.89799
0.75721 0.037575 0.87844
0.75659 0.037578 0.89323
0.74741 0.037578 0.90235
0.76284 0.037585 0.90939
0.75548 0.037536 0.92897
0.73786 0.037476 0.93932
0.73964 0.033368 0.95769
0.76441 0.033339 0.96072
0.77419 0.037545 0.044088
0.78251 0.037545 0.052732
0.79687 0.037547 0.047652
0.79976 0.037546 0.063743
0.77785 0.037541 0.069196
0.79192 0.037539 0.091219
0.78254 0.037531 0.11488
0.78153 0.037524 0.13066
0.79316 0.037534 0.11143
0.79673 0.037529 0.12588
0.78243 0.037516 0.14567
0.7796 0.037509 0.1592
0.78927 0.03752 0.1385
0.79025 0.037507 0.16383
0.77934 0.037494 0.17966
0.79839 0.037507 0.17023
0.78676 0.037484 0.19836
0.77784 0.037475 0.20978
0.77984 0.037458 0.23148
0.79339 0.037476 0.21444
0.78883 0.037462 0.23026
0.77082 0.037443 0.24166
0.76889 0.037416 0.26786
0.78813 0.037452 0.24007
0.78765 0.037437 0.25828
0.78897 0.037422 0.28021
0.76219 0.037369 0.31885
0.76737 0.037365 0.33391
0.79312 0.037397 0.30575
0.77984 0.037363 0.32763
0.76691 0.037351 0.35028
0.76468 0.037339 0.3661
0.77792 0.037352 0.34258
0.77622 0.037339 0.36175
0.76663 0.037327 0.38088
0.76997 0.037317 0.39642
0.78508 0.037342 0.37867
0.78514 0.037338 0.39655
0.76789 0.037314 0.41068
0.76394 0.037312 0.42518
0.77639 0.037324 0.40778
0.78133 0.037331 0.43
0.76333 0.037316 0.44517
0.7795 0.03733 0.44733
0.77706 0.037324 0.45167
0.76033 0.037332 0.4712
0.76764 0.037341 0.48639
0.7808 0.03734 0.46934
0.79051 0.037373 0.49086
0.77514 0.037362 0.51069
0.78456 0.03737 0.50712
0.79372 0.037405 0.52822
0.77036 0.037437 0.55922
0.78893 0.037403 0.53378
0.79339 0.037431 0.56144
0.77799 0.037442 0.57961
0.77533 0.037474 0.59121
0.7919 0.037437 0.57745
0.78105 0.03746 0.60455
0.78962 0.037458 0.60586
0.77345 0.037586 0.63768
0.77475 0.037558 0.65857
0.79697 0.037544 0.64441
0.79232 0.037544 0.66532
0.77581 0.037547 0.68337
0.77758 0.037542 0.69167
0.79813 0.03754 0.68165
0.79762 0.037538 0.68688
0.78159 0.037534 0.71119
0.77141 0.037539 0.7325
0.78795 0.03754 0.73371
0.77795 0.037544 0.74224
0.78128 0.037544 0.7647
0.79826 0.037548 0.74229
0.79626 0.037564 0.795
0.77165 0.037561 0.81614
0.77796 0.037568 0.83096
0.7882 0.037565 0.80666
0.79837 0.037575 0.83098
0.77695 0.037575 0.85337
0.78841 0.037575 0.84238
0.77874 0.037582 0.87738
0.77253 0.037584 0.89544
0.7961 0.037591 0.89228
0.77782 0.037545 0.93108
0.79232 0.037595 0.91314
0.78221 0.037498 0.94782
0.77332 0.033335 0.96305
0.79164 0.037512 0.94134
0.79681 0.033427 0.95609
0.80426 0.037549 0.046932
0.80488 0.037549 0.054375
0.82999 0.037553 0.047103
0.8324 0.037553 0.052406
0.80417 0.037544 0.07762
0.80565 0.037541 0.093163
0.82905 0.037549 0.073438
0.82197 0.037545 0.090321
0.81074 0.037539 0.10561
0.80936 0.037534 0.12373
0.82089 0.03754 0.10858
0.82776 0.037536 0.12601
0.82764 0.037529 0.14131
0.81971 0.037512 0.17585
0.81942 0.037506 0.18782
0.80967 0.037488 0.20904
0.80242 0.037474 0.22494
0.83039 0.03749 0.21473
0.82656 0.037483 0.2249
0.8029 0.037462 0.24072
0.80533 0.03745 0.26131
0.82704 0.037458 0.26069
0.81215 0.037436 0.28436
0.80668 0.037429 0.29346
0.82806 0.037443 0.28073
0.82025 0.037426 0.29668
0.80984 0.03741 0.30626
0.80304 0.037385 0.3227
0.82149 0.037414 0.30728
0.81307 0.037384 0.33144
0.79892 0.037367 0.34722
0.80337 0.037366 0.35656
0.81333 0.037374 0.34903
0.79693 0.037354 0.38084
0.79527 0.037351 0.39891
0.82157 0.037364 0.38007
0.79547 0.037353 0.41085
0.79609 0.037357 0.4287
0.81484 0.037353 0.42341
0.79689 0.037359 0.44228
0.80698 0.03735 0.45362
0.82208 0.037361 0.43883
0.79958 0.037371 0.471
0.79617 0.037383 0.4909
0.79788 0.037395 0.50978
0.80869 0.03739 0.51875
0.82067 0.037389 0.51876
0.80816 0.037428 0.5539
0.81795 0.037415 0.54975
0.81062 0.03746 0.5968
0.83044 0.037451 0.57638
0.82595 0.037458 0.59371
0.81354 0.037464 0.61239
0.81533 0.037487 0.62749
0.82832 0.037465 0.60688
0.82259 0.037477 0.62416
0.809 0.03754 0.64625
0.80969 0.03754 0.65323
0.82331 0.037493 0.63541
0.81515 0.037534 0.66922
0.80812 0.037542 0.69924
0.82621 0.037535 0.68738
0.81048 0.037544 0.71087
0.82485 0.037542 0.7096
0.80695 0.037549 0.73747
0.8077 0.037557 0.76301
0.83307 0.037555 0.74142
0.83352 0.037561 0.75646
0.80462 0.03756 0.77607
0.80816 0.037569 0.79729
0.8321 0.037569 0.77954
0.8258 0.037571 0.79404
0.81081 0.037574 0.80668
0.82518 0.037584 0.82729
0.8049 0.037583 0.84721
0.81134 0.037589 0.85991
0.83012 0.03759 0.84317
0.82966 0.037595 0.86221
0.81521 0.037593 0.87222
0.80474 0.037594 0.89096
0.82677 0.0376 0.88096
0.80642 0.037598 0.90605
0.80546 0.037582 0.92119
0.81922 0.037602 0.90725
0.80547 0.037513 0.93776
0.81318 0.033338 0.96111
0.8278 0.037474 0.94788
0.82148 0.033334 0.96337
0.84308 0.037554 0.044803
0.83999 0.037553 0.055015
0.86203 0.037556 0.044959
0.84589 0.03755 0.079374
0.84932 0.037548 0.091593
0.85277 0.037551 0.074519
0.85452 0.037549 0.089846
0.85605 0.037544 0.1085
0.85527 0.037536 0.1322
0.84003 0.037529 0.14718
0.84663 0.037524 0.15957
0.85926 0.037533 0.14254
0.85311 0.037527 0.15278
0.83725 0.037512 0.18194
0.83952 0.037507 0.19285
0.85668 0.037515 0.18181
0.86436 0.037509 0.19684
0.84813 0.037499 0.2096
0.83567 0.037482 0.23059
0.85948 0.037499 0.21147
0.85111 0.037485 0.23176
0.84556 0.037475 0.24598
0.85525 0.037477 0.24634
0.85704 0.037471 0.25695
0.85301 0.037455 0.27547
0.85439 0.037441 0.2958
0.83791 0.03742 0.31561
0.83075 0.037407 0.32506
0.85648 0.037436 0.30773
0.85078 0.037424 0.32027
0.834 0.037396 0.35442
0.85163 0.037413 0.34199
0.85948 0.03741 0.36013
0.83691 0.037387 0.37953
0.84651 0.037393 0.37768
0.85561 0.037396 0.38977
0.84058 0.037381 0.40879
0.84188 0.037378 0.42143
0.84665 0.037385 0.4036
0.85627 0.037389 0.4283
0.83397 0.037375 0.43987
0.82843 0.037368 0.45472
0.84889 0.037379 0.44373
0.85457 0.037386 0.45789
0.8326 0.037378 0.47468
0.83818 0.037385 0.48855
0.83825 0.037398 0.50961
0.84583 0.037409 0.52773
0.86212 0.037419 0.51874
0.84245 0.037421 0.53816
0.84427 0.037434 0.5536
0.86087 0.03743 0.53861
0.85865 0.037436 0.55149
0.84696 0.037448 0.57333
0.84002 0.037471 0.59318
0.86115 0.03745 0.57199
0.85387 0.037458 0.58892
0.84889 0.037482 0.61933
0.85877 0.03747 0.60045
0.85373 0.037487 0.62999
0.84885 0.037506 0.65929
0.86384 0.037496 0.63827
0.85812 0.037509 0.66288
0.84795 0.037522 0.67967
0.83933 0.037531 0.68925
0.86024 0.037515 0.67178
0.86292 0.037532 0.69724
0.8406 0.037539 0.70774
0.84703 0.037548 0.72597
0.8549 0.037532 0.7041
0.85559 0.037548 0.72877
0.84443 0.037555 0.7389
0.8416 0.037566 0.76531
0.85709 0.037565 0.76098
0.83796 0.037576 0.79594
0.86071 0.037571 0.77182
0.86477 0.03758 0.791
0.8412 0.037585 0.81574
0.86336 0.037586 0.80545
0.8602 0.03759 0.82291
0.84309 0.037593 0.84336
0.85985 0.037596 0.83914
0.86086 0.037601 0.85669
0.8455 0.037605 0.87547
0.84103 0.037606 0.89634
0.85949 0.037606 0.86968
0.84444 0.037604 0.9183
0.86322 0.037613 0.90498
0.85474 0.037598 0.92135
0.8489 0.037552 0.93534
0.84202 0.03334 0.96036
0.86212 0.037564 0.9349
0.8604 0.033334 0.96351
0.86964 0.037557 0.039154
0.87136 0.037555 0.061233
0.88608 0.037558 0.039967
0.88754 0.037558 0.052044
0.88087 0.037555 0.076727
0.88137 0.037552 0.092456
0.89592 0.037557 0.078816
0.8901 0.037555 0.08628
0.88062 0.037547 0.10926
0.8813 0.037542 0.12813
0.88974 0.037545 0.11912
0.87438 0.037537 0.13854
0.88151 0.037531 0.15879
0.89309 0.037537 0.1482
0.88814 0.03753 0.16252
0.87538 0.037513 0.1917
0.89218 0.037527 0.17012
0.89613 0.037519 0.1901
0.87047 0.037506 0.20479
0.87571 0.0375 0.22056
0.88938 0.037507 0.21166
0.88508 0.037501 0.22298
0.86774 0.037487 0.23848
0.86982 0.037464 0.27593
0.87151 0.037455 0.29097
0.89556 0.037475 0.26992
0.88756 0.03746 0.29284
0.86671 0.03744 0.31574
0.87666 0.037446 0.32351
0.88422 0.037455 0.30392
0.88281 0.037448 0.32032
0.87314 0.037428 0.34544
0.88989 0.037437 0.33982
0.89493 0.03743 0.35312
0.87276 0.03741 0.37983
0.86482 0.037402 0.38758
0.88818 0.037418 0.3719
0.8911 0.037413 0.39221
0.86726 0.037402 0.40714
0.86965 0.037403 0.41943
0.89216 0.037411 0.41254
0.8874 0.037408 0.41824
0.87693 0.037405 0.44042
0.8815 0.037406 0.45014
0.87716 0.037414 0.47852
0.87561 0.037422 0.4932
0.88261 0.03742 0.49139
0.8664 0.037417 0.50299
0.87492 0.037439 0.52748
0.88624 0.03743 0.51083
0.88828 0.037436 0.52357
0.87141 0.03744 0.53748
0.88807 0.037441 0.53562
0.8927 0.037449 0.54982
0.87744 0.037459 0.57194
0.87569 0.037473 0.59483
0.88997 0.037458 0.57236
0.88723 0.037471 0.59565
0.87491 0.037479 0.60321
0.88071 0.037495 0.62903
0.88703 0.037479 0.6068
0.88675 0.03749 0.62416
0.87919 0.037509 0.64704
0.8884 0.037503 0.64474
0.89169 0.037512 0.65707
0.87207 0.037521 0.6735
0.89835 0.037538 0.69625
0.87177 0.037545 0.71206
0.88054 0.037556 0.72937
0.89505 0.037543 0.70272
0.89044 0.037552 0.72193
0.87342 0.037561 0.74469
0.872 0.03757 0.76441
0.88728 0.037561 0.74253
0.89777 0.037571 0.76342
0.8744 0.037578 0.77983
0.87847 0.037585 0.79667
0.89015 0.037581 0.7874
0.8714 0.037591 0.81504
0.87748 0.037595 0.82415
0.88914 0.037589 0.80417
0.87671 0.0376 0.83987
0.88135 0.037608 0.86308
0.89445 0.037601 0.83891
0.88625 0.037606 0.85817
0.87448 0.037614 0.89059
0.89191 0.037611 0.86923
0.89489 0.037617 0.88922
0.87979 0.037617 0.90295
0.88102 0.037593 0.92851
0.89294 0.037619 0.90943
0.89647 0.037582 0.93011
0.8721 0.037558 0.94049
0.89789 0.033338 0.96103
0.90505 0.037561 0.037554
0.91193 0.037562 0.054357
0.92217 0.037543 0.038877
0.91494 0.03756 0.075773
0.90368 0.037556 0.090915
0.92843 0.037515 0.095144
0.91123 0.037551 0.10953
0.90934 0.037545 0.13014
0.92084 0.03754 0.10432
0.9233 0.037529 0.11892
0.90534 0.037543 0.13556
0.90765 0.037536 0.15965
0.92177 0.037526 0.14
0.91301 0.037524 0.18915
0.92729 0.037503 0.17249
0.92994 0.03748 0.19734
0.91383 0.037516 0.20649
0.91126 0.037507 0.22365
0.92625 0.037477 0.21044
0.91796 0.037498 0.22759
0.90707 0.03749 0.24787
0.92672 0.037464 0.24419
0.92048 0.037473 0.25744
0.90666 0.037476 0.27151
0.92996 0.037434 0.2809
0.92883 0.037429 0.29511
0.90893 0.03745 0.32653
0.92139 0.037444 0.30351
0.91991 0.037438 0.32322
0.90084 0.037441 0.33734
0.90354 0.03743 0.3621
0.92692 0.03742 0.33785
0.91657 0.03743 0.35629
0.90223 0.037426 0.37237
0.90703 0.037424 0.39105
0.92185 0.037395 0.39537
0.92172 0.037393 0.40304
0.92778 0.037371 0.4295
0.90124 0.037414 0.45371
0.92401 0.037383 0.4343
0.90406 0.037427 0.47875
0.90146 0.037432 0.4944
0.92443 0.037385 0.47072
0.92175 0.0374 0.48456
0.90842 0.037438 0.50201
0.90965 0.037445 0.52168
0.92599 0.037397 0.51102
0.92341 0.037408 0.51806
0.92197 0.03742 0.5365
0.92411 0.037423 0.55312
0.91315 0.037481 0.59435
0.92379 0.037453 0.57387
0.92774 0.037465 0.59378
0.9089 0.037487 0.6036
0.90398 0.037495 0.6209
0.92098 0.03748 0.60467
0.92273 0.037482 0.61716
0.90265 0.037506 0.6423
0.93131 0.037454 0.64604
0.92213 0.037497 0.66193
0.91264 0.037531 0.68685
0.92407 0.037497 0.67997
0.92738 0.037489 0.69489
0.91191 0.037543 0.7039
0.92196 0.037519 0.70799
0.90903 0.037561 0.74028
0.91247 0.03757 0.75965
0.91921 0.037547 0.73632
0.91867 0.037564 0.76482
0.91373 0.037576 0.77194
0.91278 0.037582 0.78849
0.92532 0.03755 0.77611
0.92607 0.037554 0.79575
0.90435 0.037594 0.81585
0.91168 0.037596 0.82229
0.92048 0.037574 0.80325
0.91818 0.03759 0.82616
0.90558 0.037605 0.84544
0.90598 0.03761 0.86211
0.92302 0.037571 0.83612
0.91871 0.037602 0.86164
0.91144 0.037615 0.87301
0.91875 0.037606 0.87167
0.93024 0.037573 0.88929
0.90712 0.03762 0.90955
0.90832 0.03758 0.9286
0.92023 0.037605 0.90857
0.92826 0.037542 0.92467
0.90682 0.037541 0.94071
0.91291 0.033349 0.9591
0.9187 0.037527 0.9392
0.92394 0.03334 0.96037
0.93752 0.037485 0.042249
0.93777 0.037484 0.054902
0.95392 0.033699 0.037304
0.95738 0.033377 0.061561
0.93472 0.037493 0.075049
0.95987 0.033343 0.088027
0.94659 0.037456 0.10663
0.95902 0.033349 0.12832
0.94636 0.037442 0.14608
0.94281 0.037454 0.15654
0.95826 0.033358 0.14159
0.95154 0.034781 0.15882
0.93572 0.037482 0.1725
0.94555 0.037438 0.19613
0.95469 0.03354 0.19756
0.93915 0.037437 0.20612
0.93912 0.037424 0.22894
0.96309 0.033335 0.21474
0.9608 0.033338 0.22178
0.93982 0.037431 0.2477
0.94603 0.037416 0.25312
0.96069 0.033339 0.23742
0.95188 0.034336 0.26422
0.94248 0.03741 0.27161
0.93871 0.037407 0.28854
0.95924 0.033346 0.27586
0.94012 0.037398 0.30243
0.9394 0.037396 0.33014
0.95405 0.033581 0.30202
0.96422 0.033334 0.32443
0.94411 0.037391 0.34192
0.94144 0.037386 0.35644
0.95796 0.033357 0.35913
0.93816 0.037374 0.36758
0.94566 0.037319 0.39632
0.96397 0.033334 0.37854
0.95073 0.03477 0.39507
0.94385 0.037321 0.40573
0.96317 0.033334 0.40855
0.95541 0.033431 0.42699
0.93928 0.037345 0.44308
0.94369 0.037335 0.44984
0.95226 0.033933 0.43384
0.95908 0.033345 0.45082
0.937 0.037341 0.47054
0.96325 0.033334 0.47729
0.95407 0.033541 0.49292
0.9445 0.037328 0.50663
0.94042 0.037346 0.52002
0.95177 0.034156 0.50967
0.95914 0.033345 0.52467
0.93505 0.037381 0.5524
0.96414 0.033334 0.53704
0.95781 0.03336 0.55516
0.94223 0.037447 0.59171
0.93919 0.03745 0.61083
0.93946 0.037445 0.61982
0.95928 0.033346 0.62508
0.94316 0.037419 0.63696
0.96102 0.033338 0.63475
0.96343 0.033334 0.65729
0.94781 0.037405 0.67515
0.95969 0.033343 0.67332
0.95889 0.03335 0.69451
0.93992 0.037434 0.71287
0.93894 0.037443 0.72399
0.95374 0.033697 0.71468
0.95445 0.033572 0.71991
0.94288 0.037445 0.75531
0.95517 0.033491 0.7466
0.95942 0.033345 0.75558
0.9406 0.037509 0.77916
0.94064 0.037504 0.79901
0.95738 0.033376 0.78728
0.93908 0.037505 0.8041
0.95379 0.033712 0.81233
0.95881 0.033351 0.83076
0.93755 0.037501 0.8462
0.96487 0.033334 0.85729
0.94228 0.037536 0.8861
0.95928 0.033347 0.87047
0.93734 0.037515 0.92189
0.9561 0.033429 0.90773
0.96453 0.033334 0.92045
0.93826 0.037462 0.93642
0.94191 0.033358 0.9583
0.95911 0.033348 0.94245
0.95404 0.033334 0.96274
