2635
1 1 1
0.034973 0.03764 0.04488
0.040988 0.037641 0.054233
0.06227 0.037644 0.035672
0.058316 0.037643 0.051455
0.046065 0.037646 0.068955
0.043528 0.037653 0.093305
0.059644 0.03765 0.080713
0.0561 0.037655 0.096979
0.038528 0.03766 0.11054
0.041194 0.037666 0.12049
0.063119 0.03766 0.10723
0.062476 0.037683 0.14287
0.040289 0.037704 0.18865
0.05796 0.037699 0.17857
0.060637 0.037711 0.19415
0.036108 0.037712 0.19899
0.040223 0.037732 0.22476
0.052913 0.037717 0.20401
0.0559 0.037728 0.21731
0.047459 0.03774 0.23375
0.042073 0.037759 0.25483
0.05244 0.037746 0.24006
0.060926 0.037762 0.25457
0.046867 0.03777 0.26662
0.046007 0.037787 0.2836
0.055032 0.037781 0.27556
0.062249 0.037793 0.2842
0.060894 0.037814 0.30514
0.056543 0.037827 0.32026
0.044617 0.03784 0.34155
0.060883 0.037847 0.3501
0.045595 0.037854 0.37157
0.044667 0.037861 0.38491
0.0595 0.037856 0.36938
0.055055 0.037869 0.39115
0.044033 0.037876 0.40178
0.037363 0.037891 0.4212
0.059185 0.037883 0.40454
0.053102 0.037891 0.41603
0.04189 0.037903 0.44436
0.057769 0.037906 0.44211
0.056946 0.037912 0.45836
0.041309 0.037911 0.47193
0.043066 0.037911 0.48683
0.051076 0.037913 0.47166
0.056438 0.037914 0.49048
0.038118 0.037901 0.50687
0.037834 0.037894 0.52816
0.053423 0.037904 0.50886
0.057521 0.037901 0.52722
0.044673 0.037892 0.53975
0.042488 0.037888 0.56564
0.059382 0.0379 0.53827
0.058122 0.037895 0.55918
0.036871 0.037886 0.57692
0.035792 0.037879 0.59946
0.050553 0.037889 0.5755
0.052409 0.037883 0.59576
0.043077 0.037877 0.6043
0.036107 0.037861 0.63162
0.050482 0.037876 0.61039
0.056219 0.037873 0.62325
0.050595 0.037848 0.65109
0.052504 0.037842 0.66308
0.046839 0.037831 0.67491
0.051654 0.037835 0.67311
0.057053 0.037826 0.69079
0.035917 0.037782 0.73178
0.05893 0.037801 0.71517
0.051051 0.037789 0.72454
0.043172 0.037767 0.74796
0.036952 0.037754 0.76338
0.058202 0.037773 0.74479
0.051479 0.037756 0.76152
0.040613 0.037745 0.77383
0.037142 0.037723 0.79993
0.057531 0.037741 0.78227
0.055689 0.037732 0.79193
0.039634 0.037703 0.82635
0.052432 0.037712 0.81453
0.057961 0.037701 0.83176
0.037974 0.037692 0.84321
0.035001 0.03768 0.86186
0.053367 0.037696 0.83763
0.055729 0.037682 0.85986
0.035552 0.037674 0.87154
0.044991 0.037665 0.89271
0.057713 0.03767 0.87888
0.056233 0.037666 0.88897
0.041838 0.037663 0.9121
0.037055 0.034039 0.95622
0.058387 0.03756 0.9448
0.060848 0.034611 0.95422
0.078995 0.037649 0.04528
0.074889 0.037649 0.059681
0.077833 0.037655 0.088289
0.093925 0.037657 0.0739
0.091248 0.037659 0.088215
0.070955 0.03766 0.10634
0.071916 0.037673 0.12916
0.084756 0.037663 0.10877
0.088853 0.037671 0.12219
0.069394 0.037681 0.14003
0.088858 0.03768 0.13632
0.092016 0.037694 0.15766
0.071321 0.0377 0.17568
0.067354 0.037709 0.19056
0.093327 0.037704 0.17533
0.093685 0.037716 0.19051
0.076311 0.037725 0.20541
0.074885 0.037739 0.22227
0.087526 0.037733 0.2104
0.095462 0.037749 0.22591
0.06869 0.037753 0.24335
0.071153 0.037759 0.24972
0.084089 0.037758 0.24381
0.088275 0.037769 0.25191
0.074576 0.037786 0.27245
0.073482 0.037803 0.28977
0.093372 0.037792 0.2723
0.066706 0.037817 0.3064
0.066914 0.037832 0.32547
0.09026 0.037819 0.3047
0.088037 0.037835 0.32586
0.069514 0.037844 0.34452
0.087051 0.037845 0.34025
0.08576 0.037855 0.35518
0.073803 0.037865 0.37827
0.088632 0.037869 0.3715
0.092089 0.03788 0.38323
0.067506 0.037889 0.40977
0.071244 0.0379 0.42304
0.090065 0.037904 0.41187
0.083513 0.037906 0.41852
0.067141 0.037911 0.44517
0.080935 0.037915 0.43704
0.082047 0.037926 0.45611
0.07164 0.03792 0.47408
0.075506 0.037922 0.48464
0.086701 0.037932 0.47992
0.085945 0.037931 0.49083
0.067084 0.037914 0.5025
0.082265 0.037926 0.51964
0.074644 0.03791 0.53646
0.069931 0.037898 0.56473
0.079749 0.037905 0.56245
0.071687 0.037896 0.57089
0.067581 0.037888 0.59948
0.082654 0.037907 0.57125
0.085289 0.037901 0.59501
0.072195 0.037881 0.62928
0.08681 0.037897 0.61268
0.091593 0.037893 0.62216
0.071042 0.037873 0.64232
0.089812 0.037866 0.66562
0.066715 0.037842 0.68191
0.083585 0.037861 0.67451
0.086803 0.037841 0.69405
0.074738 0.037811 0.71171
0.066577 0.037787 0.73248
0.089039 0.037808 0.72432
0.069981 0.037776 0.74505
0.074869 0.037768 0.7573
0.086412 0.037788 0.74129
0.083671 0.037768 0.7621
0.070432 0.037754 0.77311
0.072153 0.037731 0.7988
0.092699 0.037752 0.78475
0.071619 0.037715 0.81563
0.079349 0.03771 0.82308
0.09173 0.037731 0.80668
0.089102 0.037709 0.83204
0.074004 0.037698 0.84192
0.07397 0.037685 0.86129
0.089098 0.037687 0.86518
0.076155 0.03767 0.88234
0.087741 0.03768 0.87345
0.084614 0.037669 0.89005
0.07097 0.037665 0.90953
0.076522 0.037641 0.93077
0.088346 0.037669 0.90252
0.071014 0.037614 0.93856
0.085527 0.037629 0.94728
0.11019 0.037656 0.03905
0.10562 0.037657 0.057478
0.12613 0.037663 0.037893
0.1216 0.037661 0.052279
0.10241 0.037659 0.068512
0.10673 0.037668 0.094526
0.12369 0.037676 0.096676
0.10511 0.037671 0.11052
0.11308 0.037683 0.12885
0.12454 0.037681 0.11839
0.10686 0.037688 0.14131
0.10185 0.037696 0.15599
0.12562 0.037707 0.15582
0.1067 0.037706 0.17285
0.1053 0.037717 0.18757
0.12637 0.037714 0.16681
0.11744 0.037728 0.19359
0.11126 0.037747 0.21668
0.11626 0.037734 0.20084
0.11507 0.037759 0.22701
0.10403 0.037764 0.23827
0.098897 0.037778 0.25603
0.11862 0.037771 0.23732
0.10422 0.037796 0.27349
0.10366 0.037805 0.28618
0.11749 0.037803 0.27696
0.12515 0.037808 0.28335
0.10383 0.037816 0.30371
0.10415 0.037833 0.32612
0.12419 0.037826 0.30881
0.11303 0.037826 0.31774
0.10103 0.037841 0.33395
0.10187 0.037863 0.35857
0.11193 0.037863 0.35341
0.096365 0.037867 0.36566
0.11234 0.037881 0.36988
0.11776 0.037911 0.39364
0.099315 0.037897 0.39852
0.098806 0.037917 0.42553
0.10907 0.037923 0.42571
0.095101 0.037923 0.43795
0.095904 0.03793 0.44989
0.10946 0.037935 0.44447
0.11107 0.037942 0.45696
0.095238 0.037932 0.47069
0.10299 0.037935 0.48724
0.11207 0.037947 0.47204
0.11744 0.037955 0.48925
0.09947 0.037931 0.50339
0.09522 0.037928 0.52532
0.11443 0.037944 0.52571
0.10086 0.03793 0.53807
0.096829 0.037925 0.55967
0.11638 0.037946 0.54351
0.095208 0.037914 0.58246
0.097297 0.037909 0.59555
0.11355 0.037938 0.57637
0.11514 0.037918 0.60162
0.10481 0.037894 0.61715
0.10501 0.037887 0.62704
0.12084 0.037887 0.63251
0.10241 0.037874 0.64596
0.10221 0.037866 0.65891
0.11486 0.03788 0.64079
0.11235 0.037858 0.66773
0.10145 0.037849 0.6841
0.11784 0.037851 0.68409
0.10497 0.037819 0.72915
0.12283 0.037841 0.70793
0.12461 0.037818 0.73525
0.099696 0.037801 0.73995
0.10378 0.037785 0.75634
0.11794 0.037783 0.76475
0.10547 0.037765 0.77547
0.12583 0.037767 0.77972
0.116 0.037753 0.79159
0.10777 0.037721 0.82992
0.11618 0.037744 0.80541
0.11973 0.037723 0.834
0.10917 0.037713 0.83977
0.1248 0.037717 0.84323
0.12478 0.037706 0.85673
0.10786 0.037687 0.87621
0.11163 0.037681 0.8927
0.12778 0.037694 0.88309
0.12147 0.037684 0.89758
0.10277 0.037673 0.90979
0.12088 0.037679 0.91216
0.1194 0.037654 0.92537
0.10448 0.037628 0.93841
0.12912 0.037594 0.94645
0.12763 0.033396 0.96457
0.14125 0.037673 0.039788
0.15656 0.037681 0.035263
0.15816 0.037683 0.053304
0.13386 0.037675 0.076268
0.13901 0.037681 0.095407
0.15184 0.037682 0.071921
0.15602 0.037688 0.090405
0.13854 0.037683 0.10644
0.14004 0.037687 0.11774
0.15051 0.03769 0.11096
0.15469 0.037695 0.11646
0.13325 0.037699 0.13775
0.13391 0.037715 0.15935
0.15812 0.037724 0.15261
0.1322 0.037726 0.17812
0.15566 0.037738 0.17222
0.15421 0.037746 0.1838
0.13412 0.037749 0.20516
0.13942 0.037768 0.22482
0.1564 0.037761 0.20598
0.13247 0.037776 0.23751
0.14168 0.03779 0.25262
0.14794 0.037777 0.23028
0.15451 0.037799 0.25834
0.13411 0.037797 0.267
0.1329 0.037813 0.28886
0.15162 0.037803 0.26631
0.14783 0.037817 0.2852
0.13986 0.037828 0.3025
0.12801 0.037832 0.31372
0.15274 0.03783 0.2963
0.14445 0.037849 0.31961
0.12971 0.037861 0.34205
0.13814 0.03787 0.34852
0.14869 0.037863 0.32999
0.13466 0.037893 0.37303
0.12922 0.037901 0.38207
0.15077 0.037903 0.37531
0.12514 0.037936 0.42082
0.1381 0.037942 0.42411
0.13164 0.037944 0.43996
0.1253 0.037949 0.45395
0.14266 0.037953 0.44246
0.14093 0.037957 0.45239
0.126 0.037956 0.46966
0.12438 0.037958 0.48653
0.14243 0.037974 0.47199
0.13242 0.037941 0.51021
0.13179 0.037933 0.52464
0.14767 0.037961 0.50177
0.12621 0.037933 0.54611
0.13254 0.037918 0.56818
0.13917 0.037923 0.55074
0.14791 0.037935 0.55549
0.13347 0.03791 0.58455
0.12902 0.037909 0.59721
0.1474 0.037912 0.58479
0.14655 0.037907 0.59705
0.12866 0.037898 0.61421
0.13148 0.037886 0.63169
0.14879 0.037899 0.61939
0.14459 0.037893 0.62945
0.13504 0.037866 0.66289
0.15297 0.037884 0.64867
0.14412 0.037871 0.66445
0.13283 0.037857 0.67587
0.13879 0.037843 0.69636
0.14263 0.037857 0.67989
0.1454 0.03784 0.70401
0.12814 0.03784 0.70719
0.13944 0.037814 0.73506
0.14974 0.037839 0.71053
0.146 0.037814 0.73505
0.13973 0.037801 0.7504
0.13401 0.037783 0.76751
0.15153 0.037812 0.74165
0.15537 0.037798 0.75801
0.13729 0.037759 0.79426
0.15008 0.03778 0.77802
0.15186 0.037764 0.80012
0.14278 0.037753 0.8081
0.14052 0.037736 0.82905
0.16076 0.037759 0.81589
0.15351 0.037742 0.8296
0.13894 0.037718 0.848
0.14555 0.037712 0.86304
0.1582 0.037728 0.84712
0.15849 0.03772 0.8625
0.13589 0.037701 0.87709
0.15552 0.037711 0.88145
0.15411 0.037704 0.89807
0.13423 0.037687 0.90919
0.13927 0.037649 0.92847
0.15626 0.0377 0.91139
0.15397 0.037665 0.9255
0.13563 0.035442 0.9526
0.15773 0.037608 0.94088
0.15752 0.03349 0.96146
0.17013 0.037688 0.0448
0.17691 0.037694 0.06107
0.18616 0.037697 0.045466
0.18517 0.037698 0.054995
0.16975 0.037693 0.076181
0.17337 0.0377 0.091777
0.18858 0.037705 0.077603
0.18817 0.037711 0.092735
0.16869 0.037702 0.1057
0.17251 0.037715 0.12838
0.1828 0.037714 0.10699
0.18953 0.037724 0.11747
0.17088 0.03772 0.14025
0.17727 0.03773 0.15332
0.18543 0.037732 0.14455
0.18962 0.03774 0.14962
0.17605 0.037756 0.19246
0.18794 0.03775 0.17109
0.18308 0.037758 0.18767
0.17142 0.037777 0.22545
0.18408 0.037766 0.20025
0.1828 0.037778 0.21845
0.16889 0.037787 0.23782
0.17053 0.037801 0.25572
0.1823 0.037803 0.24723
0.18292 0.037812 0.26835
0.17809 0.037826 0.28661
0.16102 0.03783 0.29531
0.16653 0.037849 0.31217
0.17958 0.037846 0.30607
0.18134 0.037859 0.32265
0.15867 0.037866 0.33972
0.16104 0.037869 0.34652
0.17503 0.037861 0.33456
0.17759 0.03787 0.34398
0.16608 0.037882 0.36907
0.17548 0.037883 0.37167
0.17186 0.037884 0.38886
0.16031 0.037906 0.42422
0.17901 0.037882 0.40066
0.17864 0.037889 0.41977
0.1599 0.037917 0.43731
0.16051 0.037928 0.45244
0.1745 0.037906 0.43365
0.16814 0.037927 0.45887
0.15668 0.037957 0.48699
0.16911 0.037951 0.47778
0.17166 0.037958 0.48616
0.15557 0.037947 0.50285
0.1555 0.037936 0.53105
0.17323 0.037949 0.50894
0.17107 0.037945 0.53098
0.1559 0.037936 0.54632
0.16751 0.037929 0.56417
0.16342 0.037905 0.58131
0.15501 0.037903 0.59411
0.17502 0.037915 0.58764
0.17015 0.037893 0.59981
0.16385 0.037886 0.61101
0.15865 0.037885 0.63237
0.17109 0.037887 0.60935
0.1716 0.037879 0.62841
0.15942 0.037882 0.65086
0.16154 0.037878 0.66084
0.18293 0.037902 0.65578
0.18372 0.037895 0.66741
0.1621 0.037868 0.67875
0.16156 0.037857 0.69453
0.17403 0.037875 0.67701
0.1775 0.037868 0.69697
0.16832 0.037841 0.72162
0.16555 0.037826 0.73308
0.1777 0.037859 0.70982
0.17931 0.037829 0.73826
0.17243 0.037807 0.75231
0.16601 0.0378 0.75971
0.18091 0.037814 0.75191
0.16626 0.037782 0.79414
0.18561 0.03781 0.77491
0.18577 0.037793 0.80093
0.1717 0.037773 0.80876
0.18474 0.037777 0.81669
0.18669 0.037763 0.83123
0.17682 0.037745 0.84124
0.16825 0.037727 0.85734
0.18583 0.037746 0.84821
0.18409 0.037739 0.85511
0.16671 0.03772 0.87628
0.16682 0.037714 0.89247
0.19202 0.037736 0.87156
0.19153 0.037728 0.89077
0.1691 0.03766 0.9293
0.18404 0.037664 0.93039
0.17879 0.034887 0.95368
0.18573 0.037628 0.93873
0.19093 0.034081 0.95618
0.2006 0.037709 0.044196
0.20873 0.037717 0.05823
0.22207 0.037728 0.034952
0.22015 0.037727 0.055976
0.20739 0.037717 0.06825
0.20403 0.03772 0.087837
0.22451 0.037732 0.070228
0.22094 0.037736 0.092332
0.20948 0.03773 0.099712
0.20322 0.037741 0.12552
0.22595 0.037745 0.10003
0.21756 0.037749 0.11988
0.20189 0.03775 0.14054
0.19684 0.037757 0.17169
0.20648 0.037774 0.18727
0.22285 0.037771 0.16989
0.2249 0.037772 0.18057
0.20153 0.037781 0.19795
0.21856 0.037791 0.19714
0.20568 0.037802 0.23496
0.21912 0.037815 0.22919
0.21554 0.037816 0.25267
0.19773 0.037804 0.26997
0.19275 0.03781 0.27837
0.21544 0.037814 0.26324
0.20826 0.037803 0.2818
0.19942 0.037815 0.30281
0.19653 0.037837 0.3227
0.20557 0.037812 0.31101
0.19013 0.037852 0.3287
0.19377 0.037858 0.35133
0.20565 0.037834 0.32758
0.21387 0.03785 0.34414
0.19671 0.037847 0.361
0.19324 0.037847 0.37899
0.2081 0.037844 0.35896
0.20071 0.037832 0.38542
0.19055 0.037861 0.40399
0.19877 0.037844 0.40048
0.18984 0.037885 0.42791
0.18127 0.037933 0.45548
0.20248 0.037887 0.42914
0.20183 0.03792 0.44818
0.18598 0.037949 0.46777
0.18823 0.037962 0.48909
0.19224 0.037958 0.47588
0.19601 0.037979 0.48957
0.18467 0.037957 0.51113
0.18657 0.037949 0.52493
0.18744 0.037941 0.54233
0.18854 0.037934 0.55696
0.1984 0.037938 0.55814
0.18714 0.037915 0.58772
0.18408 0.037914 0.59997
0.20247 0.037921 0.5861
0.20253 0.037921 0.59315
0.18509 0.037906 0.6126
0.1874 0.037905 0.63779
0.20957 0.037922 0.63904
0.18801 0.037903 0.6543
0.19696 0.0379 0.66125
0.20932 0.037919 0.64764
0.19789 0.037889 0.6795
0.19326 0.037869 0.70125
0.20833 0.037896 0.68132
0.20783 0.037871 0.70308
0.19285 0.037855 0.71481
0.19329 0.037836 0.73354
0.20908 0.037852 0.71724
0.21168 0.03784 0.72832
0.19796 0.037819 0.76495
0.21352 0.037836 0.75415
0.19782 0.037814 0.78605
0.20491 0.03781 0.79778
0.21498 0.037828 0.77789
0.20073 0.037774 0.83527
0.22277 0.037816 0.82048
0.21999 0.037795 0.83456
0.20154 0.037759 0.8492
0.20518 0.037749 0.86238
0.21866 0.037786 0.84084
0.22044 0.037762 0.86181
0.20446 0.037737 0.87747
0.20712 0.037733 0.89453
0.21714 0.037742 0.8792
0.22224 0.037741 0.8975
0.21153 0.037691 0.92795
0.22229 0.037744 0.91479
0.19985 0.037596 0.94711
0.21132 0.033444 0.96267
0.21922 0.037629 0.94297
0.21974 0.033887 0.95726
0.23252 0.037737 0.034957
0.23606 0.037742 0.060754
0.24968 0.037753 0.042209
0.25773 0.037761 0.055447
0.23772 0.037744 0.066755
0.23397 0.037743 0.083193
0.25354 0.037758 0.074458
0.25675 0.037763 0.083589
0.24299 0.037772 0.11635
0.25297 0.03777 0.099021
0.24814 0.037779 0.12276
0.23218 0.037775 0.14112
0.25122 0.037783 0.13533
0.25663 0.037789 0.15116
0.23171 0.037771 0.17174
0.24119 0.037778 0.18607
0.24883 0.037778 0.17124
0.25434 0.037788 0.18027
0.23392 0.037796 0.20518
0.2269 0.037815 0.22303
0.25037 0.037798 0.19968
0.22577 0.037822 0.23777
0.23222 0.037834 0.24302
0.23299 0.037835 0.26574
0.23098 0.037829 0.28556
0.25072 0.037842 0.274
0.24824 0.037824 0.29748
0.24413 0.03782 0.31227
0.22131 0.037829 0.34661
0.23965 0.037804 0.33344
0.24439 0.037798 0.35019
0.22404 0.037811 0.35814
0.23541 0.037789 0.36325
0.23056 0.037778 0.37786
0.21466 0.037837 0.39836
0.22318 0.037816 0.41168
0.23297 0.037788 0.39062
0.21758 0.037849 0.42641
0.21428 0.03789 0.44696
0.23321 0.037819 0.42928
0.22768 0.037859 0.44982
0.20798 0.037986 0.4733
0.22179 0.037937 0.46776
0.22665 0.038007 0.48418
0.21767 0.037968 0.50595
0.22228 0.037965 0.53417
0.21398 0.037959 0.55027
0.21048 0.037949 0.56876
0.21977 0.037916 0.59688
0.22849 0.037899 0.60474
0.22436 0.037883 0.61651
0.22265 0.037878 0.64287
0.2305 0.037864 0.6212
0.23595 0.037844 0.63912
0.21985 0.037884 0.65718
0.22798 0.037857 0.66793
0.23708 0.037839 0.66025
0.23869 0.037851 0.67469
0.22884 0.03787 0.69062
0.24702 0.037855 0.69999
0.23091 0.037838 0.7256
0.24183 0.037846 0.71737
0.2442 0.037834 0.73632
0.23145 0.037833 0.74844
0.22939 0.03783 0.76532
0.24598 0.037835 0.75443
0.25515 0.037834 0.77112
0.22731 0.037832 0.78477
0.23596 0.037831 0.7972
0.2511 0.037837 0.78003
0.2369 0.037829 0.81233
0.25442 0.037837 0.81454
0.24858 0.037822 0.83282
0.23901 0.037798 0.84781
0.2349 0.037775 0.86286
0.23377 0.037754 0.88055
0.23282 0.037747 0.88967
0.25531 0.037772 0.87936
0.24334 0.037754 0.91364
0.23423 0.037706 0.9293
0.24914 0.037758 0.90476
0.25801 0.037719 0.93155
0.24148 0.033497 0.96141
0.25331 0.037697 0.93686
0.27383 0.037775 0.055704
0.29393 0.03779 0.059975
0.27545 0.037776 0.078101
0.26859 0.037778 0.092563
0.29239 0.037789 0.072777
0.26941 0.037787 0.10697
0.28871 0.037798 0.10183
0.28368 0.037802 0.12013
0.26957 0.037791 0.1331
0.26651 0.037794 0.15325
0.29075 0.037802 0.13434
0.29181 0.037809 0.15362
0.26253 0.037793 0.16581
0.26733 0.037804 0.17815
0.28243 0.03783 0.18733
0.26943 0.037831 0.21012
0.28463 0.037831 0.19216
0.28153 0.037837 0.2165
0.26338 0.037827 0.25244
0.28126 0.037818 0.23041
0.28201 0.037813 0.24894
0.27632 0.03781 0.25675
0.2559 0.037801 0.29867
0.2579 0.037788 0.30772
0.28075 0.037741 0.3101
0.25316 0.037788 0.32721
0.25625 0.037767 0.34996
0.26636 0.037733 0.33257
0.26817 0.037735 0.34489
0.25423 0.037771 0.35607
0.25324 0.037756 0.37596
0.26897 0.03774 0.36585
0.24864 0.037769 0.39689
0.24451 0.037791 0.41248
0.26367 0.03773 0.40092
0.2573 0.037736 0.41688
0.23656 0.037875 0.45478
0.25458 0.037739 0.42533
0.26021 0.03774 0.44529
0.23335 0.037966 0.46979
0.23576 0.038007 0.48807
0.24912 0.038022 0.48319
0.23364 0.037989 0.51128
0.24529 0.037931 0.53777
0.23896 0.037935 0.54352
0.24314 0.03792 0.57583
0.24831 0.037894 0.55529
0.25865 0.037895 0.56713
0.2479 0.037899 0.58282
0.24445 0.037873 0.61025
0.2557 0.037868 0.58599
0.25789 0.03783 0.59931
0.25044 0.037824 0.62154
0.25181 0.037814 0.64054
0.26658 0.037754 0.63741
0.25511 0.037814 0.65887
0.2538 0.037835 0.67474
0.26754 0.037783 0.65942
0.2707 0.037805 0.67655
0.25373 0.037846 0.68312
0.2629 0.037808 0.70434
0.27738 0.037824 0.68627
0.27497 0.037789 0.71171
0.26208 0.037796 0.7248
0.26606 0.037792 0.7327
0.28375 0.037811 0.73754
0.27012 0.037837 0.75929
0.26698 0.037831 0.77516
0.28401 0.037847 0.75322
0.26153 0.037832 0.78234
0.27021 0.037824 0.80015
0.28701 0.037832 0.7882
0.28382 0.03783 0.80481
0.28613 0.037839 0.82117
0.27949 0.037832 0.83544
0.27274 0.037819 0.85175
0.29096 0.037828 0.84992
0.28359 0.037809 0.86398
0.26799 0.037776 0.88394
0.27788 0.037782 0.8961
0.28907 0.037792 0.88392
0.2824 0.037786 0.89722
0.29405 0.037795 0.9123
0.29177 0.037766 0.9279
0.27473 0.037668 0.94702
0.27753 0.034233 0.95579
0.29469 0.037741 0.93723
0.28302 0.033554 0.96047
0.30009 0.037792 0.044929
0.30347 0.037796 0.05755
0.32641 0.037804 0.043805
0.32745 0.037809 0.057286
0.30177 0.037797 0.077952
0.30565 0.037804 0.085106
0.32214 0.037811 0.068706
0.31786 0.037816 0.091281
0.3034 0.037809 0.10522
0.30095 0.037811 0.12228
0.32585 0.037824 0.10026
0.31604 0.037821 0.11981
0.29919 0.037804 0.1398
0.30204 0.037814 0.15058
0.31878 0.037815 0.13811
0.31944 0.037819 0.14701
0.29936 0.037823 0.17079
0.30174 0.037832 0.18456
0.31929 0.037826 0.16468
0.30172 0.037823 0.21282
0.32245 0.037824 0.19863
0.32072 0.037823 0.2065
0.29198 0.037803 0.23308
0.29799 0.037793 0.24302
0.30759 0.037781 0.24724
0.29633 0.037782 0.25578
0.28964 0.037766 0.27845
0.30583 0.037768 0.25509
0.31065 0.037734 0.27182
0.28873 0.037727 0.2972
0.28786 0.037723 0.30609
0.30499 0.03769 0.29708
0.3049 0.037682 0.30438
0.29129 0.0377 0.32201
0.28056 0.037723 0.34609
0.30308 0.03765 0.3282
0.30862 0.037631 0.34298
0.2847 0.037713 0.35079
0.27744 0.037733 0.37984
0.29482 0.037677 0.35921
0.30066 0.037708 0.37322
0.27473 0.037711 0.39885
0.2817 0.037663 0.40793
0.28994 0.037655 0.39443
0.29261 0.037632 0.41046
0.27259 0.037679 0.4301
0.26557 0.037745 0.45079
0.29073 0.037613 0.42654
0.29069 0.037612 0.43898
0.26228 0.038007 0.48061
0.2748 0.03785 0.467
0.26546 0.038006 0.4915
0.26042 0.038048 0.50552
0.25508 0.038048 0.52396
0.27132 0.038104 0.50772
0.2691 0.037898 0.54614
0.2786 0.03782 0.57207
0.26866 0.03782 0.58829
0.29521 0.037647 0.60695
0.27544 0.037733 0.62918
0.27986 0.037739 0.64314
0.30372 0.037694 0.64344
0.30333 0.03777 0.67101
0.30681 0.037819 0.68569
0.31398 0.037839 0.7162
0.31607 0.037843 0.73406
0.31015 0.03786 0.74439
0.29596 0.037855 0.75139
0.3032 0.037845 0.77053
0.31408 0.03785 0.75971
0.31306 0.037849 0.77602
0.30419 0.037849 0.78924
0.29719 0.037835 0.80157
0.31147 0.037851 0.79373
0.31265 0.03784 0.80911
0.29637 0.037837 0.81416
0.31593 0.037828 0.83468
0.29972 0.03783 0.84756
0.30674 0.037819 0.86424
0.30007 0.037797 0.8864
0.30799 0.0378 0.89397
0.31943 0.03782 0.87653
0.31827 0.037805 0.90028
0.30178 0.037797 0.91555
0.3113 0.037784 0.93095
0.32769 0.037809 0.9092
0.31899 0.037793 0.92511
0.30311 0.03774 0.94647
0.3214 0.037764 0.94399
0.33784 0.037809 0.040364
0.33682 0.037813 0.054788
0.36158 0.037826 0.040407
0.3509 0.037818 0.050628
0.33698 0.037823 0.071789
0.3363 0.037831 0.083644
0.35183 0.037843 0.081395
0.33796 0.037833 0.10148
0.33255 0.037832 0.11817
0.3525 0.037842 0.11688
0.335 0.037825 0.13422
0.33886 0.037827 0.1459
0.35123 0.037831 0.13566
0.35769 0.037834 0.14363
0.33886 0.037826 0.16285
0.33854 0.037826 0.17315
0.34613 0.037829 0.15856
0.35069 0.037831 0.17262
0.33034 0.03783 0.19194
0.32783 0.037827 0.2113
0.34603 0.037834 0.19074
0.33431 0.037805 0.22337
0.32831 0.037769 0.246
0.34472 0.037803 0.22525
0.35082 0.037782 0.23982
0.33335 0.037703 0.26168
0.33054 0.037685 0.27197
0.34827 0.037724 0.25777
0.34062 0.037677 0.2666
0.32321 0.037681 0.28684
0.32327 0.037657 0.30966
0.33968 0.037648 0.28565
0.33416 0.037613 0.30916
0.32746 0.037638 0.3168
0.31713 0.037613 0.33647
0.33255 0.03763 0.32612
0.34273 0.037897 0.35338
0.33397 0.037713 0.3684
0.30872 0.037624 0.39212
0.30556 0.037601 0.40976
0.32042 0.037594 0.38317
0.30598 0.037602 0.42478
0.3182 0.037547 0.41993
0.28264 0.037883 0.46844
0.28012 0.038057 0.49432
0.2925 0.038053 0.48748
0.28146 0.038095 0.50665
0.28467 0.038089 0.50736
0.29872 0.038027 0.54031
0.29139 0.037793 0.57814
0.30249 0.037899 0.55521
0.30706 0.037672 0.57697
0.30996 0.037547 0.60177
0.30535 0.037615 0.61993
0.30733 0.037629 0.62845
0.31409 0.037672 0.64796
0.32829 0.037543 0.62874
0.33465 0.037588 0.6465
0.32346 0.037706 0.67355
0.3142 0.037801 0.68692
0.3362 0.037655 0.67013
0.33303 0.037704 0.68533
0.32059 0.037805 0.71228
0.33696 0.037717 0.69754
0.34534 0.037747 0.72007
0.32043 0.037835 0.72846
0.32961 0.037799 0.74113
0.3444 0.037768 0.73106
0.34006 0.037787 0.75075
0.32984 0.037812 0.75592
0.3327 0.03783 0.78064
0.34381 0.037777 0.7617
0.34777 0.037805 0.77733
0.34691 0.037844 0.79249
0.34909 0.037844 0.81246
0.34091 0.037838 0.82388
0.33028 0.03783 0.83025
0.35093 0.03784 0.83467
0.34169 0.037848 0.85094
0.33991 0.037839 0.86641
0.35868 0.037846 0.84591
0.35849 0.037842 0.86783
0.33466 0.037831 0.88353
0.33836 0.037823 0.89659
0.35138 0.037835 0.89197
0.34386 0.037815 0.91292
0.33733 0.03778 0.92917
0.35167 0.037817 0.91585
0.35176 0.037788 0.92652
0.34365 0.037741 0.9399
0.33545 0.033707 0.95885
0.35867 0.037748 0.93978
0.35076 0.033444 0.96283
0.36847 0.037833 0.035011
0.3782 0.037847 0.054569
0.38719 0.037849 0.040392
0.38816 0.03786 0.06776
0.39169 0.037864 0.087722
0.36745 0.037844 0.099721
0.37764 0.037835 0.11148
0.39056 0.037849 0.10256
0.38511 0.037838 0.11074
0.36598 0.037834 0.13788
0.36687 0.037844 0.15047
0.39004 0.037845 0.13136
0.37312 0.037846 0.15972
0.36738 0.037843 0.17126
0.38783 0.037859 0.18048
0.36751 0.037845 0.18862
0.37005 0.03783 0.20401
0.38247 0.037838 0.19279
0.38183 0.037828 0.20187
0.36392 0.037788 0.22749
0.36069 0.037781 0.23884
0.38839 0.037812 0.21853
0.38365 0.037783 0.24038
0.35875 0.037748 0.25358
0.35702 0.037684 0.27566
0.38269 0.037732 0.25633
0.37015 0.037706 0.27154
0.36205 0.037605 0.29746
0.37635 0.037675 0.28359
0.3745 0.037644 0.29316
0.34978 0.037573 0.31516
0.35375 0.037762 0.33709
0.34623 0.037907 0.36015
0.3643 0.03782 0.34484
0.34478 0.037683 0.37693
0.35197 0.037739 0.37321
0.34692 0.037499 0.39037
0.33344 0.037542 0.42598
0.33021 0.037576 0.43978
0.34186 0.037436 0.41518
0.33483 0.037561 0.44581
0.30671 0.037892 0.46879
0.3093 0.038041 0.48594
0.29492 0.038263 0.51684
0.31105 0.037845 0.54861
0.30343 0.038266 0.51366
0.31617 0.03779 0.55015
0.32316 0.037623 0.56975
0.3238 0.03754 0.58343
0.33017 0.037495 0.60382
0.3345 0.037504 0.6232
0.34415 0.037388 0.59813
0.35532 0.037511 0.62717
0.34074 0.037558 0.64397
0.34179 0.037588 0.65287
0.35408 0.037516 0.64511
0.36116 0.037534 0.65742
0.34396 0.037627 0.67226
0.34916 0.037663 0.69272
0.37222 0.03755 0.67441
0.37529 0.037548 0.68552
0.35143 0.03767 0.70416
0.368 0.037624 0.69888
0.37587 0.037689 0.7202
0.37032 0.037768 0.75005
0.38507 0.037708 0.73353
0.37981 0.037763 0.7515
0.3688 0.037771 0.76873
0.36017 0.037786 0.77365
0.37692 0.037774 0.76633
0.37406 0.037817 0.79527
0.37226 0.037836 0.81167
0.3807 0.037814 0.79112
0.37204 0.03785 0.82051
0.36621 0.037843 0.83991
0.36966 0.037845 0.84734
0.36882 0.037838 0.8635
0.38401 0.037844 0.84805
0.38625 0.037842 0.87121
0.37202 0.037846 0.8818
0.36786 0.037834 0.89937
0.39002 0.037837 0.903
0.37209 0.037827 0.91305
0.37919 0.037795 0.93071
0.38556 0.037833 0.91268
0.3929 0.037796 0.93328
0.37643 0.037758 0.94315
0.37056 0.034628 0.95479
0.38949 0.037766 0.94391
0.39575 0.034346 0.95563
0.41238 0.037869 0.036351
0.41805 0.037872 0.040655
0.41903 0.03787 0.061339
0.40234 0.037866 0.076462
0.42425 0.037866 0.069305
0.42921 0.037867 0.088318
0.41153 0.037864 0.1006
0.4015 0.037854 0.11124
0.41903 0.037867 0.098404
0.41825 0.037875 0.11744
0.40756 0.03786 0.13529
0.40198 0.037864 0.15051
0.42257 0.03787 0.14167
0.40519 0.037857 0.15866
0.40324 0.037859 0.1777
0.41637 0.037853 0.16388
0.41849 0.03785 0.17004
0.40615 0.037829 0.20969
0.41955 0.037827 0.19107
0.42461 0.037811 0.19738
0.39152 0.037799 0.22338
0.40182 0.037802 0.2392
0.42335 0.037822 0.21383
0.39935 0.037748 0.25337
0.3947 0.037716 0.26201
0.41814 0.037739 0.26312
0.39914 0.037659 0.28202
0.38899 0.037643 0.29481
0.41432 0.037714 0.27068
0.40807 0.037637 0.28634
0.38727 0.037596 0.3125
0.38895 0.037572 0.32574
0.40898 0.037624 0.30345
0.39682 0.037581 0.32779
0.37133 0.037805 0.35457
0.40206 0.037594 0.33357
0.36101 0.037781 0.36939
0.35867 0.037444 0.39162
0.38336 0.037592 0.36595
0.37483 0.037416 0.38136
0.3603 0.037244 0.41389
0.35513 0.037306 0.43303
0.37221 0.037324 0.39465
0.33991 0.037545 0.45706
0.31427 0.037879 0.48627
0.35494 0.03704 0.45033
0.31872 0.037555 0.49684
0.31359 0.037887 0.50559
0.32057 0.037841 0.53906
0.319 0.037273 0.51232
0.33932 0.037534 0.54919
0.35042 0.037265 0.57209
0.36818 0.03717 0.58741
0.36386 0.03755 0.62168
0.38955 0.037482 0.64109
0.37217 0.037529 0.64568
0.38206 0.037506 0.66786
0.39255 0.037412 0.65235
0.38577 0.037483 0.67757
0.39369 0.037469 0.68987
0.40159 0.037386 0.67684
0.41317 0.037356 0.68807
0.38694 0.037597 0.70791
0.39504 0.037599 0.71662
0.41668 0.037497 0.70726
0.41891 0.037547 0.72189
0.40298 0.037652 0.73662
0.39793 0.037699 0.74774
0.41775 0.03763 0.74643
0.39888 0.037754 0.77598
0.4181 0.037693 0.76573
0.41277 0.03775 0.77967
0.40462 0.037785 0.79436
0.39724 0.037815 0.81182
0.42277 0.037765 0.79615
0.42655 0.037786 0.81045
0.41052 0.037818 0.82876
0.428 0.037807 0.82205
0.41538 0.037827 0.83669
0.40091 0.037852 0.84929
0.42156 0.037849 0.8692
0.41051 0.037839 0.88655
0.40613 0.037839 0.90271
0.42562 0.037835 0.88712
0.42037 0.037834 0.89511
0.40788 0.037842 0.91201
0.40617 0.037805 0.93268
0.42568 0.037818 0.93067
0.40089 0.037764 0.94644
0.4167 0.037789 0.94014
0.42655 0.033497 0.96162
0.43623 0.037875 0.040722
0.44213 0.03787 0.058733
0.45595 0.037879 0.043888
0.43613 0.037864 0.067978
0.43645 0.037865 0.086623
0.46396 0.037862 0.075858
0.45744 0.037868 0.090227
0.43235 0.037883 0.1121
0.46142 0.037874 0.096476
0.44306 0.037877 0.12986
0.4347 0.037873 0.14414
0.45211 0.037876 0.13156
0.46173 0.037882 0.145
0.4432 0.037862 0.15631
0.43937 0.037857 0.17506
0.4585 0.037859 0.16252
0.45542 0.037861 0.17775
0.44209 0.037831 0.1881
0.43595 0.03781 0.19872
0.44953 0.037819 0.20494
0.43177 0.037819 0.21729
0.42713 0.037815 0.2304
0.44657 0.037821 0.21553
0.42909 0.037819 0.2398
0.42826 0.03776 0.25357
0.45144 0.037793 0.2469
0.45472 0.037795 0.25764
0.42519 0.037744 0.26802
0.441 0.037744 0.27547
0.44846 0.03775 0.28719
0.42334 0.037646 0.30091
0.41894 0.037573 0.31619
0.44447 0.037735 0.2943
0.43884 0.037624 0.30694
0.41855 0.037587 0.32723
0.40762 0.03758 0.34848
0.44572 0.037644 0.32112
0.43639 0.037654 0.33405
0.42409 0.037489 0.3525
0.38176 0.03676 0.39587
0.37987 0.036461 0.41914
0.40832 0.036368 0.3728
0.39799 0.034893 0.3999
0.36287 0.036309 0.44211
0.33845 0.035706 0.4808
0.34908 0.0341 0.49546
0.32822 0.035893 0.52346
0.34729 0.036719 0.55027
0.33991 0.035233 0.53319
0.38214 0.035136 0.57373
0.38251 0.03627 0.59603
0.39407 0.03657 0.61312
0.39093 0.035625 0.59963
0.40298 0.036265 0.61558
0.40238 0.037426 0.62993
0.41266 0.037007 0.62494
0.42184 0.037131 0.64745
0.41323 0.037298 0.66402
0.43771 0.037211 0.65254
0.44694 0.037189 0.66407
0.42391 0.037277 0.68246
0.42323 0.037365 0.69186
0.44506 0.037245 0.68212
0.44315 0.037324 0.69042
0.42645 0.037465 0.71009
0.43649 0.037499 0.72311
0.4586 0.037392 0.72125
0.43385 0.037555 0.73723
0.44018 0.037615 0.75232
0.44995 0.037501 0.73558
0.45522 0.037585 0.75435
0.44332 0.03764 0.76229
0.43136 0.037725 0.78082
0.4568 0.037614 0.76671
0.45308 0.0377 0.7816
0.43625 0.037756 0.79404
0.43835 0.037788 0.81333
0.45137 0.037745 0.79741
0.46305 0.037779 0.81424
0.4407 0.037809 0.83412
0.45222 0.037792 0.8287
0.45219 0.037813 0.8371
0.44256 0.037853 0.84878
0.43552 0.037849 0.86934
0.46184 0.037842 0.84924
0.43795 0.037844 0.87856
0.43869 0.037834 0.89687
0.45139 0.037831 0.88823
0.45912 0.037838 0.90058
0.44547 0.037849 0.91829
0.44545 0.037826 0.92935
0.45882 0.037849 0.91895
0.45445 0.037817 0.9334
0.44257 0.037779 0.94874
0.46287 0.037785 0.94543
0.45869 0.033425 0.96351
0.39649 0.03692 0.4382
0.3696 0.037334 0.47357
0.36946 0.037239 0.53789
0.37634 0.035632 0.5111
0.481 0.037887 0.044801
0.47774 0.03788 0.06147
0.49596 0.037884 0.03847
0.4879 0.037883 0.059675
0.47032 0.037866 0.076287
0.47377 0.037873 0.087366
0.49207 0.037879 0.069675
0.49118 0.037879 0.088249
0.48093 0.037877 0.10364
0.47618 0.037882 0.10961
0.48554 0.037877 0.098343
0.49532 0.037888 0.11721
0.47404 0.037884 0.12769
0.49167 0.03789 0.14043
0.46841 0.037872 0.15863
0.47556 0.037876 0.17065
0.486 0.037886 0.15497
0.47642 0.03787 0.18488
0.47275 0.037847 0.2
0.48871 0.03788 0.18231
0.48864 0.037853 0.19737
0.46904 0.037836 0.21924
0.47563 0.037837 0.22404
0.48545 0.037864 0.21165
0.49155 0.037841 0.22232
0.46296 0.037805 0.24661
0.47654 0.03781 0.24945
0.49119 0.037824 0.24443
0.49632 0.03783 0.25649
0.46689 0.037804 0.27202
0.47046 0.037836 0.27945
0.48352 0.037847 0.2793
0.4627 0.037818 0.29539
0.46738 0.037945 0.30705
0.48433 0.037868 0.29505
0.48822 0.037992 0.30528
0.46515 0.037962 0.31587
0.46885 0.038082 0.32236
0.48958 0.038248 0.32187
0.45469 0.037459 0.34305
0.47734 0.037963 0.32994
0.47911 0.037276 0.33443
0.42506 0.035564 0.36965
0.42282 0.034347 0.38707
0.46829 0.035251 0.34723
0.47025 0.03415 0.35492
0.41752 0.033534 0.41627
0.45438 0.033354 0.50096
0.39456 0.033409 0.52368
0.39729 0.034104 0.58845
0.44427 0.03364 0.61343
0.4366 0.034939 0.62257
0.48586 0.033851 0.60684
0.49742 0.034848 0.62185
0.43935 0.036563 0.63156
0.45595 0.037094 0.64097
0.49203 0.036084 0.63265
0.50338 0.03674 0.64191
0.4594 0.037176 0.64967
0.4618 0.037129 0.66942
0.48284 0.036987 0.6514
0.49792 0.03699 0.66389
0.45925 0.037154 0.67461
0.46211 0.037206 0.68997
0.49882 0.03694 0.67431
0.47125 0.037235 0.69993
0.46948 0.037393 0.72531
0.48294 0.03718 0.70354
0.49068 0.037276 0.71737
0.47519 0.037479 0.74365
0.49082 0.037367 0.72814
0.49256 0.037477 0.74721
0.47577 0.03757 0.76349
0.47738 0.037635 0.77603
0.494 0.03755 0.76514
0.49566 0.037625 0.77627
0.47931 0.037717 0.78817
0.46996 0.03776 0.80828
0.4921 0.037766 0.81391
0.47882 0.037799 0.83999
0.49444 0.037771 0.82366
0.49208 0.037801 0.84256
0.4769 0.037833 0.85314
0.47914 0.037831 0.86822
0.48615 0.037826 0.86573
0.47592 0.037839 0.88259
0.47313 0.037834 0.89259
0.49438 0.037832 0.88747
0.46895 0.037821 0.93051
0.49112 0.037849 0.91355
0.48615 0.03781 0.93263
0.47575 0.037778 0.94613
0.47573 0.035251 0.95361
0.48721 0.037785 0.94037
0.47682 0.033797 0.42311
0.4056 0.033944 0.50965
0.44802 0.033722 0.51733
0.4696 0.033783 0.57247
0.4682 0.035591 0.38131
0.47709 0.036374 0.3685
0.40835 0.035511 0.43453
0.388 0.034848 0.47065
0.40858 0.036376 0.42121
0.39241 0.035914 0.45093
0.47776 0.034519 0.40526
0.43415 0.033882 0.45252
0.47544 0.035524 0.3796
0.44757 0.033663 0.49669
0.41344 0.034081 0.54167
0.36531 0.037319 0.53528
0.41897 0.036242 0.59656
0.49457 0.033762 0.56201
0.45012 0.035105 0.59603
0.4511 0.033729 0.54766
0.43152 0.035599 0.60317
0.42189 0.036104 0.6021
0.4791 0.036262 0.37027
0.42833 0.035868 0.4167
0.41412 0.034482 0.47792
0.44906 0.035256 0.41447
0.39606 0.034744 0.48647
0.45372 0.036551 0.39076
0.44166 0.034083 0.48119
0.46624 0.034665 0.41583
0.47152 0.034362 0.45907
0.38504 0.035853 0.54363
0.40349 0.035921 0.56434
0.38049 0.035459 0.50601
0.42784 0.034476 0.56571
0.43198 0.034008 0.5158
0.48267 0.033996 0.57263
0.46709 0.033898 0.50665
0.43943 0.034201 0.57138
0.42304 0.036061 0.60124
0.48298 0.036265 0.59358
0.45705 0.034181 0.44209
0.4745 0.034219 0.53327
0.50787 0.03788 0.044483
0.5262 0.037875 0.046418
0.52525 0.037878 0.05544
0.50713 0.03788 0.068579
0.5073 0.037884 0.084134
0.53064 0.037877 0.06516
0.52468 0.037883 0.084507
0.50262 0.037876 0.10057
0.5129 0.037876 0.11024
0.5287 0.037867 0.1029
0.52396 0.037868 0.109
0.51588 0.037886 0.12957
0.51355 0.037892 0.13929
0.52022 0.037884 0.12828
0.52175 0.037901 0.14867
0.51114 0.037892 0.15396
0.51613 0.037874 0.16697
0.53071 0.037871 0.16373
0.52032 0.037873 0.16766
0.51589 0.037858 0.18883
0.50251 0.037847 0.1951
0.53016 0.037855 0.18507
0.53329 0.037823 0.19593
0.51337 0.037861 0.21498
0.51162 0.037854 0.22701
0.52649 0.037844 0.21658
0.52273 0.037852 0.2292
0.50512 0.037819 0.25404
0.52809 0.03782 0.24254
0.52438 0.037796 0.24877
0.50581 0.037806 0.26497
0.51707 0.037772 0.27846
0.53566 0.0378 0.26423
0.53994 0.037802 0.27911
0.50501 0.037802 0.29136
0.54206 0.037836 0.29211
0.54601 0.037845 0.29828
0.49896 0.038176 0.31906
0.53098 0.038006 0.30738
0.55066 0.037947 0.32328
0.50656 0.037731 0.32395
0.50899 0.037362 0.32597
0.56393 0.037245 0.34509
0.53234 0.035452 0.33744
0.52185 0.034349 0.34485
0.5577 0.035361 0.35212
0.53601 0.034122 0.42165
0.51266 0.033392 0.43609
0.53075 0.033667 0.44608
0.54379 0.033409 0.47282
0.4894 0.033367 0.53118
0.52939 0.033536 0.60533
0.58029 0.033395 0.5575
0.59075 0.033981 0.60922
0.50952 0.03527 0.62793
0.55553 0.035003 0.62042
0.55122 0.035913 0.62986
0.53482 0.036502 0.63923
0.51007 0.037023 0.65763
0.52944 0.036923 0.6461
0.53911 0.036975 0.65896
0.51028 0.036933 0.67137
0.5171 0.036947 0.68397
0.53458 0.036955 0.67771
0.53852 0.037062 0.68698
0.51062 0.037143 0.70181
0.50352 0.037249 0.71504
0.52547 0.037157 0.69855
0.53718 0.037298 0.71406
0.50253 0.037407 0.73797
0.50932 0.03749 0.75082
0.52095 0.037501 0.75168
0.50788 0.037537 0.76364
0.50906 0.0376 0.77417
0.52824 0.037534 0.75697
0.52096 0.037612 0.77543
0.51563 0.037703 0.78817
0.50585 0.037746 0.80845
0.52844 0.03772 0.79735
0.53314 0.037744 0.80869
0.50746 0.037764 0.82437
0.51295 0.037767 0.83303
0.52512 0.037759 0.82802
0.5255 0.037781 0.83682
0.51135 0.037827 0.86306
0.5329 0.037828 0.86914
0.5096 0.03783 0.88479
0.5152 0.037828 0.89796
0.53126 0.037831 0.88386
0.5319 0.037833 0.90016
0.50186 0.037847 0.91886
0.52083 0.037845 0.91578
0.50426 0.035485 0.95319
0.52815 0.037718 0.94638
0.52601 0.033725 0.95872
0.49033 0.033852 0.50701
0.51748 0.033675 0.55812
0.49623 0.034255 0.39517
0.51206 0.033805 0.47942
0.53643 0.036155 0.40329
0.48421 0.033745 0.44131
0.54978 0.034722 0.51687
0.51835 0.035989 0.44848
0.57165 0.03573 0.5144
0.52599 0.033681 0.5321
0.50546 0.034502 0.58564
0.55773 0.033958 0.56251
0.53767 0.035854 0.59512
0.58449 0.034171 0.55504
0.57191 0.035278 0.60328
0.61767 0.03684 0.55176
0.60256 0.036742 0.58439
0.52187 0.035549 0.6032
0.51864 0.036068 0.37542
0.52194 0.035305 0.38888
0.48177 0.033765 0.48268
0.50532 0.03442 0.4203
0.50883 0.034358 0.45985
0.51733 0.036166 0.44836
0.55153 0.034934 0.49233
0.52773 0.034485 0.4829
0.5424 0.03401 0.53971
0.52506 0.035405 0.57575
0.51165 0.03423 0.51548
0.5204 0.034459 0.56798
0.60667 0.036423 0.56206
0.58945 0.035908 0.59391
0.57523 0.03505 0.53502
0.48944 0.034111 0.45064
0.50309 0.034163 0.46466
0.52223 0.034249 0.52325
0.54197 0.037874 0.052911
0.56437 0.037862 0.036462
0.56012 0.037867 0.061373
0.54429 0.037871 0.08886
0.55612 0.037869 0.069039
0.55691 0.037869 0.08522
0.54465 0.037854 0.10379
0.54924 0.037859 0.11863
0.55435 0.037849 0.10327
0.55456 0.037857 0.11889
0.54527 0.037868 0.12822
0.56534 0.037862 0.12987
0.5582 0.037876 0.14006
0.54878 0.037867 0.16136
0.56809 0.037862 0.15993
0.55105 0.037822 0.18797
0.5433 0.037816 0.20198
0.56957 0.037833 0.18645
0.56458 0.037814 0.20654
0.54857 0.03781 0.21245
0.55987 0.037811 0.21169
0.57434 0.037823 0.23582
0.55094 0.037784 0.24471
0.57391 0.037794 0.24942
0.57292 0.037788 0.25585
0.55206 0.037802 0.27693
0.57871 0.037778 0.27175
0.57508 0.037749 0.28048
0.56331 0.037833 0.29288
0.56412 0.037815 0.30754
0.57877 0.037678 0.30231
0.5858 0.037563 0.31795
0.55507 0.037897 0.31017
0.57175 0.037703 0.33743
0.58118 0.037588 0.32746
0.57144 0.037071 0.35756
0.58323 0.03677 0.38964
0.57747 0.036507 0.40178
0.54877 0.034703 0.4278
0.57946 0.036109 0.42196
0.56312 0.033892 0.45301
0.58378 0.033814 0.48498
0.61676 0.033768 0.5292
0.64121 0.035658 0.53931
0.63824 0.035941 0.57148
0.61285 0.035239 0.60923
0.58254 0.036329 0.6219
0.62469 0.035949 0.60284
0.62775 0.036557 0.61207
0.58781 0.036676 0.62624
0.6197 0.03695 0.63115
0.59456 0.036993 0.63931
0.57062 0.036863 0.64718
0.5487 0.036961 0.6597
0.58912 0.037128 0.66484
0.55552 0.03708 0.67388
0.55406 0.037205 0.69242
0.58123 0.037117 0.67021
0.54546 0.037225 0.6993
0.55325 0.037419 0.72124
0.57116 0.037331 0.7024
0.56057 0.037442 0.72156
0.5397 0.037453 0.73596
0.54151 0.037537 0.7504
0.56415 0.037495 0.72931
0.54193 0.037569 0.761
0.55599 0.037604 0.76867
0.56681 0.037679 0.78111
0.54042 0.037704 0.78847
0.54451 0.037748 0.8098
0.56711 0.037714 0.79744
0.56653 0.03776 0.81281
0.54981 0.037771 0.8199
0.5442 0.0378 0.84225
0.5567 0.037772 0.82188
0.55745 0.03779 0.83869
0.54103 0.037826 0.85884
0.55496 0.037823 0.85741
0.56171 0.037824 0.8712
0.5421 0.037829 0.89349
0.5574 0.037829 0.88825
0.56536 0.03783 0.89497
0.5473 0.037846 0.91325
0.53751 0.037788 0.93203
0.55983 0.037844 0.91609
0.55583 0.037792 0.9315
0.54422 0.037731 0.94556
0.54827 0.033567 0.96039
0.56397 0.037743 0.94284
0.55474 0.034973 0.95398
0.57705 0.035562 0.51932
0.59424 0.035713 0.53265
0.57707 0.037855 0.044337
0.5875 0.037849 0.040205
0.59571 0.037847 0.061142
0.57334 0.037856 0.091362
0.58999 0.037851 0.070849
0.59666 0.037846 0.090699
0.57271 0.037842 0.10593
0.57774 0.037851 0.11973
0.59543 0.037841 0.10081
0.58819 0.03784 0.11161
0.58417 0.037861 0.13638
0.60104 0.037848 0.13014
0.59599 0.037865 0.14617
0.5825 0.037849 0.16354
0.5755 0.037849 0.17232
0.59156 0.03784 0.16606
0.6022 0.037834 0.17244
0.57735 0.037821 0.2028
0.59817 0.037821 0.19575
0.58339 0.037817 0.21989
0.58363 0.037824 0.23571
0.60921 0.037806 0.21838
0.60106 0.037796 0.23634
0.59119 0.037815 0.24218
0.60179 0.037771 0.24939
0.60614 0.037733 0.26527
0.58481 0.037766 0.27191
0.59318 0.037669 0.2868
0.60909 0.037661 0.28383
0.60645 0.037611 0.29232
0.59305 0.037579 0.30688
0.61544 0.037423 0.32002
0.61816 0.03734 0.33366
0.5952 0.037381 0.33723
0.59839 0.036988 0.37202
0.61043 0.037151 0.3572
0.5953 0.036565 0.39969
0.59401 0.036473 0.41532
0.61668 0.036972 0.3955
0.58758 0.036536 0.42873
0.58412 0.036484 0.44968
0.59103 0.036649 0.43716
0.59069 0.036453 0.44704
0.59466 0.035937 0.47798
0.61694 0.036532 0.49936
0.59783 0.036231 0.46672
0.62056 0.036699 0.4966
0.64548 0.036819 0.53169
0.65062 0.037289 0.55295
0.64442 0.036886 0.52013
0.6548 0.037425 0.5567
0.64594 0.036889 0.57123
0.62868 0.036835 0.6176
0.65484 0.037316 0.56932
0.64728 0.037062 0.59767
0.6327 0.03731 0.6317
0.64107 0.037384 0.62605
0.63776 0.037665 0.64827
0.61549 0.037416 0.65775
0.60622 0.037296 0.66478
0.63356 0.037899 0.66924
0.59518 0.037227 0.67628
0.58661 0.037295 0.69406
0.6306 0.037778 0.68104
0.61077 0.037439 0.69272
0.59031 0.037387 0.70334
0.60209 0.037432 0.70074
0.59863 0.037528 0.71554
0.57628 0.037576 0.74618
0.59736 0.037618 0.74372
0.57684 0.03761 0.75722
0.60248 0.037659 0.76653
0.597 0.037706 0.78124
0.574 0.03773 0.80377
0.59518 0.037768 0.81188
0.58149 0.03777 0.81559
0.5795 0.037773 0.8315
0.59324 0.037779 0.82727
0.58018 0.037805 0.85411
0.59955 0.037802 0.85458
0.57487 0.037825 0.87946
0.59814 0.037825 0.90024
0.57462 0.037836 0.91462
0.59408 0.03783 0.91292
0.57456 0.03772 0.94833
0.57772 0.035419 0.95315
0.59216 0.037744 0.94407
0.58662 0.033424 0.96347
0.61111 0.037837 0.044585
0.61357 0.037836 0.060393
0.63138 0.037824 0.042062
0.63335 0.037823 0.052544
0.6171 0.037833 0.073002
0.60546 0.037844 0.084285
0.63386 0.037819 0.077255
0.62894 0.037826 0.08311
0.61314 0.037835 0.10682
0.61214 0.037842 0.12161
0.62466 0.037832 0.10082
0.63147 0.037835 0.11905
0.60645 0.037844 0.12587
0.61914 0.03784 0.15187
0.63187 0.03783 0.1286
0.63336 0.037823 0.14224
0.61231 0.037833 0.16259
0.62014 0.037826 0.17439
0.63291 0.037821 0.15871
0.62048 0.037808 0.19414
0.61561 0.03781 0.21046
0.6304 0.037797 0.19838
0.63195 0.037795 0.21017
0.61544 0.03775 0.23257
0.63289 0.037747 0.22757
0.63658 0.037729 0.23769
0.64075 0.037683 0.26131
0.6258 0.03753 0.2991
0.63712 0.037615 0.28528
0.64674 0.037458 0.31722
0.64047 0.037414 0.32339
0.64403 0.037244 0.35292
0.6222 0.037163 0.35829
0.62415 0.037139 0.38635
0.63475 0.037155 0.35957
0.63496 0.03727 0.38559
0.61218 0.036622 0.42169
0.62658 0.03669 0.41805
0.61262 0.036394 0.43534
0.60907 0.036177 0.46126
0.6225 0.036368 0.44233
0.62711 0.036409 0.44677
0.63088 0.036573 0.48881
0.63619 0.036536 0.47132
0.64928 0.036723 0.49366
0.65461 0.037011 0.5118
0.66245 0.037548 0.54747
0.66428 0.037064 0.5078
0.66957 0.037384 0.5366
0.66764 0.037545 0.56253
0.66406 0.037347 0.59113
0.67691 0.037566 0.56116
0.67184 0.037453 0.58428
0.6594 0.037416 0.61134
0.66708 0.037577 0.62079
0.64671 0.03798 0.66157
0.6618 0.037843 0.66015
0.63893 0.038055 0.68014
0.6264 0.03767 0.6928
0.64632 0.037857 0.69796
0.64679 0.037768 0.70576
0.61589 0.037667 0.72619
0.61289 0.037659 0.74264
0.63562 0.0377 0.74382
0.61681 0.037693 0.75972
0.61093 0.037689 0.77184
0.63179 0.037707 0.76167
0.6313 0.037709 0.76904
0.61426 0.037747 0.79508
0.6154 0.037756 0.80077
0.63147 0.037758 0.79404
0.63369 0.037768 0.80042
0.60713 0.037792 0.816
0.60962 0.0378 0.84201
0.63332 0.037808 0.81756
0.63651 0.03781 0.83836
0.61017 0.037804 0.84862
0.60536 0.037801 0.86227
0.62842 0.037808 0.85186
0.62583 0.037804 0.86484
0.61234 0.037814 0.87768
0.60683 0.037822 0.89658
0.62145 0.037817 0.88534
0.63135 0.037813 0.89413
0.60928 0.037828 0.91371
0.60986 0.037802 0.92965
0.62162 0.037799 0.93091
0.61144 0.037761 0.94681
0.62362 0.037775 0.93997
0.62955 0.033399 0.96455
0.64056 0.037816 0.046132
0.65546 0.037803 0.038073
0.65751 0.037802 0.062243
0.64808 0.037808 0.076757
0.64224 0.03782 0.092387
0.66523 0.037797 0.071714
0.66816 0.0378 0.08275
0.65825 0.037821 0.10574
0.65265 0.037805 0.15231
0.66206 0.037804 0.13549
0.66416 0.037797 0.15225
0.64848 0.037805 0.16073
0.65105 0.037805 0.18291
0.66366 0.03779 0.16795
0.66042 0.037791 0.17448
0.65113 0.037799 0.18946
0.64937 0.037786 0.20522
0.67077 0.037778 0.19294
0.67073 0.037768 0.20824
0.64732 0.037752 0.2265
0.65522 0.037721 0.24588
0.66826 0.037699 0.25084
0.65141 0.037669 0.26288
0.6519 0.037631 0.27903
0.67656 0.037639 0.26463
0.66739 0.037614 0.27443
0.65796 0.037533 0.29913
0.67342 0.037506 0.3197
0.65449 0.03745 0.32522
0.65431 0.037219 0.35705
0.67418 0.03745 0.33006
0.67407 0.037287 0.35466
0.64856 0.037175 0.38919
0.65809 0.037127 0.38484
0.65126 0.036872 0.41858
0.66302 0.036982 0.40685
0.66362 0.036942 0.4186
0.64439 0.036658 0.4398
0.6544 0.036668 0.45566
0.66802 0.03687 0.43921
0.65991 0.036747 0.4783
0.66253 0.03678 0.48627
0.67151 0.036862 0.47713
0.68139 0.037023 0.49361
0.67221 0.037041 0.50386
0.68041 0.037339 0.52716
0.68894 0.037221 0.50969
0.70057 0.037434 0.52879
0.69748 0.037585 0.55802
0.69789 0.037604 0.57849
0.68824 0.03764 0.59333
0.68861 0.037699 0.61693
0.70139 0.03777 0.61687
0.67667 0.037723 0.65239
0.69508 0.037766 0.63227
0.68242 0.037763 0.65611
0.66729 0.037914 0.67187
0.68766 0.037788 0.66872
0.66156 0.037696 0.71008
0.6685 0.037817 0.69298
0.66876 0.037716 0.70464
0.65315 0.037636 0.72545
0.64918 0.037693 0.74163
0.66691 0.03766 0.72912
0.6757 0.037721 0.74029
0.65438 0.037715 0.75132
0.64791 0.037729 0.76938
0.66792 0.037745 0.75705
0.66411 0.03774 0.76689
0.6425 0.037765 0.79157
0.6517 0.03778 0.80229
0.66114 0.037769 0.7859
0.66051 0.037788 0.80556
0.6509 0.03781 0.81844
0.64678 0.037813 0.83802
0.66756 0.037812 0.82079
0.66864 0.037814 0.83852
0.64811 0.037816 0.84495
0.64718 0.037811 0.86053
0.65797 0.037819 0.84911
0.66299 0.037808 0.86893
0.65064 0.037806 0.88583
0.65042 0.037804 0.89324
0.65738 0.037802 0.88672
0.66566 0.037798 0.89792
0.64624 0.037812 0.91157
0.63843 0.037781 0.92985
0.6652 0.0378 0.90652
0.66122 0.037793 0.92145
0.63712 0.03774 0.94343
0.64269 0.034737 0.95443
0.65822 0.037712 0.9413
0.66609 0.034359 0.95539
0.68262 0.03777 0.044507
0.68476 0.037769 0.050965
0.70116 0.037754 0.040301
0.69254 0.037768 0.058129
0.70027 0.03777 0.070369
0.69911 0.037783 0.089532
0.67317 0.03781 0.098656
0.6743 0.037817 0.11881
0.67861 0.037795 0.13536
0.68145 0.037785 0.15126
0.68517 0.037779 0.16303
0.69799 0.037773 0.16777
0.68646 0.037755 0.19858
0.67802 0.037758 0.20901
0.70155 0.03774 0.20565
0.69461 0.037737 0.21791
0.68426 0.037726 0.23134
0.6958 0.037708 0.23783
0.70211 0.037703 0.24293
0.6896 0.03759 0.27957
0.7056 0.03763 0.27042
0.69871 0.037598 0.27853
0.68689 0.037536 0.31572
0.70423 0.03756 0.30588
0.70405 0.037549 0.31263
0.69369 0.037444 0.33104
0.6871 0.037352 0.34493
0.70067 0.037411 0.34062
0.69684 0.03733 0.35474
0.68151 0.037193 0.36862
0.67764 0.037102 0.38105
0.70078 0.037274 0.37365
0.70109 0.037251 0.38369
0.68624 0.037096 0.40004
0.68267 0.037037 0.42263
0.69882 0.037201 0.40118
0.7072 0.037207 0.4189
0.68674 0.036981 0.4588
0.70614 0.037142 0.44156
0.69243 0.037064 0.47585
0.70335 0.037184 0.48891
0.7164 0.037258 0.47284
0.72161 0.037369 0.49364
0.70215 0.037347 0.51129
0.70612 0.037462 0.5302
0.7237 0.037503 0.5201
0.70854 0.037515 0.54109
0.71379 0.037616 0.57213
0.72348 0.03756 0.53865
0.72869 0.037682 0.5715
0.70938 0.037794 0.61833
0.72597 0.037703 0.58483
0.73169 0.037813 0.61051
0.71546 0.037797 0.62412
0.72236 0.03782 0.63248
0.72134 0.037812 0.64978
0.69937 0.037778 0.66818
0.69669 0.037765 0.67621
0.71397 0.037796 0.65939
0.71226 0.037781 0.67437
0.68696 0.037711 0.70965
0.70444 0.037733 0.70254
0.69152 0.037748 0.72652
0.68163 0.037736 0.73832
0.69841 0.037752 0.71783
0.68588 0.037776 0.76096
0.67844 0.037776 0.77599
0.70225 0.037787 0.75222
0.70517 0.037795 0.77257
0.68132 0.037789 0.7838
0.68272 0.037797 0.8014
0.69938 0.037799 0.7817
0.69232 0.037805 0.80811
0.67781 0.037811 0.81579
0.69133 0.03781 0.81342
0.69253 0.037812 0.83496
0.68384 0.037812 0.85495
0.69799 0.037812 0.84485
0.69029 0.037799 0.87027
0.68316 0.037798 0.87624
0.69364 0.037796 0.875
0.69365 0.037786 0.89788
0.68105 0.037793 0.91138
0.67147 0.037736 0.93251
0.69137 0.037722 0.93156
0.68219 0.037673 0.94363
0.68331 0.033419 0.96358
0.69715 0.033786 0.95804
0.71093 0.037747 0.037263
0.70995 0.037751 0.054001
0.72651 0.037735 0.042226
0.72919 0.037739 0.059936
0.71283 0.037761 0.074739
0.73022 0.037745 0.074298
0.71368 0.037767 0.098779
0.711 0.037774 0.12287
0.72903 0.037754 0.10975
0.73334 0.037755 0.12441
0.70991 0.037774 0.15285
0.73606 0.037755 0.1431
0.73423 0.037756 0.15502
0.71113 0.037769 0.17044
0.70959 0.037763 0.18672
0.72663 0.037761 0.16353
0.73621 0.037747 0.18169
0.71178 0.037754 0.19393
0.71193 0.037737 0.2122
0.7269 0.037738 0.20265
0.72036 0.037709 0.23845
0.73895 0.037706 0.24636
0.72476 0.037675 0.26168
0.72549 0.037642 0.28263
0.71519 0.037595 0.29873
0.723 0.037548 0.32197
0.74103 0.037627 0.30109
0.7305 0.037554 0.32362
0.72406 0.037524 0.32881
0.72298 0.037445 0.35251
0.73575 0.037552 0.33002
0.74066 0.037518 0.3528
0.72453 0.037388 0.37212
0.7138 0.037323 0.38319
0.73347 0.037454 0.36451
0.72996 0.037379 0.38833
0.71995 0.037291 0.4073
0.74088 0.037449 0.39752
0.7327 0.037357 0.41604
0.72495 0.037271 0.43056
0.72036 0.037247 0.45688
0.74113 0.037425 0.43726
0.73877 0.037402 0.45372
0.72841 0.037313 0.46582
0.73167 0.037378 0.48577
0.73508 0.037367 0.4635
0.74442 0.03749 0.48745
0.74418 0.037524 0.50495
0.7508 0.037591 0.52003
0.73813 0.037639 0.54839
0.75339 0.037664 0.54633
0.75806 0.037722 0.56875
0.74444 0.037795 0.60955
0.75829 0.037746 0.58258
0.75348 0.037776 0.59523
0.73517 0.037825 0.64485
0.74866 0.037831 0.61855
0.75118 0.037861 0.64477
0.73108 0.037819 0.66281
0.73401 0.037814 0.66938
0.74322 0.03784 0.65746
0.7434 0.037843 0.67613
0.72724 0.037792 0.69645
0.7219 0.037789 0.70516
0.7389 0.03783 0.68778
0.74075 0.037825 0.70152
0.72663 0.037809 0.72351
0.71382 0.037791 0.73667
0.73055 0.037809 0.73211
0.71628 0.037801 0.75227
0.71503 0.037797 0.76605
0.73709 0.037814 0.74906
0.73228 0.037804 0.76736
0.71848 0.037811 0.7846
0.70871 0.037806 0.80043
0.73016 0.037814 0.78307
0.71703 0.03781 0.82199
0.70743 0.03781 0.83347
0.72997 0.037809 0.81053
0.71925 0.037808 0.84225
0.70639 0.0378 0.86409
0.7256 0.037803 0.84223
0.71275 0.037784 0.88494
0.70669 0.037782 0.88952
0.72306 0.037785 0.87644
0.73465 0.037766 0.89858
0.70531 0.037781 0.91158
0.71638 0.037764 0.92037
0.73279 0.037766 0.90788
0.71142 0.03358 0.96004
0.73362 0.037644 0.94132
0.74042 0.037725 0.043217
0.74314 0.037727 0.056645
0.76277 0.037711 0.058032
0.7578 0.037722 0.075984
0.75579 0.037729 0.089458
0.76663 0.037724 0.10278
0.75697 0.037739 0.11562
0.74611 0.037746 0.14272
0.7425 0.03775 0.14824
0.7588 0.037736 0.13152
0.76713 0.037727 0.15468
0.74427 0.037742 0.16696
0.75038 0.037727 0.18985
0.75991 0.037725 0.17425
0.75886 0.037721 0.18857
0.75419 0.037717 0.20137
0.7493 0.037715 0.22482
0.76618 0.037711 0.21991
0.74916 0.037711 0.2379
0.77056 0.037709 0.23038
0.75468 0.037697 0.26248
0.74489 0.037673 0.27836
0.76855 0.037695 0.26671
0.75135 0.037623 0.32053
0.76229 0.037666 0.29613
0.76579 0.037649 0.31803
0.74885 0.037592 0.33266
0.74844 0.03754 0.35833
0.7666 0.037608 0.33953
0.77056 0.037599 0.35136
0.75797 0.037527 0.37325
0.75408 0.03751 0.38149
0.77404 0.037583 0.37016
0.7653 0.037535 0.38419
0.7524 0.037497 0.39657
0.75249 0.037485 0.42426
0.77162 0.037547 0.40675
0.75044 0.03748 0.43694
0.75259 0.037502 0.45653
0.77096 0.037547 0.43847
0.77503 0.037569 0.4497
0.76272 0.037532 0.46413
0.75679 0.037548 0.48382
0.77893 0.037605 0.47081
0.77852 0.037611 0.48162
0.77842 0.037643 0.50504
0.77436 0.037662 0.52923
0.76354 0.037681 0.54466
0.76467 0.03772 0.56471
0.77809 0.037706 0.54076
0.78585 0.037768 0.55733
0.77173 0.037751 0.58671
0.77648 0.037802 0.60499
0.78113 0.037825 0.61137
0.75702 0.037881 0.65736
0.75631 0.037881 0.67362
0.77565 0.037874 0.65496
0.75868 0.037886 0.68701
0.75449 0.037867 0.70595
0.77499 0.03787 0.6925
0.75661 0.037865 0.72401
0.75228 0.037837 0.74231
0.75101 0.037814 0.75889
0.7478 0.037812 0.76322
0.76574 0.037815 0.7646
0.7519 0.037824 0.78296
0.75 0.037814 0.80082
0.76063 0.037821 0.77799
0.75341 0.037797 0.81987
0.7524 0.037786 0.83683
0.76126 0.0378 0.81107
0.7664 0.03778 0.82834
0.74243 0.037778 0.86338
0.76027 0.037772 0.85125
0.74701 0.037768 0.8723
0.74252 0.037761 0.90021
0.75925 0.037754 0.88088
0.75843 0.037751 0.89525
0.74922 0.037756 0.90426
0.76442 0.037746 0.91086
0.75689 0.037697 0.92999
0.7393 0.03765 0.94022
0.74085 0.033784 0.95798
0.76535 0.033523 0.96086
0.7741 0.037699 0.043701
0.78246 0.037693 0.052071
0.79679 0.037683 0.047189
0.79986 0.037687 0.062772
0.77798 0.037704 0.067922
0.79239 0.037701 0.089175
0.78351 0.037708 0.11185
0.78289 0.037711 0.12707
0.794 0.0377 0.1087
0.79786 0.037701 0.12275
0.78416 0.037712 0.14156
0.78178 0.037716 0.1545
0.79077 0.037707 0.1348
0.79253 0.037712 0.15922
0.78232 0.037716 0.17411
0.80087 0.037711 0.16557
0.79065 0.037713 0.19221
0.78251 0.037712 0.20287
0.78577 0.037708 0.22382
0.79812 0.037711 0.20794
0.79452 0.037709 0.22304
0.77752 0.037708 0.2331
0.77769 0.037703 0.25813
0.79438 0.037707 0.23251
0.79506 0.037705 0.25011
0.79829 0.037699 0.27153
0.77771 0.03768 0.30792
0.7839 0.037675 0.3237
0.8048 0.037697 0.29694
0.79477 0.037685 0.31829
0.7848 0.037649 0.34039
0.78408 0.037627 0.35638
0.79423 0.037664 0.33339
0.7942 0.03764 0.35285
0.78711 0.037612 0.37191
0.7911 0.037602 0.38851
0.80348 0.037653 0.37084
0.80459 0.037648 0.38956
0.78994 0.037595 0.4034
0.78716 0.037591 0.41851
0.79733 0.037616 0.40087
0.80268 0.037637 0.42458
0.78758 0.037607 0.4398
0.80175 0.037645 0.4429
0.7998 0.037638 0.44743
0.78555 0.037622 0.46756
0.79194 0.03764 0.48423
0.80323 0.03766 0.46645
0.81145 0.037709 0.48994
0.79701 0.037681 0.51048
0.80538 0.0377 0.50702
0.81252 0.037757 0.52942
0.79056 0.037781 0.56133
0.80805 0.037753 0.53518
0.81098 0.037799 0.56402
0.79646 0.037793 0.58234
0.79401 0.037809 0.59371
0.8091 0.037807 0.58058
0.79915 0.03782 0.60842
0.80618 0.037824 0.61032
0.78676 0.037874 0.64768
0.78503 0.037875 0.66776
0.80726 0.037842 0.65184
0.8013 0.037851 0.67279
0.78434 0.037867 0.69165
0.78567 0.037861 0.69949
0.80588 0.037853 0.68834
0.80518 0.03785 0.69347
0.78867 0.03785 0.71795
0.77782 0.037835 0.7392
0.79385 0.037828 0.73933
0.78376 0.037826 0.74806
0.78622 0.03782 0.76959
0.8035 0.037824 0.74722
0.79975 0.037794 0.79857
0.77505 0.037779 0.82
0.78089 0.037767 0.83415
0.79155 0.037783 0.81018
0.80092 0.037758 0.8336
0.77938 0.037758 0.85602
0.7909 0.037756 0.84501
0.78056 0.037744 0.87938
0.77417 0.037742 0.89712
0.79751 0.037727 0.89367
0.779 0.037681 0.93185
0.79356 0.037725 0.91416
0.78315 0.037622 0.9482
0.77416 0.03343 0.96313
0.79258 0.03763 0.94182
0.79754 0.034057 0.95629
0.80419 0.037679 0.046505
0.80487 0.037681 0.053716
0.82997 0.037665 0.046726
0.83242 0.037664 0.051893
0.80445 0.037689 0.076193
0.80616 0.037691 0.091209
0.8293 0.03767 0.072336
0.82241 0.037679 0.088662
0.81142 0.037688 0.10333
0.81036 0.037693 0.1209
0.82157 0.037682 0.10637
0.8287 0.037685 0.12342
0.82894 0.037692 0.13827
0.82221 0.037704 0.17152
0.82239 0.037704 0.18309
0.81379 0.037712 0.20329
0.80752 0.037713 0.21846
0.8343 0.037705 0.20968
0.831 0.037709 0.21946
0.80882 0.03771 0.23382
0.81246 0.037708 0.25404
0.83333 0.037706 0.25457
0.82093 0.037697 0.27708
0.81646 0.037701 0.28572
0.83592 0.037706 0.2744
0.8296 0.037703 0.28971
0.82053 0.0377 0.29858
0.81563 0.037703 0.31484
0.83151 0.037706 0.30035
0.82553 0.037702 0.32432
0.81385 0.03769 0.33949
0.81863 0.037695 0.34926
0.82717 0.037701 0.34223
0.8143 0.03769 0.37381
0.81373 0.037682 0.39259
0.8361 0.037712 0.37478
0.81442 0.03768 0.40513
0.81564 0.037688 0.424
0.83181 0.037706 0.41954
0.81677 0.037701 0.43841
0.82583 0.037713 0.4509
0.8386 0.037724 0.4361
0.81952 0.037723 0.46902
0.81636 0.037729 0.49021
0.81698 0.037746 0.51024
0.82607 0.037759 0.51989
0.83658 0.03777 0.5203
0.8242 0.037807 0.55645
0.83292 0.037794 0.55244
0.8245 0.037837 0.6017
0.84257 0.037823 0.58031
0.83793 0.037829 0.5984
0.82633 0.037826 0.61815
0.82646 0.037821 0.63389
0.83959 0.037829 0.61198
0.83337 0.037821 0.6301
0.81854 0.037831 0.65287
0.81871 0.037834 0.65969
0.83307 0.037821 0.64146
0.82285 0.03784 0.67513
0.81474 0.037847 0.70491
0.83241 0.037833 0.69246
0.81657 0.037843 0.71609
0.83038 0.037829 0.71425
0.81208 0.037828 0.74217
0.81189 0.03781 0.76704
0.83709 0.037807 0.74508
0.83708 0.037797 0.75978
0.80846 0.037803 0.77987
0.81133 0.037782 0.80044
0.83512 0.037779 0.78241
0.82864 0.037771 0.79677
0.81368 0.037773 0.80953
0.82731 0.037749 0.82934
0.807 0.037746 0.84933
0.81309 0.037733 0.86165
0.83186 0.037734 0.84486
0.83111 0.037721 0.86362
0.81669 0.037722 0.87367
0.80606 0.03772 0.89225
0.82798 0.037711 0.88212
0.80759 0.037717 0.90705
0.80649 0.037695 0.92196
0.82024 0.037708 0.90809
0.80633 0.03762 0.93825
0.81375 0.033501 0.9612
0.8284 0.037558 0.94813
0.82198 0.033421 0.96342
0.84308 0.037657 0.044517
0.84004 0.03766 0.054462
0.86205 0.037648 0.044702
0.84616 0.037658 0.078278
0.84972 0.03766 0.090272
0.85299 0.037653 0.073578
0.85488 0.037656 0.088597
0.85664 0.037665 0.10682
0.85623 0.037671 0.12985
0.84137 0.037683 0.14418
0.84825 0.03768 0.15638
0.86036 0.037669 0.14001
0.85445 0.037673 0.14989
0.83977 0.037692 0.17795
0.84239 0.037694 0.18864
0.85888 0.037684 0.17834
0.86682 0.037688 0.19322
0.85137 0.037695 0.20536
0.8401 0.037704 0.22547
0.86245 0.037693 0.20747
0.85508 0.037698 0.22725
0.85034 0.037701 0.24108
0.85971 0.037701 0.24172
0.86195 0.037706 0.25223
0.85921 0.037713 0.27044
0.86161 0.037718 0.29082
0.84729 0.037718 0.30991
0.84129 0.037715 0.31902
0.8641 0.037718 0.30289
0.85941 0.037719 0.31535
0.84635 0.03772 0.34934
0.86143 0.037725 0.3375
0.86934 0.037732 0.35657
0.84979 0.037722 0.37555
0.85834 0.037722 0.37426
0.86692 0.037734 0.38702
0.85416 0.037733 0.40607
0.85575 0.037737 0.41914
0.8594 0.037731 0.40098
0.86874 0.037749 0.42672
0.84918 0.037741 0.4378
0.84454 0.037739 0.45299
0.86249 0.037746 0.44241
0.86746 0.037755 0.45736
0.84798 0.037755 0.47409
0.85254 0.037768 0.48906
0.85215 0.037792 0.51133
0.85829 0.037794 0.53054
0.87275 0.037795 0.52125
0.85505 0.037802 0.54124
0.85614 0.037805 0.55708
0.8714 0.037799 0.54176
0.86913 0.037801 0.55493
0.85762 0.037808 0.57725
0.85058 0.037832 0.59756
0.8705 0.037806 0.5758
0.86323 0.037813 0.59304
0.85759 0.037837 0.62405
0.86726 0.03782 0.60468
0.86145 0.037832 0.63477
0.85542 0.037828 0.66396
0.8704 0.037824 0.64271
0.86398 0.03782 0.66725
0.85349 0.037809 0.68402
0.84492 0.037817 0.69372
0.86559 0.037815 0.67595
0.86725 0.037806 0.70093
0.84555 0.037813 0.71181
0.85111 0.037801 0.72948
0.85935 0.037801 0.70782
0.85926 0.037793 0.73205
0.84817 0.037797 0.74224
0.84471 0.037784 0.76817
0.85986 0.037774 0.76357
0.84048 0.037764 0.79831
0.86314 0.037766 0.77415
0.86674 0.037751 0.79294
0.84325 0.037748 0.81767
0.86512 0.037742 0.80717
0.86177 0.03773 0.82441
0.84462 0.037726 0.84483
0.86118 0.037719 0.84043
0.86196 0.037708 0.85775
0.84658 0.037709 0.87647
0.84195 0.0377 0.89712
0.86047 0.037704 0.8706
0.84513 0.037683 0.91882
0.86387 0.037686 0.90549
0.85534 0.037668 0.92178
0.84946 0.037621 0.93565
0.84244 0.033543 0.96043
0.8626 0.037625 0.93517
0.8607 0.033418 0.96353
0.86967 0.037644 0.039031
0.87145 0.037644 0.06065
0.88612 0.037638 0.03984
0.88759 0.037637 0.051689
0.88105 0.037642 0.075888
0.88168 0.037645 0.091333
0.89608 0.037638 0.077998
0.89032 0.037641 0.085309
0.88113 0.037652 0.10781
0.88205 0.037657 0.12631
0.89032 0.037651 0.11756
0.87532 0.037662 0.13639
0.88274 0.037666 0.15635
0.894 0.037658 0.14613
0.88939 0.037666 0.1601
0.87751 0.037685 0.18844
0.89355 0.03767 0.16762
0.89783 0.037678 0.18733
0.87299 0.037689 0.20115
0.87847 0.037693 0.2168
0.89159 0.037686 0.20839
0.88764 0.037692 0.21941
0.87145 0.037702 0.23427
0.87516 0.037715 0.27154
0.87745 0.037717 0.28667
0.8992 0.037711 0.26634
0.8926 0.037717 0.28912
0.87396 0.037719 0.31141
0.88351 0.037723 0.31965
0.88986 0.037718 0.30014
0.8891 0.037721 0.31665
0.8811 0.037735 0.34187
0.89616 0.037735 0.33663
0.90105 0.037742 0.35039
0.88199 0.037748 0.37733
0.87515 0.037742 0.38506
0.89555 0.037749 0.3695
0.8988 0.037759 0.39042
0.878 0.037752 0.40528
0.88052 0.037758 0.41804
0.90037 0.037769 0.41145
0.89629 0.037767 0.41728
0.88722 0.037766 0.44007
0.89133 0.03777 0.4504
0.88669 0.037773 0.47984
0.88507 0.037783 0.495
0.89133 0.03778 0.49324
0.87675 0.037787 0.50497
0.88413 0.0378 0.53029
0.8944 0.037794 0.51321
0.89613 0.037801 0.52626
0.88089 0.037802 0.54055
0.89588 0.037804 0.53858
0.89992 0.037812 0.55305
0.88532 0.037809 0.57563
0.88295 0.037815 0.59878
0.89669 0.037809 0.57596
0.89351 0.037811 0.59948
0.88197 0.037817 0.60723
0.88651 0.037812 0.63307
0.89301 0.037812 0.61067
0.89228 0.037811 0.62809
0.88452 0.037809 0.65096
0.89327 0.037808 0.64852
0.89591 0.037811 0.6607
0.87673 0.037821 0.67733
0.90102 0.037799 0.69928
0.87528 0.037801 0.71532
0.88333 0.037787 0.73214
0.89778 0.037798 0.70572
0.89305 0.037787 0.72467
0.87609 0.037778 0.74732
0.8743 0.037765 0.76668
0.88958 0.037773 0.74495
0.89942 0.03775 0.76531
0.87634 0.037753 0.7818
0.88008 0.037739 0.79831
0.89164 0.037737 0.78903
0.87288 0.03773 0.81652
0.87875 0.03772 0.82542
0.89046 0.037727 0.80556
0.8778 0.03771 0.84094
0.88217 0.037696 0.86383
0.89533 0.037702 0.83981
0.88706 0.037695 0.85894
0.87515 0.037688 0.89115
0.89259 0.037689 0.86985
0.89542 0.03768 0.88967
0.88034 0.03768 0.90336
0.88142 0.037644 0.92876
0.89335 0.037672 0.90975
0.89678 0.037626 0.9303
0.8725 0.037612 0.94068
0.89808 0.033507 0.96106
0.9051 0.037633 0.03748
0.912 0.037632 0.054001
0.92224 0.03761 0.038787
0.91507 0.037635 0.075074
0.90391 0.03764 0.089926
0.92861 0.037595 0.094193
0.91159 0.037642 0.10829
0.90991 0.037649 0.12856
0.92111 0.037625 0.1032
0.92366 0.037621 0.11761
0.906 0.037652 0.13385
0.9086 0.03766 0.15756
0.92232 0.037634 0.13837
0.91432 0.03767 0.18677
0.9281 0.037636 0.17043
0.93092 0.037631 0.19506
0.91533 0.037675 0.20394
0.91305 0.037683 0.22086
0.92744 0.037636 0.20801
0.9196 0.037675 0.22491
0.9094 0.037697 0.24473
0.92827 0.03766 0.24148
0.9225 0.037686 0.25454
0.90977 0.03771 0.26824
0.93198 0.037673 0.27811
0.93125 0.037683 0.29238
0.91347 0.037736 0.32377
0.92453 0.037708 0.3008
0.92361 0.037721 0.32069
0.90616 0.037737 0.33444
0.90917 0.037749 0.35975
0.93023 0.037713 0.3356
0.92094 0.037742 0.35412
0.90826 0.037754 0.37022
0.91307 0.037766 0.38945
0.92641 0.037738 0.39417
0.92636 0.037742 0.40207
0.93178 0.037732 0.42969
0.90854 0.03779 0.45461
0.92848 0.03775 0.43465
0.91069 0.037793 0.48053
0.90819 0.037798 0.49645
0.929 0.037756 0.47241
0.92664 0.037769 0.48652
0.91441 0.037809 0.50423
0.91536 0.03782 0.52427
0.93014 0.037777 0.51343
0.92774 0.037788 0.52058
0.92637 0.037795 0.53934
0.92816 0.037792 0.55625
0.91742 0.037821 0.59785
0.92757 0.037809 0.57725
0.9309 0.037809 0.59721
0.9133 0.037821 0.60716
0.90837 0.03782 0.62453
0.92446 0.037816 0.60813
0.92586 0.037812 0.62058
0.90671 0.037818 0.64589
0.93334 0.03776 0.64929
0.92446 0.037785 0.66521
0.91486 0.037787 0.68979
0.92594 0.037757 0.68291
0.92897 0.037733 0.69752
0.91399 0.037783 0.70655
0.92363 0.037752 0.71045
0.91073 0.037762 0.74239
0.91383 0.037745 0.76138
0.92067 0.037748 0.73836
0.91984 0.037731 0.76639
0.91493 0.037735 0.77346
0.91383 0.037723 0.78979
0.92624 0.037701 0.77748
0.92683 0.037685 0.79685
0.9053 0.03771 0.8169
0.91248 0.037701 0.82319
0.92129 0.037697 0.80428
0.91887 0.03769 0.82695
0.90627 0.037693 0.84617
0.90657 0.037686 0.86268
0.92358 0.037662 0.83679
0.9192 0.037672 0.86212
0.91193 0.03768 0.87347
0.91919 0.03767 0.87209
0.93053 0.037623 0.88958
0.90745 0.037666 0.90981
0.90858 0.037619 0.92877
0.9205 0.037647 0.9088
0.92844 0.037577 0.92481
0.90706 0.037578 0.94083
0.91307 0.033635 0.95914
0.9189 0.03756 0.93931
0.92406 0.033541 0.96039
0.93759 0.037554 0.042115
0.93784 0.037553 0.054577
0.95394 0.034684 0.037248
0.9574 0.03383 0.061168
0.93482 0.037565 0.074415
0.95989 0.033574 0.087303
0.94673 0.037538 0.10559
0.9591 0.03364 0.12709
0.94665 0.037558 0.14453
0.94321 0.037578 0.15482
0.95837 0.033715 0.1402
0.95181 0.035949 0.15715
0.93637 0.037616 0.17052
0.94612 0.037587 0.19399
0.95501 0.034374 0.1955
0.93995 0.037593 0.20385
0.94008 0.0376 0.22649
0.9632 0.033426 0.21265
0.96099 0.033512 0.21962
0.94089 0.037631 0.24512
0.9469 0.037621 0.25058
0.96091 0.033518 0.23517
0.95258 0.03552 0.26168
0.9437 0.037635 0.26893
0.94037 0.037652 0.28587
0.95963 0.033607 0.2734
0.94195 0.037655 0.29983
0.94165 0.037678 0.32798
0.95492 0.034457 0.29955
0.96442 0.0334 0.32249
0.94602 0.03768 0.34005
0.94367 0.037688 0.3548
0.95874 0.033701 0.35782
0.94081 0.037687 0.36608
0.94778 0.03765 0.39576
0.96424 0.033404 0.37776
0.95233 0.035848 0.39458
0.94615 0.037656 0.40539
0.96353 0.033421 0.4085
0.95654 0.034046 0.42736
0.94201 0.037699 0.44379
0.94597 0.037686 0.45073
0.9537 0.035006 0.43437
0.95983 0.033601 0.45176
0.94023 0.037707 0.47207
0.96363 0.033419 0.47891
0.95546 0.03437 0.49497
0.94681 0.03771 0.50898
0.94305 0.037728 0.52257
0.9533 0.035336 0.51206
0.95989 0.033604 0.52726
0.93806 0.037748 0.55546
0.96438 0.033402 0.53979
0.95865 0.033736 0.55812
0.94426 0.037797 0.59508
0.94123 0.037786 0.61421
0.94136 0.037773 0.62317
0.95978 0.033618 0.62825
0.9446 0.037727 0.6402
0.96137 0.033506 0.63784
0.9636 0.03342 0.66008
0.94869 0.037665 0.67789
0.96002 0.033588 0.67594
0.95921 0.033654 0.69684
0.94089 0.037661 0.71509
0.93988 0.037656 0.72604
0.95421 0.034733 0.71674
0.95487 0.034478 0.72187
0.94353 0.037619 0.75684
0.9555 0.034267 0.74814
0.95962 0.033608 0.75695
0.94117 0.037655 0.78038
0.94112 0.037633 0.79999
0.95757 0.033836 0.78828
0.93957 0.03763 0.80503
0.95401 0.034733 0.81306
0.95893 0.033659 0.83121
0.9379 0.037581 0.8467
0.96489 0.03339 0.85752
0.94248 0.037585 0.88636
0.95935 0.033619 0.87068
0.93749 0.037549 0.92204
0.95617 0.034046 0.90787
0.96454 0.033395 0.92051
0.93838 0.037492 0.93651
0.94198 0.033707 0.95832
0.95914 0.033626 0.94249
0.95407 0.033383 0.96275
