2635
1 1 1
0.034985 0.037624 0.044843
0.041043 0.037625 0.054166
0.062471 0.037625 0.035664
0.058491 0.037625 0.051397
0.046164 0.037626 0.068841
0.043621 0.037627 0.093115
0.059862 0.037626 0.080565
0.056316 0.037626 0.096782
0.038583 0.037626 0.11031
0.041285 0.037627 0.12023
0.063426 0.037625 0.10702
0.062919 0.037631 0.14258
0.040432 0.037623 0.1882
0.058435 0.037624 0.17817
0.061221 0.037623 0.19374
0.03617 0.037623 0.19851
0.040404 0.037623 0.22426
0.053361 0.037623 0.20354
0.056462 0.037624 0.21685
0.047852 0.037623 0.23324
0.04235 0.037623 0.25432
0.052993 0.037623 0.23956
0.0618 0.037623 0.25413
0.047331 0.037623 0.26611
0.046489 0.037624 0.28309
0.055818 0.037624 0.27508
0.063352 0.037625 0.28376
0.062139 0.037629 0.30465
0.057698 0.03763 0.3197
0.045209 0.037629 0.34089
0.062355 0.03763 0.3495
0.046209 0.037628 0.37085
0.045212 0.037629 0.38427
0.060821 0.03763 0.36875
0.056125 0.037633 0.39057
0.04458 0.037634 0.40123
0.037582 0.037638 0.42073
0.060521 0.037638 0.40403
0.054165 0.03764 0.41554
0.042375 0.03764 0.44399
0.059146 0.037643 0.44175
0.058299 0.037644 0.45806
0.041768 0.037641 0.47168
0.043625 0.03764 0.48666
0.052097 0.037644 0.47141
0.057755 0.037643 0.49034
0.038382 0.037631 0.50681
0.038082 0.037626 0.52826
0.054531 0.037634 0.50883
0.058849 0.037631 0.52731
0.045304 0.037625 0.53993
0.043006 0.037627 0.56596
0.060829 0.03763 0.53843
0.05952 0.03763 0.55943
0.037072 0.037628 0.57727
0.035933 0.03763 0.59987
0.051531 0.03763 0.57584
0.053497 0.037632 0.59614
0.043633 0.03763 0.6047
0.036259 0.037628 0.632
0.05146 0.037632 0.61078
0.057499 0.037633 0.62359
0.051487 0.037626 0.65146
0.053481 0.037627 0.66342
0.047516 0.037625 0.67527
0.052574 0.037627 0.67345
0.058182 0.037627 0.69101
0.036016 0.037618 0.73206
0.059995 0.037621 0.71537
0.051756 0.037619 0.72481
0.043519 0.037616 0.74825
0.037069 0.037616 0.76367
0.059094 0.037617 0.745
0.052072 0.037616 0.76179
0.040835 0.037616 0.77412
0.03724 0.037615 0.8002
0.05823 0.037616 0.7825
0.056296 0.037615 0.79216
0.03977 0.037614 0.82661
0.052875 0.037614 0.81478
0.058479 0.037614 0.83197
0.038065 0.037614 0.84345
0.03503 0.037612 0.86207
0.053773 0.037614 0.83785
0.056127 0.037613 0.86004
0.035589 0.037611 0.87173
0.045167 0.037612 0.89285
0.0581 0.03761 0.87902
0.056582 0.037611 0.8891
0.041959 0.037618 0.91218
0.037098 0.033368 0.95622
0.058707 0.03751 0.9448
0.061174 0.033495 0.95421
0.079337 0.037626 0.045241
0.075209 0.037626 0.059595
0.078231 0.037625 0.088129
0.094439 0.037625 0.073807
0.091771 0.037624 0.088086
0.07134 0.037624 0.10614
0.072413 0.037626 0.12892
0.085293 0.037623 0.10858
0.089504 0.037623 0.12201
0.069921 0.037629 0.13977
0.08962 0.037625 0.13612
0.092994 0.037624 0.15748
0.072043 0.037624 0.17536
0.068064 0.037623 0.1902
0.094472 0.037622 0.17516
0.094978 0.037622 0.19034
0.077325 0.037623 0.20508
0.075978 0.037623 0.22192
0.08887 0.037624 0.21016
0.097169 0.037623 0.22577
0.069735 0.037622 0.24296
0.072314 0.037622 0.24935
0.08561 0.037622 0.24353
0.089999 0.037623 0.25169
0.076079 0.037625 0.27211
0.075128 0.037626 0.28938
0.095627 0.037625 0.27214
0.068227 0.037628 0.30594
0.068601 0.037629 0.32494
0.09289 0.037626 0.30443
0.090779 0.037629 0.32551
0.071407 0.037629 0.34398
0.089804 0.03763 0.33986
0.088486 0.037633 0.35478
0.075835 0.037631 0.37777
0.091494 0.037636 0.37112
0.095141 0.037638 0.38288
0.069304 0.037641 0.4093
0.073312 0.037644 0.42264
0.093124 0.03765 0.41151
0.086242 0.037651 0.41813
0.069053 0.037646 0.44484
0.083612 0.037652 0.43672
0.084854 0.037656 0.45586
0.073842 0.037648 0.47388
0.077929 0.037648 0.48451
0.089772 0.037658 0.47979
0.088964 0.037656 0.49076
0.068967 0.03764 0.50245
0.085042 0.037646 0.51969
0.076985 0.037635 0.53658
0.072013 0.037633 0.56495
0.082428 0.037637 0.56262
0.073878 0.037633 0.57111
0.069537 0.037634 0.59978
0.085506 0.037642 0.57142
0.088317 0.037643 0.59516
0.074378 0.037636 0.62947
0.089972 0.037643 0.61275
0.095034 0.037641 0.6221
0.073087 0.037634 0.64247
0.092822 0.037636 0.66538
0.068371 0.03763 0.68202
0.086161 0.037636 0.67438
0.089318 0.037631 0.69387
0.076498 0.037623 0.71174
0.067847 0.037618 0.7326
0.091271 0.037622 0.72413
0.071294 0.037617 0.74516
0.07627 0.037616 0.75739
0.088365 0.037619 0.7412
0.085338 0.037617 0.76211
0.071574 0.037616 0.77324
0.07317 0.037615 0.79891
0.094454 0.037615 0.7846
0.072501 0.037613 0.81576
0.080374 0.037612 0.82317
0.093191 0.037613 0.80659
0.090298 0.037612 0.83203
0.074819 0.037613 0.84203
0.074693 0.037612 0.86138
0.090074 0.037611 0.86515
0.076812 0.037608 0.88239
0.088633 0.03761 0.87343
0.085377 0.037609 0.89006
0.071507 0.037615 0.90957
0.077087 0.037592 0.93075
0.089134 0.037612 0.9025
0.071498 0.037565 0.93855
0.086144 0.037581 0.94726
0.11082 0.037621 0.039044
0.10622 0.037623 0.057445
0.1269 0.03762 0.037894
0.12234 0.037621 0.052279
0.103 0.037624 0.068453
0.10745 0.037623 0.094444
0.12462 0.037621 0.096676
0.10588 0.037621 0.11042
0.11411 0.037621 0.1288
0.1256 0.037619 0.11842
0.10792 0.037622 0.14123
0.10298 0.037623 0.15587
0.12717 0.037621 0.15592
0.10808 0.03762 0.17278
0.10682 0.03762 0.1875
0.12806 0.03762 0.16694
0.11931 0.03762 0.19365
0.11331 0.037621 0.21672
0.1182 0.037621 0.20089
0.11737 0.037622 0.22712
0.10613 0.037622 0.23825
0.10104 0.037623 0.25593
0.12121 0.037623 0.2375
0.10694 0.037623 0.27345
0.1066 0.037623 0.28612
0.12084 0.037623 0.27709
0.12897 0.037622 0.28367
0.10708 0.037622 0.30363
0.10769 0.037624 0.32602
0.1285 0.037623 0.30913
0.11696 0.037622 0.31779
0.10445 0.037627 0.33379
0.10544 0.037632 0.35837
0.11609 0.037631 0.35334
0.099641 0.037634 0.36537
0.11655 0.037639 0.36976
0.12239 0.037656 0.39355
0.10283 0.037645 0.39821
0.10242 0.037654 0.42524
0.11333 0.037657 0.42547
0.098597 0.037657 0.43767
0.099526 0.03766 0.44966
0.11383 0.037666 0.44427
0.11556 0.03767 0.4568
0.098808 0.03766 0.47054
0.10698 0.037659 0.48721
0.11661 0.037673 0.47195
0.1223 0.037679 0.48926
0.10327 0.037652 0.50343
0.098807 0.037648 0.52541
0.11924 0.037661 0.52581
0.10481 0.03765 0.53818
0.10055 0.037649 0.55979
0.12138 0.037665 0.54361
0.098799 0.037646 0.58253
0.10105 0.037645 0.59552
0.11849 0.037658 0.57634
0.12019 0.037653 0.60129
0.10912 0.03764 0.61687
0.10928 0.037638 0.62669
0.12608 0.037644 0.63169
0.10638 0.037634 0.64556
0.10601 0.037633 0.65846
0.11963 0.03764 0.64014
0.11661 0.037631 0.66706
0.10484 0.037629 0.6836
0.12216 0.03763 0.68319
0.10781 0.037624 0.72858
0.12691 0.037625 0.70683
0.12823 0.037621 0.73417
0.10216 0.03762 0.73954
0.10621 0.037616 0.75587
0.12075 0.037615 0.76398
0.10771 0.037614 0.77503
0.12862 0.03761 0.77887
0.11833 0.03761 0.79105
0.10941 0.037612 0.82962
0.11832 0.037611 0.80493
0.12162 0.037611 0.83353
0.11076 0.037611 0.83946
0.12668 0.037609 0.84271
0.1265 0.037607 0.85627
0.10906 0.037608 0.87599
0.11278 0.037608 0.89248
0.12924 0.037606 0.88269
0.12275 0.037608 0.89729
0.10374 0.037611 0.90967
0.12207 0.037609 0.91192
0.12051 0.037585 0.92517
0.10534 0.037565 0.93832
0.13027 0.037512 0.94632
0.12865 0.033333 0.96456
0.14218 0.037619 0.0398
0.15766 0.037617 0.03527
0.15929 0.037616 0.053376
0.13481 0.03762 0.076315
0.14012 0.037617 0.095508
0.15299 0.037617 0.072032
0.15732 0.037615 0.090609
0.1397 0.037616 0.10656
0.14129 0.037615 0.11792
0.15186 0.037613 0.11119
0.15614 0.037613 0.11677
0.13468 0.037619 0.13791
0.13565 0.03762 0.15957
0.16026 0.037618 0.15314
0.13416 0.037619 0.17836
0.15809 0.037617 0.17282
0.1568 0.037617 0.18442
0.13658 0.037619 0.20551
0.14244 0.03762 0.22533
0.15954 0.037616 0.20676
0.13554 0.037621 0.23793
0.14542 0.03762 0.25323
0.15138 0.03762 0.23095
0.15888 0.03762 0.25929
0.13791 0.03762 0.26748
0.13716 0.037621 0.28937
0.15609 0.037621 0.26719
0.15263 0.037622 0.28606
0.14474 0.037623 0.30324
0.1326 0.037624 0.31414
0.15805 0.037627 0.29737
0.14996 0.037629 0.32049
0.1348 0.037633 0.3425
0.14379 0.037635 0.3492
0.15461 0.037635 0.331
0.14022 0.037643 0.37349
0.13448 0.037647 0.38231
0.1575 0.037652 0.3762
0.1304 0.03767 0.42077
0.14421 0.037676 0.42421
0.13733 0.037678 0.43993
0.13065 0.037681 0.45389
0.14904 0.037688 0.44254
0.14719 0.037692 0.45247
0.13137 0.037685 0.46965
0.12964 0.037684 0.48656
0.14878 0.037704 0.47209
0.1383 0.037668 0.51027
0.1377 0.037662 0.52471
0.15447 0.037695 0.50184
0.13188 0.037662 0.54618
0.13878 0.037654 0.56819
0.14564 0.037663 0.55077
0.155 0.037684 0.55553
0.13993 0.03765 0.58433
0.1351 0.03765 0.59685
0.15492 0.037667 0.58457
0.15409 0.037663 0.59665
0.13462 0.037647 0.6135
0.13742 0.037645 0.63049
0.15661 0.037659 0.61806
0.15169 0.037655 0.62785
0.14066 0.037638 0.66135
0.16001 0.03766 0.64627
0.15023 0.037642 0.66254
0.1381 0.037631 0.67441
0.14392 0.037623 0.69469
0.14834 0.03763 0.67805
0.15065 0.037622 0.70215
0.13251 0.037623 0.70592
0.14367 0.037615 0.73356
0.15503 0.037623 0.70852
0.1505 0.037614 0.73334
0.14362 0.037612 0.74901
0.13731 0.03761 0.76638
0.15607 0.037614 0.73981
0.15963 0.037607 0.7562
0.14018 0.037605 0.79325
0.15366 0.037606 0.77659
0.15508 0.037604 0.79882
0.14561 0.037606 0.80708
0.14296 0.037606 0.82821
0.16395 0.037603 0.81449
0.15626 0.037604 0.82851
0.14105 0.037604 0.8473
0.1476 0.037602 0.86236
0.16072 0.0376 0.84608
0.16079 0.037599 0.8616
0.13756 0.037605 0.87659
0.1575 0.037602 0.88074
0.1559 0.037604 0.89749
0.13562 0.037607 0.90884
0.14063 0.037565 0.92819
0.15797 0.037604 0.91089
0.15555 0.037571 0.92512
0.13682 0.033923 0.95249
0.1593 0.037507 0.9406
0.15894 0.033334 0.96141
0.17138 0.037613 0.044858
0.17832 0.037612 0.061236
0.18762 0.03761 0.045554
0.18664 0.03761 0.055148
0.17114 0.037613 0.076408
0.17491 0.037613 0.092126
0.19022 0.03761 0.077957
0.18993 0.03761 0.093222
0.17026 0.037613 0.10609
0.17445 0.037612 0.12896
0.18461 0.037612 0.10753
0.19157 0.037611 0.11818
0.17302 0.037613 0.14089
0.17978 0.037612 0.15417
0.18791 0.037611 0.14545
0.19227 0.037611 0.15066
0.17941 0.037613 0.1936
0.19108 0.037612 0.17233
0.1865 0.037614 0.18893
0.1755 0.037614 0.22672
0.18785 0.037615 0.20164
0.18703 0.037617 0.21997
0.17324 0.037615 0.2391
0.17543 0.037616 0.25716
0.1874 0.037615 0.24897
0.18866 0.037617 0.27029
0.18419 0.037625 0.28851
0.16668 0.037626 0.29667
0.17295 0.037634 0.31375
0.18646 0.037636 0.30809
0.18885 0.037644 0.3247
0.16533 0.037638 0.34102
0.16799 0.03764 0.34786
0.18249 0.037642 0.33639
0.18544 0.037649 0.34581
0.17372 0.037652 0.37042
0.18372 0.037664 0.37323
0.18014 0.037662 0.39018
0.16799 0.037667 0.42479
0.1878 0.037676 0.40206
0.18752 0.037686 0.42089
0.16743 0.037677 0.43773
0.16796 0.037687 0.45279
0.18297 0.037691 0.43448
0.17603 0.037698 0.45928
0.16399 0.037706 0.48716
0.17709 0.037723 0.47808
0.17979 0.037734 0.48645
0.16288 0.037695 0.50297
0.16292 0.037689 0.53118
0.18149 0.03773 0.5092
0.1793 0.037719 0.53125
0.16339 0.037691 0.54642
0.17588 0.037702 0.5643
0.17195 0.037681 0.58132
0.16324 0.037667 0.5939
0.18445 0.037704 0.58777
0.17999 0.037671 0.59985
0.17334 0.037652 0.60999
0.16683 0.037655 0.62979
0.18166 0.03766 0.60848
0.18177 0.037654 0.62546
0.16676 0.037662 0.64799
0.16873 0.037654 0.65774
0.1915 0.037674 0.65048
0.19189 0.037659 0.66231
0.16885 0.037636 0.67566
0.16785 0.037627 0.69164
0.18136 0.037642 0.67304
0.18433 0.037629 0.69307
0.17405 0.037617 0.71875
0.17086 0.037613 0.73054
0.1841 0.037623 0.70619
0.18491 0.03761 0.7352
0.17741 0.037602 0.74977
0.17059 0.037603 0.75752
0.18618 0.037604 0.74902
0.17001 0.037604 0.79234
0.19047 0.037602 0.77217
0.18997 0.037602 0.79855
0.17531 0.037601 0.80696
0.18852 0.0376 0.81463
0.19019 0.037596 0.82935
0.17987 0.037595 0.83975
0.17081 0.037596 0.85621
0.18893 0.037594 0.84659
0.18704 0.037592 0.85364
0.16897 0.037598 0.87536
0.16888 0.0376 0.89169
0.19487 0.037591 0.87011
0.19408 0.037592 0.88961
0.17088 0.037551 0.92884
0.18605 0.037543 0.92984
0.18058 0.033599 0.95349
0.18771 0.037507 0.9383
0.19286 0.033372 0.95601
0.20225 0.037607 0.044302
0.21055 0.037606 0.058509
0.22405 0.037604 0.034974
0.22213 0.037604 0.056277
0.20924 0.037605 0.068634
0.20597 0.037606 0.088431
0.22663 0.037602 0.070757
0.22321 0.037603 0.093157
0.21165 0.037605 0.10051
0.20565 0.037608 0.12652
0.22841 0.037603 0.10103
0.22018 0.037605 0.12104
0.2046 0.037609 0.1417
0.2002 0.037609 0.17316
0.21046 0.037611 0.18925
0.22672 0.0376 0.17202
0.22908 0.0376 0.18296
0.2057 0.037615 0.19992
0.22312 0.037612 0.19967
0.21118 0.037617 0.23763
0.22484 0.037622 0.23233
0.22206 0.037628 0.2559
0.20409 0.03761 0.27254
0.19918 0.037613 0.28075
0.22239 0.037623 0.26655
0.21556 0.037606 0.28475
0.20713 0.037611 0.30542
0.20487 0.037628 0.32522
0.21393 0.037607 0.31381
0.1983 0.03764 0.33101
0.20278 0.037651 0.35367
0.21456 0.03763 0.33039
0.22363 0.037658 0.34727
0.20601 0.037648 0.36343
0.20266 0.037655 0.38109
0.21793 0.037656 0.36186
0.21061 0.037653 0.38771
0.20008 0.037675 0.40568
0.20869 0.037669 0.40248
0.19936 0.037701 0.42918
0.19001 0.037727 0.4561
0.21266 0.037727 0.43069
0.21181 0.037764 0.44938
0.19497 0.037754 0.46829
0.19725 0.037773 0.48947
0.20153 0.037776 0.47645
0.20536 0.037804 0.49001
0.19349 0.037762 0.51142
0.19556 0.037752 0.52522
0.19666 0.037735 0.54265
0.198 0.037728 0.55737
0.20796 0.037744 0.55865
0.1974 0.037743 0.58917
0.19563 0.037805 0.60155
0.21142 0.037777 0.58889
0.21149 0.037899 0.59677
0.19829 0.03789 0.61135
0.19864 0.037805 0.63021
0.21622 0.038031 0.62615
0.19695 0.037666 0.64784
0.20556 0.037643 0.65362
0.21638 0.037829 0.63516
0.20594 0.037635 0.67315
0.20053 0.037624 0.69635
0.21608 0.037632 0.67394
0.21518 0.037622 0.69723
0.19958 0.037616 0.71033
0.19948 0.037605 0.72954
0.2161 0.037613 0.71174
0.21853 0.037601 0.72297
0.20347 0.037598 0.76137
0.21976 0.037595 0.74942
0.20282 0.037601 0.78288
0.20976 0.037597 0.79452
0.22069 0.037598 0.77369
0.20446 0.037593 0.83297
0.22744 0.037592 0.81703
0.22421 0.03759 0.8316
0.20497 0.03759 0.84713
0.20844 0.037587 0.86046
0.22268 0.037589 0.83807
0.224 0.037584 0.85949
0.20743 0.037587 0.87584
0.20986 0.037587 0.89317
0.22028 0.037584 0.87735
0.22516 0.037583 0.89596
0.21394 0.037548 0.92719
0.22498 0.037588 0.91364
0.20196 0.037468 0.94676
0.21343 0.033334 0.9626
0.22162 0.037485 0.94247
0.22201 0.03335 0.95706
0.23465 0.037601 0.034983
0.2383 0.0376 0.061214
0.25209 0.037597 0.042384
0.2603 0.037595 0.055928
0.24003 0.037599 0.067327
0.23631 0.0376 0.084013
0.25618 0.037594 0.075303
0.25951 0.037593 0.084656
0.24602 0.037603 0.1179
0.25591 0.037597 0.10035
0.25142 0.037603 0.12454
0.23556 0.037604 0.14294
0.25485 0.037601 0.13745
0.26073 0.037598 0.1538
0.23581 0.037596 0.17415
0.2459 0.037595 0.18903
0.2533 0.037594 0.17412
0.2592 0.037597 0.18352
0.23913 0.037602 0.20829
0.2326 0.037617 0.22628
0.25583 0.0376 0.20315
0.23206 0.037625 0.24122
0.23895 0.03763 0.24674
0.24081 0.037634 0.26978
0.23964 0.037634 0.28964
0.25948 0.037644 0.279
0.2578 0.037655 0.30274
0.25408 0.037667 0.31746
0.23147 0.037659 0.35026
0.25012 0.03767 0.33851
0.2555 0.037698 0.35546
0.23463 0.037659 0.36197
0.24662 0.037676 0.36784
0.24202 0.037664 0.38183
0.22552 0.037687 0.40094
0.23469 0.037704 0.41441
0.24472 0.037692 0.39445
0.22866 0.037726 0.42846
0.22491 0.037769 0.44844
0.245 0.037756 0.43203
0.23889 0.037788 0.45152
0.2181 0.037837 0.47417
0.23272 0.037841 0.46878
0.23777 0.037929 0.48465
0.22808 0.037845 0.50599
0.23256 0.037855 0.53334
0.22387 0.037794 0.55017
0.21952 0.037764 0.56939
0.22511 0.037913 0.59883
0.23116 0.037904 0.60404
0.22539 0.038045 0.61264
0.22658 0.037818 0.63123
0.22992 0.037953 0.61558
0.23941 0.037716 0.62943
0.22638 0.037624 0.64704
0.23462 0.037618 0.65903
0.24376 0.037629 0.65114
0.24609 0.037635 0.66581
0.23647 0.037629 0.68273
0.255 0.037633 0.6914
0.23836 0.037599 0.71891
0.24954 0.037611 0.70965
0.25168 0.037594 0.72914
0.23834 0.03759 0.74245
0.23585 0.037589 0.75995
0.25314 0.03759 0.74772
0.26208 0.037588 0.76439
0.23322 0.037597 0.78009
0.24168 0.037591 0.79248
0.25767 0.03759 0.77389
0.24216 0.037589 0.80806
0.26001 0.037583 0.80949
0.25349 0.037582 0.82879
0.24326 0.037582 0.84458
0.2387 0.03758 0.86018
0.23712 0.037578 0.87837
0.23601 0.037577 0.88776
0.25903 0.037572 0.87658
0.24633 0.037578 0.91219
0.23694 0.037542 0.92836
0.25235 0.037574 0.90299
0.26103 0.037529 0.9304
0.24397 0.033334 0.96127
0.25622 0.037514 0.93595
0.27669 0.037589 0.056283
0.29719 0.037581 0.060792
0.27853 0.037585 0.07926
0.27172 0.03759 0.093985
0.29575 0.037581 0.073957
0.27279 0.037593 0.10876
0.29242 0.037585 0.10378
0.28762 0.037588 0.12254
0.2735 0.037591 0.13556
0.27087 0.037594 0.15622
0.29512 0.037581 0.13727
0.29664 0.037586 0.15723
0.26717 0.037595 0.16901
0.27244 0.037598 0.18182
0.28816 0.037605 0.19185
0.27577 0.037614 0.2148
0.29057 0.037605 0.19691
0.28828 0.037616 0.22205
0.2716 0.037631 0.25791
0.28875 0.037617 0.23649
0.29044 0.037639 0.25553
0.28498 0.037637 0.26321
0.2657 0.03765 0.30446
0.26805 0.037657 0.31373
0.29142 0.037669 0.31757
0.26381 0.037678 0.33311
0.26777 0.037702 0.35587
0.27751 0.037668 0.3392
0.27981 0.037698 0.35149
0.26591 0.037708 0.36182
0.26565 0.037716 0.38131
0.28136 0.037744 0.37226
0.26115 0.037736 0.40145
0.25699 0.037758 0.41631
0.27672 0.037773 0.40632
0.27038 0.037774 0.42133
0.24829 0.037838 0.45639
0.2676 0.037774 0.42932
0.2737 0.037835 0.4479
0.24479 0.037918 0.47067
0.24722 0.037973 0.48826
0.26124 0.038063 0.48315
0.24479 0.037946 0.51066
0.25629 0.037946 0.53568
0.24961 0.037914 0.54163
0.25215 0.037857 0.57307
0.25877 0.037913 0.55266
0.26872 0.037939 0.56364
0.25665 0.037842 0.57958
0.24891 0.037721 0.60588
0.26456 0.037846 0.5821
0.26566 0.037782 0.59481
0.25449 0.037671 0.61522
0.2578 0.037654 0.63173
0.2739 0.037658 0.62859
0.26273 0.03765 0.64967
0.26178 0.037647 0.66539
0.27581 0.037649 0.64991
0.27937 0.037644 0.66674
0.26195 0.037648 0.67393
0.27122 0.0376 0.69525
0.28637 0.037652 0.67629
0.28356 0.037587 0.70227
0.27018 0.037572 0.71624
0.27413 0.037566 0.72413
0.29228 0.037591 0.72783
0.27777 0.037596 0.75123
0.27405 0.037586 0.76782
0.29219 0.037612 0.74397
0.26826 0.037585 0.77561
0.2766 0.037572 0.79351
0.29418 0.03758 0.78004
0.29035 0.037573 0.7975
0.29215 0.037577 0.8145
0.28492 0.037578 0.82975
0.27755 0.037578 0.84713
0.29607 0.037572 0.84443
0.28815 0.03757 0.85939
0.27175 0.037568 0.88081
0.28155 0.037565 0.89308
0.29306 0.037562 0.88006
0.28609 0.037564 0.8941
0.29755 0.037563 0.90967
0.29509 0.037537 0.92607
0.27779 0.037463 0.94625
0.28052 0.033393 0.95535
0.29798 0.037513 0.93582
0.28599 0.033335 0.96021
0.30337 0.037579 0.0453
0.30688 0.037578 0.058342
0.33015 0.037569 0.044195
0.33132 0.03757 0.058182
0.30536 0.037578 0.079363
0.30942 0.037579 0.086769
0.32606 0.037572 0.069988
0.32203 0.037576 0.093273
0.30748 0.037579 0.10747
0.30529 0.03758 0.12502
0.33038 0.037571 0.10265
0.32069 0.037576 0.12272
0.30383 0.037576 0.14308
0.30695 0.037583 0.15429
0.3238 0.03757 0.14169
0.32463 0.037575 0.15093
0.30488 0.037588 0.17517
0.30774 0.037594 0.18958
0.32493 0.037579 0.16925
0.30862 0.037605 0.21892
0.3292 0.037593 0.20485
0.32773 0.0376 0.21297
0.29978 0.037611 0.23956
0.30642 0.037619 0.24996
0.31632 0.037621 0.2546
0.30529 0.037629 0.26302
0.29944 0.037639 0.28593
0.31484 0.037623 0.26262
0.32032 0.037632 0.27988
0.29914 0.037642 0.305
0.29855 0.037658 0.31386
0.3155 0.037641 0.30547
0.31566 0.037653 0.31279
0.30251 0.037682 0.32988
0.29241 0.037725 0.35329
0.31455 0.037682 0.33652
0.32051 0.037725 0.35128
0.29673 0.037742 0.35809
0.29035 0.037795 0.38643
0.30719 0.037767 0.36678
0.31326 0.037867 0.38082
0.28781 0.037803 0.40498
0.29491 0.03781 0.41414
0.30302 0.037815 0.40139
0.30586 0.037846 0.41778
0.28664 0.037825 0.43508
0.2796 0.037879 0.45277
0.30562 0.037977 0.43407
0.30719 0.038124 0.44408
0.27492 0.038146 0.48005
0.28879 0.038067 0.46633
0.27791 0.03817 0.49034
0.2727 0.038174 0.50403
0.2669 0.038131 0.52202
0.28347 0.038312 0.5057
0.28023 0.038045 0.54293
0.28891 0.037963 0.56706
0.27791 0.037863 0.58332
0.30483 0.037821 0.59838
0.28322 0.037691 0.62081
0.28839 0.037677 0.63342
0.31345 0.037787 0.63147
0.31303 0.037756 0.65786
0.31651 0.037762 0.67197
0.3232 0.037686 0.70208
0.32501 0.037651 0.72052
0.31881 0.037642 0.73194
0.30451 0.037623 0.74085
0.31116 0.037594 0.76031
0.32231 0.03761 0.7479
0.32084 0.03759 0.76532
0.31158 0.037585 0.77998
0.30411 0.037574 0.79338
0.31874 0.037583 0.78425
0.31937 0.037576 0.80047
0.30281 0.037576 0.80664
0.32179 0.037556 0.82737
0.30501 0.037565 0.84163
0.31155 0.037556 0.859
0.30412 0.037556 0.88242
0.31196 0.037553 0.89019
0.32394 0.037552 0.87152
0.32218 0.037551 0.8966
0.30526 0.03756 0.91296
0.3147 0.03754 0.929
0.33148 0.037549 0.90579
0.32247 0.037543 0.92275
0.30638 0.037505 0.94544
0.32475 0.037512 0.94266
0.34178 0.037564 0.04064
0.34082 0.037565 0.055627
0.36596 0.037555 0.040766
0.3551 0.037561 0.051359
0.34127 0.037566 0.07328
0.34076 0.037569 0.085569
0.35665 0.037562 0.08344
0.34281 0.037565 0.10408
0.33756 0.037568 0.12128
0.35807 0.037557 0.12031
0.34032 0.037566 0.13795
0.34443 0.03757 0.15015
0.35696 0.03756 0.13975
0.36366 0.037562 0.14815
0.34478 0.037573 0.16776
0.34469 0.037575 0.17851
0.35209 0.037573 0.16345
0.35702 0.037576 0.17821
0.33696 0.03759 0.19801
0.33513 0.037608 0.21811
0.35279 0.037592 0.19706
0.34221 0.03761 0.23083
0.3372 0.037624 0.25401
0.35274 0.037614 0.23312
0.35949 0.037638 0.24843
0.34272 0.037606 0.27032
0.34021 0.037613 0.2807
0.35749 0.037634 0.26686
0.35011 0.037604 0.27557
0.33331 0.037642 0.29563
0.33416 0.037691 0.31859
0.34964 0.037634 0.2949
0.34496 0.037678 0.31831
0.3385 0.037713 0.32579
0.3288 0.037719 0.34508
0.34378 0.037761 0.33513
0.35407 0.038204 0.36172
0.34533 0.038022 0.37616
0.32056 0.037875 0.39995
0.31724 0.03788 0.41841
0.33187 0.03788 0.39091
0.31752 0.038151 0.43482
0.32686 0.038041 0.42967
0.29706 0.038211 0.46653
0.29236 0.038335 0.49223
0.30463 0.03842 0.48386
0.29346 0.038382 0.50406
0.29659 0.038404 0.50446
0.30991 0.038445 0.53534
0.30177 0.038041 0.57169
0.31337 0.038323 0.54915
0.31732 0.038071 0.5694
0.31983 0.037869 0.59213
0.31494 0.037817 0.60936
0.31701 0.037808 0.61708
0.32421 0.037812 0.63481
0.33842 0.037882 0.61589
0.34493 0.037871 0.63205
0.33365 0.037779 0.65872
0.32401 0.037769 0.67247
0.34635 0.03781 0.6547
0.34303 0.037756 0.66991
0.32993 0.037686 0.69763
0.34663 0.037719 0.6819
0.35447 0.037654 0.70432
0.32953 0.037665 0.71444
0.33826 0.037623 0.72712
0.35335 0.037645 0.71577
0.34838 0.037611 0.73653
0.33804 0.037606 0.74269
0.34035 0.037584 0.76853
0.35194 0.037586 0.74768
0.35548 0.037582 0.76371
0.35421 0.037589 0.77997
0.35568 0.037565 0.80117
0.34719 0.037555 0.81405
0.33639 0.037552 0.82166
0.35681 0.037547 0.82501
0.34707 0.037554 0.84303
0.34481 0.037548 0.85977
0.36414 0.037548 0.83679
0.36324 0.037542 0.86043
0.33906 0.03755 0.87831
0.34245 0.037545 0.89214
0.35551 0.03754 0.88677
0.34758 0.037545 0.90938
0.34084 0.037516 0.92674
0.35533 0.037542 0.91234
0.35529 0.037514 0.92371
0.34705 0.037472 0.93808
0.33869 0.033339 0.95834
0.36204 0.037468 0.93783
0.35393 0.033334 0.96256
0.37293 0.037553 0.035106
0.38284 0.037552 0.055933
0.39171 0.037546 0.040905
0.39329 0.037554 0.070267
0.39767 0.037556 0.09163
0.37309 0.03755 0.10312
0.38414 0.037538 0.11548
0.3973 0.03754 0.10699
0.39199 0.037538 0.11496
0.37209 0.037552 0.1423
0.37311 0.037567 0.15543
0.39709 0.037542 0.13561
0.37961 0.037569 0.16519
0.37394 0.037577 0.17717
0.39461 0.037589 0.18743
0.37444 0.037595 0.19547
0.37739 0.037602 0.21176
0.3895 0.037592 0.2004
0.38908 0.037597 0.20995
0.3721 0.037613 0.23625
0.36933 0.037639 0.24787
0.39604 0.037619 0.22787
0.39221 0.037656 0.25055
0.36783 0.037653 0.26302
0.36665 0.037662 0.28547
0.39162 0.037667 0.26704
0.37957 0.03769 0.28192
0.37214 0.037689 0.30772
0.38584 0.037723 0.29443
0.38422 0.037737 0.30401
0.36044 0.037711 0.32472
0.36479 0.038039 0.34628
0.35734 0.038263 0.36826
0.37524 0.038196 0.3539
0.35554 0.038086 0.38418
0.36261 0.038172 0.3805
0.35624 0.037961 0.39683
0.33761 0.03814 0.43343
0.3323 0.038365 0.44457
0.34861 0.037951 0.42103
0.33466 0.03837 0.44823
0.31762 0.038658 0.46239
0.31912 0.038527 0.47991
0.30629 0.038692 0.51285
0.3216 0.038369 0.54252
0.31406 0.038773 0.50901
0.32648 0.03837 0.54389
0.33304 0.038211 0.56222
0.33372 0.038085 0.57469
0.33999 0.037992 0.59293
0.34445 0.037925 0.61043
0.35333 0.038036 0.58702
0.36487 0.0381 0.61277
0.35084 0.037898 0.62925
0.35195 0.037878 0.63773
0.36386 0.037952 0.62952
0.37077 0.037932 0.64072
0.35391 0.037808 0.65632
0.35881 0.037739 0.67623
0.3814 0.037884 0.65591
0.38437 0.037802 0.66642
0.36081 0.037689 0.68743
0.37719 0.037751 0.68033
0.3845 0.037707 0.70102
0.37847 0.037628 0.73275
0.39322 0.03768 0.71387
0.38764 0.037626 0.73329
0.37661 0.037581 0.75278
0.36798 0.037579 0.75877
0.38456 0.037592 0.74948
0.38092 0.03757 0.78097
0.3786 0.037554 0.79888
0.3875 0.037578 0.77597
0.3781 0.037552 0.8086
0.37182 0.037544 0.83004
0.375 0.037544 0.83791
0.37364 0.037536 0.85535
0.38923 0.037538 0.83804
0.39061 0.037531 0.86297
0.37617 0.037539 0.87509
0.37176 0.037536 0.89438
0.39355 0.037527 0.89769
0.37572 0.037534 0.90902
0.38257 0.037499 0.92795
0.38906 0.037529 0.90835
0.39616 0.03749 0.93053
0.37969 0.037465 0.94136
0.37374 0.033491 0.9539
0.39267 0.037465 0.94208
0.39879 0.033417 0.95471
0.41662 0.037542 0.036658
0.42214 0.037541 0.041448
0.42368 0.037548 0.064415
0.40788 0.037558 0.080148
0.42921 0.037547 0.073509
0.43646 0.037613 0.095897
0.41969 0.037534 0.10624
0.4095 0.037525 0.11593
0.4276 0.037584 0.10507
0.42896 0.037602 0.1218
0.41536 0.037543 0.13937
0.40893 0.037565 0.15562
0.43037 0.037561 0.14499
0.41205 0.037563 0.16426
0.40994 0.037577 0.18472
0.42307 0.037555 0.16986
0.42504 0.037554 0.17656
0.41332 0.037615 0.21913
0.42615 0.037567 0.19962
0.43124 0.037565 0.20656
0.39935 0.037623 0.23314
0.41016 0.03768 0.25015
0.43031 0.03762 0.22421
0.40803 0.037682 0.26482
0.4036 0.037687 0.2735
0.42649 0.037736 0.27589
0.40812 0.037732 0.29405
0.39842 0.037774 0.30644
0.42286 0.037746 0.28336
0.41676 0.037751 0.29892
0.39703 0.037824 0.32386
0.39893 0.037899 0.33699
0.41764 0.037855 0.31619
0.40647 0.037946 0.33949
0.38198 0.038272 0.36317
0.41148 0.038018 0.3454
0.37151 0.038255 0.37681
0.36733 0.037982 0.39734
0.39362 0.038141 0.37395
0.38438 0.037996 0.38729
0.36635 0.03787 0.41795
0.3583 0.037929 0.43615
0.37994 0.037952 0.39936
0.34068 0.038289 0.456
0.32328 0.03838 0.47994
0.35572 0.03764 0.45059
0.32731 0.038098 0.49167
0.32304 0.038427 0.50044
0.33027 0.038489 0.53333
0.328 0.037819 0.50718
0.34749 0.038358 0.54257
0.35836 0.038072 0.5634
0.37548 0.038059 0.57604
0.37272 0.03828 0.60723
0.39692 0.038253 0.62375
0.38098 0.038123 0.62891
0.39084 0.037958 0.64888
0.4003 0.038077 0.63398
0.39446 0.037861 0.65783
0.40217 0.037771 0.66912
0.40958 0.037849 0.65601
0.42079 0.037753 0.66585
0.39542 0.037738 0.6874
0.40314 0.0377 0.69549
0.42397 0.037744 0.68417
0.42581 0.037673 0.69889
0.41042 0.037652 0.71543
0.40532 0.037621 0.7276
0.4242 0.037601 0.72455
0.40557 0.037576 0.75793
0.4242 0.037574 0.74534
0.41883 0.037577 0.76071
0.41065 0.037561 0.77741
0.40291 0.037544 0.79708
0.42816 0.037544 0.77813
0.43137 0.037532 0.79362
0.41537 0.037524 0.81465
0.43242 0.037527 0.80641
0.41995 0.037519 0.82301
0.40591 0.037531 0.83817
0.42519 0.037517 0.85955
0.41381 0.037522 0.87891
0.40939 0.03752 0.89675
0.42868 0.037515 0.87914
0.42343 0.037513 0.88799
0.41105 0.037521 0.9069
0.40926 0.03749 0.92966
0.42837 0.03749 0.9271
0.40396 0.037459 0.9447
0.41953 0.037471 0.93767
0.42909 0.033334 0.96112
0.43975 0.03754 0.0417
0.44558 0.037538 0.062297
0.45827 0.037535 0.045428
0.4405 0.037537 0.07269
0.44244 0.037622 0.095025
0.46497 0.037523 0.082339
0.45887 0.037697 0.10054
0.44342 0.037867 0.11731
0.46138 0.03776 0.10669
0.4493 0.037804 0.12907
0.44174 0.037551 0.14619
0.4555 0.037806 0.12999
0.46415 0.037535 0.14776
0.44863 0.037498 0.1603
0.44512 0.037547 0.18207
0.46244 0.037509 0.16878
0.4603 0.037547 0.18575
0.44792 0.037552 0.19676
0.44231 0.037563 0.20829
0.45556 0.037586 0.21556
0.43869 0.037627 0.22825
0.43461 0.03767 0.24205
0.45294 0.037623 0.22691
0.43686 0.037708 0.25204
0.43623 0.037713 0.26652
0.45849 0.037718 0.26071
0.46167 0.037777 0.27219
0.43342 0.03777 0.28129
0.44843 0.037826 0.28987
0.45493 0.037925 0.30239
0.43125 0.037888 0.3147
0.42713 0.037913 0.32963
0.45096 0.037965 0.3096
0.44538 0.037939 0.32206
0.42686 0.038011 0.34071
0.41755 0.038113 0.36002
0.45067 0.038088 0.33724
0.44232 0.038196 0.35017
0.43431 0.038296 0.36705
0.38894 0.037353 0.39981
0.38389 0.037098 0.42111
0.42046 0.036888 0.38027
0.40389 0.035205 0.40246
0.36501 0.036844 0.4431
0.34305 0.036139 0.47661
0.35329 0.03427 0.49134
0.33651 0.036325 0.51815
0.35458 0.037454 0.54336
0.34716 0.035616 0.5275
0.38666 0.035646 0.56334
0.38862 0.037014 0.58321
0.39971 0.037402 0.59856
0.39634 0.036239 0.58655
0.40777 0.037069 0.60075
0.40803 0.03841 0.61336
0.41699 0.038017 0.60884
0.42709 0.037983 0.62788
0.42026 0.037962 0.64341
0.44219 0.038094 0.63099
0.45148 0.03797 0.64042
0.43091 0.037763 0.65955
0.43044 0.037762 0.66868
0.45037 0.037805 0.65735
0.44881 0.037795 0.66563
0.43325 0.037711 0.68632
0.44235 0.037653 0.69906
0.46273 0.037595 0.6959
0.43971 0.037609 0.71394
0.44527 0.037581 0.72954
0.45475 0.037591 0.71133
0.45943 0.037557 0.73091
0.44815 0.037559 0.74012
0.43668 0.037555 0.76089
0.46086 0.037523 0.74423
0.45724 0.037532 0.76061
0.44116 0.03754 0.7752
0.44262 0.037528 0.79637
0.45546 0.037521 0.77828
0.46621 0.037521 0.79659
0.44437 0.037506 0.81944
0.45554 0.037502 0.8131
0.45533 0.037504 0.82247
0.44583 0.037517 0.83578
0.4387 0.037513 0.8593
0.46431 0.037509 0.8359
0.44089 0.037515 0.86943
0.44138 0.037509 0.8896
0.45385 0.037507 0.87979
0.46131 0.037504 0.89333
0.44779 0.037511 0.91308
0.44772 0.037488 0.92527
0.46089 0.037506 0.91366
0.4565 0.037475 0.92965
0.44484 0.037446 0.94678
0.46462 0.037441 0.94304
0.46051 0.033333 0.96315
0.39666 0.037846 0.43731
0.37048 0.038292 0.47025
0.37284 0.038307 0.53124
0.37683 0.036278 0.50579
0.48218 0.037523 0.046243
0.47863 0.037526 0.065082
0.49666 0.037516 0.039058
0.48859 0.037522 0.062856
0.4708 0.037524 0.082335
0.47314 0.037574 0.09482
0.49243 0.037519 0.073831
0.49084 0.037522 0.09422
0.47854 0.037577 0.11059
0.47246 0.037683 0.11596
0.48411 0.037521 0.10523
0.49411 0.037517 0.12373
0.47213 0.037649 0.13086
0.49268 0.037544 0.14765
0.47122 0.037524 0.16518
0.47907 0.037543 0.17955
0.48825 0.037553 0.16315
0.4807 0.037561 0.19568
0.4778 0.037585 0.21205
0.49248 0.037561 0.19399
0.49315 0.03758 0.21072
0.47491 0.037639 0.23276
0.48164 0.037655 0.23835
0.49075 0.037634 0.22605
0.49737 0.037648 0.23824
0.46954 0.037721 0.26105
0.48298 0.037734 0.26474
0.49757 0.037715 0.26016
0.50236 0.037781 0.27229
0.47318 0.037863 0.28747
0.476 0.037947 0.29519
0.48834 0.037961 0.2953
0.46762 0.038068 0.31153
0.47091 0.038307 0.3236
0.48744 0.038126 0.31193
0.49005 0.038351 0.32256
0.46787 0.038406 0.33249
0.47058 0.038611 0.33922
0.48968 0.03881 0.33973
0.45491 0.038245 0.36054
0.47771 0.03857 0.34672
0.47873 0.037839 0.3509
0.43633 0.036182 0.37901
0.43236 0.034626 0.39014
0.46415 0.035626 0.36382
0.46387 0.034332 0.37043
0.41835 0.033586 0.41616
0.4374 0.033362 0.49902
0.39247 0.033433 0.5181
0.40138 0.034335 0.57676
0.44424 0.033748 0.59812
0.43839 0.035449 0.60582
0.47856 0.034058 0.58746
0.49123 0.035432 0.60015
0.44181 0.037513 0.61303
0.45805 0.038173 0.61932
0.48818 0.037052 0.60938
0.49875 0.037864 0.61747
0.46198 0.038193 0.62655
0.46532 0.037904 0.64423
0.48215 0.038051 0.62616
0.49571 0.037909 0.63753
0.46314 0.037853 0.64929
0.46608 0.03773 0.66416
0.49703 0.037704 0.64726
0.47429 0.03768 0.67368
0.47278 0.03758 0.69959
0.48479 0.037603 0.67685
0.49217 0.037552 0.69057
0.4782 0.037541 0.71847
0.49258 0.037551 0.70177
0.49427 0.037523 0.72188
0.47864 0.037509 0.73986
0.48012 0.037509 0.75343
0.49562 0.037485 0.74126
0.49721 0.037499 0.75333
0.48188 0.037528 0.76682
0.47286 0.037516 0.78971
0.49355 0.037513 0.79546
0.48077 0.037494 0.82526
0.49561 0.0375 0.80646
0.49344 0.037491 0.82783
0.47878 0.037499 0.83997
0.48085 0.037493 0.85674
0.48767 0.037489 0.85387
0.47766 0.037503 0.87285
0.47495 0.037498 0.88412
0.49545 0.037498 0.87818
0.47069 0.037474 0.92644
0.49225 0.037501 0.90736
0.48738 0.037458 0.92878
0.47718 0.037429 0.94382
0.47711 0.033821 0.95214
0.48838 0.037433 0.9374
0.46247 0.03397 0.42607
0.40018 0.034157 0.50488
0.43303 0.03387 0.51343
0.45896 0.033973 0.5607
0.45884 0.036275 0.38874
0.46768 0.03711 0.38051
0.40722 0.036116 0.43319
0.38631 0.035268 0.46724
0.40958 0.037156 0.42107
0.39138 0.036597 0.44912
0.46643 0.034916 0.41003
0.42494 0.034073 0.45127
0.46617 0.036111 0.38855
0.43182 0.033788 0.49464
0.40944 0.034357 0.53563
0.36918 0.038367 0.5289
0.4206 0.037218 0.58419
0.47898 0.033949 0.55138
0.44678 0.035791 0.5829
0.4404 0.033892 0.54045
0.43196 0.036384 0.58973
0.42354 0.037024 0.58898
0.46934 0.036961 0.38201
0.42775 0.036576 0.41641
0.40656 0.034879 0.47417
0.44349 0.035848 0.4144
0.39218 0.035185 0.48243
0.44942 0.037668 0.3926
0.42698 0.034361 0.47943
0.4558 0.035123 0.41808
0.45161 0.034769 0.46006
0.38642 0.036637 0.53643
0.40407 0.036794 0.55555
0.38005 0.036072 0.50099
0.4245 0.034908 0.55688
0.42012 0.034263 0.51156
0.47013 0.034281 0.55971
0.4479 0.034118 0.50454
0.43465 0.034541 0.56169
0.42448 0.036976 0.58822
0.47363 0.037484 0.57675
0.44351 0.034493 0.44242
0.4572 0.034585 0.52798
0.50835 0.03751 0.045661
0.52652 0.037502 0.047709
0.52551 0.037504 0.057622
0.50731 0.037512 0.072273
0.50723 0.037516 0.089277
0.53076 0.037501 0.068295
0.52462 0.037506 0.089426
0.50214 0.037509 0.10711
0.51236 0.037508 0.11715
0.52849 0.037497 0.10941
0.52361 0.037499 0.11594
0.51623 0.037517 0.13781
0.51446 0.037523 0.14837
0.52051 0.037512 0.13658
0.52302 0.037528 0.15928
0.51283 0.037534 0.16443
0.51822 0.037522 0.1794
0.53225 0.037508 0.17674
0.52231 0.037519 0.18051
0.51888 0.037556 0.20409
0.5064 0.037567 0.2097
0.53237 0.037526 0.20152
0.53556 0.037517 0.21515
0.51898 0.037637 0.23338
0.51907 0.037667 0.24481
0.53313 0.037746 0.2385
0.53201 0.037838 0.24827
0.51177 0.037748 0.26992
0.53688 0.037925 0.25928
0.5331 0.037869 0.26434
0.51204 0.037796 0.28052
0.52013 0.037862 0.29346
0.53993 0.038053 0.27771
0.539 0.037991 0.29093
0.50644 0.038021 0.30797
0.53689 0.037925 0.30777
0.5384 0.03791 0.31582
0.49842 0.038705 0.33762
0.52552 0.038274 0.32705
0.53659 0.038225 0.34886
0.50404 0.038265 0.34361
0.50573 0.037872 0.34608
0.53692 0.037705 0.37677
0.52062 0.035695 0.36415
0.51116 0.034506 0.36987
0.5298 0.035786 0.38729
0.50763 0.03443 0.42629
0.48623 0.033418 0.43998
0.49709 0.033802 0.45066
0.50466 0.033438 0.47771
0.46951 0.033381 0.52644
0.51612 0.033621 0.58653
0.55035 0.03342 0.54629
0.5691 0.034218 0.5884
0.50241 0.036001 0.60539
0.54054 0.035647 0.59878
0.53815 0.036833 0.60708
0.52528 0.037561 0.61516
0.5058 0.038049 0.63165
0.52137 0.038048 0.62123
0.53112 0.037916 0.63284
0.50691 0.037742 0.64421
0.51373 0.037584 0.65597
0.52877 0.037635 0.65005
0.53296 0.037624 0.659
0.50921 0.037597 0.67378
0.50368 0.037554 0.68773
0.52207 0.037631 0.67029
0.53323 0.037577 0.6862
0.5035 0.037522 0.71205
0.5098 0.037513 0.7257
0.52063 0.037513 0.72654
0.50861 0.037481 0.73951
0.50979 0.037484 0.75088
0.52759 0.037505 0.73218
0.52101 0.037485 0.75223
0.51598 0.037507 0.76625
0.50658 0.037504 0.78912
0.52798 0.037495 0.77686
0.53236 0.037499 0.78968
0.50793 0.037493 0.80699
0.51319 0.037479 0.81662
0.52471 0.037482 0.81111
0.52512 0.037482 0.82098
0.51189 0.037487 0.85086
0.53242 0.037489 0.8579
0.51019 0.037501 0.87526
0.51561 0.037496 0.88993
0.53115 0.037499 0.87433
0.53183 0.037494 0.89253
0.50263 0.037497 0.91326
0.52106 0.0375 0.9098
0.50495 0.034025 0.95161
0.52813 0.037375 0.94404
0.52603 0.033341 0.95779
0.46668 0.03406 0.50563
0.49814 0.033824 0.54886
0.48412 0.034547 0.40295
0.48022 0.033992 0.48057
0.5172 0.037217 0.40674
0.46351 0.033911 0.44346
0.52012 0.035234 0.51566
0.48714 0.037095 0.45161
0.54274 0.036727 0.51464
0.50085 0.033823 0.52738
0.49188 0.035006 0.57075
0.53276 0.034233 0.55188
0.52176 0.036959 0.57831
0.5531 0.034492 0.54374
0.55219 0.036075 0.5837
0.57904 0.038043 0.54285
0.57609 0.038282 0.56897
0.50923 0.036482 0.58489
0.51307 0.036877 0.39503
0.5138 0.03598 0.40172
0.45734 0.033938 0.48298
0.48539 0.03491 0.42531
0.47908 0.034775 0.46194
0.48639 0.037349 0.45144
0.51436 0.035539 0.49663
0.49206 0.034928 0.48486
0.51629 0.034288 0.53311
0.50747 0.036319 0.5631
0.48542 0.034583 0.51336
0.50221 0.034952 0.55699
0.5726 0.03762 0.55089
0.56602 0.036979 0.5757
0.5457 0.035767 0.52668
0.46533 0.034429 0.45262
0.47455 0.034499 0.46638
0.49598 0.034614 0.52012
0.54214 0.037498 0.054828
0.56442 0.037489 0.036759
0.56015 0.03749 0.064059
0.5442 0.037496 0.094163
0.55612 0.037491 0.072472
0.55683 0.037492 0.090172
0.54448 0.037489 0.1104
0.5491 0.037496 0.12652
0.55419 0.037484 0.10986
0.55437 0.037492 0.12686
0.54533 0.037494 0.13691
0.56494 0.037482 0.13905
0.55797 0.037485 0.15057
0.54891 0.037491 0.1751
0.56671 0.037478 0.17347
0.55033 0.037475 0.2075
0.54377 0.037568 0.22478
0.5662 0.03748 0.20457
0.55886 0.037619 0.23066
0.54751 0.037808 0.23908
0.55451 0.037746 0.23781
0.55847 0.037861 0.25568
0.54752 0.038081 0.2621
0.55737 0.037895 0.26639
0.55641 0.037929 0.27182
0.54576 0.038038 0.28753
0.56002 0.037828 0.28638
0.55844 0.037802 0.29415
0.55121 0.037821 0.30827
0.54988 0.03787 0.32857
0.56161 0.037672 0.32257
0.56465 0.037671 0.34204
0.54277 0.038024 0.3322
0.54648 0.038007 0.36564
0.55836 0.037778 0.35301
0.53451 0.03785 0.38956
0.53478 0.037556 0.40559
0.53156 0.037376 0.41044
0.51381 0.03517 0.43307
0.53335 0.036848 0.43435
0.51974 0.034097 0.4622
0.54114 0.033979 0.49528
0.57023 0.033923 0.52392
0.59829 0.036184 0.53423
0.60397 0.036699 0.5608
0.58847 0.035863 0.59014
0.56349 0.037345 0.5993
0.59843 0.036778 0.58569
0.60242 0.037382 0.59384
0.56865 0.037721 0.60317
0.59809 0.037712 0.60985
0.57674 0.037889 0.6153
0.55717 0.037782 0.62218
0.53969 0.037864 0.63354
0.57652 0.037741 0.63881
0.54723 0.037776 0.64655
0.54736 0.037676 0.66451
0.57003 0.037714 0.64358
0.54002 0.037646 0.6712
0.54842 0.037592 0.69366
0.56369 0.037638 0.67508
0.55522 0.037595 0.69435
0.53706 0.037547 0.70935
0.53957 0.037532 0.72489
0.55909 0.037586 0.70274
0.54037 0.037503 0.73656
0.55345 0.037485 0.74537
0.56368 0.037493 0.75981
0.53926 0.037497 0.76713
0.54309 0.037501 0.79122
0.56425 0.037482 0.7783
0.56396 0.037506 0.79541
0.54816 0.037508 0.80264
0.54296 0.037487 0.82753
0.55473 0.037505 0.80512
0.55561 0.037488 0.82392
0.54002 0.037484 0.84626
0.5534 0.037486 0.84487
0.56025 0.037489 0.86047
0.54171 0.03749 0.88516
0.55648 0.037491 0.87948
0.56421 0.037491 0.88717
0.54677 0.037495 0.90727
0.53724 0.037441 0.92813
0.55895 0.037497 0.91063
0.5551 0.037447 0.92775
0.54379 0.03739 0.94323
0.54778 0.033335 0.95971
0.56308 0.037407 0.94038
0.55409 0.03367 0.95263
0.54683 0.036523 0.51747
0.55679 0.036766 0.52342
0.57708 0.037485 0.045356
0.58749 0.037482 0.040832
0.59558 0.03748 0.063676
0.57317 0.037482 0.096879
0.58982 0.037479 0.074307
0.5963 0.037476 0.096046
0.57248 0.037476 0.11285
0.57725 0.037481 0.12804
0.59499 0.037473 0.10715
0.58773 0.037474 0.11911
0.58313 0.037471 0.14668
0.59974 0.037468 0.13944
0.59417 0.037472 0.15766
0.58041 0.037462 0.17757
0.57326 0.037477 0.18784
0.58898 0.037456 0.18025
0.59881 0.037456 0.18728
0.57112 0.037523 0.22402
0.59208 0.037477 0.2139
0.57066 0.037604 0.24234
0.56679 0.037698 0.2558
0.59891 0.037471 0.23847
0.58686 0.037485 0.25633
0.57481 0.037565 0.26152
0.58594 0.037501 0.26891
0.58821 0.037523 0.28469
0.5656 0.037727 0.28793
0.57482 0.037588 0.30575
0.58987 0.037536 0.30402
0.58683 0.037536 0.31333
0.57294 0.037587 0.32923
0.5897 0.037472 0.34489
0.58855 0.037451 0.35968
0.5669 0.037597 0.36418
0.55567 0.037411 0.39738
0.57351 0.037438 0.38439
0.54761 0.037099 0.4169
0.54586 0.037121 0.43186
0.56951 0.037437 0.41726
0.53935 0.037331 0.4434
0.53615 0.037417 0.4629
0.54164 0.037478 0.45197
0.54149 0.037293 0.46128
0.54731 0.036703 0.49016
0.56641 0.037545 0.50634
0.54841 0.037017 0.48001
0.56951 0.037662 0.50429
0.60112 0.037519 0.5282
0.61111 0.038081 0.54579
0.59736 0.037561 0.51955
0.61627 0.038178 0.5491
0.61141 0.037747 0.56089
0.60403 0.037628 0.59868
0.61979 0.038061 0.55976
0.61943 0.037802 0.58311
0.61068 0.03795 0.61124
0.61783 0.037976 0.60684
0.61961 0.038058 0.62652
0.59994 0.037936 0.63401
0.59229 0.037803 0.63996
0.61942 0.03817 0.64607
0.58347 0.03768 0.65017
0.57722 0.037619 0.66726
0.61776 0.037971 0.65744
0.59969 0.037657 0.66757
0.58143 0.037617 0.67689
0.59212 0.037629 0.67505
0.59003 0.037616 0.69012
0.57133 0.037543 0.72152
0.59085 0.037552 0.72024
0.57234 0.03752 0.73369
0.59658 0.03749 0.74566
0.5919 0.037494 0.76154
0.57091 0.037487 0.78573
0.59138 0.037501 0.79559
0.57836 0.037509 0.79912
0.57676 0.037487 0.81666
0.58999 0.037492 0.81259
0.57767 0.037491 0.84176
0.59641 0.037495 0.84307
0.57315 0.037494 0.86994
0.59598 0.037496 0.8936
0.57333 0.037498 0.90923
0.59225 0.037499 0.90756
0.57351 0.03739 0.94651
0.57665 0.033968 0.95182
0.59079 0.037419 0.94189
0.58549 0.033333 0.96316
0.61102 0.037478 0.045607
0.61338 0.037477 0.06285
0.63121 0.037476 0.042845
0.63314 0.037477 0.054263
0.61679 0.037474 0.076594
0.6051 0.037477 0.088966
0.63347 0.037472 0.081129
0.6285 0.037474 0.087523
0.61249 0.037467 0.1136
0.61101 0.037468 0.1299
0.624 0.037466 0.10687
0.63021 0.037462 0.12697
0.60522 0.037467 0.13465
0.61635 0.03746 0.16372
0.63004 0.037457 0.13753
0.63069 0.037453 0.15274
0.60918 0.037453 0.17588
0.61601 0.037448 0.18902
0.62936 0.037449 0.17114
0.6141 0.037443 0.21112
0.60692 0.037462 0.2294
0.62345 0.03743 0.21531
0.62353 0.037432 0.2282
0.60278 0.037428 0.25236
0.62162 0.037405 0.24674
0.624 0.037403 0.25737
0.62412 0.037411 0.28224
0.6033 0.037458 0.32214
0.61643 0.037434 0.30738
0.61925 0.037397 0.34193
0.61197 0.037399 0.3488
0.60808 0.037322 0.37883
0.58477 0.037385 0.38477
0.57898 0.037501 0.41019
0.59693 0.037308 0.38587
0.59077 0.037559 0.40963
0.56154 0.037208 0.43981
0.57622 0.037153 0.43747
0.56074 0.036991 0.45194
0.55794 0.036861 0.47498
0.57013 0.036914 0.4584
0.57476 0.036946 0.46217
0.58037 0.037259 0.49656
0.58505 0.037107 0.48207
0.60053 0.037262 0.49929
0.60751 0.037586 0.51305
0.62214 0.038172 0.54189
0.61782 0.037542 0.50974
0.62775 0.037855 0.53314
0.63109 0.038056 0.55504
0.63531 0.037768 0.57893
0.64087 0.037891 0.5546
0.64225 0.037766 0.57391
0.63431 0.037781 0.59518
0.64495 0.037744 0.60345
0.63153 0.038154 0.63947
0.64684 0.037872 0.63916
0.62578 0.038187 0.65715
0.61479 0.037803 0.66893
0.6346 0.03782 0.67606
0.63558 0.037693 0.68418
0.60721 0.037614 0.70272
0.60547 0.037551 0.72023
0.62724 0.037536 0.7236
0.61005 0.037514 0.73918
0.60488 0.037487 0.75206
0.62452 0.037502 0.74258
0.6244 0.037487 0.75054
0.60899 0.037484 0.77784
0.61035 0.037485 0.78417
0.62565 0.037485 0.77782
0.62804 0.037485 0.78498
0.60305 0.037507 0.80067
0.60608 0.037499 0.82974
0.62827 0.037503 0.8038
0.63217 0.037501 0.82696
0.60673 0.037501 0.83702
0.60225 0.037492 0.85178
0.62475 0.037504 0.84135
0.62249 0.037496 0.85539
0.60947 0.037497 0.86892
0.60441 0.037496 0.88965
0.6186 0.037499 0.8776
0.62848 0.037499 0.88751
0.60715 0.0375 0.90851
0.60796 0.037477 0.92605
0.61954 0.037479 0.9275
0.60976 0.037445 0.94488
0.62161 0.037461 0.93744
0.62769 0.033333 0.96435
0.64033 0.037475 0.04727
0.65512 0.037475 0.038477
0.65714 0.037473 0.064673
0.64769 0.03747 0.080504
0.64159 0.037466 0.097464
0.66483 0.037469 0.074822
0.6677 0.037468 0.086774
0.6571 0.037456 0.11199
0.64911 0.037448 0.16366
0.6593 0.037448 0.14488
0.66047 0.037446 0.16328
0.64459 0.037441 0.17305
0.6456 0.037432 0.1975
0.65923 0.037429 0.18051
0.65565 0.037424 0.18784
0.64504 0.037425 0.20469
0.6417 0.037414 0.22196
0.66434 0.037413 0.20774
0.66289 0.037408 0.22434
0.63653 0.037405 0.24509
0.64159 0.037407 0.26556
0.65387 0.03738 0.27022
0.63483 0.037389 0.28375
0.63257 0.037383 0.30051
0.65999 0.037349 0.28452
0.64909 0.037349 0.29539
0.63385 0.037361 0.32193
0.64481 0.037358 0.34323
0.6252 0.037384 0.35013
0.6176 0.037261 0.38224
0.64385 0.037331 0.35393
0.63887 0.037242 0.3786
0.60429 0.037403 0.41238
0.61543 0.037263 0.40798
0.60221 0.037198 0.43783
0.61685 0.037175 0.42716
0.61591 0.03718 0.43733
0.5925 0.037091 0.45562
0.60365 0.037074 0.46812
0.61889 0.037156 0.454
0.61078 0.037162 0.48607
0.61428 0.037191 0.49241
0.62353 0.037177 0.48457
0.63583 0.037274 0.49807
0.62633 0.037409 0.50658
0.63833 0.037643 0.52596
0.64557 0.037418 0.5116
0.66132 0.037482 0.5287
0.66368 0.03756 0.55511
0.67117 0.037557 0.5735
0.66617 0.03762 0.58244
0.66974 0.037559 0.59817
0.68079 0.037538 0.59653
0.66134 0.037627 0.63279
0.67726 0.037452 0.61246
0.66794 0.037612 0.6369
0.65331 0.037866 0.65115
0.67405 0.037622 0.64983
0.65041 0.037547 0.69008
0.65607 0.037689 0.67297
0.65715 0.037564 0.68503
0.6432 0.037468 0.70569
0.64043 0.037505 0.72259
0.65702 0.037457 0.71066
0.66661 0.037483 0.72313
0.6462 0.037499 0.73337
0.64071 0.037488 0.75226
0.65987 0.037494 0.74048
0.65657 0.037482 0.75076
0.63637 0.037487 0.77595
0.64583 0.037485 0.7883
0.65451 0.037485 0.77109
0.65465 0.037488 0.79238
0.64562 0.037497 0.80582
0.64231 0.037501 0.82701
0.66217 0.0375 0.80931
0.66395 0.037504 0.82856
0.64391 0.037505 0.83461
0.64348 0.037501 0.85154
0.65384 0.037508 0.83956
0.65933 0.037506 0.86129
0.64746 0.037504 0.87909
0.64736 0.037503 0.8871
0.65417 0.037505 0.88027
0.66256 0.037507 0.8926
0.64354 0.037506 0.90684
0.63608 0.037471 0.92659
0.66223 0.037509 0.90182
0.65852 0.037498 0.91785
0.63494 0.037433 0.94135
0.64057 0.033543 0.95337
0.65581 0.037418 0.93926
0.66376 0.033425 0.95452
0.68222 0.037474 0.045304
0.68435 0.037474 0.052216
0.70076 0.037473 0.040784
0.69206 0.037471 0.059869
0.69962 0.037468 0.073001
0.69805 0.037463 0.093769
0.67207 0.03746 0.10405
0.67235 0.037454 0.12632
0.67569 0.037448 0.14444
0.67767 0.037445 0.16174
0.68081 0.03743 0.17441
0.69335 0.037422 0.17902
0.67963 0.037402 0.21324
0.67018 0.037405 0.22485
0.69429 0.037388 0.22015
0.68589 0.037389 0.23373
0.67343 0.037374 0.24853
0.68425 0.037356 0.25504
0.6899 0.037353 0.26022
0.67058 0.037327 0.29974
0.6885 0.037323 0.2892
0.68001 0.03732 0.29821
0.65922 0.037326 0.33791
0.67905 0.037303 0.32661
0.67756 0.037301 0.33357
0.66386 0.03726 0.35311
0.6546 0.037232 0.36765
0.66975 0.037234 0.36207
0.66313 0.037201 0.37645
0.64389 0.037163 0.39131
0.63743 0.037122 0.40328
0.66416 0.037177 0.39403
0.66303 0.037176 0.40342
0.64377 0.037127 0.41976
0.63715 0.037161 0.4397
0.65799 0.037175 0.41953
0.66599 0.03719 0.43432
0.64052 0.037154 0.46886
0.66364 0.03718 0.45376
0.64715 0.037205 0.48294
0.66033 0.037246 0.49399
0.67492 0.037244 0.4802
0.68152 0.037306 0.49844
0.66056 0.037422 0.51339
0.66786 0.037441 0.53034
0.68574 0.037373 0.52223
0.67225 0.037407 0.54071
0.68313 0.037433 0.57222
0.68809 0.037314 0.53935
0.696 0.037362 0.57048
0.688 0.037488 0.59913
0.69425 0.037406 0.57903
0.71022 0.037406 0.59876
0.69529 0.037423 0.60692
0.70638 0.037444 0.61666
0.70768 0.03749 0.63318
0.68608 0.037557 0.65005
0.68376 0.037546 0.65804
0.70055 0.037515 0.64237
0.69976 0.037522 0.65743
0.67598 0.037496 0.69181
0.69336 0.037488 0.68588
0.68169 0.037498 0.70985
0.67246 0.037488 0.72147
0.68814 0.037498 0.70133
0.67799 0.037494 0.74597
0.67122 0.037491 0.76154
0.69402 0.037501 0.73793
0.69779 0.037502 0.75978
0.67443 0.037494 0.77019
0.67656 0.037494 0.78931
0.69234 0.037503 0.76913
0.68643 0.037501 0.79702
0.67224 0.037502 0.80449
0.68568 0.037504 0.80267
0.68768 0.037507 0.82583
0.67972 0.037508 0.84702
0.69348 0.037511 0.83667
0.68654 0.037511 0.86372
0.67959 0.037511 0.86989
0.69001 0.037513 0.86889
0.69046 0.037514 0.89332
0.6781 0.037513 0.90746
0.66884 0.037451 0.92995
0.68868 0.037453 0.9292
0.67969 0.037399 0.94201
0.68101 0.033333 0.96337
0.69477 0.033344 0.95747
0.71051 0.037473 0.037531
0.70948 0.037472 0.055415
0.72605 0.037473 0.042815
0.7286 0.03747 0.061687
0.71211 0.037466 0.077632
0.72947 0.037465 0.07705
0.71223 0.037456 0.1035
0.70853 0.037447 0.1297
0.72711 0.037447 0.11516
0.73075 0.037442 0.13092
0.70597 0.037433 0.1623
0.73258 0.037435 0.15091
0.73016 0.03743 0.16374
0.70631 0.037418 0.18138
0.70374 0.037406 0.19927
0.72213 0.037424 0.17317
0.73076 0.03741 0.19227
0.70543 0.037398 0.20701
0.70412 0.037383 0.22678
0.72003 0.037387 0.21549
0.70933 0.037358 0.25459
0.72744 0.037341 0.26151
0.71004 0.03733 0.27887
0.70688 0.037316 0.30074
0.69215 0.037314 0.31836
0.69646 0.037287 0.34124
0.71927 0.0373 0.31838
0.70438 0.037282 0.34214
0.6967 0.037271 0.34794
0.69218 0.037227 0.3713
0.7093 0.037278 0.34798
0.71181 0.037262 0.36976
0.69098 0.037196 0.38981
0.67735 0.037195 0.40149
0.70217 0.037228 0.38172
0.69519 0.037203 0.40443
0.6815 0.037201 0.4227
0.70671 0.037258 0.41199
0.69559 0.03723 0.42931
0.68597 0.037197 0.44292
0.67981 0.037214 0.46619
0.70437 0.03728 0.44776
0.7011 0.037273 0.46266
0.6889 0.037236 0.47382
0.69262 0.037272 0.49144
0.69664 0.037257 0.47156
0.70744 0.03732 0.49266
0.70824 0.037342 0.50831
0.71715 0.037361 0.52138
0.70572 0.037324 0.54792
0.72336 0.037347 0.54517
0.73192 0.037326 0.56644
0.72754 0.037556 0.6023
0.73431 0.037307 0.57985
0.73247 0.037429 0.59147
0.7231 0.037564 0.62795
0.73483 0.037772 0.60957
0.7388 0.03773 0.62659
0.71896 0.037523 0.64657
0.72238 0.037515 0.6533
0.73189 0.03754 0.64052
0.73237 0.037526 0.66068
0.7165 0.037501 0.68121
0.71149 0.037502 0.69
0.72811 0.037523 0.67272
0.73067 0.037516 0.68725
0.71734 0.037507 0.70954
0.70496 0.037503 0.72243
0.72181 0.037505 0.71888
0.70828 0.037507 0.73914
0.70754 0.037504 0.75361
0.72931 0.037511 0.73726
0.72513 0.037506 0.75624
0.71176 0.037515 0.77348
0.70256 0.037507 0.78972
0.72356 0.037515 0.77272
0.71186 0.037512 0.81309
0.70255 0.037511 0.82488
0.72451 0.037515 0.80182
0.7147 0.037517 0.83477
0.70246 0.037514 0.85767
0.72108 0.037518 0.83514
0.70939 0.037518 0.88006
0.70337 0.037516 0.88475
0.71952 0.037521 0.87141
0.73157 0.037525 0.89515
0.70231 0.037519 0.90814
0.71354 0.037512 0.91765
0.72983 0.037525 0.90487
0.70907 0.033335 0.95964
0.73108 0.037415 0.94003
0.73992 0.037474 0.04385
0.74254 0.037472 0.058131
0.76208 0.03747 0.059485
0.75691 0.037462 0.078647
0.75456 0.037457 0.093087
0.76491 0.037452 0.10713
0.7548 0.037447 0.12104
0.7428 0.037435 0.15025
0.73889 0.037434 0.15623
0.75608 0.037438 0.13796
0.76366 0.037421 0.16214
0.73977 0.037419 0.17609
0.74466 0.037399 0.20009
0.75537 0.037406 0.18314
0.75338 0.037395 0.19836
0.7477 0.037383 0.21217
0.74062 0.03736 0.23783
0.75832 0.037361 0.23146
0.73911 0.037343 0.25171
0.76197 0.037347 0.24221
0.74147 0.037316 0.27722
0.7283 0.037308 0.2945
0.75564 0.037313 0.28038
0.7275 0.037297 0.33685
0.7435 0.0373 0.3112
0.74374 0.037299 0.33279
0.72333 0.03729 0.34917
0.71977 0.03727 0.37426
0.74237 0.037284 0.3539
0.74552 0.037281 0.36503
0.72867 0.037249 0.3875
0.72337 0.037251 0.39575
0.74723 0.037276 0.38284
0.73594 0.037254 0.39717
0.72004 0.037266 0.41015
0.71812 0.037279 0.43519
0.74167 0.037276 0.41752
0.71511 0.03729 0.44685
0.71698 0.037302 0.46449
0.73903 0.037281 0.44665
0.74325 0.037292 0.45665
0.72872 0.03729 0.47073
0.7217 0.037321 0.48885
0.74763 0.037321 0.47571
0.74711 0.037328 0.48562
0.74874 0.037354 0.50694
0.7459 0.037357 0.52902
0.73486 0.037356 0.54355
0.7386 0.037342 0.5628
0.75107 0.037376 0.53959
0.76117 0.0374 0.55515
0.74875 0.037368 0.5853
0.75394 0.037661 0.6032
0.75743 0.037689 0.60699
0.74457 0.037576 0.63986
0.74486 0.037539 0.65839
0.76153 0.037566 0.64095
0.74799 0.03756 0.6729
0.74482 0.037538 0.69283
0.76487 0.037544 0.681
0.74795 0.037533 0.71219
0.74445 0.037521 0.73127
0.74385 0.03751 0.74869
0.74074 0.037509 0.75304
0.75903 0.037513 0.75595
0.74556 0.037519 0.77425
0.7444 0.03752 0.79311
0.75425 0.037516 0.76962
0.74862 0.037522 0.81337
0.74802 0.037523 0.83116
0.75625 0.037522 0.80453
0.76201 0.037523 0.82287
0.73862 0.037524 0.85849
0.75637 0.037527 0.84652
0.74354 0.037526 0.86806
0.73954 0.037527 0.8971
0.75617 0.037528 0.87738
0.75556 0.037529 0.89232
0.74636 0.037529 0.90152
0.7618 0.037532 0.90869
0.75443 0.037483 0.92849
0.7368 0.037426 0.93895
0.73856 0.033344 0.95757
0.76332 0.033334 0.96064
0.7735 0.037473 0.044275
0.78183 0.037472 0.053063
0.79619 0.037473 0.047894
0.79905 0.037467 0.064257
0.77713 0.037465 0.069821
0.79113 0.037456 0.092265
0.78164 0.037449 0.11635
0.78059 0.037438 0.13237
0.79232 0.037449 0.11283
0.79588 0.037439 0.12751
0.78145 0.037426 0.14762
0.77856 0.037415 0.16136
0.78835 0.037429 0.14034
0.78928 0.037406 0.1661
0.77822 0.037395 0.1821
0.79749 0.037397 0.17267
0.78568 0.037375 0.20108
0.77655 0.037371 0.21255
0.77845 0.037352 0.23436
0.79241 0.037354 0.21733
0.7877 0.037346 0.23317
0.76906 0.037343 0.24453
0.76657 0.037324 0.27064
0.78694 0.037337 0.24288
0.78614 0.037328 0.2609
0.7869 0.037324 0.28272
0.75823 0.037303 0.32148
0.76329 0.037303 0.33641
0.79035 0.037303 0.30815
0.77617 0.037288 0.33005
0.76259 0.037298 0.35269
0.76013 0.037295 0.36844
0.77395 0.037288 0.34493
0.77194 0.037289 0.36402
0.76193 0.037291 0.38308
0.76525 0.037288 0.39846
0.78075 0.037301 0.38073
0.78069 0.037305 0.39847
0.76306 0.037291 0.41255
0.759 0.037295 0.42689
0.77173 0.037299 0.40963
0.77671 0.037312 0.43155
0.75834 0.037304 0.44661
0.77481 0.037315 0.44863
0.77233 0.037311 0.45292
0.75537 0.037324 0.47229
0.7629 0.037334 0.48718
0.77621 0.037331 0.47028
0.78629 0.037365 0.49132
0.77099 0.037354 0.51101
0.78051 0.037363 0.50738
0.79022 0.037394 0.52803
0.76696 0.037406 0.55877
0.78545 0.037393 0.53356
0.79051 0.037418 0.56068
0.77512 0.037411 0.57867
0.77262 0.037441 0.59003
0.78928 0.037421 0.57645
0.77872 0.037441 0.60317
0.78746 0.037445 0.60445
0.77165 0.037571 0.63584
0.7733 0.037548 0.65663
0.7955 0.037535 0.64264
0.79104 0.037535 0.66344
0.77465 0.03754 0.68137
0.77647 0.037534 0.68967
0.79703 0.037529 0.67975
0.79655 0.037527 0.68497
0.78058 0.037524 0.70921
0.77041 0.037526 0.73046
0.78698 0.037523 0.73178
0.77698 0.037527 0.74028
0.78031 0.03752 0.76284
0.79732 0.037526 0.74043
0.79529 0.037527 0.79338
0.77062 0.037525 0.81457
0.77694 0.037527 0.82953
0.78721 0.037528 0.80511
0.7974 0.037531 0.82962
0.77593 0.03753 0.85213
0.78741 0.037531 0.84109
0.77773 0.037533 0.87638
0.7715 0.037532 0.89461
0.79512 0.037537 0.89147
0.77678 0.037489 0.93068
0.79132 0.037538 0.91255
0.78117 0.037443 0.94761
0.77225 0.033334 0.96301
0.79063 0.037455 0.94106
0.79581 0.033369 0.95598
0.8036 0.037473 0.047161
0.8042 0.037472 0.054729
0.82938 0.037473 0.047332
0.83179 0.037472 0.052723
0.80343 0.037462 0.078392
0.80489 0.037456 0.094229
0.82838 0.037465 0.074116
0.82125 0.037457 0.091311
0.80998 0.037451 0.1069
0.80857 0.037439 0.12532
0.82017 0.037448 0.10991
0.82705 0.037433 0.12768
0.8269 0.037418 0.14333
0.81907 0.037383 0.17859
0.8189 0.037369 0.19077
0.80911 0.037346 0.2121
0.80169 0.037335 0.228
0.83058 0.037327 0.2183
0.82709 0.037312 0.22844
0.80227 0.037317 0.24355
0.80442 0.037313 0.26352
0.82764 0.037286 0.2624
0.81055 0.037316 0.2864
0.80467 0.03732 0.29564
0.82706 0.037305 0.28222
0.81847 0.03731 0.29858
0.8075 0.037308 0.3084
0.80009 0.037297 0.3249
0.8194 0.037307 0.30917
0.81015 0.037298 0.33353
0.79532 0.037297 0.34937
0.79973 0.0373 0.35864
0.81003 0.0373 0.35106
0.79278 0.037306 0.38279
0.791 0.037313 0.40071
0.81805 0.037301 0.3818
0.79114 0.037321 0.4125
0.79175 0.03733 0.43013
0.81092 0.037313 0.42469
0.79255 0.037336 0.44351
0.80287 0.037325 0.45458
0.81829 0.037324 0.43985
0.79536 0.037355 0.47175
0.79205 0.037372 0.4913
0.79412 0.037384 0.50983
0.80531 0.037374 0.51852
0.81755 0.03737 0.51838
0.80543 0.037416 0.55312
0.81532 0.037403 0.54893
0.80863 0.037449 0.59538
0.82845 0.03744 0.57512
0.82412 0.037448 0.59227
0.81181 0.037456 0.61083
0.8138 0.037478 0.62582
0.82667 0.037455 0.60532
0.82107 0.037468 0.62251
0.80764 0.037531 0.64449
0.80841 0.037532 0.65144
0.82192 0.037484 0.63369
0.81403 0.037523 0.6674
0.80713 0.037528 0.69735
0.82527 0.037519 0.68555
0.80954 0.037527 0.709
0.82396 0.037521 0.70776
0.80603 0.037526 0.73563
0.80678 0.037527 0.76126
0.83225 0.037525 0.73966
0.83271 0.037527 0.75476
0.80368 0.037527 0.77437
0.80723 0.03753 0.79572
0.83127 0.037529 0.77793
0.82493 0.03753 0.79249
0.80989 0.037532 0.80518
0.8243 0.037536 0.82597
0.80394 0.037535 0.846
0.81041 0.037537 0.85883
0.82926 0.037538 0.84197
0.8288 0.03754 0.86117
0.8143 0.037539 0.87125
0.80378 0.037538 0.89015
0.8259 0.037542 0.88008
0.80547 0.03754 0.90539
0.80449 0.037522 0.9207
0.81832 0.037543 0.90662
0.8045 0.037454 0.93745
0.81223 0.033334 0.96105
0.82691 0.037414 0.94768
0.82055 0.033333 0.96333
0.84251 0.037472 0.044992
0.8394 0.037471 0.055374
0.86153 0.037472 0.045154
0.84525 0.037464 0.080139
0.84869 0.037456 0.092557
0.85218 0.037465 0.075201
0.85391 0.037457 0.090786
0.85542 0.037441 0.10983
0.85463 0.037422 0.13412
0.83932 0.037412 0.14941
0.84606 0.037392 0.16216
0.85862 0.037413 0.14474
0.8525 0.037402 0.15523
0.83689 0.037364 0.18508
0.83944 0.03735 0.19635
0.85641 0.037351 0.18534
0.86478 0.03732 0.20138
0.84868 0.037326 0.21363
0.8371 0.037293 0.23449
0.86042 0.037304 0.21666
0.85444 0.037296 0.23635
0.84987 0.037246 0.24867
0.86146 0.037372 0.2492
0.86209 0.03737 0.2577
0.85398 0.03729 0.27567
0.85357 0.037295 0.29624
0.83592 0.037306 0.31697
0.8284 0.037306 0.32674
0.85515 0.0373 0.3083
0.84889 0.037304 0.32127
0.83111 0.037315 0.35605
0.84931 0.037313 0.3432
0.85703 0.037322 0.36132
0.83379 0.037321 0.38101
0.8436 0.037324 0.37902
0.85278 0.037333 0.39096
0.83733 0.03733 0.41002
0.8386 0.037332 0.42251
0.84356 0.037331 0.40481
0.85328 0.037344 0.42919
0.83044 0.037337 0.4408
0.82479 0.037336 0.45549
0.84569 0.03734 0.4445
0.85161 0.037351 0.45841
0.82922 0.037352 0.47507
0.8351 0.037361 0.48857
0.83541 0.037376 0.50918
0.84337 0.03739 0.52689
0.85993 0.037396 0.51798
0.84005 0.037405 0.53721
0.8421 0.037421 0.55247
0.85879 0.037412 0.53756
0.85662 0.037422 0.55031
0.84513 0.037435 0.57199
0.83836 0.037459 0.59171
0.85945 0.037435 0.5706
0.85232 0.037445 0.58744
0.84754 0.037468 0.61767
0.85736 0.037455 0.59888
0.85252 0.037472 0.62826
0.84783 0.037489 0.65746
0.86278 0.037478 0.63649
0.85717 0.037489 0.66105
0.84705 0.037503 0.67784
0.83844 0.037512 0.68741
0.85936 0.037493 0.66994
0.86216 0.037505 0.69541
0.83977 0.037516 0.70592
0.84626 0.037519 0.72419
0.85412 0.037506 0.70228
0.85487 0.037516 0.72699
0.84366 0.037524 0.73715
0.84082 0.037529 0.76365
0.85638 0.037526 0.75932
0.83715 0.037532 0.79443
0.86002 0.037528 0.7702
0.86411 0.037533 0.78949
0.84039 0.037536 0.81435
0.86268 0.037536 0.80401
0.8595 0.037538 0.82159
0.84229 0.03754 0.84218
0.85915 0.03754 0.83794
0.86016 0.037543 0.85563
0.84472 0.037545 0.87456
0.84023 0.037546 0.89562
0.85878 0.037546 0.86873
0.84364 0.037542 0.9178
0.86252 0.037549 0.90436
0.85399 0.037534 0.92089
0.84812 0.037489 0.93501
0.84118 0.033335 0.9603
0.8614 0.037499 0.93458
0.85963 0.033333 0.96347
0.86917 0.037472 0.039252
0.87087 0.037469 0.061706
0.88566 0.037471 0.040081
0.88713 0.037471 0.052365
0.88039 0.037465 0.077477
0.88085 0.037456 0.093484
0.8955 0.037465 0.079597
0.88964 0.037461 0.087197
0.88005 0.037442 0.11063
0.8807 0.037425 0.12994
0.88918 0.037434 0.12071
0.87376 0.037415 0.14065
0.88087 0.037384 0.16158
0.89243 0.037406 0.15058
0.88741 0.037378 0.1654
0.87518 0.037318 0.19642
0.89132 0.037365 0.17337
0.89484 0.037331 0.19445
0.87101 0.037295 0.21049
0.87676 0.037384 0.22908
0.88824 0.037272 0.21914
0.88431 0.037462 0.23316
0.8729 0.037523 0.24403
0.87128 0.037348 0.27347
0.87106 0.037279 0.28988
0.89181 0.03744 0.26601
0.88592 0.03727 0.29111
0.86517 0.037305 0.31615
0.87498 0.037312 0.32389
0.88271 0.037286 0.30322
0.88114 0.037307 0.3204
0.87113 0.037323 0.34634
0.88808 0.03732 0.34051
0.89312 0.037327 0.35398
0.87034 0.037334 0.3809
0.86217 0.037334 0.3887
0.88615 0.037331 0.37288
0.88905 0.03734 0.3931
0.86457 0.037345 0.40811
0.86697 0.037351 0.42026
0.89006 0.037351 0.41325
0.88518 0.037352 0.41891
0.87443 0.037361 0.44091
0.87914 0.037366 0.4504
0.87511 0.037384 0.47836
0.87364 0.037394 0.49281
0.88079 0.037392 0.49098
0.86425 0.037392 0.50247
0.87304 0.037416 0.52657
0.88454 0.037403 0.51014
0.88665 0.03741 0.5227
0.8695 0.03742 0.53643
0.88647 0.037417 0.53458
0.89121 0.037426 0.54861
0.87595 0.03744 0.57052
0.87441 0.037455 0.59324
0.88866 0.037437 0.5709
0.88609 0.037451 0.59402
0.87368 0.03746 0.60156
0.87972 0.037474 0.62725
0.88596 0.037457 0.60511
0.88578 0.037468 0.6224
0.87829 0.037486 0.64524
0.88755 0.037479 0.64292
0.89093 0.037485 0.65524
0.87127 0.037496 0.67167
0.89785 0.037503 0.69437
0.8711 0.037513 0.71024
0.87995 0.037518 0.72758
0.89453 0.037507 0.70085
0.88991 0.037514 0.72012
0.87281 0.037522 0.74297
0.87138 0.037527 0.76276
0.88675 0.03752 0.74079
0.8973 0.037524 0.76177
0.87379 0.037531 0.77826
0.87788 0.037535 0.7952
0.88963 0.037531 0.78588
0.87077 0.037538 0.81368
0.87688 0.03754 0.82286
0.88862 0.037536 0.80275
0.8761 0.037543 0.83869
0.88076 0.037547 0.86208
0.89395 0.037543 0.83773
0.8857 0.037546 0.85714
0.87385 0.03755 0.88985
0.89139 0.037548 0.8683
0.89438 0.037551 0.88849
0.87919 0.037552 0.90233
0.88042 0.037526 0.92813
0.89241 0.037553 0.90889
0.89597 0.037515 0.92975
0.87144 0.037492 0.94023
0.89742 0.033334 0.96097
0.9047 0.037473 0.037626
0.91162 0.037472 0.05471
0.92191 0.037454 0.038968
0.91463 0.037467 0.076489
0.90327 0.037458 0.091902
0.92815 0.037415 0.096181
0.91081 0.037446 0.11087
0.90881 0.037427 0.1319
0.92049 0.037436 0.10554
0.92292 0.037419 0.12042
0.90476 0.037421 0.13748
0.90686 0.037393 0.16223
0.92128 0.037402 0.14195
0.9117 0.037356 0.19262
0.92652 0.037352 0.17516
0.9287 0.037313 0.20054
0.91198 0.037334 0.21052
0.90745 0.037338 0.22899
0.92459 0.037301 0.21389
0.91419 0.037297 0.23175
0.89831 0.037504 0.25029
0.92229 0.037228 0.2466
0.91543 0.03724 0.2584
0.90178 0.037348 0.26956
0.92794 0.037248 0.28139
0.92713 0.037262 0.29563
0.90734 0.03732 0.32717
0.91969 0.037288 0.30399
0.91853 0.037309 0.32397
0.89911 0.037322 0.33808
0.90185 0.037334 0.36305
0.92576 0.037303 0.33875
0.91521 0.037329 0.35722
0.90049 0.037338 0.37332
0.90538 0.037348 0.39189
0.92061 0.037322 0.39613
0.92047 0.037323 0.40372
0.92676 0.037314 0.4298
0.89948 0.037369 0.45373
0.92288 0.037327 0.43453
0.90261 0.03739 0.47837
0.90003 0.037399 0.49387
0.9234 0.037341 0.47037
0.92068 0.037361 0.48406
0.90715 0.037403 0.50137
0.90846 0.037412 0.52079
0.9251 0.037358 0.51025
0.92249 0.03737 0.5172
0.92103 0.037386 0.53543
0.92323 0.037392 0.55186
0.91231 0.037455 0.59272
0.92299 0.037425 0.57239
0.92708 0.037436 0.59214
0.90806 0.03746 0.60191
0.90316 0.037468 0.61914
0.92029 0.037451 0.60296
0.92211 0.037451 0.61539
0.9019 0.037477 0.64046
0.93092 0.03742 0.64413
0.92169 0.037462 0.65999
0.91223 0.037495 0.68494
0.92372 0.037461 0.67803
0.92708 0.037451 0.69298
0.91151 0.037504 0.70202
0.92163 0.037479 0.70612
0.90863 0.037517 0.73852
0.91209 0.037522 0.75798
0.91887 0.037502 0.73454
0.91834 0.037515 0.76317
0.91337 0.037526 0.77033
0.91241 0.03753 0.78698
0.92503 0.037499 0.77452
0.92578 0.0375 0.79428
0.90392 0.037538 0.81451
0.9113 0.037539 0.821
0.92015 0.037519 0.80182
0.91784 0.037532 0.8249
0.90514 0.037545 0.84432
0.90554 0.037548 0.86113
0.9227 0.03751 0.83493
0.91836 0.037538 0.86067
0.91103 0.03755 0.87214
0.9184 0.037541 0.87079
0.92996 0.037505 0.88858
0.90669 0.037553 0.90901
0.90789 0.037513 0.92823
0.91989 0.037538 0.90803
0.92797 0.037475 0.92427
0.90639 0.037474 0.94046
0.91254 0.033337 0.95903
0.91836 0.03746 0.93894
0.92364 0.033335 0.96031
0.93734 0.037397 0.042392
0.93759 0.037394 0.055246
0.95384 0.033529 0.037365
0.95732 0.033347 0.061998
0.93451 0.037399 0.075729
0.95982 0.033335 0.088875
0.94642 0.03735 0.10786
0.95894 0.033337 0.12988
0.94609 0.037317 0.14803
0.94243 0.03732 0.15871
0.95815 0.03334 0.14336
0.95129 0.034449 0.16096
0.93506 0.037331 0.17507
0.94482 0.037272 0.19897
0.95426 0.033431 0.20028
0.938 0.037266 0.20917
0.9372 0.037229 0.2321
0.96292 0.033333 0.21735
0.96045 0.033334 0.22438
0.93717 0.037211 0.24972
0.94412 0.03721 0.25483
0.96019 0.033334 0.23979
0.95073 0.034074 0.26553
0.94082 0.037221 0.27251
0.93727 0.037236 0.28927
0.95877 0.033336 0.27712
0.93898 0.037243 0.30318
0.93852 0.037271 0.33104
0.95351 0.033464 0.30298
0.96414 0.033333 0.32555
0.94343 0.037278 0.34284
0.94073 0.037287 0.35734
0.95771 0.03334 0.36007
0.93735 0.037283 0.36847
0.94508 0.037249 0.39697
0.9639 0.033333 0.37939
0.95029 0.034638 0.39571
0.94323 0.037256 0.40628
0.96308 0.033333 0.4091
0.95512 0.033375 0.42729
0.93862 0.037294 0.44317
0.94316 0.037287 0.44985
0.9519 0.033761 0.43405
0.9589 0.033336 0.45084
0.93627 0.037297 0.47026
0.96317 0.033333 0.47698
0.95376 0.033445 0.49238
0.944 0.037286 0.50591
0.93986 0.037306 0.51916
0.95143 0.033968 0.50892
0.95898 0.033336 0.52377
0.93438 0.037347 0.55117
0.96408 0.033333 0.53601
0.95763 0.033341 0.55394
0.94179 0.037415 0.59008
0.93876 0.037417 0.60906
0.93906 0.037411 0.618
0.95918 0.033336 0.62318
0.94287 0.037384 0.63504
0.96094 0.033334 0.63281
0.96339 0.033333 0.65531
0.94765 0.037367 0.67318
0.95963 0.033336 0.67133
0.95882 0.033337 0.69256
0.93972 0.037392 0.71099
0.93875 0.037399 0.72215
0.95365 0.033536 0.7128
0.95436 0.033452 0.71804
0.94271 0.037396 0.75361
0.95509 0.033403 0.74485
0.95937 0.033336 0.75386
0.94041 0.037456 0.77758
0.94045 0.037447 0.79756
0.95731 0.033347 0.78574
0.93888 0.037447 0.80269
0.9537 0.033541 0.81098
0.95876 0.033338 0.82955
0.93732 0.037437 0.84511
0.96486 0.033333 0.85627
0.94209 0.037467 0.88536
0.95922 0.033337 0.86957
0.93712 0.037447 0.92147
0.95602 0.03337 0.90719
0.96451 0.033333 0.92001
0.93805 0.037394 0.93613
0.94173 0.03334 0.95822
0.95905 0.033337 0.94221
0.95394 0.033333 0.9627
