2635
1 1 1
0.034961 0.037714 0.044769
0.040933 0.037715 0.054033
0.062057 0.037716 0.03565
0.058134 0.037716 0.051284
0.04598 0.037716 0.068614
0.043468 0.037717 0.092734
0.05948 0.037716 0.080272
0.05597 0.037716 0.096384
0.0385 0.037716 0.10983
0.041156 0.037718 0.11971
0.062957 0.037714 0.10657
0.062402 0.037721 0.14196
0.040313 0.037708 0.18744
0.058009 0.037709 0.17744
0.060755 0.037707 0.19297
0.036122 0.037707 0.19773
0.040286 0.037704 0.22342
0.053027 0.037706 0.20275
0.056078 0.037705 0.21603
0.047607 0.037703 0.23238
0.042194 0.037701 0.25345
0.052659 0.037702 0.2387
0.061308 0.0377 0.25325
0.047086 0.037701 0.26523
0.046254 0.037701 0.28221
0.05542 0.037701 0.2742
0.062815 0.037701 0.28289
0.061579 0.037703 0.3038
0.057204 0.037703 0.31889
0.044974 0.037703 0.34014
0.061787 0.037699 0.34876
0.045989 0.037698 0.37019
0.045026 0.037697 0.38361
0.060344 0.037698 0.36805
0.055763 0.0377 0.3899
0.044397 0.037702 0.40057
0.03751 0.037706 0.4201
0.060076 0.037704 0.40337
0.053816 0.037707 0.4149
0.042215 0.037707 0.4434
0.058691 0.03771 0.44114
0.057846 0.03771 0.45749
0.041611 0.037709 0.47116
0.043429 0.037709 0.48619
0.051749 0.037712 0.47089
0.057289 0.037709 0.48986
0.038284 0.037699 0.50642
0.037983 0.037694 0.52796
0.054118 0.037701 0.50843
0.058323 0.037698 0.52699
0.045042 0.037694 0.5397
0.042773 0.037698 0.56592
0.060232 0.037698 0.53817
0.058902 0.037699 0.55933
0.036979 0.037701 0.57732
0.035863 0.037706 0.60012
0.051077 0.037703 0.57588
0.052963 0.037708 0.59636
0.043354 0.037707 0.605
0.036178 0.037709 0.63258
0.05096 0.03771 0.61115
0.056827 0.037713 0.6241
0.050992 0.037709 0.65222
0.052924 0.037713 0.66429
0.047119 0.037715 0.67621
0.052037 0.037716 0.67439
0.057492 0.03772 0.69212
0.035948 0.037717 0.73334
0.059289 0.037716 0.71662
0.051279 0.037717 0.72606
0.043271 0.037718 0.74954
0.036982 0.03772 0.76498
0.058462 0.037718 0.74633
0.051634 0.03772 0.7631
0.040666 0.037721 0.77541
0.037158 0.037723 0.80144
0.057684 0.037722 0.7838
0.055803 0.037722 0.79344
0.039641 0.037724 0.82772
0.052476 0.037724 0.81596
0.057979 0.037724 0.83308
0.037973 0.037726 0.84446
0.034998 0.037725 0.86296
0.053371 0.037725 0.83891
0.055692 0.037725 0.86096
0.035546 0.037725 0.87256
0.044947 0.037728 0.89352
0.057638 0.037723 0.87981
0.05615 0.037725 0.88981
0.041799 0.037738 0.91268
0.037035 0.03354 0.95632
0.058252 0.037625 0.945
0.060698 0.033888 0.95433
0.078667 0.037718 0.045172
0.074604 0.037717 0.05944
0.077575 0.037714 0.087803
0.093551 0.037715 0.073564
0.090921 0.037713 0.087762
0.070754 0.037713 0.1057
0.071771 0.037714 0.12837
0.084501 0.03771 0.10814
0.088627 0.03771 0.1215
0.069295 0.037717 0.13916
0.088712 0.03771 0.13554
0.092005 0.037708 0.1568
0.071387 0.037709 0.17462
0.067482 0.037707 0.18943
0.093452 0.037704 0.17441
0.093945 0.037703 0.18954
0.076589 0.037705 0.20427
0.075264 0.037704 0.22108
0.087938 0.037704 0.20933
0.096099 0.0377 0.2249
0.069117 0.0377 0.24209
0.071651 0.037699 0.24847
0.084733 0.037699 0.24265
0.089048 0.037698 0.25081
0.075322 0.0377 0.27122
0.074359 0.037701 0.28852
0.094519 0.037697 0.27125
0.067546 0.037702 0.3051
0.067895 0.0377 0.32414
0.09177 0.037695 0.30358
0.089698 0.037695 0.32469
0.070674 0.037698 0.34322
0.088771 0.037695 0.33906
0.087511 0.037696 0.35399
0.075139 0.037696 0.37704
0.090518 0.037697 0.37034
0.094136 0.037698 0.38211
0.068712 0.037705 0.40863
0.072647 0.037707 0.42197
0.092175 0.037708 0.41079
0.085394 0.037712 0.41744
0.068424 0.03771 0.44421
0.082768 0.037713 0.43605
0.08396 0.037717 0.45522
0.073103 0.037712 0.47331
0.077111 0.037712 0.48395
0.088766 0.037718 0.47918
0.08794 0.037716 0.49018
0.06828 0.037706 0.50198
0.083993 0.037709 0.51927
0.076039 0.0377 0.53629
0.071082 0.037701 0.56488
0.081252 0.037703 0.56253
0.072881 0.037702 0.57111
0.068568 0.037709 0.60006
0.084217 0.037709 0.57141
0.086849 0.037714 0.59542
0.073224 0.037717 0.63009
0.088375 0.037717 0.61324
0.093263 0.037715 0.62275
0.071976 0.037717 0.64324
0.091129 0.037719 0.66656
0.067387 0.037722 0.68314
0.084681 0.037725 0.67557
0.087808 0.037722 0.69521
0.075368 0.037717 0.71306
0.066973 0.037716 0.73395
0.089823 0.037717 0.7256
0.070371 0.037717 0.74653
0.075264 0.037718 0.75878
0.08704 0.037717 0.74266
0.084138 0.037719 0.76353
0.070711 0.037721 0.7746
0.072327 0.037722 0.80023
0.093105 0.03772 0.78606
0.071708 0.037721 0.81699
0.079438 0.03772 0.82438
0.091959 0.03772 0.80796
0.089184 0.037722 0.83325
0.074013 0.037725 0.84312
0.073913 0.037724 0.86233
0.089024 0.037722 0.86613
0.076023 0.037719 0.88319
0.087627 0.03772 0.87434
0.084445 0.03772 0.89081
0.070805 0.037732 0.91012
0.076303 0.037709 0.93111
0.088137 0.037725 0.90315
0.070814 0.037681 0.93882
0.085226 0.037696 0.94746
0.10968 0.03771 0.039007
0.10514 0.037713 0.057289
0.12554 0.037708 0.037864
0.12104 0.037709 0.052151
0.10198 0.037714 0.068232
0.10636 0.037712 0.094081
0.12326 0.037709 0.096294
0.10478 0.037708 0.10997
0.11286 0.037705 0.12826
0.1242 0.037703 0.11793
0.10674 0.037706 0.14062
0.10184 0.037705 0.1552
0.12569 0.037701 0.15524
0.10686 0.0377 0.17204
0.1056 0.037699 0.18671
0.12656 0.037699 0.16621
0.11791 0.037697 0.19284
0.11199 0.037696 0.21585
0.11682 0.037696 0.20006
0.11599 0.037695 0.22623
0.10491 0.037696 0.23735
0.099899 0.037696 0.25505
0.11974 0.037694 0.2366
0.10564 0.037692 0.27257
0.10528 0.03769 0.28525
0.11932 0.037687 0.27621
0.12732 0.037681 0.28277
0.10573 0.037686 0.30277
0.10635 0.037684 0.32517
0.12685 0.037678 0.30822
0.11547 0.03768 0.31691
0.10317 0.037687 0.33294
0.10422 0.03769 0.35754
0.11471 0.037686 0.35248
0.098517 0.037694 0.36456
0.11521 0.037693 0.36892
0.12102 0.037705 0.39271
0.10172 0.037701 0.39745
0.10133 0.037709 0.42449
0.1121 0.037708 0.42469
0.09752 0.037713 0.43695
0.098404 0.037716 0.44895
0.11256 0.037716 0.4435
0.11424 0.03772 0.45603
0.097668 0.037716 0.46986
0.10569 0.037713 0.48653
0.11524 0.037722 0.47119
0.12078 0.037725 0.48851
0.10194 0.037708 0.50281
0.097437 0.037706 0.52495
0.1175 0.037711 0.52523
0.10325 0.037708 0.53777
0.098956 0.037711 0.5596
0.11945 0.037716 0.54315
0.097116 0.037712 0.58264
0.099236 0.037713 0.59583
0.11624 0.037719 0.5763
0.11772 0.037713 0.60176
0.10694 0.037706 0.61756
0.10708 0.037704 0.62754
0.1234 0.0377 0.63286
0.10426 0.037705 0.64663
0.10392 0.037707 0.65967
0.11716 0.037702 0.64129
0.11429 0.037702 0.66844
0.10288 0.037712 0.68502
0.11975 0.037705 0.6848
0.10599 0.037719 0.73023
0.12453 0.037708 0.70866
0.12597 0.03771 0.73607
0.10052 0.037717 0.74114
0.10453 0.037715 0.7575
0.11881 0.037712 0.76576
0.10607 0.037715 0.77664
0.12661 0.037706 0.78064
0.11656 0.037711 0.79267
0.10794 0.03772 0.83096
0.1166 0.037716 0.80648
0.11994 0.037717 0.83492
0.10928 0.03772 0.84074
0.12495 0.037715 0.84405
0.12481 0.037714 0.85749
0.10772 0.037718 0.87696
0.1114 0.037719 0.89331
0.1276 0.037716 0.88368
0.12122 0.037719 0.89811
0.1025 0.037725 0.9103
0.12056 0.037721 0.91258
0.11903 0.037699 0.92568
0.1041 0.037682 0.93864
0.12865 0.037629 0.94658
0.12701 0.033337 0.96459
0.14062 0.037706 0.039757
0.15589 0.037703 0.035257
0.15749 0.037702 0.053243
0.13331 0.037708 0.076038
0.13854 0.037703 0.095119
0.15126 0.037702 0.071778
0.15551 0.037698 0.090237
0.13812 0.0377 0.10611
0.13968 0.037697 0.1174
0.15012 0.037695 0.11071
0.15434 0.037693 0.11624
0.13312 0.037701 0.1373
0.13404 0.0377 0.15887
0.1583 0.037694 0.15244
0.13255 0.037696 0.17759
0.15614 0.037692 0.17204
0.15486 0.03769 0.18362
0.13492 0.037692 0.20467
0.14068 0.037687 0.22445
0.15755 0.037683 0.20589
0.13385 0.037688 0.23704
0.14358 0.03768 0.25233
0.14949 0.037684 0.23007
0.15688 0.037673 0.25836
0.13615 0.03768 0.26657
0.1354 0.037676 0.28846
0.15412 0.037673 0.26626
0.15071 0.037672 0.28512
0.14292 0.037672 0.30229
0.1309 0.037676 0.31322
0.15609 0.037671 0.29641
0.14811 0.037673 0.31951
0.13314 0.03768 0.34157
0.14207 0.037677 0.34823
0.15275 0.037675 0.33
0.1386 0.037685 0.37254
0.13294 0.037691 0.38139
0.15575 0.037683 0.37516
0.12898 0.037713 0.41989
0.14266 0.037711 0.42324
0.1358 0.037716 0.439
0.12915 0.037722 0.45302
0.14743 0.03772 0.44154
0.14557 0.037724 0.45148
0.12981 0.037726 0.46878
0.12804 0.037726 0.48574
0.14706 0.037736 0.4711
0.1364 0.037705 0.50947
0.13566 0.0377 0.52399
0.15246 0.037721 0.50086
0.1297 0.037705 0.54567
0.13609 0.037696 0.56784
0.14319 0.037696 0.55019
0.15228 0.03771 0.55488
0.1369 0.037693 0.58432
0.13216 0.037698 0.59713
0.15144 0.037694 0.58438
0.15043 0.037692 0.59673
0.13165 0.037696 0.61427
0.13441 0.037693 0.63184
0.15255 0.037689 0.61916
0.14806 0.037692 0.62934
0.13775 0.037692 0.6632
0.15653 0.037691 0.64855
0.14713 0.037692 0.66462
0.13529 0.037694 0.67629
0.14112 0.037692 0.69678
0.14537 0.03769 0.68017
0.1478 0.03769 0.70436
0.12998 0.037703 0.70783
0.14113 0.037696 0.73564
0.15215 0.037691 0.71083
0.14785 0.037692 0.73552
0.14117 0.037698 0.75104
0.13507 0.037702 0.7683
0.15338 0.037691 0.74205
0.157 0.037689 0.7584
0.13804 0.037702 0.79504
0.15125 0.037695 0.77859
0.15275 0.037699 0.80069
0.14344 0.037704 0.80881
0.14092 0.037708 0.82976
0.16154 0.0377 0.81631
0.15402 0.037703 0.83015
0.13911 0.037708 0.84868
0.14561 0.037707 0.86363
0.15849 0.0377 0.84759
0.15862 0.037702 0.86295
0.13577 0.037713 0.87767
0.15545 0.03771 0.88187
0.1539 0.037713 0.89843
0.1339 0.037718 0.90958
0.13886 0.037678 0.92871
0.15595 0.037715 0.91166
0.15358 0.037684 0.9257
0.13511 0.034584 0.95268
0.15728 0.03762 0.94098
0.15694 0.03335 0.96148
0.16944 0.037697 0.044781
0.17627 0.037693 0.061048
0.18548 0.03769 0.04547
0.18451 0.037691 0.054999
0.16916 0.037695 0.07612
0.17288 0.037693 0.091733
0.18803 0.037688 0.077648
0.18772 0.037688 0.092807
0.16828 0.037692 0.10561
0.17238 0.037688 0.12836
0.18246 0.037689 0.10703
0.18932 0.037686 0.11762
0.17093 0.037686 0.14023
0.17758 0.037681 0.15343
0.18565 0.03768 0.14474
0.18995 0.037679 0.14992
0.17717 0.037675 0.19273
0.18873 0.037675 0.17149
0.18418 0.037676 0.18806
0.17331 0.03767 0.22579
0.18553 0.037672 0.20073
0.18472 0.03767 0.21903
0.17107 0.037668 0.23816
0.17325 0.037663 0.2562
0.1851 0.03766 0.24799
0.18638 0.037655 0.26928
0.18199 0.03766 0.28751
0.16463 0.037667 0.29569
0.1709 0.037667 0.31274
0.18432 0.037663 0.30708
0.18678 0.037663 0.32366
0.1634 0.037669 0.33999
0.16606 0.037668 0.34682
0.18049 0.037663 0.33534
0.18347 0.037666 0.34473
0.17186 0.037672 0.36932
0.18188 0.037676 0.37207
0.17837 0.037674 0.38899
0.16629 0.037685 0.42363
0.18608 0.03768 0.40079
0.18584 0.037687 0.41958
0.16571 0.037694 0.43656
0.1662 0.037703 0.45161
0.18126 0.037696 0.43317
0.17424 0.037707 0.45801
0.16203 0.037725 0.48604
0.17518 0.037731 0.4768
0.17781 0.03774 0.48515
0.16077 0.037715 0.5019
0.16046 0.037708 0.53022
0.17923 0.037735 0.50791
0.17677 0.037727 0.53003
0.16073 0.03771 0.54555
0.17265 0.037709 0.56326
0.16819 0.037687 0.58058
0.1593 0.037687 0.59362
0.18022 0.037697 0.58672
0.17502 0.037678 0.59907
0.16836 0.037673 0.61045
0.16265 0.037681 0.63203
0.17592 0.037674 0.60866
0.1762 0.037671 0.62781
0.16317 0.037687 0.65062
0.16522 0.037686 0.6606
0.18764 0.037695 0.655
0.18828 0.03769 0.66662
0.16553 0.037685 0.67857
0.16466 0.037685 0.69441
0.17799 0.037681 0.6765
0.18116 0.037683 0.6964
0.17104 0.037684 0.72148
0.16793 0.037683 0.73309
0.18102 0.037682 0.70934
0.18195 0.037677 0.73796
0.17455 0.037676 0.75228
0.16782 0.037682 0.75987
0.18326 0.037674 0.75167
0.16744 0.037694 0.79441
0.1876 0.037682 0.77468
0.18721 0.03769 0.80079
0.17274 0.037694 0.80896
0.18583 0.037692 0.81667
0.18754 0.037689 0.83125
0.17738 0.037692 0.84145
0.16849 0.037697 0.85768
0.18636 0.037689 0.84829
0.18451 0.03769 0.85524
0.16674 0.037704 0.87661
0.16669 0.037708 0.89275
0.1923 0.037691 0.87158
0.19158 0.037697 0.89082
0.16872 0.037664 0.92941
0.18372 0.037656 0.93041
0.17832 0.034079 0.95369
0.18537 0.037618 0.93874
0.19047 0.033553 0.95618
0.19994 0.037686 0.044222
0.20815 0.037683 0.058319
0.22151 0.03768 0.034962
0.21961 0.03768 0.056097
0.20684 0.037682 0.06837
0.20359 0.037682 0.088028
0.22406 0.037676 0.07046
0.22065 0.037676 0.092698
0.2092 0.037679 0.10001
0.20323 0.03768 0.12588
0.22579 0.037673 0.10051
0.21761 0.037676 0.12041
0.20216 0.037678 0.14099
0.19774 0.03767 0.17231
0.20789 0.037666 0.18833
0.224 0.037656 0.17113
0.22632 0.037651 0.18204
0.20318 0.037668 0.19899
0.22044 0.037659 0.19871
0.20866 0.037655 0.23663
0.22219 0.037657 0.23133
0.21951 0.037654 0.2549
0.2017 0.037639 0.27154
0.19683 0.037642 0.27975
0.21988 0.037644 0.26556
0.21316 0.037624 0.28375
0.20488 0.037626 0.30441
0.20276 0.037636 0.32418
0.21175 0.037614 0.31278
0.19623 0.037651 0.32996
0.20086 0.037651 0.35256
0.21251 0.037629 0.32934
0.22178 0.037644 0.34618
0.20417 0.037644 0.36227
0.20089 0.037649 0.37986
0.21617 0.037641 0.3607
0.20894 0.03764 0.38643
0.19838 0.037667 0.40435
0.20706 0.037654 0.40113
0.19767 0.037691 0.42774
0.18824 0.037723 0.45471
0.21112 0.037704 0.4291
0.21021 0.037741 0.44771
0.19311 0.037745 0.46682
0.1952 0.037761 0.48797
0.19963 0.037762 0.47487
0.20337 0.037786 0.48837
0.19118 0.037754 0.50998
0.19305 0.037746 0.52373
0.19389 0.037732 0.54107
0.19489 0.037723 0.55564
0.20522 0.037737 0.55654
0.19287 0.037702 0.58651
0.18956 0.037699 0.59893
0.20889 0.037722 0.58441
0.20889 0.03772 0.59145
0.19049 0.037694 0.61159
0.19258 0.037695 0.6368
0.21573 0.037709 0.63712
0.19299 0.037694 0.65332
0.20224 0.037687 0.65994
0.21536 0.037704 0.64578
0.2029 0.037675 0.6782
0.19741 0.037673 0.70017
0.21381 0.037673 0.67963
0.21252 0.037665 0.70149
0.19654 0.03767 0.71386
0.19646 0.037666 0.73272
0.2133 0.037658 0.71571
0.21565 0.03765 0.72676
0.20047 0.037669 0.76421
0.21677 0.037657 0.75275
0.19987 0.03768 0.78546
0.20682 0.037678 0.79706
0.21768 0.037667 0.77667
0.20168 0.037685 0.83496
0.22446 0.037679 0.81947
0.22128 0.037679 0.83378
0.20222 0.037684 0.84895
0.20571 0.037682 0.86213
0.21977 0.03768 0.84015
0.22114 0.037676 0.86128
0.20476 0.037685 0.8773
0.20723 0.037689 0.8944
0.21752 0.037678 0.87886
0.22243 0.037683 0.89722
0.21137 0.037656 0.92786
0.2223 0.037694 0.91459
0.19949 0.037574 0.94709
0.21086 0.033342 0.96267
0.21899 0.03759 0.94289
0.21938 0.033465 0.95723
0.23201 0.037676 0.034969
0.23563 0.037673 0.060982
0.24931 0.037669 0.042306
0.25746 0.037664 0.05573
0.23733 0.037671 0.067044
0.23363 0.037671 0.08361
0.25335 0.037662 0.074949
0.25664 0.03766 0.084231
0.24321 0.037668 0.11726
0.25305 0.037662 0.099813
0.24855 0.037664 0.12385
0.23278 0.037666 0.14216
0.25193 0.037658 0.13668
0.25774 0.037648 0.15295
0.23299 0.037647 0.17324
0.24301 0.037638 0.18807
0.25036 0.037639 0.17319
0.25621 0.037636 0.18257
0.23632 0.037641 0.20731
0.22988 0.037651 0.22529
0.25288 0.037634 0.20216
0.22938 0.037653 0.24023
0.23624 0.037652 0.24577
0.23824 0.037643 0.26883
0.23722 0.037634 0.28869
0.25696 0.037637 0.27811
0.25557 0.037637 0.30188
0.25203 0.037645 0.31659
0.22971 0.037637 0.3492
0.2484 0.037639 0.33761
0.25414 0.037654 0.3545
0.23301 0.037631 0.36087
0.24526 0.037636 0.36676
0.24072 0.037624 0.38061
0.22411 0.037657 0.39954
0.23351 0.037661 0.41285
0.24362 0.037645 0.39311
0.22737 0.037688 0.42677
0.22347 0.037734 0.44661
0.24406 0.0377 0.43017
0.23765 0.037739 0.4495
0.21634 0.037809 0.47232
0.23112 0.037799 0.46672
0.23604 0.037883 0.48253
0.22606 0.037808 0.50409
0.23041 0.037816 0.53159
0.22151 0.037776 0.54815
0.21758 0.037759 0.56688
0.22693 0.037735 0.59454
0.23596 0.037734 0.60211
0.23152 0.0377 0.61403
0.22936 0.037676 0.64047
0.23786 0.03769 0.61853
0.24329 0.037663 0.63627
0.22624 0.037671 0.65493
0.23461 0.037649 0.66534
0.24424 0.037644 0.65727
0.24575 0.03765 0.6716
0.23504 0.037657 0.68802
0.25361 0.03765 0.6965
0.23573 0.037637 0.72314
0.24736 0.037638 0.7143
0.24911 0.03763 0.73335
0.23547 0.037639 0.7462
0.23285 0.037647 0.76336
0.2503 0.037635 0.75161
0.25919 0.037636 0.76809
0.23016 0.037664 0.78316
0.23863 0.037662 0.79546
0.25471 0.037645 0.77739
0.23912 0.037667 0.8108
0.25696 0.037656 0.81243
0.25044 0.037665 0.83131
0.24025 0.037671 0.84674
0.23575 0.037671 0.86206
0.23424 0.037671 0.87995
0.23317 0.037672 0.88918
0.25605 0.037662 0.87835
0.24352 0.037679 0.91324
0.2342 0.037646 0.92909
0.24948 0.037672 0.90422
0.25817 0.037632 0.93118
0.24121 0.03335 0.96138
0.25339 0.037617 0.9366
0.27373 0.037655 0.056078
0.2941 0.03764 0.060538
0.27552 0.037647 0.078864
0.26874 0.037652 0.093481
0.29264 0.037639 0.073592
0.26978 0.037652 0.10815
0.28929 0.037639 0.10318
0.28449 0.03764 0.12182
0.27044 0.037643 0.13479
0.2678 0.03764 0.15535
0.29193 0.037625 0.13647
0.29342 0.037622 0.15635
0.26413 0.037637 0.16809
0.26936 0.037633 0.18088
0.285 0.03763 0.1909
0.2727 0.037633 0.21385
0.28741 0.037626 0.19596
0.2852 0.037624 0.22113
0.26885 0.037629 0.25703
0.28577 0.037617 0.2356
0.28763 0.037627 0.25473
0.28228 0.037623 0.2624
0.26352 0.037625 0.30368
0.266 0.037627 0.31297
0.28968 0.037618 0.31706
0.26213 0.03764 0.33232
0.26661 0.037647 0.35502
0.27614 0.037615 0.33853
0.27879 0.037634 0.35079
0.26482 0.037652 0.36092
0.26487 0.037653 0.38021
0.28088 0.037667 0.37145
0.26058 0.03767 0.40003
0.25647 0.03769 0.41465
0.27675 0.037687 0.40489
0.27034 0.03769 0.41957
0.24719 0.037781 0.45421
0.26739 0.037694 0.42739
0.2735 0.037746 0.44568
0.24335 0.037866 0.4684
0.24554 0.03792 0.48598
0.25977 0.037997 0.48078
0.24279 0.037891 0.50864
0.25396 0.03788 0.53422
0.24737 0.037857 0.54028
0.25118 0.037827 0.57258
0.25651 0.03785 0.55174
0.26686 0.037886 0.56338
0.25595 0.037813 0.57946
0.25233 0.037739 0.60713
0.26384 0.03781 0.58243
0.2661 0.037758 0.59577
0.25848 0.03769 0.6182
0.25987 0.037656 0.63708
0.27522 0.037634 0.63337
0.26321 0.037641 0.65513
0.26161 0.037646 0.67098
0.27618 0.037625 0.65514
0.27923 0.037624 0.67209
0.26143 0.037651 0.67936
0.26996 0.037607 0.70025
0.28602 0.037632 0.6815
0.2822 0.037588 0.70716
0.26811 0.037591 0.72087
0.27194 0.037587 0.72863
0.29022 0.037601 0.73244
0.2751 0.037628 0.75531
0.2712 0.037629 0.77159
0.28981 0.037632 0.74834
0.26533 0.037635 0.77921
0.27361 0.037629 0.79694
0.2913 0.03762 0.78387
0.28737 0.037626 0.80104
0.28912 0.037641 0.81777
0.28185 0.037652 0.83268
0.27446 0.03766 0.84965
0.29297 0.037648 0.84719
0.28508 0.037652 0.86182
0.26875 0.037656 0.88266
0.27857 0.037656 0.8948
0.29004 0.037647 0.88211
0.28312 0.037655 0.89584
0.29466 0.037658 0.91109
0.29222 0.037637 0.92707
0.27492 0.037565 0.94671
0.27764 0.033619 0.95561
0.2951 0.037613 0.93659
0.2831 0.033361 0.96036
0.30026 0.037637 0.045188
0.30375 0.037634 0.058108
0.32697 0.037616 0.044091
0.32812 0.037616 0.057944
0.3022 0.037632 0.078949
0.30624 0.037631 0.086292
0.32285 0.03762 0.069641
0.3188 0.037622 0.092731
0.30427 0.037627 0.10683
0.30206 0.037625 0.12428
0.32711 0.037612 0.10202
0.31742 0.037615 0.12197
0.30057 0.037615 0.14225
0.30368 0.037616 0.15341
0.32049 0.037602 0.14083
0.32129 0.037603 0.15004
0.30162 0.037614 0.17425
0.30448 0.037612 0.18865
0.32159 0.037599 0.16831
0.30543 0.037607 0.21805
0.32589 0.037594 0.20395
0.32445 0.037597 0.21211
0.29679 0.037604 0.23873
0.30352 0.037602 0.24922
0.31345 0.037595 0.25394
0.30256 0.037603 0.26234
0.29705 0.037602 0.28539
0.3121 0.037592 0.262
0.31782 0.037586 0.27949
0.29718 0.037593 0.30459
0.29679 0.037603 0.31346
0.31369 0.037579 0.30529
0.31407 0.037584 0.31265
0.30129 0.037613 0.32957
0.29172 0.037648 0.35274
0.31378 0.037597 0.33647
0.32046 0.037621 0.35133
0.29628 0.037658 0.3576
0.29058 0.037702 0.38547
0.30736 0.037665 0.36645
0.31425 0.037745 0.38039
0.28833 0.037704 0.40364
0.29597 0.037702 0.41268
0.30416 0.037701 0.40035
0.30752 0.037723 0.4164
0.28715 0.037721 0.43297
0.2795 0.037786 0.45043
0.30711 0.037836 0.43223
0.30858 0.037976 0.44226
0.27378 0.038059 0.47742
0.28859 0.037965 0.46368
0.27645 0.038083 0.48764
0.27074 0.038091 0.50155
0.26452 0.03805 0.52007
0.2816 0.038227 0.50295
0.27738 0.037997 0.54159
0.28638 0.037914 0.56787
0.27688 0.03782 0.5844
0.30386 0.037733 0.60187
0.28427 0.037653 0.62486
0.28902 0.037635 0.63836
0.31375 0.037703 0.63651
0.31328 0.037691 0.66312
0.31665 0.037707 0.67725
0.32243 0.037655 0.70728
0.32357 0.037635 0.72549
0.317 0.037637 0.73678
0.30232 0.037634 0.7454
0.3087 0.037615 0.76464
0.3202 0.037616 0.75254
0.31841 0.037609 0.76972
0.30881 0.037619 0.78401
0.3012 0.03762 0.79711
0.316 0.037616 0.78829
0.31653 0.03762 0.80424
0.29983 0.03763 0.81015
0.31884 0.037616 0.83071
0.30194 0.037638 0.84452
0.30852 0.037633 0.86155
0.30111 0.03764 0.88446
0.30901 0.037638 0.89209
0.32097 0.03763 0.8739
0.31928 0.037636 0.89841
0.3024 0.037655 0.91432
0.31187 0.037636 0.93002
0.32864 0.037636 0.90742
0.31966 0.037636 0.92394
0.30351 0.037606 0.94599
0.32195 0.03761 0.94334
0.33859 0.037607 0.04057
0.33762 0.037609 0.055413
0.36278 0.037592 0.040683
0.35191 0.0376 0.051178
0.33803 0.037608 0.072899
0.3375 0.03761 0.085075
0.3534 0.0376 0.082929
0.33953 0.037601 0.10342
0.33424 0.037602 0.1205
0.35477 0.037585 0.11945
0.33696 0.037593 0.13705
0.34104 0.037592 0.14921
0.35358 0.037581 0.13878
0.36023 0.037579 0.14713
0.34137 0.037587 0.16677
0.34127 0.037584 0.17754
0.34867 0.037586 0.16245
0.35356 0.037582 0.1772
0.3336 0.037592 0.19708
0.33185 0.037598 0.21729
0.34936 0.037588 0.19611
0.33904 0.037589 0.23011
0.33431 0.037588 0.2535
0.34955 0.037586 0.23244
0.35644 0.037597 0.24797
0.34007 0.037556 0.27004
0.33773 0.037556 0.28054
0.35477 0.037579 0.26665
0.34755 0.037546 0.27544
0.33128 0.037576 0.29558
0.33298 0.037603 0.31885
0.34762 0.037559 0.29505
0.34382 0.037583 0.31882
0.33767 0.037614 0.32626
0.3287 0.03761 0.34543
0.3435 0.037643 0.33592
0.35563 0.038037 0.36321
0.34759 0.037864 0.37732
0.3226 0.037737 0.39934
0.31955 0.037741 0.41719
0.33428 0.037737 0.39107
0.32001 0.037976 0.43311
0.3302 0.037859 0.42831
0.29719 0.038093 0.46387
0.29109 0.038236 0.48929
0.30403 0.038291 0.48064
0.29167 0.038291 0.50116
0.29477 0.038309 0.50154
0.30526 0.038357 0.53388
0.29892 0.037945 0.57354
0.30799 0.038236 0.54981
0.3139 0.037945 0.57216
0.31826 0.037746 0.59628
0.31463 0.037722 0.61389
0.31697 0.037716 0.62193
0.32477 0.037714 0.63998
0.33846 0.037757 0.62114
0.34601 0.037736 0.63741
0.33419 0.037691 0.66397
0.32425 0.037707 0.67775
0.34724 0.037698 0.65986
0.34364 0.037671 0.67505
0.32942 0.037644 0.70286
0.34698 0.037645 0.6869
0.35408 0.037598 0.70934
0.32832 0.03764 0.71948
0.33684 0.037601 0.73204
0.35245 0.0376 0.72072
0.34682 0.037589 0.7414
0.33623 0.037598 0.74747
0.33807 0.037595 0.77309
0.35013 0.037573 0.7525
0.35342 0.037581 0.76848
0.35188 0.037604 0.78449
0.35313 0.037596 0.80539
0.34444 0.037598 0.81795
0.33354 0.037603 0.82528
0.35411 0.037596 0.82879
0.34427 0.037617 0.84634
0.34198 0.03762 0.86265
0.36149 0.037602 0.84038
0.36057 0.037609 0.86348
0.33616 0.037629 0.88067
0.33962 0.037628 0.89417
0.35278 0.037621 0.88903
0.34485 0.037631 0.911
0.33811 0.037608 0.9279
0.35265 0.037628 0.91391
0.35264 0.037603 0.92498
0.34437 0.037565 0.93894
0.33598 0.033398 0.95859
0.35947 0.037559 0.9387
0.35131 0.033342 0.96268
0.36977 0.037588 0.035084
0.37973 0.037585 0.055639
0.38866 0.037578 0.040798
0.39021 0.037585 0.06974
0.39456 0.037583 0.090795
0.36984 0.037578 0.1023
0.3809 0.037557 0.11451
0.39412 0.037561 0.10599
0.38878 0.037557 0.11393
0.36868 0.037568 0.14126
0.36965 0.037578 0.15435
0.39375 0.037555 0.1344
0.37612 0.037575 0.16406
0.37044 0.037579 0.17609
0.39103 0.037583 0.18623
0.37093 0.037587 0.19445
0.3739 0.037582 0.21086
0.38594 0.037578 0.1993
0.38553 0.037577 0.20897
0.36886 0.037577 0.23562
0.36623 0.037594 0.24742
0.39258 0.037584 0.22704
0.38901 0.037601 0.25016
0.36501 0.037596 0.26281
0.36432 0.037586 0.28565
0.38877 0.037598 0.267
0.3771 0.03761 0.28216
0.37062 0.037587 0.30844
0.38378 0.037627 0.29504
0.38255 0.03763 0.30484
0.35967 0.037597 0.32566
0.36553 0.037887 0.34781
0.35947 0.038091 0.36996
0.37664 0.038034 0.35598
0.35874 0.037914 0.38581
0.36584 0.037994 0.38246
0.36029 0.037788 0.39848
0.34243 0.037948 0.43245
0.33657 0.038158 0.44337
0.35368 0.037784 0.4213
0.33989 0.038147 0.44682
0.31934 0.038537 0.45958
0.31952 0.03841 0.47576
0.30406 0.038565 0.50994
0.31516 0.038298 0.54231
0.31213 0.038635 0.50571
0.31915 0.038281 0.54386
0.32762 0.038049 0.56508
0.3304 0.037904 0.57831
0.33837 0.037838 0.59794
0.34433 0.037792 0.61581
0.3515 0.037869 0.59279
0.36578 0.03793 0.61826
0.35202 0.037745 0.63469
0.35326 0.037738 0.643
0.36587 0.037777 0.63467
0.37301 0.037777 0.64515
0.35507 0.037688 0.66142
0.35965 0.037645 0.68111
0.38345 0.037736 0.65983
0.38612 0.03767 0.67034
0.36123 0.037607 0.69229
0.37823 0.037645 0.68462
0.38456 0.037621 0.70559
0.37732 0.03758 0.73767
0.39277 0.037602 0.71852
0.38653 0.037571 0.7382
0.37494 0.037557 0.75766
0.36612 0.037567 0.76361
0.383 0.037561 0.75438
0.37885 0.037573 0.78569
0.37632 0.037576 0.80338
0.38556 0.037574 0.78079
0.37571 0.037583 0.81288
0.36925 0.037591 0.83381
0.37246 0.037596 0.84153
0.37107 0.037597 0.8586
0.38682 0.037586 0.84178
0.38824 0.037594 0.86619
0.37365 0.037612 0.87783
0.36919 0.037616 0.89651
0.39127 0.037605 0.89986
0.37321 0.037617 0.91073
0.38016 0.037585 0.92912
0.38671 0.037611 0.91014
0.39389 0.037576 0.93167
0.37728 0.037555 0.94212
0.37128 0.033839 0.95429
0.39038 0.037552 0.94284
0.39657 0.03367 0.95509
0.41378 0.037574 0.0366
0.41937 0.037572 0.041302
0.42087 0.037577 0.063847
0.40489 0.037585 0.079417
0.42642 0.037575 0.07277
0.43363 0.037636 0.094753
0.41666 0.037552 0.10509
0.40635 0.037541 0.11476
0.42464 0.037604 0.10386
0.42588 0.037617 0.12039
0.41204 0.037553 0.13798
0.40548 0.037571 0.15423
0.42705 0.037571 0.14338
0.40855 0.037565 0.1628
0.40632 0.037572 0.18333
0.41954 0.037554 0.16825
0.42146 0.037551 0.17494
0.40964 0.037586 0.21802
0.42243 0.037551 0.19806
0.42745 0.037545 0.20499
0.39592 0.037583 0.23235
0.4068 0.037622 0.24965
0.42653 0.037587 0.22291
0.40501 0.037612 0.26469
0.40081 0.03761 0.27359
0.42352 0.037653 0.27597
0.40597 0.037633 0.29476
0.39684 0.037659 0.30743
0.42011 0.037656 0.28373
0.41476 0.037644 0.29981
0.3963 0.03769 0.32538
0.39904 0.037752 0.33895
0.41645 0.037721 0.31761
0.40676 0.03779 0.34164
0.38416 0.038096 0.36583
0.41213 0.037847 0.34785
0.37477 0.038069 0.37924
0.37208 0.037794 0.39973
0.39693 0.037939 0.37725
0.38874 0.037788 0.39065
0.37286 0.037678 0.41991
0.36551 0.037772 0.43669
0.38544 0.037737 0.40282
0.34534 0.038088 0.45424
0.32374 0.038266 0.47521
0.36361 0.037512 0.44977
0.3268 0.037936 0.48668
0.32179 0.038281 0.49616
0.32387 0.038373 0.53113
0.32601 0.037679 0.50283
0.33685 0.037872 0.5422
0.35472 0.037795 0.56969
0.37415 0.037807 0.58211
0.37382 0.038114 0.61291
0.40264 0.038004 0.62781
0.38405 0.037909 0.63353
0.39373 0.03779 0.65221
0.40589 0.037921 0.63599
0.39672 0.037703 0.66124
0.40402 0.037624 0.67225
0.41227 0.037667 0.65752
0.42216 0.037568 0.66774
0.39613 0.037627 0.69149
0.40349 0.03759 0.69962
0.42443 0.037602 0.68724
0.4257 0.037547 0.70284
0.40995 0.037563 0.71999
0.40448 0.037551 0.73245
0.42339 0.037519 0.72933
0.40404 0.037543 0.763
0.42293 0.037518 0.75047
0.41734 0.037542 0.76591
0.40888 0.037549 0.78248
0.40094 0.037555 0.8019
0.42653 0.037529 0.78335
0.42972 0.037532 0.79874
0.41346 0.037547 0.81931
0.43077 0.03754 0.81135
0.41807 0.037549 0.82756
0.4037 0.037577 0.84216
0.42331 0.037574 0.86306
0.41183 0.037588 0.88181
0.40734 0.037595 0.89911
0.42689 0.037579 0.8821
0.42158 0.037581 0.89069
0.40901 0.0376 0.90893
0.40717 0.037574 0.93089
0.42659 0.037573 0.92852
0.4018 0.037545 0.94542
0.4176 0.037556 0.93867
0.42731 0.03335 0.96132
0.43717 0.037571 0.041531
0.44303 0.037568 0.061692
0.45595 0.03757 0.045157
0.43785 0.037566 0.071911
0.43969 0.037647 0.093852
0.46257 0.037555 0.081244
0.45627 0.037723 0.099141
0.44053 0.037886 0.1158
0.45877 0.037785 0.10515
0.44632 0.03782 0.12734
0.43847 0.037562 0.14442
0.45257 0.037823 0.12816
0.46103 0.03755 0.14555
0.44524 0.037504 0.1583
0.44147 0.037541 0.18012
0.45899 0.037515 0.16634
0.45659 0.037542 0.18336
0.44413 0.037538 0.19481
0.43845 0.037543 0.20655
0.45155 0.037562 0.21357
0.43485 0.037591 0.22684
0.43092 0.037619 0.24102
0.44896 0.037587 0.22519
0.43322 0.037646 0.25127
0.43294 0.037639 0.26618
0.4547 0.037649 0.25978
0.45813 0.037699 0.2716
0.4305 0.037681 0.28145
0.44572 0.037726 0.29016
0.45289 0.037811 0.30303
0.42992 0.037756 0.31594
0.42665 0.037765 0.33152
0.44933 0.037841 0.3104
0.44445 0.037804 0.32332
0.42706 0.037842 0.34296
0.41938 0.037913 0.3634
0.45074 0.037933 0.33874
0.4431 0.038013 0.35219
0.43664 0.038084 0.37034
0.3948 0.03715 0.40391
0.39172 0.03689 0.42506
0.42459 0.036719 0.38467
0.41025 0.035111 0.40838
0.37335 0.036718 0.44387
0.34466 0.036023 0.47204
0.35543 0.034238 0.48514
0.33264 0.036207 0.51356
0.34552 0.03692 0.54364
0.34072 0.035451 0.52135
0.3888 0.035574 0.56622
0.38905 0.036835 0.58931
0.40094 0.037226 0.60466
0.39759 0.036085 0.59227
0.40987 0.036838 0.60488
0.41539 0.038289 0.61661
0.42348 0.037991 0.61218
0.43007 0.038243 0.62463
0.42358 0.037872 0.64196
0.44131 0.038039 0.63111
0.45158 0.037757 0.64304
0.4317 0.03755 0.66071
0.43105 0.037571 0.67099
0.45044 0.037597 0.6608
0.44887 0.037605 0.66933
0.43335 0.037563 0.68986
0.44195 0.037527 0.70366
0.46254 0.037468 0.70122
0.43899 0.037509 0.71885
0.44436 0.037501 0.73491
0.45416 0.037486 0.7166
0.45864 0.037479 0.7366
0.4471 0.037494 0.74561
0.4353 0.037517 0.76627
0.45991 0.037463 0.74993
0.45612 0.037492 0.76626
0.4397 0.037519 0.78056
0.44112 0.03753 0.80155
0.45416 0.037504 0.78375
0.46504 0.037521 0.80194
0.44287 0.03753 0.82422
0.4542 0.037519 0.81806
0.454 0.03753 0.82724
0.44435 0.037558 0.84019
0.43706 0.03757 0.86289
0.46318 0.037549 0.84036
0.43928 0.037575 0.87272
0.43978 0.037576 0.89231
0.45245 0.037567 0.88284
0.46002 0.037572 0.89601
0.44631 0.03759 0.91506
0.44625 0.037571 0.92685
0.4596 0.037585 0.91565
0.45518 0.037559 0.93111
0.44333 0.037533 0.94756
0.46347 0.037528 0.94397
0.45926 0.03334 0.96329
0.40937 0.037775 0.44409
0.379 0.038084 0.46734
0.37577 0.03797 0.52659
0.37811 0.036116 0.4963
0.48023 0.037568 0.045912
0.47653 0.037566 0.064283
0.49493 0.037567 0.038898
0.48665 0.037567 0.06207
0.46848 0.037558 0.081203
0.47076 0.037606 0.093409
0.49048 0.037564 0.072733
0.48873 0.037561 0.092621
0.47612 0.037605 0.1088
0.46991 0.037708 0.11412
0.48182 0.037552 0.10349
0.4918 0.037548 0.12129
0.46936 0.03767 0.12875
0.48999 0.037572 0.14466
0.46788 0.037535 0.16254
0.47559 0.037553 0.1765
0.4852 0.037572 0.16
0.47695 0.037561 0.19236
0.47376 0.037569 0.20891
0.48887 0.037566 0.19
0.48914 0.037567 0.20653
0.47062 0.037603 0.22996
0.47709 0.037615 0.23544
0.48632 0.037604 0.22212
0.49237 0.037609 0.23398
0.4656 0.037658 0.25979
0.47852 0.037673 0.26328
0.49232 0.03766 0.2581
0.49727 0.037719 0.27137
0.46998 0.037775 0.28745
0.4733 0.037849 0.29558
0.4854 0.03786 0.29586
0.46612 0.037942 0.31232
0.47026 0.038163 0.32463
0.48611 0.037999 0.31276
0.48963 0.038206 0.32353
0.46776 0.03825 0.33373
0.47095 0.038441 0.34049
0.49045 0.038634 0.34072
0.45693 0.038043 0.36259
0.4787 0.038393 0.34802
0.48018 0.03768 0.35226
0.43983 0.036044 0.38257
0.43577 0.034552 0.39497
0.46673 0.035533 0.36562
0.46707 0.034292 0.37248
0.42414 0.033571 0.42685
0.44437 0.03336 0.49204
0.401 0.033429 0.51467
0.40484 0.034344 0.57951
0.44907 0.033731 0.60195
0.43982 0.035382 0.60936
0.4847 0.034021 0.5985
0.49718 0.035348 0.61017
0.44054 0.037464 0.61622
0.45726 0.037887 0.62343
0.49276 0.036862 0.61877
0.50448 0.037686 0.62621
0.46185 0.037942 0.63093
0.46596 0.037679 0.64906
0.48443 0.037826 0.63391
0.49956 0.037694 0.64508
0.46364 0.037631 0.65388
0.46644 0.037549 0.66912
0.50074 0.037504 0.65439
0.4748 0.037517 0.67927
0.47263 0.03746 0.70535
0.48576 0.03745 0.68309
0.49292 0.037421 0.69686
0.47783 0.037448 0.7245
0.49295 0.037437 0.70801
0.49421 0.037436 0.72817
0.47802 0.037444 0.7459
0.47941 0.03746 0.75946
0.49532 0.037424 0.74747
0.49683 0.037452 0.7595
0.48112 0.037495 0.77279
0.47182 0.037509 0.79522
0.49295 0.037512 0.80102
0.47991 0.03752 0.83002
0.49507 0.037508 0.81178
0.49282 0.037519 0.83262
0.4779 0.037541 0.84436
0.47999 0.037546 0.86072
0.4869 0.03754 0.85795
0.4767 0.037563 0.87632
0.47391 0.037562 0.88719
0.49484 0.037558 0.88152
0.46959 0.037557 0.928
0.49156 0.037577 0.90967
0.48661 0.037542 0.93025
0.47626 0.037517 0.94471
0.47621 0.034303 0.95271
0.48765 0.037519 0.93854
0.46979 0.033943 0.42687
0.41545 0.034157 0.48853
0.4415 0.033862 0.50489
0.46132 0.033955 0.55981
0.46306 0.036153 0.39063
0.47209 0.036952 0.38212
0.41666 0.036083 0.44455
0.40171 0.035227 0.46534
0.41717 0.036972 0.43114
0.40667 0.036571 0.4519
0.47261 0.034853 0.41108
0.42762 0.034057 0.45538
0.4707 0.035995 0.39015
0.43736 0.033768 0.48706
0.41445 0.034378 0.52519
0.36984 0.038035 0.5215
0.42517 0.037284 0.57965
0.48507 0.033942 0.54696
0.45173 0.035749 0.58472
0.44515 0.033883 0.53014
0.43945 0.036199 0.58931
0.42895 0.036888 0.58501
0.47402 0.036804 0.38344
0.43258 0.03639 0.42509
0.41784 0.034893 0.47091
0.44883 0.035734 0.41783
0.40924 0.035217 0.47415
0.45384 0.037482 0.39505
0.43077 0.034316 0.47485
0.46205 0.03505 0.41974
0.46001 0.034693 0.45871
0.39265 0.036596 0.53636
0.4095 0.036962 0.55362
0.38484 0.035913 0.48967
0.4288 0.034938 0.54395
0.428 0.034253 0.49948
0.4738 0.034251 0.55778
0.45591 0.034078 0.49917
0.44118 0.03458 0.55899
0.4302 0.036858 0.58465
0.48012 0.037139 0.58667
0.44965 0.034434 0.44362
0.46423 0.034537 0.5214
0.50683 0.037566 0.045291
0.52532 0.037567 0.04722
0.52427 0.037568 0.056802
0.50563 0.037564 0.071099
0.50544 0.037566 0.087559
0.5296 0.037568 0.067063
0.52326 0.037567 0.087474
0.50013 0.037551 0.10493
0.51056 0.037554 0.11439
0.52714 0.037553 0.10668
0.52212 0.037551 0.11302
0.51423 0.037566 0.1342
0.51226 0.037571 0.14445
0.51865 0.037563 0.13293
0.52086 0.037577 0.15467
0.51029 0.037573 0.16003
0.51557 0.037558 0.17419
0.53006 0.037551 0.17093
0.51976 0.037556 0.17502
0.51566 0.037558 0.19794
0.5026 0.037557 0.20442
0.52969 0.037549 0.19411
0.53278 0.037534 0.20596
0.51341 0.037603 0.22644
0.51178 0.037628 0.23954
0.52616 0.037589 0.22838
0.52253 0.037627 0.24209
0.50557 0.037691 0.26884
0.52764 0.037629 0.25679
0.52392 0.037633 0.26352
0.50621 0.03773 0.2807
0.51628 0.037766 0.29576
0.53399 0.037688 0.28091
0.53708 0.037752 0.29773
0.50511 0.0379 0.3095
0.5383 0.037852 0.31225
0.54142 0.037878 0.3193
0.49927 0.038533 0.33852
0.52771 0.038167 0.32841
0.54229 0.038119 0.34842
0.5058 0.038101 0.34417
0.50786 0.037719 0.34648
0.54635 0.037607 0.37485
0.52684 0.035622 0.36279
0.51743 0.034467 0.36869
0.53994 0.035749 0.38473
0.51872 0.034388 0.426
0.49702 0.033414 0.43908
0.50935 0.03378 0.44978
0.51798 0.033433 0.4769
0.47657 0.033378 0.5202
0.53672 0.033605 0.58996
0.57167 0.033416 0.56208
0.58282 0.034159 0.5894
0.50971 0.035865 0.61514
0.55849 0.035596 0.60092
0.55275 0.036747 0.60948
0.53697 0.037288 0.6204
0.51103 0.037863 0.63885
0.5304 0.037772 0.62731
0.53844 0.037682 0.63872
0.51141 0.037548 0.65122
0.51759 0.037419 0.66286
0.53373 0.037468 0.65628
0.53734 0.037473 0.66517
0.51156 0.037447 0.68048
0.50498 0.037422 0.6942
0.52525 0.037483 0.67697
0.53585 0.03746 0.69264
0.50382 0.037422 0.7184
0.51002 0.037433 0.7321
0.52108 0.037437 0.733
0.50859 0.03742 0.74582
0.50968 0.037437 0.75714
0.52809 0.037438 0.73864
0.5211 0.037442 0.75852
0.51591 0.03748 0.77242
0.50625 0.037498 0.79484
0.5281 0.037482 0.78283
0.53252 0.037498 0.79542
0.50763 0.037502 0.81238
0.51298 0.037496 0.82183
0.52471 0.037497 0.81645
0.52512 0.037506 0.8261
0.51157 0.037536 0.85509
0.53256 0.037544 0.86189
0.50984 0.037559 0.8787
0.51537 0.03756 0.89292
0.5312 0.03756 0.87778
0.53189 0.037564 0.89538
0.50215 0.037576 0.91537
0.52095 0.037577 0.91207
0.50457 0.034522 0.95222
0.52824 0.03746 0.94494
0.52613 0.033404 0.95815
0.47585 0.034025 0.50196
0.51201 0.033795 0.54522
0.49091 0.034498 0.40313
0.49244 0.033962 0.47877
0.52685 0.037142 0.40596
0.4727 0.033884 0.44319
0.53086 0.035161 0.51798
0.49894 0.03693 0.45054
0.55011 0.036423 0.51968
0.51304 0.033794 0.52719
0.5099 0.03487 0.57675
0.55519 0.034172 0.56123
0.54606 0.036647 0.58166
0.57412 0.034439 0.56019
0.56907 0.03599 0.58459
0.59631 0.037977 0.55758
0.59089 0.038196 0.57546
0.52706 0.036349 0.58968
0.52037 0.036775 0.39309
0.52172 0.03591 0.40021
0.4671 0.033913 0.47998
0.49465 0.034842 0.4251
0.49055 0.034709 0.46069
0.49814 0.037174 0.45036
0.52649 0.035431 0.49647
0.50477 0.034854 0.48363
0.53046 0.034244 0.53582
0.52875 0.036035 0.56247
0.49575 0.034511 0.51155
0.51967 0.034836 0.55346
0.59162 0.037537 0.56649
0.58198 0.036951 0.57922
0.559 0.035561 0.53909
0.47531 0.034378 0.45186
0.48586 0.034445 0.46497
0.50701 0.034538 0.51926
0.54125 0.037571 0.054007
0.56406 0.037575 0.036622
0.55964 0.037574 0.062824
0.54326 0.037567 0.091819
0.55549 0.037572 0.070897
0.55617 0.037572 0.087888
0.54351 0.037553 0.10745
0.54818 0.037558 0.12291
0.55344 0.037553 0.10683
0.5536 0.037558 0.12318
0.54422 0.037556 0.13293
0.56455 0.037556 0.1347
0.55733 0.037556 0.14564
0.548 0.037542 0.16863
0.56719 0.037542 0.16706
0.5503 0.03752 0.19761
0.54263 0.037536 0.21267
0.56856 0.037525 0.19593
0.56352 0.037535 0.21787
0.54771 0.037547 0.22413
0.55878 0.037541 0.22345
0.57166 0.03758 0.25016
0.54905 0.037588 0.25979
0.57042 0.037583 0.26509
0.56898 0.037596 0.27217
0.54822 0.037714 0.29587
0.5732 0.037624 0.2897
0.56901 0.037639 0.29952
0.55709 0.037798 0.31348
0.55614 0.03785 0.33009
0.56999 0.037654 0.32374
0.57337 0.037618 0.34116
0.54795 0.037979 0.33339
0.55526 0.037905 0.36403
0.56688 0.037709 0.35178
0.54547 0.037763 0.38701
0.54734 0.037448 0.40406
0.54398 0.037261 0.40967
0.52582 0.035098 0.43292
0.54671 0.036703 0.43309
0.53346 0.034059 0.46148
0.55293 0.033941 0.4937
0.59091 0.033879 0.53365
0.61234 0.036155 0.53912
0.61005 0.036745 0.56785
0.59764 0.035849 0.58741
0.57488 0.037211 0.60226
0.60436 0.03686 0.58349
0.60801 0.037412 0.59262
0.57904 0.037619 0.60586
0.60476 0.03768 0.61091
0.58539 0.037807 0.61815
0.56589 0.037613 0.62586
0.54707 0.037641 0.63884
0.58258 0.037635 0.64354
0.55273 0.037601 0.65204
0.55151 0.03754 0.67052
0.5758 0.037611 0.64835
0.54363 0.037513 0.67738
0.55082 0.037493 0.70019
0.56723 0.037536 0.68105
0.55769 0.037503 0.70082
0.53841 0.037456 0.71582
0.54046 0.03746 0.73137
0.56119 0.037505 0.70921
0.54104 0.037445 0.74298
0.55426 0.037443 0.75171
0.56457 0.037469 0.76596
0.53964 0.037475 0.77326
0.54346 0.037503 0.79692
0.56506 0.037477 0.78419
0.56469 0.037516 0.80098
0.54859 0.037521 0.80811
0.5433 0.037522 0.83243
0.55528 0.037521 0.81052
0.55618 0.037521 0.82886
0.54035 0.037535 0.85061
0.55397 0.037537 0.84923
0.5609 0.037549 0.86435
0.54194 0.037559 0.88823
0.55699 0.03756 0.88271
0.56488 0.037564 0.8901
0.54715 0.037578 0.90953
0.53749 0.037526 0.92963
0.55956 0.037582 0.91271
0.55566 0.037536 0.92919
0.54419 0.037478 0.94413
0.54827 0.033364 0.95997
0.56379 0.037497 0.94133
0.55468 0.034103 0.95315
0.55618 0.036209 0.5248
0.57419 0.036373 0.53772
0.57696 0.037578 0.044877
0.58755 0.037581 0.040533
0.5958 0.037582 0.06245
0.57287 0.037567 0.094245
0.58993 0.037578 0.072637
0.59656 0.037574 0.093428
0.57215 0.037554 0.10955
0.57714 0.037561 0.12405
0.59523 0.037567 0.10404
0.5878 0.037559 0.11546
0.58343 0.037557 0.14168
0.60048 0.037562 0.13491
0.59511 0.037561 0.15213
0.58149 0.037534 0.17092
0.5745 0.037532 0.1805
0.59045 0.037531 0.17356
0.60091 0.037529 0.18038
0.57594 0.037531 0.21384
0.5963 0.037525 0.20583
0.58117 0.037546 0.23287
0.5807 0.037571 0.25018
0.60631 0.037531 0.23027
0.59761 0.03754 0.25022
0.58769 0.037569 0.25699
0.5974 0.037538 0.26452
0.59978 0.037538 0.28186
0.57891 0.037603 0.2898
0.58505 0.037561 0.30612
0.60032 0.037528 0.30226
0.59664 0.037514 0.3117
0.58218 0.037555 0.32844
0.60005 0.037426 0.3419
0.59957 0.037389 0.35618
0.57707 0.037517 0.36158
0.5678 0.037284 0.39444
0.5856 0.037336 0.38104
0.56099 0.03697 0.41501
0.55974 0.036975 0.4297
0.58364 0.037292 0.41391
0.55355 0.03716 0.44165
0.55047 0.03722 0.46137
0.55638 0.037299 0.45006
0.55621 0.03711 0.45941
0.56131 0.036542 0.48762
0.58564 0.037211 0.50541
0.56347 0.036849 0.47768
0.58856 0.037376 0.50274
0.61577 0.037463 0.5317
0.62259 0.038051 0.55019
0.61368 0.037488 0.5217
0.62692 0.038144 0.55318
0.61775 0.03776 0.56646
0.60975 0.037638 0.59847
0.62731 0.03804 0.56383
0.62213 0.037884 0.58421
0.61577 0.037951 0.61311
0.62242 0.038006 0.60888
0.62417 0.03804 0.62992
0.60542 0.037853 0.63761
0.59785 0.037713 0.64426
0.62322 0.038129 0.65062
0.58838 0.037593 0.6551
0.58116 0.037526 0.67303
0.62134 0.037929 0.66242
0.6034 0.037589 0.67297
0.58484 0.037535 0.68277
0.59561 0.037557 0.68075
0.59289 0.03755 0.69614
0.57288 0.037489 0.72789
0.59264 0.037509 0.72652
0.57369 0.037475 0.74008
0.59812 0.037469 0.75185
0.59327 0.037483 0.7676
0.5718 0.037491 0.79145
0.59259 0.03752 0.80107
0.57934 0.037526 0.80455
0.57767 0.037519 0.82171
0.5911 0.037525 0.81769
0.57866 0.037539 0.84617
0.59773 0.037548 0.84734
0.57403 0.037558 0.87349
0.59731 0.037577 0.89623
0.5742 0.037582 0.9113
0.59348 0.037585 0.90968
0.57438 0.03748 0.94721
0.57756 0.034484 0.95234
0.59189 0.037512 0.94275
0.58651 0.03334 0.96328
0.61147 0.037589 0.045099
0.61389 0.037588 0.061623
0.63198 0.037595 0.04245
0.63394 0.037596 0.053394
0.61738 0.037585 0.074804
0.60553 0.037582 0.086666
0.63431 0.037587 0.079191
0.62929 0.037588 0.085326
0.61307 0.037572 0.11028
0.61183 0.03757 0.12587
0.62477 0.037579 0.10388
0.63136 0.037575 0.12308
0.606 0.037565 0.13039
0.6181 0.037555 0.15805
0.63146 0.037567 0.13317
0.63253 0.037558 0.14767
0.6111 0.037538 0.1696
0.61862 0.037531 0.18228
0.63164 0.037547 0.16523
0.61836 0.037518 0.20368
0.61298 0.037527 0.22144
0.62803 0.037511 0.20796
0.62915 0.037512 0.22067
0.61172 0.037491 0.24546
0.62899 0.037481 0.23946
0.63191 0.037474 0.25043
0.63341 0.037454 0.27617
0.6137 0.037439 0.31831
0.62663 0.037445 0.30238
0.6303 0.037373 0.33662
0.6231 0.037361 0.34381
0.62087 0.037257 0.37384
0.5973 0.037297 0.38098
0.59288 0.037377 0.4064
0.60994 0.03723 0.38139
0.60482 0.037446 0.4054
0.57653 0.037054 0.437
0.59134 0.037018 0.43412
0.57628 0.03684 0.44937
0.57372 0.036698 0.47295
0.58578 0.036768 0.45568
0.59056 0.0368 0.45948
0.5976 0.037115 0.4954
0.60141 0.036967 0.48018
0.6166 0.037153 0.49842
0.62324 0.037491 0.51382
0.6339 0.038153 0.54473
0.63293 0.037446 0.50996
0.64022 0.037835 0.53504
0.64024 0.0381 0.55796
0.63925 0.037918 0.58104
0.64956 0.037984 0.55659
0.64623 0.037959 0.576
0.63808 0.037922 0.59782
0.64771 0.037924 0.60729
0.63517 0.038149 0.64415
0.64982 0.037918 0.64444
0.62919 0.038159 0.66227
0.61807 0.037753 0.67435
0.63735 0.037798 0.68186
0.63819 0.037672 0.69011
0.60953 0.037569 0.70885
0.60737 0.037518 0.72643
0.62922 0.037522 0.72977
0.61178 0.037497 0.74535
0.60648 0.037476 0.75815
0.62633 0.037497 0.74868
0.62618 0.037487 0.75658
0.61054 0.037496 0.7836
0.61189 0.037503 0.78983
0.62738 0.037505 0.78352
0.62979 0.037512 0.79054
0.60442 0.037536 0.80603
0.60749 0.037549 0.83431
0.63005 0.037546 0.80898
0.634 0.037561 0.83147
0.60818 0.037555 0.84138
0.60369 0.037552 0.85577
0.62645 0.037567 0.84549
0.62417 0.037565 0.85917
0.61102 0.037569 0.87238
0.60589 0.037577 0.89242
0.62028 0.037579 0.88074
0.63028 0.037586 0.8903
0.60861 0.037591 0.91063
0.60936 0.037572 0.92754
0.62109 0.037578 0.92896
0.61112 0.037543 0.94569
0.62317 0.03756 0.93854
0.62931 0.033337 0.96444
0.64121 0.037597 0.046693
0.65619 0.037601 0.038271
0.65822 0.037598 0.06343
0.64866 0.037591 0.078617
0.64259 0.037586 0.094931
0.66597 0.037597 0.07323
0.66888 0.037597 0.084719
0.65845 0.037586 0.10885
0.65152 0.037556 0.15821
0.66142 0.037566 0.14025
0.66302 0.037558 0.15793
0.64714 0.037545 0.1672
0.6491 0.03753 0.19082
0.66211 0.037536 0.17455
0.65871 0.037529 0.18159
0.64893 0.037521 0.19782
0.6466 0.037503 0.2148
0.66835 0.037515 0.20103
0.66767 0.037503 0.21737
0.64324 0.037482 0.23789
0.64936 0.037468 0.25873
0.6616 0.037442 0.26334
0.64374 0.037431 0.27739
0.64223 0.037409 0.29468
0.66846 0.0374 0.27762
0.65828 0.037386 0.28873
0.64437 0.037368 0.316
0.65611 0.037352 0.33672
0.63658 0.037356 0.34449
0.63069 0.037203 0.37688
0.65556 0.037314 0.34741
0.65183 0.037204 0.37235
0.61873 0.0373 0.40772
0.6297 0.037182 0.40292
0.61759 0.037075 0.43375
0.63178 0.03708 0.42254
0.63114 0.037074 0.43304
0.60836 0.036952 0.45249
0.61954 0.036947 0.46543
0.63439 0.037041 0.45052
0.62662 0.037047 0.48449
0.62991 0.037086 0.49127
0.63892 0.037082 0.48281
0.65028 0.037209 0.49692
0.64098 0.037336 0.50624
0.65094 0.037628 0.52668
0.65907 0.037385 0.51104
0.67277 0.037545 0.52797
0.67164 0.037745 0.55387
0.674 0.037746 0.57191
0.66548 0.037833 0.58472
0.66999 0.037774 0.60621
0.68376 0.037766 0.60699
0.66382 0.03775 0.63877
0.67955 0.037752 0.62108
0.67025 0.037743 0.64328
0.65603 0.0379 0.6569
0.67647 0.037697 0.65645
0.65277 0.037547 0.69627
0.6585 0.037703 0.67908
0.65948 0.037569 0.69126
0.6454 0.03746 0.71189
0.64248 0.0375 0.72876
0.65916 0.037461 0.71693
0.66878 0.037497 0.72933
0.64823 0.037504 0.73951
0.64263 0.037499 0.75821
0.66196 0.037511 0.74652
0.65862 0.037502 0.75669
0.63822 0.037511 0.78161
0.64779 0.037523 0.79368
0.65654 0.037516 0.77672
0.6567 0.037534 0.79762
0.64761 0.037549 0.81082
0.64426 0.037565 0.83149
0.66434 0.037561 0.81411
0.66613 0.037576 0.83288
0.64586 0.037574 0.83888
0.6454 0.037578 0.85532
0.65589 0.037584 0.84364
0.66142 0.037591 0.86471
0.64945 0.037591 0.88206
0.64934 0.037593 0.88984
0.65621 0.037593 0.88317
0.66465 0.037603 0.8951
0.64543 0.037604 0.90898
0.63785 0.037573 0.92806
0.66432 0.037608 0.90405
0.66055 0.037603 0.91956
0.63667 0.037535 0.94229
0.64235 0.033925 0.95386
0.65777 0.037523 0.94024
0.66582 0.033689 0.95494
0.6835 0.037602 0.04489
0.68565 0.037602 0.051565
0.70213 0.037605 0.040524
0.69341 0.037604 0.05895
0.70109 0.037606 0.071589
0.69968 0.037605 0.091517
0.67354 0.037595 0.10129
0.67421 0.037588 0.12253
0.678 0.037573 0.1399
0.68035 0.037564 0.15657
0.68374 0.037547 0.16884
0.69642 0.037544 0.17346
0.68379 0.037505 0.20659
0.67492 0.037501 0.21794
0.69858 0.037496 0.21356
0.69094 0.037486 0.22684
0.67943 0.037459 0.24148
0.69045 0.037443 0.24797
0.69635 0.03744 0.25313
0.67969 0.037372 0.29271
0.69681 0.03739 0.28205
0.68893 0.037371 0.29105
0.67032 0.037337 0.33109
0.68948 0.037334 0.31943
0.68828 0.037327 0.32641
0.67556 0.037263 0.34628
0.66698 0.037215 0.36098
0.68172 0.037234 0.35525
0.67583 0.037185 0.36986
0.6574 0.03712 0.38511
0.65144 0.037067 0.39745
0.67747 0.03715 0.38782
0.67662 0.037141 0.39743
0.65821 0.037065 0.41436
0.65206 0.037076 0.43519
0.67211 0.037125 0.4141
0.68003 0.037139 0.42942
0.65541 0.037072 0.46601
0.67781 0.037119 0.44978
0.66176 0.037138 0.48075
0.67408 0.037216 0.492
0.68861 0.03721 0.47715
0.69449 0.037311 0.49591
0.67338 0.037423 0.51215
0.67888 0.037536 0.52916
0.69758 0.037456 0.51985
0.6823 0.037583 0.53883
0.69074 0.037631 0.56645
0.6988 0.037516 0.53658
0.70757 0.037588 0.56613
0.69246 0.037744 0.60889
0.70573 0.037611 0.57825
0.71527 0.037675 0.60249
0.6998 0.037704 0.61491
0.70832 0.037678 0.62352
0.70983 0.03764 0.64077
0.6884 0.037647 0.6571
0.6861 0.037622 0.66496
0.70305 0.037633 0.6498
0.70207 0.037594 0.66469
0.67825 0.037517 0.69828
0.69562 0.037523 0.69258
0.68393 0.03752 0.71621
0.67465 0.037505 0.7277
0.69042 0.037527 0.70782
0.68022 0.037524 0.7519
0.6734 0.037525 0.76725
0.69637 0.037537 0.74392
0.70019 0.03755 0.76538
0.67665 0.037536 0.77573
0.67881 0.037548 0.79446
0.6947 0.037553 0.77458
0.68877 0.037564 0.80194
0.67449 0.037564 0.80934
0.68802 0.03757 0.80746
0.69004 0.037586 0.83007
0.68199 0.037595 0.85074
0.69586 0.037598 0.84058
0.68884 0.037604 0.86694
0.68184 0.037604 0.87297
0.69233 0.037608 0.87193
0.69277 0.037615 0.89564
0.6803 0.037617 0.9094
0.67096 0.037558 0.93121
0.69093 0.037563 0.93042
0.68185 0.037509 0.94282
0.6832 0.033339 0.96348
0.69703 0.033426 0.95777
0.71191 0.037607 0.037384
0.7109 0.037608 0.054641
0.7275 0.037611 0.042481
0.73012 0.037612 0.060688
0.71363 0.037609 0.076046
0.73106 0.037612 0.075487
0.71407 0.037602 0.10092
0.7108 0.037589 0.12606
0.7292 0.037596 0.11216
0.73313 0.03759 0.12733
0.70881 0.037565 0.15744
0.7353 0.03758 0.14667
0.73307 0.037571 0.15908
0.70945 0.037545 0.1759
0.70735 0.037527 0.1932
0.72517 0.037559 0.16814
0.73414 0.037545 0.1868
0.70925 0.037517 0.20077
0.70864 0.037494 0.22016
0.72398 0.037511 0.20928
0.71516 0.037459 0.24762
0.73338 0.037455 0.25471
0.71729 0.037422 0.27176
0.71552 0.03739 0.29368
0.70212 0.037361 0.31125
0.7072 0.037321 0.33426
0.72875 0.037368 0.31155
0.71501 0.03732 0.33526
0.70768 0.037301 0.34105
0.70414 0.037238 0.36469
0.72003 0.037316 0.34122
0.72326 0.037287 0.36331
0.70364 0.037193 0.38364
0.6906 0.037173 0.39546
0.71429 0.037239 0.37545
0.70808 0.037195 0.39867
0.69509 0.037169 0.41741
0.71943 0.037254 0.40658
0.70884 0.037209 0.42438
0.69952 0.037164 0.43839
0.69347 0.037178 0.46256
0.71743 0.037264 0.4435
0.71421 0.037258 0.45888
0.70228 0.037213 0.47041
0.70562 0.037272 0.48857
0.70982 0.037241 0.46806
0.71998 0.037334 0.48974
0.72013 0.037381 0.50574
0.72827 0.037426 0.51916
0.71619 0.03752 0.54523
0.7332 0.03748 0.54317
0.74025 0.037518 0.56415
0.72883 0.037625 0.60227
0.74165 0.03754 0.57723
0.73739 0.037582 0.58898
0.72358 0.037631 0.63661
0.73424 0.037647 0.61135
0.74054 0.03763 0.63742
0.72109 0.037607 0.65441
0.72451 0.037589 0.66116
0.7335 0.03761 0.6497
0.73469 0.037597 0.66851
0.71896 0.037549 0.68826
0.7139 0.037546 0.69683
0.73062 0.037579 0.68011
0.73327 0.037568 0.69418
0.71983 0.037555 0.71599
0.70735 0.037544 0.72865
0.72434 0.037556 0.72508
0.71075 0.037552 0.74506
0.71001 0.037554 0.75927
0.73193 0.037566 0.743
0.72771 0.037566 0.76166
0.71426 0.037577 0.77872
0.70501 0.037573 0.79468
0.72612 0.037583 0.77782
0.71437 0.037593 0.81746
0.705 0.037594 0.82903
0.72707 0.037596 0.80628
0.71721 0.03761 0.83859
0.70487 0.037611 0.86093
0.72362 0.037613 0.83886
0.7118 0.03762 0.88264
0.70577 0.037617 0.88725
0.72198 0.037624 0.87414
0.73402 0.037635 0.89716
0.70467 0.037628 0.90997
0.71592 0.037626 0.91915
0.73226 0.037639 0.90663
0.71139 0.033367 0.95986
0.73349 0.037532 0.94081
0.74141 0.037615 0.04348
0.74408 0.037615 0.057258
0.76366 0.037618 0.058592
0.75856 0.037615 0.077044
0.75636 0.037612 0.090932
0.76692 0.037609 0.1045
0.757 0.037603 0.11788
0.74543 0.037583 0.14609
0.74164 0.037579 0.15187
0.75846 0.037592 0.13424
0.76627 0.037576 0.15783
0.7428 0.037561 0.17118
0.74809 0.037538 0.19464
0.75835 0.037554 0.17822
0.7567 0.037539 0.19305
0.75137 0.037521 0.20647
0.74523 0.037491 0.23141
0.76244 0.037506 0.22542
0.7443 0.037471 0.24516
0.76633 0.037494 0.2361
0.74783 0.037436 0.27058
0.73605 0.037405 0.28772
0.76171 0.037441 0.27403
0.73749 0.037358 0.3303
0.75192 0.037393 0.30477
0.75315 0.037377 0.32652
0.73384 0.037339 0.34268
0.73119 0.037301 0.36806
0.7525 0.037348 0.34786
0.75591 0.037341 0.35922
0.74026 0.037281 0.3818
0.73529 0.037273 0.39013
0.75811 0.037328 0.3774
0.74748 0.037288 0.39182
0.73234 0.037275 0.40487
0.73076 0.037279 0.43072
0.75333 0.037304 0.41289
0.72789 0.037285 0.44267
0.72966 0.037303 0.46087
0.75104 0.037302 0.44289
0.75514 0.037317 0.45325
0.74102 0.037304 0.4675
0.73399 0.037339 0.48599
0.75929 0.037351 0.47294
0.75871 0.037359 0.48309
0.75951 0.037394 0.50496
0.75595 0.037422 0.52728
0.74456 0.037465 0.5416
0.74733 0.037499 0.56049
0.7607 0.037452 0.5381
0.77035 0.037488 0.55398
0.75689 0.037511 0.58172
0.76325 0.037545 0.59964
0.76872 0.037552 0.60621
0.74813 0.037626 0.65039
0.74814 0.037618 0.66669
0.76773 0.037604 0.64936
0.75127 0.037618 0.68052
0.74777 0.037596 0.69954
0.76855 0.0376 0.68738
0.75081 0.037598 0.71833
0.7472 0.037584 0.73693
0.74655 0.037575 0.75401
0.74342 0.037575 0.7583
0.76178 0.037589 0.76081
0.74821 0.0376 0.77899
0.74702 0.037607 0.79743
0.75694 0.037598 0.7743
0.75125 0.037615 0.81716
0.75062 0.037623 0.83454
0.7589 0.037616 0.80838
0.76463 0.037623 0.82624
0.74117 0.037629 0.86134
0.75894 0.037633 0.84944
0.74604 0.037633 0.87061
0.74198 0.03764 0.89899
0.75861 0.03764 0.87961
0.75796 0.037644 0.89421
0.74878 0.037645 0.90325
0.76417 0.037654 0.91014
0.75679 0.037605 0.92947
0.7392 0.037544 0.93973
0.74096 0.033426 0.95782
0.76566 0.033356 0.96079
0.77503 0.03762 0.043912
0.78335 0.03762 0.052422
0.79767 0.037623 0.047429
0.80061 0.037624 0.063273
0.77875 0.037619 0.06861
0.79289 0.037619 0.090263
0.78366 0.037607 0.11352
0.78274 0.037598 0.12907
0.79422 0.03761 0.11017
0.79787 0.037605 0.12443
0.78372 0.037588 0.14389
0.78101 0.037579 0.15721
0.7905 0.037594 0.13684
0.79167 0.037579 0.16183
0.78092 0.037562 0.17738
0.79985 0.037579 0.16817
0.78857 0.037549 0.19585
0.77984 0.037535 0.20708
0.78213 0.037514 0.22855
0.79541 0.037539 0.21181
0.79107 0.037521 0.22743
0.77329 0.037496 0.23854
0.77187 0.037464 0.26452
0.79049 0.037509 0.23716
0.7903 0.03749 0.25525
0.7921 0.037471 0.27707
0.76687 0.037407 0.31541
0.77225 0.037404 0.33061
0.79688 0.037449 0.3026
0.78437 0.037412 0.32449
0.77208 0.037384 0.3471
0.77016 0.037367 0.36301
0.78276 0.037394 0.33951
0.78142 0.037375 0.35881
0.77233 0.037353 0.37799
0.77577 0.037343 0.39377
0.79039 0.037379 0.37601
0.79064 0.037372 0.39412
0.77385 0.037336 0.4082
0.77011 0.037332 0.42287
0.78216 0.037351 0.40538
0.78715 0.037363 0.42799
0.76967 0.037339 0.44318
0.78547 0.037363 0.44556
0.78312 0.037356 0.44995
0.76679 0.037357 0.46959
0.77394 0.037371 0.48508
0.78679 0.037376 0.46794
0.79621 0.037419 0.48994
0.78091 0.037403 0.50975
0.79019 0.037415 0.50632
0.79905 0.037461 0.52773
0.77592 0.037492 0.5579
0.7943 0.037457 0.53323
0.79882 0.037491 0.56102
0.78379 0.037497 0.5784
0.78175 0.037515 0.58943
0.79758 0.037496 0.57706
0.78819 0.037519 0.60402
0.79592 0.037518 0.6061
0.77883 0.037594 0.64275
0.77812 0.037599 0.66299
0.80081 0.037582 0.64774
0.79541 0.037587 0.66885
0.7783 0.037597 0.68724
0.77997 0.037595 0.6953
0.8007 0.037594 0.68485
0.80013 0.037594 0.69004
0.78373 0.037595 0.71436
0.77335 0.037598 0.7355
0.78989 0.037602 0.73642
0.77982 0.037604 0.74499
0.78302 0.037609 0.76708
0.80013 0.037613 0.74477
0.79782 0.037632 0.79686
0.77323 0.037624 0.81797
0.77947 0.037632 0.83257
0.78975 0.037631 0.80844
0.79979 0.037642 0.83246
0.77839 0.037641 0.85473
0.78984 0.037642 0.8438
0.78008 0.037649 0.87845
0.77385 0.037652 0.89633
0.79733 0.037659 0.89312
0.77906 0.037613 0.93151
0.79353 0.037664 0.91375
0.7834 0.037565 0.94804
0.77453 0.033341 0.96309
0.79281 0.037579 0.94163
0.79793 0.033542 0.95621
0.80505 0.037625 0.046723
0.80568 0.037625 0.054052
0.8307 0.03763 0.046904
0.83312 0.03763 0.052133
0.80506 0.037624 0.076927
0.8066 0.03762 0.092215
0.82986 0.037626 0.072859
0.82285 0.037623 0.089472
0.81172 0.037616 0.1045
0.81043 0.03761 0.12237
0.82184 0.037617 0.10747
0.82875 0.037614 0.12469
0.82873 0.037608 0.13978
0.82112 0.037586 0.17383
0.82096 0.037577 0.18566
0.81152 0.037556 0.20659
0.80452 0.037538 0.22229
0.83214 0.037561 0.2124
0.82845 0.037552 0.22247
0.80518 0.037523 0.23795
0.80792 0.037509 0.25844
0.82942 0.037522 0.25805
0.81518 0.037491 0.28145
0.80997 0.037483 0.29046
0.83087 0.037504 0.27804
0.82343 0.037484 0.29383
0.81336 0.037466 0.30329
0.80703 0.037441 0.31976
0.82484 0.037474 0.30447
0.81702 0.037441 0.32865
0.80346 0.037417 0.3444
0.80797 0.037417 0.35387
0.8176 0.03743 0.34638
0.80205 0.0374 0.37835
0.80059 0.037394 0.39665
0.82597 0.037426 0.37791
0.80087 0.037396 0.40877
0.80159 0.037401 0.42689
0.81977 0.037411 0.42179
0.80243 0.037405 0.44069
0.81229 0.037405 0.45232
0.82689 0.037422 0.43754
0.80511 0.037421 0.46987
0.80173 0.037433 0.49007
0.80324 0.03745 0.50922
0.81369 0.037453 0.51847
0.82533 0.037457 0.51872
0.81312 0.037494 0.55397
0.82259 0.037484 0.55006
0.8156 0.037519 0.59805
0.83454 0.037521 0.57744
0.83019 0.037525 0.5952
0.81828 0.037518 0.61442
0.8195 0.037539 0.63006
0.83239 0.037531 0.60871
0.82661 0.037535 0.62653
0.81255 0.03758 0.64922
0.813 0.037583 0.65621
0.82696 0.037549 0.638
0.81793 0.037589 0.67209
0.81039 0.037606 0.70208
0.82848 0.0376 0.68998
0.81259 0.037611 0.71353
0.82688 0.03761 0.71206
0.80882 0.037617 0.7399
0.80937 0.037626 0.76515
0.83471 0.037628 0.74353
0.83505 0.037634 0.75845
0.80624 0.037629 0.7781
0.80965 0.037638 0.79906
0.83353 0.037641 0.78133
0.82719 0.037642 0.79574
0.81225 0.037643 0.80834
0.82644 0.037654 0.82867
0.80623 0.037651 0.84848
0.81258 0.037657 0.86103
0.8313 0.037659 0.84438
0.83078 0.037663 0.86325
0.81639 0.037661 0.8732
0.80592 0.037662 0.89178
0.82785 0.037668 0.88182
0.80757 0.037667 0.9067
0.80659 0.037651 0.92169
0.8203 0.037671 0.90786
0.80658 0.03758 0.93808
0.81422 0.033352 0.96117
0.82878 0.03754 0.94807
0.82248 0.03334 0.9634
0.84374 0.037631 0.044643
0.84069 0.03763 0.054711
0.86262 0.037632 0.044803
0.84663 0.037626 0.078755
0.85009 0.037625 0.090834
0.85347 0.037627 0.073971
0.85525 0.037625 0.089113
0.85684 0.037624 0.10752
0.85616 0.037615 0.13087
0.84108 0.037606 0.14561
0.84773 0.037599 0.15788
0.86017 0.03761 0.1411
0.85412 0.037603 0.1512
0.83862 0.037586 0.17997
0.84098 0.03758 0.19077
0.8579 0.037591 0.17995
0.86562 0.037585 0.19487
0.84965 0.037572 0.20746
0.83754 0.037551 0.22821
0.86089 0.037574 0.20938
0.85281 0.037556 0.22951
0.84748 0.037543 0.24362
0.85707 0.037548 0.24406
0.85898 0.037542 0.25463
0.85532 0.037526 0.2731
0.85697 0.037512 0.29348
0.84108 0.037485 0.31313
0.83423 0.037469 0.32252
0.85916 0.037506 0.30548
0.85373 0.037492 0.31803
0.83788 0.037458 0.35221
0.85485 0.037481 0.33994
0.86268 0.037477 0.35838
0.84087 0.037449 0.37767
0.85022 0.037455 0.37601
0.85919 0.037461 0.38833
0.84468 0.037443 0.40736
0.84604 0.03744 0.42017
0.85056 0.037448 0.4022
0.86008 0.037456 0.4273
0.83846 0.037438 0.43873
0.83313 0.037432 0.45372
0.85297 0.037446 0.44283
0.85843 0.037454 0.45729
0.83706 0.037443 0.47405
0.84235 0.037451 0.48831
0.84239 0.037467 0.50978
0.84967 0.03748 0.52839
0.86541 0.037493 0.51937
0.84639 0.037491 0.53889
0.84811 0.037503 0.55456
0.86425 0.037503 0.53954
0.86209 0.037508 0.55256
0.8506 0.037518 0.57459
0.84375 0.037542 0.59469
0.86438 0.037524 0.57331
0.8572 0.037532 0.59042
0.85213 0.037558 0.62127
0.86187 0.037545 0.6021
0.85665 0.037564 0.63208
0.85137 0.037578 0.66159
0.86634 0.037573 0.64035
0.86039 0.037583 0.6651
0.85008 0.037589 0.68197
0.84144 0.037598 0.69163
0.86234 0.03759 0.67398
0.86467 0.037608 0.69938
0.8425 0.037609 0.71001
0.84867 0.037621 0.72806
0.85666 0.037605 0.70625
0.85712 0.037623 0.73079
0.84599 0.037629 0.74094
0.84301 0.03764 0.76715
0.85837 0.03764 0.76277
0.83926 0.037649 0.79755
0.8619 0.037647 0.77351
0.86585 0.037655 0.79253
0.84239 0.037657 0.81715
0.86439 0.037659 0.80686
0.86121 0.037662 0.82419
0.84417 0.037664 0.84453
0.86081 0.037666 0.8403
0.86176 0.037671 0.85769
0.84648 0.037674 0.87634
0.842 0.037675 0.89702
0.86038 0.037676 0.87057
0.84535 0.037672 0.91877
0.86403 0.037681 0.90554
0.85558 0.037665 0.92178
0.84977 0.037618 0.93564
0.84292 0.03336 0.96042
0.86291 0.037631 0.93519
0.86119 0.033339 0.96354
0.87019 0.037633 0.039076
0.87192 0.037632 0.060861
0.88655 0.037635 0.03988
0.88801 0.037635 0.0518
0.88143 0.03763 0.076167
0.88196 0.037628 0.091709
0.8964 0.037633 0.078244
0.89063 0.037631 0.085615
0.88128 0.037625 0.10831
0.88202 0.03762 0.12695
0.89037 0.037624 0.11808
0.87519 0.037615 0.13722
0.88236 0.037609 0.15727
0.89379 0.037615 0.14684
0.88896 0.037609 0.16099
0.8765 0.037591 0.18984
0.89301 0.037606 0.16853
0.89703 0.037598 0.18836
0.87171 0.037582 0.20279
0.87699 0.037576 0.2185
0.89044 0.037585 0.20973
0.88626 0.037579 0.22095
0.86932 0.037562 0.23629
0.87184 0.037538 0.27371
0.87368 0.037529 0.28881
0.89699 0.037554 0.26788
0.88942 0.037536 0.29082
0.86927 0.037511 0.31363
0.87907 0.037517 0.32154
0.88627 0.037529 0.30191
0.88504 0.03752 0.31839
0.87581 0.0375 0.34363
0.89207 0.037512 0.33808
0.89705 0.037507 0.35155
0.87577 0.037483 0.37843
0.86815 0.037471 0.38621
0.89064 0.037495 0.3705
0.89363 0.037492 0.3911
0.87065 0.037472 0.40602
0.87305 0.037473 0.4185
0.89481 0.037489 0.41173
0.89023 0.037484 0.41749
0.88013 0.037477 0.43991
0.88455 0.037478 0.44988
0.87999 0.037485 0.47867
0.87844 0.037494 0.49353
0.88523 0.037493 0.49177
0.86952 0.03749 0.50339
0.87783 0.037514 0.5283
0.88876 0.037507 0.51147
0.89076 0.037515 0.52439
0.87446 0.037515 0.53842
0.8906 0.03752 0.53658
0.89513 0.03753 0.55098
0.8802 0.037536 0.57333
0.87834 0.037551 0.59645
0.89236 0.037538 0.57377
0.88955 0.037551 0.59729
0.87751 0.037556 0.60491
0.88293 0.037573 0.63096
0.88927 0.037559 0.60853
0.88887 0.03757 0.62604
0.88127 0.037586 0.64903
0.89032 0.037584 0.64669
0.89339 0.037595 0.65904
0.87393 0.037601 0.6756
0.89946 0.037622 0.69821
0.87322 0.037624 0.71409
0.88175 0.037636 0.73127
0.8962 0.037626 0.70468
0.89157 0.037633 0.72382
0.87463 0.037639 0.74653
0.87312 0.037646 0.76611
0.88833 0.037641 0.74432
0.8986 0.037649 0.76503
0.87541 0.037653 0.7814
0.87939 0.03766 0.79811
0.89098 0.037657 0.78887
0.87234 0.037664 0.81636
0.87834 0.037667 0.82538
0.88994 0.037662 0.80552
0.87754 0.03767 0.84097
0.88209 0.037677 0.86398
0.89513 0.037672 0.83998
0.88696 0.037676 0.8591
0.87523 0.037683 0.89125
0.89257 0.037681 0.87005
0.8955 0.037686 0.88986
0.88049 0.037685 0.90348
0.88167 0.037661 0.92883
0.89353 0.037686 0.9099
0.89701 0.037649 0.93041
0.87281 0.037626 0.94072
0.89837 0.033353 0.96107
0.90543 0.037638 0.037501
0.91228 0.037639 0.054094
0.92245 0.03762 0.038809
0.91529 0.037638 0.075253
0.90413 0.037633 0.09021
0.92873 0.037593 0.094412
0.91168 0.037629 0.10863
0.90986 0.037624 0.12901
0.92121 0.037618 0.10348
0.92369 0.037608 0.11793
0.90591 0.037622 0.13436
0.90829 0.037615 0.15822
0.92221 0.037605 0.13879
0.9137 0.037604 0.18752
0.92776 0.037583 0.17101
0.93044 0.03756 0.1957
0.91457 0.037594 0.20475
0.91209 0.037584 0.22181
0.92683 0.037555 0.20873
0.9187 0.037575 0.22577
0.90804 0.037569 0.24592
0.92737 0.037543 0.24234
0.9213 0.037553 0.25554
0.90787 0.037557 0.26953
0.93074 0.037516 0.27904
0.92975 0.037511 0.2933
0.91056 0.03753 0.32483
0.92256 0.037526 0.30174
0.92126 0.037521 0.32157
0.90272 0.03752 0.33566
0.90548 0.03751 0.36067
0.92811 0.037503 0.33634
0.91809 0.037514 0.35488
0.90427 0.037506 0.37105
0.90904 0.037505 0.38999
0.92337 0.037478 0.39446
0.92326 0.037476 0.40224
0.92908 0.037455 0.42921
0.90353 0.037495 0.45372
0.92545 0.037468 0.43409
0.90608 0.037507 0.47915
0.90352 0.037512 0.49493
0.92585 0.03747 0.47112
0.92325 0.037484 0.48509
0.91027 0.037522 0.50266
0.91147 0.037532 0.52254
0.9273 0.037487 0.51181
0.92479 0.037498 0.5189
0.92343 0.03751 0.53753
0.92551 0.037514 0.55435
0.91477 0.037568 0.59597
0.92518 0.037543 0.57532
0.92896 0.037556 0.5954
0.91058 0.037573 0.60528
0.90568 0.037582 0.62269
0.92233 0.03757 0.60635
0.92396 0.037574 0.61891
0.90428 0.037593 0.64421
0.93214 0.037546 0.64793
0.92308 0.037586 0.6639
0.91355 0.037614 0.68877
0.92485 0.037582 0.68189
0.92804 0.037573 0.69675
0.91278 0.037626 0.70577
0.92266 0.037602 0.70981
0.90982 0.037642 0.742
0.91315 0.037648 0.76124
0.91987 0.037628 0.73803
0.91927 0.037642 0.76635
0.91436 0.037652 0.77344
0.91338 0.037657 0.78987
0.92582 0.037627 0.77755
0.92652 0.037629 0.79706
0.90498 0.037666 0.81706
0.91224 0.037668 0.82343
0.92098 0.037648 0.8045
0.91867 0.037662 0.82726
0.90615 0.037675 0.84642
0.90654 0.03768 0.86295
0.92346 0.037642 0.83713
0.91917 0.037671 0.86245
0.91194 0.037684 0.87376
0.9192 0.037676 0.8724
0.93058 0.037642 0.88989
0.90761 0.037686 0.91
0.90877 0.037645 0.92891
0.92062 0.037672 0.90902
0.92857 0.037607 0.925
0.90727 0.037606 0.94092
0.9133 0.033383 0.95916
0.91907 0.037591 0.93942
0.92425 0.03336 0.96042
0.93771 0.037562 0.042144
0.93797 0.03756 0.054646
0.954 0.033949 0.037257
0.95744 0.033448 0.061229
0.93495 0.037571 0.074553
0.95992 0.033368 0.087402
0.94676 0.037535 0.10579
0.9591 0.033384 0.12727
0.94657 0.037521 0.14485
0.94307 0.037534 0.15521
0.95834 0.033406 0.14042
0.95171 0.035148 0.1575
0.93609 0.037562 0.17103
0.94584 0.037518 0.19452
0.95485 0.03372 0.19595
0.93955 0.037516 0.20445
0.93955 0.037502 0.22717
0.96315 0.03334 0.21306
0.96089 0.033354 0.22007
0.94026 0.037511 0.24587
0.94639 0.037496 0.2513
0.96078 0.033355 0.23566
0.95216 0.034654 0.26238
0.94296 0.037491 0.26975
0.93935 0.037489 0.28672
0.95939 0.033374 0.27404
0.94082 0.03748 0.30066
0.94022 0.037479 0.32861
0.95438 0.033765 0.30027
0.9643 0.033337 0.3229
0.94479 0.037474 0.34054
0.94223 0.037469 0.35519
0.95823 0.0334 0.35798
0.93907 0.037456 0.36642
0.94637 0.0374 0.39561
0.96406 0.033338 0.37765
0.95126 0.034994 0.39438
0.94462 0.037402 0.40514
0.96329 0.033339 0.40805
0.95577 0.033535 0.42675
0.94015 0.037428 0.44304
0.94441 0.037418 0.44989
0.95272 0.034172 0.4337
0.95931 0.033372 0.45088
0.93801 0.037426 0.47089
0.96337 0.033339 0.4777
0.95451 0.0337 0.49353
0.94523 0.037421 0.50739
0.94126 0.03744 0.5209
0.95225 0.034421 0.51047
0.95939 0.033372 0.5256
0.9361 0.037473 0.55362
0.96422 0.033337 0.53809
0.95811 0.033407 0.55636
0.94302 0.037542 0.59332
0.94 0.037545 0.61257
0.94022 0.03754 0.62161
0.95948 0.033375 0.62693
0.94374 0.037512 0.63883
0.96116 0.033352 0.63663
0.9635 0.033339 0.65918
0.94818 0.037493 0.67703
0.95982 0.033368 0.67519
0.95902 0.033385 0.69633
0.94033 0.037517 0.71463
0.93935 0.037525 0.72571
0.95394 0.033939 0.71642
0.95463 0.033768 0.72162
0.9432 0.037524 0.75685
0.95533 0.033646 0.74817
0.95952 0.033374 0.75709
0.94091 0.037587 0.78055
0.94093 0.037581 0.80027
0.95749 0.033446 0.78859
0.93939 0.037581 0.80533
0.95393 0.033963 0.81347
0.9589 0.033389 0.83174
0.93785 0.037573 0.84711
0.96489 0.033336 0.85809
0.94251 0.037605 0.88671
0.95935 0.033379 0.87118
0.93758 0.03758 0.92224
0.95619 0.033545 0.90817
0.96455 0.033337 0.92079
0.93849 0.037526 0.93666
0.94209 0.033406 0.95837
0.95917 0.033382 0.94264
0.95413 0.033336 0.96277
