2635
1 1 1
0.034975 0.037663 0.044807
0.040998 0.037664 0.054101
0.0623 0.037664 0.035657
0.058344 0.037664 0.051342
0.046089 0.037665 0.06873
0.04356 0.037665 0.092926
0.059708 0.037665 0.08042
0.056178 0.037665 0.096584
0.03855 0.037664 0.11007
0.041235 0.037666 0.11996
0.06324 0.037663 0.1068
0.062725 0.037669 0.14226
0.040391 0.037658 0.18777
0.058284 0.037659 0.17776
0.061061 0.037657 0.1933
0.036154 0.037657 0.19806
0.040366 0.037656 0.22375
0.053249 0.037657 0.20308
0.056338 0.037657 0.21636
0.047775 0.037655 0.2327
0.042303 0.037654 0.25374
0.05289 0.037655 0.23902
0.061652 0.037654 0.25355
0.047259 0.037654 0.26551
0.046423 0.037655 0.28245
0.055704 0.037655 0.27446
0.063202 0.037655 0.28312
0.061986 0.037658 0.30397
0.057566 0.037659 0.31899
0.045145 0.037659 0.34015
0.062201 0.037658 0.34874
0.046144 0.037656 0.37007
0.045152 0.037657 0.38347
0.060682 0.037658 0.36795
0.056002 0.037661 0.38975
0.044514 0.037662 0.40041
0.037553 0.037666 0.41991
0.060357 0.037665 0.40319
0.054028 0.037668 0.41472
0.042304 0.037668 0.44319
0.058946 0.037671 0.44092
0.058087 0.037672 0.45726
0.04169 0.03767 0.47093
0.043523 0.037669 0.48596
0.051925 0.037672 0.47065
0.057509 0.037671 0.48963
0.038327 0.037659 0.50618
0.038024 0.037654 0.52774
0.054298 0.037662 0.5082
0.058539 0.037659 0.52677
0.045146 0.037653 0.53949
0.042862 0.037656 0.56572
0.06047 0.037658 0.53796
0.05914 0.037658 0.55913
0.037015 0.037658 0.57712
0.03589 0.037662 0.59993
0.05125 0.03766 0.57568
0.053168 0.037664 0.59617
0.043462 0.037663 0.6048
0.036211 0.037663 0.63236
0.051156 0.037665 0.61094
0.057094 0.037667 0.62388
0.0512 0.037662 0.65198
0.053162 0.037665 0.66404
0.047292 0.037666 0.67594
0.05227 0.037667 0.67413
0.0578 0.03767 0.69183
0.035981 0.037666 0.73301
0.059621 0.037666 0.71629
0.051506 0.037666 0.72574
0.043392 0.037667 0.7492
0.037025 0.037668 0.76463
0.058769 0.037667 0.74598
0.051851 0.037668 0.76276
0.04075 0.037669 0.77507
0.0372 0.037671 0.80111
0.057961 0.037671 0.78345
0.056056 0.037671 0.7931
0.039709 0.037673 0.82742
0.052685 0.037672 0.81564
0.058242 0.037672 0.83277
0.038022 0.037674 0.84418
0.035015 0.037673 0.86271
0.053583 0.037673 0.83862
0.055922 0.037673 0.8607
0.035569 0.037673 0.87232
0.045063 0.037676 0.89333
0.057883 0.037671 0.87958
0.056379 0.037673 0.8896
0.041884 0.037684 0.91253
0.037067 0.03342 0.95629
0.058488 0.037573 0.94494
0.060944 0.033637 0.95429
0.079063 0.037665 0.045207
0.074962 0.037664 0.059518
0.077968 0.037662 0.087968
0.094081 0.037662 0.07369
0.091431 0.037662 0.087928
0.071108 0.037662 0.10592
0.072166 0.037663 0.12864
0.084981 0.03766 0.10837
0.089164 0.037659 0.12176
0.069685 0.037666 0.13946
0.089278 0.03766 0.13583
0.092636 0.037659 0.15713
0.071811 0.037659 0.17496
0.067863 0.037657 0.18977
0.094114 0.037655 0.17477
0.094627 0.037655 0.18991
0.077082 0.037657 0.20461
0.07575 0.037656 0.22141
0.088568 0.037656 0.20968
0.096835 0.037653 0.22525
0.069545 0.037653 0.24241
0.072114 0.037653 0.24878
0.085343 0.037653 0.24298
0.089714 0.037653 0.25112
0.075864 0.037655 0.2715
0.074918 0.037656 0.28873
0.095317 0.037653 0.27152
0.068042 0.037658 0.30526
0.068413 0.037658 0.32422
0.092597 0.037654 0.30374
0.090501 0.037655 0.32477
0.07121 0.037657 0.34322
0.089533 0.037657 0.33909
0.088224 0.037659 0.35398
0.075627 0.037658 0.37694
0.091217 0.037661 0.37028
0.094844 0.037663 0.382
0.06908 0.037668 0.40845
0.073042 0.037671 0.42178
0.092763 0.037676 0.4106
0.085902 0.037678 0.41724
0.068773 0.037674 0.444
0.083247 0.037679 0.43584
0.084438 0.037682 0.45499
0.073473 0.037676 0.47308
0.077503 0.037676 0.48372
0.089255 0.037685 0.47894
0.088413 0.037682 0.48995
0.068588 0.037668 0.50175
0.08442 0.037673 0.51904
0.07641 0.037662 0.53607
0.071436 0.037661 0.56468
0.081691 0.037664 0.56232
0.073256 0.037662 0.5709
0.06894 0.037666 0.59985
0.084693 0.03767 0.5712
0.087393 0.037673 0.59521
0.073683 0.037671 0.62986
0.088978 0.037675 0.61301
0.093941 0.037673 0.6225
0.07243 0.03767 0.64299
0.091847 0.037673 0.66625
0.067819 0.037673 0.68284
0.085323 0.037677 0.67525
0.088492 0.037674 0.69486
0.075898 0.037667 0.71271
0.067392 0.037666 0.7336
0.090517 0.037669 0.72522
0.070821 0.037666 0.74617
0.075763 0.037667 0.75841
0.087687 0.037667 0.74228
0.084739 0.037668 0.76316
0.071146 0.037669 0.77424
0.072763 0.037671 0.79987
0.093802 0.037669 0.78566
0.072126 0.03767 0.81665
0.079934 0.037669 0.82404
0.092606 0.037669 0.80757
0.089779 0.03767 0.83289
0.074441 0.037673 0.84281
0.074328 0.037672 0.86205
0.089586 0.03767 0.86583
0.076442 0.037668 0.88295
0.088163 0.037669 0.87406
0.084941 0.037669 0.89058
0.071177 0.037679 0.90995
0.076714 0.037656 0.93099
0.088667 0.037673 0.90294
0.071171 0.037629 0.93873
0.085703 0.037644 0.94739
0.11036 0.037658 0.039027
0.10578 0.03766 0.057372
0.12635 0.037655 0.037881
0.12182 0.037656 0.052222
0.10259 0.037661 0.068349
0.10702 0.03766 0.094273
0.12409 0.037656 0.096503
0.10545 0.037657 0.11021
0.11363 0.037655 0.12854
0.12506 0.037653 0.1182
0.10749 0.037656 0.14093
0.10256 0.037656 0.15554
0.12664 0.037652 0.1556
0.10765 0.037652 0.1724
0.1064 0.037652 0.18708
0.12753 0.037651 0.16659
0.11885 0.037651 0.19322
0.1129 0.037651 0.21623
0.11775 0.037651 0.20045
0.11695 0.037651 0.22661
0.10576 0.037651 0.23771
0.10071 0.037652 0.25536
0.12077 0.037651 0.23697
0.10658 0.03765 0.27283
0.10625 0.037649 0.28547
0.12044 0.037648 0.27647
0.12855 0.037645 0.28302
0.10673 0.037647 0.30294
0.10736 0.037649 0.32527
0.1281 0.037645 0.30841
0.1166 0.037645 0.31706
0.10412 0.037651 0.33302
0.10512 0.037656 0.35753
0.11574 0.037654 0.3525
0.09933 0.037659 0.36453
0.1162 0.037662 0.36887
0.12197 0.037678 0.39257
0.10246 0.03767 0.39729
0.10197 0.03768 0.42428
0.11282 0.037682 0.42448
0.098129 0.037683 0.43673
0.099017 0.037685 0.44872
0.11327 0.03769 0.44326
0.11494 0.037694 0.45579
0.098242 0.037685 0.46962
0.10629 0.037684 0.48628
0.11592 0.037697 0.47094
0.12147 0.037702 0.48825
0.10252 0.037678 0.50257
0.097979 0.037673 0.52471
0.11817 0.037684 0.52499
0.10385 0.037676 0.53753
0.099543 0.037676 0.55937
0.12015 0.037689 0.54291
0.097722 0.037675 0.58241
0.099901 0.037675 0.59559
0.117 0.037686 0.57606
0.11856 0.037679 0.60148
0.10774 0.037669 0.61729
0.10791 0.037666 0.62726
0.12439 0.037667 0.63255
0.10512 0.037664 0.64633
0.10479 0.037665 0.65935
0.11812 0.037665 0.64098
0.11527 0.037662 0.66811
0.10375 0.037668 0.68467
0.12081 0.037664 0.68443
0.10688 0.037671 0.72982
0.12565 0.037666 0.70824
0.1271 0.037666 0.7356
0.10132 0.037669 0.74072
0.10538 0.037666 0.75707
0.11981 0.037664 0.76527
0.10692 0.037665 0.7762
0.12766 0.037659 0.78015
0.1175 0.037663 0.79221
0.10873 0.037668 0.83055
0.11752 0.037666 0.80603
0.12086 0.037667 0.83448
0.11008 0.037669 0.84035
0.1259 0.037665 0.84362
0.12574 0.037664 0.85709
0.10844 0.037667 0.87665
0.11214 0.037667 0.89303
0.12848 0.037664 0.88334
0.12204 0.037667 0.89783
0.10316 0.037673 0.91009
0.12137 0.037669 0.91234
0.11981 0.037646 0.9255
0.10475 0.037628 0.93853
0.1295 0.037574 0.94649
0.12787 0.033334 0.96458
0.14155 0.037653 0.039782
0.15696 0.037649 0.035264
0.15858 0.037648 0.053324
0.13421 0.037654 0.076195
0.1395 0.037651 0.095341
0.15231 0.037649 0.07193
0.15662 0.037647 0.090459
0.13909 0.037649 0.10637
0.14068 0.037647 0.11769
0.15119 0.037644 0.11099
0.15546 0.037643 0.11655
0.1341 0.037651 0.13763
0.13508 0.037651 0.15924
0.15957 0.037646 0.15284
0.13361 0.037649 0.17799
0.15743 0.037645 0.17247
0.15616 0.037645 0.18405
0.13605 0.037647 0.20507
0.14192 0.037646 0.22485
0.15892 0.037642 0.20634
0.13505 0.037647 0.23741
0.14492 0.037644 0.25268
0.15083 0.037645 0.23046
0.15836 0.037641 0.25873
0.13744 0.037644 0.26688
0.13672 0.037643 0.28871
0.15559 0.037642 0.2666
0.15217 0.037643 0.28541
0.14431 0.037643 0.30253
0.13219 0.037646 0.3134
0.1576 0.037645 0.29668
0.14956 0.037648 0.31971
0.13441 0.037653 0.34165
0.14341 0.037654 0.3483
0.15422 0.037653 0.33016
0.13983 0.037662 0.3725
0.13409 0.037668 0.38131
0.15711 0.037668 0.37513
0.12983 0.037692 0.41968
0.1436 0.037696 0.42302
0.13667 0.037698 0.43875
0.12996 0.037702 0.45276
0.14834 0.037707 0.44127
0.14644 0.037711 0.4512
0.13058 0.037707 0.46851
0.12876 0.037706 0.48547
0.14788 0.037724 0.4708
0.13716 0.037688 0.50919
0.13643 0.037682 0.52372
0.15326 0.037712 0.50055
0.13046 0.037683 0.54541
0.13697 0.037674 0.56758
0.14401 0.03768 0.54992
0.15315 0.037697 0.55459
0.13785 0.037669 0.58403
0.13313 0.037671 0.59684
0.15247 0.037678 0.58408
0.1515 0.037673 0.59642
0.13265 0.037667 0.61396
0.13549 0.037664 0.63151
0.15371 0.037669 0.61882
0.14923 0.037668 0.629
0.13895 0.03766 0.66282
0.15785 0.037667 0.64815
0.14842 0.037663 0.66421
0.1365 0.03766 0.6759
0.14241 0.037656 0.69634
0.14668 0.037658 0.67974
0.14916 0.037656 0.70389
0.13117 0.037662 0.7074
0.14242 0.037656 0.73514
0.15356 0.037657 0.71033
0.14921 0.037654 0.735
0.14245 0.037656 0.75052
0.13624 0.037657 0.76778
0.15479 0.037654 0.7415
0.15842 0.03765 0.75784
0.1392 0.037655 0.79452
0.15257 0.037653 0.77804
0.15405 0.037654 0.80012
0.14464 0.037657 0.80828
0.14205 0.03766 0.82926
0.16291 0.037654 0.81572
0.15528 0.037655 0.82961
0.14019 0.037659 0.84822
0.14672 0.037657 0.86319
0.15975 0.037652 0.84707
0.15984 0.037652 0.86248
0.13675 0.037662 0.8773
0.15659 0.037658 0.88146
0.155 0.03766 0.89808
0.13483 0.037666 0.90931
0.1398 0.037624 0.92851
0.15704 0.037662 0.91137
0.15464 0.037629 0.92548
0.13601 0.034192 0.95261
0.15837 0.037565 0.94083
0.15801 0.033337 0.96145
0.17061 0.037644 0.04483
0.17752 0.037641 0.061168
0.18679 0.037638 0.045525
0.18581 0.037639 0.055096
0.17037 0.037643 0.076299
0.17413 0.037642 0.091979
0.18937 0.037637 0.07785
0.18909 0.037638 0.093078
0.1695 0.037642 0.10591
0.17369 0.03764 0.12873
0.1838 0.037639 0.10735
0.19073 0.037637 0.11798
0.17227 0.037639 0.14063
0.17901 0.037637 0.15388
0.18711 0.037635 0.14519
0.19146 0.037635 0.15039
0.1787 0.037636 0.19323
0.1903 0.037634 0.17201
0.18576 0.037637 0.18858
0.17487 0.037636 0.22626
0.18714 0.037636 0.20127
0.18636 0.037637 0.21955
0.17265 0.037636 0.23861
0.17488 0.037634 0.25662
0.18682 0.037633 0.24846
0.18814 0.037633 0.26971
0.18372 0.037641 0.28785
0.16622 0.037644 0.29598
0.17255 0.037649 0.31298
0.18607 0.037649 0.30735
0.18852 0.037655 0.32387
0.16495 0.037653 0.34011
0.16762 0.037654 0.34691
0.18216 0.037654 0.33549
0.18515 0.03766 0.34483
0.17336 0.037665 0.3693
0.18341 0.037676 0.37204
0.17977 0.037675 0.38889
0.16736 0.037682 0.42339
0.18739 0.037687 0.40065
0.18699 0.037696 0.41935
0.16672 0.037692 0.43628
0.16715 0.037702 0.4513
0.18231 0.037703 0.43288
0.17515 0.037712 0.45769
0.16286 0.037722 0.48572
0.17602 0.037736 0.47646
0.17862 0.037747 0.4848
0.16159 0.037711 0.50158
0.1613 0.037702 0.52991
0.18004 0.037742 0.50756
0.1776 0.037731 0.52969
0.16159 0.037704 0.54524
0.17362 0.037706 0.56294
0.16927 0.03768 0.58026
0.1604 0.037674 0.5933
0.18134 0.037695 0.58638
0.17619 0.037672 0.59873
0.16957 0.037662 0.6101
0.16394 0.037663 0.63165
0.17713 0.037666 0.60829
0.17753 0.03766 0.62742
0.16456 0.037665 0.6502
0.16665 0.037664 0.66015
0.18921 0.037682 0.6545
0.18988 0.037675 0.66607
0.16701 0.03766 0.67808
0.16616 0.037657 0.6939
0.17955 0.03766 0.67598
0.18278 0.037659 0.69582
0.17262 0.037653 0.7209
0.16948 0.03765 0.73251
0.18267 0.037656 0.70874
0.18361 0.037646 0.73732
0.17614 0.037641 0.75166
0.16935 0.037644 0.75927
0.18493 0.037641 0.75102
0.16889 0.037651 0.79378
0.1893 0.037644 0.77397
0.18885 0.037648 0.80006
0.17422 0.03765 0.80831
0.18741 0.037647 0.81598
0.18909 0.037643 0.83057
0.17881 0.037644 0.84085
0.16981 0.037647 0.85716
0.18785 0.037642 0.84767
0.18597 0.037641 0.85465
0.16799 0.037652 0.87615
0.16791 0.037655 0.89235
0.19378 0.03764 0.87101
0.193 0.037644 0.89034
0.16989 0.037609 0.92918
0.18501 0.037599 0.93017
0.17955 0.03378 0.95361
0.18666 0.037562 0.93855
0.19177 0.033427 0.95611
0.20135 0.037634 0.044277
0.20962 0.037631 0.05845
0.22307 0.037628 0.034971
0.22116 0.037628 0.056225
0.20832 0.037631 0.068553
0.20506 0.037632 0.088304
0.22565 0.037626 0.070674
0.22224 0.037627 0.093026
0.21073 0.03763 0.10036
0.20477 0.037632 0.12631
0.22743 0.037625 0.10089
0.21923 0.037629 0.12085
0.20373 0.037632 0.14147
0.19939 0.03763 0.17286
0.20966 0.037631 0.18894
0.22582 0.037618 0.17176
0.22819 0.037617 0.1827
0.20494 0.037634 0.19959
0.22231 0.037628 0.19937
0.21054 0.037632 0.23723
0.22416 0.037636 0.23198
0.2215 0.03764 0.25547
0.20358 0.037623 0.27199
0.19869 0.037626 0.28016
0.22189 0.037633 0.26609
0.21513 0.037616 0.28418
0.20677 0.03762 0.30471
0.2046 0.037635 0.32438
0.21366 0.037613 0.31305
0.19802 0.037649 0.33014
0.20261 0.037657 0.35262
0.21438 0.037634 0.32952
0.2236 0.037659 0.34628
0.20584 0.037654 0.36229
0.20243 0.037663 0.37979
0.21787 0.037658 0.36072
0.21042 0.037659 0.38632
0.19971 0.037683 0.40416
0.20841 0.037675 0.40095
0.19879 0.03771 0.42745
0.18916 0.037737 0.45437
0.21219 0.037733 0.42878
0.2111 0.037772 0.44732
0.19397 0.037763 0.46644
0.19598 0.037781 0.48758
0.20044 0.037785 0.47446
0.2041 0.037813 0.48795
0.19196 0.03777 0.50961
0.19384 0.037761 0.52335
0.19472 0.037746 0.5407
0.19578 0.037736 0.55527
0.20608 0.037756 0.55615
0.194 0.037708 0.58614
0.19075 0.0377 0.59855
0.20999 0.037738 0.58399
0.21004 0.037735 0.59102
0.19176 0.037693 0.61118
0.19405 0.037689 0.63632
0.21726 0.037714 0.6365
0.19458 0.037684 0.65279
0.2039 0.03768 0.65934
0.21697 0.037706 0.64514
0.20463 0.037664 0.67756
0.19916 0.037654 0.69952
0.21558 0.037666 0.67894
0.21436 0.037651 0.70077
0.19832 0.037647 0.71318
0.19824 0.037639 0.73201
0.21519 0.037641 0.71495
0.21757 0.03763 0.72596
0.20229 0.037635 0.76342
0.21872 0.03763 0.75187
0.20169 0.037642 0.78466
0.20865 0.037638 0.79622
0.21965 0.037634 0.77574
0.20333 0.037639 0.83421
0.22635 0.037635 0.81854
0.22309 0.037634 0.83291
0.20384 0.037637 0.84824
0.20731 0.037634 0.86146
0.22155 0.037633 0.83931
0.22285 0.037629 0.86053
0.20631 0.037635 0.87671
0.20875 0.037637 0.89389
0.21914 0.03763 0.87822
0.22402 0.037631 0.89667
0.21282 0.0376 0.92757
0.22384 0.037639 0.91417
0.20085 0.03752 0.94695
0.21228 0.033335 0.96264
0.22047 0.037535 0.9427
0.22085 0.033382 0.95715
0.23363 0.037625 0.034979
0.23728 0.037623 0.061154
0.25102 0.037619 0.042366
0.25921 0.037615 0.055884
0.239 0.037621 0.067254
0.23529 0.037622 0.083907
0.2551 0.037615 0.075221
0.25842 0.037613 0.084561
0.24499 0.037623 0.11774
0.25484 0.037617 0.10023
0.25038 0.037622 0.12438
0.23459 0.037624 0.14273
0.25381 0.037619 0.13728
0.2597 0.037614 0.15362
0.23488 0.037613 0.1739
0.24499 0.03761 0.18879
0.25234 0.037609 0.17391
0.25824 0.03761 0.18332
0.23832 0.037616 0.20801
0.23188 0.03763 0.22596
0.25496 0.037612 0.20293
0.23142 0.037636 0.24087
0.23834 0.037639 0.2464
0.24036 0.037639 0.26939
0.23933 0.037638 0.28916
0.25914 0.037645 0.27868
0.25769 0.037655 0.30233
0.2541 0.037667 0.31692
0.23153 0.037658 0.34928
0.2503 0.037667 0.33778
0.25589 0.037693 0.35455
0.23474 0.037658 0.36089
0.2469 0.037674 0.36673
0.24223 0.037664 0.38049
0.22546 0.03769 0.39933
0.2347 0.037704 0.41255
0.24498 0.037691 0.39289
0.22842 0.037729 0.42641
0.22432 0.037775 0.44619
0.24495 0.037755 0.42975
0.23837 0.037792 0.44904
0.21704 0.037846 0.47187
0.23176 0.037849 0.46622
0.2365 0.03794 0.48199
0.22659 0.037853 0.50358
0.23094 0.037861 0.53107
0.22219 0.037809 0.54769
0.21847 0.037784 0.56647
0.22808 0.03776 0.59401
0.23716 0.037762 0.60151
0.23287 0.037722 0.61341
0.23094 0.037688 0.63977
0.23923 0.037714 0.61786
0.24482 0.037684 0.6355
0.22793 0.037677 0.65421
0.23637 0.037656 0.66454
0.24595 0.037659 0.65642
0.24755 0.037661 0.67069
0.23691 0.037658 0.68714
0.25558 0.037657 0.69542
0.23777 0.037626 0.72215
0.24941 0.037635 0.71322
0.25125 0.03762 0.73219
0.23757 0.037621 0.74515
0.23495 0.037622 0.76229
0.25251 0.037619 0.75039
0.26143 0.037616 0.76673
0.23223 0.037631 0.78212
0.24071 0.037627 0.79436
0.25691 0.03762 0.7761
0.24114 0.037627 0.80974
0.25908 0.037618 0.8112
0.25245 0.037621 0.83025
0.24214 0.037624 0.84582
0.23755 0.037623 0.86124
0.23595 0.037622 0.87925
0.23484 0.037622 0.88855
0.25787 0.037612 0.87751
0.24516 0.037625 0.91275
0.23577 0.03759 0.92876
0.25118 0.037618 0.90364
0.25984 0.037575 0.9308
0.24277 0.033337 0.96133
0.25503 0.03756 0.93629
0.27555 0.037608 0.056242
0.296 0.037599 0.060746
0.27738 0.037604 0.079183
0.2706 0.037609 0.093882
0.29455 0.037598 0.073891
0.27167 0.03761 0.10864
0.29124 0.037601 0.10367
0.28647 0.037604 0.12241
0.2724 0.037607 0.13542
0.26981 0.037609 0.15606
0.29396 0.037595 0.13714
0.2955 0.037598 0.15711
0.26616 0.037608 0.16884
0.27145 0.03761 0.18166
0.28715 0.037614 0.19175
0.2749 0.037621 0.21467
0.28959 0.037612 0.19682
0.28744 0.037619 0.222
0.27111 0.037633 0.25775
0.28805 0.037619 0.23646
0.28994 0.037639 0.25552
0.28456 0.037637 0.26317
0.26566 0.037648 0.30411
0.26812 0.037655 0.31333
0.29176 0.037661 0.31739
0.26409 0.037674 0.33253
0.26834 0.037695 0.35505
0.27802 0.037661 0.33868
0.28052 0.037687 0.35084
0.26649 0.037701 0.3609
0.26631 0.037712 0.38005
0.28231 0.037735 0.37132
0.26175 0.037732 0.39972
0.25746 0.037752 0.41428
0.27769 0.037764 0.4045
0.27112 0.037765 0.41912
0.24776 0.037842 0.45369
0.26811 0.037767 0.42692
0.27388 0.037829 0.44508
0.24384 0.037927 0.46785
0.24586 0.037985 0.4854
0.25993 0.038075 0.48012
0.24313 0.03795 0.50805
0.25425 0.037944 0.53353
0.24778 0.037913 0.53962
0.25186 0.037877 0.57185
0.25689 0.037912 0.551
0.26726 0.037955 0.56257
0.25666 0.037866 0.57871
0.25349 0.037777 0.60641
0.26448 0.037868 0.58163
0.26696 0.037812 0.59496
0.25978 0.037727 0.61739
0.26137 0.037686 0.6362
0.2766 0.037676 0.63237
0.2649 0.037667 0.65416
0.26342 0.037666 0.66996
0.2778 0.037658 0.65408
0.28101 0.037653 0.67095
0.2633 0.037668 0.67831
0.272 0.03762 0.69906
0.28788 0.03766 0.68016
0.28433 0.037604 0.70582
0.27028 0.037595 0.71955
0.27417 0.037588 0.72722
0.29255 0.037606 0.73066
0.27743 0.037618 0.75378
0.2735 0.037611 0.77009
0.29219 0.037627 0.74656
0.26759 0.037612 0.77778
0.27586 0.037601 0.79542
0.29367 0.037601 0.7821
0.28965 0.0376 0.79935
0.29133 0.037608 0.81615
0.28398 0.037612 0.83122
0.27649 0.037615 0.84841
0.29507 0.037606 0.84575
0.28708 0.037606 0.86056
0.27059 0.037606 0.88173
0.28039 0.037604 0.8939
0.29192 0.037598 0.88102
0.28494 0.037602 0.89492
0.29641 0.037602 0.91032
0.29395 0.037579 0.92653
0.27661 0.037507 0.94647
0.27932 0.033465 0.95547
0.29682 0.037554 0.93617
0.28479 0.03334 0.96027
0.30216 0.037597 0.04528
0.30566 0.037595 0.058301
0.32888 0.037584 0.044177
0.33005 0.037585 0.058141
0.30414 0.037595 0.079291
0.3082 0.037595 0.086688
0.3248 0.037588 0.069929
0.32078 0.037591 0.093183
0.30627 0.037594 0.10736
0.30408 0.037594 0.12491
0.3291 0.037585 0.10255
0.31945 0.037589 0.12261
0.30264 0.037589 0.14296
0.30576 0.037594 0.15418
0.32255 0.037582 0.14158
0.32337 0.037586 0.15083
0.30376 0.037597 0.17508
0.30666 0.037601 0.18952
0.32372 0.037587 0.16916
0.30769 0.037608 0.21893
0.32811 0.037597 0.20487
0.32669 0.037603 0.21302
0.2991 0.037612 0.23959
0.30584 0.037618 0.25003
0.31576 0.037618 0.25474
0.30487 0.037626 0.26311
0.29931 0.037636 0.28598
0.3144 0.03762 0.26277
0.32008 0.037627 0.28013
0.29934 0.037635 0.30502
0.2989 0.03765 0.31382
0.31578 0.037631 0.30572
0.3161 0.03764 0.31302
0.3032 0.037671 0.3298
0.29337 0.037712 0.35275
0.31552 0.037666 0.33663
0.32195 0.037706 0.3513
0.29783 0.037728 0.35756
0.29172 0.037786 0.38519
0.30867 0.03775 0.3663
0.31521 0.037846 0.38008
0.28915 0.037791 0.40322
0.29653 0.037797 0.41216
0.30485 0.037799 0.39989
0.30783 0.037829 0.41581
0.28751 0.037813 0.43238
0.27972 0.037875 0.44978
0.30716 0.037948 0.43152
0.30844 0.038094 0.44149
0.27378 0.03815 0.47668
0.28852 0.038066 0.46291
0.27633 0.038177 0.48684
0.2707 0.038179 0.50075
0.26459 0.03813 0.51931
0.28136 0.038328 0.50205
0.27736 0.038085 0.5407
0.28648 0.037999 0.56694
0.27737 0.037888 0.58352
0.3044 0.037811 0.60047
0.28546 0.037706 0.6238
0.29035 0.037684 0.6371
0.3149 0.037771 0.63453
0.31482 0.037745 0.66085
0.31836 0.037753 0.67477
0.32447 0.037681 0.70463
0.32575 0.037649 0.72288
0.31927 0.037643 0.73429
0.30471 0.037632 0.74332
0.31107 0.037606 0.7625
0.3225 0.037616 0.75011
0.32073 0.0376 0.76742
0.31118 0.037601 0.78197
0.30353 0.037597 0.79525
0.31834 0.037598 0.78617
0.3188 0.037597 0.80223
0.30211 0.037602 0.80838
0.321 0.037583 0.82887
0.30406 0.037597 0.84298
0.31054 0.037588 0.86015
0.30299 0.037591 0.88334
0.31085 0.037587 0.89102
0.32291 0.037583 0.87255
0.3211 0.037584 0.89737
0.30414 0.037598 0.91357
0.31359 0.037578 0.92944
0.33041 0.037582 0.90647
0.32137 0.037579 0.92325
0.30522 0.037545 0.94568
0.32364 0.03755 0.94295
0.34048 0.037579 0.040627
0.33953 0.037581 0.055589
0.36462 0.03757 0.040748
0.35378 0.037575 0.051324
0.33997 0.037581 0.073214
0.33946 0.037583 0.085485
0.35532 0.037576 0.083342
0.34151 0.037578 0.10397
0.33627 0.037581 0.12116
0.35673 0.03757 0.12016
0.33901 0.037577 0.13783
0.34312 0.037581 0.15004
0.35561 0.037571 0.13961
0.36227 0.037573 0.148
0.34348 0.037582 0.16767
0.34341 0.037582 0.17845
0.35076 0.037581 0.16335
0.35568 0.037584 0.17813
0.3358 0.037595 0.19801
0.3341 0.03761 0.2182
0.35153 0.037597 0.19706
0.34129 0.03761 0.23101
0.33659 0.03762 0.25429
0.35178 0.037613 0.23335
0.35867 0.037635 0.24879
0.3423 0.0376 0.27073
0.33994 0.037605 0.28115
0.35694 0.037627 0.26737
0.34972 0.037596 0.27609
0.33339 0.037632 0.29608
0.33484 0.037675 0.31912
0.34964 0.037622 0.29555
0.34561 0.037661 0.31906
0.3394 0.037695 0.32643
0.33023 0.037697 0.34543
0.34502 0.037736 0.33595
0.35642 0.038165 0.36287
0.34815 0.037989 0.37686
0.32303 0.037851 0.39879
0.31962 0.037859 0.41652
0.33472 0.037855 0.39054
0.3198 0.038103 0.43232
0.32989 0.037992 0.42748
0.29698 0.038205 0.46304
0.29071 0.038345 0.48839
0.30347 0.038414 0.47971
0.29125 0.038401 0.50021
0.2943 0.038422 0.50058
0.30463 0.038475 0.53278
0.2989 0.038037 0.5724
0.3074 0.038349 0.54865
0.31364 0.038048 0.57082
0.31851 0.037837 0.59464
0.31538 0.037801 0.61212
0.31786 0.037792 0.62002
0.32593 0.037787 0.63775
0.3392 0.037849 0.61893
0.34697 0.037821 0.63487
0.33566 0.037753 0.66137
0.32593 0.037756 0.67519
0.34853 0.037768 0.65713
0.34517 0.037728 0.67227
0.33137 0.037676 0.70011
0.34863 0.037695 0.68403
0.35592 0.037635 0.70628
0.33045 0.037659 0.71679
0.33896 0.037618 0.72927
0.35441 0.03763 0.7177
0.34893 0.037606 0.7385
0.33842 0.037606 0.74475
0.34031 0.03759 0.77044
0.35228 0.037584 0.74956
0.35557 0.037584 0.76551
0.35405 0.037596 0.78168
0.35525 0.037577 0.80275
0.34659 0.037572 0.81558
0.3357 0.037573 0.82317
0.35615 0.037565 0.82644
0.34628 0.037578 0.84433
0.34392 0.037575 0.86091
0.36343 0.037567 0.83813
0.36241 0.037565 0.86157
0.33804 0.037579 0.87927
0.34142 0.037576 0.89295
0.35454 0.037569 0.88764
0.34655 0.037576 0.91002
0.33979 0.03755 0.92721
0.35431 0.037573 0.91295
0.35428 0.037546 0.9242
0.346 0.037506 0.93842
0.33761 0.033353 0.95844
0.36104 0.0375 0.93817
0.35289 0.033335 0.96261
0.37159 0.037568 0.035101
0.38149 0.037568 0.05586
0.39036 0.037562 0.040877
0.39193 0.03757 0.070126
0.39628 0.037572 0.091405
0.37172 0.037564 0.10294
0.38274 0.03755 0.11526
0.39589 0.037554 0.10673
0.39059 0.037551 0.1147
0.37068 0.037564 0.14212
0.37169 0.037577 0.15526
0.39561 0.037555 0.13531
0.37815 0.037579 0.16503
0.37251 0.037586 0.17707
0.39304 0.037598 0.18728
0.37304 0.037601 0.19545
0.37603 0.037604 0.21184
0.38801 0.037598 0.20035
0.38761 0.037601 0.20999
0.37104 0.037612 0.23653
0.36843 0.037635 0.24826
0.39465 0.037621 0.22803
0.3911 0.037651 0.25101
0.36716 0.037647 0.26356
0.36635 0.037651 0.28621
0.39076 0.037659 0.26775
0.37908 0.037679 0.28274
0.37236 0.037672 0.30876
0.38556 0.037709 0.2955
0.38422 0.037719 0.30518
0.36123 0.03769 0.32578
0.36657 0.038008 0.34764
0.36003 0.038226 0.36953
0.37732 0.038168 0.35567
0.3589 0.038051 0.3852
0.36598 0.038137 0.38186
0.36004 0.03793 0.39772
0.34176 0.038095 0.43151
0.33584 0.038307 0.44239
0.35295 0.037932 0.42037
0.33901 0.0383 0.44581
0.31872 0.038682 0.45863
0.31867 0.038551 0.47475
0.30338 0.038692 0.50891
0.31438 0.038419 0.54111
0.31128 0.038771 0.50465
0.3183 0.038406 0.54263
0.327 0.038171 0.56368
0.33006 0.038019 0.57675
0.33847 0.037946 0.59606
0.3449 0.037892 0.6136
0.35129 0.037992 0.59082
0.36627 0.038048 0.6157
0.35288 0.037835 0.63209
0.35425 0.037824 0.64031
0.36662 0.037878 0.6319
0.37384 0.037874 0.64218
0.35631 0.037761 0.65856
0.36113 0.037705 0.67804
0.38441 0.037827 0.65651
0.3872 0.037753 0.66687
0.36283 0.037659 0.68913
0.37959 0.037713 0.68118
0.38608 0.037675 0.70193
0.37918 0.037607 0.73414
0.39435 0.037648 0.71475
0.3883 0.037601 0.73452
0.37693 0.03757 0.75429
0.3682 0.037575 0.76042
0.38491 0.037577 0.75086
0.38081 0.037569 0.7825
0.37826 0.03756 0.80041
0.38746 0.037574 0.77745
0.37764 0.037561 0.81008
0.37118 0.03756 0.8314
0.37432 0.037562 0.83922
0.37286 0.037557 0.85654
0.38858 0.037553 0.83933
0.38986 0.037552 0.86411
0.37531 0.037564 0.87609
0.37083 0.037563 0.89518
0.39272 0.037553 0.89847
0.37479 0.037563 0.90965
0.38165 0.037528 0.92838
0.38819 0.037557 0.909
0.3953 0.037518 0.93094
0.37876 0.037496 0.94164
0.37278 0.033616 0.95405
0.39179 0.037494 0.94235
0.39792 0.033502 0.95484
0.41528 0.03756 0.03664
0.42082 0.037559 0.041402
0.42234 0.037566 0.064233
0.40652 0.037574 0.079934
0.42786 0.037565 0.073265
0.43507 0.037631 0.095501
0.41827 0.037549 0.10587
0.40807 0.037539 0.11559
0.42619 0.037601 0.10466
0.42748 0.037618 0.12133
0.41381 0.037557 0.13897
0.40734 0.037578 0.15526
0.42876 0.037576 0.14447
0.41042 0.037575 0.16387
0.40826 0.037588 0.18443
0.42137 0.037567 0.16939
0.4233 0.037566 0.1761
0.41163 0.037621 0.2191
0.42431 0.037576 0.19925
0.42932 0.037574 0.2062
0.39798 0.037623 0.23334
0.40879 0.037676 0.25057
0.42842 0.037626 0.22407
0.40692 0.037676 0.2655
0.40269 0.037679 0.2743
0.42523 0.037729 0.27676
0.40757 0.037719 0.29526
0.39834 0.037755 0.30776
0.42178 0.037736 0.28441
0.41621 0.037737 0.30027
0.39747 0.0378 0.32549
0.39987 0.037874 0.33888
0.41757 0.037832 0.31783
0.40742 0.037918 0.34153
0.38443 0.038242 0.36535
0.41256 0.037984 0.34764
0.37482 0.038218 0.37863
0.37154 0.037945 0.39891
0.39661 0.038095 0.37665
0.38812 0.037943 0.38989
0.37167 0.037837 0.4189
0.36417 0.037936 0.43558
0.38448 0.037896 0.40192
0.34418 0.038246 0.45314
0.3228 0.038408 0.47417
0.36205 0.037669 0.44862
0.32566 0.038073 0.4856
0.32075 0.03842 0.49508
0.32282 0.038511 0.52995
0.32485 0.037806 0.50171
0.33562 0.038009 0.54091
0.35375 0.037932 0.56802
0.37328 0.037944 0.57992
0.374 0.038246 0.61029
0.40271 0.038134 0.62471
0.38452 0.038027 0.63055
0.39449 0.037892 0.64888
0.40612 0.038043 0.63274
0.39759 0.037797 0.65776
0.40495 0.037711 0.66856
0.41291 0.03777 0.65392
0.42283 0.037663 0.66392
0.39739 0.037696 0.68775
0.40476 0.037654 0.69574
0.42534 0.037683 0.68325
0.42676 0.037614 0.69873
0.41136 0.037613 0.716
0.40602 0.03759 0.72851
0.4247 0.037564 0.72519
0.40572 0.03756 0.75923
0.42436 0.037547 0.7464
0.41887 0.037559 0.76198
0.41054 0.037553 0.77882
0.40262 0.037544 0.79856
0.42799 0.037533 0.77953
0.43109 0.037527 0.79508
0.41494 0.037528 0.81607
0.43207 0.037527 0.80787
0.41948 0.037526 0.8244
0.40531 0.037544 0.83948
0.42458 0.037533 0.86069
0.41312 0.037542 0.87989
0.40864 0.037544 0.89757
0.42804 0.037534 0.88012
0.42276 0.037533 0.88889
0.4103 0.037546 0.9076
0.40846 0.037517 0.9301
0.42768 0.037515 0.92758
0.40313 0.037487 0.94496
0.41879 0.037498 0.93802
0.42839 0.033337 0.96119
0.43845 0.037559 0.041642
0.44428 0.037558 0.062086
0.45702 0.037556 0.045328
0.43918 0.037556 0.072421
0.44107 0.037642 0.094607
0.46368 0.037544 0.081914
0.45753 0.037718 0.10001
0.442 0.037886 0.11676
0.46002 0.037781 0.10608
0.44779 0.037822 0.12842
0.4401 0.037567 0.14557
0.454 0.037825 0.12927
0.46251 0.037554 0.14686
0.44688 0.037514 0.15957
0.44321 0.037559 0.18141
0.46057 0.037526 0.16778
0.45826 0.03756 0.18481
0.44589 0.037563 0.19614
0.44026 0.037573 0.20783
0.45329 0.037595 0.21495
0.43669 0.037633 0.22806
0.43277 0.037671 0.24215
0.4507 0.037628 0.22651
0.43504 0.037705 0.25234
0.43465 0.037709 0.26716
0.45628 0.037715 0.26103
0.45959 0.037774 0.27281
0.43213 0.037763 0.28224
0.44706 0.037818 0.29098
0.45391 0.037915 0.30378
0.43093 0.037868 0.3163
0.42729 0.037889 0.33163
0.45024 0.037952 0.311
0.4451 0.037924 0.32368
0.42738 0.037978 0.3429
0.41908 0.038067 0.36299
0.45086 0.038071 0.33891
0.44289 0.038164 0.35209
0.43567 0.038252 0.36993
0.39356 0.037293 0.40303
0.38982 0.037031 0.424
0.42328 0.036846 0.38407
0.40836 0.035181 0.40753
0.37158 0.036851 0.44271
0.34319 0.036115 0.47085
0.35336 0.034271 0.48391
0.3313 0.036296 0.5124
0.34408 0.037036 0.54231
0.33916 0.03552 0.52014
0.38706 0.035654 0.56411
0.3882 0.036945 0.58682
0.40038 0.037346 0.60188
0.39671 0.036173 0.5897
0.40918 0.036947 0.60205
0.415 0.038437 0.61356
0.42284 0.038136 0.60918
0.42972 0.038388 0.62138
0.42376 0.037993 0.63847
0.44099 0.038177 0.62767
0.45144 0.037881 0.63936
0.43216 0.037652 0.65692
0.43166 0.037665 0.66709
0.45066 0.037704 0.65689
0.44923 0.037706 0.66532
0.43419 0.037643 0.68579
0.44283 0.037596 0.69943
0.46315 0.03754 0.69691
0.44006 0.037564 0.71461
0.44545 0.037544 0.7306
0.45505 0.037545 0.71227
0.45956 0.037522 0.73222
0.44821 0.037528 0.74133
0.43662 0.037535 0.76221
0.46087 0.037496 0.74562
0.45716 0.037511 0.76206
0.44098 0.037527 0.77663
0.44233 0.037523 0.79786
0.45526 0.037509 0.77977
0.46594 0.037516 0.79817
0.44398 0.03751 0.82089
0.4552 0.037503 0.81459
0.45496 0.037508 0.82392
0.44539 0.037526 0.83716
0.43815 0.037529 0.86046
0.46396 0.037518 0.8373
0.44033 0.037532 0.8705
0.44079 0.037528 0.89049
0.45333 0.037523 0.88078
0.46081 0.037523 0.89421
0.44722 0.037534 0.91374
0.44715 0.037513 0.9258
0.46038 0.037529 0.91432
0.45598 0.0375 0.93014
0.44425 0.037472 0.94705
0.46416 0.037467 0.94335
0.46001 0.033334 0.9632
0.40625 0.037959 0.44303
0.37647 0.038278 0.46617
0.37321 0.03815 0.5251
0.37526 0.036226 0.495
0.48103 0.037548 0.046108
0.47744 0.03755 0.064761
0.49558 0.037543 0.03899
0.48744 0.037548 0.062529
0.46954 0.037546 0.081886
0.47184 0.037596 0.094251
0.49128 0.037545 0.073365
0.48964 0.037547 0.093533
0.47722 0.037599 0.10984
0.4711 0.037704 0.1152
0.48284 0.037543 0.10449
0.49281 0.03754 0.12263
0.47065 0.03767 0.12998
0.49116 0.03757 0.14627
0.46938 0.037543 0.16405
0.47709 0.037564 0.17818
0.48652 0.037576 0.16169
0.47847 0.037578 0.19417
0.47534 0.037595 0.2107
0.49029 0.037579 0.19202
0.4906 0.037588 0.20864
0.47221 0.037643 0.23169
0.47863 0.037657 0.23727
0.48782 0.037635 0.22418
0.49383 0.037647 0.2362
0.46709 0.037721 0.26124
0.47994 0.037737 0.26494
0.49372 0.037715 0.26013
0.49858 0.037783 0.27338
0.47118 0.037862 0.28864
0.47431 0.037943 0.2967
0.48634 0.037952 0.29717
0.46682 0.038054 0.3131
0.47058 0.038291 0.32527
0.48664 0.038109 0.31381
0.48983 0.03833 0.32449
0.46782 0.038389 0.3342
0.47077 0.038591 0.34085
0.49013 0.038784 0.3414
0.4559 0.038204 0.36239
0.47824 0.038546 0.34831
0.47947 0.037815 0.35246
0.43818 0.036146 0.38209
0.43365 0.0346 0.39438
0.46531 0.03561 0.36543
0.46521 0.034327 0.37225
0.4211 0.033581 0.426
0.43932 0.033361 0.4909
0.39747 0.033433 0.51315
0.40338 0.034379 0.57712
0.4477 0.033745 0.59909
0.43886 0.035448 0.60636
0.48267 0.034047 0.59558
0.4955 0.035419 0.60705
0.43983 0.037594 0.61308
0.45659 0.03803 0.62009
0.49151 0.036981 0.61547
0.50323 0.037827 0.62281
0.46131 0.038083 0.62742
0.46579 0.037802 0.64528
0.48364 0.037968 0.63031
0.49876 0.03782 0.64136
0.46358 0.037748 0.65005
0.46657 0.037651 0.66509
0.50012 0.037617 0.65053
0.47499 0.03761 0.67513
0.47318 0.037529 0.70098
0.4859 0.037538 0.67889
0.49315 0.037497 0.69253
0.47849 0.037502 0.72008
0.4933 0.037504 0.70361
0.49468 0.037486 0.72373
0.47874 0.037481 0.74149
0.48014 0.037487 0.75511
0.49584 0.037459 0.74306
0.49733 0.037478 0.75515
0.48182 0.037511 0.76853
0.47264 0.037508 0.79132
0.49341 0.037507 0.79717
0.48051 0.037498 0.82676
0.49546 0.037498 0.80813
0.49324 0.037496 0.82936
0.47849 0.037509 0.84138
0.48054 0.037506 0.85803
0.48739 0.037502 0.8552
0.4773 0.037519 0.87399
0.47455 0.037515 0.88513
0.4952 0.037514 0.8793
0.47025 0.037498 0.92697
0.49196 0.037522 0.90814
0.48706 0.037482 0.92928
0.4768 0.037455 0.94412
0.47674 0.034011 0.95234
0.48807 0.037458 0.93779
0.46514 0.033968 0.42648
0.41134 0.034191 0.48716
0.43662 0.033885 0.50359
0.45771 0.03398 0.55772
0.46029 0.036262 0.39029
0.46945 0.037092 0.3819
0.4133 0.036196 0.44352
0.39835 0.035306 0.46413
0.41422 0.037122 0.43024
0.40338 0.036706 0.45078
0.46852 0.034914 0.41078
0.42366 0.034088 0.45434
0.4677 0.036099 0.38989
0.4325 0.033786 0.48589
0.41071 0.034422 0.52354
0.36734 0.038215 0.52009
0.42333 0.037428 0.57719
0.48031 0.033968 0.54522
0.44962 0.035841 0.58215
0.44071 0.033906 0.5285
0.43775 0.036302 0.58667
0.4273 0.037015 0.58245
0.47123 0.036939 0.38323
0.42929 0.036518 0.42429
0.41388 0.034957 0.46963
0.44522 0.035833 0.41717
0.40549 0.035294 0.47287
0.45115 0.037644 0.39461
0.4263 0.034358 0.47369
0.45794 0.03512 0.41924
0.45474 0.034754 0.45804
0.38984 0.036726 0.53466
0.40676 0.037107 0.5516
0.38177 0.036018 0.48839
0.42524 0.035005 0.54206
0.42351 0.034292 0.49812
0.46982 0.034289 0.55578
0.45057 0.034111 0.49806
0.43797 0.03463 0.55686
0.4285 0.036984 0.5821
0.47762 0.037288 0.58405
0.44516 0.034483 0.44282
0.459 0.034589 0.51999
0.50735 0.037538 0.0455
0.52564 0.037532 0.047492
0.52462 0.037534 0.057258
0.50626 0.037539 0.071758
0.50615 0.037544 0.08851
0.52992 0.037532 0.067748
0.52373 0.037537 0.088539
0.50097 0.037535 0.10613
0.5113 0.037536 0.11586
0.52763 0.037527 0.10814
0.5227 0.037528 0.11456
0.51507 0.037549 0.13605
0.51319 0.037557 0.14642
0.51942 0.037544 0.13481
0.52176 0.037562 0.15692
0.51134 0.037565 0.16218
0.51664 0.037553 0.17662
0.53096 0.037541 0.17359
0.52079 0.037551 0.17754
0.51683 0.037568 0.20064
0.50394 0.037574 0.20684
0.5307 0.037552 0.19714
0.53382 0.037543 0.20922
0.51473 0.037631 0.22923
0.51317 0.037664 0.24225
0.52741 0.037614 0.2316
0.5239 0.037661 0.24512
0.50688 0.037751 0.2711
0.52902 0.037669 0.25991
0.52528 0.03768 0.26645
0.50747 0.037799 0.28279
0.51716 0.037844 0.29784
0.53533 0.037739 0.28374
0.538 0.037814 0.30005
0.5056 0.037998 0.31104
0.53871 0.037926 0.3143
0.54147 0.037956 0.32129
0.49894 0.038675 0.33945
0.52731 0.038273 0.33002
0.5404 0.03823 0.35023
0.50513 0.038234 0.34524
0.50705 0.037843 0.34759
0.54206 0.037721 0.3767
0.52412 0.035687 0.36439
0.51446 0.034502 0.37013
0.53502 0.035821 0.38643
0.51247 0.03443 0.42682
0.4909 0.033418 0.4392
0.5025 0.033799 0.45003
0.51077 0.033437 0.47689
0.47102 0.03338 0.51891
0.53355 0.033615 0.58737
0.56694 0.033418 0.56039
0.57924 0.034182 0.5871
0.50807 0.035951 0.61196
0.55556 0.035668 0.59819
0.55025 0.036858 0.60655
0.53513 0.037415 0.61722
0.50998 0.037996 0.63525
0.52884 0.037909 0.62399
0.53709 0.037804 0.63524
0.51064 0.037661 0.64742
0.51698 0.037519 0.65887
0.53285 0.03757 0.65246
0.53658 0.037567 0.66121
0.51136 0.037537 0.6763
0.50504 0.0375 0.6899
0.52482 0.037572 0.67283
0.53553 0.037532 0.68839
0.50415 0.03748 0.71399
0.51033 0.037479 0.72767
0.52126 0.03748 0.72858
0.50895 0.037455 0.74142
0.51003 0.037462 0.75279
0.52821 0.037476 0.73424
0.52131 0.037465 0.7542
0.51613 0.037493 0.76818
0.50653 0.037497 0.79091
0.52812 0.037485 0.77878
0.53246 0.037495 0.79156
0.50784 0.037492 0.80871
0.51311 0.03748 0.8183
0.52471 0.037483 0.81287
0.5251 0.037486 0.82267
0.51174 0.037499 0.85227
0.53243 0.037503 0.85927
0.51003 0.037517 0.87643
0.51549 0.037513 0.89096
0.53113 0.037515 0.87552
0.53182 0.037513 0.89352
0.50241 0.037519 0.91398
0.52099 0.037522 0.91059
0.50478 0.034224 0.95182
0.52815 0.0374 0.94436
0.52605 0.033357 0.95792
0.47 0.034055 0.50101
0.50673 0.033813 0.54366
0.48648 0.034543 0.40322
0.4859 0.033989 0.47834
0.52126 0.037278 0.4073
0.4673 0.033907 0.44278
0.5243 0.035233 0.51735
0.49238 0.037083 0.45057
0.54348 0.036542 0.51931
0.50707 0.033813 0.52609
0.50642 0.03493 0.57438
0.55046 0.034201 0.55949
0.54241 0.036764 0.57931
0.56931 0.034475 0.55857
0.56538 0.036073 0.58231
0.59139 0.038114 0.55621
0.5867 0.038335 0.57354
0.52403 0.03646 0.58706
0.51555 0.036893 0.39446
0.51652 0.036002 0.40156
0.4613 0.033939 0.47922
0.4891 0.034903 0.42525
0.4842 0.034768 0.46046
0.49161 0.037338 0.45038
0.51941 0.035516 0.4963
0.49785 0.034919 0.48331
0.52463 0.034279 0.5347
0.52419 0.036137 0.56052
0.4896 0.03456 0.51061
0.51468 0.034894 0.55171
0.58706 0.03766 0.5648
0.57799 0.037058 0.57714
0.55321 0.035641 0.53815
0.46953 0.034424 0.45145
0.47962 0.034493 0.46463
0.50084 0.034587 0.51828
0.5414 0.037529 0.054464
0.56392 0.037522 0.036699
0.55961 0.037524 0.063521
0.54351 0.037529 0.093099
0.55553 0.037525 0.071777
0.55627 0.037527 0.089151
0.54381 0.03752 0.10904
0.54851 0.037528 0.12482
0.55364 0.037516 0.10847
0.55387 0.037525 0.12514
0.54467 0.037528 0.135
0.56472 0.037519 0.13701
0.55765 0.037523 0.14814
0.54856 0.037526 0.17156
0.56737 0.037516 0.17024
0.55099 0.037519 0.20128
0.54356 0.037545 0.21629
0.5689 0.037516 0.19984
0.56423 0.03754 0.22221
0.54872 0.037561 0.22803
0.55966 0.037552 0.22774
0.57293 0.037602 0.25539
0.55059 0.037616 0.26376
0.57261 0.037598 0.27042
0.57146 0.037608 0.27678
0.54948 0.037764 0.29842
0.57623 0.03763 0.29257
0.57067 0.037666 0.30139
0.55751 0.037857 0.3155
0.55533 0.037927 0.33196
0.56955 0.037714 0.32544
0.57132 0.037697 0.34292
0.54699 0.038066 0.33527
0.55171 0.038014 0.36603
0.56415 0.037803 0.35372
0.54031 0.037892 0.38878
0.54132 0.03758 0.40577
0.53779 0.037394 0.41129
0.51916 0.035168 0.43383
0.53953 0.036824 0.43461
0.52595 0.034088 0.46216
0.54542 0.033964 0.49414
0.58487 0.033897 0.533
0.60659 0.036235 0.53841
0.60556 0.036835 0.56633
0.5939 0.035915 0.58528
0.57185 0.037324 0.59962
0.60045 0.03695 0.58152
0.60449 0.037511 0.59046
0.57614 0.03774 0.60318
0.60196 0.037781 0.60828
0.58294 0.037925 0.61526
0.56383 0.037733 0.62272
0.54565 0.037759 0.6354
0.58109 0.037729 0.64014
0.55166 0.037703 0.64838
0.55077 0.037626 0.66654
0.5745 0.037704 0.64484
0.54304 0.037596 0.6733
0.55046 0.037556 0.69588
0.56656 0.037607 0.67703
0.55727 0.037563 0.69654
0.53832 0.03751 0.71146
0.54041 0.037502 0.72699
0.56081 0.037558 0.70493
0.54101 0.037478 0.73864
0.55407 0.037466 0.74748
0.5642 0.037481 0.7619
0.53955 0.037485 0.76914
0.54326 0.037498 0.79312
0.56461 0.037476 0.78034
0.56423 0.037505 0.79734
0.54832 0.037509 0.8045
0.54305 0.037495 0.82919
0.55493 0.037506 0.80698
0.55578 0.037495 0.82563
0.54009 0.037497 0.84775
0.55356 0.037499 0.84638
0.56044 0.037506 0.86184
0.54177 0.03751 0.88624
0.55664 0.03751 0.88063
0.56443 0.037512 0.88822
0.54689 0.037519 0.90807
0.53731 0.037466 0.92866
0.55916 0.037522 0.91137
0.5553 0.037474 0.92826
0.54393 0.037416 0.94355
0.54796 0.033341 0.9598
0.56334 0.037434 0.94072
0.55431 0.033838 0.95282
0.54975 0.036317 0.52431
0.56832 0.036479 0.53687
0.57669 0.03752 0.045153
0.58718 0.037518 0.040707
0.59538 0.037517 0.06317
0.5728 0.037518 0.095731
0.58959 0.037516 0.073608
0.5962 0.037514 0.094958
0.57215 0.03751 0.11138
0.57711 0.037517 0.12625
0.59493 0.03751 0.10584
0.58763 0.037509 0.11753
0.58331 0.037512 0.14441
0.60011 0.037508 0.13752
0.5948 0.037514 0.15524
0.58142 0.037504 0.17441
0.57457 0.037511 0.18412
0.59022 0.037497 0.17724
0.60048 0.037493 0.18444
0.57622 0.037528 0.21845
0.59586 0.037507 0.21066
0.58175 0.037556 0.23833
0.58184 0.037593 0.25591
0.6057 0.037523 0.23649
0.59866 0.037569 0.25767
0.58979 0.037609 0.26365
0.60118 0.037705 0.27305
0.60493 0.037886 0.28575
0.58265 0.0376 0.29266
0.58687 0.037606 0.30706
0.60289 0.037721 0.30027
0.59785 0.037595 0.31116
0.58106 0.037613 0.32994
0.59698 0.03749 0.34343
0.5951 0.037468 0.35826
0.57309 0.037611 0.36372
0.56172 0.037395 0.39658
0.57971 0.037436 0.38345
0.55403 0.037088 0.41692
0.55235 0.037097 0.43152
0.57621 0.037408 0.41625
0.54592 0.037295 0.44322
0.54265 0.037366 0.46256
0.54844 0.03744 0.45155
0.54829 0.037247 0.46075
0.55352 0.036663 0.4883
0.57837 0.037347 0.50568
0.55549 0.036978 0.47866
0.5812 0.037514 0.5031
0.60965 0.037579 0.53121
0.6174 0.038172 0.54927
0.60707 0.037609 0.5215
0.62186 0.038262 0.55222
0.61321 0.037871 0.56507
0.60648 0.037739 0.59617
0.62269 0.03815 0.56261
0.61832 0.037986 0.5824
0.61313 0.038047 0.61048
0.61966 0.038097 0.6064
0.62225 0.038117 0.62683
0.60368 0.037937 0.63435
0.59635 0.037796 0.64088
0.62206 0.038191 0.6471
0.58724 0.037672 0.65151
0.5803 0.037597 0.66915
0.62032 0.037984 0.6587
0.60247 0.037647 0.66912
0.58411 0.037597 0.67881
0.5948 0.037614 0.67683
0.59221 0.037599 0.69208
0.57247 0.037526 0.72366
0.59205 0.037539 0.72239
0.57326 0.037503 0.73587
0.59742 0.03748 0.74785
0.59256 0.037487 0.76369
0.57126 0.037484 0.78773
0.59184 0.037504 0.79756
0.57872 0.037511 0.80104
0.57707 0.037494 0.81845
0.59038 0.0375 0.81443
0.57799 0.037504 0.84334
0.59685 0.03751 0.84463
0.57344 0.037512 0.87121
0.59647 0.037521 0.89456
0.57365 0.037523 0.90998
0.59271 0.037525 0.90834
0.57384 0.037418 0.94676
0.577 0.034177 0.95201
0.59122 0.037449 0.9422
0.5859 0.033334 0.9632
0.6109 0.037517 0.045403
0.6133 0.037516 0.062358
0.63124 0.037517 0.04269
0.63319 0.037517 0.053925
0.61677 0.037514 0.075882
0.60505 0.037516 0.08803
0.63357 0.037512 0.080379
0.62859 0.037515 0.086668
0.6126 0.037508 0.11227
0.61132 0.037509 0.12827
0.62415 0.037509 0.1057
0.63061 0.037505 0.12548
0.60556 0.037508 0.1329
0.61731 0.0375 0.16155
0.6306 0.0375 0.13587
0.6315 0.037495 0.15085
0.61043 0.037491 0.17343
0.6177 0.037486 0.18667
0.6305 0.037491 0.16899
0.61717 0.037485 0.20891
0.61183 0.037512 0.22745
0.62644 0.037478 0.21327
0.62709 0.037491 0.2265
0.61062 0.03749 0.25378
0.62594 0.037476 0.24652
0.62748 0.037502 0.25842
0.62414 0.037739 0.28193
0.61109 0.037475 0.31656
0.62058 0.037684 0.29954
0.62451 0.037416 0.33838
0.61782 0.037417 0.34556
0.61427 0.037329 0.37663
0.59104 0.037388 0.38352
0.5856 0.037486 0.40895
0.60326 0.03731 0.38406
0.59733 0.037547 0.40807
0.56857 0.037171 0.43897
0.58324 0.037127 0.43633
0.568 0.036954 0.45112
0.56562 0.036815 0.47417
0.57746 0.036876 0.45743
0.58224 0.036908 0.46119
0.59 0.037235 0.49602
0.59335 0.037077 0.48129
0.60916 0.03726 0.49895
0.61632 0.037603 0.51391
0.62845 0.038265 0.54405
0.62593 0.037545 0.51023
0.63433 0.037933 0.53467
0.63542 0.038198 0.55702
0.63542 0.038002 0.57949
0.64474 0.038071 0.55578
0.64226 0.038039 0.57466
0.63499 0.037999 0.5958
0.64532 0.037983 0.60502
0.63384 0.038204 0.64066
0.64869 0.037954 0.64083
0.62818 0.038209 0.65851
0.61715 0.037802 0.67049
0.6365 0.037828 0.67789
0.63735 0.037697 0.68608
0.60881 0.037601 0.70477
0.60666 0.037541 0.72236
0.62836 0.037531 0.72576
0.61099 0.037507 0.74137
0.60569 0.037481 0.75423
0.62543 0.037498 0.74477
0.62526 0.037484 0.75272
0.60962 0.037484 0.77993
0.61095 0.037487 0.78623
0.62634 0.037488 0.77992
0.62872 0.03749 0.78704
0.60356 0.037513 0.80262
0.60657 0.037513 0.83142
0.62893 0.037514 0.80573
0.63284 0.037519 0.82866
0.60723 0.037517 0.83863
0.60275 0.037509 0.85325
0.62536 0.037523 0.8429
0.62309 0.037517 0.85681
0.61003 0.037519 0.8702
0.60496 0.037521 0.89067
0.61922 0.037524 0.87877
0.62917 0.037527 0.88856
0.60771 0.037529 0.9093
0.60851 0.037508 0.9266
0.62016 0.037511 0.92805
0.6103 0.037477 0.94518
0.62224 0.037493 0.93785
0.62835 0.033334 0.96439
0.64041 0.037517 0.047048
0.65529 0.037517 0.038399
0.65733 0.037515 0.064204
0.64784 0.037512 0.07979
0.6418 0.037509 0.0965
0.66505 0.037513 0.074226
0.66795 0.037513 0.086011
0.65746 0.037503 0.11083
0.65012 0.037493 0.16177
0.66006 0.037494 0.14323
0.66147 0.037493 0.16141
0.64574 0.037485 0.17102
0.64737 0.03748 0.19534
0.66044 0.037476 0.1785
0.65702 0.037471 0.18577
0.64705 0.037476 0.20254
0.64439 0.037469 0.2201
0.66605 0.037466 0.20564
0.66488 0.037465 0.22238
0.63957 0.037476 0.24407
0.64306 0.037473 0.26513
0.65517 0.037419 0.26919
0.63328 0.037557 0.28247
0.63223 0.037533 0.29597
0.66108 0.037361 0.28233
0.64938 0.037349 0.29235
0.63773 0.0374 0.31745
0.64929 0.037384 0.33967
0.63024 0.037405 0.34681
0.62362 0.037267 0.37982
0.64872 0.037351 0.35049
0.64451 0.03725 0.37561
0.61094 0.037388 0.4105
0.62189 0.037257 0.40586
0.60927 0.03717 0.43619
0.62352 0.03716 0.42522
0.62277 0.037159 0.43557
0.59983 0.037054 0.45439
0.61129 0.037043 0.46701
0.62588 0.03713 0.45254
0.6188 0.03714 0.48549
0.62232 0.037178 0.49207
0.63113 0.037166 0.48388
0.643 0.037286 0.49766
0.63392 0.037424 0.50667
0.64475 0.03771 0.52662
0.6523 0.037455 0.5115
0.66682 0.037602 0.52823
0.66688 0.037801 0.55353
0.67027 0.037797 0.57115
0.66219 0.037888 0.58335
0.66821 0.037807 0.60402
0.68269 0.037784 0.60477
0.66281 0.037774 0.63518
0.67901 0.037762 0.61816
0.66943 0.03776 0.63957
0.65514 0.037925 0.65306
0.67583 0.037706 0.65244
0.6519 0.037558 0.69217
0.65766 0.037717 0.675
0.65863 0.037578 0.68714
0.6445 0.037468 0.70783
0.64155 0.037503 0.72475
0.6582 0.03746 0.71285
0.66771 0.037486 0.7253
0.64722 0.037499 0.73556
0.64159 0.037488 0.75442
0.66083 0.037497 0.74265
0.65747 0.037485 0.75292
0.63711 0.037491 0.77804
0.64658 0.037494 0.79031
0.65533 0.037492 0.77318
0.65543 0.0375 0.79435
0.64637 0.037511 0.80771
0.64303 0.03752 0.82871
0.66298 0.037518 0.81114
0.66477 0.037526 0.83021
0.64463 0.037526 0.83623
0.64419 0.037526 0.85298
0.65461 0.037532 0.84112
0.66013 0.037534 0.86261
0.64823 0.037532 0.88023
0.64813 0.037533 0.88815
0.65496 0.037534 0.88139
0.66339 0.03754 0.89357
0.64429 0.037539 0.90766
0.63679 0.037505 0.92715
0.66307 0.037543 0.90269
0.65934 0.037534 0.91852
0.63564 0.037467 0.94171
0.64131 0.033684 0.95356
0.65662 0.037454 0.93964
0.66463 0.033514 0.95469
0.68249 0.037517 0.04515
0.68463 0.037517 0.051975
0.70108 0.037518 0.040686
0.69237 0.037516 0.059526
0.69998 0.037516 0.072471
0.69847 0.037514 0.092927
0.67245 0.037508 0.10303
0.67292 0.037503 0.12495
0.67647 0.037496 0.14282
0.67863 0.037494 0.15992
0.68188 0.037481 0.17249
0.69439 0.037474 0.17708
0.68126 0.037455 0.21114
0.67207 0.03746 0.22283
0.69581 0.037443 0.21803
0.68758 0.037439 0.23164
0.67523 0.037424 0.24657
0.686 0.037399 0.25287
0.69164 0.037394 0.25796
0.67238 0.037346 0.29666
0.69022 0.037344 0.28646
0.68194 0.037337 0.29524
0.6632 0.037356 0.33437
0.68252 0.037332 0.3232
0.68128 0.037329 0.33013
0.6684 0.037284 0.3497
0.65964 0.037247 0.36434
0.67447 0.037253 0.35876
0.66832 0.037213 0.37327
0.64974 0.037167 0.38837
0.64358 0.037121 0.40064
0.66971 0.037182 0.39109
0.66874 0.037178 0.40061
0.65004 0.03712 0.41729
0.64378 0.037145 0.43771
0.66398 0.037171 0.41701
0.672 0.037184 0.43203
0.64743 0.037143 0.46756
0.66983 0.037172 0.45189
0.65409 0.037205 0.48198
0.66683 0.037273 0.49309
0.68111 0.037254 0.47869
0.68755 0.037349 0.49714
0.66678 0.03748 0.51279
0.67306 0.037587 0.5295
0.69153 0.037489 0.52072
0.67697 0.037628 0.53903
0.68715 0.037664 0.56637
0.69357 0.037543 0.53721
0.70431 0.037602 0.56679
0.69195 0.037747 0.60694
0.7034 0.037627 0.57849
0.71647 0.037657 0.60249
0.7001 0.037687 0.61265
0.71006 0.037653 0.62029
0.71053 0.037626 0.6359
0.68796 0.037649 0.65286
0.68551 0.037622 0.66064
0.70299 0.037628 0.64513
0.70167 0.037585 0.65988
0.67733 0.037512 0.69403
0.69473 0.037508 0.6881
0.68286 0.037507 0.71205
0.67356 0.037492 0.72365
0.68939 0.037511 0.70352
0.67894 0.0375 0.74811
0.67212 0.037498 0.76364
0.69504 0.037509 0.74005
0.69874 0.037514 0.76183
0.67532 0.037504 0.77224
0.67742 0.037508 0.79126
0.69326 0.037516 0.77115
0.68732 0.037519 0.7989
0.67309 0.03752 0.80634
0.68657 0.037523 0.8045
0.68858 0.037532 0.82747
0.68059 0.037536 0.84847
0.69439 0.03754 0.8382
0.68744 0.037543 0.865
0.68047 0.037543 0.8711
0.69092 0.037546 0.8701
0.6914 0.03755 0.89424
0.679 0.03755 0.90823
0.66972 0.037489 0.93045
0.68962 0.037493 0.92969
0.6806 0.037438 0.94233
0.68195 0.033334 0.96341
0.69575 0.033365 0.95759
0.71085 0.037519 0.037475
0.70983 0.037519 0.055122
0.72642 0.037522 0.042686
0.729 0.03752 0.061297
0.71249 0.037516 0.077029
0.72989 0.037518 0.07644
0.71273 0.037509 0.10252
0.70921 0.037501 0.12833
0.7277 0.037503 0.114
0.73144 0.0375 0.12952
0.70687 0.037487 0.16052
0.73337 0.037494 0.14927
0.731 0.037489 0.16196
0.70731 0.037472 0.17942
0.70494 0.037461 0.19717
0.72304 0.037481 0.1713
0.73172 0.037471 0.19022
0.70669 0.037454 0.20488
0.70559 0.037439 0.22459
0.72124 0.037447 0.21329
0.71097 0.037408 0.2522
0.72909 0.037396 0.25901
0.71188 0.03737 0.27624
0.70928 0.037348 0.29776
0.69533 0.037343 0.31509
0.70027 0.037313 0.33791
0.72243 0.037334 0.31533
0.70817 0.037307 0.33891
0.70069 0.037295 0.34466
0.69682 0.037243 0.36815
0.71319 0.0373 0.3448
0.71619 0.037278 0.3667
0.69605 0.037205 0.38687
0.68283 0.037199 0.39863
0.70694 0.03724 0.37875
0.70043 0.037208 0.4017
0.68717 0.037199 0.42018
0.71189 0.037262 0.4094
0.70111 0.03723 0.42695
0.69174 0.037195 0.44074
0.68583 0.037217 0.46441
0.70988 0.037281 0.4457
0.70675 0.037279 0.46082
0.69482 0.037245 0.47213
0.69853 0.0373 0.49002
0.70242 0.037266 0.46985
0.71305 0.037348 0.49128
0.71374 0.037392 0.50711
0.72241 0.037426 0.52046
0.71144 0.037525 0.54627
0.72838 0.037467 0.54463
0.73672 0.037486 0.56631
0.73185 0.037747 0.6047
0.739 0.037495 0.58074
0.73686 0.037625 0.59321
0.72593 0.037675 0.63028
0.73811 0.03791 0.61166
0.74132 0.037809 0.62859
0.72107 0.037588 0.64884
0.72427 0.037564 0.65549
0.73408 0.037603 0.64265
0.73408 0.037562 0.66274
0.71788 0.037521 0.68332
0.7128 0.037519 0.69213
0.72961 0.03755 0.67478
0.73196 0.037532 0.68928
0.71847 0.037519 0.71162
0.70604 0.037512 0.72454
0.72288 0.037516 0.72093
0.7093 0.037517 0.74122
0.70851 0.037516 0.75565
0.73032 0.037523 0.73926
0.72609 0.037521 0.7582
0.71271 0.037532 0.77543
0.70349 0.037525 0.7916
0.72451 0.037534 0.77462
0.71281 0.037537 0.81478
0.70348 0.037537 0.8265
0.72547 0.03754 0.80355
0.71567 0.037548 0.83628
0.70341 0.037548 0.85896
0.72206 0.03755 0.83662
0.71037 0.037555 0.88109
0.70435 0.037552 0.88575
0.72051 0.037558 0.87251
0.73259 0.037566 0.89598
0.70329 0.037558 0.90887
0.71455 0.037555 0.91826
0.73085 0.037568 0.90559
0.71008 0.033342 0.95973
0.73213 0.03746 0.94035
0.74032 0.037525 0.043703
0.74296 0.037524 0.057782
0.76254 0.037526 0.059116
0.75737 0.03752 0.077992
0.75507 0.037516 0.092211
0.76548 0.037514 0.10604
0.75543 0.037508 0.11976
0.74355 0.037496 0.14861
0.73967 0.037495 0.15453
0.75674 0.037502 0.13646
0.76433 0.037491 0.16035
0.74061 0.037482 0.17419
0.74558 0.037466 0.19795
0.75614 0.037475 0.18115
0.75423 0.037464 0.19622
0.74866 0.037452 0.20993
0.74187 0.037426 0.23542
0.75932 0.037436 0.22903
0.74051 0.037407 0.24924
0.76301 0.037424 0.23976
0.74321 0.037373 0.2746
0.73055 0.037351 0.2917
0.75731 0.037377 0.27781
0.73102 0.037327 0.33384
0.74626 0.037343 0.3084
0.74703 0.037335 0.32995
0.72715 0.037315 0.34614
0.72416 0.037287 0.37131
0.74608 0.037312 0.3511
0.74941 0.037307 0.36231
0.73321 0.037265 0.38479
0.7281 0.037263 0.39307
0.75144 0.037297 0.38027
0.7405 0.037268 0.39463
0.725 0.037272 0.40761
0.72335 0.037283 0.43303
0.74636 0.037285 0.41532
0.72047 0.037292 0.44482
0.72238 0.03731 0.46274
0.744 0.037288 0.44486
0.74819 0.0373 0.45505
0.73394 0.0373 0.4692
0.72706 0.03734 0.48753
0.75251 0.037332 0.47446
0.75198 0.03734 0.48453
0.75331 0.037372 0.50624
0.75029 0.037395 0.52871
0.73949 0.037441 0.54327
0.74308 0.037459 0.56286
0.75521 0.03742 0.53958
0.76484 0.037449 0.55551
0.75261 0.037464 0.58638
0.75687 0.03773 0.60467
0.76013 0.037748 0.60847
0.74663 0.03762 0.6418
0.74652 0.037569 0.66035
0.76338 0.037596 0.64281
0.74939 0.037581 0.67485
0.74602 0.037554 0.69479
0.76607 0.037561 0.68288
0.749 0.037547 0.71414
0.74545 0.037536 0.73322
0.74481 0.037526 0.75059
0.7417 0.037526 0.75494
0.75997 0.037534 0.75775
0.74652 0.037542 0.77604
0.74536 0.037547 0.79478
0.7552 0.037539 0.77139
0.7496 0.037553 0.81487
0.74902 0.037558 0.83253
0.75723 0.037553 0.80606
0.763 0.037558 0.82423
0.73964 0.037562 0.85965
0.75738 0.037566 0.84772
0.74455 0.037566 0.86911
0.74057 0.03757 0.89788
0.75718 0.037571 0.87831
0.75657 0.037573 0.89311
0.74738 0.037574 0.90224
0.76281 0.03758 0.9093
0.75545 0.037531 0.92891
0.73784 0.037471 0.93927
0.73962 0.033365 0.95767
0.76438 0.033338 0.96071
0.77396 0.037529 0.044122
0.78229 0.037529 0.052789
0.79666 0.037532 0.04769
0.79954 0.037531 0.063824
0.77761 0.037525 0.069307
0.79165 0.037523 0.091387
0.78221 0.037515 0.11512
0.78116 0.037507 0.13094
0.79285 0.037517 0.11165
0.79641 0.037513 0.12612
0.78203 0.037499 0.14598
0.77915 0.037492 0.15955
0.7889 0.037504 0.13878
0.78981 0.03749 0.16416
0.77882 0.037477 0.18003
0.79796 0.03749 0.17054
0.78619 0.037467 0.19873
0.77719 0.037458 0.21019
0.77911 0.037441 0.23187
0.79278 0.037459 0.21479
0.78815 0.037445 0.23062
0.76999 0.037425 0.24208
0.76793 0.037397 0.2682
0.78741 0.037435 0.24043
0.78687 0.03742 0.25859
0.78816 0.037405 0.28042
0.76119 0.037352 0.3188
0.76646 0.03735 0.3338
0.79236 0.037381 0.30584
0.77901 0.037348 0.32761
0.76605 0.037336 0.35013
0.7639 0.037326 0.36591
0.77711 0.037337 0.34249
0.77547 0.037327 0.36162
0.76593 0.037316 0.38068
0.76937 0.037308 0.39624
0.78444 0.037331 0.37855
0.78457 0.037329 0.39642
0.76735 0.037306 0.41049
0.76348 0.037306 0.42498
0.77585 0.037316 0.40763
0.7809 0.037326 0.42987
0.76298 0.037313 0.445
0.77915 0.037327 0.44721
0.77673 0.037322 0.45155
0.7601 0.037333 0.47107
0.76747 0.037343 0.48631
0.78054 0.03734 0.46925
0.7903 0.037375 0.4908
0.77502 0.037367 0.51066
0.7844 0.037374 0.50709
0.79358 0.037411 0.5282
0.77037 0.03745 0.55925
0.78882 0.037411 0.53377
0.79333 0.037441 0.56142
0.77802 0.037455 0.57959
0.77536 0.037487 0.59116
0.79189 0.037448 0.57742
0.78109 0.037473 0.60449
0.78964 0.037469 0.60578
0.77351 0.037598 0.63764
0.77478 0.03757 0.65846
0.79699 0.037554 0.64433
0.79232 0.037554 0.6652
0.7758 0.037557 0.68322
0.77757 0.037551 0.6915
0.79811 0.037548 0.68151
0.7976 0.037546 0.68673
0.78155 0.037541 0.711
0.77137 0.037544 0.73227
0.7879 0.037544 0.73351
0.77791 0.037548 0.74202
0.78123 0.037546 0.76449
0.79821 0.037551 0.7421
0.7962 0.037563 0.79481
0.7716 0.037559 0.81595
0.77791 0.037565 0.83079
0.78815 0.037564 0.80648
0.79832 0.037572 0.83082
0.77691 0.037572 0.85322
0.78837 0.037572 0.84223
0.77871 0.037578 0.87725
0.7725 0.037579 0.89534
0.79606 0.037587 0.89218
0.77779 0.03754 0.93104
0.79228 0.03759 0.91307
0.78217 0.037493 0.94779
0.77329 0.033335 0.96304
0.79161 0.037507 0.94131
0.79678 0.033422 0.95608
0.80406 0.037534 0.046967
0.80467 0.037534 0.054429
0.82981 0.037539 0.047133
0.83222 0.037539 0.052447
0.80394 0.037529 0.077737
0.8054 0.037526 0.093321
0.82885 0.037535 0.073527
0.82174 0.03753 0.090454
0.81048 0.037524 0.10579
0.80907 0.037518 0.12394
0.82064 0.037525 0.10875
0.8275 0.03752 0.1262
0.82736 0.037514 0.14153
0.81932 0.037495 0.17611
0.81901 0.037489 0.1881
0.80915 0.03747 0.20935
0.80182 0.037456 0.22526
0.82995 0.037474 0.21498
0.82609 0.037466 0.22516
0.80227 0.037445 0.24103
0.80467 0.037434 0.26156
0.82652 0.037443 0.2609
0.81151 0.037421 0.28454
0.80602 0.037414 0.29362
0.82751 0.037428 0.2809
0.81966 0.037412 0.29683
0.80919 0.037396 0.30638
0.80237 0.037371 0.32276
0.82091 0.037401 0.3074
0.81245 0.037371 0.33151
0.79825 0.037354 0.3472
0.80274 0.037353 0.35654
0.81273 0.037361 0.34907
0.79634 0.037343 0.38076
0.79474 0.037341 0.39881
0.82109 0.037353 0.38006
0.79499 0.037345 0.41075
0.79568 0.037351 0.4286
0.81444 0.037345 0.42334
0.79652 0.037354 0.44219
0.80666 0.037346 0.45355
0.82173 0.037355 0.43877
0.79931 0.037369 0.47093
0.79595 0.037384 0.49085
0.7977 0.037399 0.50975
0.80852 0.037393 0.51871
0.82049 0.037391 0.51871
0.80807 0.037436 0.55386
0.81785 0.037421 0.5497
0.81059 0.037469 0.59673
0.83036 0.037458 0.57631
0.8259 0.037466 0.59364
0.81351 0.037473 0.61231
0.81532 0.037495 0.62739
0.82828 0.037472 0.60679
0.82257 0.037484 0.62407
0.809 0.037549 0.64615
0.80969 0.037549 0.65312
0.8233 0.037501 0.6353
0.81513 0.037542 0.6691
0.80808 0.037548 0.69909
0.82617 0.03754 0.68724
0.81043 0.037549 0.7107
0.8248 0.037546 0.70944
0.8069 0.037552 0.73729
0.80764 0.037558 0.76282
0.83301 0.037557 0.74124
0.83346 0.037562 0.75629
0.80456 0.03756 0.77588
0.8081 0.037568 0.79711
0.83204 0.037568 0.77937
0.82574 0.03757 0.79386
0.81076 0.037572 0.80651
0.82512 0.037581 0.82714
0.80485 0.03758 0.84706
0.81129 0.037585 0.85978
0.83007 0.037586 0.84303
0.82961 0.03759 0.86209
0.81517 0.037589 0.8721
0.8047 0.037589 0.89086
0.82673 0.037595 0.88085
0.80638 0.037593 0.90597
0.80542 0.037576 0.92113
0.81918 0.037597 0.90717
0.80543 0.037508 0.93772
0.81314 0.033337 0.9611
0.82777 0.037469 0.94785
0.82144 0.033334 0.96336
0.84292 0.037541 0.044825
0.83982 0.03754 0.055059
0.86189 0.037543 0.04498
0.8457 0.037537 0.079461
0.84913 0.037534 0.091697
0.85261 0.037538 0.074593
0.85434 0.037535 0.089944
0.85586 0.03753 0.10862
0.85506 0.037522 0.13236
0.83977 0.037514 0.14738
0.84636 0.03751 0.15977
0.85904 0.037519 0.14271
0.85287 0.037514 0.15296
0.83691 0.037497 0.18218
0.83916 0.037492 0.19309
0.8564 0.037501 0.18202
0.86408 0.037494 0.19705
0.84777 0.037484 0.20982
0.83524 0.037466 0.23083
0.85917 0.037485 0.21169
0.85073 0.037471 0.23196
0.84514 0.037461 0.24619
0.85487 0.037464 0.24654
0.85665 0.037458 0.25714
0.85259 0.037441 0.27565
0.85397 0.037428 0.29595
0.83741 0.037406 0.31572
0.83023 0.037394 0.32517
0.85607 0.037423 0.30786
0.85034 0.037411 0.32039
0.83352 0.037384 0.35447
0.85122 0.037401 0.34208
0.85911 0.037399 0.36019
0.83648 0.037377 0.37954
0.84612 0.037383 0.37771
0.85526 0.037387 0.3898
0.84022 0.037373 0.40879
0.84154 0.03737 0.42142
0.8463 0.037377 0.40361
0.85597 0.037383 0.4283
0.83364 0.037369 0.43984
0.82812 0.037364 0.45468
0.84859 0.037374 0.44372
0.85431 0.037381 0.45788
0.83233 0.037375 0.47463
0.83795 0.037383 0.4885
0.83806 0.037398 0.50954
0.84566 0.037411 0.52765
0.86195 0.037419 0.51868
0.8423 0.037423 0.53808
0.84414 0.037437 0.55351
0.86072 0.037431 0.53853
0.85851 0.037439 0.55141
0.84687 0.037452 0.57323
0.83996 0.037477 0.59309
0.86105 0.037453 0.57189
0.8538 0.037463 0.58882
0.84884 0.037487 0.61922
0.8587 0.037474 0.60034
0.85369 0.037492 0.62987
0.84881 0.03751 0.65915
0.86379 0.0375 0.63814
0.85807 0.037513 0.66274
0.8479 0.037526 0.67953
0.83928 0.037535 0.6891
0.86019 0.037518 0.67164
0.86287 0.037534 0.69709
0.84055 0.037542 0.70758
0.84697 0.03755 0.7258
0.85484 0.037534 0.70394
0.85554 0.037549 0.7286
0.84437 0.037556 0.73874
0.84154 0.037566 0.76514
0.85703 0.037564 0.76081
0.8379 0.037574 0.79577
0.86065 0.037569 0.77165
0.86472 0.037577 0.79084
0.84114 0.037582 0.81558
0.8633 0.037582 0.80529
0.86015 0.037587 0.82276
0.84304 0.037589 0.84322
0.8598 0.037591 0.83901
0.86081 0.037596 0.85657
0.84546 0.0376 0.87536
0.84099 0.037601 0.89625
0.85944 0.037601 0.86957
0.8444 0.037599 0.91824
0.86318 0.037608 0.90491
0.8547 0.037592 0.9213
0.84887 0.037546 0.9353
0.84198 0.03334 0.96035
0.86209 0.037558 0.93486
0.86036 0.033334 0.9635
0.86951 0.037544 0.039163
0.87122 0.037543 0.061279
0.88597 0.037546 0.039977
0.88744 0.037546 0.052073
0.88074 0.037543 0.076794
0.88123 0.037539 0.092544
0.89581 0.037545 0.078882
0.88998 0.037543 0.086357
0.88047 0.037535 0.10937
0.88114 0.037529 0.12826
0.8896 0.037533 0.11924
0.8742 0.037524 0.13869
0.88132 0.037518 0.15895
0.89293 0.037525 0.14835
0.88796 0.037517 0.16268
0.87514 0.037499 0.1919
0.892 0.037514 0.17029
0.89595 0.037506 0.19028
0.8702 0.037492 0.205
0.87544 0.037486 0.22077
0.88916 0.037494 0.21185
0.88484 0.037487 0.22318
0.86742 0.037473 0.23868
0.86948 0.03745 0.27609
0.87116 0.037442 0.29112
0.89533 0.037462 0.27008
0.88728 0.037447 0.29298
0.86634 0.037428 0.31586
0.87634 0.037434 0.32363
0.88393 0.037442 0.30405
0.8825 0.037436 0.32044
0.87282 0.037417 0.34553
0.88962 0.037425 0.33992
0.89469 0.037419 0.35321
0.87245 0.0374 0.37989
0.8645 0.037393 0.38762
0.88792 0.037408 0.37197
0.89087 0.037404 0.39226
0.86697 0.037394 0.40716
0.86938 0.037396 0.41945
0.89194 0.037403 0.41257
0.88717 0.037401 0.41827
0.87669 0.037399 0.44043
0.88129 0.0374 0.45014
0.87698 0.03741 0.4785
0.87544 0.037419 0.49316
0.88246 0.037417 0.49135
0.86622 0.037415 0.50294
0.87478 0.037438 0.52741
0.8861 0.037428 0.51078
0.88814 0.037434 0.52351
0.87127 0.037441 0.5374
0.88795 0.03744 0.53555
0.89258 0.037449 0.54974
0.87734 0.03746 0.57184
0.87561 0.037476 0.59471
0.88987 0.037459 0.57225
0.88716 0.037473 0.59553
0.87483 0.037481 0.60309
0.88065 0.037498 0.62889
0.88696 0.03748 0.60667
0.88669 0.037492 0.62403
0.87913 0.037511 0.6469
0.88834 0.037505 0.6446
0.89164 0.037513 0.65693
0.87202 0.037523 0.67336
0.89831 0.037538 0.69608
0.87172 0.037546 0.71189
0.88049 0.037555 0.7292
0.89501 0.037542 0.70256
0.8904 0.037551 0.72176
0.87337 0.03756 0.74452
0.87195 0.037568 0.76424
0.88724 0.03756 0.74236
0.89772 0.037568 0.76325
0.87434 0.037575 0.77966
0.87842 0.037582 0.79651
0.8901 0.037578 0.78724
0.87136 0.037587 0.81489
0.87744 0.037591 0.82401
0.8891 0.037585 0.80402
0.87667 0.037595 0.83974
0.88131 0.037603 0.86296
0.89441 0.037597 0.83878
0.88622 0.037601 0.85805
0.87444 0.037609 0.8905
0.89188 0.037606 0.86913
0.89486 0.037611 0.88914
0.87976 0.037611 0.90287
0.88099 0.037587 0.92846
0.89291 0.037613 0.90937
0.89644 0.037577 0.93007
0.87207 0.037552 0.94046
0.89786 0.033338 0.96102
0.90496 0.03755 0.03756
0.91185 0.03755 0.054387
0.92211 0.037531 0.038885
0.91486 0.037549 0.07583
0.90358 0.037544 0.090994
0.92836 0.037504 0.095223
0.91113 0.037539 0.10963
0.90923 0.037533 0.13027
0.92076 0.037528 0.10441
0.92322 0.037517 0.11903
0.90522 0.037531 0.13569
0.90752 0.037523 0.1598
0.92167 0.037514 0.14013
0.91287 0.037512 0.18931
0.9272 0.037491 0.17264
0.92984 0.037468 0.1975
0.91369 0.037504 0.20665
0.91111 0.037494 0.22382
0.92614 0.037465 0.2106
0.91782 0.037485 0.22775
0.9069 0.037477 0.24804
0.9266 0.037452 0.24435
0.92035 0.037461 0.2576
0.90646 0.037464 0.27166
0.92984 0.037422 0.28105
0.9287 0.037418 0.29525
0.90872 0.037438 0.32664
0.92123 0.037433 0.30364
0.91975 0.037427 0.32334
0.90061 0.03743 0.33745
0.90334 0.03742 0.36219
0.92679 0.037409 0.33796
0.9164 0.03742 0.35638
0.90202 0.037416 0.37245
0.90685 0.037414 0.39111
0.92172 0.037386 0.39543
0.92159 0.037384 0.40309
0.92768 0.037363 0.42953
0.90107 0.037408 0.45371
0.9239 0.037375 0.43432
0.90393 0.037422 0.47872
0.90133 0.037428 0.49437
0.92434 0.037379 0.47071
0.92165 0.037395 0.48454
0.90831 0.037435 0.50198
0.90955 0.037442 0.52163
0.92591 0.037393 0.51099
0.92333 0.037404 0.51801
0.92189 0.037417 0.53644
0.92403 0.037421 0.55304
0.91308 0.037481 0.59424
0.92372 0.037452 0.57378
0.92768 0.037464 0.59367
0.90884 0.037487 0.60348
0.90392 0.037496 0.62077
0.92093 0.037479 0.60455
0.92268 0.037482 0.61703
0.90259 0.037507 0.64216
0.93128 0.037453 0.64589
0.92209 0.037496 0.66177
0.9126 0.03753 0.68668
0.92404 0.037496 0.6798
0.92735 0.037487 0.69472
0.91187 0.037541 0.70373
0.92193 0.037517 0.70782
0.90899 0.037559 0.74011
0.91243 0.037567 0.75949
0.91918 0.037544 0.73615
0.91864 0.037561 0.76465
0.9137 0.037572 0.77178
0.91275 0.037578 0.78834
0.92529 0.037546 0.77595
0.92604 0.03755 0.7956
0.90431 0.037589 0.8157
0.91165 0.037591 0.82215
0.92045 0.03757 0.80309
0.91815 0.037585 0.82602
0.90555 0.0376 0.84531
0.90595 0.037605 0.862
0.92299 0.037566 0.83599
0.91869 0.037596 0.86153
0.91141 0.037609 0.87292
0.91873 0.037601 0.87157
0.93022 0.037567 0.88921
0.9071 0.037614 0.90949
0.90829 0.037574 0.92856
0.92021 0.0376 0.90851
0.92824 0.037536 0.92462
0.9068 0.037535 0.94068
0.91289 0.033347 0.95909
0.91868 0.037521 0.93917
0.92392 0.03334 0.96036
0.93748 0.037474 0.042261
0.93773 0.037473 0.05493
0.9539 0.033684 0.037309
0.95736 0.033374 0.061597
0.93467 0.037482 0.075102
0.95986 0.033342 0.088093
0.94655 0.037444 0.10672
0.95901 0.033348 0.12843
0.94632 0.03743 0.1462
0.94276 0.037442 0.15667
0.95824 0.033356 0.1417
0.95151 0.034757 0.15896
0.93565 0.037469 0.17265
0.9455 0.037426 0.19628
0.95465 0.033531 0.19771
0.93908 0.037425 0.20628
0.93904 0.037412 0.2291
0.96308 0.033334 0.2149
0.96078 0.033338 0.22193
0.93974 0.03742 0.24785
0.94597 0.037404 0.25327
0.96067 0.033338 0.23757
0.95184 0.034316 0.26437
0.94241 0.037398 0.27177
0.93862 0.037396 0.28868
0.95921 0.033345 0.27601
0.94003 0.037386 0.30257
0.9393 0.037385 0.33025
0.95401 0.033571 0.30216
0.96421 0.033334 0.32455
0.94403 0.037381 0.34203
0.94136 0.037376 0.35653
0.95793 0.033355 0.35922
0.93807 0.037364 0.36766
0.9456 0.037311 0.39638
0.96397 0.033334 0.37862
0.95068 0.034758 0.39513
0.94378 0.037313 0.40578
0.96316 0.033334 0.4086
0.95538 0.033425 0.42703
0.93922 0.037338 0.4431
0.94364 0.037329 0.44986
0.95222 0.033919 0.43387
0.95906 0.033344 0.45084
0.93694 0.037335 0.47054
0.96324 0.033334 0.47729
0.95405 0.033533 0.49291
0.94445 0.037323 0.5066
0.94037 0.037342 0.51998
0.95174 0.034142 0.50964
0.95913 0.033344 0.52463
0.93499 0.037378 0.55233
0.96413 0.033334 0.53699
0.95779 0.033358 0.55509
0.94219 0.037445 0.5916
0.93915 0.037449 0.6107
0.93942 0.037444 0.61968
0.95927 0.033345 0.62494
0.94313 0.037417 0.63681
0.96101 0.033337 0.6346
0.96342 0.033334 0.65713
0.9478 0.037403 0.67498
0.95968 0.033342 0.67315
0.95888 0.033348 0.69434
0.9399 0.037432 0.7127
0.93893 0.03744 0.72382
0.95373 0.033685 0.71451
0.95444 0.033562 0.71974
0.94287 0.037441 0.75515
0.95516 0.033483 0.74643
0.95941 0.033344 0.75541
0.94058 0.037505 0.779
0.94062 0.037499 0.79886
0.95737 0.033373 0.78712
0.93906 0.0375 0.80395
0.95378 0.033698 0.81219
0.95881 0.03335 0.83063
0.93753 0.037495 0.84608
0.96487 0.033334 0.85718
0.94227 0.03753 0.88602
0.95927 0.033346 0.87037
0.93733 0.037509 0.92185
0.9561 0.033423 0.90767
0.96453 0.033334 0.9204
0.93825 0.037456 0.93638
0.94189 0.033356 0.95829
0.9591 0.033347 0.94242
0.95403 0.033334 0.96274
