2635
1 1 1
0.034987 0.037627 0.044818
0.041055 0.037628 0.054121
0.062515 0.037628 0.035659
0.05853 0.037628 0.051356
0.046185 0.037629 0.068764
0.04364 0.037629 0.092978
0.059908 0.037629 0.080457
0.05636 0.037629 0.096635
0.038593 0.037628 0.11013
0.041302 0.03763 0.12002
0.063485 0.037628 0.10684
0.062998 0.037635 0.1423
0.040448 0.037626 0.18776
0.058493 0.037627 0.17777
0.061285 0.037626 0.19329
0.036176 0.037627 0.19804
0.040422 0.037628 0.2237
0.053408 0.037627 0.20306
0.05652 0.037628 0.21632
0.047889 0.037628 0.23264
0.042373 0.037629 0.25364
0.053043 0.037628 0.23895
0.061873 0.037628 0.25346
0.047366 0.03763 0.26539
0.046521 0.037633 0.28229
0.055873 0.037631 0.27432
0.063424 0.037632 0.28296
0.062195 0.037638 0.30375
0.057737 0.037641 0.31873
0.045215 0.037643 0.33984
0.062359 0.037644 0.3484
0.046192 0.037645 0.36971
0.045183 0.037647 0.38311
0.060789 0.037646 0.36759
0.056051 0.037652 0.38938
0.044529 0.037654 0.40004
0.037553 0.03766 0.41957
0.060388 0.037658 0.40282
0.054034 0.037662 0.41436
0.042297 0.037663 0.44288
0.058928 0.037667 0.44061
0.058058 0.037668 0.45698
0.041678 0.037666 0.47068
0.043506 0.037666 0.48574
0.051898 0.037669 0.4704
0.05747 0.037668 0.48942
0.03832 0.037655 0.50602
0.038019 0.037649 0.52763
0.054269 0.037658 0.50804
0.058511 0.037654 0.52665
0.045137 0.037648 0.5394
0.042861 0.037649 0.56568
0.060447 0.037653 0.53786
0.059132 0.037652 0.55908
0.037016 0.03765 0.5771
0.035893 0.037653 0.59994
0.051254 0.037652 0.57566
0.05319 0.037655 0.59617
0.043478 0.037653 0.60482
0.036219 0.03765 0.63238
0.051188 0.037655 0.61096
0.057152 0.037656 0.6239
0.051264 0.037648 0.652
0.053243 0.037649 0.66406
0.047356 0.037648 0.67596
0.052356 0.03765 0.67414
0.057931 0.037651 0.69183
0.035999 0.037641 0.73296
0.059796 0.037643 0.71627
0.05163 0.037642 0.7257
0.043464 0.03764 0.74915
0.037053 0.037639 0.76457
0.058951 0.03764 0.74593
0.051987 0.03764 0.76269
0.040806 0.037639 0.775
0.037232 0.037638 0.80103
0.058148 0.037639 0.78337
0.056234 0.037638 0.79302
0.039764 0.037636 0.82733
0.052849 0.037637 0.81555
0.058456 0.037635 0.83268
0.038062 0.037636 0.84409
0.03503 0.037633 0.86264
0.053757 0.037636 0.83853
0.056122 0.037634 0.86062
0.035589 0.037632 0.87225
0.045174 0.037633 0.89327
0.058108 0.03763 0.87951
0.056594 0.037631 0.88954
0.041967 0.03764 0.91248
0.0371 0.033365 0.95627
0.058726 0.037529 0.94491
0.061194 0.033487 0.95428
0.079413 0.037628 0.045212
0.075278 0.037628 0.059532
0.078311 0.037627 0.087998
0.094544 0.037627 0.073713
0.091875 0.037627 0.087958
0.071414 0.037627 0.10596
0.072503 0.037629 0.12868
0.085395 0.037626 0.1084
0.089623 0.037626 0.1218
0.070014 0.037632 0.1395
0.08975 0.037627 0.13588
0.093143 0.037627 0.15718
0.072137 0.037627 0.17498
0.068143 0.037626 0.18977
0.094627 0.037623 0.17481
0.095141 0.037623 0.18993
0.07744 0.037626 0.2046
0.076093 0.037626 0.22137
0.089025 0.037626 0.20967
0.097358 0.037624 0.22522
0.069831 0.037626 0.24233
0.072419 0.037626 0.24869
0.085758 0.037625 0.2429
0.090161 0.037625 0.25102
0.076197 0.03763 0.27136
0.075237 0.037633 0.28854
0.09582 0.037627 0.27137
0.068295 0.037637 0.30503
0.06865 0.03764 0.32394
0.093046 0.037632 0.30348
0.090882 0.037637 0.32446
0.071426 0.037642 0.3429
0.089857 0.037641 0.33875
0.088489 0.037645 0.35362
0.075765 0.037647 0.37656
0.091436 0.037649 0.3699
0.095033 0.037653 0.3816
0.069106 0.037661 0.40807
0.073037 0.037666 0.42142
0.092791 0.037671 0.4102
0.085898 0.037673 0.41686
0.068743 0.03767 0.44368
0.083212 0.037675 0.43549
0.084372 0.03768 0.45469
0.073411 0.037673 0.47282
0.077426 0.037674 0.48349
0.089159 0.037684 0.47869
0.088317 0.037681 0.48972
0.068535 0.037665 0.50156
0.084342 0.037671 0.51889
0.076363 0.037659 0.53596
0.071428 0.037655 0.56464
0.081671 0.03766 0.56228
0.073256 0.037656 0.57087
0.068986 0.037658 0.59987
0.084688 0.037665 0.57118
0.087445 0.037666 0.59521
0.07379 0.03766 0.62988
0.08908 0.037666 0.61303
0.094078 0.037664 0.62252
0.072556 0.037657 0.64302
0.092094 0.037658 0.66626
0.067988 0.037655 0.68284
0.085562 0.03766 0.67526
0.088791 0.037655 0.69486
0.076168 0.037646 0.71269
0.067628 0.037641 0.73356
0.090892 0.037646 0.72519
0.071087 0.03764 0.74612
0.076072 0.037639 0.75835
0.088062 0.037642 0.74223
0.085119 0.03764 0.7631
0.071431 0.037639 0.77417
0.073082 0.037638 0.79977
0.094284 0.037638 0.78557
0.072453 0.037635 0.81655
0.080328 0.037633 0.82394
0.093093 0.037636 0.80747
0.090261 0.037634 0.83278
0.074798 0.037635 0.84271
0.07469 0.037633 0.86195
0.090082 0.037632 0.86571
0.07683 0.037628 0.88286
0.088647 0.03763 0.87395
0.085407 0.037629 0.89049
0.07154 0.037636 0.90989
0.077126 0.037613 0.93095
0.089178 0.037632 0.90287
0.07153 0.037585 0.9387
0.086187 0.037601 0.94737
0.11095 0.037623 0.039032
0.10634 0.037625 0.057393
0.12705 0.037621 0.037885
0.12249 0.037622 0.052241
0.10312 0.037626 0.068376
0.10759 0.037625 0.094307
0.1248 0.037622 0.096543
0.10602 0.037623 0.11024
0.11428 0.037622 0.12858
0.12579 0.037619 0.11825
0.1081 0.037624 0.14098
0.10315 0.037624 0.15558
0.1274 0.03762 0.15566
0.10828 0.037621 0.17245
0.10702 0.037621 0.18712
0.12831 0.037618 0.16666
0.11956 0.037619 0.19326
0.11357 0.03762 0.21623
0.11846 0.037619 0.20048
0.11766 0.03762 0.2266
0.10636 0.037622 0.23766
0.10125 0.037623 0.25524
0.12153 0.03762 0.23693
0.10719 0.037623 0.27265
0.10686 0.037624 0.28525
0.12119 0.037621 0.27626
0.12937 0.037617 0.28278
0.1073 0.037624 0.30267
0.10785 0.037629 0.32494
0.12882 0.037621 0.30807
0.1172 0.037624 0.31673
0.10455 0.037633 0.33267
0.10544 0.037642 0.35714
0.11615 0.037639 0.35211
0.099602 0.037646 0.36414
0.11652 0.03765 0.36845
0.12216 0.037671 0.39211
0.10257 0.037663 0.39686
0.10194 0.037677 0.4239
0.11277 0.03768 0.42407
0.098076 0.037681 0.43637
0.098935 0.037684 0.44839
0.11317 0.037689 0.4429
0.11481 0.037695 0.45545
0.098138 0.037685 0.46933
0.10615 0.037685 0.48603
0.11576 0.037698 0.47063
0.12128 0.037705 0.48798
0.10239 0.037678 0.50236
0.097879 0.037672 0.52457
0.118 0.037686 0.52484
0.10375 0.037675 0.53742
0.099497 0.037674 0.55932
0.12001 0.03769 0.54281
0.097744 0.03767 0.5824
0.099965 0.037669 0.5956
0.11698 0.037684 0.57603
0.11865 0.037675 0.60148
0.10788 0.037662 0.6173
0.10809 0.037658 0.62728
0.12461 0.03766 0.63257
0.10535 0.037654 0.64635
0.10507 0.037652 0.65937
0.11836 0.037657 0.641
0.11561 0.037649 0.66813
0.10409 0.037651 0.68467
0.12123 0.03765 0.68443
0.10736 0.037649 0.72978
0.12618 0.037649 0.70821
0.12773 0.037645 0.73554
0.10179 0.037644 0.74067
0.1059 0.03764 0.75699
0.12045 0.037638 0.76517
0.10749 0.037637 0.7761
0.12838 0.037633 0.78003
0.11816 0.037633 0.7921
0.10937 0.037634 0.83042
0.11821 0.037634 0.80591
0.1216 0.037632 0.83434
0.11074 0.037633 0.84021
0.1267 0.03763 0.84347
0.12654 0.037627 0.85695
0.1091 0.037628 0.87653
0.11284 0.037628 0.89292
0.12931 0.037626 0.88321
0.12282 0.037628 0.89771
0.1038 0.037631 0.91001
0.12215 0.037629 0.91226
0.1206 0.037605 0.92544
0.10541 0.037585 0.93849
0.13038 0.037531 0.94645
0.12877 0.033333 0.96457
0.14236 0.03762 0.039788
0.15787 0.037617 0.035266
0.1595 0.037617 0.053342
0.13499 0.037621 0.076231
0.14032 0.037618 0.095389
0.1532 0.037617 0.071963
0.15755 0.037615 0.090514
0.13991 0.037616 0.10642
0.14151 0.037615 0.11776
0.15209 0.037612 0.11106
0.15638 0.037612 0.11663
0.13491 0.037618 0.1377
0.13591 0.037618 0.15931
0.16059 0.037613 0.15296
0.13444 0.037615 0.17805
0.15846 0.037611 0.17258
0.1572 0.03761 0.18415
0.13692 0.037614 0.20511
0.14288 0.037612 0.22485
0.16003 0.037606 0.20643
0.13597 0.037614 0.23737
0.14598 0.03761 0.25257
0.15191 0.03761 0.23045
0.15959 0.037605 0.25862
0.13839 0.037613 0.26671
0.13761 0.037615 0.28843
0.15677 0.037607 0.26645
0.15327 0.037611 0.28512
0.14523 0.037616 0.30216
0.13293 0.037622 0.31303
0.15871 0.037613 0.29629
0.15043 0.037623 0.31925
0.13498 0.037634 0.34119
0.144 0.037635 0.34778
0.15505 0.03763 0.32963
0.14022 0.03765 0.37197
0.13441 0.037657 0.3808
0.15753 0.037657 0.37449
0.12977 0.037691 0.41922
0.14349 0.037696 0.42253
0.13653 0.0377 0.43831
0.1298 0.037705 0.45237
0.14816 0.037711 0.4408
0.14623 0.037716 0.45076
0.13039 0.037711 0.46816
0.12855 0.037711 0.48518
0.14761 0.037731 0.47041
0.13691 0.037694 0.50896
0.1362 0.037686 0.52354
0.15292 0.03772 0.50027
0.1303 0.037685 0.5453
0.13689 0.037676 0.56752
0.1438 0.037685 0.54981
0.15294 0.037703 0.55448
0.13786 0.03767 0.584
0.13319 0.03767 0.59682
0.15244 0.037681 0.58403
0.15154 0.037675 0.59639
0.13279 0.037665 0.61396
0.13572 0.03766 0.63152
0.15385 0.037669 0.61881
0.14945 0.037666 0.629
0.13934 0.037652 0.66282
0.1582 0.037664 0.64814
0.14884 0.037655 0.6642
0.13695 0.037649 0.67589
0.14297 0.037644 0.69631
0.14717 0.037648 0.67972
0.14977 0.037644 0.70385
0.13173 0.037646 0.70737
0.14313 0.037638 0.73507
0.15423 0.037645 0.71028
0.14996 0.037637 0.73492
0.14322 0.037635 0.75043
0.137 0.037633 0.76767
0.15559 0.037636 0.74142
0.1593 0.03763 0.75773
0.14003 0.037628 0.79438
0.15346 0.037629 0.77791
0.15499 0.037627 0.79996
0.14554 0.037628 0.80813
0.14296 0.037628 0.8291
0.16395 0.037625 0.81554
0.15629 0.037625 0.82943
0.1411 0.037624 0.84806
0.14768 0.037621 0.86303
0.16081 0.037619 0.84689
0.16091 0.037618 0.8623
0.13764 0.037625 0.87715
0.15763 0.037621 0.8813
0.15603 0.037623 0.89794
0.13571 0.037626 0.90921
0.14075 0.037584 0.92844
0.1581 0.037623 0.91125
0.1557 0.03759 0.92539
0.13695 0.033899 0.95259
0.15946 0.037525 0.94077
0.15911 0.033334 0.96144
0.17161 0.037614 0.044842
0.17856 0.037611 0.0612
0.18787 0.03761 0.04554
0.18689 0.03761 0.055124
0.17138 0.037613 0.076347
0.17517 0.037612 0.092049
0.19049 0.037609 0.077911
0.19021 0.037608 0.093162
0.17051 0.037611 0.10599
0.17475 0.037608 0.12884
0.18489 0.037609 0.10745
0.19188 0.037607 0.11811
0.17335 0.037608 0.14075
0.18017 0.037605 0.15404
0.18829 0.037603 0.14535
0.19267 0.037602 0.15058
0.17996 0.0376 0.19341
0.19158 0.037599 0.17223
0.18706 0.037601 0.18879
0.17623 0.037597 0.22638
0.18851 0.037598 0.2015
0.18781 0.037598 0.21975
0.17404 0.037596 0.23867
0.17637 0.037593 0.25658
0.18849 0.037589 0.24856
0.18995 0.037587 0.26965
0.18543 0.037597 0.28746
0.16744 0.037609 0.29555
0.17374 0.037617 0.31238
0.18756 0.037612 0.30669
0.1898 0.037623 0.32306
0.16577 0.037631 0.33945
0.16839 0.037634 0.34621
0.18319 0.037628 0.33468
0.18606 0.037638 0.34398
0.17388 0.037653 0.36853
0.18392 0.037665 0.37121
0.18003 0.037669 0.38813
0.16721 0.037683 0.42278
0.18747 0.037683 0.39985
0.18681 0.037697 0.41861
0.16651 0.037696 0.4357
0.16685 0.037709 0.45078
0.18204 0.037707 0.4322
0.17478 0.037721 0.45715
0.16247 0.037732 0.48535
0.17557 0.037747 0.47601
0.17812 0.037759 0.48438
0.1612 0.03772 0.50127
0.16096 0.037711 0.52971
0.17954 0.037754 0.50723
0.17716 0.037743 0.52945
0.1613 0.037712 0.54509
0.17337 0.037716 0.56282
0.16918 0.037688 0.58019
0.16041 0.037678 0.59326
0.18124 0.037705 0.58631
0.17619 0.037678 0.59869
0.16965 0.037666 0.61007
0.16417 0.037663 0.63164
0.17718 0.037672 0.60826
0.17772 0.037664 0.6274
0.16494 0.037663 0.65018
0.16709 0.03766 0.66012
0.18962 0.037684 0.65443
0.19037 0.037676 0.666
0.16754 0.037654 0.67804
0.16679 0.037649 0.69385
0.18009 0.037657 0.67592
0.18345 0.037653 0.69575
0.17341 0.037641 0.72082
0.17032 0.037636 0.73241
0.18342 0.037647 0.70866
0.18453 0.037633 0.73721
0.17709 0.037625 0.75154
0.17029 0.037625 0.75914
0.18592 0.037626 0.75088
0.16994 0.037626 0.7936
0.19042 0.037625 0.77378
0.19004 0.037624 0.79982
0.17533 0.037624 0.80811
0.18862 0.037621 0.81574
0.19033 0.037616 0.83032
0.18 0.037614 0.84063
0.17095 0.037614 0.85696
0.18911 0.037611 0.84744
0.18722 0.03761 0.85443
0.16912 0.037617 0.87598
0.16904 0.037618 0.89219
0.19509 0.037608 0.87078
0.19432 0.037609 0.89014
0.17106 0.03757 0.92908
0.18627 0.037561 0.93006
0.1808 0.033586 0.95357
0.18794 0.037525 0.93846
0.1931 0.033369 0.95607
0.20251 0.037607 0.044293
0.21082 0.037605 0.058492
0.22433 0.037603 0.034974
0.22241 0.037603 0.056267
0.20952 0.037604 0.068611
0.20626 0.037604 0.088395
0.22692 0.0376 0.070745
0.22352 0.037599 0.093143
0.21196 0.037601 0.10048
0.20601 0.037601 0.12648
0.22874 0.037598 0.10103
0.22053 0.037598 0.12103
0.205 0.037599 0.14166
0.20073 0.037594 0.17312
0.21113 0.03759 0.1893
0.2273 0.03758 0.17214
0.22972 0.037578 0.18314
0.20645 0.037592 0.19996
0.22393 0.037585 0.19986
0.21248 0.037584 0.23771
0.22621 0.037587 0.23265
0.22399 0.037588 0.25598
0.20582 0.037571 0.27203
0.20082 0.037574 0.27996
0.22467 0.037578 0.26654
0.21804 0.03756 0.28391
0.20881 0.037573 0.30395
0.20612 0.037599 0.3234
0.21569 0.037568 0.31213
0.19931 0.037617 0.32916
0.20349 0.037637 0.35154
0.21596 0.037599 0.32835
0.22478 0.037629 0.3447
0.20656 0.037637 0.36117
0.20282 0.037652 0.37877
0.21866 0.037638 0.35943
0.21068 0.037649 0.38525
0.19972 0.037681 0.40327
0.20843 0.037671 0.39996
0.1985 0.037715 0.42665
0.1887 0.037749 0.45375
0.2118 0.037741 0.42789
0.21052 0.037786 0.44654
0.19342 0.037777 0.46585
0.19534 0.037799 0.48709
0.19981 0.037803 0.47388
0.20339 0.037834 0.48742
0.19138 0.037786 0.50924
0.19327 0.037778 0.52304
0.1942 0.037763 0.54046
0.19533 0.037753 0.5551
0.20555 0.037776 0.55596
0.19384 0.037721 0.58604
0.1907 0.037711 0.59849
0.20973 0.037756 0.58386
0.20984 0.037752 0.5909
0.19179 0.037702 0.61112
0.19431 0.037695 0.63625
0.21748 0.037726 0.63635
0.19499 0.037688 0.65272
0.20435 0.037684 0.65924
0.21727 0.037716 0.645
0.2052 0.037666 0.67745
0.1999 0.037651 0.69942
0.21615 0.037669 0.67881
0.21512 0.03765 0.70064
0.19915 0.037641 0.71306
0.19919 0.037629 0.73186
0.21608 0.037636 0.71479
0.21856 0.037624 0.72576
0.20344 0.03762 0.7632
0.2199 0.037619 0.7516
0.20294 0.037622 0.78441
0.20996 0.037617 0.79592
0.22094 0.037618 0.77542
0.20467 0.037612 0.83391
0.2278 0.037611 0.81817
0.22453 0.037608 0.83255
0.20519 0.037608 0.84797
0.20869 0.037604 0.86119
0.22299 0.037607 0.83897
0.22431 0.0376 0.86021
0.2077 0.037604 0.87646
0.21016 0.037604 0.89366
0.22059 0.0376 0.87794
0.2255 0.037599 0.89643
0.21425 0.037565 0.92744
0.22532 0.037605 0.91398
0.20222 0.037484 0.94688
0.21371 0.033334 0.96262
0.22193 0.037501 0.94262
0.22232 0.033349 0.95712
0.23493 0.0376 0.034982
0.23859 0.037598 0.06121
0.25238 0.037596 0.042385
0.2606 0.037593 0.055932
0.24032 0.037597 0.067323
0.23661 0.037597 0.084013
0.25648 0.037591 0.075315
0.25982 0.03759 0.084679
0.24637 0.037595 0.11796
0.25624 0.037591 0.10039
0.25179 0.037592 0.12463
0.23601 0.03759 0.14303
0.25526 0.037587 0.1376
0.26121 0.037579 0.15408
0.23641 0.037575 0.17435
0.24663 0.03757 0.18936
0.25393 0.037569 0.17447
0.25989 0.037567 0.18405
0.24008 0.037573 0.20867
0.23391 0.037582 0.22669
0.25672 0.037563 0.20382
0.23377 0.037586 0.24161
0.24087 0.037586 0.24725
0.24447 0.037572 0.26994
0.24392 0.037564 0.28756
0.26685 0.037783 0.27946
0.26285 0.037682 0.29721
0.25672 0.037594 0.31307
0.23265 0.037625 0.34741
0.25172 0.03761 0.33481
0.25645 0.037653 0.35198
0.23552 0.03763 0.35908
0.24735 0.037644 0.36472
0.24243 0.037646 0.3788
0.22544 0.037686 0.39815
0.23438 0.037708 0.41136
0.24489 0.037681 0.39135
0.22794 0.037739 0.42539
0.22364 0.037792 0.44532
0.24425 0.037769 0.42863
0.23751 0.037813 0.4481
0.21625 0.037869 0.47118
0.23085 0.037873 0.46543
0.23542 0.03797 0.48127
0.22563 0.037881 0.50303
0.23002 0.037889 0.53067
0.22143 0.037834 0.54741
0.21795 0.037807 0.56629
0.22782 0.037782 0.59381
0.23693 0.037784 0.6013
0.23279 0.03774 0.61321
0.23116 0.037701 0.63957
0.23918 0.037732 0.61763
0.24494 0.037701 0.63524
0.22829 0.037687 0.65402
0.2368 0.037667 0.6643
0.24629 0.037673 0.65615
0.24801 0.037673 0.67039
0.23753 0.037664 0.68688
0.2563 0.037666 0.69504
0.23879 0.037625 0.72182
0.25036 0.037638 0.71283
0.25239 0.037619 0.73175
0.23879 0.037614 0.74478
0.23626 0.037611 0.76189
0.25382 0.037614 0.74991
0.26285 0.037609 0.76615
0.23362 0.037615 0.78172
0.24216 0.037609 0.79392
0.25835 0.037609 0.77555
0.24264 0.037607 0.8093
0.26064 0.0376 0.81065
0.25402 0.037599 0.82978
0.24368 0.037599 0.84543
0.23908 0.037595 0.86088
0.23749 0.037593 0.87894
0.23637 0.037592 0.88826
0.25949 0.037585 0.87711
0.24673 0.037593 0.91252
0.23731 0.037557 0.9286
0.25277 0.037588 0.90336
0.26146 0.037543 0.93061
0.24433 0.033334 0.96131
0.25663 0.037527 0.93614
0.27698 0.037588 0.056291
0.29747 0.037581 0.060802
0.27882 0.037583 0.079289
0.27203 0.037586 0.094027
0.29603 0.03758 0.07398
0.27311 0.037585 0.10884
0.2927 0.037579 0.10385
0.28792 0.037578 0.12269
0.27387 0.037577 0.13576
0.27133 0.037572 0.15658
0.2954 0.037567 0.13751
0.29689 0.037563 0.15766
0.26776 0.037567 0.16947
0.27304 0.037561 0.18258
0.28846 0.037551 0.19304
0.27639 0.037537 0.21678
0.29078 0.037545 0.19821
0.28825 0.037523 0.22472
0.27411 0.037664 0.26381
0.28828 0.037503 0.24032
0.2889 0.037647 0.26217
0.28438 0.037827 0.27146
0.27049 0.037738 0.29766
0.27105 0.037644 0.30749
0.29063 0.037615 0.31143
0.26573 0.037609 0.32894
0.26863 0.037657 0.35227
0.27839 0.037603 0.33504
0.28049 0.037652 0.34765
0.26673 0.037668 0.35837
0.26619 0.037694 0.37802
0.28194 0.037713 0.36889
0.26132 0.037729 0.39814
0.2568 0.037761 0.41291
0.2769 0.037769 0.40289
0.2702 0.03778 0.41773
0.24675 0.037867 0.45274
0.26714 0.037785 0.42563
0.27261 0.037855 0.44393
0.24277 0.037955 0.46701
0.24465 0.038018 0.48465
0.25857 0.038111 0.47927
0.24197 0.037982 0.50744
0.25309 0.037978 0.53299
0.24673 0.037944 0.53914
0.25111 0.037909 0.57142
0.25585 0.037947 0.55049
0.26624 0.037993 0.56205
0.25593 0.037898 0.57829
0.2532 0.037802 0.60612
0.26369 0.037903 0.58119
0.26637 0.037844 0.59456
0.25963 0.037751 0.61706
0.26145 0.037708 0.63585
0.27653 0.037703 0.63194
0.26517 0.037686 0.65379
0.26385 0.037682 0.66959
0.278 0.03768 0.65365
0.28139 0.037672 0.6705
0.26382 0.037682 0.67792
0.27277 0.037631 0.6986
0.28835 0.037679 0.67957
0.28523 0.037616 0.70524
0.27133 0.037601 0.71901
0.27531 0.037593 0.72661
0.29377 0.037612 0.7298
0.27881 0.037615 0.7531
0.27496 0.037604 0.76942
0.29354 0.037628 0.74571
0.26907 0.037603 0.77715
0.27742 0.037589 0.79471
0.29525 0.037594 0.78124
0.29126 0.037589 0.79853
0.29298 0.037593 0.81535
0.28563 0.037594 0.8305
0.27816 0.037592 0.84779
0.29676 0.037585 0.84502
0.28876 0.037583 0.85992
0.27225 0.03758 0.88127
0.28205 0.037576 0.89344
0.29361 0.037573 0.88046
0.2866 0.037575 0.89444
0.29808 0.037574 0.90991
0.2956 0.037549 0.92624
0.27826 0.037475 0.94634
0.28098 0.033389 0.9554
0.29848 0.037524 0.93594
0.28645 0.033335 0.96023
0.30365 0.03758 0.045304
0.30716 0.037579 0.058351
0.3304 0.037572 0.044197
0.33157 0.037573 0.058187
0.30563 0.037577 0.079393
0.30969 0.037578 0.086809
0.32631 0.037574 0.07
0.32227 0.037575 0.093315
0.30774 0.037575 0.10755
0.30553 0.037571 0.12518
0.33059 0.03757 0.1027
0.32089 0.037569 0.12286
0.30405 0.037562 0.14336
0.30714 0.037564 0.15467
0.32395 0.037559 0.14192
0.32473 0.037562 0.15123
0.30503 0.037555 0.17586
0.30773 0.037549 0.19056
0.32493 0.037554 0.16971
0.30805 0.037531 0.22082
0.32872 0.037547 0.20585
0.32714 0.037546 0.21417
0.29807 0.037509 0.24302
0.30403 0.037531 0.25358
0.3136 0.037542 0.257
0.30046 0.03765 0.26794
0.29285 0.037904 0.28505
0.31103 0.037561 0.26553
0.31526 0.037538 0.28018
0.29513 0.037723 0.29865
0.29618 0.037637 0.3083
0.31235 0.037579 0.30232
0.31357 0.037585 0.3098
0.30155 0.037616 0.32609
0.2929 0.03768 0.34975
0.31413 0.037629 0.33363
0.32091 0.037688 0.34878
0.29718 0.037702 0.35479
0.29095 0.037778 0.38312
0.30773 0.037735 0.36392
0.31404 0.037845 0.378
0.28817 0.037798 0.40155
0.29528 0.037814 0.41059
0.30363 0.037809 0.39816
0.30635 0.037853 0.41425
0.28618 0.037837 0.43107
0.27832 0.037906 0.44864
0.30554 0.037979 0.43014
0.3067 0.038131 0.44018
0.27227 0.038188 0.47574
0.2869 0.038104 0.46182
0.27473 0.038218 0.48593
0.26918 0.03822 0.49994
0.26319 0.03817 0.51863
0.2797 0.038373 0.50118
0.27598 0.038129 0.54003
0.28526 0.038044 0.56636
0.27647 0.037927 0.58303
0.30357 0.037852 0.59967
0.28522 0.037736 0.62328
0.29025 0.037712 0.6365
0.31465 0.037807 0.63346
0.31495 0.037775 0.65966
0.31866 0.03778 0.67348
0.32524 0.037698 0.70325
0.3268 0.03766 0.72153
0.32044 0.03765 0.73303
0.30601 0.037635 0.74227
0.31249 0.037604 0.76141
0.32379 0.037619 0.74885
0.32216 0.037598 0.76623
0.31274 0.037595 0.78094
0.30515 0.037588 0.79432
0.3199 0.037592 0.78509
0.32041 0.037588 0.80121
0.30375 0.03759 0.80749
0.32267 0.037569 0.82791
0.30575 0.037578 0.8422
0.31223 0.037567 0.85942
0.30469 0.037567 0.88276
0.31254 0.037563 0.89047
0.3246 0.037561 0.87182
0.32277 0.03756 0.89682
0.3058 0.03757 0.91317
0.31523 0.03755 0.92914
0.33206 0.037558 0.90595
0.32302 0.037552 0.92288
0.30689 0.037515 0.94552
0.32528 0.037521 0.94273
0.34202 0.037568 0.04064
0.34106 0.03757 0.055628
0.36617 0.037563 0.040761
0.35532 0.037567 0.051354
0.34149 0.037569 0.073287
0.34097 0.037571 0.085585
0.35684 0.037567 0.083433
0.343 0.037565 0.10411
0.33772 0.037566 0.12137
0.35818 0.037559 0.12033
0.34041 0.03756 0.13809
0.34447 0.037563 0.15035
0.35699 0.037559 0.13983
0.36363 0.037562 0.14823
0.34467 0.037558 0.16806
0.3445 0.037554 0.17892
0.35199 0.037562 0.16368
0.35679 0.037562 0.17849
0.33654 0.037555 0.19876
0.33436 0.037559 0.21921
0.35235 0.037568 0.19754
0.34107 0.037563 0.23187
0.33526 0.037562 0.25518
0.35167 0.037576 0.23383
0.35822 0.0376 0.24889
0.34064 0.037547 0.27086
0.33786 0.037546 0.28067
0.35598 0.03759 0.26713
0.34823 0.037555 0.27561
0.33113 0.037572 0.29429
0.33309 0.037638 0.31679
0.34803 0.037589 0.29433
0.34409 0.037637 0.31717
0.33783 0.037669 0.32422
0.32896 0.03768 0.343
0.34361 0.037723 0.33384
0.35493 0.038179 0.36113
0.34656 0.038008 0.3751
0.32151 0.037868 0.39706
0.31795 0.037887 0.41496
0.33311 0.037874 0.38876
0.31797 0.038141 0.43091
0.32794 0.038031 0.42601
0.29524 0.038247 0.46193
0.28893 0.038392 0.48742
0.30154 0.038463 0.47866
0.28946 0.03845 0.49929
0.29247 0.038471 0.49965
0.30278 0.038528 0.53193
0.29759 0.038083 0.5717
0.30564 0.038402 0.54782
0.31217 0.038096 0.56997
0.31747 0.037882 0.59368
0.31474 0.037842 0.61113
0.31737 0.037831 0.61897
0.32568 0.037824 0.63654
0.33859 0.037893 0.6177
0.34658 0.037863 0.63347
0.33573 0.037785 0.65999
0.32621 0.037783 0.67384
0.34847 0.037804 0.65566
0.34533 0.037759 0.6708
0.33204 0.037696 0.69868
0.34894 0.037721 0.68251
0.35657 0.037657 0.70466
0.33141 0.037673 0.71539
0.34001 0.03763 0.72782
0.35527 0.037648 0.7161
0.35004 0.037618 0.73698
0.33961 0.037614 0.74333
0.3417 0.037592 0.76904
0.35349 0.037594 0.748
0.35688 0.037589 0.76393
0.35546 0.037596 0.78018
0.35676 0.037571 0.80134
0.34819 0.037563 0.81432
0.33735 0.037561 0.82205
0.35774 0.037553 0.82516
0.3479 0.037562 0.84324
0.34555 0.037556 0.85997
0.36499 0.037554 0.8369
0.36397 0.037548 0.86053
0.33971 0.037557 0.87851
0.34306 0.037553 0.89229
0.35613 0.037547 0.88688
0.34815 0.037552 0.90948
0.3414 0.037524 0.92683
0.35589 0.037549 0.91242
0.35584 0.037521 0.92378
0.34759 0.037479 0.93813
0.33922 0.033339 0.95836
0.36258 0.037475 0.93787
0.35446 0.033334 0.96256
0.37313 0.037562 0.035104
0.38302 0.037562 0.055902
0.39189 0.037558 0.040892
0.39345 0.037566 0.0702
0.39778 0.037569 0.09152
0.37321 0.037557 0.10307
0.38421 0.037546 0.1154
0.39736 0.037552 0.10686
0.39205 0.037548 0.11485
0.37206 0.037555 0.14232
0.37299 0.037568 0.15548
0.39701 0.037553 0.13547
0.37939 0.037571 0.16524
0.37366 0.037573 0.17731
0.39415 0.037595 0.18744
0.37397 0.037586 0.19571
0.37676 0.03759 0.21204
0.38894 0.037591 0.2005
0.38844 0.037594 0.2101
0.37119 0.03759 0.23668
0.36827 0.037609 0.24826
0.39524 0.037616 0.22806
0.39123 0.037643 0.25082
0.36666 0.037619 0.26332
0.36542 0.037626 0.28542
0.3906 0.037654 0.26737
0.37843 0.037666 0.28209
0.37141 0.037665 0.30757
0.38489 0.037707 0.29465
0.38344 0.037721 0.3042
0.36 0.037683 0.32418
0.36519 0.038018 0.34599
0.35844 0.038248 0.36783
0.37585 0.038192 0.35413
0.35713 0.038083 0.38354
0.36419 0.038171 0.38022
0.35805 0.037969 0.39609
0.33958 0.038142 0.43005
0.33365 0.038359 0.44101
0.35072 0.03798 0.41884
0.33674 0.038355 0.44443
0.31668 0.038733 0.45741
0.31654 0.038605 0.47362
0.30142 0.038746 0.50799
0.31247 0.038474 0.54023
0.30921 0.038828 0.50369
0.31636 0.038461 0.54174
0.32528 0.038226 0.56276
0.32856 0.038072 0.57578
0.33733 0.037997 0.59496
0.34415 0.037939 0.61235
0.34995 0.038049 0.58966
0.36548 0.038104 0.61427
0.35241 0.03788 0.63066
0.3539 0.037866 0.63885
0.36608 0.037927 0.63039
0.37341 0.037921 0.64058
0.35622 0.037798 0.65703
0.36129 0.037737 0.67641
0.38416 0.037871 0.65475
0.38709 0.037793 0.66502
0.36316 0.037687 0.68746
0.37972 0.037747 0.67934
0.38651 0.037704 0.69997
0.3801 0.037624 0.73225
0.39494 0.037674 0.71273
0.38917 0.037619 0.73255
0.37807 0.037581 0.75249
0.36944 0.037583 0.75872
0.38598 0.037589 0.74896
0.3821 0.037572 0.78077
0.37964 0.037557 0.79878
0.38868 0.037579 0.77563
0.37907 0.037554 0.80854
0.3727 0.037548 0.83009
0.37583 0.037549 0.83795
0.37438 0.037541 0.85541
0.39002 0.037542 0.83798
0.39129 0.037536 0.86295
0.37681 0.037545 0.87513
0.37235 0.037542 0.89443
0.39411 0.037532 0.89768
0.37628 0.03754 0.90905
0.3831 0.037504 0.92796
0.38961 0.037534 0.90834
0.39668 0.037495 0.93052
0.38022 0.037471 0.94137
0.37426 0.033484 0.95391
0.39318 0.037469 0.94207
0.39928 0.033413 0.9547
0.41678 0.037558 0.036648
0.4223 0.037557 0.041422
0.42381 0.037565 0.064314
0.40801 0.037572 0.080034
0.42932 0.037565 0.073369
0.43651 0.037633 0.095657
0.41972 0.03755 0.10602
0.40952 0.037539 0.11574
0.42763 0.037602 0.10482
0.4289 0.037621 0.12151
0.41519 0.037559 0.13913
0.40867 0.037579 0.15542
0.43012 0.037581 0.14465
0.4117 0.037578 0.16403
0.40942 0.03759 0.18456
0.42262 0.037573 0.16955
0.42451 0.037573 0.17624
0.41244 0.037626 0.21911
0.42535 0.037585 0.19935
0.4303 0.037586 0.20628
0.39851 0.03762 0.23333
0.40911 0.037682 0.25037
0.42922 0.03764 0.22409
0.40699 0.037683 0.26516
0.40259 0.037684 0.27385
0.42524 0.037751 0.27638
0.40717 0.037735 0.29455
0.3977 0.037769 0.30686
0.42164 0.037758 0.28392
0.41575 0.037762 0.29956
0.39655 0.037822 0.32442
0.39874 0.037904 0.33772
0.4168 0.037865 0.31701
0.40622 0.037954 0.34043
0.38278 0.038278 0.36381
0.41123 0.038027 0.34657
0.37299 0.038256 0.37703
0.3694 0.03799 0.39731
0.39467 0.038144 0.37524
0.38596 0.037992 0.38837
0.36916 0.037891 0.41738
0.36161 0.037995 0.43413
0.3821 0.037949 0.40037
0.34175 0.038305 0.45177
0.3206 0.038463 0.47302
0.35939 0.037728 0.44723
0.32337 0.038128 0.4845
0.31853 0.038477 0.49405
0.32072 0.03857 0.52902
0.32258 0.037858 0.5007
0.33345 0.038069 0.53998
0.35185 0.037995 0.56697
0.37151 0.038006 0.57864
0.373 0.038307 0.60883
0.40176 0.038195 0.62303
0.38382 0.038083 0.62895
0.39408 0.037941 0.6471
0.40532 0.038101 0.631
0.3973 0.037842 0.65591
0.40479 0.037753 0.66661
0.4125 0.037818 0.65201
0.42252 0.037709 0.6619
0.39754 0.037731 0.68577
0.405 0.037687 0.69368
0.42529 0.037723 0.68113
0.42694 0.037648 0.69653
0.41188 0.03764 0.71386
0.40672 0.037612 0.7264
0.42525 0.037589 0.72296
0.40673 0.037572 0.75718
0.42515 0.037566 0.74419
0.41981 0.037573 0.75982
0.41163 0.03756 0.7768
0.40384 0.037544 0.79671
0.42897 0.037541 0.77742
0.4321 0.03753 0.79304
0.41611 0.037524 0.81426
0.4331 0.037526 0.80592
0.42065 0.037519 0.82264
0.40663 0.037533 0.83798
0.42576 0.037518 0.85934
0.41437 0.037525 0.8788
0.40992 0.037524 0.89668
0.42919 0.037517 0.87899
0.42394 0.037515 0.88787
0.41157 0.037525 0.90684
0.40975 0.037493 0.92964
0.42882 0.037492 0.92704
0.40446 0.037463 0.94469
0.42 0.037475 0.93764
0.42953 0.033334 0.96111
0.43989 0.037558 0.041667
0.4457 0.037557 0.062173
0.45841 0.037556 0.045369
0.44061 0.037557 0.072531
0.44249 0.037644 0.094769
0.46505 0.037546 0.082078
0.4589 0.037722 0.10021
0.4434 0.037891 0.11695
0.46138 0.037785 0.1063
0.44916 0.037829 0.12864
0.44145 0.037574 0.14578
0.45534 0.037832 0.12951
0.4638 0.037564 0.14714
0.44816 0.037524 0.15979
0.44439 0.037572 0.18159
0.46179 0.037539 0.16806
0.45941 0.037576 0.18505
0.44695 0.037579 0.19628
0.44122 0.037589 0.20792
0.45418 0.037616 0.21508
0.43744 0.037651 0.22808
0.43334 0.03769 0.24208
0.45145 0.037652 0.22658
0.43547 0.037728 0.25222
0.43485 0.037734 0.26693
0.45653 0.037749 0.26101
0.45964 0.037813 0.27276
0.4321 0.03779 0.28187
0.44682 0.037858 0.29069
0.45336 0.037962 0.30348
0.43018 0.037908 0.31564
0.42623 0.037932 0.33082
0.44955 0.038 0.31061
0.44414 0.037973 0.32315
0.42608 0.038027 0.34202
0.41732 0.038122 0.36191
0.44953 0.03813 0.33834
0.44128 0.038225 0.35133
0.43357 0.038318 0.36899
0.39104 0.037342 0.40157
0.38694 0.037083 0.42255
0.42089 0.036895 0.38297
0.40553 0.035208 0.40623
0.36881 0.036902 0.4413
0.34066 0.036151 0.46958
0.35052 0.034285 0.48269
0.32896 0.036334 0.5114
0.34181 0.037087 0.54136
0.33673 0.035551 0.51915
0.38475 0.035689 0.56283
0.38651 0.036994 0.58539
0.39895 0.037401 0.60033
0.39503 0.036212 0.58823
0.40768 0.036998 0.60049
0.41373 0.038505 0.61191
0.42141 0.038202 0.60754
0.42854 0.038455 0.61962
0.42298 0.03805 0.63661
0.4399 0.03824 0.62582
0.45053 0.037939 0.63738
0.43169 0.037701 0.65491
0.43135 0.037711 0.66502
0.45008 0.037755 0.65482
0.44879 0.037754 0.66321
0.43415 0.037683 0.68363
0.44295 0.037631 0.69716
0.46313 0.037577 0.6946
0.4404 0.037593 0.71232
0.44594 0.037569 0.72825
0.45529 0.037576 0.70993
0.45999 0.037546 0.72982
0.44879 0.037549 0.73899
0.43745 0.037549 0.75998
0.4614 0.037515 0.74325
0.45783 0.037526 0.75975
0.44186 0.037535 0.77445
0.44327 0.037525 0.79579
0.45605 0.037517 0.77756
0.46671 0.037518 0.79603
0.44494 0.037505 0.81899
0.45607 0.037501 0.81262
0.45584 0.037502 0.82203
0.44636 0.037516 0.83541
0.43921 0.037513 0.85906
0.46475 0.037508 0.83553
0.44137 0.037516 0.86923
0.44184 0.03751 0.88945
0.45428 0.037507 0.8796
0.46171 0.037505 0.89317
0.4482 0.037513 0.91297
0.44813 0.03749 0.92518
0.46128 0.037507 0.91354
0.45689 0.037476 0.92957
0.44525 0.037447 0.94674
0.46498 0.037442 0.94298
0.46087 0.033333 0.96314
0.40275 0.038033 0.44176
0.37333 0.038357 0.46489
0.37023 0.038228 0.524
0.37201 0.036273 0.49384
0.48233 0.037547 0.046163
0.47875 0.03755 0.064891
0.49682 0.03754 0.039019
0.48872 0.037547 0.062664
0.47088 0.037547 0.082058
0.47318 0.037599 0.094463
0.49254 0.037545 0.073553
0.4909 0.037549 0.093794
0.47853 0.037604 0.11011
0.47243 0.03771 0.11546
0.48413 0.037548 0.10475
0.49403 0.037547 0.12301
0.47195 0.037678 0.13026
0.49234 0.03758 0.14669
0.47059 0.037556 0.16437
0.4782 0.03758 0.17855
0.48765 0.03759 0.1621
0.47946 0.037598 0.19456
0.4762 0.037619 0.21105
0.49123 0.037598 0.19251
0.4914 0.037612 0.20914
0.47283 0.037672 0.23197
0.47915 0.037688 0.2376
0.48847 0.037664 0.22464
0.49428 0.037679 0.23672
0.46731 0.037757 0.26134
0.48004 0.037776 0.26518
0.49384 0.037754 0.26058
0.49847 0.037828 0.27386
0.4709 0.037908 0.28863
0.47382 0.037993 0.29667
0.48578 0.038005 0.29731
0.46601 0.038109 0.31289
0.46946 0.038354 0.32504
0.48566 0.038171 0.31387
0.48858 0.038398 0.32456
0.46651 0.038455 0.33388
0.46928 0.038663 0.34051
0.48851 0.038865 0.34137
0.45384 0.038275 0.3617
0.47653 0.038623 0.34797
0.47762 0.037883 0.3521
0.43567 0.036187 0.38116
0.43084 0.034619 0.39337
0.46304 0.035645 0.3648
0.46268 0.034343 0.37161
0.41766 0.033585 0.42483
0.43492 0.033362 0.48985
0.39393 0.033435 0.51198
0.40131 0.034394 0.57572
0.44586 0.033751 0.59751
0.43727 0.035479 0.60473
0.4805 0.034059 0.59395
0.4936 0.035454 0.60531
0.43841 0.037653 0.61138
0.45528 0.038095 0.61828
0.48989 0.037039 0.61366
0.50169 0.037896 0.62095
0.46013 0.038149 0.62553
0.46491 0.037861 0.64325
0.48236 0.038037 0.62836
0.49757 0.037883 0.63934
0.4628 0.037804 0.64799
0.46603 0.037701 0.66295
0.49908 0.037674 0.64844
0.47458 0.037657 0.67291
0.47318 0.037565 0.69863
0.48551 0.037583 0.67664
0.49294 0.037537 0.69019
0.47871 0.037531 0.71766
0.49324 0.03754 0.70123
0.49484 0.037515 0.7213
0.47913 0.037504 0.73906
0.48061 0.037505 0.75271
0.49613 0.037481 0.74062
0.49769 0.037495 0.75273
0.48235 0.037524 0.76615
0.47334 0.037513 0.78913
0.49392 0.037511 0.79498
0.48117 0.037493 0.82487
0.49596 0.037498 0.80603
0.49379 0.03749 0.82747
0.47917 0.037498 0.83964
0.48122 0.037492 0.85645
0.48802 0.037488 0.85359
0.47802 0.037503 0.87262
0.47531 0.037498 0.88392
0.49576 0.037498 0.87797
0.47104 0.037475 0.92636
0.49255 0.037501 0.90723
0.48769 0.037458 0.9287
0.47751 0.037429 0.94378
0.47744 0.033809 0.95211
0.48869 0.037434 0.93734
0.46102 0.033979 0.42581
0.40738 0.034205 0.48595
0.43234 0.033894 0.5025
0.45443 0.033992 0.55642
0.45721 0.036311 0.3896
0.46648 0.037157 0.3813
0.40969 0.036242 0.44229
0.39476 0.035339 0.46288
0.41083 0.037182 0.42902
0.39979 0.036762 0.4495
0.46473 0.034941 0.41017
0.41974 0.034101 0.45317
0.46451 0.036147 0.38928
0.42816 0.033794 0.4848
0.40712 0.034441 0.52236
0.36438 0.038294 0.51901
0.42107 0.037493 0.57576
0.47639 0.033979 0.54406
0.44728 0.035882 0.58069
0.43678 0.033916 0.52734
0.43565 0.036348 0.58518
0.42517 0.037073 0.58099
0.46817 0.037003 0.38265
0.42576 0.03657 0.4232
0.40998 0.034984 0.46839
0.44157 0.035874 0.41625
0.4017 0.035327 0.47164
0.44808 0.037714 0.39381
0.42216 0.034375 0.47254
0.45407 0.035151 0.41848
0.45025 0.034781 0.4572
0.3868 0.036783 0.5335
0.40386 0.03717 0.55034
0.37836 0.036062 0.4872
0.42188 0.035034 0.54083
0.41942 0.034308 0.49696
0.46634 0.034307 0.55453
0.44607 0.034125 0.49707
0.4349 0.034652 0.55556
0.42636 0.037042 0.58064
0.47512 0.037357 0.58255
0.44105 0.034504 0.44187
0.45461 0.034611 0.51894
0.50853 0.037535 0.04557
0.52672 0.037528 0.047595
0.52571 0.03753 0.05743
0.50746 0.037539 0.071976
0.50734 0.037545 0.08882
0.53098 0.037529 0.068013
0.52481 0.037536 0.088924
0.50218 0.037539 0.1065
0.51243 0.037541 0.11633
0.52867 0.037529 0.10867
0.52376 0.037532 0.1151
0.51614 0.037556 0.13665
0.51425 0.037565 0.14703
0.52047 0.037551 0.13543
0.52273 0.037572 0.15764
0.51234 0.037577 0.16283
0.51754 0.037568 0.17735
0.53179 0.037555 0.17444
0.52166 0.037566 0.17832
0.51753 0.03759 0.20142
0.50467 0.037598 0.20749
0.53133 0.037573 0.19807
0.5343 0.037568 0.21021
0.51514 0.037662 0.23003
0.51342 0.037699 0.24302
0.52769 0.037646 0.23256
0.52405 0.037698 0.24604
0.50674 0.037795 0.27172
0.52888 0.03771 0.26092
0.52504 0.037723 0.26739
0.50712 0.037848 0.28339
0.51631 0.037901 0.29861
0.53464 0.037788 0.28491
0.53686 0.037868 0.30129
0.50453 0.038061 0.31152
0.53719 0.037986 0.31552
0.53971 0.038017 0.32256
0.49732 0.038755 0.33965
0.52548 0.038345 0.33092
0.53777 0.038302 0.35143
0.5033 0.03831 0.34559
0.50513 0.037914 0.348
0.53821 0.037789 0.37783
0.52107 0.035724 0.36529
0.51128 0.034521 0.37078
0.53085 0.03586 0.38738
0.5076 0.03445 0.42708
0.4861 0.033419 0.43894
0.49734 0.033808 0.44992
0.50543 0.033439 0.47669
0.46646 0.033381 0.51792
0.53073 0.03362 0.58589
0.56321 0.03342 0.55939
0.5762 0.034196 0.58579
0.50623 0.035994 0.6102
0.55294 0.035708 0.59664
0.54791 0.036918 0.60491
0.53325 0.037483 0.61547
0.50862 0.038064 0.63329
0.52715 0.037982 0.62217
0.53559 0.03787 0.63334
0.5095 0.037719 0.64536
0.51603 0.037571 0.6567
0.53173 0.037625 0.65039
0.5356 0.037619 0.65906
0.51077 0.037585 0.67402
0.50473 0.037543 0.68757
0.52409 0.037621 0.67057
0.53499 0.037575 0.68606
0.50417 0.037512 0.71158
0.51043 0.037506 0.72523
0.52132 0.037507 0.72614
0.50915 0.037477 0.73897
0.51029 0.03748 0.75036
0.52826 0.037501 0.73179
0.52151 0.037482 0.75178
0.51641 0.037505 0.76578
0.50693 0.037502 0.78866
0.52834 0.037493 0.77646
0.53266 0.037499 0.78932
0.50824 0.037492 0.8066
0.51349 0.037478 0.81626
0.52499 0.037482 0.81078
0.52539 0.037482 0.82066
0.51217 0.037486 0.85059
0.53264 0.037489 0.85769
0.51046 0.037501 0.87506
0.51586 0.037496 0.88977
0.53137 0.037499 0.87415
0.53205 0.037494 0.89238
0.5029 0.037498 0.91314
0.52129 0.0375 0.90968
0.50521 0.034013 0.95158
0.52834 0.037376 0.94399
0.52624 0.03334 0.95778
0.46526 0.034069 0.50017
0.50253 0.033821 0.54262
0.48256 0.034565 0.40286
0.48082 0.034001 0.47777
0.51672 0.037348 0.40793
0.46278 0.033918 0.44212
0.5194 0.035268 0.5168
0.48735 0.037153 0.45027
0.53858 0.036602 0.51893
0.50245 0.033821 0.52528
0.50335 0.034959 0.57298
0.54669 0.034216 0.55844
0.53929 0.036824 0.57794
0.56552 0.034495 0.55763
0.56225 0.036119 0.581
0.58756 0.038195 0.55542
0.58329 0.038416 0.57244
0.52128 0.036516 0.58555
0.5114 0.036953 0.39505
0.51218 0.036048 0.40214
0.45655 0.03395 0.4784
0.48459 0.034931 0.42497
0.47923 0.034795 0.45997
0.4866 0.037412 0.45006
0.51419 0.035558 0.49598
0.4926 0.034949 0.48287
0.52016 0.034296 0.5339
0.52049 0.036186 0.55931
0.48478 0.034583 0.50983
0.51068 0.034921 0.55059
0.58344 0.037733 0.56382
0.57469 0.037119 0.57596
0.54883 0.035682 0.53752
0.46481 0.034444 0.45081
0.47469 0.034515 0.46407
0.49605 0.03461 0.51751
0.54238 0.037524 0.054653
0.56471 0.037514 0.036734
0.56044 0.037517 0.063828
0.54446 0.037526 0.093609
0.55641 0.037519 0.072155
0.55714 0.037521 0.089682
0.54475 0.03752 0.10965
0.54939 0.03753 0.12555
0.55451 0.037515 0.10914
0.55472 0.037526 0.12591
0.54556 0.037532 0.13577
0.56547 0.037521 0.13794
0.55842 0.037528 0.14909
0.54926 0.037539 0.17256
0.56791 0.037526 0.17142
0.5514 0.037541 0.20246
0.54388 0.037572 0.21742
0.56917 0.037533 0.20119
0.56427 0.037566 0.22362
0.54883 0.037592 0.22925
0.55965 0.03758 0.22911
0.57227 0.037635 0.2571
0.55008 0.037659 0.26518
0.57167 0.037634 0.27219
0.57042 0.037647 0.27855
0.54823 0.037816 0.29992
0.5748 0.037671 0.29445
0.5691 0.037712 0.3032
0.55575 0.037912 0.31709
0.5531 0.037987 0.3335
0.56735 0.037767 0.32718
0.56856 0.037755 0.34466
0.54475 0.038131 0.33664
0.54826 0.038083 0.36741
0.5611 0.037866 0.35534
0.53605 0.037965 0.38979
0.53662 0.037653 0.40668
0.53299 0.037465 0.41212
0.51411 0.035203 0.43418
0.53427 0.036887 0.4353
0.52053 0.034102 0.46237
0.54006 0.033976 0.49421
0.58039 0.033907 0.53259
0.60229 0.036284 0.538
0.60196 0.036891 0.56546
0.59076 0.035955 0.58407
0.56918 0.037389 0.59813
0.5972 0.037006 0.5804
0.60147 0.037574 0.58924
0.57355 0.037811 0.60167
0.59942 0.037847 0.6068
0.58066 0.037997 0.61363
0.56184 0.037803 0.62097
0.54409 0.037825 0.63351
0.5795 0.037788 0.63824
0.55039 0.037762 0.64638
0.54982 0.037677 0.66436
0.57306 0.037762 0.64289
0.54223 0.037644 0.67106
0.54997 0.037595 0.69351
0.56572 0.037652 0.67479
0.55676 0.037601 0.69418
0.53812 0.037544 0.70905
0.54034 0.03753 0.72455
0.56039 0.037593 0.70254
0.54101 0.037501 0.7362
0.55403 0.037485 0.74507
0.56413 0.037494 0.75953
0.53966 0.037497 0.76678
0.54338 0.037501 0.7909
0.56456 0.037483 0.77806
0.56421 0.037507 0.79516
0.54841 0.037508 0.80236
0.54319 0.037487 0.82726
0.55498 0.037505 0.80486
0.55583 0.037488 0.82368
0.54023 0.037483 0.84603
0.5536 0.037485 0.84466
0.56042 0.037489 0.86029
0.54192 0.03749 0.88501
0.55665 0.037491 0.87934
0.56437 0.037491 0.88705
0.54695 0.037494 0.90717
0.53744 0.037441 0.92806
0.55911 0.037496 0.91054
0.55527 0.037447 0.92769
0.54398 0.03739 0.94319
0.54795 0.033335 0.95969
0.56323 0.037407 0.94035
0.55426 0.033661 0.95261
0.54498 0.036372 0.52391
0.56393 0.036535 0.53632
0.57738 0.037509 0.045279
0.58779 0.037505 0.04079
0.59592 0.037503 0.063521
0.57355 0.037511 0.096389
0.59018 0.037504 0.074067
0.59675 0.037503 0.095678
0.5729 0.037506 0.11217
0.5778 0.037515 0.12719
0.5955 0.0375 0.10667
0.58826 0.037504 0.11844
0.58389 0.037512 0.14554
0.60058 0.037502 0.13868
0.59523 0.037512 0.15655
0.58183 0.037511 0.17574
0.57495 0.037523 0.18544
0.59054 0.037503 0.17867
0.60065 0.037498 0.18603
0.57618 0.037549 0.21999
0.59569 0.037519 0.21238
0.58129 0.03758 0.24009
0.58107 0.037622 0.25776
0.60502 0.037538 0.23849
0.59767 0.037593 0.25969
0.58879 0.037638 0.26562
0.59988 0.037735 0.27515
0.60334 0.037921 0.28793
0.58116 0.037639 0.29464
0.58502 0.037649 0.30908
0.60103 0.03776 0.30247
0.59583 0.037636 0.31332
0.5786 0.037664 0.33182
0.59387 0.037541 0.34557
0.59146 0.037522 0.36037
0.56951 0.037672 0.36546
0.55706 0.03746 0.3979
0.57526 0.037499 0.38522
0.5489 0.037153 0.41795
0.54701 0.037163 0.43245
0.57087 0.037476 0.41768
0.54045 0.037366 0.44393
0.5371 0.03744 0.46303
0.54285 0.037514 0.45222
0.54271 0.037318 0.46133
0.54805 0.036724 0.48855
0.57322 0.03742 0.50578
0.5499 0.037045 0.47908
0.576 0.03759 0.50327
0.60517 0.037651 0.53094
0.6134 0.038251 0.54873
0.60231 0.037683 0.52141
0.61793 0.038341 0.55166
0.60958 0.037944 0.56426
0.60361 0.037805 0.59487
0.619 0.038225 0.5619
0.6151 0.038056 0.58136
0.61067 0.038114 0.60901
0.61708 0.038165 0.60499
0.62023 0.038177 0.62512
0.60187 0.037997 0.63253
0.59474 0.037853 0.63898
0.62058 0.038245 0.64516
0.58594 0.037726 0.64951
0.57929 0.037644 0.66697
0.61906 0.038031 0.65666
0.60138 0.037691 0.66696
0.58323 0.03764 0.67658
0.59385 0.037657 0.67462
0.59148 0.037636 0.68978
0.57219 0.037553 0.72125
0.59168 0.037564 0.72
0.57304 0.037526 0.73345
0.5971 0.037496 0.74548
0.5923 0.037498 0.76135
0.57118 0.037488 0.7855
0.59161 0.037503 0.7954
0.5786 0.03751 0.7989
0.57696 0.037487 0.81646
0.59019 0.037493 0.81242
0.57783 0.037492 0.84159
0.59655 0.037496 0.84293
0.5733 0.037495 0.8698
0.59609 0.037496 0.89351
0.57348 0.037498 0.90915
0.59237 0.037499 0.90749
0.57365 0.037389 0.94648
0.57679 0.033955 0.9518
0.59091 0.037419 0.94185
0.58562 0.033333 0.96315
0.61131 0.037498 0.045557
0.6137 0.037498 0.062734
0.63148 0.037494 0.042819
0.63342 0.037494 0.054209
0.61715 0.037496 0.076428
0.60552 0.037502 0.08869
0.63382 0.037491 0.081002
0.62889 0.037495 0.087357
0.61304 0.037493 0.11321
0.61173 0.037498 0.12938
0.62451 0.03749 0.10661
0.63088 0.037487 0.12666
0.606 0.037499 0.13403
0.61749 0.037494 0.16309
0.63081 0.037484 0.13718
0.6316 0.037482 0.15236
0.6106 0.037491 0.17504
0.61768 0.037486 0.18847
0.6305 0.037482 0.17071
0.61685 0.03749 0.21088
0.61125 0.037523 0.22947
0.62598 0.03748 0.21532
0.62643 0.037497 0.22863
0.60961 0.037509 0.25588
0.62496 0.037488 0.24873
0.62624 0.037517 0.26067
0.62241 0.037766 0.28425
0.60877 0.037515 0.31891
0.61851 0.037718 0.30192
0.62127 0.037458 0.34096
0.61441 0.037463 0.34805
0.60974 0.037379 0.37894
0.58646 0.037448 0.38547
0.58042 0.037553 0.41064
0.59853 0.037365 0.38617
0.5921 0.037611 0.40991
0.56297 0.037237 0.44005
0.57762 0.037189 0.43765
0.56227 0.037016 0.45205
0.55998 0.036877 0.47476
0.57173 0.036936 0.45839
0.57653 0.036968 0.46216
0.58469 0.037303 0.49637
0.58781 0.03714 0.48195
0.60397 0.037325 0.49931
0.61141 0.037674 0.514
0.62431 0.038343 0.54365
0.621 0.037612 0.51043
0.62997 0.038004 0.53444
0.6316 0.038272 0.55644
0.63214 0.038068 0.57855
0.64092 0.03814 0.55526
0.63889 0.038104 0.57382
0.63214 0.038062 0.59459
0.64278 0.038042 0.60368
0.63219 0.038257 0.63876
0.64706 0.038 0.63891
0.62691 0.038257 0.65646
0.61606 0.037844 0.66835
0.63548 0.037863 0.67569
0.63644 0.037728 0.68384
0.60818 0.037631 0.70241
0.60622 0.037564 0.71998
0.62783 0.03755 0.7234
0.61058 0.037523 0.739
0.60534 0.037493 0.75188
0.62496 0.03751 0.74243
0.62481 0.037494 0.75039
0.60927 0.037488 0.77768
0.6106 0.037488 0.78401
0.6259 0.037489 0.7777
0.62826 0.037489 0.78486
0.60326 0.037509 0.8005
0.60623 0.0375 0.82961
0.62844 0.037506 0.80368
0.6323 0.037503 0.82685
0.60687 0.037502 0.83689
0.60238 0.037492 0.85166
0.62487 0.037505 0.84124
0.62259 0.037496 0.85529
0.60958 0.037497 0.86881
0.60451 0.037496 0.88956
0.61869 0.037499 0.87751
0.62856 0.037499 0.88743
0.60725 0.0375 0.90844
0.60806 0.037476 0.926
0.61963 0.037479 0.92745
0.60986 0.037445 0.94485
0.6217 0.03746 0.9374
0.62777 0.033333 0.96435
0.64058 0.037491 0.047241
0.65535 0.037488 0.038471
0.6574 0.037486 0.06464
0.64801 0.037486 0.080428
0.64201 0.037486 0.097331
0.6651 0.037482 0.074795
0.66799 0.037481 0.086751
0.65754 0.037474 0.11192
0.65002 0.037476 0.16356
0.65997 0.03747 0.14482
0.66128 0.037471 0.16325
0.64562 0.037472 0.17288
0.64701 0.037472 0.19743
0.66019 0.037458 0.18051
0.65674 0.037456 0.18783
0.64661 0.037469 0.20468
0.64373 0.037468 0.22231
0.66548 0.037453 0.20793
0.66409 0.037456 0.22475
0.63855 0.037483 0.24636
0.64155 0.037487 0.26751
0.65346 0.037429 0.27169
0.63143 0.037581 0.28486
0.63008 0.037561 0.29842
0.65898 0.037372 0.28492
0.64714 0.037369 0.2949
0.635 0.037431 0.32007
0.64576 0.037417 0.34249
0.62666 0.037446 0.34944
0.61892 0.037314 0.38222
0.64487 0.037386 0.35331
0.6399 0.037288 0.37826
0.60562 0.037446 0.41246
0.61665 0.037309 0.408
0.60361 0.03723 0.43778
0.618 0.037214 0.4271
0.61716 0.037215 0.43728
0.59405 0.037115 0.45558
0.60568 0.037103 0.46803
0.6202 0.037188 0.45391
0.61344 0.0372 0.48616
0.61708 0.037238 0.49262
0.62581 0.037223 0.48463
0.63796 0.037342 0.49817
0.62896 0.037486 0.50698
0.64023 0.037773 0.5266
0.64752 0.03751 0.51179
0.66245 0.037657 0.52829
0.66306 0.037859 0.55311
0.66692 0.037851 0.57038
0.65911 0.037945 0.58236
0.66577 0.037857 0.60264
0.68035 0.037829 0.60333
0.66109 0.037817 0.63333
0.67701 0.037805 0.61656
0.66781 0.037799 0.6377
0.65377 0.037964 0.65105
0.67445 0.037739 0.65048
0.65103 0.037582 0.6899
0.65659 0.037747 0.67283
0.65771 0.037603 0.6849
0.64378 0.03749 0.70549
0.64095 0.03752 0.7224
0.65748 0.037478 0.71053
0.66701 0.037499 0.72301
0.64663 0.037512 0.73321
0.64106 0.037495 0.75212
0.6602 0.037505 0.74036
0.65687 0.037491 0.75065
0.63661 0.037491 0.77583
0.64603 0.037488 0.7882
0.65474 0.037491 0.77098
0.65482 0.037492 0.79228
0.64578 0.037499 0.80572
0.64244 0.037502 0.82691
0.66231 0.037503 0.80922
0.66406 0.037505 0.82847
0.64402 0.037506 0.83451
0.64358 0.037502 0.85145
0.65394 0.03751 0.83947
0.6594 0.037507 0.86122
0.64753 0.037504 0.87902
0.64743 0.037503 0.88703
0.65423 0.037505 0.8802
0.66262 0.037507 0.89254
0.64361 0.037506 0.90678
0.63615 0.037471 0.92655
0.66229 0.037508 0.90177
0.65858 0.037498 0.91781
0.63502 0.037432 0.94133
0.64065 0.033536 0.95335
0.65587 0.037417 0.93924
0.66381 0.033421 0.95451
0.68239 0.037481 0.045306
0.68453 0.03748 0.052222
0.70091 0.037475 0.040793
0.69223 0.037476 0.059888
0.6998 0.037472 0.073048
0.69828 0.037469 0.093841
0.67242 0.037473 0.10404
0.67282 0.03747 0.12632
0.67626 0.037465 0.14447
0.67835 0.037466 0.16181
0.68153 0.037453 0.17455
0.69396 0.037442 0.17924
0.6806 0.037436 0.21356
0.67126 0.037448 0.22526
0.69505 0.037418 0.22055
0.6866 0.037421 0.23421
0.67402 0.037416 0.24914
0.68462 0.037387 0.25554
0.6901 0.03738 0.26067
0.6698 0.037355 0.29938
0.6879 0.037339 0.28924
0.67938 0.037339 0.29802
0.65967 0.03738 0.33724
0.67917 0.037342 0.32608
0.67777 0.037342 0.33302
0.66443 0.037308 0.35254
0.65533 0.037277 0.36716
0.67028 0.037275 0.36157
0.66376 0.037241 0.37599
0.64482 0.037204 0.39094
0.63844 0.037162 0.40302
0.6648 0.037213 0.39362
0.66369 0.037211 0.40304
0.64467 0.037162 0.41946
0.63825 0.037195 0.43949
0.65869 0.037209 0.41918
0.66674 0.037223 0.43395
0.64204 0.037195 0.46867
0.66453 0.037217 0.4534
0.64887 0.037256 0.48284
0.66185 0.037321 0.49381
0.67605 0.037297 0.47973
0.68278 0.037392 0.49789
0.6621 0.037533 0.51313
0.66876 0.03764 0.52956
0.6872 0.037535 0.521
0.67292 0.03768 0.53891
0.68386 0.037712 0.56571
0.68964 0.037587 0.53715
0.70122 0.037642 0.56612
0.68972 0.037788 0.60549
0.70059 0.037669 0.57758
0.71431 0.03769 0.60112
0.69804 0.037724 0.61113
0.7082 0.037684 0.61871
0.70893 0.037654 0.63415
0.6866 0.037678 0.65093
0.68425 0.03765 0.65864
0.70153 0.037656 0.6433
0.70042 0.03761 0.65793
0.67645 0.037534 0.6918
0.69379 0.037529 0.68597
0.68207 0.037522 0.7098
0.67284 0.037505 0.72137
0.68854 0.037528 0.7013
0.67825 0.037504 0.74588
0.67145 0.037498 0.76144
0.69427 0.037513 0.73785
0.69798 0.03751 0.75971
0.67463 0.0375 0.77009
0.67672 0.037498 0.78922
0.69252 0.037509 0.76905
0.68657 0.037505 0.79694
0.67238 0.037505 0.8044
0.6858 0.037507 0.80258
0.68778 0.037509 0.82576
0.67979 0.037509 0.84695
0.69356 0.037513 0.8366
0.6866 0.037512 0.86366
0.67965 0.037512 0.86983
0.69006 0.037513 0.86884
0.69051 0.037514 0.89327
0.67815 0.037512 0.90741
0.66889 0.03745 0.92992
0.68872 0.037452 0.92918
0.67973 0.037398 0.94199
0.68105 0.033333 0.96337
0.69481 0.033343 0.95747
0.71063 0.037473 0.037538
0.70961 0.037472 0.055452
0.72615 0.037469 0.04284
0.72871 0.037466 0.061764
0.71226 0.037466 0.077715
0.72959 0.03746 0.077171
0.71245 0.037458 0.10363
0.70887 0.037453 0.12989
0.72732 0.037445 0.11538
0.73101 0.037443 0.1312
0.70646 0.037445 0.16255
0.73291 0.037438 0.15124
0.73055 0.037436 0.16409
0.70684 0.037433 0.18167
0.70436 0.037427 0.19959
0.72258 0.037433 0.17352
0.73123 0.037421 0.19264
0.70607 0.03742 0.20736
0.70473 0.037409 0.22717
0.72062 0.037405 0.21586
0.70962 0.037381 0.25492
0.72765 0.037359 0.26174
0.70991 0.037349 0.27901
0.70663 0.037336 0.30052
0.69212 0.037345 0.31791
0.69656 0.037318 0.3407
0.71926 0.037321 0.31802
0.70447 0.037308 0.34164
0.69685 0.037301 0.34741
0.69246 0.037257 0.37081
0.70939 0.037301 0.34749
0.71197 0.037283 0.36926
0.69133 0.037224 0.38935
0.67789 0.037226 0.40106
0.70241 0.037253 0.38124
0.69557 0.03723 0.40398
0.68205 0.03723 0.42226
0.70705 0.037281 0.4115
0.69609 0.037257 0.42885
0.68663 0.037228 0.44246
0.68073 0.037257 0.46571
0.70492 0.037308 0.44726
0.70181 0.03731 0.46216
0.68982 0.037281 0.4733
0.69373 0.037338 0.49088
0.69747 0.037299 0.47104
0.70841 0.03738 0.4921
0.70938 0.037426 0.50763
0.71842 0.03746 0.52068
0.70791 0.037562 0.546
0.72501 0.037498 0.54433
0.73398 0.037514 0.56559
0.72984 0.037776 0.60335
0.73666 0.037524 0.57977
0.73472 0.037655 0.59204
0.72429 0.037701 0.62863
0.73625 0.037938 0.61025
0.73972 0.037832 0.627
0.7197 0.03761 0.64703
0.72299 0.037584 0.65363
0.73265 0.037623 0.64092
0.73289 0.037577 0.66087
0.71691 0.037538 0.68131
0.71188 0.037534 0.69006
0.72855 0.037565 0.67284
0.73102 0.037543 0.68729
0.71763 0.037527 0.70953
0.70524 0.037519 0.72239
0.72206 0.03752 0.71885
0.70851 0.037518 0.73908
0.70773 0.037512 0.75355
0.7295 0.03752 0.73722
0.72529 0.037513 0.75619
0.71191 0.037521 0.77341
0.70269 0.037511 0.78964
0.7237 0.03752 0.77266
0.71195 0.037514 0.81302
0.70263 0.037513 0.82481
0.7246 0.037518 0.80176
0.71477 0.037518 0.83471
0.70251 0.037515 0.85761
0.72114 0.03752 0.83508
0.70943 0.037518 0.88001
0.70341 0.037516 0.88471
0.71955 0.037522 0.87136
0.7316 0.037524 0.89512
0.70235 0.037518 0.9081
0.71357 0.037512 0.91762
0.72985 0.037525 0.90483
0.7091 0.033335 0.95963
0.7311 0.037415 0.94002
0.74 0.037467 0.043885
0.74263 0.037464 0.058217
0.76213 0.037458 0.059596
0.75699 0.037451 0.078832
0.75467 0.037448 0.093324
0.76504 0.037441 0.10745
0.75499 0.03744 0.12137
0.74311 0.037436 0.1506
0.73923 0.037436 0.15659
0.75633 0.037434 0.13834
0.76399 0.037419 0.1626
0.74019 0.037425 0.17647
0.74514 0.037407 0.20049
0.7558 0.037409 0.18357
0.75385 0.037401 0.19878
0.74821 0.037393 0.21255
0.74103 0.037375 0.23814
0.7588 0.037374 0.23179
0.73943 0.037359 0.25195
0.76241 0.037362 0.24247
0.74158 0.037331 0.27725
0.72823 0.037323 0.29437
0.75583 0.037328 0.28034
0.72752 0.037315 0.33641
0.74352 0.037315 0.31089
0.74376 0.037313 0.33237
0.72339 0.037308 0.34869
0.71991 0.037289 0.37375
0.7424 0.037296 0.35341
0.74558 0.037292 0.3645
0.72881 0.037265 0.38698
0.72357 0.037269 0.39524
0.74731 0.037286 0.38228
0.7361 0.037268 0.39663
0.72031 0.037284 0.40963
0.71853 0.037301 0.43469
0.74185 0.037289 0.41699
0.71561 0.037314 0.44635
0.71759 0.037333 0.46399
0.73937 0.037299 0.44614
0.74363 0.037311 0.45615
0.72929 0.03732 0.47024
0.7225 0.037366 0.48834
0.7481 0.037344 0.47523
0.74764 0.037355 0.48514
0.74941 0.037393 0.5065
0.74683 0.03742 0.52858
0.73621 0.037469 0.54295
0.74032 0.037486 0.56218
0.75204 0.037442 0.53922
0.76213 0.037467 0.55483
0.75049 0.037488 0.58532
0.75503 0.037752 0.60336
0.75835 0.037769 0.60712
0.74524 0.037638 0.64012
0.74535 0.037581 0.65854
0.76208 0.037608 0.64114
0.74837 0.03759 0.67297
0.74512 0.037559 0.69284
0.76516 0.037563 0.68104
0.74817 0.037547 0.71218
0.74464 0.037531 0.73123
0.744 0.037516 0.74865
0.74089 0.037515 0.75299
0.75915 0.037518 0.75591
0.74568 0.037523 0.7742
0.74449 0.037523 0.79305
0.75436 0.03752 0.76958
0.74868 0.037524 0.81332
0.74807 0.037525 0.83111
0.75632 0.037525 0.80448
0.76205 0.037525 0.82282
0.73866 0.037525 0.85845
0.75641 0.037527 0.84648
0.74357 0.037526 0.86802
0.73957 0.037527 0.89706
0.75619 0.037528 0.87734
0.75558 0.037529 0.89229
0.74638 0.037529 0.90149
0.76181 0.037532 0.90866
0.75444 0.037482 0.92848
0.73681 0.037425 0.93893
0.73858 0.033343 0.95756
0.76333 0.033334 0.96064
0.77353 0.037459 0.044326
0.78185 0.037455 0.053159
0.7962 0.037454 0.047971
0.79907 0.037448 0.064422
0.77718 0.037449 0.069995
0.7912 0.03744 0.092582
0.78179 0.037437 0.11675
0.78079 0.037429 0.13283
0.79244 0.037434 0.11325
0.79606 0.037427 0.128
0.78171 0.037418 0.14812
0.77888 0.037412 0.16188
0.78858 0.03742 0.14085
0.78963 0.037403 0.16671
0.77863 0.037396 0.18263
0.79788 0.037396 0.17333
0.7862 0.037383 0.20162
0.77709 0.03738 0.21298
0.77897 0.037367 0.23466
0.79303 0.03737 0.2178
0.78826 0.037364 0.23351
0.76951 0.037359 0.24476
0.76686 0.037341 0.27066
0.78748 0.037357 0.24312
0.78659 0.03735 0.26095
0.78723 0.037346 0.28255
0.75829 0.037315 0.32108
0.76334 0.037313 0.33593
0.79056 0.037317 0.30775
0.77625 0.037297 0.32957
0.76263 0.037307 0.35217
0.76017 0.037303 0.36789
0.774 0.037296 0.34441
0.77197 0.037296 0.36347
0.76197 0.037298 0.38252
0.76532 0.037295 0.39791
0.78077 0.037304 0.38017
0.78074 0.037309 0.39792
0.76317 0.037299 0.41201
0.75917 0.037304 0.42636
0.77181 0.037304 0.4091
0.77683 0.037318 0.43103
0.75859 0.037316 0.4461
0.775 0.037323 0.44814
0.77255 0.03732 0.45244
0.75577 0.037342 0.47181
0.76334 0.037353 0.48674
0.77649 0.037342 0.46983
0.78661 0.037376 0.49092
0.77149 0.037379 0.51063
0.78092 0.037381 0.50701
0.79064 0.037415 0.52772
0.76781 0.037466 0.55848
0.78594 0.037418 0.53325
0.79105 0.037449 0.56047
0.77596 0.037469 0.57853
0.77347 0.037502 0.58999
0.78989 0.037457 0.5763
0.77941 0.037484 0.60317
0.78803 0.037477 0.60442
0.77219 0.037607 0.63601
0.77368 0.037574 0.65672
0.79585 0.037555 0.64266
0.79133 0.037552 0.66346
0.77491 0.037556 0.6814
0.7767 0.037548 0.68968
0.79725 0.037541 0.67975
0.79676 0.037538 0.68497
0.78075 0.037533 0.7092
0.77056 0.037533 0.73043
0.78712 0.037529 0.73175
0.77711 0.037533 0.74025
0.7804 0.037524 0.7628
0.79743 0.037531 0.7404
0.79535 0.03753 0.79334
0.77067 0.037527 0.81452
0.77698 0.037528 0.82949
0.78727 0.03753 0.80506
0.79743 0.037532 0.82958
0.77596 0.03753 0.85209
0.78745 0.037531 0.84105
0.77775 0.037532 0.87634
0.77151 0.037532 0.89457
0.79513 0.037536 0.89144
0.77679 0.037488 0.93066
0.79133 0.037537 0.91253
0.78118 0.037442 0.9476
0.77225 0.033333 0.96301
0.79064 0.037454 0.94105
0.79581 0.033367 0.95597
0.8036 0.037453 0.047237
0.80421 0.037452 0.054847
0.82936 0.037449 0.04742
0.83178 0.037448 0.052846
0.80345 0.037442 0.078645
0.80495 0.037437 0.094579
0.82838 0.037442 0.074371
0.82128 0.037436 0.091668
0.81007 0.037433 0.10733
0.80871 0.037425 0.12584
0.82026 0.037429 0.11038
0.82715 0.037418 0.12829
0.82701 0.037408 0.14404
0.81948 0.037387 0.1794
0.8194 0.03738 0.19157
0.80975 0.037365 0.21272
0.80232 0.037358 0.22844
0.83131 0.037363 0.21897
0.82782 0.03735 0.22902
0.80287 0.037346 0.24383
0.80494 0.037344 0.2635
0.82833 0.037331 0.26248
0.81091 0.037347 0.28612
0.80497 0.037345 0.2953
0.8275 0.037347 0.28202
0.81876 0.037338 0.29819
0.80773 0.037328 0.30797
0.80024 0.037309 0.32441
0.81962 0.037331 0.30872
0.81026 0.03731 0.333
0.79537 0.037304 0.34881
0.79975 0.037305 0.35807
0.81006 0.037306 0.3505
0.79279 0.037308 0.38221
0.79103 0.037315 0.40015
0.81805 0.037301 0.38119
0.7912 0.037323 0.41195
0.79184 0.037333 0.4296
0.81096 0.037312 0.42414
0.79267 0.037339 0.443
0.80299 0.037328 0.4541
0.81834 0.037322 0.43933
0.79557 0.037361 0.47131
0.79234 0.037382 0.49091
0.79445 0.037398 0.50949
0.80561 0.037386 0.5182
0.81779 0.037378 0.51807
0.80583 0.037436 0.55289
0.81565 0.037417 0.54869
0.80903 0.03747 0.59529
0.82873 0.037452 0.57494
0.82443 0.037461 0.59216
0.81215 0.037472 0.61076
0.81411 0.037492 0.62577
0.82694 0.037466 0.60522
0.82136 0.03748 0.62244
0.80793 0.037546 0.64448
0.80868 0.037545 0.65143
0.82218 0.037495 0.63363
0.81424 0.037533 0.66738
0.8073 0.037536 0.69734
0.82542 0.037525 0.68551
0.80968 0.037534 0.70897
0.82409 0.037527 0.70772
0.80615 0.037531 0.73559
0.80686 0.03753 0.76122
0.83233 0.037529 0.73961
0.83278 0.03753 0.75471
0.80375 0.03753 0.77433
0.80728 0.037532 0.79568
0.83132 0.037531 0.77789
0.82498 0.037531 0.79244
0.80994 0.037533 0.80514
0.82433 0.037536 0.82593
0.80397 0.037535 0.84596
0.81043 0.037537 0.85879
0.82928 0.037538 0.84193
0.82882 0.03754 0.86114
0.81431 0.037539 0.87122
0.80379 0.037538 0.89012
0.82591 0.037542 0.88005
0.80547 0.037539 0.90537
0.8045 0.037522 0.92068
0.81832 0.037542 0.9066
0.8045 0.037453 0.93744
0.81223 0.033334 0.96105
0.82691 0.037412 0.94767
0.82055 0.033333 0.96333
0.84249 0.037447 0.045071
0.83938 0.037446 0.05552
0.8615 0.037443 0.045241
0.84524 0.03744 0.080454
0.84869 0.037432 0.092958
0.85216 0.03744 0.075492
0.85389 0.037433 0.091183
0.85542 0.037418 0.11037
0.85465 0.037408 0.13487
0.83939 0.037404 0.1502
0.84625 0.037394 0.16301
0.85865 0.037404 0.14553
0.8526 0.0374 0.15607
0.83734 0.037378 0.18593
0.83997 0.037375 0.19719
0.85678 0.037372 0.18621
0.86523 0.037362 0.20223
0.84931 0.037373 0.21441
0.83785 0.037343 0.23507
0.86101 0.03736 0.21739
0.85509 0.03736 0.23701
0.85061 0.037314 0.24915
0.86215 0.037449 0.2497
0.86289 0.037449 0.25809
0.85457 0.037355 0.27565
0.85388 0.037345 0.29592
0.83607 0.037332 0.31648
0.82853 0.037325 0.3262
0.85537 0.037339 0.30787
0.84902 0.037331 0.32074
0.83114 0.037321 0.35544
0.84936 0.037327 0.34257
0.85703 0.037328 0.36067
0.83378 0.037321 0.38039
0.84359 0.037324 0.37839
0.85276 0.037329 0.39033
0.83733 0.037326 0.40943
0.8386 0.037327 0.42195
0.84355 0.037327 0.40422
0.85328 0.037338 0.42864
0.83048 0.037334 0.44027
0.82486 0.037335 0.45501
0.84571 0.037335 0.44399
0.85164 0.037345 0.45793
0.82932 0.037351 0.47464
0.83521 0.037361 0.48817
0.83557 0.037379 0.50884
0.84353 0.037394 0.5266
0.86003 0.037396 0.51767
0.84024 0.037409 0.53694
0.8423 0.037427 0.55223
0.85892 0.037414 0.53729
0.85678 0.037424 0.55007
0.84533 0.037442 0.57179
0.8386 0.037468 0.59157
0.85961 0.037439 0.5704
0.85251 0.037451 0.58727
0.84774 0.037475 0.61755
0.85753 0.03746 0.59873
0.8527 0.037478 0.62815
0.84799 0.037494 0.65739
0.86292 0.037482 0.63638
0.85731 0.037494 0.66096
0.84719 0.037507 0.67777
0.83858 0.037517 0.68736
0.85948 0.037498 0.66986
0.86226 0.037508 0.69534
0.83988 0.03752 0.70587
0.84635 0.037522 0.72413
0.85422 0.03751 0.70222
0.85495 0.037519 0.72694
0.84374 0.037527 0.7371
0.84088 0.037531 0.7636
0.85644 0.037527 0.75927
0.83719 0.037533 0.79438
0.86006 0.03753 0.77015
0.86414 0.037534 0.78944
0.84042 0.037537 0.81431
0.8627 0.037536 0.80397
0.85952 0.037538 0.82154
0.84231 0.03754 0.84214
0.85916 0.03754 0.8379
0.86017 0.037543 0.85559
0.84473 0.037544 0.87453
0.84023 0.037545 0.89559
0.85879 0.037545 0.86869
0.84364 0.037541 0.91778
0.86253 0.037548 0.90434
0.85399 0.037533 0.92088
0.84812 0.037487 0.935
0.84118 0.033335 0.96029
0.8614 0.037497 0.93456
0.85963 0.033333 0.96347
0.86914 0.037442 0.039297
0.87083 0.03744 0.061922
0.88563 0.03744 0.040135
0.88709 0.03744 0.052518
0.88036 0.037437 0.077818
0.88081 0.03743 0.093939
0.89546 0.037435 0.079955
0.8896 0.037433 0.08761
0.88001 0.037419 0.1112
0.88067 0.037409 0.13064
0.88913 0.037414 0.12134
0.87376 0.037405 0.1414
0.88094 0.037391 0.16238
0.89241 0.037401 0.15132
0.88748 0.037388 0.1662
0.87552 0.037358 0.19726
0.89141 0.037382 0.17415
0.89503 0.03737 0.19521
0.87148 0.037349 0.21123
0.87725 0.037452 0.22965
0.88864 0.037338 0.21974
0.88478 0.037534 0.23366
0.87348 0.037605 0.24466
0.87183 0.03743 0.27347
0.87138 0.037341 0.28964
0.89212 0.03753 0.26615
0.88617 0.037335 0.29087
0.86531 0.037341 0.31567
0.87507 0.037343 0.32336
0.8829 0.037338 0.30286
0.88123 0.037342 0.3199
0.87114 0.037336 0.34572
0.8881 0.037338 0.3399
0.8931 0.037335 0.35335
0.87031 0.037332 0.38026
0.86215 0.037331 0.38807
0.88612 0.037331 0.37223
0.88901 0.037333 0.39247
0.86455 0.037338 0.40752
0.86695 0.037343 0.41969
0.89004 0.037341 0.41266
0.88515 0.037342 0.41834
0.87442 0.037353 0.4404
0.87913 0.037357 0.44991
0.87514 0.037377 0.47795
0.87368 0.03739 0.49243
0.88082 0.037387 0.49061
0.86432 0.037389 0.50212
0.87313 0.037415 0.52627
0.88459 0.037399 0.50981
0.88671 0.037407 0.5224
0.86961 0.03742 0.53616
0.88654 0.037416 0.53431
0.89129 0.037425 0.54836
0.87607 0.037442 0.57031
0.87454 0.037458 0.59307
0.88875 0.037437 0.57069
0.8862 0.037452 0.59385
0.87381 0.037464 0.6014
0.87983 0.037477 0.62712
0.88606 0.03746 0.60495
0.88589 0.03747 0.62226
0.8784 0.037489 0.64512
0.88765 0.037481 0.6428
0.89102 0.037487 0.65512
0.87138 0.037499 0.67159
0.89791 0.037505 0.69428
0.87118 0.037515 0.71017
0.88001 0.03752 0.72752
0.89459 0.037509 0.70077
0.88997 0.037516 0.72004
0.87286 0.037524 0.74291
0.87142 0.037528 0.76271
0.88679 0.037521 0.74072
0.89733 0.037525 0.7617
0.87382 0.037532 0.7782
0.87791 0.037535 0.79514
0.88966 0.037532 0.78582
0.87079 0.037539 0.81363
0.8769 0.03754 0.82281
0.88864 0.037536 0.80269
0.87612 0.037542 0.83864
0.88077 0.037546 0.86204
0.89396 0.037542 0.83769
0.88571 0.037545 0.8571
0.87385 0.037549 0.88982
0.89139 0.037548 0.86826
0.89438 0.03755 0.88846
0.87919 0.037551 0.9023
0.88042 0.037525 0.92812
0.89241 0.037552 0.90886
0.89597 0.037514 0.92974
0.87144 0.03749 0.94022
0.89741 0.033334 0.96097
0.90466 0.03744 0.03766
0.91157 0.03744 0.054879
0.92187 0.03742 0.039012
0.91459 0.037435 0.076821
0.90322 0.03743 0.092346
0.92812 0.037386 0.096648
0.91075 0.037421 0.11142
0.90877 0.037411 0.13257
0.92045 0.03741 0.10606
0.92288 0.037396 0.12102
0.90472 0.037408 0.13816
0.90686 0.037398 0.16297
0.92124 0.037391 0.14262
0.9118 0.03739 0.19328
0.92651 0.037366 0.17585
0.92876 0.037349 0.20113
0.91218 0.037387 0.21107
0.90778 0.037404 0.22942
0.92472 0.037352 0.21439
0.91446 0.037363 0.23214
0.89875 0.037588 0.25072
0.92249 0.037299 0.24687
0.91558 0.037312 0.25859
0.90197 0.037426 0.26962
0.92802 0.037307 0.28122
0.92721 0.03731 0.29531
0.90738 0.037347 0.32664
0.91977 0.037332 0.30361
0.91858 0.037335 0.32346
0.89912 0.037341 0.3375
0.90183 0.037337 0.36241
0.92578 0.037317 0.33816
0.9152 0.037333 0.35659
0.90046 0.037336 0.37267
0.90535 0.03734 0.39127
0.92058 0.037312 0.39552
0.92045 0.037312 0.40313
0.92673 0.037302 0.42929
0.89946 0.037359 0.45327
0.92286 0.037315 0.43404
0.90262 0.037382 0.47798
0.90004 0.037393 0.49351
0.92339 0.037332 0.46997
0.92068 0.037353 0.48369
0.90717 0.037398 0.50103
0.90849 0.037408 0.5205
0.92512 0.037353 0.50994
0.92251 0.037366 0.5169
0.92106 0.037383 0.53516
0.92326 0.03739 0.55162
0.91238 0.037456 0.59254
0.92304 0.037424 0.57218
0.92713 0.037436 0.59195
0.90813 0.037461 0.60174
0.90324 0.03747 0.61899
0.92034 0.037451 0.60279
0.92217 0.037452 0.61523
0.90197 0.03748 0.64034
0.93096 0.037421 0.644
0.92174 0.037464 0.65988
0.91228 0.037497 0.68484
0.92376 0.037463 0.67792
0.92711 0.037452 0.69288
0.91155 0.037506 0.70193
0.92166 0.03748 0.70603
0.90866 0.037518 0.73844
0.91212 0.037523 0.75791
0.9189 0.037503 0.73446
0.91836 0.037516 0.7631
0.91339 0.037527 0.77027
0.91243 0.037531 0.78692
0.92505 0.037499 0.77446
0.92579 0.0375 0.79422
0.90393 0.037538 0.81445
0.91131 0.037538 0.82095
0.92017 0.037519 0.80177
0.91785 0.037531 0.82485
0.90515 0.037544 0.84428
0.90555 0.037547 0.86109
0.9227 0.037509 0.83489
0.91836 0.037537 0.86063
0.91104 0.037549 0.87211
0.9184 0.03754 0.87075
0.92996 0.037504 0.88855
0.90669 0.037552 0.90899
0.90789 0.037511 0.92822
0.91989 0.037537 0.908
0.92797 0.037473 0.92425
0.90639 0.037472 0.94044
0.91253 0.033337 0.95903
0.91836 0.037458 0.93893
0.92363 0.033335 0.96031
0.9373 0.037364 0.042459
0.93756 0.037362 0.055408
0.95382 0.033521 0.037394
0.95731 0.033346 0.06221
0.93449 0.037367 0.076044
0.95982 0.033335 0.089281
0.9464 0.037322 0.10839
0.95893 0.033337 0.13057
0.94606 0.037307 0.14871
0.9424 0.037318 0.15941
0.95814 0.03334 0.14408
0.95127 0.034445 0.16166
0.93504 0.037343 0.17575
0.94484 0.037301 0.19956
0.95427 0.033429 0.20087
0.93805 0.037307 0.20969
0.93726 0.037284 0.23244
0.96293 0.033333 0.21785
0.96047 0.033334 0.22482
0.93723 0.037274 0.24988
0.94414 0.037268 0.2549
0.96021 0.033334 0.24007
0.95075 0.03411 0.26542
0.94086 0.037275 0.27237
0.93733 0.037285 0.28898
0.95878 0.033336 0.27684
0.93902 0.037281 0.30275
0.93854 0.037288 0.33045
0.95353 0.033462 0.30248
0.96414 0.033333 0.32487
0.94344 0.037286 0.34222
0.94073 0.037287 0.35671
0.95771 0.03334 0.35942
0.93735 0.03728 0.36784
0.94507 0.037238 0.39639
0.9639 0.033333 0.37876
0.95028 0.034636 0.39513
0.94321 0.037244 0.40572
0.96308 0.033333 0.40855
0.95511 0.033373 0.4268
0.9386 0.037282 0.44271
0.94314 0.037275 0.4494
0.95189 0.033753 0.43357
0.95889 0.033336 0.45041
0.93626 0.037287 0.46986
0.96316 0.033333 0.47662
0.95377 0.033441 0.49205
0.944 0.03728 0.5056
0.93987 0.037301 0.51887
0.95144 0.033959 0.50862
0.95899 0.033336 0.5235
0.93441 0.037345 0.55093
0.96408 0.033333 0.53576
0.95763 0.033341 0.55371
0.94182 0.037414 0.58989
0.93879 0.037417 0.6089
0.9391 0.037412 0.61784
0.95918 0.033336 0.62303
0.94289 0.037385 0.6349
0.96095 0.033334 0.63266
0.9634 0.033333 0.65519
0.94766 0.037368 0.67307
0.95963 0.033335 0.67122
0.95883 0.033337 0.69246
0.93974 0.037393 0.7109
0.93876 0.0374 0.72207
0.95366 0.033529 0.71271
0.95437 0.033447 0.71795
0.94272 0.037396 0.75353
0.95509 0.0334 0.74476
0.95937 0.033336 0.75378
0.94042 0.037456 0.77751
0.94046 0.037447 0.7975
0.95731 0.033346 0.78567
0.93889 0.037447 0.80263
0.9537 0.033534 0.81092
0.95876 0.033337 0.8295
0.93732 0.037436 0.84506
0.96486 0.033333 0.85623
0.94209 0.037466 0.88532
0.95922 0.033336 0.86953
0.93712 0.037445 0.92145
0.95602 0.033368 0.90717
0.96451 0.033333 0.91999
0.93805 0.037392 0.93611
0.94172 0.03334 0.95822
0.95905 0.033337 0.9422
0.95394 0.033333 0.9627
