2635
1 1 1
0.034998 0.037604 0.044805
0.041106 0.037605 0.054098
0.062706 0.037604 0.035656
0.058695 0.037605 0.051333
0.046271 0.037606 0.068724
0.043712 0.037607 0.092903
0.060087 0.037607 0.080392
0.05652 0.037607 0.096549
0.038631 0.037607 0.11002
0.041361 0.037609 0.11989
0.063701 0.037607 0.10673
0.063234 0.037617 0.1421
0.040489 0.037612 0.18742
0.058651 0.037612 0.17746
0.061443 0.037613 0.19294
0.036192 0.037614 0.19768
0.040457 0.037618 0.22327
0.053517 0.037615 0.20268
0.056637 0.037618 0.21591
0.047957 0.037619 0.23219
0.042411 0.037621 0.25314
0.053133 0.03762 0.23848
0.061994 0.037622 0.25295
0.047422 0.037624 0.26486
0.046568 0.037628 0.28172
0.055958 0.037626 0.27376
0.063532 0.037629 0.28238
0.06229 0.037635 0.30312
0.057811 0.037638 0.31807
0.045241 0.037641 0.33914
0.062411 0.037642 0.34769
0.0462 0.037643 0.36897
0.045181 0.037646 0.38238
0.060809 0.037645 0.36685
0.056036 0.037651 0.38865
0.044511 0.037653 0.39932
0.03754 0.03766 0.41891
0.06034 0.037658 0.4021
0.053977 0.037662 0.41369
0.042262 0.037663 0.4423
0.05883 0.037667 0.44001
0.057952 0.037668 0.45646
0.041641 0.037666 0.47023
0.043458 0.037665 0.48536
0.051815 0.037669 0.46994
0.057359 0.037667 0.48904
0.038299 0.037654 0.50574
0.037999 0.037647 0.52745
0.054178 0.037656 0.50776
0.058407 0.037652 0.52646
0.045089 0.037645 0.53927
0.042827 0.037646 0.56568
0.060338 0.037651 0.53772
0.059036 0.037649 0.55904
0.037003 0.037647 0.57714
0.035887 0.037649 0.60008
0.051193 0.037649 0.5757
0.053136 0.037651 0.59629
0.043454 0.037649 0.60497
0.036215 0.037645 0.63261
0.05115 0.037651 0.61113
0.057113 0.037651 0.6241
0.051255 0.037641 0.65227
0.053243 0.037642 0.66436
0.047363 0.037641 0.67627
0.052364 0.037642 0.67445
0.057963 0.037642 0.69216
0.036008 0.037628 0.7333
0.059868 0.037632 0.7166
0.051684 0.03763 0.72604
0.043501 0.037626 0.74947
0.037068 0.037625 0.76488
0.059042 0.037627 0.74625
0.052062 0.037625 0.76301
0.040839 0.037624 0.77531
0.037252 0.03762 0.80131
0.058262 0.037623 0.78367
0.056347 0.037622 0.79331
0.039802 0.037616 0.82758
0.052962 0.037618 0.81582
0.058608 0.037616 0.83292
0.038092 0.037615 0.84432
0.035041 0.037611 0.86283
0.053883 0.037616 0.83876
0.056273 0.037612 0.86081
0.035605 0.037609 0.87243
0.045262 0.037609 0.89341
0.058285 0.037607 0.87967
0.056766 0.037607 0.88968
0.042036 0.037615 0.91258
0.037128 0.033344 0.95629
0.058922 0.037505 0.94495
0.061398 0.033405 0.9543
0.079725 0.037605 0.045191
0.07556 0.037605 0.059489
0.078615 0.037606 0.087909
0.094957 0.037605 0.073648
0.092267 0.037606 0.087866
0.071683 0.037606 0.10585
0.072793 0.037611 0.12852
0.085756 0.037606 0.10827
0.090018 0.037608 0.12164
0.070297 0.037615 0.13931
0.09015 0.037611 0.13569
0.093553 0.037613 0.15694
0.072386 0.037612 0.17469
0.068343 0.037613 0.18943
0.095014 0.037612 0.17452
0.095503 0.037614 0.18959
0.077677 0.037616 0.20423
0.076302 0.037618 0.22094
0.089316 0.037618 0.20928
0.097659 0.03762 0.22478
0.069992 0.037619 0.24185
0.072584 0.037621 0.24819
0.085979 0.03762 0.24241
0.090384 0.037623 0.25051
0.076357 0.037627 0.27081
0.075381 0.037631 0.28794
0.096046 0.037628 0.27078
0.068408 0.037635 0.30438
0.068747 0.037639 0.32325
0.093222 0.037634 0.30282
0.091015 0.037639 0.32376
0.071498 0.037641 0.34218
0.089955 0.037643 0.33803
0.088551 0.037647 0.35288
0.075772 0.037647 0.37583
0.09146 0.037651 0.36915
0.095028 0.037655 0.38085
0.069026 0.037662 0.40737
0.072911 0.037667 0.42075
0.092644 0.037673 0.40947
0.085739 0.037675 0.41617
0.068603 0.03767 0.44309
0.083027 0.037676 0.43486
0.084152 0.037681 0.45413
0.073229 0.037674 0.47235
0.07722 0.037675 0.48306
0.088902 0.037685 0.47822
0.088061 0.037682 0.4893
0.068378 0.037665 0.50123
0.084111 0.037669 0.51863
0.07618 0.037657 0.5358
0.071288 0.037653 0.56463
0.081486 0.037657 0.56226
0.073115 0.037653 0.57089
0.068894 0.037654 0.59999
0.084505 0.037662 0.57119
0.087297 0.037663 0.59531
0.073732 0.037655 0.6301
0.088963 0.037663 0.61318
0.093972 0.03766 0.6227
0.072521 0.037651 0.64326
0.092093 0.037652 0.66654
0.068015 0.037647 0.68315
0.085582 0.037653 0.67556
0.088868 0.037647 0.69518
0.076273 0.037635 0.71302
0.067738 0.037629 0.73389
0.091057 0.037635 0.72551
0.071221 0.037627 0.74645
0.076239 0.037625 0.75867
0.088247 0.03763 0.74255
0.085329 0.037626 0.76341
0.071597 0.037624 0.77448
0.073289 0.03762 0.80005
0.094582 0.037623 0.78585
0.07268 0.037617 0.8168
0.080605 0.037615 0.82418
0.09342 0.037619 0.80772
0.090607 0.037615 0.833
0.075057 0.037615 0.84292
0.074965 0.037612 0.86213
0.09046 0.037611 0.86587
0.077136 0.037606 0.88301
0.089023 0.037608 0.8741
0.085778 0.037607 0.89063
0.071838 0.037613 0.90999
0.077464 0.03759 0.93101
0.089592 0.03761 0.90298
0.071824 0.037562 0.93875
0.086582 0.037578 0.9474
0.11148 0.037602 0.039025
0.10684 0.037603 0.057361
0.12768 0.037601 0.03788
0.12309 0.037602 0.052219
0.10359 0.037604 0.068326
0.10809 0.037605 0.094204
0.12542 0.037603 0.096438
0.10652 0.037605 0.11011
0.11483 0.037606 0.1284
0.12641 0.037603 0.11809
0.1086 0.03761 0.14077
0.10362 0.037612 0.15534
0.12799 0.03761 0.15542
0.10874 0.037611 0.17216
0.10744 0.037613 0.18679
0.12888 0.03761 0.16638
0.12003 0.037614 0.19291
0.11395 0.037618 0.21581
0.1189 0.037616 0.2001
0.11803 0.037621 0.22614
0.10667 0.037621 0.23717
0.10151 0.037624 0.2547
0.12189 0.037623 0.23643
0.10744 0.037627 0.27204
0.10709 0.037628 0.28462
0.12145 0.037629 0.27562
0.12962 0.037629 0.28211
0.1075 0.037629 0.30199
0.10799 0.037635 0.32422
0.12901 0.037634 0.30734
0.11737 0.037631 0.31601
0.10468 0.037638 0.33194
0.1055 0.037647 0.35638
0.11621 0.037646 0.35134
0.099643 0.037649 0.36338
0.11654 0.037656 0.36766
0.12206 0.037677 0.3913
0.10248 0.037666 0.39609
0.10171 0.03768 0.4232
0.11249 0.037685 0.42336
0.097831 0.037683 0.43572
0.098659 0.037687 0.44778
0.11284 0.037693 0.44224
0.11446 0.037698 0.45484
0.097847 0.037687 0.46881
0.10581 0.037687 0.48556
0.11539 0.037701 0.47008
0.12086 0.037707 0.48749
0.10207 0.037679 0.50198
0.097583 0.037672 0.52432
0.11759 0.037687 0.52455
0.10343 0.037675 0.53723
0.099231 0.037673 0.55926
0.1196 0.037691 0.54262
0.09754 0.037668 0.58244
0.099785 0.037666 0.59569
0.11668 0.037683 0.57602
0.11842 0.037673 0.60158
0.10772 0.037658 0.61746
0.10796 0.037654 0.62747
0.12448 0.037657 0.63276
0.10529 0.037648 0.64659
0.10504 0.037646 0.65964
0.11827 0.037652 0.64122
0.11562 0.037643 0.6684
0.10415 0.037644 0.68497
0.12131 0.037643 0.68471
0.10758 0.037638 0.7301
0.12636 0.03764 0.7085
0.12802 0.037634 0.73584
0.10201 0.037632 0.74099
0.10618 0.037627 0.75729
0.12081 0.037625 0.76545
0.10782 0.037622 0.77639
0.12882 0.037619 0.7803
0.11859 0.037618 0.79236
0.10983 0.037615 0.83063
0.11867 0.037618 0.80616
0.12214 0.037614 0.83453
0.11123 0.037614 0.8404
0.12728 0.037611 0.84364
0.12714 0.037608 0.8571
0.10961 0.037607 0.87666
0.11339 0.037606 0.89303
0.12995 0.037605 0.88332
0.12344 0.037606 0.89781
0.10433 0.037609 0.9101
0.12279 0.037607 0.91234
0.12124 0.037582 0.92551
0.10595 0.037562 0.93855
0.13111 0.037508 0.94649
0.12952 0.033333 0.96458
0.14308 0.0376 0.039779
0.15868 0.037598 0.035264
0.16033 0.037598 0.053317
0.13568 0.037602 0.076169
0.14104 0.037601 0.095293
0.15399 0.0376 0.071908
0.15836 0.037599 0.090434
0.14062 0.0376 0.10631
0.14223 0.0376 0.11762
0.15286 0.037598 0.11094
0.15717 0.037599 0.1165
0.13556 0.037606 0.13752
0.13653 0.03761 0.15905
0.16138 0.037607 0.15272
0.13502 0.037611 0.17773
0.15917 0.03761 0.17227
0.15785 0.037612 0.18379
0.13742 0.037616 0.20469
0.14332 0.03762 0.22434
0.16058 0.037616 0.20596
0.13636 0.037623 0.23683
0.14633 0.037626 0.25195
0.15234 0.037623 0.2299
0.1599 0.037628 0.25796
0.13869 0.037627 0.26606
0.13784 0.03763 0.28772
0.15705 0.037629 0.26577
0.15349 0.037633 0.28439
0.14541 0.037635 0.3014
0.1331 0.037636 0.31228
0.15888 0.037639 0.2955
0.15055 0.037644 0.31843
0.13507 0.037648 0.34038
0.14405 0.037651 0.34692
0.15512 0.037652 0.32876
0.1402 0.037662 0.37109
0.13438 0.037667 0.37995
0.15744 0.037674 0.37353
0.12943 0.037698 0.41844
0.14309 0.037705 0.4217
0.13611 0.037707 0.43755
0.12938 0.03771 0.45169
0.14768 0.037718 0.44
0.14573 0.037723 0.45
0.12995 0.037715 0.46753
0.12809 0.037714 0.48465
0.14706 0.037737 0.46973
0.13639 0.037695 0.50854
0.13569 0.037687 0.52322
0.15229 0.037723 0.49974
0.12984 0.037686 0.54511
0.13646 0.037676 0.56743
0.14327 0.037685 0.54962
0.15238 0.037704 0.5543
0.13749 0.037669 0.58398
0.1329 0.037669 0.59687
0.15202 0.037681 0.58398
0.15117 0.037675 0.5964
0.13257 0.037663 0.61407
0.13556 0.037657 0.63169
0.15357 0.037668 0.6189
0.14924 0.037663 0.62914
0.13932 0.037647 0.66305
0.15809 0.03766 0.64831
0.14882 0.037651 0.66442
0.13699 0.037644 0.67614
0.14311 0.037637 0.69658
0.14723 0.037643 0.67996
0.14996 0.037637 0.70412
0.13191 0.037638 0.70766
0.14346 0.037628 0.73535
0.15445 0.037638 0.71055
0.1503 0.037628 0.7352
0.14361 0.037625 0.75071
0.13744 0.037621 0.76794
0.15598 0.037627 0.74168
0.15977 0.03762 0.75798
0.14056 0.037614 0.79462
0.15399 0.037617 0.77815
0.15562 0.037613 0.80016
0.14614 0.037613 0.80834
0.14361 0.037611 0.82928
0.16468 0.03761 0.8157
0.15701 0.037608 0.8296
0.14178 0.037606 0.84822
0.14842 0.037602 0.86315
0.16161 0.037601 0.84702
0.16173 0.037599 0.86241
0.13833 0.037604 0.87726
0.15844 0.037601 0.88139
0.15686 0.037602 0.89801
0.13643 0.037605 0.90928
0.14152 0.037562 0.92849
0.15896 0.037602 0.9113
0.15656 0.037568 0.92543
0.13773 0.033689 0.95261
0.16037 0.037504 0.94079
0.16004 0.033333 0.96144
0.1725 0.037596 0.04483
0.17948 0.037595 0.061174
0.18884 0.037594 0.045532
0.18786 0.037594 0.055108
0.17227 0.037597 0.076297
0.17607 0.037598 0.09198
0.19147 0.037594 0.077876
0.19118 0.037596 0.093108
0.17138 0.037598 0.10589
0.17563 0.037601 0.12868
0.18583 0.037599 0.10736
0.19284 0.037598 0.118
0.17421 0.037602 0.14056
0.18103 0.037604 0.1538
0.1892 0.037602 0.14515
0.19359 0.037603 0.15036
0.18063 0.037613 0.19299
0.1924 0.037607 0.17193
0.18778 0.037614 0.18839
0.17668 0.03762 0.2258
0.18914 0.037618 0.20103
0.1883 0.037624 0.21918
0.17442 0.037623 0.23803
0.17664 0.037625 0.25588
0.18874 0.037626 0.24785
0.19008 0.037629 0.26885
0.1855 0.037638 0.28662
0.16759 0.03764 0.29474
0.17381 0.037652 0.31149
0.18756 0.037654 0.30578
0.18975 0.037665 0.32207
0.1658 0.037657 0.33851
0.16839 0.037661 0.34524
0.18315 0.037664 0.33368
0.18599 0.037673 0.34292
0.17376 0.037677 0.36747
0.18373 0.037692 0.37008
0.17976 0.037691 0.38701
0.16671 0.037693 0.4218
0.18706 0.037702 0.39868
0.18623 0.037709 0.41747
0.16596 0.037705 0.43476
0.16625 0.037717 0.4499
0.18142 0.037717 0.43112
0.17409 0.037728 0.45626
0.16177 0.037737 0.48468
0.1748 0.037753 0.47522
0.17731 0.037764 0.48363
0.16051 0.037723 0.50072
0.1603 0.037712 0.52935
0.17872 0.037756 0.50662
0.17639 0.037744 0.529
0.16067 0.037713 0.54482
0.17274 0.037718 0.56263
0.16866 0.037688 0.58009
0.15999 0.037678 0.59324
0.18069 0.037706 0.58622
0.17573 0.037678 0.59867
0.16927 0.037666 0.6101
0.16394 0.037661 0.63176
0.17677 0.037672 0.60827
0.17742 0.037662 0.62747
0.16483 0.03766 0.65034
0.16703 0.037657 0.66029
0.1895 0.037682 0.65454
0.19032 0.037673 0.66614
0.16759 0.037649 0.67824
0.16692 0.037644 0.69408
0.18011 0.037654 0.6761
0.1836 0.037648 0.69595
0.17372 0.037634 0.72106
0.17068 0.037628 0.73266
0.18366 0.037642 0.70887
0.18496 0.037626 0.73744
0.17759 0.037615 0.75176
0.1708 0.037615 0.75937
0.18644 0.037617 0.75109
0.17061 0.037613 0.79378
0.19108 0.037614 0.77395
0.19082 0.037611 0.79996
0.17608 0.03761 0.80827
0.18946 0.037607 0.81586
0.19122 0.0376 0.83042
0.18087 0.037598 0.84074
0.17181 0.037596 0.85707
0.19004 0.037595 0.84752
0.18816 0.037593 0.85452
0.17 0.037597 0.87607
0.16994 0.037598 0.89226
0.1961 0.03759 0.87084
0.19536 0.03759 0.89018
0.17202 0.037549 0.9291
0.18732 0.037541 0.93007
0.18184 0.033467 0.95357
0.189 0.037505 0.93847
0.19421 0.033346 0.95607
0.20355 0.037591 0.04429
0.21189 0.03759 0.05849
0.22544 0.037588 0.034974
0.22351 0.037588 0.056274
0.21058 0.03759 0.068605
0.20731 0.037592 0.088368
0.22805 0.037587 0.070759
0.22463 0.037589 0.093142
0.21303 0.037591 0.10045
0.20702 0.037596 0.12637
0.22987 0.037589 0.10103
0.22161 0.037593 0.12098
0.20598 0.037599 0.1415
0.20158 0.037604 0.17281
0.2119 0.037611 0.18888
0.22823 0.037596 0.1719
0.2306 0.037599 0.18284
0.20711 0.037619 0.19947
0.22459 0.037617 0.1994
0.21271 0.037632 0.23695
0.22643 0.03764 0.2319
0.22393 0.03765 0.25512
0.20583 0.037623 0.27116
0.20083 0.037625 0.27909
0.22451 0.037642 0.26564
0.21782 0.037622 0.28296
0.20866 0.037628 0.30298
0.20597 0.03765 0.32234
0.21547 0.037627 0.31109
0.1992 0.037663 0.32811
0.20333 0.037678 0.35036
0.21573 0.037653 0.32723
0.2245 0.037682 0.3434
0.20633 0.037676 0.35993
0.2025 0.037682 0.37751
0.21836 0.037682 0.35811
0.21027 0.037679 0.38393
0.19921 0.037701 0.40201
0.2079 0.037695 0.39864
0.19782 0.037729 0.42544
0.18792 0.037758 0.45274
0.21102 0.037758 0.42659
0.20961 0.037799 0.44532
0.19256 0.037786 0.46487
0.1944 0.037805 0.48625
0.19886 0.037812 0.47291
0.20238 0.037842 0.48652
0.19048 0.037789 0.50858
0.19237 0.03778 0.52248
0.19331 0.037766 0.54003
0.19448 0.037756 0.55477
0.20463 0.03778 0.55561
0.19322 0.037723 0.58591
0.19017 0.037712 0.59843
0.20902 0.03776 0.58365
0.20918 0.037755 0.59072
0.19134 0.037702 0.61109
0.19404 0.037694 0.63631
0.21714 0.037727 0.63632
0.19484 0.037687 0.6528
0.20422 0.037684 0.65931
0.21701 0.037717 0.64499
0.20519 0.037664 0.67756
0.20007 0.037647 0.69959
0.21612 0.037668 0.67889
0.2153 0.037647 0.70079
0.19942 0.037636 0.71324
0.19961 0.037622 0.73204
0.2164 0.037631 0.71493
0.21897 0.037618 0.72588
0.20408 0.03761 0.76333
0.22053 0.037611 0.75168
0.20371 0.037611 0.78452
0.2108 0.037605 0.796
0.22172 0.037608 0.77547
0.20563 0.037597 0.83397
0.22882 0.037598 0.81818
0.22558 0.037594 0.83256
0.2062 0.037592 0.84801
0.20974 0.037588 0.86122
0.22404 0.037593 0.83898
0.22542 0.037585 0.86021
0.20878 0.037587 0.87649
0.21128 0.037587 0.89368
0.22173 0.037584 0.87795
0.2267 0.037583 0.89641
0.21544 0.037547 0.92744
0.22655 0.037588 0.91397
0.20337 0.037465 0.94688
0.21492 0.033333 0.96262
0.22316 0.037483 0.94261
0.22355 0.033338 0.95712
0.23608 0.037586 0.034984
0.23975 0.037585 0.061233
0.25356 0.037582 0.042397
0.2618 0.03758 0.055968
0.24148 0.037584 0.067353
0.23776 0.037585 0.084042
0.25767 0.037579 0.075372
0.26102 0.037579 0.084751
0.24753 0.03759 0.11801
0.25742 0.037584 0.10047
0.25295 0.03759 0.1247
0.2371 0.037594 0.14298
0.2564 0.03759 0.13767
0.26232 0.037589 0.15414
0.23736 0.037593 0.17415
0.24747 0.037599 0.1891
0.25491 0.03759 0.17439
0.26083 0.037593 0.18398
0.24063 0.037617 0.20819
0.23418 0.037636 0.226
0.25735 0.037605 0.20356
0.23381 0.037648 0.24081
0.24073 0.037657 0.24642
0.24406 0.037653 0.269
0.2434 0.037647 0.28648
0.26609 0.037876 0.27863
0.26214 0.037771 0.29609
0.25611 0.037678 0.31173
0.23233 0.037679 0.346
0.2512 0.03768 0.33325
0.25589 0.03771 0.35034
0.23513 0.037679 0.35759
0.24681 0.037692 0.36308
0.24185 0.037685 0.3772
0.22482 0.037714 0.3967
0.23359 0.037732 0.40985
0.24419 0.037714 0.38972
0.22707 0.037758 0.42397
0.22264 0.037806 0.44401
0.24322 0.037788 0.4271
0.23638 0.037826 0.44672
0.21516 0.037881 0.47005
0.22966 0.037885 0.46418
0.23409 0.037982 0.48011
0.22439 0.037888 0.50211
0.22878 0.037893 0.52998
0.22033 0.037838 0.54692
0.21703 0.037811 0.56596
0.22709 0.037785 0.59356
0.2362 0.037787 0.60104
0.23218 0.037742 0.61302
0.2308 0.037702 0.63947
0.23858 0.037733 0.61742
0.2445 0.037702 0.63506
0.22807 0.037688 0.65398
0.23662 0.037667 0.66424
0.24603 0.037674 0.65602
0.24786 0.037674 0.67029
0.23753 0.037663 0.68686
0.25639 0.037665 0.69493
0.2392 0.03762 0.72182
0.25068 0.037635 0.71276
0.25291 0.037615 0.73167
0.23941 0.037608 0.74477
0.23699 0.037603 0.76187
0.25453 0.037608 0.74981
0.26367 0.037602 0.766
0.23447 0.037605 0.78171
0.2431 0.037599 0.79387
0.25922 0.037601 0.77542
0.24366 0.037595 0.80926
0.26169 0.037589 0.8105
0.25514 0.037586 0.8297
0.24483 0.037585 0.84539
0.24025 0.03758 0.86085
0.2387 0.037577 0.87891
0.2376 0.037576 0.88823
0.26077 0.03757 0.87701
0.24803 0.037576 0.91248
0.23859 0.03754 0.92858
0.25407 0.037572 0.9033
0.26282 0.037526 0.93056
0.24564 0.033333 0.9613
0.25798 0.037511 0.9361
0.2782 0.037574 0.056341
0.29871 0.037568 0.060878
0.28004 0.037571 0.079385
0.27323 0.037577 0.094135
0.29726 0.037567 0.074088
0.2743 0.037579 0.10897
0.29389 0.037572 0.10402
0.28907 0.037576 0.12288
0.27501 0.03758 0.13591
0.27241 0.037584 0.15671
0.29649 0.037569 0.13775
0.29787 0.037573 0.15794
0.26879 0.037585 0.16955
0.27397 0.037586 0.18268
0.28911 0.037581 0.19331
0.27674 0.037586 0.21683
0.29133 0.037578 0.1985
0.28829 0.037575 0.22493
0.27345 0.037748 0.26333
0.28793 0.037567 0.24038
0.28824 0.037726 0.2619
0.28366 0.037918 0.27101
0.26973 0.037828 0.29657
0.27031 0.037729 0.30626
0.28985 0.037692 0.3102
0.26506 0.037682 0.32743
0.26797 0.037713 0.35058
0.27767 0.03767 0.33345
0.27978 0.03771 0.34596
0.26605 0.03772 0.35665
0.26541 0.037734 0.37625
0.28112 0.037757 0.36704
0.26042 0.03776 0.39639
0.25581 0.037785 0.41122
0.27583 0.037796 0.40104
0.26904 0.037801 0.41598
0.24549 0.03788 0.45132
0.26593 0.037804 0.42393
0.2712 0.037868 0.44229
0.24146 0.037967 0.46571
0.24322 0.038029 0.48347
0.25704 0.038121 0.47795
0.24056 0.037988 0.50645
0.25167 0.037981 0.53215
0.24539 0.037947 0.53839
0.24998 0.037913 0.57083
0.25451 0.03795 0.54973
0.26492 0.037997 0.56132
0.25482 0.037903 0.57774
0.25242 0.037804 0.60579
0.26253 0.037908 0.58062
0.26535 0.037848 0.59407
0.25896 0.037752 0.61673
0.26095 0.037709 0.63559
0.27593 0.037705 0.63159
0.26484 0.037687 0.65357
0.26366 0.037683 0.66943
0.27762 0.037682 0.65337
0.28117 0.037674 0.67027
0.2637 0.037683 0.67776
0.2729 0.037631 0.69843
0.2882 0.03768 0.67925
0.28547 0.037615 0.70499
0.27174 0.037599 0.71882
0.27581 0.03759 0.72639
0.29433 0.037608 0.72939
0.27957 0.03761 0.75285
0.27581 0.037597 0.7692
0.29423 0.037624 0.74532
0.26996 0.037595 0.77696
0.27843 0.03758 0.79446
0.29624 0.037587 0.78088
0.29233 0.03758 0.7982
0.29412 0.037583 0.81502
0.28682 0.037582 0.83021
0.27941 0.037579 0.84756
0.29803 0.037573 0.84471
0.29006 0.03757 0.85966
0.27358 0.037566 0.88112
0.28341 0.037562 0.89326
0.29498 0.03756 0.88022
0.28798 0.037561 0.89425
0.29948 0.037559 0.90974
0.29701 0.037533 0.92611
0.27966 0.037459 0.9463
0.28239 0.033355 0.95538
0.2999 0.037508 0.93584
0.28787 0.033334 0.96022
0.3049 0.037566 0.045339
0.3084 0.037565 0.058426
0.33166 0.037557 0.044233
0.33282 0.037558 0.058269
0.30687 0.037565 0.079526
0.31091 0.037567 0.086968
0.32755 0.03756 0.07012
0.32347 0.037563 0.093511
0.30891 0.037567 0.10777
0.30665 0.037568 0.12544
0.33176 0.037559 0.10293
0.322 0.037563 0.12315
0.30511 0.037565 0.14365
0.30811 0.03757 0.155
0.32495 0.037558 0.14227
0.32568 0.037563 0.15161
0.30581 0.037571 0.17621
0.30831 0.037572 0.19094
0.32568 0.037562 0.17013
0.30808 0.037573 0.22111
0.32895 0.037569 0.20626
0.32725 0.037574 0.21452
0.29761 0.03757 0.24307
0.30341 0.037595 0.25348
0.313 0.037601 0.25688
0.29976 0.037724 0.2676
0.29206 0.037995 0.28433
0.31039 0.037626 0.26526
0.31459 0.037606 0.27962
0.29434 0.037803 0.29763
0.29538 0.037712 0.30713
0.3116 0.037644 0.30128
0.31281 0.037647 0.30865
0.30074 0.037678 0.32465
0.29214 0.037732 0.34804
0.31335 0.037679 0.3321
0.32013 0.037726 0.3471
0.29637 0.037749 0.35304
0.28999 0.03781 0.38123
0.30684 0.037772 0.36208
0.31306 0.03787 0.37607
0.28704 0.037823 0.39963
0.294 0.037833 0.40866
0.30244 0.03783 0.39618
0.30496 0.037867 0.41228
0.28477 0.037852 0.42927
0.27682 0.037916 0.44699
0.304 0.037989 0.42821
0.30506 0.038138 0.4383
0.27064 0.038197 0.4743
0.28524 0.038111 0.4602
0.27303 0.038225 0.48455
0.26752 0.038225 0.49869
0.26159 0.038172 0.51758
0.27796 0.038378 0.49986
0.2744 0.038133 0.53907
0.2838 0.038049 0.56558
0.27522 0.037932 0.5824
0.30239 0.037854 0.59888
0.28447 0.037739 0.62282
0.28963 0.037715 0.63603
0.3139 0.03781 0.63262
0.31452 0.037776 0.65885
0.31838 0.03778 0.67264
0.3254 0.037695 0.70243
0.32723 0.037656 0.72077
0.32099 0.037645 0.73235
0.30667 0.037631 0.74175
0.3133 0.037598 0.76086
0.32447 0.037613 0.74819
0.32299 0.037592 0.76561
0.31372 0.037588 0.78045
0.30621 0.037579 0.79391
0.3209 0.037584 0.78456
0.3215 0.037579 0.80073
0.30488 0.037581 0.80711
0.3239 0.037558 0.82745
0.30702 0.037566 0.84185
0.31356 0.037555 0.85909
0.30607 0.037554 0.88251
0.31393 0.03755 0.89021
0.32596 0.037549 0.87147
0.32417 0.037546 0.89655
0.30721 0.037556 0.91299
0.31665 0.037535 0.92899
0.33346 0.037544 0.90569
0.32443 0.037538 0.92271
0.30831 0.0375 0.94544
0.3267 0.037506 0.94263
0.34328 0.037553 0.040665
0.34231 0.037554 0.055703
0.36744 0.037546 0.040787
0.35658 0.03755 0.051417
0.34273 0.037555 0.073424
0.34219 0.037557 0.085769
0.35806 0.037551 0.083618
0.34415 0.037553 0.10437
0.33881 0.037556 0.12168
0.35925 0.037545 0.12066
0.3414 0.037554 0.13847
0.34538 0.037558 0.15077
0.35795 0.037548 0.14023
0.36452 0.03755 0.14865
0.34541 0.037557 0.16852
0.34513 0.037556 0.17938
0.35276 0.037557 0.16415
0.35742 0.037558 0.17896
0.33687 0.037569 0.19921
0.33437 0.037584 0.21952
0.35275 0.037573 0.198
0.34091 0.037589 0.23208
0.33474 0.037601 0.25504
0.35156 0.037594 0.234
0.35795 0.037614 0.24886
0.34015 0.037584 0.27047
0.33732 0.037588 0.28011
0.35563 0.037609 0.26683
0.34779 0.037584 0.27514
0.33049 0.03762 0.29347
0.33237 0.037679 0.31561
0.34754 0.037617 0.29358
0.34348 0.037666 0.31604
0.33714 0.037702 0.32294
0.32819 0.037714 0.34143
0.34297 0.037747 0.33244
0.3543 0.038181 0.35948
0.34577 0.038011 0.37324
0.32033 0.037881 0.39501
0.31651 0.037898 0.41292
0.33205 0.037881 0.38676
0.31636 0.038147 0.42891
0.32633 0.038034 0.42394
0.29352 0.038252 0.46025
0.28712 0.038396 0.48595
0.29966 0.038465 0.47706
0.28763 0.038453 0.4979
0.29062 0.038474 0.49825
0.3009 0.038529 0.53074
0.29608 0.038086 0.57084
0.30383 0.038404 0.54673
0.31056 0.038097 0.56897
0.31615 0.037883 0.59271
0.3137 0.037844 0.61024
0.31643 0.037834 0.61806
0.32495 0.037826 0.63562
0.33759 0.037894 0.61667
0.34577 0.037863 0.63241
0.33527 0.037786 0.65904
0.32593 0.037783 0.67296
0.34793 0.037804 0.65464
0.34498 0.037758 0.66982
0.3321 0.037693 0.69781
0.34872 0.037719 0.68153
0.3567 0.037653 0.70366
0.33176 0.037669 0.71458
0.34047 0.037625 0.727
0.35559 0.037643 0.71514
0.35059 0.037613 0.73611
0.34023 0.037609 0.74254
0.34254 0.037585 0.76827
0.35416 0.037588 0.74712
0.35767 0.037582 0.76303
0.35638 0.037588 0.77934
0.35783 0.037562 0.80056
0.34936 0.037553 0.81363
0.33856 0.037551 0.82146
0.35894 0.037543 0.82446
0.34916 0.03755 0.84265
0.34686 0.037543 0.85947
0.36622 0.037543 0.83622
0.36525 0.037535 0.85995
0.34107 0.037544 0.87811
0.34444 0.037539 0.89194
0.35748 0.037534 0.88647
0.34954 0.037539 0.9092
0.3428 0.03751 0.92664
0.35727 0.037536 0.91214
0.35723 0.037508 0.92355
0.34898 0.037465 0.93798
0.34063 0.033335 0.95832
0.36395 0.03746 0.9377
0.35585 0.033333 0.96254
0.3744 0.037544 0.03511
0.38429 0.037544 0.055984
0.39318 0.037539 0.040921
0.39469 0.037546 0.070345
0.39897 0.037547 0.091761
0.37436 0.037539 0.10334
0.38533 0.037526 0.11573
0.39852 0.037529 0.10717
0.39318 0.037526 0.11517
0.373 0.037539 0.14272
0.37385 0.037553 0.15592
0.39804 0.037528 0.13587
0.38019 0.037553 0.16569
0.37434 0.037559 0.17777
0.39486 0.037566 0.18793
0.37448 0.037575 0.19615
0.37713 0.037578 0.2124
0.38951 0.037568 0.20096
0.38891 0.03757 0.21051
0.37121 0.037586 0.23687
0.3681 0.03761 0.2483
0.39562 0.037584 0.22844
0.39135 0.037615 0.251
0.36642 0.037624 0.26316
0.36511 0.037632 0.28499
0.39066 0.037626 0.26739
0.37829 0.037654 0.28184
0.37114 0.037659 0.30695
0.38484 0.037683 0.29437
0.38336 0.037697 0.30381
0.35955 0.03769 0.32314
0.36473 0.038013 0.3447
0.35782 0.038242 0.36612
0.37565 0.038172 0.35283
0.35641 0.038072 0.38161
0.36357 0.038153 0.37835
0.3571 0.037957 0.39399
0.33791 0.038139 0.42791
0.33184 0.038357 0.43894
0.34924 0.037971 0.41666
0.33488 0.038352 0.44235
0.31483 0.038734 0.45558
0.31459 0.038605 0.4719
0.29949 0.038746 0.50661
0.31058 0.038473 0.53904
0.30722 0.038827 0.50223
0.31446 0.03846 0.54053
0.32352 0.038225 0.56165
0.32694 0.038072 0.57471
0.33597 0.037998 0.5939
0.34307 0.03794 0.61128
0.34847 0.038049 0.58853
0.36441 0.038103 0.61309
0.35156 0.03788 0.62956
0.35314 0.037866 0.63775
0.3652 0.037926 0.62923
0.37265 0.03792 0.63939
0.35568 0.037797 0.65596
0.36098 0.037734 0.67533
0.38359 0.037867 0.65351
0.38665 0.037789 0.66377
0.363 0.037684 0.68638
0.37945 0.037743 0.67813
0.38655 0.037698 0.69871
0.38058 0.037618 0.7311
0.39517 0.037667 0.71144
0.38964 0.037612 0.73132
0.37877 0.037573 0.7514
0.37019 0.037575 0.75772
0.38664 0.037581 0.74781
0.38299 0.037563 0.77974
0.38065 0.037546 0.79784
0.38953 0.03757 0.77453
0.38015 0.037544 0.80765
0.37389 0.037537 0.82935
0.37704 0.037537 0.83723
0.37564 0.037529 0.85477
0.39119 0.037529 0.83718
0.39252 0.037523 0.86227
0.37809 0.037533 0.87458
0.37367 0.037528 0.89402
0.39537 0.037519 0.89721
0.37761 0.037527 0.90871
0.38442 0.03749 0.92772
0.3909 0.037521 0.90796
0.39796 0.037481 0.93027
0.38154 0.037457 0.94121
0.37561 0.033409 0.95384
0.39447 0.037455 0.94191
0.40056 0.033368 0.95462
0.41808 0.037536 0.036663
0.42361 0.037534 0.041459
0.4251 0.037541 0.064455
0.40924 0.037549 0.08023
0.4306 0.037539 0.073555
0.43777 0.037602 0.09596
0.42093 0.037523 0.10634
0.41069 0.037513 0.11608
0.42886 0.037572 0.10515
0.4301 0.037587 0.12192
0.41628 0.037526 0.13957
0.40965 0.037546 0.1559
0.43125 0.037539 0.1452
0.41266 0.03754 0.16455
0.41026 0.03755 0.18512
0.42362 0.037526 0.17015
0.42551 0.037522 0.17689
0.41316 0.037573 0.21966
0.42631 0.037524 0.20008
0.43133 0.037515 0.20706
0.39888 0.037583 0.23372
0.40956 0.037628 0.25073
0.43019 0.037562 0.22483
0.40733 0.037631 0.26539
0.40281 0.037637 0.27397
0.4259 0.037666 0.2768
0.40745 0.03768 0.29464
0.39785 0.037725 0.30672
0.42219 0.03768 0.28428
0.41619 0.037694 0.29977
0.39676 0.037776 0.32415
0.39914 0.037852 0.33739
0.41726 0.037793 0.31727
0.40683 0.037889 0.34031
0.38277 0.038244 0.36237
0.41206 0.037951 0.34654
0.37261 0.038229 0.37524
0.36854 0.037968 0.39514
0.39501 0.038082 0.37389
0.38585 0.037951 0.38637
0.36781 0.037873 0.41506
0.35991 0.037983 0.4318
0.38148 0.037918 0.39806
0.3398 0.0383 0.4497
0.31863 0.038462 0.47127
0.35746 0.037719 0.44498
0.3213 0.038126 0.48281
0.31649 0.038475 0.49248
0.31871 0.038568 0.52772
0.32051 0.037856 0.49915
0.33143 0.038068 0.53869
0.35003 0.037994 0.56577
0.3698 0.038004 0.57734
0.37181 0.038306 0.60758
0.40072 0.038189 0.62171
0.38291 0.038082 0.6277
0.39341 0.037936 0.64583
0.40442 0.038094 0.62968
0.39676 0.037837 0.65461
0.4044 0.037746 0.66527
0.41194 0.03781 0.65065
0.42212 0.037699 0.6605
0.39738 0.037724 0.68445
0.40497 0.037679 0.69231
0.42515 0.037712 0.67969
0.427 0.037637 0.69505
0.41214 0.03763 0.71246
0.40712 0.037603 0.72505
0.42565 0.037577 0.72148
0.40743 0.037562 0.75587
0.42576 0.037554 0.74273
0.42054 0.037562 0.75843
0.41246 0.037549 0.77551
0.40479 0.037533 0.79556
0.42979 0.037528 0.77603
0.43298 0.037516 0.79169
0.41711 0.037512 0.81311
0.43402 0.037513 0.80463
0.42166 0.037506 0.82152
0.40776 0.03752 0.83706
0.42687 0.037503 0.85848
0.41553 0.037511 0.87811
0.41112 0.03751 0.89614
0.4303 0.037503 0.87827
0.42507 0.037502 0.88722
0.41277 0.037511 0.90637
0.41098 0.037479 0.92936
0.42995 0.037478 0.9267
0.40571 0.037449 0.94453
0.42118 0.03746 0.9374
0.43066 0.033333 0.96106
0.44122 0.037533 0.041707
0.44702 0.03753 0.062317
0.45975 0.037528 0.045436
0.44191 0.037529 0.072724
0.44377 0.037611 0.095078
0.46638 0.037513 0.082373
0.4602 0.037683 0.1006
0.44465 0.037851 0.11739
0.46269 0.037744 0.10675
0.4504 0.037782 0.12918
0.44263 0.037525 0.1464
0.45661 0.037781 0.1301
0.46509 0.0375 0.14797
0.44938 0.037464 0.16055
0.44558 0.037502 0.18244
0.46315 0.03746 0.16909
0.46081 0.037486 0.1862
0.44824 0.037496 0.19723
0.44246 0.037504 0.20883
0.45573 0.037508 0.21625
0.4386 0.037559 0.22894
0.43434 0.037598 0.24281
0.45299 0.03754 0.22768
0.4365 0.037628 0.2529
0.43577 0.037633 0.26751
0.45825 0.037607 0.26194
0.46134 0.037658 0.27362
0.43285 0.037691 0.28239
0.44791 0.03773 0.29143
0.45443 0.037824 0.30433
0.43083 0.037813 0.31624
0.42713 0.037841 0.33141
0.45046 0.03787 0.3116
0.44512 0.037856 0.32422
0.42723 0.037931 0.34258
0.41881 0.038023 0.36194
0.45099 0.038003 0.33981
0.44314 0.038103 0.35257
0.43652 0.038166 0.3696
0.39059 0.037305 0.39918
0.38568 0.037062 0.42005
0.42354 0.036801 0.38181
0.40534 0.035183 0.40369
0.36697 0.036891 0.43893
0.33857 0.036149 0.46761
0.34823 0.034285 0.48077
0.32682 0.036333 0.5099
0.33974 0.037086 0.54004
0.33454 0.03555 0.51768
0.38272 0.035686 0.56139
0.38489 0.036991 0.58402
0.39755 0.037397 0.59897
0.39344 0.036209 0.58686
0.40629 0.036992 0.59912
0.41253 0.038497 0.61054
0.42015 0.038192 0.60616
0.42749 0.038441 0.61824
0.4222 0.038039 0.63522
0.439 0.038224 0.62441
0.44988 0.037922 0.63593
0.43123 0.037689 0.65349
0.43102 0.037699 0.66359
0.4497 0.037739 0.65335
0.44853 0.037738 0.66174
0.43406 0.03767 0.68215
0.4431 0.037617 0.69559
0.4634 0.037558 0.69293
0.44073 0.037579 0.71074
0.44645 0.037554 0.72664
0.45566 0.037559 0.70826
0.46054 0.037529 0.72811
0.44938 0.037534 0.73737
0.43818 0.037535 0.75849
0.46205 0.037498 0.74155
0.45857 0.037509 0.75813
0.44266 0.037521 0.77298
0.44414 0.037511 0.79441
0.45686 0.037501 0.77602
0.46756 0.037501 0.79451
0.44588 0.03749 0.81773
0.45697 0.037485 0.81126
0.45675 0.037486 0.82073
0.44732 0.037499 0.83424
0.44026 0.037497 0.85815
0.46564 0.03749 0.8343
0.44242 0.037501 0.8684
0.4429 0.037496 0.88878
0.45528 0.037492 0.87881
0.46268 0.037489 0.89247
0.44924 0.037497 0.91247
0.44917 0.037474 0.92478
0.46226 0.037491 0.91302
0.45788 0.03746 0.9292
0.4463 0.037432 0.94654
0.46592 0.037425 0.94274
0.46183 0.033333 0.96311
0.40096 0.038004 0.43902
0.37108 0.038345 0.46262
0.36778 0.038223 0.52237
0.36949 0.036268 0.4919
0.4837 0.037516 0.04625
0.48011 0.037517 0.065099
0.49819 0.037507 0.039064
0.49009 0.037512 0.062876
0.47222 0.037513 0.082369
0.47451 0.03756 0.094865
0.49391 0.037508 0.073864
0.49226 0.037506 0.094275
0.47986 0.037558 0.11067
0.47375 0.037663 0.11604
0.48547 0.037502 0.10529
0.4954 0.037486 0.12387
0.47327 0.03762 0.13097
0.49373 0.037497 0.14792
0.472 0.037472 0.16549
0.47975 0.037473 0.18002
0.48914 0.037492 0.1635
0.48128 0.037472 0.19634
0.47824 0.03748 0.2129
0.49319 0.037459 0.19478
0.4938 0.037452 0.21176
0.47519 0.037517 0.23385
0.48203 0.037516 0.23954
0.49136 0.03749 0.22731
0.4981 0.037472 0.23967
0.46943 0.03759 0.26242
0.4831 0.037578 0.26633
0.49805 0.037526 0.26185
0.50278 0.037582 0.2742
0.47279 0.037726 0.28932
0.47556 0.037809 0.29723
0.48796 0.037803 0.29752
0.46706 0.037951 0.31392
0.47068 0.038193 0.32648
0.48667 0.037983 0.31478
0.48918 0.038215 0.32573
0.46807 0.038299 0.33558
0.4709 0.038503 0.34286
0.48852 0.038688 0.34414
0.45833 0.038146 0.36389
0.47776 0.038471 0.35159
0.47928 0.037809 0.35631
0.43993 0.036081 0.38038
0.43355 0.034581 0.39117
0.4696 0.035641 0.36834
0.47079 0.034351 0.37357
0.41679 0.033582 0.42196
0.4318 0.033362 0.48755
0.39123 0.033435 0.51011
0.39948 0.034393 0.5743
0.44445 0.03375 0.59614
0.43597 0.035472 0.60335
0.47915 0.034055 0.59268
0.49264 0.035441 0.60414
0.43724 0.03764 0.60999
0.45436 0.038075 0.61688
0.48913 0.037017 0.61243
0.50119 0.037865 0.61978
0.45935 0.038127 0.62413
0.46442 0.03784 0.64182
0.48182 0.03801 0.62704
0.49741 0.037852 0.63805
0.46237 0.037785 0.64654
0.46586 0.037681 0.66144
0.49912 0.037642 0.64707
0.47469 0.037633 0.67132
0.47357 0.037544 0.69687
0.48582 0.037558 0.67498
0.4935 0.03751 0.6884
0.4793 0.03751 0.71584
0.49385 0.037514 0.69933
0.49555 0.037491 0.71933
0.4798 0.037483 0.73721
0.48134 0.037484 0.75088
0.49688 0.037458 0.73863
0.49846 0.037472 0.75076
0.48312 0.037504 0.76435
0.47416 0.037494 0.78753
0.49471 0.03749 0.79328
0.482 0.037473 0.8235
0.49673 0.037477 0.8044
0.49458 0.037469 0.82604
0.48001 0.037479 0.83839
0.48206 0.037473 0.85533
0.48883 0.037468 0.85241
0.47889 0.037485 0.87165
0.47621 0.037482 0.88308
0.49653 0.037479 0.877
0.47196 0.037458 0.92595
0.49334 0.037483 0.90657
0.48851 0.03744 0.9283
0.47837 0.037412 0.94354
0.47829 0.033664 0.95196
0.48949 0.037416 0.93703
0.4607 0.03397 0.42158
0.40453 0.034203 0.48369
0.42925 0.033892 0.50039
0.45204 0.033989 0.55492
0.46563 0.036299 0.38715
0.47581 0.037314 0.38072
0.4079 0.036222 0.43947
0.39243 0.035331 0.46042
0.40963 0.037147 0.42617
0.39772 0.036745 0.44688
0.46818 0.034935 0.40452
0.41745 0.034096 0.45039
0.47365 0.036229 0.38645
0.42511 0.033792 0.48242
0.40437 0.034438 0.52056
0.36192 0.03829 0.51738
0.4192 0.037484 0.57431
0.47361 0.033977 0.5426
0.44551 0.035874 0.57928
0.43384 0.033914 0.52557
0.43398 0.036341 0.58377
0.42342 0.037065 0.57957
0.47704 0.037185 0.38167
0.42515 0.036531 0.42012
0.40743 0.034977 0.46588
0.44196 0.035832 0.41272
0.39916 0.035319 0.46923
0.45355 0.037548 0.39125
0.41943 0.034371 0.47001
0.45442 0.035122 0.41444
0.4474 0.034772 0.45409
0.38434 0.036777 0.53186
0.40153 0.037162 0.54879
0.37579 0.036056 0.48515
0.41931 0.03503 0.5392
0.41646 0.034305 0.49476
0.46385 0.034303 0.55308
0.44281 0.034121 0.4949
0.43255 0.034649 0.55402
0.42459 0.037034 0.57921
0.47345 0.037339 0.58126
0.43928 0.034494 0.43846
0.45136 0.034606 0.51709
0.5099 0.0375 0.045676
0.52809 0.037491 0.047739
0.52707 0.037491 0.057671
0.50882 0.037498 0.07232
0.5087 0.037499 0.089348
0.53232 0.037486 0.068381
0.52614 0.037487 0.089544
0.50354 0.037486 0.10721
0.51375 0.037479 0.11731
0.52995 0.037468 0.10963
0.52505 0.037468 0.11615
0.51748 0.037468 0.13809
0.51561 0.037466 0.14874
0.52179 0.037463 0.13688
0.52414 0.037451 0.15982
0.51385 0.037455 0.16492
0.51916 0.037417 0.18022
0.53331 0.037398 0.17774
0.52326 0.03741 0.18142
0.51994 0.037399 0.20546
0.50724 0.037418 0.21093
0.53363 0.037364 0.20305
0.53684 0.037322 0.21747
0.52067 0.037435 0.23541
0.52092 0.037447 0.2466
0.53554 0.037547 0.24055
0.53466 0.037629 0.25028
0.51263 0.037529 0.27189
0.53873 0.037692 0.26142
0.53499 0.037641 0.26659
0.51258 0.037586 0.28259
0.52051 0.037657 0.29572
0.54154 0.037801 0.28013
0.54054 0.037758 0.29334
0.50586 0.037847 0.3105
0.53792 0.037733 0.31009
0.53938 0.037752 0.31796
0.49671 0.03858 0.34124
0.52502 0.038135 0.32909
0.53547 0.038125 0.34994
0.50187 0.038164 0.34711
0.50353 0.037784 0.34949
0.53392 0.037673 0.37691
0.5171 0.035667 0.36559
0.50591 0.034523 0.372
0.52567 0.035805 0.38614
0.50308 0.034439 0.42411
0.48303 0.033418 0.43538
0.49339 0.033805 0.44733
0.50125 0.033439 0.47509
0.46309 0.033381 0.51616
0.5295 0.033618 0.58515
0.56152 0.033419 0.55933
0.5755 0.034186 0.58597
0.50552 0.035976 0.60911
0.55234 0.035686 0.59626
0.54754 0.036886 0.6044
0.53303 0.037449 0.61468
0.5085 0.038027 0.63212
0.52704 0.037943 0.62125
0.53594 0.037828 0.63249
0.50967 0.037683 0.64407
0.51657 0.037534 0.65531
0.53247 0.037581 0.64923
0.53664 0.037573 0.6578
0.5115 0.037549 0.6724
0.50549 0.03751 0.68577
0.52507 0.03758 0.66904
0.53655 0.03753 0.68415
0.50495 0.037485 0.70957
0.51127 0.03748 0.72312
0.52225 0.03748 0.72391
0.50997 0.037452 0.73686
0.5111 0.037456 0.74828
0.52922 0.037474 0.72945
0.52235 0.037456 0.74959
0.51719 0.037479 0.7637
0.50769 0.037478 0.78683
0.52908 0.037467 0.77436
0.53335 0.037472 0.78731
0.50898 0.03747 0.8049
0.51421 0.037456 0.81461
0.52569 0.037457 0.80902
0.52607 0.037458 0.81899
0.51288 0.037464 0.84928
0.53322 0.037464 0.85639
0.51115 0.037482 0.87402
0.51651 0.037477 0.88886
0.53195 0.037476 0.87305
0.53261 0.037472 0.89149
0.50363 0.037479 0.91252
0.52189 0.03748 0.90899
0.50589 0.033853 0.9514
0.52885 0.037356 0.94372
0.52675 0.033335 0.95767
0.46177 0.034064 0.49819
0.49968 0.033819 0.54147
0.48356 0.034624 0.39432
0.47704 0.033997 0.47539
0.5115 0.037309 0.40517
0.46072 0.033913 0.43854
0.51599 0.035255 0.51588
0.48372 0.037127 0.44717
0.53535 0.036576 0.51841
0.49916 0.033818 0.52405
0.50148 0.034949 0.57189
0.54474 0.034208 0.55804
0.53788 0.036795 0.57736
0.56381 0.034483 0.55761
0.56123 0.036091 0.58086
0.58609 0.038143 0.55589
0.58228 0.038358 0.57277
0.51997 0.036495 0.58466
0.50499 0.036985 0.39181
0.5064 0.036051 0.39808
0.45321 0.033947 0.47586
0.4824 0.034909 0.41946
0.47565 0.034784 0.45708
0.48299 0.037384 0.44692
0.51028 0.035543 0.49487
0.48857 0.034938 0.4809
0.51721 0.034289 0.53302
0.51829 0.036166 0.55841
0.48123 0.034574 0.50814
0.50811 0.034911 0.54956
0.58216 0.037684 0.56416
0.57367 0.037077 0.5761
0.54625 0.035661 0.53723
0.46178 0.034437 0.44752
0.47117 0.034506 0.4613
0.49258 0.034602 0.51611
0.54371 0.037484 0.054898
0.56599 0.037473 0.036776
0.56171 0.037472 0.064203
0.54573 0.037471 0.094395
0.55768 0.037471 0.072648
0.55837 0.037467 0.090446
0.54597 0.037456 0.11074
0.55053 0.037447 0.12701
0.55569 0.03745 0.11026
0.55581 0.037443 0.12739
0.54669 0.037435 0.13748
0.56637 0.03742 0.13982
0.55931 0.037412 0.15142
0.55005 0.037373 0.17637
0.56801 0.037369 0.17484
0.55157 0.037287 0.20994
0.54544 0.037402 0.22795
0.56749 0.037306 0.20693
0.5601 0.037439 0.23424
0.5494 0.037617 0.2416
0.55619 0.037544 0.24046
0.5616 0.037592 0.25915
0.5499 0.037841 0.26486
0.56102 0.03759 0.27075
0.56009 0.037616 0.2757
0.54814 0.037793 0.28968
0.566 0.037499 0.28961
0.56228 0.037537 0.29632
0.55357 0.037626 0.31007
0.55094 0.037728 0.32968
0.56392 0.037508 0.3233
0.5654 0.037549 0.34221
0.5431 0.037897 0.33362
0.54473 0.037928 0.3663
0.55804 0.037678 0.35333
0.53133 0.037862 0.38847
0.53185 0.03758 0.40509
0.52818 0.037405 0.41048
0.50965 0.035186 0.43212
0.52964 0.036848 0.43402
0.51626 0.034097 0.46121
0.53621 0.033971 0.49365
0.578 0.033901 0.53296
0.60039 0.036252 0.53887
0.60099 0.036846 0.56627
0.59018 0.035922 0.58455
0.56884 0.037342 0.59814
0.5966 0.036957 0.58102
0.60116 0.03751 0.58989
0.57337 0.037755 0.60178
0.59954 0.037769 0.60757
0.58091 0.037929 0.61409
0.56227 0.037753 0.62084
0.54465 0.037781 0.63279
0.58088 0.037721 0.63896
0.55157 0.037713 0.64554
0.55156 0.037626 0.66316
0.57461 0.037699 0.6433
0.54383 0.037594 0.66959
0.55203 0.03755 0.69127
0.5685 0.037578 0.67411
0.55908 0.037549 0.69188
0.53942 0.03751 0.70663
0.54144 0.037501 0.72207
0.56248 0.037548 0.6997
0.542 0.037473 0.7337
0.55496 0.037458 0.74243
0.56491 0.037466 0.75684
0.54044 0.037469 0.76449
0.54403 0.037473 0.78882
0.5652 0.037455 0.77561
0.56476 0.037477 0.79294
0.54903 0.03748 0.80036
0.54378 0.03746 0.82558
0.55556 0.037476 0.80284
0.55636 0.037459 0.82189
0.54079 0.037457 0.84457
0.55408 0.037457 0.84314
0.56084 0.037462 0.85895
0.54242 0.037467 0.88402
0.55707 0.037465 0.87826
0.56473 0.037466 0.88606
0.54739 0.03747 0.90645
0.5379 0.037419 0.92759
0.55947 0.037471 0.90986
0.55562 0.037422 0.92723
0.54438 0.037368 0.94291
0.54831 0.033334 0.95961
0.56352 0.037383 0.94004
0.55459 0.033542 0.95245
0.54195 0.036347 0.52354
0.56148 0.036503 0.53635
0.57863 0.037467 0.045431
0.58901 0.037463 0.040886
0.59708 0.037457 0.063917
0.5747 0.037452 0.097291
0.59133 0.037455 0.074619
0.5978 0.037445 0.096568
0.57398 0.037439 0.1134
0.57872 0.03743 0.12876
0.5965 0.037436 0.10777
0.58923 0.037431 0.11981
0.58456 0.037403 0.14771
0.60122 0.037408 0.14049
0.59556 0.037394 0.15899
0.58173 0.037353 0.17916
0.57444 0.037345 0.1896
0.59031 0.037347 0.18205
0.60003 0.037339 0.18947
0.57206 0.037334 0.22742
0.59333 0.037299 0.21709
0.57281 0.037392 0.24569
0.5711 0.037433 0.25989
0.60078 0.037284 0.24298
0.59163 0.037292 0.26251
0.58071 0.037321 0.26731
0.59454 0.037415 0.27684
0.59924 0.037595 0.28908
0.57369 0.037389 0.29141
0.58087 0.037371 0.30655
0.59791 0.037457 0.30233
0.59324 0.037359 0.31203
0.57543 0.03743 0.32922
0.59116 0.037352 0.34385
0.58832 0.03736 0.35906
0.56599 0.037514 0.36418
0.55262 0.037364 0.39687
0.57122 0.037384 0.38436
0.54417 0.037093 0.41692
0.54238 0.037113 0.43151
0.5663 0.0374 0.41717
0.5359 0.037323 0.44295
0.53273 0.037404 0.46224
0.53837 0.037471 0.45141
0.53834 0.037279 0.46063
0.54411 0.036693 0.48813
0.56988 0.037376 0.50595
0.54579 0.037008 0.47866
0.57263 0.037542 0.50349
0.603 0.037602 0.53188
0.61207 0.038196 0.54986
0.59973 0.037634 0.52226
0.61677 0.038283 0.55292
0.60873 0.037884 0.56528
0.60346 0.037733 0.59553
0.61825 0.03816 0.56319
0.61499 0.037981 0.58236
0.61067 0.03802 0.61011
0.61701 0.038071 0.60594
0.61989 0.038066 0.62683
0.60287 0.037894 0.63431
0.59627 0.03776 0.6408
0.61991 0.038097 0.64918
0.58793 0.037649 0.65091
0.58294 0.037562 0.66794
0.6181 0.038045 0.66311
0.60551 0.037799 0.67216
0.58847 0.037581 0.67683
0.60026 0.037749 0.67669
0.5984 0.037734 0.68798
0.57355 0.037535 0.71806
0.5932 0.037541 0.71576
0.57416 0.037505 0.7302
0.59775 0.037465 0.74181
0.59275 0.037466 0.7582
0.57171 0.037458 0.78307
0.59194 0.037469 0.79294
0.57904 0.037478 0.79662
0.5774 0.037455 0.81444
0.59053 0.037459 0.81025
0.57818 0.037462 0.83992
0.59675 0.037464 0.84125
0.57362 0.037468 0.86855
0.59618 0.037468 0.89257
0.57373 0.037472 0.90845
0.59248 0.037472 0.90675
0.57387 0.037365 0.94625
0.57699 0.033789 0.95163
0.59104 0.037393 0.94156
0.58577 0.033333 0.96311
0.61247 0.037456 0.045721
0.61482 0.037452 0.063131
0.63257 0.037451 0.042948
0.6345 0.03745 0.054494
0.61823 0.037447 0.077018
0.60658 0.037448 0.089463
0.63486 0.037442 0.081653
0.62991 0.037443 0.088097
0.61397 0.037428 0.11439
0.61246 0.037417 0.13088
0.62544 0.037429 0.10765
0.63159 0.037414 0.12807
0.60668 0.037412 0.13566
0.61762 0.03738 0.16546
0.63137 0.037403 0.13881
0.63193 0.037389 0.15435
0.61045 0.037357 0.17787
0.61705 0.037339 0.19158
0.63049 0.037369 0.17317
0.615 0.037302 0.21459
0.60805 0.037296 0.23401
0.62415 0.037297 0.21901
0.62402 0.037289 0.23263
0.60517 0.037241 0.25941
0.62161 0.037244 0.2528
0.62332 0.037265 0.26481
0.62014 0.037493 0.28821
0.60826 0.037258 0.31844
0.6185 0.037462 0.30457
0.62012 0.037289 0.33892
0.61212 0.037299 0.34656
0.60607 0.037253 0.3782
0.58249 0.037332 0.38478
0.57602 0.037466 0.41027
0.59464 0.037249 0.38557
0.58782 0.037517 0.40971
0.55845 0.037182 0.43958
0.57318 0.037128 0.43748
0.55783 0.03697 0.45168
0.55586 0.036837 0.47452
0.56743 0.03689 0.45829
0.57232 0.03692 0.46219
0.58123 0.037255 0.49676
0.58401 0.03709 0.48233
0.60076 0.037276 0.50012
0.60864 0.037625 0.51503
0.62291 0.038285 0.54515
0.61821 0.03756 0.51168
0.62823 0.037947 0.53613
0.63085 0.038204 0.55823
0.63238 0.037972 0.57954
0.64042 0.038072 0.5574
0.6397 0.038006 0.57522
0.63226 0.037964 0.59448
0.64326 0.037944 0.60232
0.63048 0.038138 0.6401
0.64516 0.03791 0.63837
0.6244 0.038228 0.66118
0.61559 0.038109 0.67525
0.62786 0.038011 0.67751
0.62737 0.037937 0.68331
0.6102 0.037825 0.69584
0.60712 0.037528 0.71442
0.62658 0.037502 0.71801
0.61081 0.037481 0.73476
0.60559 0.037459 0.74821
0.62444 0.037468 0.73828
0.62449 0.037456 0.74653
0.6094 0.037451 0.77468
0.61071 0.037452 0.78113
0.62578 0.037449 0.77465
0.62816 0.037449 0.78198
0.60348 0.037472 0.79803
0.60639 0.037463 0.82769
0.62835 0.037465 0.8012
0.63219 0.037462 0.82486
0.60701 0.037467 0.83511
0.6025 0.037461 0.8501
0.62484 0.037467 0.83951
0.62257 0.037462 0.85378
0.60961 0.037466 0.86751
0.60454 0.037467 0.88855
0.61865 0.037467 0.87632
0.62844 0.037467 0.88638
0.60727 0.03747 0.90769
0.60808 0.037448 0.92547
0.61958 0.037449 0.92693
0.60988 0.037417 0.94457
0.62165 0.03743 0.93701
0.62767 0.033333 0.96432
0.64164 0.037448 0.047432
0.65636 0.037446 0.03854
0.6584 0.037441 0.065059
0.64902 0.037439 0.081068
0.64295 0.037431 0.098197
0.66608 0.037436 0.075342
0.66894 0.037432 0.087463
0.65837 0.037414 0.11303
0.65016 0.037382 0.16567
0.6604 0.037395 0.14653
0.66144 0.037384 0.16531
0.6456 0.037367 0.17525
0.64625 0.037339 0.2004
0.66008 0.037357 0.18295
0.65639 0.037344 0.19047
0.64557 0.037326 0.20784
0.64199 0.037293 0.22594
0.66452 0.037327 0.2109
0.66248 0.037306 0.2281
0.63594 0.037255 0.25068
0.63909 0.037246 0.2728
0.65018 0.037206 0.27823
0.6304 0.037358 0.29047
0.63169 0.037455 0.30417
0.6546 0.037241 0.29289
0.64504 0.037399 0.30428
0.63775 0.037509 0.31983
0.64327 0.037347 0.33732
0.62454 0.037282 0.34722
0.61515 0.037192 0.38161
0.64177 0.037204 0.34982
0.63625 0.037153 0.37721
0.60141 0.037355 0.41245
0.61254 0.037213 0.40802
0.59936 0.037161 0.43809
0.61381 0.037135 0.42749
0.61297 0.037144 0.43781
0.58985 0.037059 0.45589
0.60178 0.037049 0.46868
0.61612 0.037126 0.45468
0.60994 0.037149 0.48708
0.61378 0.037188 0.49366
0.62236 0.03717 0.48579
0.63493 0.037287 0.49976
0.62614 0.037433 0.50842
0.63819 0.037715 0.52858
0.64487 0.03745 0.51379
0.66059 0.037585 0.53116
0.66312 0.037812 0.55764
0.66951 0.037997 0.57479
0.66407 0.038072 0.58279
0.66779 0.037926 0.59693
0.67849 0.03801 0.59519
0.65947 0.037725 0.63119
0.67508 0.037719 0.6104
0.66581 0.037706 0.63511
0.65113 0.037879 0.65015
0.67162 0.037666 0.64777
0.6438 0.0375 0.68729
0.65122 0.037635 0.67177
0.65096 0.037478 0.68257
0.63866 0.037484 0.70035
0.63906 0.037479 0.71775
0.65416 0.037417 0.70642
0.66504 0.037451 0.71918
0.64517 0.037472 0.72921
0.64045 0.037454 0.74851
0.65891 0.037461 0.7367
0.65601 0.037447 0.74718
0.63632 0.03745 0.7728
0.64575 0.037446 0.78547
0.6542 0.037447 0.76795
0.65447 0.037448 0.78968
0.64553 0.037456 0.80334
0.64225 0.03746 0.82492
0.66193 0.037458 0.80698
0.66372 0.037462 0.82657
0.64384 0.037465 0.83267
0.64343 0.037463 0.84989
0.6537 0.037468 0.83772
0.65915 0.037468 0.85983
0.64733 0.037469 0.87787
0.64722 0.037469 0.88598
0.654 0.03747 0.87907
0.66235 0.037472 0.89157
0.64343 0.037473 0.90598
0.63601 0.037439 0.92601
0.66202 0.037474 0.90092
0.65831 0.037464 0.91717
0.63488 0.037402 0.94099
0.64048 0.033446 0.95318
0.65562 0.037385 0.93888
0.66351 0.033373 0.95435
0.68334 0.03744 0.045451
0.68547 0.037439 0.052451
0.70181 0.037434 0.040888
0.69314 0.037434 0.060218
0.70067 0.037427 0.073565
0.69908 0.03742 0.094661
0.67326 0.037419 0.10501
0.67346 0.037407 0.12768
0.67669 0.037396 0.14614
0.67855 0.037388 0.16378
0.68158 0.03737 0.17672
0.694 0.037363 0.18144
0.67964 0.037323 0.21641
0.66972 0.03731 0.22848
0.69401 0.037314 0.22332
0.68491 0.037301 0.23729
0.67151 0.037259 0.25293
0.68185 0.037251 0.25906
0.68711 0.037246 0.26414
0.66153 0.037361 0.30599
0.68257 0.037188 0.29298
0.67195 0.037249 0.30328
0.6543 0.037401 0.33171
0.67044 0.037294 0.32547
0.66984 0.03728 0.33079
0.65943 0.037143 0.34971
0.6512 0.037119 0.36537
0.66508 0.037132 0.36025
0.65927 0.037108 0.3751
0.64083 0.037083 0.3905
0.63444 0.037059 0.40306
0.66047 0.037099 0.39362
0.65943 0.037107 0.40335
0.64052 0.037075 0.41994
0.63416 0.037121 0.44031
0.65453 0.03712 0.4198
0.66266 0.037142 0.43501
0.63833 0.037136 0.46995
0.6606 0.037146 0.45473
0.64542 0.037201 0.48445
0.65869 0.03726 0.49576
0.67251 0.037231 0.48159
0.6795 0.037321 0.50015
0.6595 0.037466 0.51555
0.66683 0.037562 0.53276
0.684 0.037457 0.52429
0.67104 0.03759 0.54315
0.68102 0.037961 0.57359
0.68612 0.037491 0.54149
0.69339 0.03774 0.57146
0.6854 0.03791 0.59741
0.69163 0.037877 0.5793
0.70738 0.037645 0.59713
0.69243 0.037707 0.60496
0.70335 0.03759 0.61445
0.70483 0.037573 0.63065
0.68352 0.037609 0.64744
0.68101 0.037575 0.65544
0.69781 0.037579 0.63982
0.69708 0.037538 0.65479
0.67219 0.037439 0.68843
0.69003 0.037437 0.6827
0.67936 0.037452 0.70601
0.67082 0.037452 0.71759
0.68544 0.037447 0.69757
0.67705 0.037452 0.74254
0.67062 0.03745 0.75834
0.69279 0.037456 0.73459
0.69698 0.037458 0.75685
0.6739 0.037452 0.76718
0.67618 0.037451 0.7867
0.69166 0.037459 0.76628
0.686 0.037457 0.79462
0.67192 0.03746 0.80213
0.68526 0.03746 0.80035
0.68731 0.037465 0.82391
0.67942 0.037467 0.84538
0.6931 0.037469 0.83494
0.68622 0.037472 0.86235
0.6793 0.037473 0.86859
0.68966 0.037474 0.86761
0.69011 0.037477 0.89238
0.6778 0.037477 0.90668
0.66858 0.037417 0.92945
0.68833 0.037418 0.92872
0.67937 0.037364 0.94168
0.68067 0.033333 0.96333
0.69439 0.033336 0.95735
0.7115 0.037431 0.037593
0.71048 0.03743 0.055741
0.72697 0.037428 0.042971
0.72951 0.037422 0.06216
0.71309 0.03742 0.078313
0.73038 0.037415 0.077792
0.71316 0.037408 0.10461
0.70941 0.037397 0.13128
0.72793 0.037395 0.11657
0.73151 0.037391 0.13263
0.7067 0.03738 0.16444
0.73327 0.037385 0.15292
0.73081 0.03738 0.16593
0.7069 0.037362 0.18383
0.70401 0.037343 0.20202
0.72276 0.037372 0.1755
0.7312 0.037358 0.19481
0.70555 0.037333 0.20986
0.70357 0.037309 0.22991
0.72007 0.037326 0.21832
0.70742 0.037273 0.25784
0.72563 0.037265 0.26438
0.70647 0.037227 0.28189
0.70183 0.037211 0.30326
0.68449 0.0372 0.31935
0.69107 0.037195 0.34085
0.71447 0.037216 0.31966
0.69942 0.037193 0.34213
0.69176 0.037184 0.34762
0.68786 0.037148 0.37109
0.70468 0.037192 0.34818
0.70767 0.037182 0.37007
0.68703 0.037123 0.38994
0.6736 0.037126 0.40161
0.69813 0.037152 0.38194
0.69142 0.037136 0.40489
0.67796 0.037144 0.4233
0.70308 0.03719 0.41267
0.69214 0.037171 0.43012
0.68272 0.03715 0.44385
0.67703 0.037186 0.46737
0.7012 0.037221 0.44877
0.69815 0.037226 0.4638
0.68623 0.037208 0.47509
0.69026 0.037263 0.49291
0.69387 0.03722 0.47277
0.70499 0.037294 0.49395
0.7059 0.037344 0.50967
0.71482 0.03738 0.52261
0.70305 0.037477 0.54925
0.72069 0.037417 0.54593
0.72924 0.03743 0.56643
0.72471 0.037694 0.60055
0.73165 0.03744 0.57922
0.72971 0.037572 0.59033
0.72016 0.037628 0.62549
0.73177 0.03786 0.60767
0.73585 0.037761 0.62432
0.71628 0.037543 0.64389
0.71977 0.037517 0.65062
0.72908 0.037555 0.638
0.72985 0.037509 0.65806
0.7139 0.037466 0.67832
0.70893 0.037459 0.68695
0.72564 0.037495 0.67
0.72839 0.037472 0.68443
0.71548 0.037463 0.70648
0.70337 0.037458 0.71917
0.72026 0.037459 0.71591
0.70709 0.037462 0.73607
0.70665 0.03746 0.75073
0.72814 0.037465 0.73448
0.72425 0.037461 0.75361
0.71105 0.03747 0.7709
0.702 0.037462 0.78731
0.72282 0.037469 0.77026
0.71135 0.037468 0.81109
0.7021 0.037468 0.82301
0.72392 0.03747 0.79978
0.71423 0.037474 0.8331
0.70206 0.037473 0.85628
0.72058 0.037475 0.83351
0.70896 0.037481 0.87899
0.70296 0.037479 0.88373
0.71906 0.037482 0.87028
0.73108 0.037486 0.89433
0.70191 0.037482 0.90741
0.71311 0.037475 0.91704
0.72935 0.037487 0.90415
0.70863 0.033334 0.95955
0.73058 0.037378 0.93972
0.74077 0.037425 0.044039
0.74338 0.037421 0.058582
0.76279 0.037415 0.059985
0.75766 0.037405 0.079519
0.75531 0.037401 0.094237
0.76558 0.037396 0.10857
0.7555 0.037394 0.12268
0.7435 0.037386 0.15226
0.73957 0.037385 0.15832
0.75678 0.037388 0.13987
0.76434 0.037375 0.16436
0.74039 0.037371 0.17842
0.74505 0.037352 0.20264
0.75599 0.037361 0.18553
0.75382 0.03735 0.20089
0.74795 0.037337 0.21479
0.74008 0.037302 0.2406
0.75823 0.037318 0.23412
0.73804 0.03728 0.25443
0.7617 0.037305 0.24477
0.73941 0.037246 0.27959
0.72491 0.037223 0.29666
0.75397 0.037257 0.28253
0.72334 0.037217 0.33766
0.74016 0.037232 0.31279
0.74018 0.037229 0.3339
0.71915 0.037208 0.34982
0.71585 0.037193 0.3748
0.73874 0.037209 0.35479
0.74203 0.037206 0.36587
0.72502 0.037174 0.38822
0.71976 0.037177 0.39647
0.74386 0.037198 0.38372
0.7325 0.037175 0.398
0.71654 0.037193 0.41093
0.71495 0.037209 0.43617
0.73854 0.037187 0.41848
0.71208 0.037222 0.44789
0.71426 0.037238 0.46563
0.73636 0.037179 0.44767
0.74097 0.037176 0.45766
0.72627 0.037203 0.47177
0.71939 0.037264 0.48993
0.7461 0.037182 0.47647
0.74571 0.037191 0.48616
0.74706 0.037245 0.50706
0.74373 0.037302 0.52911
0.73224 0.037377 0.54392
0.73599 0.037401 0.56266
0.74885 0.037329 0.53937
0.75898 0.037359 0.55431
0.74629 0.037422 0.58423
0.75131 0.03768 0.60157
0.75483 0.037697 0.60526
0.74194 0.03757 0.63747
0.74249 0.037513 0.65588
0.75923 0.03754 0.63875
0.74582 0.037521 0.67034
0.7429 0.037491 0.69013
0.76305 0.037497 0.6786
0.74648 0.037485 0.70954
0.74326 0.037474 0.72865
0.7429 0.037464 0.74622
0.73984 0.037464 0.75057
0.75816 0.037468 0.75374
0.74481 0.037472 0.77207
0.74374 0.037473 0.79115
0.75346 0.037469 0.76748
0.74802 0.037478 0.8117
0.74746 0.03748 0.82969
0.75562 0.037477 0.80283
0.76142 0.037481 0.8214
0.7381 0.037482 0.85728
0.75582 0.037484 0.84527
0.74302 0.037485 0.86699
0.73905 0.037488 0.89632
0.75565 0.037488 0.87645
0.75504 0.037489 0.89154
0.74586 0.03749 0.90081
0.76127 0.037492 0.90809
0.7539 0.037444 0.92809
0.73628 0.037388 0.93863
0.73803 0.033336 0.95746
0.76276 0.033333 0.96058
0.77415 0.037416 0.044486
0.78243 0.037412 0.053446
0.79673 0.037411 0.048183
0.79956 0.037404 0.064874
0.77776 0.037404 0.070537
0.79169 0.037395 0.093495
0.78226 0.037394 0.118
0.78124 0.037387 0.13428
0.7929 0.037393 0.11444
0.79649 0.037387 0.12936
0.78214 0.037378 0.14973
0.77925 0.037371 0.16363
0.78901 0.03738 0.14238
0.78998 0.037365 0.16852
0.77889 0.037356 0.18456
0.7982 0.037361 0.1752
0.78625 0.037345 0.20369
0.77697 0.03734 0.21511
0.77856 0.037325 0.23687
0.79295 0.037335 0.21992
0.78795 0.037326 0.23568
0.76886 0.037308 0.24701
0.76556 0.037283 0.27287
0.78703 0.037319 0.24529
0.78576 0.03731 0.26309
0.78587 0.037304 0.28467
0.75517 0.037242 0.32288
0.76029 0.037239 0.33758
0.78862 0.037263 0.30974
0.77358 0.037228 0.33129
0.75949 0.037228 0.35375
0.75698 0.03722 0.36941
0.77116 0.037223 0.34606
0.76904 0.037214 0.36505
0.75882 0.03721 0.38409
0.7624 0.037191 0.39957
0.77796 0.037215 0.38188
0.77814 0.037195 0.39973
0.76035 0.037183 0.41373
0.75652 0.037174 0.42807
0.76917 0.037182 0.41092
0.77493 0.037139 0.43318
0.75634 0.037157 0.4478
0.77359 0.037102 0.45033
0.77126 0.037092 0.45457
0.75419 0.037152 0.47314
0.76252 0.037094 0.48727
0.77721 0.037017 0.47171
0.79017 0.03699 0.48991
0.77032 0.037147 0.50977
0.78117 0.037085 0.50548
0.78976 0.037159 0.52533
0.76488 0.037354 0.55768
0.78453 0.037208 0.53156
0.78888 0.037306 0.55868
0.77313 0.037375 0.5772
0.77052 0.03742 0.58851
0.78748 0.037346 0.57464
0.77666 0.037406 0.60149
0.78554 0.037397 0.60269
0.76951 0.037538 0.63376
0.77133 0.037507 0.65443
0.79381 0.037488 0.6406
0.78941 0.037488 0.66131
0.77297 0.037493 0.67908
0.77492 0.037487 0.68738
0.79562 0.037482 0.67764
0.79519 0.03748 0.68285
0.77935 0.037477 0.70699
0.76936 0.037479 0.72819
0.78603 0.037477 0.72972
0.77604 0.037482 0.73816
0.77952 0.037474 0.76094
0.79647 0.03748 0.7385
0.79467 0.037482 0.79185
0.77002 0.037482 0.81308
0.77638 0.037485 0.82822
0.78662 0.037484 0.80364
0.79687 0.037488 0.8284
0.77539 0.037487 0.85103
0.78688 0.037488 0.83993
0.77721 0.037491 0.87551
0.77098 0.037491 0.89389
0.79462 0.037495 0.89078
0.77625 0.037449 0.93034
0.7908 0.037495 0.91205
0.78062 0.037403 0.94744
0.77168 0.033333 0.96297
0.7901 0.037415 0.94083
0.79527 0.033345 0.95588
0.8041 0.03741 0.047439
0.8047 0.037408 0.055159
0.82976 0.037406 0.047624
0.83216 0.037404 0.053129
0.80389 0.037397 0.07932
0.80537 0.037394 0.095507
0.82872 0.037399 0.074963
0.82165 0.037394 0.092523
0.81049 0.037392 0.10842
0.80912 0.037386 0.12715
0.82065 0.037389 0.11148
0.8275 0.03738 0.12963
0.82731 0.037374 0.14557
0.81978 0.037358 0.18132
0.81964 0.037352 0.19357
0.8098 0.037336 0.21481
0.80217 0.037326 0.23058
0.83142 0.037341 0.22104
0.82783 0.037328 0.23111
0.80257 0.037314 0.24596
0.80425 0.037312 0.2656
0.82786 0.037309 0.26455
0.80975 0.037314 0.28816
0.80357 0.037305 0.29734
0.82656 0.037322 0.28402
0.81747 0.037305 0.30017
0.80613 0.037284 0.30994
0.79825 0.037253 0.32625
0.81816 0.037294 0.31067
0.8083 0.037255 0.33482
0.79293 0.037235 0.35055
0.79735 0.037229 0.35983
0.80786 0.03724 0.35233
0.79018 0.037213 0.38407
0.78867 0.037187 0.40216
0.81575 0.037196 0.38337
0.78903 0.037172 0.41423
0.79049 0.037111 0.43235
0.80942 0.037051 0.42786
0.79207 0.037052 0.44651
0.80439 0.03695 0.46059
0.81706 0.036912 0.44574
0.80054 0.036984 0.47508
0.79731 0.036998 0.48919
0.79615 0.037049 0.50521
0.80574 0.036992 0.51238
0.81693 0.036922 0.50974
0.8041 0.03725 0.5501
0.81397 0.037182 0.54506
0.807 0.037372 0.59322
0.82691 0.037309 0.57233
0.8226 0.037356 0.58985
0.81022 0.037391 0.60873
0.81228 0.037423 0.62376
0.82519 0.037377 0.60308
0.81961 0.037409 0.62041
0.80611 0.037482 0.64247
0.80691 0.037483 0.64941
0.8205 0.037428 0.63166
0.81272 0.037475 0.66538
0.80601 0.03748 0.69531
0.82423 0.037471 0.68358
0.80855 0.03748 0.707
0.82307 0.037475 0.70584
0.80521 0.03748 0.73374
0.80608 0.037482 0.75954
0.83158 0.037481 0.73793
0.83211 0.037483 0.75312
0.80301 0.037482 0.77272
0.80665 0.037485 0.79425
0.83073 0.037485 0.77643
0.8244 0.037486 0.79106
0.80934 0.037488 0.80379
0.82382 0.037492 0.8248
0.80343 0.037492 0.84494
0.80992 0.037494 0.8579
0.8288 0.037495 0.84095
0.82835 0.037497 0.86029
0.81382 0.037497 0.87043
0.80329 0.037496 0.88947
0.82545 0.037499 0.87936
0.80496 0.037497 0.90485
0.80398 0.03748 0.92029
0.81784 0.037499 0.90611
0.80397 0.037413 0.93719
0.81171 0.033333 0.961
0.82642 0.037371 0.94752
0.82004 0.033333 0.9633
0.84284 0.037402 0.04524
0.83973 0.037402 0.05584
0.86179 0.037398 0.045414
0.84552 0.037398 0.081109
0.84896 0.037391 0.093762
0.85244 0.037398 0.076081
0.85415 0.037392 0.091964
0.85566 0.037377 0.11143
0.85487 0.037374 0.1363
0.83963 0.037373 0.15179
0.84649 0.037367 0.16472
0.85885 0.037374 0.14704
0.85282 0.037372 0.1577
0.83762 0.037353 0.18785
0.8402 0.037353 0.19919
0.85703 0.037351 0.18806
0.86545 0.037346 0.20417
0.84949 0.037356 0.21643
0.83786 0.037325 0.23715
0.86119 0.037347 0.21939
0.85513 0.037348 0.23907
0.85054 0.037302 0.25122
0.86211 0.03744 0.25174
0.86272 0.037439 0.26012
0.85403 0.03734 0.27764
0.853 0.037324 0.2978
0.83471 0.037297 0.31834
0.82693 0.037281 0.32805
0.85433 0.037315 0.30969
0.84773 0.037298 0.32255
0.82919 0.037255 0.35729
0.8478 0.037279 0.34435
0.85533 0.037265 0.3624
0.83165 0.037223 0.38249
0.84155 0.037233 0.38042
0.85064 0.037219 0.3925
0.83513 0.037154 0.41249
0.83629 0.037096 0.42576
0.84133 0.037175 0.40691
0.8504 0.0371 0.4326
0.82851 0.036955 0.44656
0.82359 0.036943 0.46435
0.84277 0.036984 0.45058
0.84646 0.037109 0.46706
0.82835 0.037102 0.47867
0.83294 0.037191 0.4857
0.83279 0.037058 0.49874
0.84095 0.037041 0.51993
0.85558 0.037082 0.51058
0.83802 0.037113 0.53209
0.84029 0.037225 0.54835
0.85597 0.037164 0.53268
0.85448 0.037229 0.54612
0.84353 0.037294 0.56898
0.83693 0.037362 0.58919
0.85775 0.037297 0.5676
0.85091 0.037341 0.58476
0.84627 0.037399 0.61546
0.85605 0.037365 0.59647
0.85135 0.037407 0.62613
0.8468 0.037437 0.65547
0.86175 0.037418 0.63443
0.85624 0.037439 0.65908
0.84615 0.037456 0.67592
0.83754 0.037466 0.6855
0.8585 0.037445 0.66801
0.86147 0.03746 0.69357
0.83899 0.037471 0.70407
0.84561 0.037475 0.72244
0.85341 0.037462 0.70046
0.85429 0.037473 0.72528
0.84305 0.03748 0.73546
0.84028 0.037485 0.76209
0.85591 0.037482 0.75778
0.83666 0.037488 0.79305
0.85958 0.037485 0.76873
0.86372 0.037489 0.78815
0.83994 0.037492 0.81314
0.86229 0.037492 0.80277
0.85912 0.037494 0.82046
0.84187 0.037497 0.84118
0.85877 0.037497 0.83693
0.85979 0.037499 0.85475
0.84431 0.037501 0.87381
0.8398 0.037502 0.89504
0.85841 0.037501 0.86795
0.84321 0.037498 0.9174
0.86215 0.037505 0.90387
0.85358 0.037491 0.92053
0.84769 0.037445 0.93476
0.84071 0.033334 0.96024
0.86101 0.037454 0.93432
0.85921 0.033333 0.96345
0.8694 0.037397 0.039384
0.87108 0.037396 0.06234
0.88583 0.037394 0.040235
0.88729 0.037394 0.0528
0.88057 0.037394 0.078448
0.881 0.037389 0.094771
0.89564 0.037393 0.080609
0.88978 0.037392 0.088362
0.88015 0.03738 0.11225
0.88081 0.037376 0.13191
0.88925 0.037378 0.12249
0.87392 0.037375 0.14281
0.88111 0.037367 0.16395
0.89254 0.037375 0.15276
0.88764 0.037365 0.16779
0.87572 0.037343 0.19914
0.89156 0.037362 0.17578
0.89518 0.037357 0.19698
0.87167 0.037337 0.21318
0.87735 0.037444 0.23164
0.88879 0.037331 0.22164
0.88486 0.037529 0.23563
0.8735 0.037598 0.24666
0.87147 0.03742 0.27543
0.87078 0.037328 0.29151
0.89194 0.037526 0.26807
0.88566 0.037326 0.29269
0.86425 0.037318 0.31743
0.87402 0.037319 0.32504
0.88219 0.037325 0.30463
0.88029 0.037322 0.32157
0.86981 0.037296 0.34736
0.88703 0.037308 0.34144
0.89195 0.037296 0.3548
0.86845 0.037253 0.382
0.86008 0.037233 0.39003
0.88462 0.037271 0.37371
0.88725 0.037251 0.39395
0.86215 0.037202 0.40989
0.86414 0.037181 0.42242
0.88796 0.037232 0.41421
0.88281 0.037221 0.42009
0.87055 0.03715 0.44344
0.87484 0.037155 0.45267
0.86392 0.037158 0.47884
0.86269 0.03717 0.489
0.87132 0.037117 0.48815
0.85608 0.037176 0.49457
0.86925 0.03717 0.52165
0.87934 0.037154 0.50595
0.88319 0.037207 0.51893
0.86625 0.037196 0.53201
0.88359 0.037236 0.53095
0.88908 0.037277 0.54548
0.87428 0.037313 0.56769
0.87316 0.037364 0.59078
0.88713 0.03732 0.56822
0.88496 0.037364 0.59164
0.8725 0.037377 0.59925
0.87878 0.037412 0.62514
0.88491 0.037381 0.60285
0.88487 0.037404 0.62026
0.87744 0.037432 0.64323
0.88676 0.037424 0.64091
0.89024 0.037434 0.65328
0.87052 0.037447 0.66978
0.89744 0.037457 0.69255
0.87055 0.037468 0.70846
0.87951 0.037474 0.72591
0.89411 0.037461 0.69906
0.8895 0.03747 0.71841
0.87237 0.037479 0.74136
0.87098 0.037484 0.76127
0.88637 0.037476 0.73919
0.89701 0.037482 0.7603
0.87342 0.037488 0.77686
0.87755 0.037492 0.79392
0.88934 0.037489 0.78455
0.87042 0.037495 0.81252
0.87656 0.037497 0.82177
0.88833 0.037493 0.80153
0.87579 0.037499 0.8377
0.88046 0.037503 0.86127
0.89369 0.037499 0.83676
0.88541 0.037502 0.8563
0.87352 0.037505 0.88925
0.89112 0.037503 0.86755
0.8941 0.037506 0.8879
0.87887 0.037507 0.90184
0.88008 0.037481 0.92784
0.89213 0.037508 0.90845
0.89569 0.03747 0.92948
0.87107 0.037446 0.94002
0.89714 0.033333 0.96093
0.90481 0.037394 0.037722
0.9117 0.037394 0.055189
0.92197 0.037375 0.039092
0.91472 0.037392 0.077427
0.90336 0.03739 0.093153
0.92821 0.037346 0.097501
0.91085 0.037384 0.11244
0.90885 0.037381 0.1338
0.92054 0.037372 0.10702
0.92295 0.037362 0.12212
0.90481 0.037379 0.13945
0.90696 0.037377 0.16447
0.92129 0.037364 0.14392
0.91192 0.037379 0.19496
0.92658 0.03735 0.1774
0.92884 0.037341 0.20281
0.91229 0.037381 0.21282
0.90787 0.037401 0.23125
0.92481 0.037348 0.21611
0.91453 0.037361 0.23394
0.89876 0.037586 0.25261
0.92251 0.0373 0.24865
0.91553 0.037312 0.2604
0.90181 0.037424 0.27147
0.92786 0.037307 0.28292
0.92694 0.037307 0.29694
0.90666 0.037328 0.32813
0.91937 0.037325 0.30521
0.918 0.03732 0.32491
0.8982 0.037315 0.33897
0.90068 0.037293 0.36373
0.9252 0.037296 0.33946
0.91434 0.037298 0.35783
0.89915 0.037283 0.37398
0.90391 0.037272 0.39243
0.91947 0.037252 0.39638
0.91926 0.037246 0.40392
0.92544 0.037212 0.42975
0.89619 0.037202 0.45428
0.92134 0.037217 0.43449
0.89807 0.037153 0.47756
0.89523 0.037153 0.49149
0.92095 0.037191 0.46969
0.9175 0.03719 0.48281
0.90356 0.037202 0.49868
0.90587 0.037245 0.51812
0.92304 0.03721 0.50825
0.92049 0.037223 0.5151
0.91936 0.037257 0.53314
0.92197 0.037282 0.54959
0.91146 0.037378 0.5905
0.92204 0.037334 0.57013
0.92642 0.037361 0.58998
0.90721 0.037387 0.59974
0.90238 0.037406 0.61703
0.91961 0.037381 0.60084
0.92154 0.037389 0.61331
0.90121 0.037422 0.63845
0.93057 0.037367 0.64214
0.9213 0.037412 0.65803
0.91189 0.037451 0.68308
0.92342 0.037416 0.67614
0.92683 0.037407 0.69116
0.91119 0.037461 0.70025
0.92137 0.037436 0.70436
0.90835 0.037475 0.73692
0.91186 0.03748 0.7565
0.91864 0.03746 0.73293
0.91814 0.037474 0.76173
0.91315 0.037484 0.76893
0.9122 0.037488 0.78568
0.92486 0.037457 0.77315
0.92563 0.037457 0.79303
0.90369 0.037495 0.81338
0.9111 0.037495 0.81993
0.91998 0.037476 0.80062
0.91766 0.037488 0.82386
0.90492 0.0375 0.84341
0.90532 0.037503 0.86034
0.92253 0.037466 0.83396
0.91817 0.037493 0.85989
0.91082 0.037504 0.87144
0.91821 0.037496 0.87009
0.92981 0.037459 0.88801
0.90645 0.037508 0.90859
0.90766 0.037468 0.92795
0.9197 0.037493 0.9076
0.92781 0.037429 0.92396
0.90615 0.037428 0.94026
0.91232 0.033334 0.95897
0.91816 0.037415 0.93874
0.92346 0.033334 0.96026
0.93736 0.037319 0.042582
0.93762 0.037317 0.055707
0.95385 0.033428 0.037449
0.95733 0.033337 0.062606
0.93457 0.037324 0.076623
0.95983 0.033334 0.090027
0.94645 0.037285 0.10937
0.95894 0.033334 0.13183
0.94607 0.037284 0.15006
0.94242 0.037297 0.16083
0.95815 0.033335 0.14542
0.95129 0.034215 0.16309
0.9351 0.037327 0.17728
0.94489 0.037293 0.2012
0.9543 0.033378 0.20253
0.93811 0.037302 0.21138
0.9373 0.037284 0.23419
0.96294 0.033333 0.21957
0.96048 0.033333 0.22655
0.93725 0.037277 0.25163
0.94413 0.037271 0.25663
0.96021 0.033333 0.2418
0.95072 0.034014 0.26714
0.94079 0.037277 0.27408
0.93717 0.037284 0.29062
0.95876 0.033334 0.27849
0.93878 0.037277 0.30431
0.93816 0.037274 0.33176
0.95342 0.033403 0.304
0.96411 0.033333 0.32612
0.94309 0.037268 0.34339
0.94028 0.03726 0.35776
0.95755 0.033335 0.3603
0.93679 0.037246 0.3688
0.94455 0.037189 0.39698
0.96384 0.033333 0.37936
0.94989 0.034589 0.39568
0.94261 0.037187 0.40623
0.96298 0.033333 0.40883
0.95476 0.03335 0.42695
0.93763 0.037188 0.44284
0.94229 0.037179 0.44939
0.95141 0.033636 0.43368
0.95861 0.033334 0.45024
0.93474 0.037164 0.46953
0.96297 0.033333 0.47597
0.95304 0.033389 0.49105
0.94288 0.037157 0.5042
0.93871 0.037177 0.51726
0.95071 0.033819 0.50727
0.95867 0.033334 0.52201
0.93342 0.037243 0.549
0.96399 0.033333 0.53415
0.95737 0.033335 0.55196
0.94136 0.037341 0.58795
0.93835 0.037352 0.60697
0.93871 0.037351 0.61593
0.95908 0.033334 0.62115
0.94261 0.037329 0.63302
0.96088 0.033333 0.6308
0.96337 0.033333 0.65337
0.94751 0.037321 0.67128
0.95957 0.033334 0.66944
0.95877 0.033334 0.69075
0.93957 0.03735 0.70926
0.9386 0.037358 0.72048
0.95358 0.033435 0.71108
0.9543 0.033386 0.71635
0.9426 0.037355 0.7521
0.95503 0.03336 0.74329
0.95933 0.033334 0.75235
0.9403 0.037414 0.77622
0.94035 0.037404 0.79633
0.95727 0.033337 0.78443
0.93878 0.037404 0.80149
0.95365 0.033437 0.80984
0.95873 0.033334 0.82856
0.9372 0.037392 0.84422
0.96485 0.033333 0.85546
0.94199 0.03742 0.88477
0.95919 0.033334 0.86886
0.93699 0.037402 0.92114
0.95598 0.033345 0.90678
0.9645 0.033333 0.91968
0.93793 0.037349 0.9359
0.94162 0.033335 0.95816
0.95902 0.033334 0.94202
0.95389 0.033333 0.96267
