2635
1 1 1
0.034958 0.037724 0.044763
0.04092 0.037724 0.054022
0.06201 0.037726 0.035649
0.058093 0.037726 0.051274
0.045957 0.037727 0.068595
0.043445 0.03773 0.0927
0.059428 0.037728 0.080242
0.055917 0.037729 0.096345
0.038486 0.037731 0.10979
0.041133 0.037733 0.11966
0.062881 0.037729 0.10652
0.062285 0.03774 0.14189
0.040272 0.037734 0.18738
0.057872 0.037734 0.17736
0.060584 0.037734 0.19289
0.036104 0.037735 0.19767
0.040233 0.037737 0.22336
0.052896 0.037735 0.20268
0.055913 0.037737 0.21596
0.047492 0.037737 0.23232
0.042113 0.03774 0.25339
0.052497 0.037738 0.23864
0.061052 0.037739 0.25318
0.046949 0.037742 0.26518
0.046112 0.037745 0.28218
0.055188 0.037744 0.27415
0.06249 0.037746 0.28284
0.061213 0.037751 0.30379
0.056864 0.037754 0.31892
0.044802 0.037756 0.34023
0.061361 0.037753 0.34885
0.045816 0.037753 0.37034
0.044876 0.037754 0.38377
0.059972 0.037753 0.36818
0.055469 0.037757 0.39005
0.044246 0.037761 0.40073
0.03745 0.037766 0.42027
0.059709 0.037762 0.40353
0.053523 0.037767 0.41507
0.042082 0.03777 0.44359
0.058315 0.037771 0.44132
0.05748 0.037773 0.45769
0.041489 0.037774 0.47137
0.043283 0.037774 0.4864
0.051476 0.037776 0.47109
0.056945 0.037774 0.49006
0.038217 0.037764 0.50662
0.037922 0.037759 0.52813
0.053837 0.037766 0.50863
0.057993 0.037762 0.52716
0.044888 0.037759 0.53985
0.042648 0.037763 0.56603
0.059876 0.037762 0.53833
0.058564 0.037764 0.55946
0.03693 0.037766 0.57741
0.035829 0.03777 0.60019
0.050841 0.037767 0.57598
0.052701 0.037771 0.59644
0.04322 0.03777 0.60506
0.036141 0.03777 0.63262
0.050725 0.037773 0.61121
0.056518 0.037774 0.62415
0.050772 0.037768 0.65225
0.052682 0.03777 0.66432
0.046951 0.03777 0.67622
0.051808 0.037772 0.67441
0.057208 0.037773 0.69215
0.035923 0.037762 0.73334
0.059015 0.037765 0.71664
0.051098 0.037764 0.72606
0.043181 0.03776 0.74953
0.036952 0.037758 0.76496
0.058231 0.037761 0.74633
0.051479 0.037759 0.76309
0.040607 0.037757 0.77539
0.037132 0.037754 0.80141
0.057499 0.037757 0.78378
0.055642 0.037755 0.79342
0.039605 0.03775 0.82769
0.052358 0.037752 0.81593
0.057842 0.037749 0.83306
0.037949 0.037748 0.84443
0.03499 0.037745 0.86294
0.053263 0.037749 0.83889
0.055587 0.037745 0.86094
0.035537 0.037742 0.87253
0.044903 0.037743 0.8935
0.057539 0.03774 0.87979
0.056062 0.037741 0.88979
0.04177 0.037751 0.91267
0.037025 0.033674 0.95632
0.05818 0.037638 0.94501
0.060627 0.034116 0.95433
0.078589 0.03773 0.045163
0.07453 0.037729 0.059422
0.077479 0.037727 0.087763
0.093429 0.037729 0.073525
0.090793 0.037728 0.087712
0.070658 0.037728 0.10565
0.071642 0.037732 0.12829
0.084366 0.037726 0.10808
0.08846 0.037727 0.12142
0.069155 0.037736 0.13909
0.08851 0.03773 0.13545
0.091736 0.037731 0.15668
0.071181 0.037733 0.17453
0.067275 0.037734 0.18934
0.093128 0.037729 0.17428
0.093575 0.037731 0.18941
0.076296 0.037736 0.20417
0.074946 0.037737 0.22098
0.087551 0.037736 0.20921
0.095608 0.037734 0.22475
0.068811 0.037737 0.24201
0.071312 0.037737 0.24838
0.084293 0.037736 0.24254
0.088551 0.037737 0.25068
0.074883 0.037743 0.27114
0.073878 0.037747 0.28847
0.093868 0.037739 0.27113
0.067099 0.03775 0.30508
0.0674 0.037751 0.32417
0.091011 0.037742 0.30353
0.088913 0.037744 0.32469
0.070127 0.03775 0.34328
0.087991 0.037745 0.33908
0.086745 0.037748 0.35404
0.074577 0.037751 0.37716
0.089728 0.03775 0.37042
0.093304 0.037751 0.38221
0.068218 0.037763 0.40879
0.072084 0.037766 0.42214
0.091358 0.037764 0.41095
0.084664 0.037769 0.4176
0.067902 0.037771 0.4444
0.082054 0.037772 0.43623
0.083218 0.037777 0.45541
0.072523 0.037774 0.47351
0.076483 0.037773 0.48415
0.087978 0.037778 0.47938
0.087175 0.037777 0.49037
0.067798 0.037769 0.50217
0.083314 0.037772 0.51945
0.07547 0.037764 0.53646
0.070583 0.037764 0.56502
0.080619 0.037766 0.56269
0.072359 0.037765 0.57124
0.068099 0.037771 0.60015
0.083549 0.037771 0.57156
0.086147 0.037775 0.59555
0.072702 0.037778 0.63017
0.087641 0.037778 0.61336
0.092464 0.037774 0.62288
0.071481 0.037777 0.64332
0.090398 0.037776 0.66668
0.066971 0.037777 0.68319
0.084047 0.037783 0.67568
0.087181 0.037776 0.69531
0.07492 0.037766 0.71312
0.066645 0.037762 0.73398
0.089255 0.037765 0.72568
0.070031 0.03776 0.74655
0.074899 0.037759 0.7588
0.086538 0.037761 0.74272
0.083705 0.03776 0.76357
0.070411 0.037759 0.77461
0.072058 0.037754 0.80024
0.092644 0.037756 0.78613
0.071475 0.037749 0.81699
0.079167 0.037748 0.82439
0.091575 0.037751 0.80801
0.088868 0.037748 0.83328
0.073797 0.037748 0.84312
0.073723 0.037744 0.86234
0.08877 0.037742 0.86616
0.075855 0.037736 0.8832
0.087397 0.037739 0.87437
0.084253 0.037737 0.89083
0.070675 0.037746 0.91012
0.076171 0.037722 0.93112
0.087943 0.037741 0.90317
0.070704 0.037694 0.93883
0.085086 0.03771 0.94747
0.10954 0.037726 0.038999
0.10501 0.037728 0.05726
0.12536 0.037726 0.037856
0.12087 0.037726 0.052121
0.10184 0.037729 0.068192
0.10618 0.03773 0.094007
0.12303 0.037729 0.096191
0.10459 0.037727 0.10988
0.11259 0.037727 0.12813
0.12393 0.037725 0.11779
0.10646 0.037728 0.14049
0.10153 0.037729 0.15507
0.12526 0.037728 0.15505
0.10647 0.037727 0.17188
0.10517 0.037727 0.18655
0.12609 0.037727 0.166
0.11738 0.037727 0.19264
0.11141 0.03773 0.21566
0.11627 0.037727 0.19986
0.11533 0.037731 0.22601
0.10431 0.037733 0.23718
0.099282 0.037735 0.2549
0.11901 0.037731 0.23637
0.10486 0.037734 0.27242
0.10443 0.037734 0.28512
0.11838 0.037729 0.27604
0.12625 0.037722 0.28256
0.1048 0.037731 0.30267
0.10535 0.037731 0.32511
0.12566 0.037721 0.30804
0.11437 0.037724 0.31681
0.1022 0.037735 0.33291
0.10323 0.03774 0.35756
0.11358 0.037735 0.35247
0.097612 0.037745 0.36461
0.11407 0.037742 0.36894
0.11981 0.037754 0.39279
0.10078 0.037754 0.39758
0.10037 0.037763 0.42466
0.111 0.03776 0.42486
0.0966 0.037769 0.43713
0.097455 0.037772 0.44914
0.11143 0.037768 0.44369
0.1131 0.037772 0.45623
0.09675 0.037773 0.47006
0.10469 0.037768 0.48672
0.11411 0.037775 0.47139
0.11961 0.037777 0.48871
0.101 0.037766 0.503
0.096573 0.037766 0.52514
0.11637 0.037767 0.52544
0.10232 0.037767 0.53796
0.098086 0.037771 0.55978
0.11831 0.037771 0.54336
0.096294 0.037772 0.5828
0.098375 0.037772 0.596
0.11515 0.037777 0.57651
0.11661 0.037769 0.60198
0.10596 0.037763 0.61773
0.10611 0.037761 0.62771
0.12224 0.037753 0.63308
0.10332 0.037761 0.64678
0.10301 0.037762 0.65982
0.11606 0.037756 0.64149
0.11328 0.037755 0.66863
0.10204 0.037766 0.68517
0.11871 0.037756 0.68501
0.10527 0.037767 0.73039
0.12353 0.037757 0.70889
0.12506 0.037756 0.73631
0.099884 0.037763 0.74126
0.1039 0.037758 0.75764
0.11808 0.037753 0.76596
0.10548 0.037753 0.77677
0.12589 0.037744 0.78086
0.11595 0.037747 0.79283
0.10751 0.037748 0.83107
0.11604 0.037749 0.80662
0.11945 0.037746 0.83507
0.10886 0.037747 0.84085
0.12446 0.037743 0.84421
0.12436 0.03774 0.85764
0.10741 0.03774 0.87704
0.11111 0.037739 0.89339
0.12722 0.037739 0.88381
0.1209 0.03774 0.89821
0.10226 0.037742 0.91035
0.12027 0.03774 0.91266
0.11876 0.037718 0.92574
0.1039 0.037699 0.93868
0.12838 0.037651 0.94662
0.12679 0.033345 0.96459
0.1404 0.037729 0.039742
0.15562 0.037729 0.035251
0.15722 0.037728 0.053186
0.13308 0.037729 0.075953
0.13826 0.037726 0.094987
0.15097 0.037727 0.071678
0.15519 0.037725 0.090082
0.13783 0.037724 0.10596
0.13936 0.037722 0.11723
0.14977 0.037721 0.11052
0.15397 0.037721 0.11603
0.13274 0.037727 0.1371
0.13356 0.037728 0.15864
0.15772 0.037726 0.15213
0.13201 0.037726 0.17735
0.15548 0.037725 0.17171
0.15415 0.037725 0.18327
0.13423 0.037726 0.20439
0.13984 0.037723 0.22414
0.15669 0.037719 0.2055
0.13299 0.037725 0.23675
0.14254 0.037718 0.25201
0.14854 0.03772 0.22972
0.15569 0.037711 0.25796
0.13508 0.037719 0.2663
0.13422 0.037717 0.2882
0.1529 0.037711 0.26589
0.1494 0.03771 0.28478
0.14158 0.037713 0.30201
0.12964 0.037719 0.31303
0.15465 0.03771 0.29603
0.14663 0.037714 0.31923
0.13177 0.037724 0.34142
0.14057 0.03772 0.34805
0.15118 0.037716 0.32971
0.13714 0.037729 0.37247
0.13156 0.037737 0.38138
0.15404 0.037722 0.37503
0.12766 0.03776 0.42003
0.14116 0.037754 0.42337
0.13439 0.037761 0.43918
0.12783 0.037769 0.45321
0.1459 0.037761 0.44171
0.14406 0.037765 0.45166
0.12851 0.037774 0.46898
0.12678 0.037775 0.48595
0.14557 0.037777 0.4713
0.13504 0.037752 0.5097
0.13431 0.037747 0.52423
0.15094 0.03776 0.50111
0.12843 0.037755 0.5459
0.13474 0.037744 0.56808
0.14178 0.03774 0.55045
0.15078 0.037749 0.55516
0.13554 0.037742 0.58457
0.13087 0.037749 0.59739
0.14993 0.037737 0.58467
0.14895 0.037735 0.59703
0.13038 0.037747 0.61453
0.13311 0.037743 0.6321
0.15105 0.037733 0.61949
0.14662 0.037737 0.62966
0.13645 0.037741 0.66349
0.155 0.037734 0.64892
0.14574 0.037738 0.66495
0.13405 0.037743 0.67657
0.13989 0.037738 0.69709
0.14403 0.037736 0.68049
0.14653 0.037735 0.7047
0.12892 0.037751 0.70809
0.14006 0.037739 0.73595
0.15087 0.037735 0.71119
0.14672 0.037734 0.73586
0.14017 0.03774 0.75134
0.13422 0.037741 0.76856
0.15224 0.037733 0.74241
0.15591 0.037729 0.75877
0.13729 0.037738 0.79529
0.15033 0.037734 0.77891
0.15191 0.037736 0.80101
0.1427 0.037739 0.80907
0.14028 0.03774 0.82999
0.16071 0.037735 0.81665
0.1533 0.037736 0.83043
0.13856 0.037737 0.84888
0.14509 0.037735 0.86383
0.15784 0.037732 0.84787
0.15803 0.037732 0.8632
0.13534 0.037739 0.87782
0.15494 0.037738 0.88207
0.15345 0.03774 0.8986
0.13356 0.03774 0.90969
0.13853 0.037701 0.92879
0.15553 0.037742 0.91181
0.1532 0.037709 0.92581
0.13484 0.034888 0.95271
0.15692 0.037647 0.94106
0.15662 0.033374 0.9615
0.16913 0.037726 0.044744
0.17592 0.037725 0.060953
0.18511 0.037725 0.045425
0.18413 0.037725 0.054919
0.16881 0.037725 0.075982
0.17249 0.037724 0.091535
0.1876 0.037724 0.077472
0.18727 0.037724 0.092569
0.16787 0.037723 0.10538
0.17187 0.037721 0.12805
0.18199 0.037724 0.10676
0.18879 0.037724 0.11728
0.17035 0.037719 0.13989
0.17691 0.037716 0.15303
0.18498 0.037716 0.14433
0.18924 0.037717 0.14947
0.17626 0.037711 0.19223
0.18788 0.037712 0.17097
0.18326 0.037712 0.18753
0.1722 0.037706 0.22528
0.18451 0.037708 0.20017
0.18358 0.037705 0.21844
0.16989 0.037705 0.23765
0.17193 0.0377 0.25568
0.18373 0.037697 0.24738
0.18486 0.03769 0.26866
0.18038 0.037694 0.28694
0.16312 0.037704 0.29525
0.1692 0.037703 0.31229
0.18253 0.037696 0.30652
0.18484 0.037695 0.32315
0.16167 0.037706 0.33967
0.16426 0.037703 0.34651
0.17857 0.037694 0.3349
0.18148 0.037695 0.34432
0.16994 0.037703 0.36909
0.17986 0.037702 0.37182
0.17638 0.037699 0.38882
0.16449 0.037714 0.42369
0.18403 0.037698 0.40065
0.18384 0.037704 0.41955
0.16396 0.037724 0.43668
0.16449 0.037732 0.45176
0.17936 0.037716 0.43322
0.17247 0.037731 0.45817
0.16041 0.037757 0.48627
0.17344 0.037754 0.47701
0.17607 0.037761 0.48537
0.15916 0.037748 0.50215
0.15888 0.037742 0.5305
0.17751 0.037756 0.50817
0.17506 0.037751 0.53031
0.15915 0.037745 0.54584
0.17096 0.037739 0.5636
0.16651 0.037721 0.58092
0.15771 0.037727 0.59395
0.17846 0.037726 0.58711
0.17329 0.03771 0.59945
0.16669 0.03771 0.61083
0.16105 0.037722 0.6324
0.17418 0.037707 0.60905
0.17446 0.037706 0.62823
0.16158 0.037728 0.65101
0.16363 0.037727 0.66102
0.1858 0.03773 0.65554
0.18646 0.037726 0.66718
0.16398 0.037727 0.679
0.16318 0.037728 0.69486
0.1763 0.037721 0.67701
0.17952 0.037723 0.69696
0.16962 0.037725 0.72196
0.16661 0.037724 0.73355
0.17945 0.037722 0.70989
0.18054 0.037717 0.7385
0.17328 0.037715 0.75276
0.16666 0.037721 0.7603
0.18192 0.037713 0.75221
0.16646 0.037732 0.79482
0.18635 0.037722 0.77523
0.18612 0.03773 0.80133
0.1718 0.037731 0.80938
0.18485 0.03773 0.81715
0.18663 0.037727 0.83171
0.17658 0.037726 0.84183
0.16783 0.037729 0.85799
0.18555 0.037725 0.8487
0.18375 0.037725 0.85563
0.16616 0.037734 0.87687
0.16617 0.037738 0.89298
0.19157 0.037726 0.87197
0.19094 0.037732 0.89114
0.16829 0.037694 0.92954
0.18325 0.037688 0.93056
0.17791 0.034339 0.95374
0.1849 0.03765 0.93886
0.19003 0.033693 0.95622
0.19951 0.037726 0.044173
0.20766 0.037726 0.058193
0.22097 0.037729 0.034952
0.21907 0.037728 0.055967
0.20635 0.037725 0.068197
0.20308 0.037724 0.087765
0.22348 0.037726 0.070239
0.22003 0.037724 0.09236
0.20862 0.037723 0.09967
0.20258 0.037722 0.12546
0.22511 0.037724 0.10011
0.2169 0.037724 0.11995
0.20144 0.037721 0.1405
0.19684 0.03771 0.17173
0.20682 0.037706 0.18761
0.22297 0.037701 0.17037
0.22521 0.037694 0.18122
0.20207 0.037707 0.19827
0.21923 0.037702 0.19784
0.2072 0.037691 0.23577
0.22069 0.037695 0.23034
0.2178 0.037687 0.25394
0.20003 0.037671 0.27077
0.19515 0.037674 0.27905
0.21807 0.037675 0.2646
0.21127 0.037652 0.28293
0.20291 0.037653 0.30373
0.20065 0.037662 0.32358
0.20963 0.037639 0.3121
0.19416 0.037679 0.32942
0.19863 0.037673 0.3521
0.21029 0.037651 0.32872
0.21941 0.037658 0.34555
0.20192 0.037661 0.36184
0.19867 0.037663 0.37955
0.21382 0.037654 0.36019
0.20666 0.037648 0.38612
0.19623 0.037678 0.40419
0.20483 0.03766 0.40092
0.1956 0.0377 0.42773
0.18636 0.037738 0.45484
0.20897 0.037704 0.42907
0.20816 0.037739 0.44778
0.19122 0.037756 0.467
0.19336 0.03777 0.48821
0.19772 0.037767 0.47507
0.20148 0.037789 0.48862
0.18939 0.037767 0.51027
0.19125 0.037758 0.52404
0.19207 0.037747 0.54142
0.19304 0.03774 0.55603
0.20331 0.037746 0.55696
0.19101 0.037724 0.58695
0.18772 0.037724 0.59937
0.20694 0.037733 0.58491
0.20693 0.037734 0.59198
0.18864 0.03772 0.61206
0.19069 0.037725 0.63734
0.21365 0.037731 0.63786
0.19108 0.037727 0.6539
0.20026 0.037718 0.6606
0.21327 0.037728 0.64653
0.20096 0.037709 0.67889
0.19564 0.03771 0.70086
0.21179 0.037704 0.68041
0.21063 0.037698 0.7023
0.19487 0.037707 0.71453
0.19491 0.037704 0.73339
0.2115 0.037691 0.71652
0.2139 0.037685 0.7276
0.19906 0.037708 0.7649
0.21516 0.037696 0.7536
0.19857 0.037721 0.78612
0.20556 0.03772 0.79778
0.21619 0.037708 0.77751
0.2007 0.037725 0.83552
0.22324 0.037724 0.82027
0.22018 0.037723 0.8345
0.20133 0.037722 0.84947
0.20487 0.03772 0.86263
0.21873 0.037722 0.84083
0.22023 0.037717 0.86188
0.204 0.037721 0.87774
0.20654 0.037726 0.89477
0.21672 0.037717 0.87935
0.2217 0.037723 0.89763
0.21078 0.037694 0.92807
0.22165 0.037735 0.9149
0.19899 0.037609 0.94718
0.21037 0.033358 0.96269
0.21842 0.037629 0.94303
0.21885 0.033568 0.95728
0.23141 0.03773 0.034959
0.235 0.037728 0.060796
0.2486 0.037732 0.042237
0.25668 0.037731 0.055545
0.23668 0.037727 0.066813
0.23298 0.037725 0.083286
0.25257 0.037726 0.074626
0.25582 0.037725 0.083833
0.24235 0.037726 0.11669
0.25219 0.037725 0.099319
0.24763 0.037723 0.12321
0.23187 0.037718 0.1415
0.25091 0.037716 0.13594
0.25661 0.037706 0.15207
0.2319 0.037694 0.17241
0.24176 0.037683 0.18711
0.24916 0.037688 0.17224
0.25491 0.037686 0.18154
0.23495 0.037684 0.20631
0.22838 0.037692 0.22428
0.25145 0.037679 0.20108
0.22774 0.03769 0.23919
0.23449 0.03769 0.24468
0.23624 0.037674 0.26771
0.23505 0.037659 0.28761
0.25479 0.037663 0.27678
0.25321 0.037651 0.30055
0.24956 0.037652 0.31536
0.22725 0.037645 0.34848
0.24585 0.03764 0.33655
0.25148 0.037644 0.35355
0.23053 0.037633 0.36019
0.24268 0.037626 0.36601
0.23818 0.037611 0.38004
0.22176 0.037653 0.39926
0.23114 0.037646 0.41263
0.24111 0.037627 0.39266
0.22511 0.037676 0.42669
0.22137 0.037721 0.44667
0.24176 0.037673 0.43009
0.23552 0.037714 0.4496
0.21437 0.037802 0.47252
0.22909 0.037778 0.46693
0.23407 0.037856 0.48284
0.22415 0.037793 0.50446
0.22849 0.0378 0.53212
0.2196 0.037772 0.54864
0.21562 0.037762 0.56736
0.22485 0.037737 0.59521
0.23381 0.037732 0.60289
0.22934 0.037705 0.61481
0.22718 0.03769 0.64133
0.23565 0.037692 0.61938
0.24105 0.037668 0.63722
0.22408 0.037691 0.65579
0.23241 0.037667 0.6663
0.24197 0.037654 0.65829
0.24348 0.037663 0.67268
0.23287 0.03768 0.68904
0.25139 0.037667 0.69773
0.23379 0.037666 0.72421
0.2453 0.037662 0.7155
0.24715 0.037658 0.73457
0.23367 0.037673 0.74727
0.23117 0.037685 0.7644
0.24843 0.037666 0.75285
0.25737 0.037671 0.76944
0.2286 0.037705 0.78412
0.23713 0.037705 0.79648
0.25297 0.037683 0.77865
0.23774 0.037713 0.81176
0.2555 0.037702 0.81357
0.24916 0.037713 0.83226
0.23915 0.037718 0.84753
0.23477 0.037715 0.86274
0.23339 0.037713 0.88052
0.23236 0.037714 0.88969
0.25511 0.037708 0.87907
0.24279 0.037725 0.91363
0.23354 0.03769 0.92934
0.24869 0.037718 0.9047
0.25744 0.037682 0.93148
0.24062 0.033376 0.96142
0.25269 0.037666 0.93684
0.27283 0.037731 0.055861
0.293 0.037728 0.060239
0.27455 0.037723 0.078446
0.26779 0.037724 0.092973
0.29152 0.037725 0.073171
0.26877 0.037722 0.10753
0.2881 0.03772 0.10253
0.28328 0.037716 0.12104
0.26931 0.037709 0.13397
0.26659 0.037701 0.15441
0.2906 0.0377 0.13557
0.292 0.037693 0.15529
0.26286 0.037693 0.16708
0.26798 0.037689 0.17976
0.28346 0.037688 0.18959
0.27105 0.037682 0.21249
0.28582 0.037683 0.1946
0.28343 0.037671 0.21958
0.26676 0.03766 0.25555
0.28383 0.037656 0.23394
0.28548 0.037655 0.253
0.28009 0.037648 0.2607
0.2611 0.037635 0.30228
0.26348 0.03763 0.31159
0.28698 0.037608 0.31549
0.2595 0.037636 0.33109
0.26384 0.037629 0.35399
0.27339 0.0376 0.33724
0.27595 0.037611 0.34962
0.26208 0.037632 0.35996
0.26217 0.037621 0.37951
0.27807 0.037629 0.37052
0.25801 0.037636 0.39961
0.25401 0.037656 0.4144
0.27417 0.037637 0.40451
0.26788 0.037641 0.41937
0.24507 0.037746 0.45435
0.265 0.037645 0.42729
0.27132 0.037685 0.44581
0.24132 0.037832 0.46865
0.24361 0.037883 0.48635
0.25786 0.037943 0.4812
0.2409 0.037858 0.50913
0.2521 0.037839 0.53493
0.24549 0.037825 0.54096
0.2492 0.037802 0.57344
0.25462 0.037811 0.55255
0.26495 0.03784 0.5643
0.25395 0.037787 0.58036
0.25016 0.037727 0.60806
0.26185 0.037777 0.58338
0.26401 0.037729 0.59678
0.25624 0.037677 0.61922
0.25757 0.037649 0.63817
0.27293 0.037616 0.63458
0.26085 0.037639 0.65631
0.25925 0.037651 0.67219
0.2738 0.037616 0.65643
0.27682 0.037621 0.67344
0.25906 0.037659 0.68059
0.26767 0.037617 0.70161
0.28357 0.03763 0.68297
0.27988 0.037594 0.70864
0.26596 0.037608 0.72228
0.2698 0.037605 0.73011
0.28796 0.037617 0.73424
0.27308 0.037657 0.75687
0.26933 0.037662 0.77309
0.28764 0.037656 0.75013
0.26355 0.037672 0.7806
0.27193 0.037669 0.79839
0.28942 0.037655 0.78561
0.28567 0.037667 0.80267
0.28755 0.037686 0.8193
0.28044 0.037699 0.83404
0.27321 0.037709 0.85078
0.29164 0.037699 0.84852
0.28391 0.037703 0.86296
0.2678 0.037704 0.88346
0.27766 0.037708 0.89559
0.28904 0.0377 0.88309
0.28221 0.037709 0.89666
0.2938 0.037716 0.91178
0.29142 0.037696 0.92755
0.27418 0.03762 0.94692
0.27692 0.033783 0.95573
0.2943 0.037672 0.93696
0.28239 0.033397 0.96043
0.29914 0.037729 0.045053
0.30257 0.037727 0.05782
0.32557 0.037723 0.043948
0.32666 0.037723 0.057616
0.30096 0.037723 0.07846
0.30492 0.037724 0.085731
0.32138 0.037724 0.069182
0.31727 0.037721 0.092081
0.3029 0.037717 0.10612
0.30066 0.037709 0.12345
0.32541 0.037716 0.10126
0.31579 0.037708 0.12113
0.29915 0.037692 0.14129
0.30219 0.037691 0.15236
0.31882 0.037688 0.13986
0.31962 0.037686 0.149
0.30006 0.037683 0.17302
0.30284 0.037677 0.18728
0.31989 0.037676 0.16711
0.30363 0.037656 0.21643
0.32406 0.037654 0.20238
0.3226 0.037652 0.21047
0.29478 0.03764 0.23701
0.30135 0.037632 0.24743
0.31123 0.037621 0.25209
0.30028 0.037624 0.26051
0.2946 0.03761 0.2836
0.30981 0.037612 0.26012
0.3154 0.037591 0.27755
0.29456 0.037588 0.30285
0.29409 0.037593 0.31179
0.31103 0.037566 0.30341
0.31133 0.037566 0.31082
0.29846 0.037589 0.32798
0.28881 0.037614 0.35151
0.31088 0.03756 0.33484
0.31745 0.037565 0.34988
0.29336 0.037617 0.35639
0.28776 0.037646 0.38476
0.30441 0.037609 0.3653
0.31127 0.037672 0.37953
0.28571 0.037643 0.40325
0.29344 0.037629 0.41243
0.30148 0.037625 0.39994
0.30509 0.037634 0.41625
0.28486 0.03765 0.43299
0.27739 0.037717 0.45064
0.30489 0.03774 0.43232
0.30652 0.037872 0.44252
0.27191 0.037989 0.4779
0.28667 0.037881 0.46412
0.27467 0.038009 0.48822
0.26894 0.038024 0.5022
0.2627 0.037992 0.52079
0.27991 0.038145 0.50369
0.27567 0.037929 0.54251
0.28465 0.037849 0.56894
0.27496 0.037774 0.58546
0.30193 0.037671 0.60345
0.28204 0.037624 0.62614
0.28673 0.037608 0.63981
0.31152 0.037653 0.63865
0.31089 0.037658 0.6655
0.3142 0.037681 0.67983
0.32005 0.037651 0.71003
0.32127 0.037642 0.72819
0.31475 0.037653 0.7393
0.30006 0.037655 0.74749
0.30662 0.037644 0.76676
0.31806 0.037639 0.75499
0.31638 0.03764 0.77197
0.30689 0.037654 0.786
0.29939 0.037658 0.79892
0.31412 0.037653 0.79035
0.31479 0.037659 0.80617
0.29815 0.037672 0.81185
0.31734 0.037663 0.83244
0.30056 0.037689 0.84594
0.30729 0.037688 0.86285
0.3001 0.037695 0.88547
0.30803 0.037696 0.89305
0.31984 0.037688 0.87515
0.31832 0.037696 0.89935
0.30156 0.037714 0.915
0.31105 0.037698 0.93053
0.32772 0.037699 0.9083
0.31882 0.037699 0.92455
0.30272 0.037667 0.94626
0.32115 0.037675 0.94369
0.33706 0.037719 0.040467
0.33606 0.037721 0.055101
0.36095 0.037719 0.040533
0.3502 0.037719 0.0509
0.33633 0.037723 0.072367
0.33572 0.037726 0.084431
0.35133 0.037726 0.082227
0.3376 0.037715 0.10261
0.33237 0.037707 0.11966
0.35236 0.037702 0.11859
0.33507 0.037689 0.13615
0.33914 0.037682 0.14821
0.35141 0.037684 0.1379
0.35805 0.037679 0.14622
0.3395 0.03767 0.16562
0.33942 0.037661 0.17627
0.34672 0.037672 0.16135
0.35163 0.037662 0.17596
0.33176 0.037658 0.19559
0.32994 0.037651 0.21559
0.34747 0.037657 0.19464
0.337 0.037632 0.22826
0.33205 0.037611 0.25151
0.3475 0.037628 0.23053
0.35427 0.037623 0.24589
0.33772 0.037563 0.26792
0.33531 0.037554 0.27844
0.35247 0.037586 0.26444
0.34517 0.037546 0.27327
0.3287 0.037562 0.29353
0.33015 0.037567 0.31692
0.34508 0.037539 0.29288
0.34103 0.037539 0.3168
0.33481 0.037566 0.32434
0.32571 0.037551 0.34383
0.34058 0.037579 0.33403
0.3526 0.037917 0.36177
0.34453 0.03775 0.37626
0.31991 0.037642 0.39892
0.31721 0.037638 0.41709
0.33137 0.037631 0.39041
0.31791 0.037861 0.4333
0.32811 0.037734 0.42848
0.29532 0.037997 0.46437
0.28944 0.038142 0.48999
0.30246 0.038181 0.48135
0.29007 0.038195 0.50196
0.29321 0.038209 0.50237
0.30393 0.038248 0.53499
0.29727 0.037869 0.57481
0.3067 0.038133 0.55104
0.31243 0.037851 0.57363
0.3165 0.037666 0.59808
0.31259 0.037658 0.61581
0.31485 0.037654 0.62399
0.32251 0.037657 0.64239
0.33643 0.037675 0.62355
0.34389 0.037661 0.64016
0.3318 0.037646 0.66675
0.3218 0.037678 0.68046
0.34496 0.037642 0.66279
0.34127 0.03763 0.678
0.32704 0.037633 0.7057
0.34462 0.037611 0.68993
0.35184 0.03758 0.7125
0.32601 0.037641 0.72225
0.33464 0.037605 0.73489
0.35025 0.037591 0.72382
0.3447 0.037593 0.74435
0.33412 0.037609 0.75023
0.3361 0.03762 0.77571
0.34807 0.03758 0.75547
0.35147 0.037599 0.77144
0.35003 0.037632 0.78727
0.35146 0.037635 0.80797
0.34285 0.037642 0.82022
0.33198 0.037649 0.82729
0.35264 0.037644 0.83107
0.34291 0.037672 0.84823
0.34075 0.037679 0.86428
0.36013 0.037655 0.84254
0.35939 0.037669 0.86528
0.33507 0.037691 0.88197
0.33862 0.037692 0.89529
0.35177 0.037687 0.89033
0.34395 0.037696 0.9119
0.33727 0.037673 0.92852
0.35177 0.037694 0.9148
0.3518 0.03767 0.9257
0.34356 0.037633 0.93941
0.3352 0.033463 0.95872
0.35867 0.037629 0.9392
0.35056 0.033357 0.96275
0.36788 0.03772 0.035043
0.37771 0.037724 0.055011
0.38672 0.037723 0.040549
0.38779 0.037725 0.068538
0.39145 0.037719 0.089083
0.3672 0.037707 0.10114
0.37754 0.037688 0.11339
0.39045 0.037698 0.10434
0.38505 0.037688 0.11272
0.36628 0.037676 0.14042
0.36742 0.037678 0.15345
0.3903 0.037678 0.13402
0.37387 0.037671 0.16316
0.36837 0.037665 0.175
0.38901 0.037666 0.18519
0.36896 0.03766 0.19308
0.37198 0.037643 0.20924
0.384 0.037649 0.19792
0.38364 0.03764 0.2074
0.36681 0.037615 0.23362
0.36408 0.03762 0.24531
0.39072 0.03763 0.22517
0.38701 0.037623 0.24792
0.36276 0.037605 0.26056
0.36191 0.037569 0.28332
0.3867 0.037596 0.26453
0.37484 0.037592 0.2797
0.36807 0.037535 0.30603
0.3815 0.037586 0.29245
0.38018 0.037574 0.30224
0.3569 0.03753 0.32351
0.36255 0.037767 0.34594
0.35644 0.037952 0.36866
0.37372 0.037871 0.35419
0.35576 0.037766 0.38498
0.36282 0.037827 0.38154
0.35768 0.03763 0.39804
0.34056 0.037802 0.43282
0.33481 0.038011 0.44385
0.35167 0.037626 0.42144
0.33826 0.037996 0.44739
0.31766 0.038402 0.46017
0.31813 0.038277 0.47654
0.30267 0.038448 0.51089
0.314 0.038183 0.54356
0.31087 0.038505 0.50669
0.31806 0.038161 0.54516
0.32642 0.037932 0.5666
0.32903 0.037794 0.58003
0.33673 0.037735 0.60002
0.34239 0.037699 0.61824
0.35011 0.037747 0.59497
0.36396 0.037815 0.62114
0.34996 0.037663 0.63753
0.35114 0.037663 0.64591
0.36393 0.037681 0.63776
0.37106 0.037684 0.64849
0.35285 0.037628 0.66451
0.35736 0.037599 0.68438
0.38151 0.03765 0.66355
0.38414 0.037594 0.6742
0.35898 0.037569 0.69564
0.37611 0.037589 0.68836
0.38254 0.037581 0.70953
0.37533 0.037572 0.74132
0.39085 0.037571 0.72257
0.38463 0.037562 0.74206
0.37302 0.037565 0.7611
0.36417 0.03758 0.76684
0.38114 0.037565 0.75802
0.37716 0.037598 0.78888
0.37475 0.037612 0.80629
0.38389 0.037594 0.78415
0.37422 0.037626 0.81562
0.36786 0.037642 0.83613
0.37114 0.037648 0.84377
0.36988 0.037656 0.86057
0.38555 0.037639 0.84415
0.38718 0.037655 0.86818
0.37264 0.037677 0.87947
0.36825 0.037683 0.89775
0.39044 0.037674 0.90117
0.37234 0.037686 0.91173
0.37936 0.037657 0.92981
0.38588 0.037682 0.91121
0.39313 0.037649 0.93235
0.37651 0.037627 0.94257
0.37054 0.034059 0.95451
0.38964 0.037626 0.94329
0.39586 0.033848 0.95532
0.41208 0.037729 0.036428
0.41778 0.037729 0.040846
0.4188 0.037723 0.06207
0.40208 0.037721 0.077555
0.42406 0.037716 0.070273
0.42913 0.037707 0.08988
0.4115 0.037702 0.10248
0.40153 0.037692 0.1134
0.41901 0.037703 0.10025
0.4184 0.037697 0.11999
0.40792 0.03768 0.13837
0.40257 0.037677 0.15416
0.42302 0.037678 0.14526
0.40592 0.037666 0.16272
0.40433 0.037659 0.18266
0.41715 0.037653 0.16841
0.41936 0.037648 0.17493
0.40801 0.037641 0.21644
0.42082 0.037627 0.19716
0.42598 0.037615 0.2039
0.39405 0.037622 0.23038
0.40498 0.037642 0.24738
0.42514 0.037636 0.22127
0.40313 0.037609 0.26216
0.39883 0.037594 0.27099
0.42194 0.037624 0.2732
0.404 0.037575 0.29197
0.39463 0.037584 0.3047
0.41845 0.037614 0.28092
0.41297 0.037567 0.29691
0.39391 0.037573 0.32273
0.39652 0.037584 0.33639
0.41467 0.037596 0.31469
0.40445 0.037592 0.33901
0.38129 0.037898 0.36424
0.41 0.037609 0.34524
0.3718 0.037879 0.37821
0.36961 0.037606 0.39946
0.39412 0.037665 0.37595
0.38614 0.037552 0.39012
0.37107 0.037482 0.42021
0.36407 0.037586 0.43732
0.38332 0.037515 0.40278
0.34399 0.037929 0.45497
0.3224 0.038129 0.47602
0.36254 0.03734 0.45056
0.32568 0.037803 0.48761
0.32065 0.038147 0.49714
0.32287 0.038238 0.53236
0.32499 0.037554 0.50388
0.33609 0.037734 0.54359
0.35389 0.037653 0.57158
0.37332 0.037661 0.58464
0.37223 0.03798 0.61589
0.40133 0.037866 0.63141
0.38236 0.037791 0.63695
0.39193 0.037688 0.65599
0.40449 0.037791 0.63975
0.3949 0.03761 0.66518
0.40222 0.037541 0.67638
0.41069 0.037562 0.66165
0.42065 0.037471 0.67209
0.3942 0.037567 0.69559
0.40166 0.037535 0.70388
0.42285 0.037525 0.69172
0.42416 0.037486 0.70738
0.40824 0.037525 0.72431
0.40274 0.037528 0.73664
0.42189 0.037486 0.7338
0.40244 0.037546 0.76689
0.42151 0.037506 0.75474
0.4159 0.037543 0.76998
0.40743 0.037565 0.7862
0.39957 0.037586 0.80521
0.42526 0.037543 0.78727
0.4286 0.037557 0.80245
0.41233 0.037587 0.82253
0.42974 0.037574 0.81485
0.417 0.037595 0.83071
0.40251 0.037631 0.84477
0.42247 0.037637 0.86536
0.41108 0.037653 0.88366
0.40658 0.037665 0.90058
0.4262 0.037644 0.88402
0.42089 0.037649 0.89242
0.40827 0.037674 0.91019
0.40645 0.037649 0.93164
0.42598 0.03765 0.9294
0.40108 0.03762 0.94585
0.41695 0.037632 0.93928
0.42672 0.033374 0.96144
0.43608 0.037724 0.040927
0.44203 0.037715 0.059453
0.45593 0.037722 0.044198
0.436 0.03771 0.068942
0.43638 0.037704 0.088151
0.46404 0.0377 0.077136
0.45751 0.037698 0.091928
0.4325 0.0377 0.11454
0.46152 0.037696 0.09839
0.44337 0.03768 0.13316
0.43516 0.037675 0.14801
0.45242 0.037675 0.13502
0.46214 0.037673 0.14918
0.44377 0.037658 0.16089
0.44019 0.037648 0.18057
0.45909 0.037648 0.16758
0.45618 0.037647 0.18364
0.4431 0.037625 0.19439
0.43724 0.037612 0.20551
0.45075 0.037622 0.21235
0.43359 0.037634 0.22512
0.42954 0.037646 0.2389
0.44805 0.037631 0.22357
0.43185 0.03766 0.24891
0.43153 0.037624 0.26348
0.45381 0.037643 0.25713
0.45731 0.037669 0.26868
0.42903 0.037639 0.27861
0.44463 0.037651 0.28715
0.45209 0.037684 0.29987
0.42853 0.037614 0.31299
0.42517 0.037553 0.32862
0.44849 0.037685 0.30736
0.44357 0.037593 0.32041
0.42558 0.037564 0.34028
0.41731 0.037577 0.36099
0.4503 0.037573 0.33617
0.44246 0.037574 0.35019
0.43515 0.037514 0.36889
0.39289 0.036918 0.404
0.39069 0.036687 0.42563
0.4222 0.036349 0.38373
0.40923 0.034974 0.40873
0.37242 0.036563 0.44465
0.34371 0.03593 0.47298
0.35509 0.034203 0.48626
0.33182 0.036118 0.51472
0.34498 0.036801 0.5451
0.34015 0.03538 0.5226
0.38876 0.035486 0.56873
0.3883 0.036716 0.59223
0.40006 0.037095 0.60791
0.39693 0.035988 0.59531
0.40916 0.036715 0.60821
0.4145 0.038123 0.62019
0.42284 0.037826 0.61573
0.42928 0.038077 0.62846
0.42235 0.037738 0.64601
0.44057 0.03788 0.63515
0.45077 0.037614 0.64735
0.43037 0.037441 0.66509
0.42963 0.037473 0.67545
0.44944 0.037479 0.66537
0.44778 0.037497 0.67395
0.4319 0.037485 0.69443
0.44065 0.037462 0.70832
0.46158 0.037395 0.706
0.43766 0.037461 0.72346
0.44317 0.037469 0.73951
0.45306 0.037432 0.72132
0.45766 0.037445 0.74128
0.44599 0.037472 0.75014
0.43408 0.037516 0.7705
0.45899 0.037443 0.7545
0.45518 0.037489 0.77066
0.43856 0.037531 0.78461
0.44014 0.037556 0.80528
0.45324 0.037517 0.78785
0.46434 0.037545 0.80578
0.44204 0.037573 0.82755
0.45347 0.037556 0.82155
0.45331 0.037574 0.83055
0.44362 0.037613 0.84318
0.43635 0.037633 0.86526
0.46267 0.037602 0.84339
0.43863 0.037639 0.87488
0.43919 0.037644 0.89406
0.45192 0.037633 0.88484
0.45955 0.037643 0.89775
0.44581 0.037667 0.91633
0.44576 0.03765 0.92785
0.45916 0.037663 0.91693
0.45473 0.037639 0.93203
0.44282 0.037614 0.94804
0.4631 0.03761 0.94455
0.45887 0.033352 0.96338
0.40991 0.037509 0.44512
0.379 0.037863 0.46845
0.37626 0.037774 0.52833
0.37863 0.035993 0.49773
0.48112 0.037726 0.04515
0.47787 0.037717 0.062322
0.49617 0.037723 0.038625
0.48807 0.03772 0.060477
0.47043 0.037702 0.077597
0.47391 0.037702 0.089048
0.49228 0.037712 0.070792
0.49139 0.037704 0.090011
0.48108 0.03769 0.10595
0.47632 0.03769 0.11216
0.48571 0.037694 0.10044
0.49548 0.03769 0.12015
0.47428 0.037681 0.13106
0.49196 0.037676 0.14448
0.46892 0.037656 0.16357
0.47612 0.037653 0.17631
0.4864 0.037665 0.15981
0.47708 0.037646 0.19143
0.47358 0.037634 0.20742
0.48924 0.03765 0.18878
0.48926 0.037632 0.20479
0.4702 0.037642 0.22787
0.47676 0.037646 0.23309
0.48621 0.037652 0.22001
0.49232 0.037642 0.23142
0.46497 0.037652 0.25702
0.47816 0.037662 0.26029
0.49224 0.037659 0.25507
0.49733 0.037695 0.26805
0.46947 0.037713 0.28422
0.47297 0.037761 0.29222
0.48539 0.037778 0.29236
0.46579 0.037791 0.30905
0.47028 0.037952 0.32136
0.4864 0.037867 0.30919
0.49024 0.038036 0.31993
0.46794 0.037969 0.33056
0.47139 0.038117 0.33749
0.49145 0.038372 0.33727
0.4577 0.037484 0.36109
0.47953 0.038067 0.34515
0.48123 0.037389 0.34951
0.43863 0.035632 0.38175
0.43495 0.034393 0.39468
0.46871 0.035297 0.3639
0.46974 0.034179 0.37098
0.42492 0.033552 0.4276
0.4477 0.033359 0.49341
0.40248 0.033425 0.5165
0.40466 0.034305 0.58237
0.44922 0.033715 0.60537
0.43955 0.035303 0.61291
0.48573 0.033989 0.60198
0.498 0.035258 0.61385
0.44008 0.037311 0.61993
0.45692 0.037715 0.62739
0.49323 0.036712 0.62267
0.5051 0.037509 0.63021
0.46145 0.037774 0.63508
0.4653 0.037537 0.65348
0.48447 0.037651 0.63818
0.49979 0.037538 0.64943
0.46291 0.037497 0.65837
0.46568 0.037434 0.67377
0.50087 0.037366 0.65887
0.47414 0.037413 0.68399
0.47183 0.037389 0.71017
0.48528 0.03735 0.68786
0.49249 0.037338 0.70173
0.47711 0.037398 0.72933
0.49247 0.037366 0.71287
0.49375 0.037387 0.733
0.47736 0.037416 0.7506
0.4788 0.037446 0.76407
0.49492 0.037397 0.75217
0.49648 0.037437 0.76411
0.48056 0.037495 0.77721
0.47119 0.037528 0.79921
0.49268 0.037533 0.80495
0.47953 0.037563 0.83328
0.49488 0.037537 0.81548
0.49258 0.037563 0.83587
0.47753 0.037595 0.84733
0.47966 0.037606 0.86335
0.48662 0.037598 0.86066
0.47636 0.037628 0.87859
0.47355 0.03763 0.88919
0.49466 0.037624 0.88368
0.46923 0.037637 0.92899
0.49135 0.037653 0.91114
0.48638 0.037622 0.93118
0.47597 0.037599 0.94527
0.47593 0.034571 0.95306
0.48743 0.0376 0.93925
0.47413 0.033891 0.42718
0.4174 0.034115 0.49023
0.44468 0.033833 0.50645
0.46363 0.033923 0.56227
0.46657 0.035763 0.38986
0.47603 0.036513 0.38082
0.41753 0.035912 0.44563
0.40255 0.035128 0.46669
0.41765 0.036709 0.43195
0.40737 0.036391 0.45306
0.47698 0.034709 0.41084
0.42927 0.034012 0.45661
0.47481 0.035672 0.3892
0.44034 0.033743 0.48847
0.41631 0.034326 0.52723
0.37019 0.037841 0.5231
0.42548 0.037116 0.5826
0.48876 0.03391 0.5489
0.45256 0.035639 0.58778
0.44804 0.033854 0.53211
0.43979 0.036076 0.59245
0.42917 0.036738 0.58806
0.47822 0.036393 0.38215
0.43385 0.03611 0.42581
0.41954 0.034808 0.47246
0.45141 0.035457 0.41826
0.41064 0.035119 0.47567
0.45593 0.036855 0.39458
0.43315 0.034259 0.47624
0.46583 0.03488 0.41998
0.464 0.0346 0.45956
0.39352 0.036448 0.53841
0.41049 0.036795 0.55605
0.38554 0.035795 0.49109
0.43075 0.034858 0.54623
0.43057 0.034204 0.50111
0.47659 0.034204 0.56009
0.45975 0.034036 0.50044
0.44291 0.034519 0.56155
0.43045 0.036708 0.58769
0.48154 0.036951 0.58978
0.45264 0.034343 0.44465
0.46807 0.034472 0.523
0.50816 0.037719 0.044818
0.52661 0.037715 0.046806
0.52564 0.037715 0.056096
0.50741 0.037712 0.06965
0.50758 0.037708 0.085767
0.53104 0.03771 0.066102
0.52502 0.037707 0.086144
0.50283 0.037691 0.10279
0.51311 0.037684 0.1129
0.52897 0.037683 0.10521
0.52419 0.037679 0.11157
0.51612 0.037679 0.13306
0.51382 0.037676 0.14326
0.52046 0.037679 0.13168
0.52204 0.037675 0.15311
0.51144 0.037667 0.15871
0.51641 0.037641 0.17241
0.53093 0.037637 0.16898
0.52058 0.03764 0.17315
0.51616 0.037623 0.19571
0.50295 0.03762 0.20239
0.53027 0.037616 0.19173
0.53331 0.03759 0.20332
0.51366 0.037641 0.22367
0.512 0.037652 0.23655
0.52654 0.037624 0.22542
0.52286 0.037648 0.23892
0.50577 0.037673 0.26547
0.52808 0.037631 0.25334
0.52439 0.037625 0.26002
0.50649 0.037692 0.27718
0.51705 0.037701 0.29195
0.53486 0.037656 0.27703
0.53839 0.037695 0.29359
0.50588 0.037796 0.30571
0.54 0.037771 0.30799
0.54337 0.037788 0.31498
0.50047 0.038308 0.33483
0.52968 0.038038 0.32427
0.54543 0.037973 0.34411
0.50739 0.037892 0.34041
0.5096 0.037525 0.34267
0.55135 0.037454 0.37079
0.53054 0.035529 0.35863
0.52141 0.034415 0.36457
0.54557 0.035651 0.38104
0.5252 0.034329 0.42449
0.50305 0.033409 0.43881
0.51595 0.033755 0.4493
0.52487 0.033428 0.47661
0.4809 0.033376 0.52164
0.53924 0.033592 0.59286
0.57611 0.033412 0.56397
0.58625 0.034126 0.59199
0.51062 0.035754 0.61885
0.56105 0.035498 0.604
0.55487 0.0366 0.61278
0.53839 0.037122 0.62404
0.51158 0.037695 0.64305
0.53154 0.037594 0.63115
0.53949 0.037525 0.64273
0.51177 0.037406 0.65563
0.51792 0.037296 0.66745
0.53442 0.037339 0.66064
0.53798 0.037355 0.66967
0.51157 0.037342 0.68523
0.50478 0.037334 0.69905
0.52556 0.037375 0.68164
0.53624 0.037373 0.69737
0.50351 0.037363 0.72322
0.50982 0.037388 0.73688
0.52106 0.037393 0.73774
0.50837 0.037391 0.7505
0.5095 0.03742 0.76174
0.52816 0.037402 0.74331
0.52109 0.037426 0.76307
0.51587 0.037479 0.77683
0.50615 0.037515 0.79889
0.52828 0.03749 0.78699
0.53277 0.037515 0.79936
0.5076 0.03753 0.81609
0.51301 0.03753 0.82538
0.52488 0.037527 0.82006
0.52529 0.037544 0.82954
0.51152 0.037593 0.85784
0.53276 0.037603 0.86442
0.50978 0.037622 0.8809
0.51535 0.037627 0.89479
0.5313 0.037623 0.87995
0.53199 0.037634 0.89715
0.50203 0.037654 0.9167
0.52097 0.037653 0.91348
0.50447 0.034795 0.95259
0.52832 0.037539 0.9455
0.5262 0.033471 0.95837
0.48052 0.033986 0.50304
0.51648 0.033771 0.54681
0.49636 0.034406 0.40211
0.49825 0.033925 0.47919
0.53299 0.036952 0.40343
0.47737 0.033845 0.44369
0.53695 0.035065 0.51837
0.50515 0.036717 0.45038
0.5564 0.036263 0.51981
0.51827 0.03377 0.52819
0.51247 0.03479 0.57938
0.55948 0.034131 0.56312
0.54909 0.03649 0.58427
0.57867 0.03439 0.562
0.57241 0.035876 0.58715
0.60116 0.037784 0.55921
0.59498 0.038 0.57766
0.52939 0.036202 0.59263
0.52614 0.036603 0.3902
0.52766 0.035779 0.39765
0.47163 0.033878 0.48089
0.50043 0.03474 0.42456
0.49631 0.034626 0.46092
0.50433 0.036946 0.45022
0.53326 0.035319 0.49629
0.5111 0.03477 0.48384
0.53574 0.034197 0.53684
0.53259 0.035898 0.56454
0.50103 0.034447 0.51246
0.52387 0.034759 0.55526
0.59608 0.037364 0.56847
0.58577 0.036801 0.58158
0.56446 0.03545 0.54002
0.48021 0.03431 0.45237
0.49135 0.034378 0.46536
0.5124 0.034475 0.52015
0.54247 0.037713 0.053487
0.56504 0.037708 0.036551
0.56072 0.037706 0.062178
0.54469 0.037696 0.090604
0.55666 0.037705 0.070083
0.55739 0.037699 0.086802
0.54498 0.037675 0.10606
0.54954 0.037672 0.12143
0.55474 0.037672 0.10547
0.55487 0.03767 0.12168
0.54552 0.037666 0.13141
0.56557 0.037662 0.13303
0.55835 0.037659 0.14381
0.54886 0.037631 0.16646
0.56802 0.037629 0.16479
0.55092 0.037582 0.19485
0.54315 0.037584 0.20978
0.56926 0.037589 0.19309
0.5641 0.037578 0.21468
0.54826 0.037583 0.22101
0.55939 0.037579 0.22021
0.57271 0.037595 0.24633
0.5499 0.037586 0.25602
0.57173 0.037581 0.26106
0.57041 0.037586 0.26805
0.54972 0.037666 0.29158
0.57504 0.037597 0.28534
0.57103 0.037597 0.29505
0.55921 0.03773 0.309
0.55883 0.037756 0.32556
0.57272 0.037581 0.31912
0.57692 0.037524 0.33646
0.5506 0.037872 0.32893
0.55965 0.037762 0.35963
0.57072 0.037594 0.34716
0.55128 0.03759 0.38328
0.55382 0.037276 0.40072
0.55059 0.037089 0.40655
0.53264 0.035005 0.43126
0.55406 0.036546 0.43035
0.54092 0.034021 0.46009
0.56033 0.033909 0.49277
0.59689 0.033854 0.53438
0.61818 0.036042 0.54013
0.61469 0.036616 0.56974
0.60141 0.035755 0.58984
0.57772 0.037055 0.60522
0.60835 0.03673 0.58578
0.61174 0.037269 0.59511
0.58184 0.037452 0.60885
0.60784 0.037537 0.6138
0.5879 0.037646 0.62132
0.5678 0.037454 0.62936
0.54827 0.037486 0.64279
0.58421 0.037506 0.6472
0.55375 0.037466 0.65618
0.55232 0.03743 0.67496
0.57719 0.037485 0.65216
0.54423 0.03741 0.68194
0.5514 0.037419 0.70486
0.56816 0.037444 0.68538
0.55837 0.03743 0.7054
0.53872 0.037397 0.72054
0.54075 0.037417 0.73606
0.56188 0.037442 0.71374
0.54131 0.037414 0.74755
0.55475 0.037421 0.75609
0.56524 0.037461 0.77007
0.53995 0.037474 0.77749
0.54385 0.03752 0.80076
0.56574 0.037486 0.78802
0.56535 0.037537 0.80457
0.54904 0.037546 0.81173
0.54368 0.037565 0.83563
0.55581 0.037548 0.81403
0.5567 0.037561 0.83205
0.54068 0.037592 0.8534
0.55444 0.037592 0.852
0.56134 0.037608 0.86676
0.54212 0.037627 0.89014
0.55729 0.037626 0.88471
0.56523 0.037633 0.89189
0.54735 0.037655 0.91091
0.53763 0.037605 0.93055
0.55984 0.037659 0.91397
0.55591 0.037614 0.93007
0.54436 0.037556 0.94467
0.54846 0.033401 0.96013
0.56408 0.037574 0.94191
0.5549 0.034348 0.95347
0.5623 0.036062 0.52512
0.57984 0.036227 0.53857
0.57783 0.037705 0.044642
0.58832 0.037703 0.040391
0.59653 0.037699 0.061882
0.57388 0.037687 0.093086
0.59073 0.037697 0.071876
0.59733 0.037685 0.09231
0.57317 0.037667 0.10816
0.5781 0.037667 0.12246
0.59602 0.037675 0.10275
0.58867 0.037666 0.11398
0.58431 0.037656 0.13979
0.60126 0.037658 0.13312
0.59593 0.037653 0.15001
0.5823 0.037616 0.16848
0.57527 0.037608 0.17792
0.59125 0.037609 0.17103
0.60171 0.037602 0.17769
0.57665 0.037578 0.21061
0.59719 0.037579 0.20266
0.58211 0.037577 0.22918
0.58183 0.037588 0.24626
0.60745 0.037565 0.22665
0.59889 0.037558 0.24629
0.58902 0.03758 0.25297
0.59901 0.037542 0.26041
0.60186 0.037526 0.27752
0.58085 0.037578 0.28541
0.58755 0.037518 0.30152
0.603 0.037492 0.29764
0.59951 0.037468 0.307
0.58537 0.037484 0.3237
0.60426 0.037352 0.33692
0.60446 0.037302 0.35122
0.58175 0.037405 0.35682
0.57422 0.037143 0.39037
0.59159 0.03722 0.37639
0.56821 0.036821 0.41159
0.56735 0.036818 0.42665
0.59105 0.037149 0.41002
0.56128 0.036984 0.439
0.55831 0.037029 0.45928
0.56438 0.037116 0.4476
0.56419 0.03693 0.4572
0.56912 0.03638 0.48639
0.59289 0.037027 0.50491
0.57149 0.036677 0.47602
0.59593 0.037189 0.50214
0.622 0.037299 0.53247
0.62801 0.037875 0.55152
0.6204 0.037319 0.52206
0.63229 0.037971 0.55458
0.62253 0.037598 0.56827
0.61331 0.037493 0.60107
0.6323 0.037878 0.56553
0.62633 0.037732 0.58641
0.6189 0.03781 0.61597
0.62577 0.037867 0.61161
0.6268 0.037919 0.63306
0.60756 0.037728 0.64099
0.59967 0.037593 0.64781
0.62515 0.038024 0.65403
0.58986 0.037481 0.65889
0.58236 0.03743 0.67712
0.62314 0.037837 0.666
0.60488 0.037502 0.67682
0.58599 0.03745 0.68689
0.59691 0.037474 0.68474
0.59409 0.037481 0.70028
0.5737 0.037446 0.73226
0.59375 0.03747 0.73062
0.5745 0.037444 0.74434
0.5993 0.037455 0.7557
0.59434 0.037481 0.77136
0.57255 0.037504 0.79511
0.5935 0.037543 0.80441
0.58012 0.037549 0.80794
0.5784 0.037553 0.82486
0.59193 0.037559 0.82078
0.57936 0.037587 0.84888
0.59857 0.037597 0.84987
0.57453 0.03762 0.87563
0.5979 0.037646 0.89777
0.57458 0.037657 0.91255
0.59399 0.037658 0.91093
0.5747 0.037557 0.94764
0.57788 0.034757 0.95265
0.59229 0.037588 0.94327
0.58684 0.033352 0.96335
0.61207 0.037701 0.044874
0.61449 0.037697 0.061085
0.63244 0.037698 0.042277
0.6344 0.037697 0.053015
0.61798 0.037691 0.074028
0.60623 0.037691 0.085673
0.63481 0.037686 0.078347
0.62982 0.037688 0.084375
0.61375 0.037672 0.10888
0.61255 0.037666 0.1242
0.62537 0.037677 0.1026
0.63198 0.037668 0.12145
0.60676 0.037661 0.12866
0.61893 0.037637 0.15576
0.63215 0.037656 0.13134
0.63333 0.03764 0.14556
0.61193 0.037616 0.16709
0.61949 0.037601 0.17949
0.63251 0.037622 0.16277
0.61934 0.037573 0.20047
0.61406 0.037568 0.21797
0.62908 0.037563 0.20471
0.6303 0.037555 0.21722
0.61308 0.037512 0.24162
0.63043 0.03751 0.23571
0.63355 0.037494 0.24651
0.63589 0.037456 0.27187
0.6172 0.03739 0.31343
0.6299 0.03742 0.29776
0.6349 0.037323 0.3316
0.62783 0.037301 0.33876
0.62688 0.037177 0.36894
0.60346 0.037191 0.37625
0.60007 0.037245 0.40223
0.61622 0.037136 0.37659
0.61203 0.037322 0.40112
0.58454 0.036903 0.43388
0.59943 0.03688 0.43082
0.5846 0.036693 0.44661
0.58184 0.036544 0.47099
0.59422 0.036628 0.45309
0.59899 0.03666 0.45704
0.60526 0.036952 0.49456
0.60951 0.03682 0.47867
0.62412 0.037006 0.49786
0.63031 0.037334 0.51391
0.63967 0.037986 0.54589
0.6401 0.037303 0.50994
0.64642 0.037686 0.53595
0.64555 0.037946 0.55946
0.64374 0.037781 0.58308
0.65499 0.037845 0.55803
0.65094 0.037826 0.5779
0.64197 0.037794 0.60024
0.6513 0.037809 0.60985
0.6374 0.038048 0.64738
0.65218 0.037834 0.64755
0.63108 0.03807 0.66575
0.61971 0.037672 0.67805
0.63914 0.037739 0.68534
0.63995 0.037623 0.69361
0.6109 0.037521 0.71275
0.60867 0.037485 0.73032
0.63076 0.037501 0.73336
0.6131 0.037482 0.74907
0.60771 0.03747 0.76184
0.62777 0.03749 0.7522
0.62759 0.037486 0.76005
0.61171 0.03751 0.78701
0.61304 0.037522 0.79315
0.62868 0.037522 0.78674
0.63107 0.037535 0.79366
0.60541 0.037564 0.80919
0.60841 0.037592 0.83696
0.63125 0.037582 0.81184
0.6351 0.037607 0.83395
0.60908 0.037602 0.84392
0.60452 0.037604 0.85811
0.62742 0.037617 0.84781
0.62506 0.03762 0.8613
0.61179 0.03763 0.87437
0.60654 0.037645 0.89402
0.62105 0.037642 0.88252
0.63104 0.037651 0.89184
0.60919 0.037664 0.91184
0.60988 0.037647 0.92839
0.62165 0.037652 0.92978
0.61158 0.037618 0.94615
0.62371 0.037635 0.93914
0.62981 0.033345 0.96449
0.64165 0.037697 0.046441
0.65658 0.037693 0.03818
0.65861 0.037688 0.062887
0.64909 0.037683 0.077791
0.64309 0.03768 0.09383
0.66632 0.037684 0.072538
0.66923 0.037685 0.083829
0.65898 0.037676 0.10749
0.65239 0.037629 0.15587
0.66219 0.037645 0.13827
0.66391 0.037629 0.15563
0.64804 0.037616 0.16469
0.65011 0.037592 0.1879
0.66306 0.037603 0.17195
0.65968 0.037594 0.17886
0.65 0.037579 0.19478
0.64779 0.037552 0.21147
0.66951 0.037571 0.19798
0.66899 0.037551 0.21407
0.64478 0.037515 0.23417
0.65143 0.037488 0.25465
0.66394 0.037464 0.25931
0.64634 0.037438 0.27307
0.64544 0.037402 0.2902
0.67127 0.037414 0.27349
0.66138 0.03739 0.2844
0.64847 0.037343 0.3113
0.66105 0.037322 0.33193
0.64154 0.037306 0.33953
0.63692 0.03713 0.3721
0.6608 0.037277 0.34266
0.65795 0.03715 0.3677
0.62605 0.037191 0.4035
0.63689 0.03709 0.39862
0.62567 0.036954 0.43036
0.63956 0.036979 0.41887
0.63915 0.036965 0.4297
0.61691 0.036819 0.44985
0.62781 0.036819 0.46344
0.64273 0.036924 0.44801
0.63452 0.036918 0.48341
0.6376 0.036958 0.4905
0.64677 0.036965 0.48177
0.6577 0.037098 0.49651
0.64822 0.037208 0.50613
0.65749 0.037499 0.52732
0.6661 0.037275 0.51114
0.67921 0.037446 0.52862
0.67724 0.037639 0.55521
0.67898 0.037648 0.57369
0.67001 0.037728 0.58677
0.67373 0.037689 0.60865
0.68752 0.037697 0.60938
0.66649 0.03768 0.64168
0.68283 0.037688 0.62365
0.67282 0.037682 0.64615
0.65824 0.037833 0.66004
0.67883 0.037651 0.65934
0.65462 0.037513 0.69959
0.66049 0.037657 0.68228
0.66141 0.037534 0.69448
0.64713 0.037434 0.71529
0.64412 0.037485 0.73217
0.66096 0.037446 0.72015
0.67056 0.037493 0.73243
0.64986 0.037499 0.74279
0.64414 0.037504 0.76147
0.66363 0.037515 0.74961
0.66022 0.037511 0.75976
0.63959 0.037529 0.78471
0.64915 0.037551 0.79654
0.65802 0.037536 0.77965
0.65808 0.037566 0.80034
0.64889 0.037588 0.81347
0.64539 0.037612 0.83388
0.66567 0.037603 0.81654
0.66732 0.037625 0.83506
0.64694 0.037624 0.84114
0.64638 0.037633 0.85734
0.65697 0.037636 0.84575
0.66238 0.037648 0.86646
0.65029 0.037652 0.88362
0.65014 0.037656 0.89128
0.65705 0.037655 0.88467
0.66547 0.037666 0.89636
0.64615 0.037673 0.9101
0.63847 0.037645 0.92883
0.6651 0.037674 0.90517
0.66126 0.037672 0.92041
0.63725 0.037609 0.94279
0.64292 0.034155 0.95411
0.65841 0.037594 0.94073
0.66643 0.03387 0.95515
0.68381 0.037681 0.04471
0.68596 0.037681 0.051282
0.7024 0.037679 0.040416
0.69372 0.037681 0.058557
0.7014 0.037683 0.070999
0.70009 0.037684 0.090576
0.67401 0.037681 0.1001
0.67483 0.037672 0.12091
0.67877 0.037648 0.13795
0.68125 0.037632 0.15435
0.68471 0.037613 0.16643
0.69745 0.037608 0.17106
0.68506 0.037558 0.2035
0.67627 0.037548 0.21465
0.69995 0.037547 0.2105
0.69252 0.037532 0.22352
0.6813 0.0375 0.23789
0.69249 0.037483 0.24438
0.69854 0.037478 0.24953
0.68316 0.037379 0.28854
0.69999 0.037411 0.27816
0.6924 0.037383 0.28699
0.67525 0.037322 0.32654
0.69419 0.037338 0.31522
0.69316 0.037327 0.32216
0.68087 0.037243 0.34182
0.67273 0.037179 0.35646
0.68728 0.037214 0.35095
0.68185 0.037152 0.36554
0.664 0.037065 0.38077
0.65838 0.037 0.39323
0.68403 0.037107 0.38387
0.6834 0.037093 0.39364
0.66558 0.036994 0.41072
0.65983 0.036984 0.43211
0.67932 0.037064 0.41069
0.68732 0.037076 0.4266
0.66325 0.036972 0.46445
0.68531 0.037043 0.4477
0.66944 0.037044 0.47979
0.68139 0.037132 0.49149
0.69589 0.037143 0.47617
0.70147 0.037245 0.49555
0.68028 0.037329 0.51231
0.68524 0.037445 0.52983
0.70408 0.037388 0.52022
0.68834 0.037495 0.53976
0.69587 0.037556 0.56809
0.7048 0.03745 0.53744
0.71258 0.037536 0.56773
0.69619 0.037686 0.61126
0.71039 0.037558 0.58009
0.71919 0.037639 0.60471
0.70336 0.037656 0.61729
0.71164 0.037642 0.62591
0.71261 0.037615 0.64325
0.69079 0.037611 0.65987
0.68839 0.037588 0.66781
0.70557 0.037606 0.65238
0.70443 0.037573 0.66734
0.68024 0.037498 0.7013
0.69771 0.03751 0.69537
0.68583 0.037516 0.71914
0.67646 0.037503 0.73072
0.69239 0.03752 0.71067
0.68193 0.037538 0.75473
0.67501 0.037545 0.77007
0.69816 0.037552 0.74659
0.70188 0.037576 0.76789
0.67821 0.03756 0.77843
0.68028 0.037582 0.79695
0.69633 0.037581 0.77709
0.69021 0.037603 0.80426
0.67585 0.037604 0.81172
0.68942 0.037611 0.80972
0.69127 0.037635 0.83207
0.68306 0.037651 0.85253
0.69702 0.037651 0.84241
0.68983 0.037662 0.86846
0.68277 0.037662 0.87445
0.69328 0.037666 0.87336
0.69361 0.037676 0.89673
0.68108 0.037682 0.91034
0.67165 0.037626 0.93182
0.69163 0.037628 0.93099
0.68251 0.037576 0.94322
0.6838 0.03335 0.96353
0.69765 0.033507 0.95791
0.71216 0.037678 0.037323
0.71117 0.037679 0.054323
0.72774 0.037678 0.04235
0.73037 0.037679 0.060297
0.71395 0.037682 0.0754
0.73135 0.03768 0.074875
0.71454 0.037675 0.099878
0.71147 0.037661 0.12457
0.72975 0.037665 0.11097
0.73382 0.037658 0.12591
0.70975 0.037632 0.15541
0.73617 0.037645 0.14498
0.73406 0.037634 0.1572
0.71053 0.037609 0.17356
0.70857 0.037586 0.19054
0.72623 0.037623 0.16607
0.73537 0.037603 0.18455
0.71054 0.037573 0.19799
0.71013 0.037543 0.21708
0.7254 0.037565 0.20655
0.71724 0.037501 0.24423
0.73566 0.037502 0.25152
0.72012 0.037458 0.26815
0.71913 0.037417 0.28992
0.70652 0.037374 0.30725
0.71222 0.037326 0.33036
0.73304 0.037396 0.30803
0.71998 0.037328 0.33152
0.71283 0.037302 0.33721
0.70987 0.037227 0.36097
0.72509 0.037324 0.33763
0.72875 0.03729 0.35998
0.70985 0.037175 0.3802
0.6972 0.037137 0.39194
0.72016 0.037232 0.37211
0.7145 0.037172 0.3956
0.70206 0.037125 0.41454
0.72581 0.037237 0.4039
0.71562 0.037175 0.42199
0.70655 0.037115 0.43621
0.70067 0.037117 0.46112
0.72418 0.037233 0.44174
0.72107 0.03722 0.45748
0.70934 0.037161 0.46927
0.71256 0.03722 0.48798
0.71676 0.037197 0.46689
0.72665 0.037296 0.48923
0.72653 0.03734 0.50569
0.73427 0.037391 0.51956
0.72169 0.037476 0.5463
0.73851 0.037453 0.54422
0.74493 0.0375 0.56562
0.73272 0.0376 0.60437
0.74599 0.037524 0.57889
0.74151 0.037563 0.59083
0.72651 0.037614 0.63896
0.73793 0.037628 0.61346
0.74341 0.037627 0.63965
0.72356 0.037596 0.65684
0.72691 0.037583 0.66358
0.73604 0.037607 0.65202
0.73701 0.037601 0.67086
0.72109 0.03755 0.69075
0.71597 0.037548 0.69938
0.73282 0.037585 0.6825
0.73535 0.03758 0.69654
0.72176 0.037568 0.71844
0.70922 0.037556 0.73124
0.72621 0.037574 0.72746
0.71253 0.037573 0.74753
0.71172 0.037579 0.76169
0.73369 0.037594 0.74522
0.72938 0.037597 0.76384
0.71586 0.037611 0.78097
0.7065 0.037611 0.7969
0.72771 0.037619 0.77992
0.71568 0.03764 0.81938
0.70625 0.037644 0.83093
0.72845 0.037641 0.80814
0.71838 0.037662 0.84027
0.7059 0.037667 0.86241
0.72478 0.037665 0.84044
0.71269 0.037678 0.8838
0.70664 0.037676 0.88838
0.72291 0.037681 0.87533
0.73483 0.037692 0.89799
0.70546 0.037689 0.9108
0.71666 0.037687 0.91982
0.73304 0.037696 0.90736
0.71201 0.033408 0.95996
0.73415 0.03759 0.94112
0.74164 0.037678 0.043339
0.74432 0.037678 0.056928
0.7639 0.037676 0.058272
0.75886 0.037677 0.076458
0.75674 0.037675 0.090134
0.7674 0.03767 0.10355
0.75759 0.037667 0.1167
0.74627 0.037646 0.14445
0.74253 0.037642 0.15014
0.75918 0.037655 0.13284
0.76716 0.037635 0.15624
0.74387 0.03762 0.16922
0.74939 0.037593 0.19248
0.75944 0.037611 0.17633
0.75797 0.037594 0.19099
0.75282 0.037574 0.2042
0.74704 0.037543 0.22867
0.76419 0.037559 0.223
0.74635 0.037522 0.24224
0.76824 0.037548 0.23361
0.75053 0.037486 0.26746
0.73936 0.037447 0.28435
0.76441 0.037492 0.27115
0.74218 0.037383 0.327
0.75571 0.037436 0.30166
0.75757 0.037414 0.32351
0.7388 0.037357 0.33938
0.73669 0.037309 0.36492
0.75732 0.037376 0.34497
0.76088 0.037368 0.35648
0.7459 0.037293 0.37902
0.74115 0.037278 0.38739
0.76339 0.037351 0.37489
0.75314 0.037301 0.3893
0.73846 0.037271 0.40232
0.73719 0.037265 0.42879
0.75909 0.037313 0.41085
0.73447 0.037265 0.44101
0.73627 0.037282 0.45968
0.75711 0.037306 0.44149
0.76118 0.037322 0.45212
0.74738 0.037295 0.46657
0.74047 0.037317 0.48548
0.76524 0.037356 0.47228
0.76467 0.037362 0.48268
0.76503 0.037393 0.50508
0.76116 0.037416 0.52799
0.74972 0.03745 0.54265
0.75201 0.037487 0.56188
0.76564 0.037452 0.53903
0.77483 0.037498 0.55514
0.76096 0.037509 0.58334
0.76695 0.03755 0.60141
0.77225 0.037565 0.60797
0.75059 0.037634 0.6526
0.75043 0.037632 0.66894
0.77011 0.037624 0.65132
0.75341 0.037637 0.68271
0.74978 0.037619 0.70176
0.77057 0.03763 0.68928
0.75267 0.037627 0.72043
0.74897 0.037616 0.73899
0.74822 0.03761 0.75598
0.74507 0.03761 0.7603
0.76338 0.03763 0.7625
0.74976 0.037643 0.78077
0.74843 0.037653 0.79907
0.75849 0.037641 0.77599
0.75249 0.037664 0.81857
0.75176 0.037672 0.83581
0.76019 0.037664 0.80979
0.76578 0.037671 0.82746
0.74216 0.037681 0.86248
0.75996 0.037683 0.85053
0.74695 0.037685 0.87161
0.74276 0.037695 0.89975
0.75942 0.037691 0.88044
0.75872 0.037696 0.89492
0.74953 0.037699 0.90392
0.76486 0.037706 0.91067
0.75744 0.037658 0.92984
0.73985 0.037601 0.94004
0.74155 0.033508 0.95792
0.76617 0.033386 0.96085
0.77524 0.037674 0.043786
0.78356 0.037673 0.052206
0.79787 0.037673 0.047276
0.80086 0.037674 0.062951
0.77902 0.037676 0.068195
0.79326 0.037674 0.089598
0.78418 0.037663 0.11256
0.78337 0.037655 0.12794
0.7947 0.037664 0.10929
0.79842 0.037659 0.12343
0.78444 0.037645 0.14261
0.78185 0.037637 0.15577
0.79116 0.037651 0.13568
0.79252 0.037637 0.16042
0.78195 0.03762 0.17571
0.80075 0.037636 0.16674
0.78982 0.037606 0.19404
0.78128 0.03759 0.20508
0.78387 0.037569 0.22636
0.79687 0.037596 0.2099
0.79275 0.037577 0.22535
0.7752 0.03755 0.23613
0.77428 0.037516 0.26187
0.7923 0.037565 0.23499
0.79239 0.037545 0.25295
0.79466 0.037524 0.27468
0.77087 0.037455 0.3126
0.77646 0.037449 0.32797
0.80003 0.037505 0.30018
0.78826 0.037466 0.32201
0.77659 0.037423 0.34457
0.77498 0.0374 0.36056
0.78694 0.037442 0.3371
0.78596 0.037415 0.35653
0.77736 0.037382 0.37575
0.78091 0.037369 0.39181
0.79502 0.037421 0.37402
0.79547 0.037411 0.39238
0.77914 0.037359 0.40642
0.77558 0.03735 0.42129
0.78725 0.037379 0.4037
0.7923 0.037392 0.4267
0.77532 0.037356 0.44198
0.79077 0.03739 0.44456
0.7885 0.037382 0.449
0.77256 0.037368 0.4689
0.77947 0.037386 0.4848
0.79204 0.037403 0.46736
0.80106 0.037451 0.48991
0.78583 0.037421 0.51004
0.79495 0.037441 0.50658
0.80328 0.037494 0.52837
0.78021 0.037508 0.5591
0.79856 0.037487 0.53395
0.8026 0.037526 0.56214
0.78758 0.03752 0.57981
0.78539 0.037537 0.59094
0.80119 0.03753 0.57838
0.79151 0.037549 0.60562
0.7991 0.037553 0.60768
0.78133 0.03762 0.64457
0.78032 0.037629 0.6648
0.80306 0.037618 0.64939
0.79746 0.037624 0.67048
0.78028 0.03763 0.68899
0.78188 0.037631 0.697
0.80257 0.037637 0.68639
0.80196 0.037637 0.69157
0.78549 0.037635 0.71593
0.77504 0.037637 0.73714
0.79149 0.037646 0.73784
0.78142 0.037646 0.74647
0.78448 0.037656 0.76842
0.80162 0.03766 0.74608
0.79899 0.037681 0.79797
0.7744 0.037671 0.81917
0.78052 0.03768 0.83362
0.79089 0.037679 0.80955
0.80074 0.037689 0.83336
0.77931 0.03769 0.85563
0.79078 0.037689 0.8447
0.78083 0.037698 0.87917
0.77455 0.037702 0.89694
0.79796 0.037705 0.89365
0.77963 0.037662 0.9318
0.79412 0.037712 0.91415
0.7839 0.037611 0.94818
0.77501 0.033354 0.96312
0.7933 0.037624 0.94181
0.79836 0.033677 0.95629
0.80524 0.037673 0.046581
0.80589 0.037674 0.053833
0.83088 0.037673 0.046777
0.8333 0.037673 0.051959
0.80536 0.037675 0.076456
0.80697 0.037672 0.091573
0.83012 0.037672 0.072487
0.82318 0.037672 0.088919
0.81213 0.037667 0.10375
0.81093 0.037662 0.12145
0.82224 0.037666 0.10674
0.82921 0.037664 0.12384
0.82929 0.037661 0.1388
0.82201 0.037642 0.17247
0.82197 0.037633 0.1842
0.81282 0.037613 0.20486
0.80607 0.037595 0.22038
0.83339 0.037619 0.21085
0.82983 0.03761 0.22082
0.80692 0.03758 0.23594
0.80995 0.037565 0.25634
0.83127 0.037581 0.25623
0.81763 0.037546 0.27935
0.81266 0.037538 0.28826
0.83311 0.037564 0.27617
0.82603 0.037543 0.29182
0.81627 0.037524 0.3011
0.8104 0.0375 0.31758
0.8276 0.037535 0.30249
0.82036 0.037502 0.32666
0.80736 0.037472 0.34231
0.81194 0.037474 0.35189
0.82126 0.037491 0.3445
0.80646 0.037452 0.37652
0.80521 0.037441 0.39505
0.82974 0.037489 0.37646
0.80558 0.037439 0.40734
0.80639 0.037443 0.42575
0.82404 0.037466 0.4208
0.80728 0.037447 0.43977
0.81691 0.037455 0.45169
0.83106 0.037479 0.43684
0.80985 0.037463 0.46947
0.80643 0.03747 0.49008
0.80763 0.037487 0.50959
0.81771 0.037499 0.51899
0.82908 0.037509 0.51931
0.81667 0.037539 0.55492
0.82599 0.037533 0.55098
0.81854 0.037568 0.59951
0.8373 0.037576 0.57861
0.83287 0.037579 0.59652
0.82099 0.037567 0.61593
0.82193 0.037586 0.63162
0.83493 0.037586 0.61009
0.82902 0.037586 0.62802
0.8147 0.03762 0.65077
0.81507 0.037625 0.65774
0.8292 0.037599 0.63949
0.81979 0.037636 0.67353
0.81207 0.037654 0.70348
0.83009 0.037651 0.69129
0.81419 0.03766 0.71486
0.82838 0.037662 0.7133
0.81027 0.037667 0.74116
0.81065 0.037676 0.76632
0.83592 0.03768 0.74461
0.83617 0.037686 0.75946
0.80746 0.037679 0.77923
0.81073 0.037687 0.80007
0.83454 0.037691 0.78227
0.82818 0.037691 0.79665
0.81326 0.037691 0.80928
0.82726 0.037701 0.82943
0.80706 0.037697 0.84926
0.81331 0.037701 0.8617
0.83201 0.037703 0.84504
0.83142 0.037706 0.86383
0.81704 0.037704 0.87378
0.80653 0.037706 0.89229
0.82842 0.037708 0.88231
0.80814 0.037711 0.90711
0.80711 0.037694 0.922
0.82081 0.037712 0.90822
0.80704 0.037622 0.93828
0.81459 0.033378 0.96121
0.82915 0.037578 0.94819
0.82283 0.033351 0.96342
0.84391 0.037672 0.044545
0.84087 0.037672 0.054522
0.86277 0.037671 0.044713
0.84689 0.037668 0.07838
0.85038 0.037667 0.09038
0.8537 0.037667 0.073646
0.85552 0.037667 0.088681
0.85717 0.037669 0.10695
0.8566 0.037662 0.13008
0.84164 0.037656 0.14463
0.84836 0.037649 0.15684
0.86065 0.037657 0.14026
0.85466 0.037651 0.15025
0.8395 0.03764 0.1787
0.84194 0.037635 0.18944
0.85868 0.037643 0.17882
0.86645 0.03764 0.19369
0.8507 0.037628 0.20611
0.83891 0.037609 0.22664
0.86186 0.037631 0.20809
0.85405 0.037614 0.22809
0.84893 0.037602 0.2421
0.85843 0.037608 0.24261
0.86046 0.037604 0.25316
0.85712 0.037591 0.27156
0.85902 0.037579 0.29197
0.84368 0.037551 0.31147
0.83712 0.037534 0.32079
0.86132 0.037574 0.30401
0.85615 0.03756 0.31656
0.84119 0.037523 0.35075
0.85755 0.03755 0.3386
0.86537 0.037549 0.3573
0.84427 0.037514 0.37653
0.85337 0.037521 0.37502
0.86222 0.037531 0.3875
0.84821 0.037509 0.40657
0.84963 0.037506 0.41951
0.8539 0.037515 0.40144
0.86334 0.037527 0.42684
0.84232 0.037501 0.43818
0.83716 0.037491 0.4533
0.85647 0.037514 0.44248
0.86173 0.037523 0.45717
0.84081 0.037502 0.47397
0.84583 0.037512 0.48853
0.84575 0.03753 0.51035
0.85269 0.037545 0.52924
0.86805 0.037562 0.52009
0.84939 0.037552 0.53983
0.85093 0.037563 0.55559
0.86684 0.03757 0.54045
0.86466 0.037573 0.55355
0.85311 0.037578 0.57571
0.84619 0.0376 0.59592
0.86667 0.037588 0.5744
0.85944 0.037594 0.59158
0.8542 0.037622 0.62255
0.86393 0.03761 0.60328
0.85853 0.037628 0.63337
0.85303 0.037639 0.66286
0.86801 0.037638 0.64157
0.86193 0.037646 0.66631
0.85156 0.037645 0.68317
0.84293 0.037652 0.69285
0.86378 0.037651 0.67515
0.8659 0.037667 0.70048
0.84387 0.037663 0.71116
0.84987 0.037675 0.72912
0.85792 0.037662 0.70734
0.85822 0.037678 0.73181
0.84712 0.037682 0.74196
0.84402 0.037691 0.76808
0.85929 0.037692 0.76365
0.84016 0.037697 0.79838
0.86274 0.037698 0.77433
0.86657 0.037703 0.79327
0.84317 0.037704 0.81788
0.86507 0.037705 0.80755
0.86184 0.037707 0.82482
0.84481 0.037706 0.84513
0.86138 0.037708 0.84086
0.86227 0.03771 0.85818
0.84699 0.037714 0.87679
0.84246 0.037713 0.89738
0.86085 0.037714 0.87101
0.84574 0.037707 0.91902
0.86439 0.037715 0.9058
0.85593 0.037699 0.922
0.85011 0.037652 0.9358
0.84322 0.033395 0.96046
0.86321 0.037663 0.93533
0.86145 0.033351 0.96355
0.87034 0.03767 0.039033
0.87209 0.037669 0.060656
0.88668 0.03767 0.039835
0.88814 0.03767 0.051672
0.88161 0.037667 0.075869
0.88218 0.037666 0.091312
0.89655 0.037668 0.077951
0.89081 0.037667 0.085268
0.88156 0.037666 0.1078
0.88237 0.037663 0.12632
0.89066 0.037665 0.11752
0.87559 0.03766 0.13648
0.88284 0.037655 0.15644
0.89417 0.037659 0.14612
0.88944 0.037656 0.16015
0.87723 0.037646 0.18875
0.89352 0.037655 0.16767
0.89762 0.037651 0.18742
0.87255 0.037638 0.2016
0.87789 0.037634 0.21726
0.89117 0.037641 0.20863
0.88709 0.037637 0.21977
0.87047 0.037623 0.23494
0.87341 0.037605 0.27233
0.8754 0.037597 0.28746
0.89807 0.037622 0.26671
0.89089 0.037606 0.28962
0.87132 0.037579 0.31229
0.88101 0.037587 0.32032
0.8879 0.037598 0.30069
0.88684 0.03759 0.31722
0.87803 0.037573 0.34251
0.89385 0.037587 0.33704
0.89877 0.037586 0.35065
0.87828 0.03756 0.37764
0.87094 0.037545 0.38543
0.89267 0.037575 0.36971
0.89574 0.037574 0.3905
0.87352 0.037546 0.40545
0.87593 0.037548 0.41807
0.89704 0.037572 0.41135
0.89263 0.037565 0.41715
0.88284 0.037553 0.43977
0.88713 0.037556 0.44992
0.88241 0.037557 0.47902
0.88082 0.037566 0.49402
0.88745 0.037567 0.49227
0.8721 0.03756 0.50395
0.88014 0.037586 0.5291
0.89084 0.037583 0.51213
0.89276 0.037591 0.52514
0.87683 0.037585 0.5393
0.89259 0.037596 0.53742
0.89699 0.037607 0.5519
0.88217 0.037606 0.57439
0.88015 0.03762 0.59757
0.89408 0.037612 0.5748
0.89115 0.037623 0.59839
0.87927 0.037625 0.60605
0.88443 0.037641 0.63211
0.8908 0.037631 0.60965
0.8903 0.03764 0.62716
0.88268 0.037651 0.65015
0.89163 0.037652 0.64779
0.89454 0.037664 0.66012
0.8752 0.037667 0.6767
0.90025 0.037688 0.69918
0.87426 0.037684 0.71511
0.88262 0.037695 0.7322
0.89702 0.037691 0.70565
0.89238 0.037694 0.72474
0.87549 0.037694 0.74742
0.8739 0.037699 0.76693
0.88908 0.037697 0.74517
0.89918 0.037701 0.76576
0.87611 0.037703 0.78215
0.88 0.037707 0.79878
0.89154 0.037705 0.78953
0.87293 0.037708 0.81698
0.87886 0.03771 0.82594
0.89046 0.037708 0.80612
0.87801 0.03771 0.84147
0.88248 0.037714 0.86437
0.89552 0.03771 0.84043
0.88735 0.037713 0.8595
0.87558 0.037717 0.89155
0.89291 0.037715 0.8704
0.89579 0.037717 0.89012
0.8808 0.037717 0.90372
0.88193 0.03769 0.92898
0.89378 0.037716 0.9101
0.89721 0.037677 0.93054
0.87308 0.037656 0.94083
0.89853 0.033381 0.96109
0.90553 0.037671 0.037474
0.91238 0.037672 0.053964
0.92254 0.037651 0.038776
0.91541 0.037671 0.074999
0.9043 0.037669 0.089854
0.92884 0.037628 0.094063
0.91188 0.037667 0.10818
0.91011 0.037665 0.12844
0.92136 0.037654 0.10307
0.92386 0.037646 0.11745
0.9062 0.037663 0.13374
0.90865 0.03766 0.15748
0.92244 0.037647 0.13819
0.91416 0.037654 0.18668
0.92805 0.037631 0.17027
0.93077 0.037611 0.19489
0.91507 0.037647 0.20386
0.91267 0.037641 0.22085
0.92723 0.037608 0.20787
0.91923 0.037633 0.22485
0.90876 0.037632 0.24486
0.92785 0.037604 0.2414
0.92191 0.037618 0.25454
0.90881 0.037625 0.26843
0.93135 0.037587 0.27807
0.93046 0.037585 0.29235
0.91187 0.037607 0.32389
0.92348 0.037601 0.30079
0.92233 0.037599 0.32069
0.90424 0.037597 0.33469
0.90705 0.037592 0.35987
0.92905 0.037583 0.33554
0.91932 0.037596 0.35412
0.90594 0.037589 0.37032
0.91069 0.037591 0.38943
0.92462 0.037565 0.39399
0.92454 0.037564 0.40184
0.93017 0.037545 0.42917
0.90547 0.037582 0.45392
0.92666 0.037558 0.4341
0.90781 0.037589 0.47961
0.90526 0.037594 0.49548
0.92706 0.037559 0.47154
0.92454 0.037571 0.48559
0.91182 0.037607 0.50325
0.91294 0.037617 0.52326
0.92839 0.037577 0.51245
0.92592 0.037588 0.51959
0.92458 0.037598 0.53832
0.92658 0.037601 0.55524
0.91589 0.037648 0.59699
0.92619 0.037627 0.5763
0.92981 0.037639 0.59641
0.91174 0.037651 0.60632
0.90684 0.037657 0.62376
0.92326 0.037651 0.60738
0.9248 0.037655 0.61993
0.90538 0.037667 0.64528
0.93271 0.037625 0.64895
0.92374 0.03766 0.66493
0.91421 0.037681 0.68973
0.9254 0.03765 0.68285
0.92852 0.037639 0.69764
0.91341 0.037691 0.70666
0.92317 0.037667 0.71066
0.91038 0.037699 0.74278
0.91362 0.037701 0.76193
0.92035 0.037686 0.73879
0.91968 0.037694 0.767
0.9148 0.037703 0.77407
0.91378 0.037704 0.79045
0.92615 0.037677 0.77815
0.92682 0.037675 0.79757
0.90537 0.037708 0.81756
0.91258 0.037707 0.82389
0.9213 0.037692 0.805
0.91897 0.037701 0.82768
0.90648 0.037711 0.84681
0.90683 0.037714 0.86329
0.92371 0.03768 0.83752
0.91941 0.037705 0.86276
0.91219 0.037716 0.87404
0.91942 0.037708 0.87268
0.93073 0.037671 0.8901
0.90781 0.037714 0.91018
0.90894 0.037672 0.92903
0.92078 0.037699 0.90919
0.92869 0.037632 0.92511
0.90744 0.037632 0.941
0.91343 0.033437 0.95919
0.91921 0.037615 0.93951
0.92435 0.033395 0.96044
0.93777 0.037593 0.042094
0.93803 0.037592 0.054527
0.95403 0.034183 0.037237
0.95746 0.033541 0.061082
0.93502 0.037604 0.07432
0.95994 0.033409 0.087129
0.94684 0.037571 0.1054
0.95913 0.033438 0.12681
0.94669 0.037565 0.14429
0.94322 0.037579 0.15459
0.95839 0.033475 0.1399
0.95181 0.03544 0.15689
0.93632 0.03761 0.17032
0.94603 0.037569 0.19376
0.95496 0.033908 0.1952
0.93981 0.037569 0.20364
0.93986 0.03756 0.22631
0.96318 0.033353 0.21229
0.96095 0.033382 0.21928
0.9406 0.037573 0.24496
0.94665 0.03756 0.2504
0.96085 0.033384 0.23485
0.95237 0.034936 0.26148
0.94333 0.037559 0.26881
0.93984 0.037561 0.28578
0.95951 0.033421 0.27315
0.94135 0.037554 0.29974
0.94087 0.037558 0.32783
0.95464 0.033958 0.29937
0.96435 0.033345 0.32216
0.94534 0.037555 0.33984
0.94286 0.037552 0.35456
0.95845 0.033464 0.35743
0.93982 0.03754 0.36584
0.94695 0.037486 0.39531
0.96414 0.033346 0.37727
0.95171 0.035236 0.3941
0.94525 0.037488 0.40491
0.96339 0.033351 0.4079
0.95608 0.03366 0.42674
0.94088 0.037516 0.44315
0.94502 0.037505 0.45005
0.95312 0.034408 0.43374
0.95951 0.033416 0.45105
0.93887 0.037516 0.47125
0.96347 0.03335 0.47808
0.95488 0.033873 0.49405
0.94584 0.037514 0.50801
0.94195 0.037533 0.52159
0.95266 0.034679 0.5111
0.95958 0.033416 0.5263
0.9369 0.037562 0.55448
0.96428 0.033346 0.53885
0.95833 0.033476 0.5572
0.94357 0.037629 0.59432
0.94055 0.03763 0.6136
0.94074 0.037623 0.62264
0.95962 0.033422 0.62793
0.94414 0.037592 0.63985
0.96126 0.033378 0.63762
0.96355 0.033351 0.66011
0.94844 0.037564 0.67795
0.95992 0.03341 0.67609
0.95912 0.03344 0.69716
0.94062 0.037582 0.71543
0.93965 0.037587 0.72647
0.95408 0.034175 0.71718
0.95476 0.03397 0.72235
0.94342 0.037579 0.75748
0.95544 0.033817 0.7488
0.95958 0.033421 0.75768
0.94113 0.037636 0.7811
0.94112 0.037627 0.80075
0.95756 0.033538 0.78908
0.93958 0.037626 0.80579
0.95402 0.034202 0.81387
0.95895 0.033447 0.83207
0.93802 0.037609 0.84743
0.9649 0.033343 0.85833
0.94262 0.037635 0.88692
0.95939 0.033429 0.8714
0.93768 0.037605 0.92236
0.95623 0.033679 0.90831
0.96455 0.033345 0.92089
0.93857 0.037549 0.93674
0.94215 0.033474 0.95839
0.95919 0.033434 0.9427
0.95416 0.033342 0.96278
