2635
1 1 1
0.03499 0.037619 0.04482
0.041069 0.037619 0.054126
0.062568 0.037619 0.035659
0.058576 0.037619 0.05136
0.046209 0.03762 0.068771
0.043661 0.03762 0.092989
0.059959 0.03762 0.080466
0.056407 0.03762 0.096646
0.038605 0.037619 0.11014
0.041321 0.037621 0.12003
0.06355 0.037619 0.10686
0.063076 0.037626 0.14231
0.040467 0.037618 0.18774
0.058558 0.037618 0.17776
0.061358 0.037618 0.19327
0.036184 0.037618 0.19802
0.040441 0.03762 0.22365
0.053461 0.037619 0.20303
0.056582 0.03762 0.21628
0.047928 0.03762 0.23259
0.042398 0.037621 0.25357
0.053097 0.03762 0.23889
0.061951 0.037621 0.25339
0.047404 0.037623 0.26531
0.046556 0.037625 0.28219
0.055934 0.037624 0.27423
0.063505 0.037625 0.28286
0.062272 0.037631 0.30363
0.057801 0.037634 0.3186
0.045242 0.037637 0.33969
0.062419 0.037638 0.34824
0.046211 0.037639 0.36954
0.045196 0.037642 0.38294
0.060831 0.03764 0.36742
0.056071 0.037647 0.38921
0.044535 0.03765 0.39987
0.037554 0.037656 0.41942
0.060402 0.037653 0.40265
0.054037 0.037658 0.4142
0.042294 0.03766 0.44275
0.058921 0.037664 0.44047
0.058046 0.037666 0.45686
0.041673 0.037664 0.47058
0.043499 0.037664 0.48566
0.051887 0.037666 0.4703
0.057453 0.037666 0.48934
0.038317 0.037654 0.50596
0.038015 0.037647 0.52759
0.054254 0.037656 0.50798
0.058493 0.037653 0.52661
0.045128 0.037646 0.53938
0.042855 0.037648 0.56569
0.060428 0.037652 0.53784
0.059116 0.037651 0.55907
0.037013 0.037649 0.57711
0.035892 0.037651 0.59997
0.051244 0.037651 0.57567
0.053182 0.037654 0.5962
0.043474 0.037652 0.60485
0.036219 0.037649 0.63243
0.051184 0.037654 0.611
0.057148 0.037654 0.62394
0.051266 0.037646 0.65205
0.053248 0.037647 0.66412
0.047361 0.037646 0.67602
0.052362 0.037648 0.6742
0.057945 0.037648 0.69189
0.036002 0.037637 0.73302
0.059819 0.03764 0.71632
0.051647 0.037638 0.72576
0.043475 0.037636 0.7492
0.037057 0.037635 0.76461
0.058978 0.037636 0.74598
0.052009 0.037635 0.76274
0.040815 0.037635 0.77504
0.037237 0.037633 0.80107
0.05818 0.037635 0.78342
0.056265 0.037633 0.79306
0.039774 0.03763 0.82736
0.052879 0.037631 0.81559
0.058496 0.03763 0.83271
0.03807 0.037629 0.84412
0.035033 0.037627 0.86266
0.05379 0.03763 0.83856
0.056161 0.037627 0.86064
0.035593 0.037625 0.87227
0.045196 0.037626 0.89329
0.058153 0.037623 0.87953
0.056638 0.037624 0.88955
0.041984 0.037632 0.91249
0.037107 0.033358 0.95628
0.058776 0.037522 0.94492
0.061245 0.033463 0.95428
0.079497 0.037619 0.045214
0.075356 0.037619 0.059536
0.078398 0.037619 0.088007
0.09466 0.037618 0.073723
0.091988 0.037618 0.087969
0.071495 0.037618 0.10598
0.072595 0.03762 0.1287
0.085503 0.037617 0.10842
0.089746 0.037617 0.12182
0.070107 0.037623 0.13951
0.089882 0.037619 0.13589
0.093293 0.037619 0.15719
0.072238 0.037618 0.17498
0.068234 0.037617 0.18975
0.094785 0.037616 0.17481
0.095303 0.037616 0.18992
0.077557 0.037618 0.20458
0.076208 0.037619 0.22133
0.089176 0.037618 0.20965
0.09753 0.037617 0.22519
0.06993 0.037619 0.24227
0.072525 0.037619 0.24863
0.085897 0.037618 0.24284
0.09031 0.037619 0.25096
0.076313 0.037623 0.27128
0.07535 0.037626 0.28843
0.09599 0.037622 0.27127
0.068388 0.037631 0.3049
0.068739 0.037634 0.32379
0.093202 0.037627 0.30335
0.091018 0.037632 0.32431
0.071507 0.037636 0.34273
0.089975 0.037636 0.33858
0.088588 0.03764 0.35345
0.075821 0.037642 0.37639
0.091521 0.037645 0.36971
0.09511 0.037648 0.38141
0.069119 0.037657 0.4079
0.073037 0.037663 0.42125
0.092807 0.037667 0.41001
0.0859 0.03767 0.41669
0.068732 0.037667 0.44354
0.0832 0.037672 0.43534
0.084347 0.037677 0.45455
0.073386 0.037671 0.47271
0.077394 0.037672 0.48339
0.08912 0.037682 0.47858
0.088276 0.03768 0.48962
0.06851 0.037664 0.50149
0.0843 0.037669 0.51884
0.07633 0.037657 0.53593
0.071403 0.037654 0.56464
0.081638 0.037658 0.56228
0.073231 0.037655 0.57088
0.068972 0.037656 0.5999
0.084656 0.037664 0.57118
0.087422 0.037665 0.59524
0.073786 0.037658 0.62993
0.089065 0.037665 0.61306
0.094067 0.037663 0.62256
0.072557 0.037656 0.64306
0.092109 0.037656 0.66631
0.068003 0.037652 0.6829
0.085579 0.037658 0.67532
0.088823 0.037653 0.69491
0.076203 0.037643 0.71275
0.067662 0.037638 0.73361
0.090944 0.037643 0.72524
0.071127 0.037636 0.74617
0.076121 0.037635 0.7584
0.088118 0.037639 0.74228
0.08518 0.037636 0.76315
0.071478 0.037635 0.77421
0.073138 0.037633 0.79981
0.094367 0.037634 0.78561
0.072513 0.03763 0.81658
0.080401 0.037628 0.82397
0.093181 0.037631 0.8075
0.090352 0.037629 0.83281
0.074865 0.037629 0.84274
0.074761 0.037627 0.86197
0.090179 0.037625 0.86573
0.076908 0.037621 0.88288
0.088744 0.037623 0.87397
0.085501 0.037622 0.89051
0.071615 0.037629 0.9099
0.077211 0.037606 0.93095
0.089282 0.037625 0.90288
0.071604 0.037578 0.9387
0.086286 0.037594 0.94737
0.11109 0.037615 0.039035
0.10648 0.037616 0.057401
0.12722 0.037613 0.037888
0.12265 0.037613 0.05225
0.10325 0.037617 0.068387
0.10773 0.037616 0.094324
0.12498 0.037613 0.096568
0.10617 0.037614 0.11026
0.11446 0.037614 0.12861
0.12598 0.037611 0.11828
0.10827 0.037615 0.141
0.10332 0.037616 0.1556
0.12762 0.037613 0.15569
0.10846 0.037613 0.17246
0.10721 0.037614 0.18712
0.12853 0.037612 0.16668
0.11978 0.037613 0.19327
0.11378 0.037615 0.21622
0.11868 0.037614 0.20048
0.11788 0.037616 0.22658
0.10655 0.037617 0.23761
0.10143 0.037619 0.25517
0.12176 0.037617 0.23689
0.10739 0.03762 0.27255
0.10706 0.03762 0.28514
0.12141 0.037619 0.27615
0.1296 0.037618 0.28266
0.10748 0.037621 0.30253
0.10802 0.037626 0.32478
0.12903 0.037622 0.30792
0.11739 0.037622 0.31658
0.10471 0.03763 0.3325
0.10557 0.037639 0.35696
0.11629 0.037636 0.35192
0.099707 0.037642 0.36395
0.11665 0.037647 0.36825
0.12224 0.037668 0.39189
0.10262 0.037659 0.39666
0.10193 0.037674 0.42372
0.11276 0.037677 0.42389
0.098059 0.037678 0.43621
0.098907 0.037682 0.44824
0.11314 0.037687 0.44273
0.11477 0.037693 0.45529
0.098098 0.037683 0.46921
0.10609 0.037684 0.48592
0.11571 0.037696 0.47049
0.12121 0.037703 0.48786
0.10234 0.037676 0.50227
0.097825 0.037671 0.52452
0.11793 0.037685 0.52477
0.10369 0.037674 0.53738
0.099449 0.037673 0.55931
0.11993 0.037689 0.54277
0.097709 0.037669 0.58241
0.099937 0.037668 0.59562
0.11693 0.037683 0.57603
0.11861 0.037674 0.6015
0.10786 0.037661 0.61734
0.10807 0.037657 0.62732
0.1246 0.037659 0.63261
0.10536 0.037652 0.6464
0.10508 0.037651 0.65942
0.11836 0.037656 0.64105
0.11563 0.037648 0.66818
0.10412 0.037649 0.68473
0.12127 0.037648 0.68448
0.10743 0.037646 0.72983
0.12625 0.037647 0.70826
0.12782 0.037642 0.73559
0.10185 0.037641 0.74072
0.10598 0.037636 0.75703
0.12056 0.037635 0.76521
0.10758 0.037633 0.77614
0.12851 0.037629 0.78007
0.11828 0.037629 0.79214
0.10949 0.037628 0.83045
0.11833 0.03763 0.80594
0.12174 0.037627 0.83436
0.11087 0.037627 0.84023
0.12685 0.037624 0.84349
0.12669 0.037622 0.85696
0.10923 0.037622 0.87654
0.11298 0.037621 0.89293
0.12947 0.03762 0.88322
0.12298 0.037621 0.89772
0.10393 0.037625 0.91002
0.12232 0.037622 0.91226
0.12076 0.037598 0.92544
0.10554 0.037578 0.9385
0.13056 0.037524 0.94646
0.12895 0.033333 0.96457
0.14255 0.037611 0.039792
0.15808 0.037608 0.035268
0.15972 0.037608 0.053357
0.13518 0.037612 0.076253
0.14053 0.037609 0.095422
0.15342 0.037609 0.071989
0.15778 0.037607 0.090553
0.14012 0.037608 0.10646
0.14173 0.037607 0.1178
0.15232 0.037604 0.11111
0.15662 0.037604 0.11668
0.13513 0.037611 0.13774
0.13614 0.037611 0.15935
0.16087 0.037607 0.15301
0.13468 0.03761 0.17807
0.15875 0.037607 0.17263
0.15749 0.037607 0.18418
0.13718 0.037611 0.20511
0.14315 0.037612 0.22482
0.16032 0.037607 0.20643
0.13623 0.037614 0.23733
0.14626 0.037614 0.2525
0.15219 0.037612 0.23042
0.15987 0.037613 0.25854
0.13864 0.037615 0.26661
0.13785 0.037617 0.2883
0.15704 0.037614 0.26636
0.15353 0.037618 0.28499
0.14546 0.03762 0.302
0.13315 0.037623 0.31287
0.15895 0.037623 0.29613
0.15065 0.037628 0.31906
0.13517 0.037635 0.34099
0.14418 0.037637 0.34756
0.15526 0.037636 0.32941
0.14037 0.03765 0.37173
0.13454 0.037656 0.38057
0.15767 0.037659 0.37422
0.12975 0.037689 0.41901
0.14347 0.037695 0.42229
0.13649 0.037699 0.4381
0.12975 0.037703 0.45219
0.14811 0.037709 0.44057
0.14616 0.037714 0.45055
0.13033 0.037709 0.46799
0.12847 0.037709 0.48504
0.14752 0.03773 0.47023
0.13681 0.037692 0.50886
0.1361 0.037685 0.52346
0.1528 0.037719 0.50013
0.13021 0.037685 0.54526
0.13681 0.037676 0.5675
0.1437 0.037684 0.54977
0.15283 0.037703 0.55444
0.13779 0.03767 0.58399
0.13314 0.037669 0.59684
0.15236 0.037681 0.58402
0.15147 0.037675 0.59639
0.13276 0.037664 0.61399
0.1357 0.037659 0.63156
0.15381 0.037669 0.61883
0.14942 0.037665 0.62903
0.13936 0.037651 0.66286
0.1582 0.037663 0.64818
0.14886 0.037655 0.66424
0.13698 0.037648 0.67594
0.14303 0.037642 0.69636
0.14721 0.037647 0.67976
0.14984 0.037642 0.7039
0.1318 0.037644 0.70742
0.14324 0.037635 0.73511
0.15431 0.037643 0.71033
0.15006 0.037634 0.73497
0.14333 0.037633 0.75048
0.13713 0.03763 0.76771
0.15571 0.037634 0.74146
0.15943 0.037627 0.75777
0.14018 0.037624 0.79441
0.15361 0.037626 0.77794
0.15516 0.037623 0.79998
0.1457 0.037624 0.80815
0.14313 0.037623 0.82912
0.16415 0.037621 0.81555
0.15648 0.03762 0.82945
0.14127 0.037619 0.84808
0.14787 0.037616 0.86304
0.16102 0.037614 0.8469
0.16112 0.037613 0.86231
0.13781 0.037619 0.87716
0.15784 0.037615 0.88131
0.15624 0.037617 0.89794
0.1359 0.03762 0.90921
0.14094 0.037577 0.92844
0.15832 0.037617 0.91125
0.15591 0.037583 0.92539
0.13715 0.033844 0.95259
0.15969 0.037518 0.94077
0.15935 0.033334 0.96144
0.17185 0.037605 0.044852
0.1788 0.037603 0.061226
0.18812 0.037601 0.045553
0.18715 0.037601 0.055145
0.17162 0.037604 0.076383
0.17542 0.037603 0.0921
0.19075 0.0376 0.077958
0.19048 0.037601 0.093223
0.17077 0.037603 0.10605
0.17503 0.037602 0.12891
0.18517 0.037602 0.10751
0.19216 0.0376 0.11818
0.17364 0.037602 0.14082
0.18048 0.037601 0.15411
0.1886 0.037599 0.14543
0.193 0.037599 0.15066
0.18027 0.037603 0.19344
0.19191 0.0376 0.1723
0.18739 0.037604 0.18883
0.17652 0.037606 0.22636
0.18882 0.037606 0.20152
0.1881 0.037609 0.21973
0.17432 0.037607 0.23862
0.17664 0.037607 0.2565
0.18874 0.037607 0.24849
0.19018 0.037608 0.26953
0.18565 0.037617 0.28731
0.16769 0.037621 0.29539
0.17397 0.037632 0.31218
0.18776 0.037632 0.30649
0.18999 0.037643 0.32281
0.16598 0.03764 0.33921
0.16858 0.037643 0.34595
0.18339 0.037643 0.33441
0.18625 0.037652 0.34368
0.17403 0.03766 0.36822
0.18405 0.037674 0.37086
0.18012 0.037674 0.38778
0.16718 0.037682 0.42249
0.18751 0.037687 0.39948
0.18677 0.037697 0.41826
0.16645 0.037695 0.43542
0.16677 0.037708 0.45053
0.18197 0.037707 0.43187
0.17467 0.03772 0.4569
0.16234 0.037731 0.48517
0.17542 0.037746 0.47579
0.17796 0.037758 0.48417
0.16107 0.037719 0.50113
0.16083 0.03771 0.52962
0.17937 0.037753 0.50707
0.177 0.037742 0.52934
0.16117 0.037712 0.54503
0.17324 0.037717 0.56278
0.16908 0.037688 0.58017
0.16033 0.037678 0.59326
0.18113 0.037705 0.58629
0.1761 0.037679 0.59868
0.16958 0.037666 0.61008
0.16414 0.037663 0.63167
0.17711 0.037672 0.60826
0.17767 0.037664 0.62741
0.16494 0.037662 0.65021
0.1671 0.03766 0.66015
0.18962 0.037684 0.65446
0.19039 0.037676 0.66603
0.16758 0.037653 0.67808
0.16685 0.037648 0.69389
0.18012 0.037657 0.67596
0.18352 0.037652 0.69579
0.17352 0.03764 0.72086
0.17043 0.037634 0.73245
0.18351 0.037646 0.70869
0.18466 0.037632 0.73725
0.17724 0.037622 0.75157
0.17044 0.037623 0.75917
0.18607 0.037624 0.75091
0.17012 0.037623 0.79362
0.1906 0.037622 0.7738
0.19025 0.037621 0.79983
0.17553 0.03762 0.80812
0.18884 0.037617 0.81574
0.19057 0.037611 0.83032
0.18023 0.03761 0.84063
0.17117 0.037609 0.85697
0.18935 0.037607 0.84744
0.18746 0.037605 0.85443
0.16934 0.037611 0.87598
0.16927 0.037612 0.89219
0.19535 0.037603 0.87078
0.19458 0.037604 0.89014
0.1713 0.037564 0.92908
0.18654 0.037555 0.93006
0.18106 0.033553 0.95356
0.1882 0.037519 0.93846
0.19338 0.033361 0.95607
0.20278 0.037598 0.044307
0.2111 0.037596 0.058525
0.22461 0.037594 0.034976
0.22269 0.037594 0.056301
0.2098 0.037596 0.068656
0.20654 0.037596 0.088462
0.22722 0.037592 0.070802
0.22382 0.037592 0.093228
0.21226 0.037594 0.10056
0.20632 0.037596 0.12657
0.22905 0.037591 0.10113
0.22085 0.037593 0.12114
0.20532 0.037595 0.14175
0.20107 0.037596 0.17319
0.21146 0.037599 0.18934
0.22765 0.037586 0.17224
0.23008 0.037587 0.18322
0.20676 0.037604 0.19997
0.22423 0.037601 0.19989
0.21268 0.03761 0.2376
0.22638 0.037618 0.23253
0.22407 0.037626 0.25582
0.20599 0.0376 0.27187
0.20101 0.037602 0.2798
0.22472 0.037617 0.26636
0.2181 0.037597 0.28371
0.20894 0.037604 0.30373
0.20627 0.037626 0.32312
0.21579 0.037602 0.31188
0.19948 0.03764 0.32888
0.20366 0.037656 0.35119
0.21607 0.037629 0.32805
0.22489 0.037658 0.34429
0.20669 0.037654 0.36078
0.20291 0.037663 0.37837
0.21876 0.03766 0.35901
0.21073 0.037661 0.38482
0.19972 0.037686 0.40287
0.20843 0.037679 0.39954
0.19843 0.037717 0.42627
0.18856 0.037748 0.45346
0.21169 0.037745 0.42749
0.21035 0.037788 0.44617
0.19326 0.037777 0.46557
0.19515 0.037799 0.48686
0.19962 0.037803 0.47361
0.20318 0.037834 0.48718
0.19119 0.037785 0.50907
0.19308 0.037778 0.5229
0.19401 0.037764 0.54036
0.19514 0.037753 0.55502
0.20535 0.037777 0.55588
0.19371 0.037722 0.58602
0.1906 0.037712 0.59848
0.20958 0.037757 0.58382
0.2097 0.037753 0.59086
0.19171 0.037703 0.61111
0.19427 0.037695 0.63627
0.21742 0.037727 0.63635
0.19498 0.037688 0.65273
0.20435 0.037685 0.65925
0.21724 0.037717 0.645
0.20523 0.037666 0.67747
0.19997 0.03765 0.69945
0.21617 0.03767 0.67882
0.2152 0.03765 0.70067
0.19925 0.03764 0.71309
0.19932 0.037628 0.73188
0.21619 0.037636 0.71481
0.21869 0.037623 0.72578
0.20362 0.037617 0.76321
0.22008 0.037617 0.7516
0.20315 0.037619 0.78441
0.21019 0.037614 0.79592
0.22116 0.037615 0.77541
0.20492 0.037608 0.8339
0.22807 0.037608 0.81815
0.2248 0.037604 0.83253
0.20545 0.037603 0.84796
0.20896 0.037599 0.86118
0.22326 0.037603 0.83895
0.2246 0.037596 0.86019
0.20797 0.037599 0.87645
0.21044 0.037599 0.89365
0.22088 0.037595 0.87793
0.2258 0.037595 0.89641
0.21455 0.03756 0.92743
0.22563 0.0376 0.91397
0.20251 0.037478 0.94688
0.21402 0.033333 0.96262
0.22224 0.037496 0.94261
0.22263 0.033345 0.95712
0.23522 0.037591 0.034985
0.23889 0.03759 0.061258
0.25267 0.037588 0.042402
0.26089 0.037585 0.055977
0.24062 0.037589 0.067382
0.23691 0.037589 0.084097
0.25678 0.037583 0.075396
0.26012 0.037582 0.084779
0.2467 0.037589 0.11811
0.25655 0.037585 0.10052
0.25212 0.037588 0.1248
0.23636 0.037588 0.14317
0.2556 0.037586 0.13778
0.26157 0.037582 0.15429
0.23677 0.037583 0.17446
0.24697 0.037586 0.18945
0.25429 0.037579 0.17464
0.26026 0.03758 0.18423
0.24033 0.037598 0.20867
0.23408 0.037614 0.2266
0.25698 0.037588 0.20392
0.23386 0.037624 0.24147
0.24086 0.037631 0.24709
0.24435 0.037625 0.26971
0.24378 0.037619 0.28725
0.26652 0.037848 0.27929
0.26259 0.037743 0.29687
0.25655 0.03765 0.31261
0.23275 0.037656 0.34693
0.25165 0.037654 0.33422
0.25638 0.037688 0.35137
0.23558 0.037657 0.35856
0.24732 0.037671 0.36412
0.2424 0.037665 0.37824
0.2254 0.037696 0.39767
0.23427 0.037717 0.41086
0.24481 0.037696 0.39078
0.2278 0.037744 0.42494
0.22344 0.037794 0.44492
0.24403 0.037775 0.42815
0.23727 0.037816 0.44768
0.21602 0.037871 0.47085
0.23059 0.037875 0.46507
0.2351 0.037972 0.48095
0.22535 0.037882 0.50279
0.22973 0.03789 0.5305
0.22118 0.037835 0.5473
0.21775 0.037808 0.56622
0.22767 0.037784 0.59376
0.23677 0.037786 0.60125
0.23267 0.037742 0.61318
0.2311 0.037703 0.63955
0.23906 0.037734 0.61759
0.24486 0.037703 0.63521
0.22827 0.037688 0.65401
0.23679 0.037668 0.66429
0.24625 0.037675 0.65612
0.248 0.037675 0.67037
0.23757 0.037665 0.68687
0.25635 0.037667 0.69501
0.23893 0.037625 0.72181
0.25047 0.037638 0.71281
0.25255 0.037619 0.73172
0.23897 0.037613 0.74476
0.23646 0.037609 0.76187
0.25403 0.037613 0.74987
0.26308 0.037608 0.7661
0.23385 0.037613 0.7817
0.24242 0.037607 0.79388
0.25859 0.037608 0.7755
0.24291 0.037604 0.80927
0.26092 0.037598 0.81059
0.25431 0.037595 0.82974
0.24398 0.037595 0.8454
0.23938 0.037591 0.86086
0.2378 0.037589 0.87891
0.23668 0.037587 0.88824
0.25981 0.037581 0.87707
0.24706 0.037588 0.9125
0.23763 0.037552 0.92859
0.2531 0.037583 0.90334
0.2618 0.037538 0.93059
0.24466 0.033334 0.96131
0.25697 0.037523 0.93612
0.27728 0.037579 0.05634
0.29777 0.037573 0.060863
0.27912 0.037575 0.079387
0.27233 0.037579 0.094152
0.29632 0.037572 0.07407
0.27342 0.03758 0.109
0.29299 0.037573 0.10401
0.28821 0.037574 0.12289
0.27419 0.037576 0.13597
0.27167 0.037577 0.15682
0.29567 0.037566 0.13774
0.29714 0.037568 0.15795
0.26812 0.037576 0.16971
0.27338 0.037574 0.18285
0.28864 0.037569 0.19341
0.2765 0.037568 0.21708
0.29091 0.037565 0.19859
0.28818 0.037557 0.22511
0.27378 0.037723 0.26385
0.28804 0.037547 0.24065
0.28853 0.037704 0.26232
0.28401 0.037892 0.27152
0.27018 0.037801 0.29733
0.27076 0.037704 0.30709
0.29026 0.037672 0.31103
0.26554 0.037658 0.32839
0.26848 0.037693 0.35164
0.27814 0.03765 0.33445
0.28027 0.037692 0.34702
0.26658 0.037701 0.35774
0.26603 0.037717 0.37738
0.28169 0.037741 0.36821
0.26113 0.037744 0.39754
0.25658 0.037771 0.41235
0.27661 0.037783 0.40227
0.26989 0.03779 0.41716
0.24645 0.03787 0.45232
0.26683 0.037793 0.42509
0.27223 0.03786 0.44345
0.24246 0.037958 0.46664
0.2443 0.038021 0.48433
0.25818 0.038114 0.47891
0.24163 0.037983 0.50719
0.25274 0.037979 0.5328
0.2464 0.037946 0.53897
0.25084 0.037911 0.57129
0.25552 0.037949 0.55032
0.26592 0.037996 0.56189
0.25567 0.037901 0.57818
0.25303 0.037804 0.60605
0.26342 0.037906 0.58107
0.26613 0.037847 0.59446
0.25949 0.037753 0.61699
0.26135 0.03771 0.6358
0.27641 0.037705 0.63187
0.26512 0.037688 0.65374
0.26383 0.037684 0.66955
0.27794 0.037683 0.65359
0.28136 0.037675 0.67045
0.26382 0.037684 0.67788
0.27283 0.037633 0.69855
0.28834 0.037682 0.67949
0.28531 0.037618 0.70517
0.27146 0.037602 0.71895
0.27546 0.037594 0.72655
0.29394 0.037613 0.72969
0.27903 0.037615 0.75302
0.27519 0.037603 0.76935
0.29373 0.037629 0.7456
0.26931 0.037602 0.77709
0.27769 0.037587 0.79463
0.29551 0.037593 0.78113
0.29155 0.037587 0.79843
0.29327 0.037591 0.81525
0.28594 0.037591 0.8304
0.27848 0.037589 0.84772
0.29709 0.037583 0.84492
0.28909 0.03758 0.85984
0.27259 0.037576 0.88122
0.28239 0.037572 0.89338
0.29396 0.03757 0.88039
0.28695 0.037571 0.89438
0.29842 0.03757 0.90986
0.29595 0.037544 0.9262
0.2786 0.037471 0.94633
0.28133 0.033378 0.95539
0.29883 0.037519 0.93591
0.2868 0.033334 0.96023
0.30394 0.037572 0.045331
0.30744 0.037571 0.058407
0.33069 0.037564 0.04422
0.33185 0.037565 0.058239
0.30592 0.03757 0.079495
0.30997 0.037571 0.086928
0.32659 0.037566 0.070079
0.32254 0.037568 0.093449
0.30801 0.037569 0.10772
0.30579 0.037568 0.12539
0.33084 0.037564 0.10285
0.32113 0.037565 0.12307
0.3043 0.037562 0.14362
0.30736 0.037566 0.15496
0.32415 0.037558 0.14218
0.32492 0.037563 0.15151
0.3052 0.037564 0.1762
0.30782 0.037564 0.19094
0.32504 0.03756 0.17003
0.30791 0.037561 0.2212
0.32859 0.037565 0.20621
0.32696 0.037568 0.21452
0.29775 0.037553 0.24332
0.30362 0.037579 0.25379
0.31317 0.037589 0.25719
0.30004 0.037706 0.26804
0.29244 0.037972 0.28493
0.3106 0.037612 0.26565
0.31483 0.037593 0.28012
0.29473 0.037783 0.29835
0.29578 0.037693 0.30792
0.31191 0.037632 0.30199
0.31312 0.037635 0.30941
0.30115 0.037664 0.32556
0.29261 0.037718 0.34912
0.3137 0.037671 0.33304
0.32048 0.037722 0.34815
0.29686 0.037737 0.35414
0.29063 0.037799 0.38246
0.30734 0.037765 0.36324
0.31359 0.037868 0.37733
0.28781 0.037813 0.40092
0.29486 0.037826 0.40998
0.30319 0.037825 0.39752
0.30587 0.037864 0.41365
0.28577 0.037845 0.43052
0.2779 0.03791 0.44816
0.30503 0.037987 0.42958
0.30618 0.038137 0.43965
0.27183 0.038191 0.47535
0.28643 0.038107 0.46138
0.27428 0.038221 0.48557
0.26875 0.038222 0.49963
0.26279 0.038171 0.51837
0.27924 0.038375 0.50086
0.27558 0.038132 0.53982
0.28489 0.038047 0.5662
0.27616 0.037931 0.5829
0.30328 0.037855 0.59951
0.28505 0.03774 0.62319
0.29012 0.037716 0.6364
0.31447 0.037811 0.63327
0.31486 0.037778 0.65947
0.31861 0.037783 0.67328
0.3253 0.0377 0.70304
0.32692 0.037662 0.72133
0.3206 0.037651 0.73285
0.3062 0.037636 0.74213
0.31271 0.037604 0.76125
0.32398 0.03762 0.74867
0.32238 0.037598 0.76606
0.313 0.037595 0.7808
0.30543 0.037586 0.7942
0.32016 0.037591 0.78494
0.32069 0.037587 0.80107
0.30405 0.037588 0.80738
0.32298 0.037567 0.82778
0.30608 0.037575 0.84209
0.31256 0.037565 0.85932
0.30504 0.037563 0.88268
0.31288 0.03756 0.89039
0.32494 0.037559 0.87172
0.32311 0.037556 0.89674
0.30615 0.037566 0.91312
0.31558 0.037546 0.92909
0.3324 0.037554 0.90588
0.32336 0.037549 0.92283
0.30724 0.037511 0.94549
0.32563 0.037517 0.9427
0.3423 0.037561 0.040655
0.34134 0.037562 0.055673
0.36645 0.037556 0.040773
0.3556 0.037559 0.051387
0.34176 0.037562 0.073369
0.34124 0.037564 0.085696
0.3571 0.03756 0.08353
0.34324 0.037559 0.10427
0.33794 0.037561 0.12157
0.35838 0.037554 0.12051
0.34058 0.037557 0.13833
0.34461 0.037562 0.15061
0.35715 0.037556 0.14005
0.36375 0.037559 0.14845
0.34474 0.03756 0.16835
0.34452 0.037558 0.17922
0.35206 0.037563 0.16395
0.35679 0.037565 0.17876
0.33644 0.037568 0.1991
0.33411 0.037581 0.2195
0.35225 0.037578 0.19783
0.34073 0.037589 0.23209
0.33479 0.037599 0.25525
0.35133 0.037599 0.23398
0.35779 0.037625 0.2489
0.34019 0.037584 0.27077
0.33741 0.037587 0.28051
0.35552 0.037619 0.267
0.34777 0.037589 0.27543
0.33067 0.037617 0.29401
0.33258 0.037679 0.31634
0.34755 0.037623 0.29403
0.34357 0.037672 0.31672
0.33732 0.037705 0.32371
0.32848 0.037713 0.3424
0.34308 0.037754 0.33327
0.35432 0.038201 0.36054
0.34596 0.038026 0.37449
0.32099 0.037884 0.39642
0.31742 0.037897 0.41436
0.33253 0.03789 0.38813
0.31741 0.038148 0.43034
0.32734 0.038039 0.42544
0.29474 0.03825 0.46148
0.28843 0.038394 0.48705
0.301 0.038466 0.47826
0.28896 0.038452 0.49895
0.29196 0.038474 0.49931
0.30227 0.038531 0.53167
0.29721 0.038087 0.57152
0.30516 0.038406 0.54759
0.31175 0.0381 0.56976
0.31714 0.037886 0.59347
0.31449 0.037846 0.61093
0.31714 0.037836 0.61877
0.32551 0.037829 0.63633
0.33834 0.037898 0.61747
0.34638 0.037868 0.63323
0.33562 0.03779 0.65976
0.32616 0.037787 0.67362
0.34833 0.037808 0.65542
0.34525 0.037763 0.67056
0.33207 0.037698 0.69846
0.34889 0.037725 0.68227
0.35661 0.037659 0.7044
0.33152 0.037675 0.71518
0.34014 0.037632 0.72761
0.35535 0.03765 0.71586
0.35018 0.037619 0.73676
0.33978 0.037615 0.74312
0.34192 0.037592 0.76883
0.35366 0.037595 0.74777
0.35708 0.03759 0.76369
0.3557 0.037596 0.77995
0.35703 0.037571 0.80113
0.34848 0.037561 0.81413
0.33765 0.03756 0.82189
0.35803 0.037552 0.82497
0.34821 0.03756 0.84308
0.34588 0.037553 0.85983
0.3653 0.037552 0.83672
0.36429 0.037545 0.86037
0.34004 0.037554 0.8784
0.3434 0.037549 0.89219
0.35646 0.037544 0.88677
0.34849 0.037549 0.90941
0.34174 0.037521 0.92678
0.35623 0.037546 0.91234
0.35618 0.037518 0.92371
0.34793 0.037476 0.93809
0.33956 0.033337 0.95835
0.36291 0.037471 0.93782
0.3548 0.033333 0.96256
0.37341 0.037555 0.035107
0.3833 0.037556 0.055933
0.39217 0.037552 0.040902
0.39371 0.03756 0.070249
0.39801 0.037563 0.091597
0.37344 0.037551 0.10319
0.38442 0.03754 0.11553
0.39758 0.037546 0.10696
0.39226 0.037542 0.11496
0.37219 0.037551 0.1425
0.37308 0.037566 0.15568
0.39716 0.037549 0.1356
0.37944 0.03757 0.16543
0.37365 0.037575 0.17752
0.39412 0.037595 0.18756
0.37388 0.037592 0.1959
0.37659 0.037598 0.21217
0.38884 0.037595 0.20062
0.38828 0.037599 0.21019
0.37086 0.037606 0.23674
0.36785 0.037629 0.24825
0.395 0.037623 0.22809
0.39086 0.037655 0.25075
0.36622 0.037643 0.26321
0.36494 0.037652 0.28517
0.39018 0.037668 0.26721
0.37796 0.037686 0.28185
0.37088 0.037688 0.30721
0.3844 0.037724 0.29436
0.38293 0.037738 0.30386
0.35945 0.037709 0.3237
0.36457 0.03804 0.34545
0.35781 0.038266 0.36724
0.37521 0.038209 0.35359
0.35648 0.038097 0.38294
0.36352 0.038185 0.37963
0.35738 0.03798 0.3955
0.33893 0.03815 0.42951
0.333 0.038366 0.44048
0.35004 0.037988 0.41828
0.33607 0.038361 0.44392
0.31609 0.038738 0.45694
0.31595 0.038609 0.4732
0.30089 0.038749 0.50767
0.31197 0.038477 0.53997
0.30865 0.03883 0.50335
0.31585 0.038464 0.54148
0.32481 0.03823 0.56253
0.32813 0.038077 0.57556
0.33698 0.038002 0.59473
0.34388 0.037944 0.61212
0.34956 0.038054 0.58943
0.36519 0.03811 0.61401
0.3522 0.037885 0.63041
0.3537 0.037871 0.63859
0.36584 0.037933 0.63013
0.3732 0.037927 0.64031
0.35608 0.037802 0.65677
0.36121 0.037741 0.67615
0.38399 0.037876 0.65446
0.38695 0.037798 0.66473
0.36311 0.037691 0.68719
0.37963 0.037751 0.67905
0.3865 0.037708 0.69966
0.38021 0.037627 0.73196
0.39497 0.037677 0.71241
0.38927 0.037622 0.73224
0.37824 0.037582 0.75221
0.36962 0.037584 0.75846
0.38613 0.037591 0.74867
0.38231 0.037572 0.7805
0.37988 0.037556 0.79854
0.38888 0.03758 0.77535
0.37933 0.037554 0.80831
0.37299 0.037547 0.82989
0.37612 0.037548 0.83776
0.37469 0.037539 0.85524
0.3903 0.03754 0.83777
0.39158 0.037534 0.86277
0.37712 0.037543 0.87498
0.37267 0.037539 0.89432
0.39441 0.037529 0.89755
0.3766 0.037537 0.90896
0.38341 0.037501 0.9279
0.38992 0.037532 0.90824
0.39698 0.037492 0.93045
0.38053 0.037467 0.94133
0.37458 0.033462 0.95389
0.39349 0.037466 0.94203
0.39958 0.033399 0.95468
0.41706 0.037553 0.036652
0.42259 0.037552 0.041431
0.42408 0.03756 0.064347
0.40826 0.037566 0.080089
0.42959 0.03756 0.073408
0.43676 0.037628 0.09571
0.41995 0.037545 0.10609
0.40974 0.037534 0.11583
0.42786 0.037597 0.10488
0.42911 0.037616 0.12158
0.41535 0.037554 0.13922
0.40877 0.037576 0.15553
0.43027 0.037577 0.14473
0.41177 0.037575 0.16413
0.40942 0.037589 0.18465
0.42268 0.03757 0.16963
0.42456 0.03757 0.17632
0.41229 0.037628 0.21914
0.42531 0.037584 0.19941
0.43025 0.037585 0.20632
0.39825 0.037628 0.23334
0.40879 0.037689 0.25029
0.42908 0.03764 0.22409
0.40661 0.037692 0.26502
0.40217 0.037695 0.27367
0.42487 0.037756 0.27621
0.4067 0.037745 0.29429
0.39718 0.037782 0.30654
0.42123 0.037765 0.28373
0.41528 0.03777 0.29929
0.39599 0.037835 0.32404
0.39815 0.037915 0.3373
0.41627 0.037873 0.3167
0.40562 0.037964 0.34003
0.38212 0.038291 0.36325
0.41061 0.038035 0.34618
0.37231 0.038269 0.37645
0.36868 0.038 0.39673
0.39395 0.038153 0.37473
0.38523 0.038001 0.38782
0.36841 0.037898 0.41684
0.36087 0.038002 0.43361
0.38135 0.037957 0.3998
0.34106 0.038311 0.45128
0.32 0.038467 0.4726
0.35864 0.037734 0.44674
0.32276 0.038132 0.48411
0.31795 0.03848 0.49369
0.32017 0.038574 0.52874
0.32199 0.037861 0.50035
0.33289 0.038074 0.53971
0.35135 0.038 0.56672
0.37104 0.038013 0.57838
0.37267 0.038314 0.60856
0.40145 0.038202 0.62274
0.38356 0.03809 0.62867
0.39388 0.037947 0.64681
0.40504 0.038107 0.6307
0.39713 0.037848 0.65561
0.40465 0.037759 0.66629
0.4123 0.037824 0.6517
0.42234 0.037714 0.66157
0.39747 0.037735 0.68545
0.40495 0.037692 0.69335
0.42518 0.037728 0.68079
0.42688 0.037653 0.69618
0.41189 0.037643 0.71352
0.40678 0.037615 0.72607
0.42529 0.037592 0.72261
0.40687 0.037574 0.75686
0.42525 0.037568 0.74384
0.41995 0.037575 0.75948
0.41181 0.037561 0.77648
0.40405 0.037544 0.79642
0.42913 0.037542 0.77709
0.43228 0.03753 0.79271
0.41633 0.037524 0.81397
0.43329 0.037526 0.8056
0.42087 0.037519 0.82236
0.40689 0.037532 0.83775
0.42601 0.037516 0.85913
0.41463 0.037523 0.87862
0.4102 0.037521 0.89654
0.42944 0.037515 0.87881
0.4242 0.037513 0.8877
0.41184 0.037522 0.90672
0.41004 0.037491 0.92956
0.42908 0.03749 0.92695
0.40475 0.03746 0.94465
0.42027 0.037472 0.93758
0.42978 0.033334 0.9611
0.44018 0.037553 0.041674
0.44598 0.037553 0.062198
0.4587 0.037551 0.045379
0.44088 0.037552 0.072566
0.44275 0.037639 0.094818
0.46533 0.037541 0.082114
0.45916 0.037717 0.10026
0.44363 0.037886 0.11701
0.46164 0.037781 0.10635
0.44936 0.037824 0.1287
0.44161 0.03757 0.14585
0.45555 0.037828 0.12957
0.46398 0.03756 0.1472
0.44829 0.03752 0.15985
0.44445 0.037569 0.18164
0.46191 0.037535 0.16812
0.45947 0.037573 0.1851
0.44695 0.037576 0.19632
0.44118 0.037587 0.20795
0.45413 0.037614 0.2151
0.4373 0.037651 0.22808
0.43313 0.037692 0.24204
0.45134 0.037651 0.22659
0.43521 0.03773 0.25214
0.43454 0.037738 0.26681
0.45629 0.03775 0.26094
0.45935 0.037814 0.27268
0.43171 0.037795 0.2817
0.44642 0.03786 0.29053
0.45292 0.037964 0.30331
0.42967 0.037914 0.31538
0.42566 0.037939 0.33051
0.44908 0.038003 0.31042
0.44361 0.037977 0.32291
0.42548 0.038033 0.34169
0.41664 0.038129 0.36152
0.44895 0.038134 0.3381
0.44065 0.03823 0.35104
0.43286 0.038324 0.36866
0.39026 0.037349 0.40104
0.38612 0.037088 0.42205
0.42012 0.0369 0.38258
0.4047 0.03521 0.40577
0.36804 0.036907 0.44081
0.33998 0.036154 0.46913
0.34979 0.034286 0.48228
0.32835 0.036336 0.51108
0.34124 0.037091 0.54109
0.33611 0.035553 0.51884
0.38417 0.035692 0.56255
0.38605 0.036999 0.58511
0.39854 0.037407 0.60004
0.39457 0.036216 0.58795
0.40727 0.037003 0.6002
0.41336 0.038513 0.61161
0.42102 0.03821 0.60725
0.42819 0.038462 0.61932
0.42271 0.038056 0.63629
0.43957 0.038247 0.6255
0.45024 0.037945 0.63705
0.43149 0.037706 0.65458
0.43119 0.037716 0.66468
0.44986 0.037761 0.65448
0.44861 0.03776 0.66286
0.43404 0.037688 0.68328
0.44288 0.037636 0.6968
0.46305 0.037582 0.69422
0.4404 0.037597 0.71195
0.44598 0.037572 0.72788
0.45526 0.037579 0.70955
0.46001 0.037549 0.72944
0.44885 0.037552 0.73861
0.43757 0.037551 0.75963
0.46146 0.037518 0.74287
0.45793 0.037528 0.75939
0.442 0.037537 0.7741
0.44344 0.037526 0.79547
0.45618 0.037518 0.77721
0.46686 0.037519 0.79569
0.44513 0.037504 0.81869
0.45624 0.037501 0.8123
0.45602 0.037502 0.82172
0.44656 0.037515 0.83513
0.43944 0.037512 0.85884
0.46492 0.037507 0.83525
0.4416 0.037514 0.86903
0.44207 0.037508 0.88929
0.45449 0.037506 0.87941
0.46191 0.037503 0.893
0.44843 0.03751 0.91285
0.44836 0.037487 0.92508
0.46149 0.037504 0.91342
0.45711 0.037474 0.92948
0.44548 0.037444 0.94669
0.46518 0.037439 0.94292
0.46108 0.033333 0.96313
0.40185 0.038039 0.44133
0.37252 0.038364 0.46446
0.36952 0.038234 0.5237
0.37122 0.036277 0.49348
0.48263 0.037543 0.046173
0.47904 0.037546 0.064916
0.49712 0.037537 0.039024
0.48902 0.037543 0.062688
0.47116 0.037543 0.082094
0.47345 0.037595 0.094506
0.49283 0.037541 0.073586
0.49118 0.037545 0.09384
0.47878 0.0376 0.11016
0.47268 0.037706 0.11551
0.48439 0.037544 0.1048
0.49428 0.037544 0.12307
0.47217 0.037674 0.13032
0.49254 0.037577 0.14676
0.47073 0.037553 0.16443
0.47831 0.037577 0.17861
0.48781 0.037587 0.16217
0.47952 0.037595 0.19461
0.47619 0.037617 0.21109
0.4913 0.037596 0.19258
0.49142 0.03761 0.20921
0.47274 0.037671 0.23199
0.47905 0.037687 0.23762
0.48843 0.037662 0.22468
0.49421 0.037678 0.23677
0.46709 0.037758 0.2613
0.47982 0.037776 0.26516
0.49367 0.037754 0.2606
0.49825 0.037828 0.27387
0.47056 0.037909 0.28853
0.47345 0.037995 0.29657
0.48542 0.038007 0.29723
0.46555 0.038112 0.31274
0.46895 0.038357 0.32488
0.48521 0.038173 0.31377
0.48809 0.038401 0.32446
0.46596 0.038459 0.33369
0.46871 0.038667 0.34032
0.48796 0.038868 0.34125
0.45316 0.038279 0.36144
0.47594 0.038627 0.3478
0.477 0.037887 0.35192
0.4349 0.036191 0.38083
0.43003 0.03462 0.39302
0.46234 0.035647 0.36456
0.46194 0.034344 0.37136
0.41676 0.033585 0.42443
0.43393 0.033362 0.48956
0.39311 0.033435 0.51166
0.40078 0.034396 0.57544
0.44539 0.033752 0.59723
0.43684 0.035482 0.60443
0.48 0.03406 0.59365
0.49317 0.035456 0.60501
0.43802 0.03766 0.61108
0.45492 0.038101 0.61796
0.48951 0.037043 0.61334
0.50133 0.0379 0.62063
0.4598 0.038155 0.6252
0.46464 0.037867 0.64291
0.48204 0.038043 0.62803
0.49727 0.037887 0.639
0.46255 0.03781 0.64765
0.46583 0.037706 0.6626
0.49881 0.037678 0.64809
0.47442 0.037661 0.67255
0.4731 0.037569 0.69825
0.48536 0.037588 0.67627
0.49283 0.037541 0.68981
0.4787 0.037535 0.71728
0.49316 0.037543 0.70084
0.49483 0.037517 0.7209
0.47916 0.037506 0.73867
0.48066 0.037507 0.75232
0.49615 0.037483 0.74023
0.49772 0.037497 0.75234
0.48243 0.037526 0.76576
0.47346 0.037514 0.78877
0.49403 0.037511 0.79462
0.48131 0.037492 0.82457
0.49607 0.037499 0.80569
0.49392 0.037489 0.82716
0.47932 0.037497 0.83936
0.48138 0.03749 0.8562
0.48817 0.037486 0.85332
0.47819 0.037502 0.87239
0.4755 0.037496 0.88373
0.4959 0.037496 0.87775
0.47124 0.037472 0.92626
0.49271 0.037499 0.90708
0.48786 0.037455 0.92861
0.47769 0.037426 0.94372
0.47762 0.033771 0.95208
0.48885 0.037431 0.93727
0.46005 0.03398 0.42557
0.40646 0.034206 0.4856
0.43139 0.033895 0.50221
0.45371 0.033993 0.55616
0.45638 0.036315 0.38935
0.46568 0.037161 0.38107
0.40878 0.036246 0.44188
0.39388 0.035341 0.46248
0.40993 0.037187 0.4286
0.39889 0.036766 0.44908
0.46381 0.034943 0.40994
0.41879 0.034102 0.4528
0.46368 0.03615 0.38904
0.42718 0.033795 0.48448
0.4063 0.034443 0.52207
0.36366 0.038301 0.5187
0.42051 0.037499 0.57548
0.47557 0.03398 0.54382
0.44672 0.035886 0.58041
0.43591 0.033917 0.52707
0.43513 0.036353 0.5849
0.42464 0.037079 0.58071
0.46736 0.037007 0.38243
0.42484 0.036574 0.42283
0.40905 0.034986 0.46802
0.44065 0.035877 0.41594
0.40079 0.035329 0.47126
0.44725 0.037719 0.39352
0.4212 0.034377 0.4722
0.45314 0.035153 0.41821
0.44923 0.034783 0.45693
0.38608 0.036788 0.53321
0.40318 0.037176 0.55006
0.37753 0.036066 0.48683
0.42112 0.035037 0.54056
0.41849 0.03431 0.49663
0.46559 0.034308 0.55427
0.44508 0.034126 0.49681
0.4342 0.034654 0.55529
0.42582 0.037048 0.58036
0.47456 0.037363 0.58228
0.44008 0.034505 0.44156
0.45367 0.034613 0.51868
0.50883 0.037532 0.045582
0.52702 0.037524 0.047612
0.52601 0.037527 0.057458
0.50775 0.037535 0.072012
0.50762 0.037541 0.088869
0.53127 0.037525 0.068056
0.52509 0.037532 0.088985
0.50245 0.037536 0.10656
0.51269 0.037538 0.11641
0.52894 0.037525 0.10875
0.52403 0.037528 0.11518
0.51637 0.037553 0.13674
0.51447 0.037562 0.14713
0.5207 0.037548 0.13553
0.52292 0.037569 0.15775
0.51252 0.037574 0.16293
0.51768 0.037565 0.17746
0.53195 0.037552 0.17457
0.5218 0.037563 0.17843
0.5176 0.037588 0.20153
0.50471 0.037596 0.20758
0.53142 0.037571 0.1982
0.53435 0.037566 0.21035
0.5151 0.037661 0.23012
0.51334 0.037698 0.2431
0.52766 0.037645 0.23268
0.52396 0.037697 0.24615
0.50653 0.037795 0.27176
0.52873 0.03771 0.26104
0.52486 0.037723 0.2675
0.50687 0.037848 0.28343
0.51597 0.037902 0.29868
0.53438 0.037789 0.28505
0.53651 0.03787 0.30143
0.50411 0.038063 0.31151
0.53677 0.037988 0.31565
0.53925 0.038019 0.3227
0.49678 0.038759 0.33958
0.52497 0.038348 0.33098
0.53713 0.038305 0.35155
0.50273 0.038313 0.34555
0.50455 0.037917 0.34796
0.53737 0.037792 0.37794
0.52034 0.035726 0.36535
0.51052 0.034522 0.37078
0.52996 0.035863 0.38746
0.50657 0.034452 0.42705
0.48506 0.033419 0.43879
0.49626 0.033809 0.44981
0.50435 0.03344 0.4766
0.46549 0.033381 0.51769
0.53024 0.03362 0.58562
0.56274 0.033419 0.55928
0.57608 0.034189 0.58556
0.50583 0.035996 0.60989
0.55261 0.035701 0.59634
0.54759 0.03691 0.60459
0.53291 0.037479 0.61514
0.50831 0.038066 0.63295
0.52683 0.03798 0.62183
0.53531 0.037867 0.63298
0.50923 0.037721 0.645
0.5158 0.037573 0.65632
0.5315 0.037623 0.65001
0.53539 0.037617 0.65867
0.5106 0.037588 0.67363
0.50461 0.037546 0.68718
0.52391 0.037622 0.67018
0.53485 0.037576 0.68565
0.50413 0.037515 0.71118
0.51042 0.037509 0.72483
0.5213 0.037509 0.72573
0.50916 0.037479 0.73858
0.51032 0.037482 0.74997
0.52824 0.037502 0.73138
0.52153 0.037483 0.75138
0.51645 0.037506 0.76539
0.50702 0.037502 0.7883
0.52838 0.037494 0.77608
0.53271 0.037499 0.78895
0.50833 0.037492 0.80625
0.51358 0.037478 0.81592
0.52506 0.037481 0.81043
0.52547 0.037481 0.82033
0.51228 0.037485 0.85032
0.53272 0.037487 0.85742
0.51058 0.0375 0.87484
0.51597 0.037494 0.88957
0.53146 0.037497 0.87392
0.53213 0.037491 0.89219
0.50304 0.037495 0.913
0.52139 0.037498 0.90953
0.50534 0.033972 0.95154
0.52843 0.037373 0.94393
0.52632 0.033338 0.95775
0.46425 0.03407 0.49994
0.50169 0.033822 0.54242
0.48164 0.034567 0.40269
0.47976 0.034002 0.47759
0.51575 0.037352 0.40796
0.46177 0.033919 0.44189
0.51845 0.035269 0.51668
0.48628 0.037158 0.45012
0.53769 0.0366 0.51887
0.50152 0.033822 0.52511
0.50273 0.03496 0.57273
0.5461 0.034214 0.55828
0.53879 0.036818 0.57771
0.56505 0.034489 0.55753
0.56192 0.036106 0.58078
0.58735 0.038153 0.55545
0.58319 0.038374 0.57232
0.52078 0.036516 0.58528
0.51049 0.036957 0.39505
0.51123 0.036051 0.40214
0.45552 0.033951 0.47816
0.48359 0.034933 0.42482
0.47817 0.034797 0.45979
0.48553 0.037417 0.44991
0.51316 0.03556 0.49589
0.49152 0.034952 0.48273
0.51931 0.034296 0.53376
0.5198 0.036186 0.5591
0.48379 0.034584 0.50964
0.50991 0.034922 0.55039
0.58326 0.037698 0.56376
0.57448 0.037093 0.57579
0.54811 0.035678 0.53744
0.46376 0.034446 0.45058
0.47364 0.034516 0.46388
0.49509 0.034611 0.51734
0.54267 0.03752 0.054684
0.56498 0.037509 0.03674
0.56072 0.037513 0.063878
0.54474 0.037522 0.093692
0.55668 0.037514 0.072217
0.55741 0.037517 0.08977
0.54502 0.037517 0.10976
0.54964 0.037527 0.12568
0.55478 0.037511 0.10925
0.55497 0.037523 0.12604
0.54579 0.037529 0.1359
0.5657 0.037517 0.1381
0.55864 0.037524 0.14924
0.54942 0.037536 0.17272
0.56808 0.037522 0.17161
0.55148 0.037539 0.20263
0.54391 0.037571 0.21758
0.56925 0.037531 0.20139
0.56427 0.037564 0.22383
0.54881 0.037591 0.22942
0.55963 0.037578 0.22932
0.57213 0.037634 0.25735
0.54991 0.037659 0.26538
0.57146 0.037634 0.27245
0.57018 0.037647 0.27881
0.5479 0.037817 0.30011
0.57449 0.037672 0.29472
0.56874 0.037713 0.30346
0.55532 0.037913 0.3173
0.55257 0.037989 0.33369
0.56686 0.037769 0.32741
0.56797 0.037757 0.34489
0.54421 0.038133 0.3368
0.5475 0.038087 0.36757
0.56043 0.037868 0.35554
0.53514 0.037969 0.38989
0.53564 0.037657 0.40676
0.53199 0.037469 0.41219
0.51306 0.035205 0.43417
0.53322 0.03689 0.43536
0.51945 0.034103 0.46236
0.53906 0.033976 0.4942
0.57984 0.033904 0.53267
0.60204 0.036253 0.53827
0.6021 0.03684 0.56561
0.59088 0.035925 0.58387
0.56896 0.037366 0.59781
0.5974 0.036954 0.58026
0.6018 0.037508 0.58895
0.5734 0.037782 0.60132
0.59963 0.037788 0.60629
0.58062 0.037964 0.61323
0.56163 0.037787 0.62059
0.54385 0.03782 0.63315
0.57943 0.037766 0.63776
0.55019 0.037756 0.64599
0.54965 0.037673 0.66395
0.57294 0.037744 0.64243
0.54206 0.037642 0.67065
0.54986 0.037593 0.69308
0.5656 0.037645 0.67434
0.55666 0.037598 0.69374
0.53805 0.037545 0.70863
0.54031 0.03753 0.72414
0.56031 0.03759 0.7021
0.54099 0.037501 0.73579
0.55402 0.037485 0.74467
0.56412 0.037494 0.75913
0.53969 0.037497 0.76638
0.54342 0.037501 0.79053
0.56458 0.037483 0.77768
0.56423 0.037506 0.79479
0.54846 0.037507 0.802
0.54324 0.037486 0.82694
0.55501 0.037504 0.80451
0.55587 0.037487 0.82336
0.5403 0.037482 0.84574
0.55364 0.037483 0.84437
0.56046 0.037487 0.86004
0.54199 0.037488 0.88481
0.5567 0.037488 0.87913
0.56441 0.037488 0.88685
0.54701 0.037491 0.90702
0.53751 0.037437 0.92796
0.55915 0.037493 0.91041
0.55531 0.037443 0.92759
0.54403 0.037386 0.94313
0.548 0.033334 0.95968
0.56326 0.037403 0.94028
0.5543 0.033629 0.95258
0.54414 0.03637 0.52387
0.56327 0.036524 0.53632
0.57765 0.037504 0.045301
0.58805 0.0375 0.040804
0.59617 0.037498 0.063584
0.57381 0.037507 0.096501
0.59044 0.037499 0.074148
0.597 0.037497 0.095806
0.57316 0.037502 0.1123
0.57804 0.037511 0.12735
0.59575 0.037495 0.10682
0.58851 0.037499 0.1186
0.58412 0.037507 0.14573
0.60081 0.037497 0.13888
0.59543 0.037508 0.15677
0.58199 0.037508 0.17596
0.57509 0.03752 0.18565
0.5907 0.0375 0.17891
0.6008 0.037494 0.18629
0.57619 0.037547 0.22023
0.59573 0.037516 0.21266
0.58122 0.037579 0.24035
0.58092 0.037621 0.25804
0.60494 0.037536 0.23881
0.59751 0.037592 0.26
0.5886 0.037637 0.26592
0.59964 0.037734 0.27547
0.60305 0.037921 0.28827
0.58084 0.03764 0.29493
0.58464 0.037649 0.30938
0.60069 0.03776 0.30281
0.59543 0.037637 0.31364
0.57809 0.037666 0.33209
0.59326 0.037543 0.34588
0.59074 0.037525 0.36066
0.56877 0.037675 0.36569
0.55612 0.037464 0.39805
0.57438 0.037502 0.38546
0.54787 0.037156 0.41806
0.54596 0.037166 0.43255
0.56984 0.037478 0.41787
0.53938 0.03737 0.444
0.53603 0.037443 0.46307
0.54177 0.037517 0.45229
0.54163 0.03732 0.46139
0.54704 0.036724 0.48859
0.57237 0.037409 0.50589
0.54886 0.037045 0.47914
0.57515 0.037578 0.50339
0.60483 0.037607 0.53126
0.61355 0.038176 0.54909
0.60179 0.037648 0.5217
0.61824 0.038254 0.55209
0.60997 0.037866 0.56451
0.60401 0.037734 0.59447
0.61964 0.038126 0.56234
0.61611 0.037954 0.58127
0.61119 0.038036 0.60839
0.61787 0.038072 0.60432
0.62075 0.038096 0.62425
0.602 0.03795 0.63187
0.59477 0.037818 0.63839
0.6208 0.038185 0.64432
0.58588 0.037704 0.64899
0.5792 0.037631 0.66649
0.61916 0.037986 0.65591
0.60135 0.037666 0.66637
0.58314 0.037629 0.6761
0.59378 0.037639 0.67408
0.5914 0.037625 0.68928
0.57215 0.03755 0.72081
0.59163 0.037559 0.71954
0.57301 0.037524 0.73301
0.59707 0.037493 0.74504
0.59228 0.037496 0.76093
0.57119 0.037488 0.78512
0.59161 0.037501 0.79503
0.5786 0.037509 0.79854
0.57698 0.037486 0.81612
0.59018 0.037491 0.81207
0.57785 0.03749 0.84129
0.59653 0.037494 0.84264
0.57332 0.037492 0.86956
0.59606 0.037493 0.89333
0.57349 0.037494 0.90901
0.59235 0.037495 0.90734
0.57366 0.037385 0.94643
0.5768 0.033913 0.95177
0.5909 0.037415 0.9418
0.58561 0.033333 0.96315
0.61156 0.037492 0.045585
0.61394 0.037492 0.062803
0.63171 0.037486 0.042843
0.63365 0.037487 0.054263
0.61739 0.03749 0.076528
0.60577 0.037496 0.088808
0.63405 0.037484 0.081121
0.62913 0.037488 0.087487
0.61328 0.037488 0.11338
0.61196 0.037492 0.12958
0.62474 0.037484 0.10677
0.6311 0.037481 0.12688
0.60622 0.037494 0.13423
0.61767 0.037489 0.16336
0.63101 0.037478 0.13743
0.63179 0.037476 0.15264
0.61076 0.037486 0.17531
0.61781 0.037482 0.18878
0.63066 0.037477 0.17102
0.61689 0.037486 0.21121
0.61122 0.03752 0.2298
0.626 0.037477 0.21567
0.6264 0.037494 0.22899
0.60946 0.037508 0.25622
0.62485 0.037485 0.24909
0.62607 0.037516 0.26103
0.62213 0.037766 0.28462
0.60834 0.037516 0.31927
0.61815 0.037719 0.30229
0.62068 0.037459 0.34136
0.61377 0.037464 0.34843
0.60889 0.03738 0.37929
0.58557 0.037451 0.38575
0.57942 0.037556 0.41088
0.59764 0.037367 0.38649
0.59111 0.037612 0.41019
0.5619 0.037238 0.4402
0.57657 0.037189 0.43784
0.5612 0.037017 0.45218
0.55895 0.036875 0.47486
0.57068 0.036935 0.45855
0.5755 0.036966 0.46233
0.58383 0.037292 0.49654
0.58686 0.037132 0.48215
0.60323 0.037303 0.4996
0.61085 0.037638 0.51436
0.62456 0.03825 0.5443
0.62046 0.03757 0.51089
0.63007 0.037917 0.53525
0.63242 0.03814 0.55738
0.6339 0.037894 0.57869
0.64212 0.037988 0.55655
0.64135 0.03791 0.57445
0.63376 0.0379 0.5936
0.64501 0.037862 0.60175
0.63265 0.038169 0.6376
0.64761 0.037893 0.63738
0.62705 0.0382 0.65559
0.61609 0.037811 0.66768
0.63553 0.037822 0.67488
0.63643 0.037696 0.68308
0.60813 0.037618 0.70189
0.60618 0.037556 0.71949
0.62778 0.037539 0.72287
0.61054 0.037517 0.73854
0.6053 0.037489 0.75144
0.62491 0.037503 0.74196
0.62476 0.037489 0.74994
0.60924 0.037485 0.77729
0.61057 0.037486 0.78362
0.62586 0.037485 0.7773
0.62822 0.037485 0.78447
0.60324 0.037506 0.80014
0.6062 0.037497 0.8293
0.62839 0.037503 0.80332
0.63225 0.037499 0.82654
0.60684 0.0375 0.83659
0.60235 0.03749 0.85139
0.62482 0.037501 0.84095
0.62254 0.037493 0.85503
0.60954 0.037494 0.86858
0.60447 0.037492 0.88937
0.61863 0.037495 0.87729
0.62849 0.037495 0.88724
0.60721 0.037496 0.9083
0.60802 0.037472 0.9259
0.61957 0.037474 0.92735
0.60982 0.03744 0.9448
0.62165 0.037455 0.93733
0.6277 0.033333 0.96434
0.6408 0.037483 0.047278
0.65556 0.03748 0.038485
0.65761 0.037477 0.064728
0.64823 0.037479 0.080553
0.64224 0.037478 0.097491
0.66531 0.037473 0.07491
0.6682 0.037472 0.0869
0.65775 0.037466 0.11213
0.65018 0.03747 0.16389
0.66015 0.037463 0.14512
0.66144 0.037464 0.16359
0.64577 0.037466 0.17322
0.64711 0.037467 0.19781
0.66032 0.037452 0.18088
0.65686 0.037451 0.18821
0.64668 0.037465 0.20506
0.64373 0.037464 0.22269
0.66555 0.037448 0.20834
0.6641 0.037452 0.22517
0.63845 0.03748 0.24674
0.64135 0.037485 0.26789
0.65324 0.037428 0.27209
0.63114 0.037581 0.28524
0.62974 0.037561 0.2988
0.65868 0.037371 0.28534
0.64679 0.037368 0.29531
0.63454 0.037432 0.32048
0.64515 0.037418 0.34293
0.62601 0.037448 0.34984
0.61806 0.037314 0.3826
0.6442 0.037387 0.35375
0.63907 0.037288 0.37868
0.60464 0.037446 0.41278
0.6157 0.037309 0.40835
0.60259 0.037227 0.43806
0.61701 0.037211 0.42743
0.61616 0.037211 0.4376
0.59303 0.037111 0.45582
0.60473 0.037093 0.46831
0.61922 0.03718 0.45424
0.61261 0.037181 0.48648
0.61633 0.037215 0.49297
0.625 0.0372 0.48504
0.63735 0.037299 0.49878
0.62844 0.03744 0.50755
0.64021 0.037686 0.5276
0.6471 0.037441 0.51273
0.66269 0.037532 0.53006
0.66512 0.037696 0.55682
0.67161 0.037841 0.57432
0.66612 0.037911 0.58244
0.67 0.037789 0.59699
0.68076 0.037849 0.59547
0.66193 0.037673 0.6311
0.67745 0.037603 0.61086
0.66843 0.037657 0.63537
0.65395 0.037878 0.6496
0.67441 0.037644 0.64844
0.651 0.037549 0.6891
0.65663 0.037692 0.6718
0.65768 0.037564 0.684
0.64374 0.037468 0.70485
0.64089 0.037507 0.72184
0.65741 0.037456 0.70988
0.66692 0.037482 0.72242
0.64656 0.0375 0.7327
0.641 0.037488 0.75166
0.66012 0.037494 0.73986
0.6568 0.037483 0.75018
0.63656 0.037487 0.77543
0.64597 0.037484 0.78782
0.65467 0.037485 0.77057
0.65475 0.037487 0.79191
0.64571 0.037495 0.80537
0.64237 0.037498 0.8266
0.66223 0.037498 0.80888
0.66398 0.037501 0.82816
0.64396 0.037502 0.83421
0.64351 0.037498 0.85119
0.65386 0.037505 0.83919
0.65932 0.037502 0.86098
0.64745 0.037499 0.87882
0.64734 0.037498 0.88684
0.65414 0.0375 0.88
0.66252 0.037502 0.89236
0.64353 0.037501 0.90663
0.63608 0.037466 0.92644
0.66219 0.037503 0.90161
0.65847 0.037492 0.91769
0.63494 0.037427 0.94126
0.64056 0.033511 0.95332
0.65577 0.037411 0.93917
0.6637 0.033407 0.95448
0.68259 0.037471 0.045339
0.68472 0.03747 0.052275
0.70109 0.037465 0.040816
0.69242 0.037466 0.059966
0.69998 0.037461 0.073172
0.69846 0.037458 0.094034
0.67262 0.037464 0.10424
0.67301 0.037462 0.12659
0.67644 0.037457 0.14479
0.6785 0.037458 0.16217
0.68167 0.037446 0.17493
0.69409 0.037435 0.17966
0.68066 0.037432 0.214
0.67127 0.037444 0.22569
0.69509 0.037413 0.221
0.68658 0.037418 0.23466
0.67395 0.037413 0.24957
0.68451 0.037385 0.256
0.68996 0.037378 0.26113
0.66942 0.037354 0.29981
0.68759 0.037337 0.28969
0.67901 0.037338 0.29847
0.65908 0.03738 0.33769
0.67865 0.037341 0.32653
0.6772 0.037341 0.33348
0.66376 0.037308 0.35299
0.65458 0.037277 0.36762
0.66957 0.037274 0.36202
0.66297 0.03724 0.37643
0.64395 0.037203 0.39136
0.63753 0.03716 0.40342
0.66394 0.03721 0.39405
0.6628 0.037207 0.40346
0.64372 0.037158 0.41987
0.63729 0.037187 0.43987
0.65776 0.037203 0.4196
0.66581 0.037213 0.43438
0.64117 0.037175 0.46911
0.66361 0.0372 0.45388
0.64807 0.037225 0.48344
0.66119 0.037269 0.49462
0.67518 0.03726 0.48046
0.68195 0.037323 0.49894
0.66172 0.037448 0.51442
0.66897 0.037501 0.53164
0.6863 0.037413 0.52313
0.67316 0.037499 0.54214
0.68322 0.03779 0.5732
0.68839 0.037405 0.5405
0.6957 0.0376 0.57122
0.68776 0.037759 0.5979
0.69392 0.037717 0.57929
0.70982 0.037536 0.59796
0.6949 0.037588 0.60573
0.70594 0.037505 0.61557
0.70743 0.037522 0.63208
0.68624 0.037582 0.64873
0.68398 0.037564 0.65676
0.70044 0.037542 0.64124
0.6998 0.037531 0.65637
0.67632 0.037493 0.69089
0.69352 0.037484 0.68497
0.68194 0.037495 0.70909
0.67274 0.037487 0.72076
0.68836 0.037494 0.70055
0.67815 0.037493 0.74539
0.67137 0.03749 0.761
0.69415 0.037499 0.73735
0.69787 0.037501 0.75927
0.67455 0.037493 0.76968
0.67663 0.037492 0.78885
0.69242 0.037501 0.76864
0.68647 0.037499 0.79658
0.67229 0.0375 0.80405
0.68571 0.037502 0.80223
0.68767 0.037504 0.82546
0.67969 0.037504 0.84668
0.69345 0.037507 0.83632
0.68649 0.037506 0.86343
0.67954 0.037506 0.86961
0.68994 0.037508 0.86862
0.69038 0.037508 0.89311
0.67803 0.037507 0.90728
0.66878 0.037445 0.92983
0.68859 0.037446 0.92909
0.67961 0.037392 0.94193
0.68092 0.033333 0.96336
0.69467 0.033341 0.95744
0.71081 0.037462 0.037552
0.70979 0.037461 0.055524
0.72631 0.037457 0.042874
0.72888 0.037453 0.061869
0.71244 0.037455 0.077865
0.72976 0.037448 0.077334
0.71262 0.037447 0.10387
0.70904 0.037443 0.13022
0.72747 0.037434 0.11568
0.73116 0.037432 0.13156
0.7066 0.037438 0.16296
0.73306 0.03743 0.15165
0.7307 0.037428 0.16453
0.70698 0.037427 0.1821
0.70446 0.037421 0.20005
0.72273 0.037426 0.17396
0.73136 0.037415 0.19312
0.70615 0.037415 0.20782
0.70476 0.037404 0.22764
0.7207 0.037401 0.21634
0.70953 0.037379 0.25539
0.72755 0.037356 0.26221
0.70969 0.037346 0.27947
0.70626 0.037334 0.30096
0.69162 0.037344 0.31836
0.69597 0.037317 0.34115
0.71878 0.03732 0.31844
0.70387 0.037307 0.34208
0.69622 0.0373 0.34785
0.69173 0.037255 0.37124
0.70878 0.0373 0.34791
0.71127 0.037281 0.36967
0.69052 0.037221 0.38977
0.67703 0.037222 0.40148
0.70163 0.037251 0.38165
0.69472 0.037225 0.40439
0.68114 0.037222 0.42268
0.7062 0.037275 0.41189
0.69519 0.037247 0.42925
0.68571 0.037214 0.44292
0.67982 0.037229 0.46627
0.70401 0.037293 0.4477
0.70086 0.037285 0.46266
0.68889 0.037248 0.47395
0.69276 0.037285 0.49175
0.69651 0.037268 0.47163
0.70736 0.03733 0.49287
0.70823 0.037355 0.50869
0.71705 0.037376 0.52184
0.70542 0.037396 0.54869
0.72297 0.037377 0.54562
0.73149 0.037379 0.56664
0.72713 0.037623 0.60161
0.73388 0.037377 0.57978
0.73202 0.037503 0.59116
0.7227 0.037584 0.62701
0.73423 0.037809 0.60888
0.7383 0.037737 0.62583
0.71881 0.037527 0.64563
0.72227 0.037514 0.65243
0.73155 0.037542 0.63969
0.73224 0.037522 0.65992
0.71653 0.037496 0.68044
0.71156 0.037497 0.68925
0.72805 0.037519 0.67198
0.73067 0.03751 0.68657
0.71741 0.037504 0.70891
0.70508 0.037501 0.72182
0.72188 0.037502 0.7183
0.70838 0.037505 0.7386
0.70762 0.037503 0.75311
0.72935 0.037508 0.73676
0.72516 0.037504 0.75577
0.7118 0.037513 0.77302
0.70259 0.037505 0.78928
0.72358 0.037513 0.77227
0.71183 0.037509 0.8127
0.70252 0.037507 0.82451
0.72449 0.037512 0.80144
0.71465 0.037512 0.83444
0.70239 0.037509 0.85738
0.72102 0.037514 0.83482
0.70929 0.037513 0.87982
0.70328 0.03751 0.88453
0.71942 0.037515 0.87116
0.73145 0.037518 0.89497
0.70221 0.037512 0.90797
0.71343 0.037505 0.91751
0.72971 0.037518 0.9047
0.70895 0.033335 0.95961
0.73094 0.037407 0.93996
0.74015 0.037455 0.043927
0.74278 0.037451 0.058317
0.76227 0.037444 0.059708
0.75713 0.037437 0.079024
0.75482 0.037435 0.093576
0.76518 0.037429 0.10776
0.75513 0.037429 0.12172
0.74326 0.037427 0.15102
0.73938 0.037428 0.15701
0.75647 0.037424 0.13875
0.76414 0.037412 0.16306
0.74033 0.037418 0.17693
0.74527 0.037403 0.20098
0.75595 0.037403 0.18406
0.75398 0.037396 0.19928
0.74832 0.037389 0.21305
0.74105 0.037372 0.23864
0.75886 0.037371 0.2323
0.73939 0.037356 0.25243
0.76245 0.03736 0.24297
0.74142 0.037329 0.2777
0.72793 0.037321 0.2948
0.75568 0.037327 0.28078
0.72697 0.037314 0.33681
0.7431 0.037314 0.3113
0.74324 0.037312 0.33276
0.72279 0.037307 0.34909
0.7192 0.037287 0.37414
0.7418 0.037295 0.35377
0.74494 0.03729 0.36484
0.72806 0.037262 0.38734
0.7228 0.037265 0.3956
0.74661 0.037284 0.38259
0.73534 0.037264 0.39696
0.71949 0.037278 0.40999
0.71766 0.037289 0.43506
0.74106 0.037283 0.41728
0.7147 0.037299 0.44676
0.71665 0.037309 0.46445
0.73851 0.037286 0.44644
0.74276 0.037295 0.45643
0.72834 0.037295 0.47065
0.72148 0.037326 0.48894
0.74719 0.037322 0.47551
0.7467 0.037328 0.48546
0.74836 0.037351 0.50686
0.74551 0.037357 0.5291
0.73444 0.037371 0.54383
0.73818 0.037374 0.56293
0.75065 0.037375 0.5396
0.7608 0.037401 0.55501
0.74836 0.037396 0.58504
0.75347 0.037668 0.60269
0.75697 0.037691 0.60647
0.74427 0.037571 0.63916
0.74473 0.037532 0.65772
0.76134 0.037558 0.64041
0.74792 0.037553 0.67229
0.74481 0.037532 0.69224
0.76483 0.037538 0.68048
0.74797 0.037529 0.71167
0.74448 0.037518 0.73078
0.74387 0.037507 0.74824
0.74076 0.037506 0.75259
0.75902 0.03751 0.75554
0.74556 0.037516 0.77385
0.74437 0.037516 0.79273
0.75424 0.037512 0.76922
0.74856 0.037517 0.81304
0.74794 0.037518 0.83086
0.7562 0.037518 0.80419
0.76193 0.037518 0.82257
0.73852 0.037518 0.85823
0.75627 0.03752 0.84625
0.74343 0.037519 0.86782
0.73942 0.037519 0.89692
0.75605 0.037521 0.87718
0.75543 0.037521 0.89215
0.74623 0.037521 0.90136
0.76166 0.037524 0.90855
0.75428 0.037475 0.9284
0.73666 0.037418 0.93888
0.73841 0.03334 0.95754
0.76316 0.033334 0.96063
0.77365 0.037445 0.044373
0.78196 0.037441 0.053245
0.79631 0.037439 0.048035
0.79917 0.037433 0.06456
0.7773 0.037435 0.070155
0.79131 0.037426 0.092854
0.78191 0.037425 0.11711
0.78093 0.037418 0.13325
0.79256 0.037423 0.1136
0.79618 0.037416 0.12841
0.78185 0.03741 0.14857
0.77903 0.037404 0.16237
0.78872 0.03741 0.14129
0.78978 0.037396 0.16723
0.77879 0.03739 0.18314
0.79803 0.037391 0.17387
0.78634 0.037379 0.20216
0.77722 0.037378 0.2135
0.77905 0.037367 0.23518
0.79317 0.037368 0.21834
0.78836 0.037363 0.23403
0.76955 0.037358 0.24526
0.76678 0.037342 0.27112
0.78754 0.037357 0.24363
0.78657 0.037352 0.26142
0.78709 0.037349 0.283
0.75783 0.037315 0.32147
0.76284 0.037313 0.33628
0.79026 0.037318 0.30815
0.7758 0.037296 0.32991
0.76207 0.037305 0.3525
0.75955 0.037302 0.36819
0.77349 0.037295 0.34472
0.77139 0.037294 0.36376
0.7613 0.037296 0.3828
0.76462 0.037292 0.39815
0.78015 0.037302 0.38041
0.78008 0.037306 0.39813
0.76244 0.037294 0.41224
0.7584 0.037297 0.42658
0.77111 0.0373 0.40931
0.77611 0.037311 0.4312
0.75779 0.037305 0.44631
0.77424 0.037314 0.4483
0.77177 0.03731 0.4526
0.7549 0.037323 0.47204
0.76246 0.037331 0.48695
0.7757 0.037328 0.46996
0.78584 0.03736 0.49098
0.77059 0.037348 0.51078
0.78009 0.037357 0.50708
0.78985 0.037388 0.5277
0.76662 0.037406 0.55857
0.78509 0.037387 0.53325
0.79022 0.037412 0.56033
0.77485 0.037415 0.57834
0.77235 0.037443 0.58965
0.78902 0.037418 0.57608
0.77848 0.037436 0.60274
0.78725 0.037438 0.60402
0.77149 0.037562 0.63536
0.77321 0.037541 0.65614
0.79542 0.037528 0.64218
0.79099 0.037529 0.66298
0.77461 0.037535 0.68089
0.77645 0.037529 0.6892
0.797 0.037525 0.67931
0.79654 0.037523 0.68453
0.78056 0.03752 0.70877
0.77041 0.037522 0.73002
0.78698 0.037519 0.73138
0.77697 0.037524 0.73987
0.78028 0.037516 0.76246
0.79731 0.037522 0.74004
0.79523 0.037522 0.79306
0.77055 0.03752 0.81426
0.77685 0.037521 0.82925
0.78715 0.037522 0.8048
0.79731 0.037524 0.82935
0.77582 0.037522 0.85189
0.78732 0.037524 0.84083
0.77761 0.037525 0.87618
0.77137 0.037524 0.89444
0.79499 0.037528 0.89131
0.77664 0.03748 0.9306
0.79118 0.037528 0.91243
0.78102 0.037434 0.94757
0.77208 0.033333 0.963
0.79048 0.037446 0.94101
0.79565 0.03336 0.95595
0.8037 0.037438 0.047299
0.80431 0.037437 0.054942
0.82944 0.037433 0.047485
0.83185 0.037432 0.052937
0.80355 0.037427 0.07885
0.80504 0.037424 0.094861
0.82844 0.037427 0.074558
0.82136 0.037422 0.091934
0.81017 0.037421 0.10766
0.80883 0.037415 0.12624
0.82035 0.037417 0.11072
0.82724 0.037407 0.12871
0.8271 0.0374 0.14451
0.81963 0.037383 0.17997
0.81956 0.037377 0.19215
0.8099 0.037365 0.21329
0.80244 0.037358 0.22899
0.83148 0.037365 0.21955
0.82798 0.037352 0.22958
0.80296 0.037348 0.24435
0.80494 0.037347 0.26398
0.82836 0.037336 0.26298
0.81078 0.037351 0.28655
0.80478 0.037348 0.29572
0.8274 0.037352 0.28246
0.81857 0.037342 0.29859
0.80747 0.03733 0.30836
0.79988 0.03731 0.32475
0.81938 0.037334 0.3091
0.80989 0.037311 0.33331
0.79489 0.037303 0.3491
0.79924 0.037304 0.35833
0.80961 0.037307 0.35076
0.79219 0.037306 0.38243
0.79039 0.037312 0.40034
0.81753 0.037299 0.38136
0.79054 0.037319 0.41212
0.79116 0.037327 0.42973
0.81035 0.037306 0.42422
0.79198 0.037332 0.44311
0.80234 0.037319 0.45415
0.81775 0.037316 0.43935
0.79487 0.037349 0.47136
0.7916 0.037366 0.49094
0.79371 0.037377 0.50948
0.80495 0.037366 0.51812
0.81721 0.037361 0.51792
0.80518 0.037409 0.55271
0.81507 0.037395 0.54848
0.80846 0.037443 0.59493
0.82828 0.037434 0.57464
0.82398 0.037442 0.5918
0.81167 0.037448 0.61036
0.8137 0.037472 0.62536
0.82655 0.037448 0.60484
0.82098 0.037462 0.62204
0.80758 0.037525 0.64404
0.80836 0.037526 0.65099
0.82185 0.037478 0.63322
0.814 0.037519 0.66696
0.80712 0.037524 0.69693
0.82526 0.037515 0.68511
0.80953 0.037523 0.70859
0.82395 0.037517 0.70735
0.80602 0.037522 0.73524
0.80675 0.037522 0.7609
0.83223 0.037521 0.73928
0.83268 0.037522 0.7544
0.80364 0.037522 0.77403
0.80717 0.037524 0.7954
0.83122 0.037524 0.7776
0.82487 0.037523 0.79217
0.80983 0.037526 0.80488
0.82422 0.037528 0.8257
0.80384 0.037527 0.84576
0.8103 0.037529 0.85861
0.82917 0.03753 0.84173
0.8287 0.037531 0.86096
0.81419 0.03753 0.87106
0.80366 0.037529 0.88999
0.82579 0.037532 0.87991
0.80533 0.03753 0.90526
0.80435 0.037512 0.9206
0.81819 0.037532 0.9065
0.80435 0.037444 0.93738
0.81208 0.033334 0.96104
0.82677 0.037403 0.94764
0.8204 0.033333 0.96333
0.84256 0.03743 0.045126
0.83945 0.03743 0.055624
0.86156 0.037426 0.045299
0.84529 0.037425 0.080669
0.84874 0.037418 0.093223
0.85222 0.037425 0.075687
0.85394 0.037419 0.091442
0.85546 0.037405 0.11072
0.8547 0.037399 0.13534
0.83946 0.037397 0.1507
0.84634 0.037389 0.16355
0.8587 0.037397 0.14601
0.85267 0.037394 0.15658
0.83749 0.037376 0.18651
0.84013 0.037375 0.19778
0.85692 0.037372 0.18677
0.86538 0.037364 0.20281
0.84948 0.037376 0.215
0.838 0.037347 0.23564
0.86118 0.037364 0.21797
0.85524 0.037366 0.23759
0.85074 0.03732 0.24971
0.86228 0.037457 0.25025
0.86298 0.037457 0.25862
0.85456 0.037362 0.27614
0.85377 0.037351 0.29633
0.83583 0.037336 0.31682
0.82823 0.037327 0.32652
0.8552 0.037345 0.30823
0.84879 0.037336 0.32107
0.83073 0.037322 0.35566
0.84905 0.03733 0.34282
0.8567 0.037329 0.36084
0.83332 0.03732 0.38053
0.84317 0.037324 0.37852
0.85234 0.037328 0.39041
0.83683 0.037323 0.40949
0.8381 0.037323 0.42198
0.84308 0.037325 0.40427
0.85282 0.037333 0.42862
0.82993 0.037327 0.44027
0.82428 0.037327 0.45499
0.84522 0.037329 0.44395
0.85118 0.037339 0.45784
0.82877 0.037342 0.47456
0.83471 0.037351 0.48804
0.83509 0.037367 0.50865
0.84311 0.037382 0.52634
0.85968 0.037387 0.5174
0.83981 0.037396 0.53668
0.84189 0.037413 0.55194
0.85857 0.037403 0.53698
0.85643 0.037414 0.54975
0.84497 0.037428 0.57147
0.83824 0.037453 0.59122
0.85931 0.037428 0.57006
0.8522 0.037438 0.58692
0.84746 0.037463 0.61717
0.85727 0.037448 0.59835
0.85246 0.037466 0.62776
0.8478 0.037484 0.65699
0.86273 0.037473 0.63598
0.85715 0.037484 0.66057
0.84704 0.037498 0.67739
0.83844 0.037507 0.68698
0.85934 0.037489 0.66947
0.86215 0.0375 0.69497
0.83977 0.037511 0.70551
0.84625 0.037514 0.72379
0.85411 0.037502 0.70185
0.85486 0.037511 0.7266
0.84365 0.037519 0.73677
0.84079 0.037523 0.7633
0.85636 0.03752 0.75896
0.83709 0.037525 0.79412
0.85999 0.037522 0.76986
0.86407 0.037525 0.78917
0.84033 0.037528 0.81407
0.86262 0.037528 0.80372
0.85944 0.037529 0.82132
0.84221 0.037531 0.84194
0.85907 0.037531 0.8377
0.86008 0.037533 0.85542
0.84462 0.037535 0.87438
0.84012 0.037535 0.89548
0.85869 0.037535 0.86854
0.84352 0.037531 0.9177
0.86242 0.037538 0.90424
0.85388 0.037523 0.9208
0.848 0.037477 0.93495
0.84104 0.033334 0.96028
0.86129 0.037487 0.93451
0.85951 0.033333 0.96347
0.86919 0.037425 0.039326
0.87088 0.037424 0.062065
0.88566 0.037423 0.04017
0.88713 0.037423 0.052616
0.8804 0.037421 0.078034
0.88084 0.037415 0.094223
0.89549 0.03742 0.08018
0.88963 0.037418 0.087867
0.88003 0.037406 0.11155
0.8807 0.0374 0.13106
0.88915 0.037403 0.12172
0.87379 0.037397 0.14185
0.881 0.037387 0.16287
0.89245 0.037396 0.15178
0.88754 0.037385 0.16669
0.87564 0.03736 0.19782
0.89148 0.037381 0.17465
0.89512 0.037372 0.19573
0.87163 0.037354 0.2118
0.87739 0.037459 0.23022
0.88877 0.037344 0.22028
0.8849 0.037542 0.23422
0.87361 0.037613 0.24521
0.87186 0.037438 0.27396
0.87133 0.037349 0.29007
0.89217 0.03754 0.26664
0.88613 0.037344 0.29129
0.86513 0.037348 0.316
0.87489 0.03735 0.32366
0.8828 0.037346 0.30324
0.88107 0.037349 0.32021
0.87089 0.03734 0.34594
0.88791 0.037343 0.34013
0.8929 0.037338 0.35352
0.86996 0.037332 0.38035
0.86176 0.03733 0.38814
0.88585 0.037332 0.37233
0.88872 0.037332 0.3925
0.86415 0.037335 0.40753
0.86655 0.03734 0.41967
0.88973 0.037338 0.41262
0.88482 0.037339 0.41828
0.87404 0.037348 0.4403
0.87877 0.037352 0.44977
0.87482 0.037371 0.47774
0.87338 0.037382 0.49219
0.88054 0.03738 0.49036
0.86399 0.037381 0.50187
0.87283 0.037406 0.52597
0.88432 0.037392 0.50952
0.88646 0.037399 0.52209
0.8693 0.037411 0.53584
0.88629 0.037408 0.53398
0.89105 0.037417 0.54802
0.87582 0.037433 0.56995
0.87432 0.037449 0.59269
0.88855 0.037429 0.57032
0.88601 0.037444 0.59346
0.8736 0.037454 0.60102
0.87967 0.037469 0.62673
0.88589 0.037451 0.60456
0.88573 0.037462 0.62187
0.87826 0.037481 0.64473
0.88752 0.037473 0.64241
0.89091 0.037479 0.65473
0.87126 0.037491 0.6712
0.89785 0.037498 0.69391
0.8711 0.037507 0.70981
0.87994 0.037512 0.72718
0.89453 0.037501 0.7004
0.8899 0.037508 0.71969
0.87279 0.037516 0.74258
0.87136 0.03752 0.76241
0.88673 0.037513 0.7404
0.89728 0.037517 0.7614
0.87376 0.037524 0.77792
0.87784 0.037527 0.79489
0.8896 0.037524 0.78555
0.87071 0.03753 0.8134
0.87683 0.037531 0.82259
0.88858 0.037528 0.80244
0.87604 0.037533 0.83844
0.88069 0.037536 0.86188
0.8939 0.037533 0.83749
0.88563 0.037536 0.85693
0.87377 0.037539 0.8897
0.89132 0.037538 0.86811
0.89431 0.03754 0.88833
0.87911 0.03754 0.9022
0.88032 0.037514 0.92806
0.89234 0.037541 0.90877
0.89589 0.037503 0.92968
0.87134 0.037479 0.94017
0.89734 0.033334 0.96096
0.90468 0.037423 0.037681
0.91159 0.037422 0.054987
0.92188 0.037403 0.03904
0.91461 0.037419 0.07703
0.90324 0.037416 0.092622
0.92813 0.037372 0.096939
0.91076 0.037409 0.11176
0.90878 0.037403 0.13297
0.92046 0.037397 0.10638
0.92289 0.037386 0.12138
0.90473 0.037401 0.13858
0.90689 0.037395 0.16343
0.92124 0.037384 0.14304
0.91187 0.037394 0.19377
0.92654 0.037367 0.17632
0.92881 0.037354 0.20161
0.91226 0.037393 0.21157
0.90788 0.037413 0.22992
0.92478 0.037359 0.21486
0.91454 0.037372 0.23262
0.89885 0.037599 0.25122
0.92256 0.037309 0.24733
0.91564 0.037323 0.25905
0.90202 0.037437 0.27008
0.92803 0.037318 0.28161
0.92719 0.037321 0.29566
0.90727 0.037354 0.3269
0.91972 0.037341 0.30394
0.91849 0.037343 0.32371
0.89896 0.037347 0.33772
0.90163 0.037339 0.36253
0.92568 0.037323 0.33834
0.91505 0.037336 0.35672
0.90024 0.037338 0.37276
0.90512 0.037339 0.39128
0.92041 0.037311 0.3955
0.92027 0.037311 0.40308
0.92658 0.037298 0.42914
0.8992 0.037354 0.45308
0.9227 0.03731 0.43387
0.9024 0.037376 0.47772
0.89983 0.037386 0.49323
0.92324 0.037326 0.46971
0.92053 0.037346 0.48341
0.90698 0.037391 0.50074
0.90831 0.0374 0.52017
0.92499 0.037345 0.50962
0.92237 0.037358 0.51657
0.92092 0.037375 0.53481
0.92313 0.037382 0.55124
0.91225 0.037448 0.59214
0.92292 0.037417 0.57179
0.92703 0.037428 0.59155
0.908 0.037454 0.60134
0.90311 0.037462 0.61859
0.92024 0.037444 0.60239
0.92208 0.037445 0.61483
0.90187 0.037472 0.63994
0.93091 0.037414 0.64359
0.92168 0.037456 0.65947
0.91223 0.03749 0.68446
0.92372 0.037456 0.67753
0.92707 0.037445 0.6925
0.9115 0.037499 0.70156
0.92162 0.037473 0.70566
0.90862 0.037511 0.73811
0.91208 0.037515 0.7576
0.91887 0.037495 0.73412
0.91833 0.037508 0.7628
0.91335 0.037518 0.76997
0.91239 0.037522 0.78665
0.92501 0.037491 0.77417
0.92576 0.037491 0.79396
0.90388 0.037529 0.81422
0.91126 0.037529 0.82072
0.92013 0.03751 0.80151
0.91781 0.037522 0.82463
0.9051 0.037534 0.84409
0.90549 0.037537 0.86093
0.92266 0.0375 0.83468
0.91831 0.037527 0.86046
0.91098 0.037538 0.87196
0.91835 0.03753 0.8706
0.92992 0.037493 0.88843
0.90662 0.037541 0.9089
0.90783 0.037501 0.92816
0.91984 0.037526 0.90791
0.92792 0.037462 0.92418
0.90633 0.037461 0.9404
0.91248 0.033336 0.95902
0.9183 0.037448 0.93889
0.92359 0.033334 0.9603
0.93731 0.037346 0.042502
0.93757 0.037344 0.055513
0.95382 0.033494 0.037414
0.95731 0.033343 0.062351
0.9345 0.03735 0.076245
0.95982 0.033335 0.089543
0.94641 0.03731 0.10872
0.95893 0.033336 0.13099
0.94606 0.037302 0.14914
0.94241 0.037315 0.15985
0.95814 0.033338 0.14452
0.95128 0.03439 0.16211
0.93507 0.037344 0.17621
0.94487 0.037306 0.20002
0.95429 0.033414 0.20134
0.93809 0.037313 0.21016
0.93731 0.037293 0.2329
0.96294 0.033333 0.21832
0.96048 0.033334 0.22529
0.93728 0.037285 0.25032
0.94417 0.037279 0.25533
0.96022 0.033334 0.24052
0.95076 0.034089 0.26583
0.94088 0.037286 0.27277
0.93733 0.037296 0.28933
0.95879 0.033335 0.27721
0.939 0.037291 0.30306
0.93848 0.037296 0.33065
0.95352 0.033446 0.30279
0.96414 0.033333 0.32506
0.94338 0.037292 0.34237
0.94065 0.037291 0.35681
0.95768 0.033338 0.35948
0.93725 0.037283 0.3679
0.94499 0.037238 0.39633
0.96389 0.033333 0.37873
0.95022 0.034623 0.39507
0.94313 0.037243 0.40563
0.96306 0.033333 0.40843
0.95507 0.033366 0.42663
0.93851 0.037277 0.44251
0.94306 0.03727 0.44919
0.95184 0.033723 0.43339
0.95887 0.033335 0.45019
0.93616 0.037281 0.4696
0.96315 0.033333 0.47634
0.95372 0.033426 0.49175
0.94393 0.037272 0.50528
0.93979 0.037293 0.51854
0.95139 0.033924 0.5083
0.95896 0.033335 0.52316
0.93431 0.037337 0.55056
0.96408 0.033333 0.53541
0.95761 0.033339 0.55334
0.94176 0.037407 0.58949
0.93873 0.03741 0.60849
0.93904 0.037404 0.61743
0.95917 0.033335 0.62261
0.94286 0.037377 0.63449
0.96094 0.033334 0.63225
0.96339 0.033333 0.65477
0.94764 0.037361 0.67267
0.95962 0.033335 0.67082
0.95882 0.033336 0.69207
0.93972 0.037386 0.71053
0.93874 0.037393 0.72171
0.95365 0.033502 0.71234
0.95436 0.033429 0.71759
0.9427 0.037388 0.75321
0.95508 0.033388 0.74443
0.95936 0.033335 0.75345
0.9404 0.037448 0.77723
0.94044 0.037438 0.79724
0.95731 0.033343 0.78539
0.93887 0.037438 0.80237
0.95369 0.033506 0.81067
0.95875 0.033336 0.82928
0.93729 0.037426 0.84487
0.96485 0.033333 0.85605
0.94206 0.037455 0.8852
0.95921 0.033335 0.86938
0.93708 0.037435 0.92138
0.95601 0.03336 0.90708
0.96451 0.033333 0.91992
0.93801 0.037381 0.93607
0.94169 0.033338 0.9582
0.95904 0.033336 0.94215
0.95393 0.033333 0.96269
