2635
1 1 1
0.034973 0.03767 0.044803
0.040989 0.03767 0.054093
0.062266 0.037671 0.035656
0.058315 0.037671 0.051335
0.046074 0.037671 0.068717
0.043547 0.037672 0.092905
0.059676 0.037671 0.080404
0.056149 0.037671 0.096562
0.038543 0.037671 0.11004
0.041224 0.037672 0.11994
0.063201 0.037669 0.10677
0.062682 0.037675 0.14223
0.040382 0.037663 0.18774
0.058251 0.037665 0.17773
0.061025 0.037663 0.19327
0.03615 0.037663 0.19803
0.040357 0.037661 0.22372
0.053223 0.037663 0.20305
0.056308 0.037662 0.21633
0.047756 0.03766 0.23267
0.042291 0.037659 0.25372
0.052864 0.03766 0.23899
0.061615 0.037658 0.25353
0.047241 0.037659 0.26549
0.046406 0.037659 0.28243
0.055675 0.037659 0.27444
0.063163 0.037659 0.28311
0.061947 0.037662 0.30397
0.057532 0.037663 0.319
0.04513 0.037662 0.34016
0.062165 0.037661 0.34875
0.046131 0.037659 0.3701
0.045142 0.03766 0.3835
0.060654 0.037661 0.36798
0.055985 0.037663 0.38978
0.044506 0.037665 0.40044
0.037551 0.037669 0.41995
0.060338 0.037668 0.40322
0.054015 0.037671 0.41475
0.042299 0.03767 0.44322
0.058933 0.037674 0.44096
0.058074 0.037674 0.4573
0.041686 0.037672 0.47096
0.043518 0.037671 0.48598
0.051916 0.037675 0.47068
0.057498 0.037673 0.48965
0.038325 0.037662 0.50621
0.038021 0.037657 0.52777
0.05429 0.037664 0.50823
0.058528 0.037661 0.52679
0.045141 0.037656 0.53951
0.042857 0.037659 0.56574
0.060457 0.037661 0.53798
0.059126 0.037661 0.55915
0.037012 0.037661 0.57714
0.035888 0.037665 0.59995
0.051239 0.037663 0.5757
0.053154 0.037667 0.59618
0.043454 0.037666 0.60482
0.036208 0.037666 0.63238
0.051141 0.037668 0.61096
0.057073 0.037671 0.6239
0.051182 0.037666 0.652
0.053141 0.037669 0.66407
0.047276 0.03767 0.67597
0.052249 0.037671 0.67415
0.05777 0.037675 0.69186
0.035977 0.037671 0.73304
0.059586 0.037671 0.71633
0.051482 0.037671 0.72577
0.043378 0.037672 0.74924
0.037021 0.037674 0.76468
0.058735 0.037672 0.74602
0.051826 0.037674 0.7628
0.040741 0.037675 0.77511
0.037195 0.037677 0.80115
0.057929 0.037676 0.78349
0.056026 0.037677 0.79314
0.0397 0.037679 0.82745
0.052659 0.037678 0.81568
0.058208 0.037679 0.83281
0.038015 0.03768 0.84421
0.035013 0.03768 0.86275
0.053556 0.03768 0.83866
0.055891 0.03768 0.86073
0.035566 0.03768 0.87235
0.045047 0.037683 0.89335
0.05785 0.037678 0.87961
0.056347 0.03768 0.88963
0.041872 0.037692 0.91255
0.037063 0.033431 0.95629
0.058454 0.03758 0.94495
0.060908 0.033664 0.9543
0.079008 0.037672 0.045203
0.074912 0.037671 0.05951
0.077914 0.037669 0.087951
0.094008 0.037669 0.073677
0.091361 0.037668 0.087912
0.07106 0.037668 0.1059
0.072113 0.037669 0.12861
0.084916 0.037666 0.10834
0.089092 0.037665 0.12174
0.069634 0.037672 0.13943
0.089204 0.037666 0.1358
0.092556 0.037664 0.1571
0.071759 0.037664 0.17493
0.067818 0.037663 0.18973
0.094033 0.037661 0.17473
0.094545 0.03766 0.18987
0.077025 0.037662 0.20458
0.075696 0.037661 0.22138
0.088495 0.037661 0.20965
0.096753 0.037658 0.22523
0.069499 0.037658 0.24238
0.072064 0.037657 0.24876
0.085277 0.037657 0.24295
0.089643 0.037657 0.2511
0.075808 0.037659 0.27148
0.074862 0.03766 0.28872
0.095235 0.037657 0.27151
0.067994 0.037661 0.30525
0.068365 0.037661 0.32423
0.092518 0.037657 0.30374
0.090428 0.037658 0.32478
0.071163 0.03766 0.34324
0.089466 0.03766 0.3391
0.088164 0.037662 0.35399
0.075588 0.037661 0.37696
0.091161 0.037664 0.3703
0.094789 0.037665 0.38203
0.069056 0.03767 0.40848
0.073019 0.037673 0.42181
0.092727 0.037678 0.41063
0.085873 0.03768 0.41727
0.068755 0.037676 0.44403
0.083222 0.037681 0.43587
0.084415 0.037684 0.45502
0.073455 0.037678 0.47311
0.077485 0.037678 0.48375
0.089233 0.037686 0.47897
0.088393 0.037684 0.48998
0.068573 0.03767 0.50177
0.0844 0.037675 0.51907
0.076392 0.037665 0.53609
0.071415 0.037663 0.56469
0.081666 0.037667 0.56234
0.073233 0.037664 0.57092
0.068914 0.037669 0.59987
0.084664 0.037672 0.57122
0.087355 0.037676 0.59523
0.073646 0.037675 0.62988
0.088933 0.037678 0.61303
0.093888 0.037676 0.62252
0.072392 0.037674 0.64301
0.091782 0.037677 0.66627
0.067778 0.037677 0.68287
0.085264 0.037681 0.67528
0.088425 0.037678 0.6949
0.075844 0.037672 0.71275
0.067347 0.037671 0.73364
0.090443 0.037673 0.72526
0.070772 0.037671 0.74621
0.075707 0.037672 0.75845
0.087617 0.037672 0.74232
0.084671 0.037674 0.7632
0.071095 0.037675 0.77428
0.07271 0.037677 0.79991
0.093719 0.037675 0.7857
0.072073 0.037676 0.81669
0.079871 0.037675 0.82408
0.092526 0.037675 0.80762
0.089702 0.037677 0.83294
0.074386 0.037679 0.84285
0.074272 0.037679 0.86209
0.089511 0.037677 0.86586
0.076384 0.037675 0.88298
0.08809 0.037676 0.87409
0.084872 0.037676 0.89061
0.071124 0.037686 0.90997
0.076655 0.037664 0.93101
0.088592 0.03768 0.90297
0.071119 0.037636 0.93874
0.085634 0.037651 0.9474
0.11026 0.037664 0.039025
0.10569 0.037666 0.057364
0.12624 0.037661 0.037879
0.12171 0.037662 0.052215
0.1025 0.037667 0.068338
0.10693 0.037666 0.094254
0.12398 0.037662 0.096484
0.10536 0.037663 0.11018
0.11353 0.037661 0.12851
0.12495 0.037658 0.11817
0.10739 0.037662 0.1409
0.10247 0.037662 0.1555
0.12652 0.037658 0.15557
0.10756 0.037658 0.17237
0.10631 0.037657 0.18705
0.12741 0.037656 0.16656
0.11874 0.037655 0.19319
0.11279 0.037655 0.2162
0.11764 0.037655 0.20042
0.11684 0.037655 0.22658
0.10567 0.037656 0.23768
0.10062 0.037656 0.25533
0.12066 0.037655 0.23694
0.10648 0.037654 0.27282
0.10616 0.037653 0.28546
0.12033 0.037652 0.27646
0.12843 0.037648 0.28302
0.10664 0.03765 0.30294
0.10727 0.037651 0.32528
0.12798 0.037648 0.30841
0.1165 0.037648 0.31706
0.10404 0.037654 0.33303
0.10504 0.037658 0.35755
0.11566 0.037656 0.35252
0.099263 0.037661 0.36455
0.11612 0.037664 0.36889
0.12191 0.03768 0.39261
0.10241 0.037672 0.39732
0.10193 0.037681 0.42432
0.11278 0.037683 0.42451
0.098098 0.037684 0.43676
0.098988 0.037687 0.44875
0.11323 0.037691 0.44329
0.11491 0.037695 0.45582
0.098216 0.037687 0.46965
0.10627 0.037685 0.48632
0.11589 0.037698 0.47097
0.12144 0.037703 0.48829
0.10249 0.037679 0.5026
0.097954 0.037675 0.52474
0.11814 0.037686 0.52502
0.10382 0.037678 0.53756
0.099511 0.037678 0.55939
0.12012 0.03769 0.54294
0.097683 0.037677 0.58243
0.099855 0.037677 0.59561
0.11695 0.037688 0.57608
0.11851 0.037681 0.6015
0.10768 0.037671 0.61731
0.10785 0.037669 0.62728
0.12432 0.037669 0.63258
0.10504 0.037667 0.64636
0.10471 0.037668 0.65938
0.11804 0.037668 0.64101
0.11518 0.037665 0.66814
0.10366 0.037671 0.6847
0.12071 0.037668 0.68446
0.10678 0.037676 0.72986
0.12554 0.037669 0.70828
0.12698 0.03767 0.73564
0.10123 0.037673 0.74077
0.10528 0.037671 0.75711
0.1197 0.037669 0.76532
0.10682 0.037671 0.77624
0.12754 0.037664 0.7802
0.11738 0.037668 0.79226
0.10863 0.037675 0.8306
0.11741 0.037672 0.80608
0.12074 0.037673 0.83453
0.10998 0.037675 0.84039
0.12578 0.037671 0.84367
0.12562 0.03767 0.85714
0.10834 0.037674 0.87668
0.11204 0.037674 0.89306
0.12836 0.037671 0.88338
0.12192 0.037674 0.89786
0.10307 0.03768 0.91011
0.12125 0.037676 0.91237
0.1197 0.037653 0.92552
0.10466 0.037636 0.93854
0.12938 0.037581 0.9465
0.12774 0.033334 0.96458
0.14143 0.037659 0.03978
0.15681 0.037655 0.035264
0.15843 0.037654 0.053317
0.13409 0.037661 0.076181
0.13938 0.037656 0.095321
0.15217 0.037655 0.071916
0.15647 0.037652 0.09044
0.13896 0.037654 0.10635
0.14055 0.037653 0.11767
0.15105 0.03765 0.11097
0.15531 0.037649 0.11652
0.13398 0.037657 0.1376
0.13495 0.037656 0.15921
0.15941 0.037651 0.15281
0.13348 0.037654 0.17795
0.15728 0.03765 0.17244
0.15601 0.037649 0.18402
0.13592 0.037652 0.20504
0.14178 0.03765 0.22482
0.15877 0.037646 0.20631
0.13492 0.037651 0.23739
0.14478 0.037647 0.25266
0.15068 0.037648 0.23044
0.15821 0.037644 0.25871
0.13731 0.037647 0.26687
0.13659 0.037646 0.28871
0.15544 0.037644 0.26659
0.15203 0.037645 0.2854
0.14418 0.037645 0.30253
0.13208 0.037648 0.3134
0.15746 0.037647 0.29668
0.14943 0.037649 0.31971
0.1343 0.037655 0.34167
0.1433 0.037655 0.34832
0.15409 0.037654 0.33018
0.13973 0.037663 0.37253
0.134 0.037669 0.38134
0.15701 0.037668 0.37516
0.12979 0.037693 0.41972
0.14355 0.037696 0.42306
0.13663 0.037699 0.43879
0.12992 0.037703 0.45279
0.1483 0.037707 0.44131
0.14641 0.037711 0.45124
0.13055 0.037707 0.46855
0.12874 0.037707 0.48551
0.14786 0.037724 0.47084
0.13713 0.037688 0.50922
0.13641 0.037682 0.52375
0.15324 0.037712 0.50059
0.13043 0.037683 0.54543
0.13693 0.037675 0.5676
0.14398 0.03768 0.54994
0.15312 0.037697 0.55462
0.1378 0.03767 0.58406
0.13306 0.037673 0.59686
0.15241 0.037678 0.5841
0.15143 0.037674 0.59645
0.13258 0.037669 0.61399
0.13541 0.037666 0.63154
0.15362 0.03767 0.61885
0.14915 0.037669 0.62902
0.13885 0.037663 0.66285
0.15774 0.037668 0.64818
0.14831 0.037665 0.66425
0.13639 0.037663 0.67593
0.14229 0.037659 0.69637
0.14656 0.03766 0.67977
0.14902 0.037659 0.70393
0.13105 0.037666 0.70744
0.14228 0.03766 0.73518
0.15342 0.03766 0.71038
0.14907 0.037657 0.73504
0.14231 0.03766 0.75057
0.13611 0.037662 0.76783
0.15464 0.037657 0.74155
0.15826 0.037654 0.75789
0.13906 0.037661 0.79457
0.15242 0.037657 0.77809
0.15389 0.037659 0.80018
0.14449 0.037662 0.80834
0.14191 0.037665 0.82932
0.16274 0.037659 0.81578
0.15512 0.037661 0.82967
0.14004 0.037665 0.84827
0.14657 0.037663 0.86324
0.15959 0.037657 0.84713
0.15968 0.037658 0.86253
0.13662 0.037668 0.87734
0.15643 0.037664 0.8815
0.15484 0.037667 0.89812
0.1347 0.037673 0.90934
0.13967 0.037631 0.92854
0.15689 0.037668 0.9114
0.15449 0.037636 0.9255
0.13588 0.034239 0.95262
0.15821 0.037572 0.94085
0.15785 0.033338 0.96145
0.17046 0.037649 0.044825
0.17735 0.037646 0.061158
0.18662 0.037643 0.04552
0.18564 0.037644 0.055088
0.17021 0.037649 0.076284
0.17397 0.037647 0.091958
0.1892 0.037642 0.077833
0.18891 0.037643 0.093056
0.16934 0.037647 0.10588
0.17352 0.037645 0.1287
0.18363 0.037644 0.10732
0.19055 0.037642 0.11795
0.1721 0.037644 0.1406
0.17884 0.037641 0.15385
0.18693 0.037639 0.14515
0.19128 0.037639 0.15036
0.17853 0.03764 0.19319
0.19011 0.037638 0.17198
0.18558 0.03764 0.18854
0.1747 0.037639 0.22624
0.18696 0.037639 0.20123
0.18618 0.03764 0.21952
0.17248 0.037639 0.23858
0.17471 0.037636 0.2566
0.18664 0.037635 0.24844
0.18796 0.037635 0.2697
0.18355 0.037642 0.28785
0.16607 0.037645 0.29598
0.1724 0.03765 0.31298
0.18591 0.037649 0.30736
0.18837 0.037654 0.32388
0.16483 0.037653 0.34013
0.16749 0.037654 0.34693
0.18203 0.037653 0.33551
0.18501 0.037659 0.34486
0.17325 0.037665 0.36933
0.1833 0.037675 0.37208
0.17968 0.037674 0.38894
0.16732 0.037681 0.42344
0.18732 0.037685 0.4007
0.18695 0.037694 0.41941
0.16669 0.037691 0.43633
0.16712 0.037701 0.45135
0.18227 0.037701 0.43294
0.17513 0.03771 0.45774
0.16285 0.037721 0.48576
0.17601 0.037734 0.47651
0.17862 0.037744 0.48485
0.16157 0.03771 0.50162
0.16128 0.037701 0.52995
0.18003 0.03774 0.5076
0.17758 0.037729 0.52973
0.16156 0.037703 0.54527
0.17358 0.037705 0.56296
0.16921 0.03768 0.58028
0.16033 0.037674 0.59333
0.18128 0.037694 0.5864
0.17612 0.037671 0.59875
0.16949 0.037662 0.61013
0.16384 0.037664 0.63168
0.17706 0.037666 0.60832
0.17743 0.03766 0.62745
0.16445 0.037666 0.65023
0.16653 0.037665 0.66018
0.18908 0.037682 0.65454
0.18974 0.037676 0.66612
0.16687 0.037661 0.67812
0.16602 0.03766 0.69394
0.17941 0.037662 0.67602
0.18263 0.037661 0.69587
0.17246 0.037655 0.72095
0.16932 0.037653 0.73256
0.1825 0.037658 0.70879
0.18344 0.037649 0.73738
0.17597 0.037644 0.75172
0.16918 0.037648 0.75932
0.18474 0.037644 0.75108
0.16872 0.037655 0.79384
0.1891 0.037648 0.77404
0.18865 0.037652 0.80013
0.17404 0.037654 0.80838
0.18721 0.037652 0.81604
0.1889 0.037649 0.83064
0.17863 0.03765 0.84091
0.16964 0.037653 0.85721
0.18766 0.037647 0.84773
0.18578 0.037647 0.85471
0.16782 0.037658 0.8762
0.16774 0.037662 0.89239
0.19359 0.037646 0.87107
0.19281 0.03765 0.89039
0.16973 0.037616 0.9292
0.18483 0.037606 0.9302
0.17937 0.033813 0.95362
0.18647 0.037569 0.93857
0.19159 0.033439 0.95611
0.20117 0.037639 0.044272
0.20943 0.037636 0.058439
0.22287 0.037633 0.03497
0.22096 0.037633 0.056215
0.20813 0.037636 0.068538
0.20487 0.037637 0.088281
0.22545 0.03763 0.070657
0.22204 0.037631 0.093
0.21054 0.037634 0.10033
0.20458 0.037636 0.12628
0.22723 0.037629 0.10086
0.21903 0.037633 0.12082
0.20354 0.037636 0.14143
0.19919 0.037634 0.17282
0.20945 0.037633 0.1889
0.22561 0.037621 0.17172
0.22798 0.03762 0.18266
0.20474 0.037637 0.19955
0.2221 0.037631 0.19934
0.21034 0.037633 0.2372
0.22395 0.037636 0.23195
0.2213 0.03764 0.25546
0.2034 0.037624 0.27199
0.19851 0.037627 0.28015
0.22169 0.037633 0.26608
0.21494 0.037616 0.28418
0.20661 0.037619 0.30472
0.20445 0.037634 0.3244
0.2135 0.037612 0.31307
0.19788 0.037648 0.33016
0.20247 0.037655 0.35265
0.21423 0.037632 0.32955
0.22347 0.037656 0.34632
0.20573 0.037652 0.36233
0.20233 0.03766 0.37984
0.21776 0.037655 0.36077
0.21034 0.037656 0.38638
0.19964 0.03768 0.40422
0.20834 0.037671 0.401
0.19876 0.037707 0.42751
0.18914 0.037735 0.45443
0.21217 0.037729 0.42885
0.2111 0.037768 0.44739
0.19397 0.03776 0.4665
0.19598 0.037778 0.48764
0.20044 0.037782 0.47452
0.20412 0.037809 0.48801
0.19196 0.037767 0.50965
0.19384 0.037759 0.5234
0.19472 0.037744 0.54074
0.19577 0.037734 0.55531
0.20607 0.037753 0.55619
0.19394 0.037706 0.58617
0.19069 0.037699 0.59858
0.20994 0.037735 0.58403
0.20998 0.037732 0.59106
0.19168 0.037692 0.61121
0.19394 0.037688 0.63636
0.21715 0.037713 0.63655
0.19445 0.037684 0.65284
0.20376 0.03768 0.65939
0.21684 0.037705 0.64519
0.20447 0.037664 0.67761
0.199 0.037656 0.69957
0.21543 0.037665 0.67899
0.21418 0.037652 0.70083
0.19814 0.037649 0.71324
0.19806 0.037641 0.73207
0.215 0.037642 0.71501
0.21737 0.037632 0.72603
0.20209 0.037639 0.7635
0.21851 0.037633 0.75195
0.20148 0.037646 0.78474
0.20844 0.037642 0.7963
0.21942 0.037637 0.77583
0.20312 0.037644 0.83428
0.22612 0.037639 0.81863
0.22286 0.037638 0.833
0.20363 0.037642 0.84832
0.2071 0.037639 0.86153
0.22132 0.037638 0.8394
0.22263 0.037634 0.8606
0.2061 0.037641 0.87677
0.20854 0.037643 0.89394
0.21892 0.037635 0.87828
0.2238 0.037637 0.89673
0.21262 0.037607 0.9276
0.22363 0.037645 0.91422
0.20066 0.037526 0.94696
0.21207 0.033335 0.96264
0.22026 0.037541 0.94272
0.22064 0.033389 0.95716
0.23343 0.037629 0.034978
0.23707 0.037627 0.06114
0.25081 0.037623 0.042361
0.259 0.037619 0.055872
0.23879 0.037626 0.067237
0.23508 0.037626 0.083884
0.25488 0.037618 0.0752
0.25821 0.037617 0.084536
0.24477 0.037627 0.11771
0.25462 0.037621 0.1002
0.25016 0.037625 0.12434
0.23437 0.037627 0.14269
0.25359 0.037622 0.13724
0.25947 0.037616 0.15358
0.23467 0.037615 0.17386
0.24477 0.037612 0.18874
0.25211 0.03761 0.17387
0.25801 0.037612 0.18328
0.2381 0.037618 0.20798
0.23167 0.037631 0.22593
0.25473 0.037613 0.20288
0.23121 0.037636 0.24084
0.23813 0.037639 0.24638
0.24016 0.037638 0.26938
0.23914 0.037636 0.28917
0.25894 0.037643 0.27868
0.25751 0.037652 0.30235
0.25393 0.037664 0.31695
0.2314 0.037654 0.34933
0.25016 0.037663 0.33783
0.25578 0.037688 0.35461
0.23462 0.037654 0.36094
0.2468 0.037669 0.36679
0.24216 0.037659 0.38055
0.2254 0.037686 0.3994
0.23467 0.037699 0.41262
0.24493 0.037685 0.39297
0.2284 0.037724 0.42649
0.22433 0.03777 0.44627
0.24496 0.037749 0.42984
0.2384 0.037786 0.44912
0.21707 0.037841 0.47194
0.2318 0.037843 0.4663
0.23656 0.037933 0.48207
0.22664 0.037847 0.50365
0.23099 0.037855 0.53113
0.22221 0.037804 0.54774
0.21846 0.037781 0.56651
0.22803 0.037757 0.59405
0.23711 0.037759 0.60156
0.23279 0.037719 0.61347
0.23083 0.037686 0.63983
0.23916 0.03771 0.61791
0.24472 0.037681 0.63557
0.2278 0.037675 0.65427
0.23623 0.037655 0.6646
0.24582 0.037657 0.6565
0.2474 0.037659 0.67077
0.23675 0.037657 0.68721
0.2554 0.037656 0.69552
0.23756 0.037627 0.72223
0.24921 0.037634 0.71331
0.25103 0.037621 0.73229
0.23734 0.037622 0.74525
0.23471 0.037624 0.76239
0.25227 0.03762 0.75051
0.26118 0.037618 0.76686
0.23199 0.037634 0.78222
0.24047 0.03763 0.79447
0.25666 0.037622 0.77622
0.2409 0.037631 0.80984
0.25882 0.037622 0.81132
0.2522 0.037625 0.83036
0.2419 0.037629 0.84591
0.23731 0.037628 0.86132
0.23573 0.037627 0.87932
0.23461 0.037627 0.88861
0.25762 0.037618 0.8776
0.24494 0.03763 0.9128
0.23555 0.037597 0.92879
0.25094 0.037624 0.9037
0.25961 0.037581 0.93084
0.24254 0.033338 0.96134
0.2548 0.037566 0.93632
0.27533 0.037612 0.05623
0.29577 0.037602 0.060731
0.27715 0.037607 0.079159
0.27037 0.037612 0.093852
0.29432 0.037601 0.073869
0.27145 0.037613 0.10861
0.29101 0.037604 0.10364
0.28623 0.037606 0.12237
0.27217 0.037609 0.13537
0.26958 0.037611 0.15601
0.29372 0.037597 0.1371
0.29525 0.037599 0.15706
0.26593 0.03761 0.16879
0.27121 0.037611 0.18162
0.28691 0.037614 0.1917
0.27466 0.037621 0.21464
0.28934 0.037612 0.19678
0.2872 0.037618 0.22196
0.27089 0.037631 0.25774
0.28781 0.037617 0.23643
0.28971 0.037637 0.25551
0.28433 0.037635 0.26316
0.26547 0.037645 0.30414
0.26794 0.037651 0.31337
0.2916 0.037656 0.31744
0.26394 0.03767 0.33258
0.26824 0.037689 0.35512
0.27789 0.037655 0.33874
0.28042 0.037681 0.35091
0.2664 0.037696 0.36098
0.26625 0.037705 0.38013
0.28225 0.037727 0.3714
0.26173 0.037725 0.39981
0.25746 0.037745 0.41437
0.2777 0.037756 0.4046
0.27115 0.037757 0.41922
0.24781 0.037835 0.45378
0.26815 0.03776 0.42701
0.27396 0.03782 0.44518
0.2439 0.03792 0.46793
0.24594 0.037977 0.48548
0.26004 0.038066 0.48021
0.24321 0.037943 0.50812
0.25433 0.037937 0.53361
0.24784 0.037906 0.5397
0.25188 0.037871 0.57192
0.25696 0.037905 0.55108
0.26732 0.037947 0.56265
0.25667 0.03786 0.57878
0.25344 0.037772 0.60647
0.26451 0.037862 0.58171
0.26695 0.037806 0.59504
0.25972 0.037723 0.61746
0.26128 0.037683 0.63627
0.27652 0.037672 0.63246
0.26477 0.037663 0.65424
0.26328 0.037663 0.67005
0.27769 0.037654 0.65418
0.28088 0.037649 0.67106
0.26315 0.037665 0.6784
0.27181 0.037618 0.69917
0.28773 0.037656 0.68029
0.28413 0.037602 0.70595
0.27006 0.037594 0.71968
0.27394 0.037588 0.72736
0.29231 0.037605 0.73084
0.27718 0.037618 0.75393
0.27324 0.037612 0.77023
0.29194 0.037627 0.74674
0.26733 0.037614 0.77792
0.27559 0.037603 0.79558
0.29339 0.037603 0.78227
0.28939 0.037602 0.79952
0.29106 0.037611 0.81631
0.28372 0.037616 0.83137
0.27624 0.037619 0.84853
0.29481 0.03761 0.8459
0.28682 0.03761 0.86069
0.27035 0.037611 0.88183
0.28014 0.037609 0.89399
0.29167 0.037603 0.88113
0.28469 0.037608 0.89501
0.29618 0.037608 0.9104
0.29371 0.037584 0.92658
0.27637 0.037513 0.94649
0.27909 0.03348 0.95549
0.29658 0.03756 0.93621
0.28455 0.033342 0.96028
0.30193 0.0376 0.045273
0.30543 0.037598 0.058287
0.32865 0.037587 0.044171
0.32981 0.037587 0.058127
0.30391 0.037597 0.079266
0.30796 0.037598 0.086659
0.32456 0.03759 0.069908
0.32054 0.037593 0.093151
0.30603 0.037597 0.10732
0.30385 0.037596 0.12486
0.32887 0.037587 0.10251
0.31921 0.03759 0.12257
0.30239 0.03759 0.14291
0.30552 0.037595 0.15413
0.32231 0.037583 0.14153
0.32313 0.037587 0.15078
0.30352 0.037598 0.17503
0.30641 0.037601 0.18947
0.32347 0.037587 0.16911
0.30745 0.037607 0.2189
0.32786 0.037595 0.20483
0.32645 0.037601 0.21298
0.29886 0.037609 0.23956
0.30561 0.037615 0.25002
0.31554 0.037614 0.25473
0.30464 0.037623 0.2631
0.2991 0.037631 0.286
0.31417 0.037615 0.26276
0.31987 0.037621 0.28014
0.29916 0.03763 0.30506
0.29873 0.037644 0.31386
0.31561 0.037625 0.30576
0.31594 0.037634 0.31306
0.30306 0.037664 0.32985
0.29328 0.037705 0.35283
0.31541 0.037659 0.3367
0.32188 0.037697 0.35139
0.29776 0.037721 0.35764
0.2917 0.037777 0.38529
0.30863 0.037741 0.36639
0.31522 0.037836 0.38019
0.28918 0.037782 0.40333
0.29659 0.037788 0.41227
0.3049 0.037789 0.4
0.30792 0.037819 0.41592
0.28759 0.037804 0.43249
0.27982 0.037866 0.44989
0.30728 0.037937 0.43164
0.30859 0.038083 0.44162
0.27391 0.03814 0.47678
0.28865 0.038056 0.46302
0.27646 0.038167 0.48695
0.27082 0.03817 0.50085
0.2647 0.038122 0.5194
0.28151 0.038318 0.50217
0.27748 0.038075 0.5408
0.28658 0.03799 0.56704
0.27742 0.037881 0.58361
0.30443 0.037804 0.60061
0.28541 0.0377 0.6239
0.29028 0.037678 0.63722
0.31485 0.037764 0.63473
0.31472 0.037739 0.66108
0.31823 0.037748 0.67502
0.32428 0.037678 0.70489
0.32554 0.037647 0.72314
0.31904 0.037642 0.73454
0.30446 0.037632 0.74353
0.31081 0.037606 0.76271
0.32225 0.037615 0.75035
0.32048 0.0376 0.76765
0.31091 0.037602 0.78218
0.30326 0.037598 0.79543
0.31807 0.037599 0.78639
0.31853 0.037599 0.80244
0.30184 0.037604 0.80856
0.32074 0.037586 0.82906
0.3038 0.037601 0.84314
0.31028 0.037592 0.86029
0.30274 0.037595 0.88346
0.31061 0.037592 0.89113
0.32266 0.037587 0.87269
0.32086 0.037589 0.89748
0.30391 0.037604 0.91365
0.31335 0.037584 0.9295
0.33017 0.037587 0.90657
0.32114 0.037585 0.92332
0.30499 0.037551 0.94571
0.32341 0.037556 0.94299
0.34025 0.037581 0.040623
0.33929 0.037583 0.055577
0.36439 0.037572 0.040743
0.35355 0.037577 0.051313
0.33973 0.037583 0.073191
0.33922 0.037585 0.085455
0.35509 0.037578 0.083312
0.34128 0.03758 0.10393
0.33603 0.037582 0.12112
0.35649 0.037571 0.12011
0.33877 0.037578 0.13778
0.34287 0.037581 0.14999
0.35537 0.037571 0.13955
0.36203 0.037573 0.14794
0.34323 0.037581 0.16761
0.34316 0.037581 0.1784
0.35051 0.037581 0.16329
0.35543 0.037582 0.17808
0.33555 0.037593 0.19797
0.33386 0.037607 0.21817
0.35128 0.037594 0.19701
0.34106 0.037606 0.23098
0.33637 0.037615 0.25428
0.35155 0.037608 0.23333
0.35845 0.037629 0.24878
0.34208 0.037594 0.27074
0.33974 0.037599 0.28117
0.35673 0.037621 0.26738
0.34952 0.03759 0.27611
0.33321 0.037625 0.29611
0.33471 0.037667 0.31918
0.34947 0.037615 0.29558
0.34548 0.037652 0.31912
0.33928 0.037686 0.32651
0.33015 0.037688 0.34551
0.34493 0.037726 0.33604
0.35644 0.038152 0.36299
0.3482 0.037977 0.37698
0.32311 0.03784 0.39892
0.31974 0.037847 0.41665
0.3348 0.037844 0.39067
0.31995 0.038091 0.43246
0.33005 0.037979 0.42762
0.29713 0.038194 0.46316
0.29088 0.038334 0.48851
0.30366 0.038402 0.47983
0.29142 0.038391 0.50033
0.29448 0.038411 0.5007
0.30481 0.038463 0.53291
0.29901 0.038028 0.57252
0.30758 0.038338 0.54877
0.31377 0.038038 0.57096
0.31858 0.037829 0.59481
0.31539 0.037793 0.6123
0.31785 0.037784 0.62022
0.32588 0.03778 0.63798
0.3392 0.03784 0.61915
0.34695 0.037812 0.63513
0.33557 0.037746 0.66163
0.32581 0.037751 0.67544
0.34846 0.037761 0.6574
0.34506 0.037722 0.67255
0.3312 0.037672 0.70039
0.34851 0.037689 0.68432
0.35575 0.037631 0.70659
0.33024 0.037657 0.71706
0.33875 0.037616 0.72954
0.35422 0.037626 0.718
0.34872 0.037604 0.73879
0.33819 0.037605 0.74502
0.34006 0.03759 0.77071
0.35205 0.037583 0.74986
0.35534 0.037583 0.76581
0.35381 0.037597 0.78196
0.355 0.037578 0.80302
0.34633 0.037574 0.81582
0.33544 0.037576 0.82338
0.3559 0.037567 0.82668
0.34603 0.037581 0.84454
0.34367 0.037579 0.86109
0.36319 0.03757 0.83836
0.36217 0.037569 0.86177
0.3378 0.037584 0.87941
0.34119 0.03758 0.89308
0.3543 0.037574 0.88779
0.34632 0.037581 0.91012
0.33956 0.037556 0.92728
0.35409 0.037578 0.91305
0.35405 0.037551 0.92428
0.34578 0.037512 0.93847
0.33738 0.033357 0.95846
0.36083 0.037506 0.93822
0.35267 0.033335 0.96261
0.37136 0.03757 0.0351
0.38126 0.037569 0.055844
0.39014 0.037564 0.040871
0.39171 0.037572 0.070097
0.39606 0.037573 0.091358
0.37149 0.037565 0.10289
0.38252 0.037551 0.11521
0.39567 0.037555 0.10667
0.39036 0.037551 0.11465
0.37044 0.037563 0.14206
0.37144 0.037576 0.1552
0.39538 0.037555 0.13524
0.37791 0.037577 0.16497
0.37227 0.037584 0.17701
0.39281 0.037595 0.18722
0.3728 0.037598 0.1954
0.37579 0.0376 0.2118
0.38777 0.037594 0.20029
0.38738 0.037597 0.20994
0.37081 0.037607 0.2365
0.36821 0.037629 0.24825
0.39443 0.037615 0.228
0.39089 0.037644 0.251
0.36696 0.03764 0.26356
0.36617 0.037643 0.28624
0.39058 0.037652 0.26775
0.3789 0.037671 0.28276
0.37223 0.037663 0.30882
0.38541 0.037699 0.29553
0.3841 0.037709 0.30523
0.36114 0.03768 0.32586
0.36655 0.037995 0.34774
0.36008 0.038213 0.36965
0.37734 0.038155 0.35578
0.35901 0.038038 0.38534
0.36608 0.038123 0.382
0.36019 0.037917 0.39787
0.34196 0.038081 0.43166
0.33605 0.038293 0.44254
0.35316 0.037919 0.42053
0.33924 0.038286 0.44596
0.31892 0.038668 0.45877
0.3189 0.038538 0.47489
0.30358 0.038679 0.50904
0.31458 0.038408 0.54124
0.31149 0.038758 0.50478
0.31851 0.038394 0.54277
0.32718 0.038159 0.56383
0.3302 0.038008 0.57692
0.33855 0.037936 0.59625
0.34493 0.037882 0.61382
0.35141 0.03798 0.59103
0.3663 0.038037 0.61596
0.35287 0.037827 0.63235
0.35422 0.037815 0.64058
0.36661 0.037869 0.63218
0.37382 0.037865 0.64247
0.35624 0.037753 0.65885
0.36102 0.037699 0.67835
0.38437 0.037818 0.65684
0.38714 0.037745 0.66721
0.3627 0.037654 0.68945
0.37949 0.037706 0.68152
0.38595 0.03767 0.7023
0.379 0.037604 0.7345
0.3942 0.037643 0.71513
0.38812 0.037598 0.73489
0.37671 0.037569 0.75464
0.36798 0.037574 0.76075
0.3847 0.037575 0.75122
0.38059 0.037569 0.78282
0.37803 0.037561 0.80071
0.38725 0.037574 0.77779
0.37741 0.037562 0.81037
0.37094 0.037562 0.83165
0.37409 0.037565 0.83946
0.37264 0.03756 0.85675
0.38836 0.037556 0.83959
0.38965 0.037555 0.86432
0.3751 0.037568 0.87628
0.37061 0.037568 0.89532
0.39253 0.037557 0.89862
0.37457 0.037568 0.90977
0.38144 0.037533 0.92846
0.38799 0.037561 0.90912
0.39511 0.037523 0.93101
0.37856 0.037501 0.94169
0.37257 0.033639 0.95407
0.39159 0.037499 0.9424
0.39774 0.033519 0.95487
0.41507 0.037562 0.036637
0.42061 0.037561 0.041393
0.42213 0.037568 0.064202
0.4063 0.037575 0.079894
0.42765 0.037566 0.073225
0.43487 0.037631 0.095441
0.41806 0.037549 0.10581
0.40785 0.037539 0.11553
0.42598 0.037601 0.1046
0.42727 0.037617 0.12126
0.41359 0.037556 0.13889
0.40711 0.037576 0.15519
0.42854 0.037575 0.14439
0.41019 0.037573 0.1638
0.40803 0.037585 0.18436
0.42114 0.037564 0.16931
0.42307 0.037563 0.17602
0.41141 0.037615 0.21904
0.42409 0.037572 0.19917
0.4291 0.037569 0.20613
0.39776 0.037617 0.2333
0.40859 0.037669 0.25055
0.42821 0.03762 0.22401
0.40674 0.037668 0.26549
0.40252 0.03767 0.27431
0.42509 0.037719 0.27675
0.40745 0.037709 0.29528
0.39823 0.037744 0.30781
0.42164 0.037726 0.28441
0.4161 0.037726 0.3003
0.39741 0.037789 0.32556
0.39987 0.037861 0.33896
0.41752 0.037819 0.31789
0.40743 0.037905 0.34161
0.38451 0.038228 0.36548
0.4126 0.03797 0.34773
0.37493 0.038204 0.37877
0.37172 0.037931 0.39906
0.39675 0.03808 0.37678
0.3883 0.037928 0.39004
0.37192 0.037822 0.41907
0.36444 0.037921 0.43575
0.3847 0.037882 0.40208
0.34443 0.038232 0.4533
0.32303 0.038395 0.47431
0.36235 0.037654 0.44879
0.32591 0.03806 0.48574
0.32099 0.038407 0.49522
0.32306 0.038498 0.53008
0.3251 0.037794 0.50185
0.33586 0.037996 0.54106
0.35395 0.03792 0.56819
0.37347 0.037932 0.58015
0.37407 0.038233 0.61056
0.40278 0.038122 0.62502
0.38454 0.038016 0.63085
0.39447 0.037882 0.64921
0.40617 0.038032 0.63306
0.39755 0.037788 0.65811
0.40491 0.037703 0.66893
0.4129 0.03776 0.65428
0.42281 0.037655 0.6643
0.3973 0.037689 0.68813
0.40466 0.037648 0.69613
0.42528 0.037675 0.68365
0.42667 0.037608 0.69914
0.41123 0.037608 0.7164
0.40587 0.037586 0.72891
0.42457 0.037559 0.72561
0.40554 0.037558 0.75962
0.42421 0.037544 0.74682
0.4187 0.037557 0.76238
0.41035 0.037552 0.7792
0.40242 0.037545 0.79891
0.42782 0.037532 0.77993
0.43092 0.037527 0.79546
0.41475 0.037529 0.81641
0.43191 0.037528 0.80823
0.41931 0.037528 0.82473
0.40511 0.037547 0.83976
0.42441 0.037536 0.86094
0.41295 0.037546 0.88009
0.40846 0.037548 0.89773
0.42789 0.037538 0.88033
0.4226 0.037537 0.88908
0.41012 0.037551 0.90774
0.40828 0.037522 0.93018
0.42753 0.03752 0.92768
0.40295 0.037492 0.94501
0.41863 0.037503 0.93809
0.42824 0.033338 0.9612
0.43826 0.037561 0.041633
0.44409 0.037559 0.062053
0.45684 0.037558 0.045314
0.43898 0.037557 0.072379
0.44088 0.037642 0.094546
0.46351 0.037545 0.081858
0.45734 0.037718 0.099936
0.4418 0.037886 0.11668
0.45984 0.037781 0.10601
0.44759 0.037821 0.12834
0.43989 0.037565 0.14548
0.4538 0.037824 0.12919
0.46231 0.037552 0.14676
0.44668 0.037512 0.15947
0.443 0.037556 0.18132
0.46037 0.037523 0.16768
0.45806 0.037556 0.18471
0.44568 0.037558 0.19605
0.44005 0.037568 0.20775
0.4531 0.037589 0.21486
0.43649 0.037626 0.22799
0.43258 0.037663 0.2421
0.45052 0.037621 0.22644
0.43486 0.037697 0.2523
0.4345 0.037699 0.26713
0.45615 0.037705 0.26096
0.45949 0.037764 0.27275
0.43199 0.037752 0.28223
0.44698 0.037806 0.29096
0.45388 0.037902 0.30377
0.43089 0.037855 0.31633
0.4273 0.037875 0.33169
0.45022 0.037938 0.311
0.44511 0.03791 0.32371
0.42744 0.037963 0.34297
0.41921 0.038052 0.36309
0.45094 0.038056 0.33895
0.44301 0.038148 0.35215
0.43588 0.038235 0.37003
0.39381 0.037279 0.40319
0.39015 0.037018 0.42417
0.42353 0.036834 0.3842
0.40868 0.035175 0.40768
0.3719 0.036839 0.44289
0.34348 0.036106 0.47101
0.35371 0.034268 0.48407
0.33156 0.036288 0.51254
0.34435 0.037025 0.54246
0.33945 0.035514 0.52028
0.38734 0.035646 0.56433
0.38838 0.036935 0.58708
0.40052 0.037335 0.60216
0.39689 0.036165 0.58996
0.40933 0.036938 0.60234
0.41511 0.038424 0.61387
0.42298 0.038123 0.60948
0.42982 0.038375 0.6217
0.4238 0.037982 0.63882
0.44108 0.038164 0.62801
0.4515 0.03787 0.63973
0.43216 0.037643 0.6573
0.43164 0.037657 0.66747
0.45068 0.037694 0.65728
0.44923 0.037696 0.66572
0.43414 0.037636 0.6862
0.44276 0.03759 0.69986
0.4631 0.037533 0.69735
0.43996 0.037558 0.71504
0.44534 0.03754 0.73104
0.45496 0.037539 0.71271
0.45946 0.037518 0.73267
0.44808 0.037525 0.74177
0.43647 0.037533 0.76263
0.46076 0.037492 0.74606
0.45704 0.037509 0.7625
0.44083 0.037526 0.77703
0.44218 0.037524 0.79824
0.45513 0.037508 0.78018
0.46582 0.037516 0.79856
0.44384 0.037511 0.82123
0.45506 0.037504 0.81495
0.45483 0.03751 0.82427
0.44525 0.037529 0.83748
0.43801 0.037532 0.86071
0.46385 0.03752 0.83763
0.44019 0.037536 0.87073
0.44065 0.037532 0.89069
0.45321 0.037527 0.881
0.4607 0.037527 0.8944
0.44709 0.037539 0.91388
0.44702 0.037518 0.92591
0.46027 0.037534 0.91446
0.45586 0.037505 0.93024
0.44412 0.037478 0.9471
0.46406 0.037472 0.94342
0.4599 0.033335 0.96321
0.4067 0.037942 0.44319
0.37686 0.03826 0.46633
0.37359 0.038134 0.52527
0.37569 0.036216 0.49516
0.48087 0.03755 0.046091
0.47727 0.037551 0.064719
0.49543 0.037545 0.038982
0.48729 0.037549 0.062489
0.46937 0.037547 0.081828
0.47167 0.037597 0.09418
0.49112 0.037546 0.07331
0.48948 0.037547 0.093455
0.47705 0.037599 0.10976
0.47093 0.037704 0.11511
0.48268 0.037543 0.10441
0.49265 0.03754 0.12252
0.47047 0.037669 0.12988
0.491 0.037568 0.14614
0.46919 0.03754 0.16393
0.47691 0.03756 0.17806
0.48635 0.037573 0.16156
0.4783 0.037573 0.19403
0.47517 0.03759 0.21057
0.49013 0.037574 0.19186
0.49045 0.037582 0.20848
0.47206 0.037636 0.23158
0.4785 0.037649 0.23715
0.48768 0.037628 0.22403
0.49371 0.037639 0.23604
0.46698 0.037711 0.26115
0.47985 0.037726 0.26484
0.49364 0.037705 0.25999
0.49853 0.037772 0.27324
0.47112 0.03785 0.28857
0.47428 0.03793 0.29664
0.48634 0.037939 0.29709
0.46683 0.03804 0.31307
0.47064 0.038275 0.32525
0.48669 0.038094 0.31375
0.48992 0.038313 0.32442
0.46791 0.038372 0.3342
0.47089 0.038573 0.34086
0.49027 0.038765 0.34136
0.45611 0.038187 0.36246
0.47839 0.038528 0.34832
0.47966 0.0378 0.35248
0.43846 0.036136 0.38219
0.43398 0.034595 0.39449
0.46556 0.035602 0.36549
0.46551 0.034323 0.37231
0.42153 0.03358 0.42614
0.43996 0.033361 0.49105
0.39795 0.033433 0.51333
0.40363 0.034376 0.57736
0.44791 0.033744 0.59938
0.43903 0.035442 0.60666
0.48294 0.034044 0.59588
0.49573 0.035413 0.60737
0.43997 0.037582 0.61339
0.45671 0.038017 0.62042
0.49169 0.036971 0.61581
0.5034 0.037814 0.62315
0.46142 0.03807 0.62777
0.46585 0.037791 0.64566
0.48376 0.037955 0.63067
0.49888 0.037809 0.64173
0.46363 0.037737 0.65043
0.46659 0.037641 0.66549
0.50021 0.037606 0.65092
0.47499 0.037601 0.67554
0.47313 0.037522 0.70143
0.4859 0.03753 0.67932
0.49313 0.03749 0.69297
0.47842 0.037497 0.72053
0.49326 0.037497 0.70406
0.49462 0.037481 0.72418
0.47865 0.037478 0.74195
0.48005 0.037484 0.75556
0.49577 0.037456 0.74352
0.49726 0.037475 0.7556
0.48173 0.03751 0.76897
0.47253 0.037508 0.79173
0.49333 0.037507 0.79758
0.48042 0.0375 0.8271
0.49539 0.037499 0.80851
0.49317 0.037498 0.82971
0.4784 0.037511 0.84169
0.48046 0.03751 0.85831
0.48731 0.037505 0.85549
0.47721 0.037523 0.87424
0.47445 0.037519 0.88535
0.49514 0.037518 0.87954
0.47015 0.037503 0.92708
0.49189 0.037527 0.90831
0.48699 0.037487 0.92939
0.47672 0.03746 0.94419
0.47666 0.034044 0.95238
0.48801 0.037464 0.93787
0.46573 0.033966 0.42656
0.41189 0.034188 0.48733
0.43724 0.033882 0.50375
0.45816 0.033978 0.55794
0.46068 0.036251 0.39037
0.46983 0.037077 0.38196
0.41377 0.036186 0.44368
0.39883 0.035299 0.4643
0.41465 0.037108 0.43039
0.40384 0.036694 0.45094
0.46904 0.034908 0.41084
0.42419 0.034085 0.45449
0.46811 0.036089 0.38995
0.43312 0.033785 0.48605
0.41121 0.034418 0.52373
0.36772 0.038199 0.52026
0.42361 0.037416 0.57744
0.48088 0.033965 0.54541
0.44992 0.035833 0.58241
0.44127 0.033904 0.52868
0.438 0.036292 0.58694
0.42755 0.037004 0.58271
0.47162 0.036925 0.38329
0.42975 0.036506 0.42442
0.41441 0.034952 0.4698
0.4457 0.035823 0.41728
0.40601 0.035287 0.47304
0.45154 0.037628 0.3947
0.42688 0.034354 0.47385
0.45847 0.035114 0.41933
0.45539 0.034748 0.45814
0.39024 0.036715 0.53485
0.40715 0.037094 0.55182
0.38222 0.036009 0.48855
0.42571 0.034999 0.54226
0.42409 0.034288 0.49829
0.47031 0.034286 0.556
0.45123 0.034108 0.49821
0.43839 0.034625 0.55708
0.42876 0.036973 0.58236
0.47795 0.037275 0.58432
0.44574 0.034479 0.44295
0.45964 0.034584 0.52016
0.50721 0.03754 0.045481
0.52553 0.037534 0.047467
0.52451 0.037536 0.057217
0.50612 0.037541 0.0717
0.506 0.037545 0.088428
0.52982 0.037534 0.067685
0.52361 0.037538 0.088445
0.50082 0.037535 0.10603
0.51116 0.037536 0.11573
0.52752 0.037528 0.10801
0.52258 0.037528 0.11443
0.51493 0.037549 0.1359
0.51305 0.037555 0.14626
0.51929 0.037544 0.13466
0.52164 0.03756 0.15674
0.5112 0.037563 0.16201
0.51651 0.03755 0.17643
0.53085 0.037538 0.17339
0.52067 0.037548 0.17735
0.51672 0.037562 0.20044
0.5038 0.037568 0.20666
0.53061 0.037547 0.19692
0.53374 0.037537 0.20898
0.51464 0.037623 0.22903
0.51309 0.037655 0.24205
0.52735 0.037606 0.23137
0.52385 0.037652 0.2449
0.50685 0.03774 0.27094
0.52901 0.037659 0.25968
0.52527 0.037669 0.26623
0.50745 0.037787 0.28263
0.51722 0.03783 0.29765
0.53539 0.037726 0.28349
0.53813 0.0378 0.29979
0.50568 0.037983 0.31091
0.53888 0.037912 0.31405
0.54168 0.037941 0.32103
0.4991 0.038657 0.33937
0.52752 0.038257 0.32982
0.54075 0.038213 0.34998
0.50533 0.038217 0.34513
0.50727 0.037827 0.34748
0.54263 0.037707 0.37647
0.52454 0.035679 0.3642
0.51489 0.034498 0.36998
0.53564 0.035812 0.38623
0.5132 0.034426 0.42675
0.49162 0.033417 0.43922
0.50329 0.033798 0.45002
0.5116 0.033437 0.47691
0.47169 0.03338 0.51906
0.53393 0.033614 0.58764
0.56749 0.033418 0.56056
0.57966 0.03418 0.58734
0.50829 0.035943 0.61229
0.55591 0.035661 0.59847
0.55055 0.036846 0.60686
0.53536 0.037402 0.61755
0.51012 0.037984 0.63561
0.52904 0.037896 0.62433
0.53726 0.037792 0.63559
0.51074 0.03765 0.6478
0.51706 0.037509 0.65927
0.53296 0.037559 0.65285
0.53668 0.037557 0.66161
0.51139 0.037528 0.67672
0.50504 0.037492 0.69033
0.52488 0.037563 0.67326
0.53557 0.037525 0.68883
0.50411 0.037474 0.71444
0.51028 0.037474 0.72812
0.52123 0.037476 0.72904
0.50889 0.037451 0.74187
0.50997 0.03746 0.75324
0.52817 0.037472 0.7347
0.52127 0.037462 0.75465
0.51609 0.037491 0.76863
0.50647 0.037497 0.79132
0.52809 0.037485 0.77921
0.53244 0.037495 0.79197
0.50779 0.037492 0.8091
0.51307 0.037481 0.81868
0.52468 0.037484 0.81325
0.52507 0.037488 0.82304
0.5117 0.037502 0.85257
0.53242 0.037507 0.85955
0.50999 0.03752 0.87668
0.51545 0.037517 0.89117
0.53112 0.037519 0.87577
0.53181 0.037518 0.89372
0.50236 0.037524 0.91413
0.52097 0.037527 0.91075
0.50474 0.034258 0.95186
0.52815 0.037405 0.94442
0.52605 0.033361 0.95795
0.4707 0.034053 0.50113
0.50734 0.033811 0.54384
0.48704 0.034539 0.40325
0.48667 0.033987 0.47841
0.52194 0.037264 0.40716
0.46796 0.033905 0.44286
0.52505 0.035226 0.51743
0.49314 0.037069 0.45059
0.54423 0.03653 0.51936
0.50776 0.033811 0.52622
0.50684 0.034924 0.57463
0.551 0.034198 0.55967
0.54285 0.036753 0.57956
0.56986 0.034472 0.55874
0.56581 0.036065 0.58255
0.59196 0.038098 0.55635
0.58719 0.038318 0.57374
0.52439 0.03645 0.58733
0.51616 0.03688 0.39432
0.51716 0.035992 0.40142
0.462 0.033937 0.47933
0.48977 0.034897 0.42526
0.48495 0.034763 0.46052
0.49238 0.037323 0.4504
0.52021 0.035508 0.49634
0.49865 0.034913 0.48337
0.52529 0.034276 0.53483
0.52473 0.036127 0.56073
0.49032 0.034556 0.51073
0.51527 0.034888 0.5519
0.58759 0.037646 0.56497
0.57846 0.037046 0.57736
0.55387 0.035633 0.53825
0.47023 0.03442 0.45153
0.48036 0.034489 0.4647
0.50155 0.034583 0.5184
0.54131 0.037532 0.054421
0.56386 0.037525 0.036692
0.55954 0.037527 0.063455
0.54342 0.037531 0.092983
0.55546 0.037528 0.071695
0.55619 0.037529 0.089035
0.54372 0.037521 0.1089
0.54842 0.037528 0.12465
0.55356 0.037517 0.10833
0.55379 0.037525 0.12497
0.54457 0.037527 0.13482
0.56466 0.037519 0.13682
0.55758 0.037522 0.14794
0.54849 0.037523 0.17133
0.56733 0.037514 0.17
0.55094 0.037514 0.20101
0.54351 0.037539 0.21604
0.56889 0.037511 0.19956
0.56423 0.037534 0.22192
0.5487 0.037553 0.22777
0.55966 0.037544 0.22746
0.57303 0.037594 0.25505
0.55065 0.037605 0.26346
0.57274 0.037588 0.27008
0.57161 0.037598 0.27644
0.54963 0.037751 0.29812
0.57643 0.037619 0.29221
0.57089 0.037655 0.30105
0.55774 0.037844 0.31519
0.55563 0.037913 0.33166
0.56985 0.037702 0.3251
0.57172 0.037683 0.34259
0.54729 0.038052 0.33499
0.55222 0.037999 0.36575
0.56458 0.037789 0.35341
0.54095 0.037876 0.38857
0.54204 0.037565 0.40558
0.53852 0.037379 0.41112
0.51994 0.035161 0.43375
0.54035 0.036811 0.43446
0.52679 0.034085 0.46211
0.54625 0.033962 0.49411
0.58555 0.033895 0.53306
0.60724 0.036225 0.53848
0.60608 0.036823 0.56649
0.59434 0.035907 0.5855
0.57221 0.037311 0.5999
0.60092 0.036939 0.58173
0.60491 0.037498 0.59069
0.57649 0.037726 0.60346
0.60231 0.037767 0.60855
0.58324 0.037911 0.61555
0.56408 0.03772 0.62304
0.54582 0.037747 0.63575
0.58128 0.037717 0.6405
0.55179 0.037692 0.64875
0.55086 0.037617 0.66695
0.57467 0.037693 0.64521
0.54311 0.037587 0.67372
0.55049 0.037549 0.69633
0.56663 0.037599 0.67745
0.55731 0.037556 0.69699
0.53832 0.037505 0.71191
0.54039 0.037497 0.72744
0.56084 0.037552 0.70538
0.54099 0.037474 0.73909
0.55407 0.037464 0.74793
0.56421 0.037479 0.76234
0.53953 0.037484 0.76958
0.54325 0.037498 0.79353
0.56462 0.037476 0.78076
0.56425 0.037506 0.79774
0.54832 0.037509 0.80489
0.54305 0.037497 0.82954
0.55493 0.037507 0.80736
0.5558 0.037498 0.82598
0.54009 0.0375 0.84806
0.55358 0.037502 0.8467
0.56047 0.03751 0.86211
0.54177 0.037514 0.88645
0.55666 0.037515 0.88086
0.56447 0.037517 0.88843
0.5469 0.037525 0.90823
0.53732 0.037472 0.92876
0.55919 0.037528 0.91152
0.55533 0.03748 0.92837
0.54395 0.037422 0.94362
0.54798 0.033343 0.95982
0.56339 0.03744 0.94079
0.55434 0.033867 0.95286
0.55047 0.036307 0.52437
0.56899 0.036468 0.53696
0.57666 0.037523 0.045126
0.58716 0.037522 0.04069
0.59536 0.037521 0.063101
0.57275 0.037519 0.095594
0.58956 0.03752 0.073516
0.59618 0.037517 0.094815
0.57209 0.037511 0.11122
0.57707 0.037518 0.12606
0.59491 0.037512 0.10568
0.5876 0.037511 0.11734
0.58328 0.037512 0.14418
0.60011 0.037509 0.1373
0.59479 0.037513 0.15499
0.58141 0.037502 0.17414
0.57455 0.037508 0.18385
0.59022 0.037495 0.17696
0.6005 0.037491 0.18413
0.57624 0.037522 0.21814
0.59593 0.037502 0.21033
0.58183 0.037549 0.23798
0.58196 0.037585 0.25556
0.60583 0.037517 0.23612
0.59883 0.037561 0.2573
0.58995 0.037601 0.26329
0.60139 0.037696 0.27267
0.60519 0.037876 0.28536
0.58287 0.037589 0.2923
0.58714 0.037595 0.30668
0.60319 0.03771 0.29987
0.59816 0.037584 0.31076
0.58142 0.0376 0.32958
0.59746 0.037478 0.34303
0.59567 0.037455 0.35787
0.57362 0.037597 0.36338
0.56244 0.037381 0.39632
0.58041 0.037422 0.38311
0.55483 0.037074 0.41671
0.55319 0.037084 0.43133
0.57706 0.037394 0.41596
0.54678 0.037281 0.44307
0.54352 0.037352 0.46245
0.54932 0.037426 0.4514
0.54917 0.037233 0.46062
0.55439 0.036651 0.48823
0.57918 0.037332 0.50565
0.55637 0.036965 0.47856
0.58201 0.037499 0.50306
0.61034 0.037564 0.53126
0.618 0.038156 0.54936
0.60781 0.037594 0.52152
0.62245 0.038245 0.55232
0.61374 0.037856 0.56522
0.60688 0.037725 0.59641
0.62324 0.038134 0.56275
0.61879 0.037971 0.5826
0.61347 0.038033 0.61076
0.62001 0.038083 0.60666
0.62251 0.038104 0.62715
0.6039 0.037925 0.63469
0.59654 0.037784 0.64123
0.62223 0.03818 0.64747
0.58738 0.037662 0.65189
0.5804 0.037588 0.66956
0.62046 0.037974 0.65909
0.60258 0.037638 0.66952
0.58419 0.037589 0.67923
0.59489 0.037606 0.67724
0.59228 0.037592 0.69251
0.57249 0.037521 0.72411
0.59209 0.037534 0.72284
0.57328 0.037499 0.73632
0.59746 0.037478 0.74829
0.59261 0.037486 0.76412
0.57129 0.037484 0.78813
0.59189 0.037505 0.79795
0.57876 0.037512 0.80143
0.57711 0.037496 0.81881
0.59043 0.037502 0.81479
0.57804 0.037507 0.84365
0.59693 0.037514 0.84494
0.57349 0.037517 0.87147
0.59656 0.037526 0.89475
0.5737 0.037529 0.91012
0.59279 0.037531 0.90849
0.5739 0.037424 0.94681
0.57706 0.034212 0.95204
0.59129 0.037455 0.94226
0.58596 0.033335 0.96321
0.61092 0.037521 0.045373
0.61332 0.03752 0.062286
0.63128 0.037522 0.042667
0.63323 0.037522 0.053872
0.61679 0.037518 0.075778
0.60505 0.03752 0.087901
0.63361 0.037517 0.080264
0.62863 0.037519 0.086539
0.6126 0.03751 0.11209
0.61133 0.037511 0.12806
0.62418 0.037512 0.10553
0.63065 0.037508 0.12526
0.60556 0.037509 0.13268
0.61735 0.0375 0.16127
0.63065 0.037502 0.13563
0.63156 0.037497 0.15058
0.61046 0.03749 0.17313
0.61776 0.037484 0.18635
0.63057 0.037491 0.16867
0.61728 0.037482 0.20855
0.61196 0.037507 0.22708
0.62656 0.037475 0.2129
0.62725 0.037487 0.22612
0.6108 0.037484 0.25339
0.62613 0.037471 0.24613
0.62772 0.037495 0.25802
0.62444 0.03773 0.28151
0.61146 0.037464 0.31614
0.62093 0.037674 0.29911
0.62504 0.037406 0.33791
0.61837 0.037406 0.3451
0.615 0.037317 0.37619
0.59176 0.037375 0.38315
0.58643 0.037472 0.40862
0.60401 0.037298 0.38366
0.59817 0.037533 0.40772
0.56946 0.037158 0.43875
0.58414 0.037114 0.43607
0.56892 0.036942 0.45092
0.56651 0.036803 0.47404
0.57838 0.036864 0.45723
0.58315 0.036896 0.46099
0.59083 0.037222 0.49594
0.59423 0.037064 0.48116
0.60998 0.037247 0.49888
0.61709 0.037589 0.51389
0.62908 0.038249 0.54413
0.62671 0.037532 0.51019
0.63501 0.037919 0.5347
0.63599 0.038183 0.55713
0.6359 0.037988 0.57967
0.64532 0.038056 0.55588
0.64276 0.038024 0.57482
0.6354 0.037985 0.59603
0.64568 0.03797 0.60527
0.63405 0.038192 0.64101
0.6489 0.037943 0.64119
0.62833 0.038199 0.6589
0.61728 0.037793 0.6709
0.63662 0.03782 0.6783
0.63746 0.03769 0.68651
0.60888 0.037595 0.70521
0.60672 0.037536 0.7228
0.62844 0.037527 0.7262
0.61105 0.037504 0.74181
0.60574 0.037479 0.75466
0.6255 0.037495 0.74521
0.62533 0.037483 0.75315
0.60969 0.037485 0.78035
0.61102 0.037488 0.78663
0.62643 0.037488 0.78033
0.62881 0.037491 0.78744
0.60362 0.037514 0.80301
0.60665 0.037516 0.83175
0.62903 0.037517 0.80611
0.63295 0.037523 0.82898
0.60732 0.03752 0.83894
0.60283 0.037513 0.85354
0.62546 0.037527 0.8432
0.6232 0.037522 0.85708
0.61013 0.037524 0.87045
0.60506 0.037527 0.89087
0.61933 0.037529 0.879
0.62929 0.037533 0.88877
0.60781 0.037535 0.90945
0.60861 0.037514 0.92671
0.62026 0.037518 0.92816
0.6104 0.037484 0.94524
0.62235 0.0375 0.93793
0.62847 0.033334 0.96439
0.64046 0.037522 0.047013
0.65536 0.037523 0.038386
0.6574 0.03752 0.064126
0.6479 0.037517 0.079676
0.64184 0.037514 0.096349
0.66513 0.037518 0.074127
0.66802 0.037518 0.085883
0.65753 0.037508 0.11064
0.65022 0.037494 0.16146
0.66016 0.037497 0.14296
0.66159 0.037494 0.1611
0.64584 0.037486 0.17069
0.6475 0.037479 0.19497
0.66056 0.037477 0.17815
0.65715 0.037471 0.18541
0.64719 0.037474 0.20217
0.64455 0.037466 0.21971
0.66622 0.037466 0.20525
0.66508 0.037463 0.22197
0.63978 0.037472 0.24367
0.64335 0.037467 0.2647
0.6555 0.037414 0.26875
0.63361 0.03755 0.28204
0.6326 0.037524 0.29554
0.66147 0.037356 0.28187
0.64979 0.037341 0.2919
0.63821 0.037391 0.31698
0.6499 0.037376 0.33916
0.63083 0.037395 0.34634
0.62438 0.037256 0.37938
0.64937 0.037342 0.34999
0.64527 0.037241 0.37513
0.6118 0.037376 0.41013
0.62275 0.037246 0.40547
0.61018 0.037158 0.43589
0.62442 0.037148 0.42487
0.62368 0.037147 0.43525
0.60076 0.037042 0.45416
0.61219 0.037032 0.46681
0.62681 0.037118 0.45228
0.61966 0.037128 0.48536
0.62315 0.037166 0.49196
0.63199 0.037155 0.48374
0.64381 0.037275 0.49756
0.6347 0.037412 0.50661
0.64545 0.037697 0.52663
0.65306 0.037444 0.51144
0.66751 0.03759 0.52822
0.66747 0.037788 0.5536
0.67078 0.037783 0.57128
0.66265 0.037875 0.58352
0.66856 0.037795 0.60427
0.68303 0.037772 0.60503
0.66304 0.037764 0.63553
0.67929 0.037751 0.61846
0.66965 0.03775 0.63992
0.65532 0.037915 0.65344
0.67601 0.037697 0.65281
0.65202 0.037552 0.6926
0.6578 0.037709 0.67541
0.65875 0.037571 0.68756
0.6446 0.037463 0.70826
0.64164 0.037499 0.72518
0.65831 0.037456 0.71328
0.66782 0.037483 0.72574
0.64731 0.037497 0.73599
0.64168 0.037487 0.75484
0.66094 0.037495 0.74308
0.65758 0.037484 0.75334
0.63721 0.037491 0.77845
0.64669 0.037495 0.7907
0.65545 0.037492 0.77358
0.65555 0.037502 0.79473
0.64648 0.037514 0.80807
0.64315 0.037524 0.82903
0.66312 0.037521 0.81149
0.66491 0.037531 0.83053
0.64475 0.03753 0.83654
0.64432 0.037531 0.85326
0.65474 0.037537 0.84142
0.66026 0.03754 0.86286
0.64836 0.037539 0.88045
0.64827 0.037539 0.88835
0.6551 0.037541 0.8816
0.66353 0.037547 0.89376
0.64443 0.037546 0.90782
0.63691 0.037513 0.92726
0.66321 0.03755 0.90286
0.65949 0.037542 0.91864
0.63576 0.037475 0.94178
0.64144 0.03371 0.95359
0.65676 0.037462 0.93972
0.66478 0.033532 0.95472
0.68259 0.037523 0.045124
0.68473 0.037523 0.051934
0.7012 0.037525 0.040669
0.69247 0.037523 0.059467
0.70009 0.037523 0.072378
0.6986 0.03752 0.092781
0.67254 0.037513 0.10286
0.67303 0.037508 0.12471
0.6766 0.0375 0.14254
0.67877 0.037497 0.15961
0.68203 0.037483 0.17214
0.69457 0.037477 0.17672
0.68146 0.037455 0.21073
0.67229 0.037459 0.22242
0.69605 0.037444 0.2176
0.68784 0.037438 0.2312
0.67552 0.037422 0.24612
0.68633 0.037397 0.2524
0.69199 0.037392 0.25749
0.67286 0.037341 0.29617
0.69069 0.037341 0.28597
0.68244 0.037333 0.29474
0.66382 0.037349 0.33386
0.68314 0.037327 0.32269
0.68191 0.037324 0.32962
0.66908 0.037277 0.3492
0.66037 0.037239 0.36384
0.67519 0.037246 0.35827
0.66909 0.037206 0.37279
0.65055 0.037158 0.38791
0.64443 0.037111 0.4002
0.67053 0.037175 0.39064
0.66958 0.03717 0.40018
0.65093 0.03711 0.4169
0.64468 0.037134 0.43739
0.66486 0.037162 0.41662
0.67288 0.037175 0.43169
0.6483 0.037132 0.46735
0.6707 0.037163 0.45162
0.65493 0.037194 0.48182
0.66763 0.037262 0.49295
0.68194 0.037245 0.4785
0.68832 0.03734 0.497
0.66752 0.037469 0.51272
0.67374 0.037576 0.52948
0.69223 0.037478 0.52065
0.6776 0.037617 0.53904
0.68766 0.037652 0.56647
0.6942 0.037532 0.5372
0.7048 0.037591 0.56688
0.69228 0.037735 0.6072
0.70384 0.037616 0.57863
0.71681 0.037646 0.60271
0.70041 0.037676 0.61291
0.71034 0.037642 0.62056
0.71076 0.037617 0.63621
0.68814 0.03764 0.65322
0.68569 0.037614 0.66102
0.7032 0.03762 0.64547
0.70186 0.037577 0.66024
0.67747 0.037506 0.69445
0.69487 0.037502 0.6885
0.68299 0.037503 0.71248
0.67368 0.037489 0.72408
0.68953 0.037506 0.70394
0.67907 0.037499 0.74852
0.67225 0.037498 0.76405
0.69518 0.037507 0.74046
0.69889 0.037514 0.76222
0.67545 0.037505 0.77264
0.67756 0.037511 0.79163
0.69341 0.037517 0.77154
0.68747 0.037522 0.79926
0.67323 0.037523 0.80669
0.68672 0.037527 0.80485
0.68873 0.037537 0.82779
0.68074 0.037542 0.84874
0.69455 0.037545 0.83849
0.6876 0.037549 0.86523
0.68062 0.037549 0.87133
0.69108 0.037552 0.87032
0.69156 0.037557 0.89442
0.67915 0.037557 0.90837
0.66987 0.037496 0.93054
0.68979 0.037501 0.92978
0.68076 0.037446 0.94239
0.68211 0.033335 0.96342
0.69592 0.03337 0.95761
0.71096 0.037527 0.037465
0.70995 0.037526 0.05507
0.72655 0.03753 0.042663
0.72913 0.037529 0.061229
0.71262 0.037524 0.076923
0.73003 0.037526 0.076334
0.71287 0.037517 0.10235
0.70937 0.037507 0.12809
0.72787 0.037511 0.1138
0.73162 0.037507 0.12928
0.70705 0.037491 0.1602
0.73358 0.0375 0.14899
0.73121 0.037495 0.16165
0.7075 0.037475 0.17906
0.70515 0.037463 0.19678
0.72324 0.037486 0.17096
0.73196 0.037476 0.18985
0.70692 0.037456 0.20447
0.70586 0.037439 0.22416
0.7215 0.037449 0.21288
0.71133 0.037408 0.25173
0.72949 0.037397 0.25854
0.71233 0.03737 0.27576
0.70982 0.037347 0.29727
0.69594 0.03734 0.31459
0.70095 0.037309 0.33742
0.72305 0.037333 0.31485
0.70884 0.037303 0.33842
0.70138 0.037291 0.34417
0.69758 0.037238 0.36768
0.71388 0.037297 0.34433
0.71694 0.037274 0.36625
0.69686 0.0372 0.38643
0.68366 0.037192 0.3982
0.70772 0.037236 0.3783
0.70126 0.037203 0.40129
0.68803 0.037192 0.41981
0.71272 0.037257 0.40903
0.70195 0.037224 0.42661
0.6926 0.037187 0.44043
0.68667 0.037209 0.46417
0.71072 0.037275 0.44541
0.70758 0.037272 0.46058
0.69565 0.037237 0.47192
0.69932 0.037292 0.48986
0.70324 0.037259 0.46963
0.71383 0.03734 0.49112
0.71446 0.037383 0.50699
0.72307 0.037418 0.5204
0.71201 0.037516 0.54629
0.72895 0.037459 0.54464
0.73717 0.037477 0.5664
0.73216 0.037736 0.60491
0.73939 0.037486 0.58086
0.73721 0.037616 0.59338
0.72618 0.037666 0.63056
0.73841 0.0379 0.61188
0.74157 0.0378 0.62885
0.72127 0.03758 0.64916
0.72446 0.037557 0.65581
0.7343 0.037595 0.64295
0.73426 0.037555 0.66308
0.71804 0.037515 0.6837
0.71295 0.037513 0.69252
0.72978 0.037544 0.67513
0.73212 0.037527 0.68964
0.71863 0.037515 0.71201
0.70619 0.03751 0.72495
0.72303 0.037513 0.72132
0.70945 0.037516 0.74162
0.70867 0.037516 0.75605
0.73048 0.037523 0.73964
0.72626 0.037522 0.75858
0.71287 0.037534 0.7758
0.70365 0.037528 0.79196
0.72468 0.037536 0.77498
0.71298 0.037542 0.8151
0.70365 0.037543 0.8268
0.72564 0.037544 0.80388
0.71584 0.037554 0.83656
0.70357 0.037554 0.8592
0.72223 0.037556 0.8369
0.71054 0.037562 0.88128
0.70452 0.037559 0.88593
0.72068 0.037565 0.87271
0.73277 0.037574 0.89613
0.70346 0.037566 0.90901
0.71472 0.037563 0.91837
0.73102 0.037576 0.90572
0.71025 0.033344 0.95974
0.7323 0.037469 0.94041
0.74046 0.037533 0.043678
0.7431 0.037532 0.057722
0.76268 0.037535 0.059053
0.75752 0.037529 0.07788
0.75523 0.037526 0.092062
0.76566 0.037523 0.10586
0.75561 0.037517 0.11954
0.74375 0.037503 0.14833
0.73988 0.037501 0.15424
0.75694 0.03751 0.1362
0.76455 0.037498 0.16005
0.74083 0.037487 0.17385
0.74583 0.03747 0.19758
0.75637 0.037481 0.18081
0.75448 0.03747 0.19586
0.74893 0.037456 0.20954
0.7422 0.037429 0.23497
0.75965 0.037441 0.22862
0.74087 0.037409 0.24878
0.76335 0.037429 0.23933
0.74365 0.037376 0.27413
0.73106 0.037351 0.29122
0.75775 0.03738 0.27736
0.73168 0.037326 0.33337
0.74684 0.037344 0.30794
0.74767 0.037335 0.32951
0.72784 0.037313 0.34568
0.72491 0.037284 0.37088
0.74677 0.037312 0.35068
0.75012 0.037307 0.3619
0.73398 0.037263 0.38439
0.72888 0.03726 0.39268
0.75218 0.037297 0.37989
0.74127 0.037266 0.39426
0.72581 0.037268 0.40725
0.72417 0.037278 0.43272
0.74714 0.037283 0.415
0.72129 0.037287 0.44455
0.7232 0.037304 0.46251
0.74479 0.037285 0.44461
0.74897 0.037298 0.45484
0.73473 0.037295 0.469
0.72783 0.037334 0.48737
0.75327 0.037328 0.4743
0.75273 0.037336 0.48438
0.75399 0.037366 0.50616
0.75089 0.037389 0.52869
0.74004 0.037434 0.54329
0.74355 0.037451 0.56294
0.75577 0.037413 0.53959
0.76532 0.037442 0.55558
0.75296 0.037455 0.58652
0.75718 0.037721 0.60485
0.76043 0.03774 0.60867
0.74685 0.037613 0.64209
0.7467 0.037562 0.66067
0.7636 0.03759 0.64308
0.74957 0.037576 0.67519
0.74618 0.037549 0.69515
0.76624 0.037557 0.6832
0.74917 0.037544 0.7145
0.74563 0.037535 0.73358
0.74499 0.037526 0.75095
0.74188 0.037527 0.7553
0.76015 0.037536 0.75808
0.7467 0.037545 0.77637
0.74554 0.037551 0.7951
0.75538 0.037542 0.77172
0.74979 0.037558 0.81515
0.7492 0.037564 0.83278
0.75741 0.037558 0.80634
0.76319 0.037564 0.82449
0.73982 0.03757 0.85987
0.75756 0.037573 0.84794
0.74473 0.037573 0.8693
0.74074 0.037578 0.89802
0.75736 0.037579 0.87848
0.75674 0.037582 0.89326
0.74756 0.037582 0.90238
0.76298 0.037589 0.90941
0.75563 0.03754 0.92898
0.73802 0.03748 0.93933
0.7398 0.03337 0.95769
0.76455 0.03334 0.96072
0.7741 0.037539 0.044097
0.78243 0.037539 0.052744
0.7968 0.037543 0.047658
0.79968 0.037541 0.063756
0.77776 0.037535 0.069222
0.79182 0.037534 0.091248
0.78239 0.037524 0.11493
0.78135 0.037516 0.13071
0.79303 0.037527 0.11147
0.79659 0.037523 0.12591
0.78223 0.037508 0.14573
0.77937 0.0375 0.15926
0.78909 0.037513 0.13854
0.79003 0.037499 0.16387
0.77906 0.037484 0.17971
0.79818 0.037499 0.17025
0.78646 0.037474 0.19838
0.77748 0.037464 0.20982
0.77943 0.037446 0.23147
0.79308 0.037466 0.21443
0.78847 0.037451 0.23023
0.77033 0.03743 0.24166
0.76834 0.037401 0.26776
0.78774 0.037441 0.24003
0.78724 0.037425 0.25818
0.78859 0.03741 0.28001
0.7618 0.037354 0.31837
0.76709 0.037352 0.33339
0.79287 0.037386 0.30543
0.7796 0.037352 0.3272
0.76672 0.037338 0.34974
0.76459 0.037327 0.36553
0.77774 0.037341 0.3421
0.77613 0.037329 0.36125
0.76665 0.037317 0.38033
0.77009 0.037309 0.39592
0.78511 0.037334 0.37822
0.78527 0.037331 0.39612
0.76809 0.037306 0.41019
0.76423 0.037305 0.42471
0.77657 0.037317 0.40733
0.78162 0.037326 0.42962
0.76374 0.037312 0.44477
0.77987 0.037327 0.44701
0.77746 0.037321 0.45136
0.76086 0.03733 0.4709
0.76819 0.03734 0.48619
0.78124 0.037339 0.4691
0.79096 0.037373 0.49073
0.77565 0.037363 0.51062
0.78502 0.037371 0.50705
0.79412 0.037409 0.52824
0.77083 0.037444 0.55933
0.78935 0.037407 0.53381
0.79376 0.037437 0.56153
0.77838 0.037449 0.57973
0.77569 0.03748 0.59132
0.79225 0.037444 0.57757
0.78138 0.037466 0.60468
0.78992 0.037464 0.60598
0.77373 0.037592 0.63789
0.77496 0.037565 0.65874
0.79719 0.037551 0.64459
0.7925 0.037551 0.66548
0.77597 0.037554 0.68352
0.77774 0.037549 0.6918
0.79828 0.037546 0.68179
0.79777 0.037544 0.68702
0.78173 0.03754 0.71131
0.77155 0.037544 0.7326
0.78808 0.037545 0.73381
0.77809 0.03755 0.74234
0.78141 0.03755 0.76478
0.79838 0.037553 0.74239
0.79638 0.037569 0.79507
0.77179 0.037565 0.81621
0.77809 0.037572 0.83102
0.78833 0.03757 0.80672
0.79849 0.03758 0.83104
0.77709 0.03758 0.85342
0.78854 0.03758 0.84243
0.77888 0.037587 0.87741
0.77267 0.037588 0.89547
0.79622 0.037596 0.89231
0.77796 0.037549 0.9311
0.79245 0.037599 0.91316
0.78234 0.037503 0.94783
0.77346 0.033335 0.96305
0.79177 0.037516 0.94135
0.79694 0.033433 0.9561
0.8042 0.037545 0.046937
0.80481 0.037544 0.054382
0.82994 0.03755 0.047104
0.83235 0.03755 0.052407
0.80409 0.03754 0.077636
0.80556 0.037536 0.093183
0.829 0.037546 0.073441
0.82189 0.037541 0.090329
0.81064 0.037534 0.10563
0.80924 0.037528 0.12375
0.8208 0.037535 0.10859
0.82766 0.037531 0.12601
0.82754 0.037525 0.14131
0.81954 0.037505 0.17582
0.81924 0.037498 0.18779
0.80942 0.037478 0.209
0.80213 0.037464 0.22489
0.83021 0.037483 0.21465
0.82636 0.037475 0.22481
0.80259 0.037452 0.24065
0.80504 0.037441 0.26117
0.82686 0.03745 0.26053
0.81192 0.037428 0.28414
0.80646 0.03742 0.29321
0.8279 0.037436 0.28053
0.82009 0.037418 0.29644
0.80967 0.037402 0.30599
0.80289 0.037377 0.32237
0.82136 0.037408 0.30702
0.81298 0.037377 0.33114
0.79884 0.037359 0.34683
0.80333 0.037358 0.35619
0.81329 0.037367 0.34872
0.79699 0.037346 0.38044
0.79541 0.037344 0.39853
0.82166 0.037359 0.37978
0.79566 0.037347 0.41049
0.79636 0.037353 0.42838
0.81506 0.037349 0.42314
0.7972 0.037356 0.442
0.80731 0.037349 0.4534
0.82233 0.037359 0.43861
0.79997 0.03737 0.47081
0.79659 0.037383 0.49079
0.79829 0.037397 0.50974
0.80907 0.037393 0.51875
0.821 0.037392 0.51877
0.8085 0.037433 0.55398
0.81828 0.03742 0.54982
0.81088 0.037466 0.59694
0.83068 0.037457 0.5765
0.82618 0.037464 0.59386
0.81377 0.03747 0.61254
0.81555 0.037492 0.62764
0.82854 0.03747 0.60703
0.8228 0.037482 0.62432
0.8092 0.037546 0.64642
0.80988 0.037546 0.65339
0.82351 0.037499 0.63556
0.81531 0.03754 0.66937
0.80825 0.037549 0.69937
0.82634 0.037541 0.68752
0.8106 0.03755 0.71099
0.82496 0.037548 0.70972
0.80707 0.037555 0.73757
0.80782 0.037562 0.7631
0.83317 0.037561 0.74151
0.83362 0.037567 0.75655
0.80474 0.037565 0.77615
0.80828 0.037574 0.79736
0.8322 0.037574 0.77962
0.8259 0.037576 0.79411
0.81093 0.037579 0.80674
0.82528 0.037589 0.82734
0.80502 0.037588 0.84725
0.81145 0.037593 0.85995
0.83022 0.037595 0.84321
0.82976 0.037599 0.86225
0.81532 0.037598 0.87225
0.80485 0.037598 0.89099
0.82687 0.037604 0.88099
0.80654 0.037603 0.90607
0.80558 0.037586 0.92121
0.81933 0.037607 0.90727
0.80559 0.037517 0.93777
0.81329 0.033338 0.96111
0.82791 0.037479 0.94789
0.82159 0.033335 0.96337
0.84304 0.037552 0.044802
0.83995 0.037551 0.055014
0.862 0.037555 0.044956
0.84583 0.037548 0.079369
0.84927 0.037546 0.091583
0.85273 0.03755 0.074511
0.85447 0.037547 0.089834
0.85599 0.037542 0.10848
0.85521 0.037534 0.13217
0.83994 0.037525 0.14715
0.84653 0.03752 0.15953
0.85919 0.03753 0.1425
0.85303 0.037524 0.15273
0.83712 0.037507 0.1819
0.83939 0.037502 0.19279
0.85659 0.037511 0.18175
0.86427 0.037505 0.19677
0.848 0.037494 0.20951
0.83551 0.037475 0.23049
0.85938 0.037495 0.21138
0.85098 0.03748 0.23164
0.84542 0.037469 0.24586
0.85513 0.037473 0.24622
0.85693 0.037467 0.25681
0.85292 0.03745 0.27532
0.85433 0.037436 0.29562
0.83784 0.037414 0.31538
0.8307 0.037401 0.32482
0.85644 0.037431 0.30754
0.85074 0.037419 0.32007
0.83402 0.037391 0.35416
0.85164 0.037409 0.34179
0.85953 0.037406 0.35994
0.837 0.037383 0.37928
0.8466 0.037389 0.37747
0.85573 0.037393 0.38959
0.84075 0.037379 0.40859
0.84207 0.037376 0.42125
0.8468 0.037384 0.40341
0.85646 0.037389 0.42816
0.8342 0.037374 0.43969
0.8287 0.037368 0.45456
0.8491 0.03738 0.4436
0.85479 0.037387 0.4578
0.83287 0.037379 0.47457
0.83845 0.037386 0.4885
0.83853 0.037401 0.50961
0.84608 0.037413 0.52778
0.86233 0.037423 0.51879
0.8427 0.037424 0.53823
0.84451 0.037438 0.55369
0.86108 0.037434 0.5387
0.85886 0.03744 0.55159
0.84718 0.037452 0.57344
0.84023 0.037476 0.59332
0.86134 0.037455 0.5721
0.85406 0.037463 0.58905
0.84906 0.037488 0.61947
0.85894 0.037475 0.60058
0.85389 0.037493 0.63013
0.84899 0.037512 0.65942
0.86397 0.037502 0.63841
0.85824 0.037515 0.66301
0.84806 0.037528 0.6798
0.83944 0.037537 0.68938
0.86035 0.037521 0.67191
0.86301 0.037538 0.69736
0.8407 0.037545 0.70786
0.84712 0.037554 0.72607
0.85499 0.037538 0.70422
0.85568 0.037554 0.72887
0.84452 0.037561 0.739
0.84169 0.037572 0.76539
0.85716 0.037571 0.76106
0.83806 0.037581 0.79601
0.86078 0.037577 0.77189
0.86485 0.037585 0.79107
0.84129 0.03759 0.81579
0.86343 0.037591 0.8055
0.86028 0.037595 0.82296
0.84318 0.037598 0.84341
0.85993 0.0376 0.83919
0.86093 0.037606 0.85673
0.84559 0.037609 0.8755
0.84113 0.037611 0.89636
0.85956 0.037611 0.86972
0.84453 0.037609 0.91832
0.8633 0.037618 0.905
0.85482 0.037602 0.92137
0.84899 0.037556 0.93535
0.84212 0.033341 0.96036
0.8622 0.037568 0.93491
0.86048 0.033335 0.96351
0.86962 0.037556 0.039152
0.87133 0.037555 0.061223
0.88606 0.037559 0.039964
0.88752 0.037559 0.052036
0.88084 0.037555 0.076709
0.88133 0.037551 0.09243
0.8959 0.037557 0.078794
0.89007 0.037555 0.086255
0.88058 0.037547 0.10922
0.88126 0.037541 0.12808
0.88971 0.037545 0.11908
0.87433 0.037536 0.13849
0.88146 0.03753 0.15873
0.89305 0.037536 0.14814
0.8881 0.037529 0.16245
0.87531 0.03751 0.19162
0.89213 0.037526 0.17005
0.89608 0.037517 0.19002
0.87039 0.037502 0.20471
0.87564 0.037497 0.22046
0.88932 0.037505 0.21157
0.88502 0.037498 0.22288
0.86765 0.037483 0.23836
0.86976 0.03746 0.27577
0.87147 0.037451 0.29081
0.89553 0.037472 0.26978
0.88754 0.037457 0.29269
0.86669 0.037436 0.31556
0.87666 0.037443 0.32334
0.88421 0.037452 0.30376
0.88281 0.037446 0.32016
0.87317 0.037426 0.34527
0.88992 0.037435 0.33967
0.89498 0.037428 0.35298
0.87285 0.037409 0.37968
0.86493 0.037401 0.38742
0.88825 0.037417 0.37177
0.8912 0.037413 0.39209
0.8674 0.037401 0.407
0.86981 0.037403 0.41931
0.89228 0.037412 0.41245
0.88754 0.037409 0.41815
0.8771 0.037406 0.44035
0.88167 0.037407 0.4501
0.87732 0.037416 0.47852
0.87577 0.037424 0.49321
0.88277 0.037423 0.49141
0.86659 0.03742 0.50301
0.8751 0.037442 0.52755
0.88639 0.037433 0.51088
0.88843 0.037439 0.52364
0.8716 0.037444 0.53756
0.88822 0.037445 0.5357
0.89285 0.037453 0.54992
0.8776 0.037463 0.57206
0.87583 0.037478 0.59495
0.8901 0.037462 0.57247
0.88736 0.037476 0.59577
0.87505 0.037484 0.60334
0.88083 0.037501 0.62916
0.88715 0.037484 0.60693
0.88686 0.037495 0.6243
0.8793 0.037514 0.64717
0.8885 0.037509 0.64487
0.89178 0.037518 0.6572
0.87217 0.037527 0.67363
0.89841 0.037544 0.69636
0.87185 0.037551 0.71217
0.88061 0.037562 0.72947
0.89511 0.037548 0.70283
0.89051 0.037558 0.72203
0.87349 0.037567 0.74478
0.87207 0.037575 0.76449
0.88734 0.037567 0.74262
0.89781 0.037576 0.7635
0.87446 0.037583 0.7799
0.87853 0.03759 0.79673
0.8902 0.037587 0.78747
0.87147 0.037596 0.8151
0.87755 0.0376 0.82421
0.8892 0.037594 0.80423
0.87678 0.037604 0.83992
0.88141 0.037613 0.86312
0.8945 0.037606 0.83896
0.88631 0.037611 0.85821
0.87455 0.037619 0.89061
0.89197 0.037616 0.86927
0.89494 0.037622 0.88925
0.87986 0.037622 0.90296
0.88108 0.037598 0.92852
0.89299 0.037624 0.90945
0.89652 0.037587 0.93012
0.87217 0.037563 0.9405
0.89794 0.033339 0.96103
0.90503 0.037562 0.037552
0.91192 0.037563 0.054346
0.92216 0.037544 0.038874
0.91493 0.037561 0.07575
0.90366 0.037556 0.090886
0.92842 0.037516 0.095109
0.91121 0.037552 0.10949
0.90931 0.037545 0.13009
0.92082 0.037541 0.10428
0.92329 0.03753 0.11888
0.90531 0.037543 0.13551
0.90762 0.037535 0.15959
0.92175 0.037526 0.13994
0.91298 0.037524 0.18907
0.92727 0.037503 0.17241
0.92992 0.03748 0.19724
0.9138 0.037515 0.20639
0.91123 0.037505 0.22354
0.92622 0.037476 0.21034
0.91793 0.037497 0.22747
0.90704 0.037488 0.24775
0.9267 0.037463 0.24407
0.92046 0.037472 0.25731
0.90664 0.037475 0.27137
0.92995 0.037434 0.28077
0.92883 0.037429 0.29497
0.90895 0.037448 0.32639
0.92139 0.037443 0.30338
0.91993 0.037438 0.32309
0.90087 0.03744 0.3372
0.9036 0.03743 0.36197
0.92695 0.03742 0.33773
0.91661 0.03743 0.35617
0.90229 0.037426 0.37225
0.90711 0.037424 0.39095
0.92191 0.037396 0.39529
0.92179 0.037393 0.40297
0.92785 0.037372 0.42947
0.90136 0.037416 0.4537
0.92408 0.037384 0.43428
0.90418 0.037429 0.47877
0.90158 0.037435 0.49444
0.92451 0.037388 0.47075
0.92183 0.037403 0.4846
0.90853 0.037442 0.50207
0.90976 0.037449 0.52175
0.92607 0.037401 0.51109
0.92349 0.037412 0.51813
0.92205 0.037424 0.53659
0.92419 0.037428 0.55323
0.91324 0.037487 0.59448
0.92386 0.037458 0.57399
0.9278 0.03747 0.5939
0.90899 0.037492 0.60373
0.90407 0.037501 0.62103
0.92106 0.037485 0.6048
0.92279 0.037488 0.61729
0.90273 0.037512 0.64243
0.93136 0.03746 0.64617
0.92218 0.037503 0.66206
0.91268 0.037536 0.68696
0.92411 0.037503 0.68009
0.92741 0.037494 0.695
0.91195 0.037548 0.70401
0.92199 0.037524 0.7081
0.90907 0.037567 0.74037
0.91251 0.037575 0.75974
0.91925 0.037552 0.73642
0.91871 0.037569 0.7649
0.91377 0.037581 0.77202
0.91282 0.037587 0.78856
0.92535 0.037555 0.77619
0.9261 0.037559 0.79582
0.90439 0.037599 0.8159
0.91172 0.037601 0.82234
0.92051 0.037579 0.80331
0.91822 0.037595 0.82621
0.90562 0.037609 0.84548
0.90602 0.037615 0.86214
0.92305 0.037576 0.83616
0.91875 0.037607 0.86167
0.91148 0.037619 0.87304
0.91879 0.037611 0.8717
0.93027 0.037578 0.88932
0.90717 0.037624 0.90957
0.90836 0.037584 0.92861
0.92027 0.03761 0.90859
0.92829 0.037546 0.92468
0.90687 0.037546 0.94071
0.91295 0.03335 0.95911
0.91874 0.037531 0.93921
0.92397 0.033341 0.96037
0.93751 0.037487 0.042244
0.93777 0.037485 0.05489
0.95391 0.033713 0.037301
0.95737 0.033381 0.061544
0.93471 0.037494 0.075025
0.95986 0.033344 0.087994
0.94658 0.037457 0.10659
0.95902 0.033351 0.12826
0.94635 0.037442 0.14601
0.9428 0.037454 0.15646
0.95826 0.03336 0.14152
0.95154 0.034804 0.15875
0.9357 0.037482 0.17242
0.94554 0.037438 0.19603
0.95468 0.03355 0.19746
0.93914 0.037437 0.20602
0.93911 0.037424 0.22883
0.96309 0.033335 0.21463
0.96079 0.033339 0.22166
0.93981 0.037431 0.24758
0.94603 0.037416 0.25299
0.96068 0.033339 0.2373
0.95188 0.034356 0.26409
0.94248 0.037409 0.27148
0.93871 0.037407 0.28841
0.95923 0.033347 0.27573
0.94013 0.037397 0.3023
0.93941 0.037396 0.33002
0.95406 0.033592 0.30189
0.96422 0.033334 0.32432
0.94413 0.037391 0.34181
0.94147 0.037387 0.35634
0.95796 0.033359 0.35904
0.93819 0.037374 0.36748
0.94569 0.03732 0.39626
0.96398 0.033334 0.37847
0.95075 0.034782 0.39502
0.94388 0.037322 0.40568
0.96318 0.033335 0.40851
0.95542 0.033436 0.42698
0.93933 0.037347 0.44308
0.94373 0.037337 0.44985
0.95228 0.033947 0.43383
0.95909 0.033346 0.45083
0.93706 0.037344 0.47058
0.96326 0.033335 0.47733
0.9541 0.03355 0.49298
0.94454 0.037332 0.5067
0.94047 0.037351 0.5201
0.9518 0.034173 0.50975
0.95916 0.033346 0.52476
0.93511 0.037386 0.55251
0.96414 0.033334 0.53714
0.95783 0.033362 0.55526
0.94228 0.037452 0.59184
0.93923 0.037456 0.61096
0.9395 0.037451 0.61995
0.95929 0.033347 0.62521
0.94319 0.037424 0.63709
0.96102 0.033338 0.63489
0.96343 0.033335 0.65742
0.94783 0.037411 0.67527
0.95969 0.033344 0.67344
0.95889 0.033351 0.69463
0.93994 0.03744 0.71297
0.93897 0.037448 0.72409
0.95375 0.033712 0.71479
0.95446 0.033584 0.72001
0.9429 0.03745 0.7554
0.95518 0.033499 0.74669
0.95942 0.033347 0.75566
0.94061 0.037514 0.77923
0.94066 0.037509 0.79907
0.95738 0.03338 0.78735
0.9391 0.03751 0.80416
0.9538 0.033727 0.81239
0.95882 0.033353 0.83081
0.93757 0.037506 0.84624
0.96487 0.033334 0.85733
0.9423 0.03754 0.88613
0.95928 0.033348 0.8705
0.93737 0.037519 0.92191
0.95611 0.033435 0.90775
0.96453 0.033334 0.92046
0.93828 0.037466 0.93643
0.94192 0.03336 0.9583
0.95911 0.03335 0.94246
0.95405 0.033334 0.96274
