2635
1 1 1
0.034959 0.037722 0.044766
0.040921 0.037723 0.054026
0.062014 0.037725 0.035649
0.058097 0.037724 0.051277
0.045958 0.037725 0.068603
0.043446 0.037729 0.092713
0.05943 0.037727 0.080252
0.055918 0.037729 0.096358
0.038486 0.03773 0.1098
0.041133 0.037733 0.11967
0.062881 0.037728 0.10654
0.062279 0.037741 0.14191
0.040268 0.037736 0.1874
0.05786 0.037736 0.17739
0.060567 0.037737 0.19291
0.036103 0.037737 0.1977
0.040227 0.037741 0.22339
0.052882 0.037738 0.20271
0.055895 0.03774 0.21598
0.047478 0.037742 0.23235
0.042103 0.037745 0.25342
0.052478 0.037742 0.23867
0.061021 0.037744 0.25321
0.046932 0.037747 0.26521
0.046093 0.037751 0.28221
0.055158 0.03775 0.27417
0.062447 0.037752 0.28286
0.061163 0.037759 0.30382
0.056817 0.037762 0.31895
0.044777 0.037765 0.34027
0.061299 0.037762 0.34888
0.04579 0.037763 0.37039
0.044853 0.037763 0.38381
0.059916 0.037762 0.36822
0.055423 0.037767 0.39009
0.044223 0.037771 0.40077
0.03744 0.037777 0.42031
0.059651 0.037772 0.40356
0.053476 0.037778 0.4151
0.042061 0.037781 0.44362
0.058254 0.037782 0.44136
0.05742 0.037785 0.45772
0.041468 0.037785 0.4714
0.043258 0.037785 0.48643
0.051431 0.037787 0.47112
0.056888 0.037785 0.4901
0.038206 0.037775 0.50664
0.037912 0.03777 0.52815
0.053791 0.037777 0.50865
0.057939 0.037774 0.52718
0.044863 0.03777 0.53986
0.042628 0.037774 0.56603
0.059819 0.037774 0.53835
0.058509 0.037775 0.55947
0.036923 0.037777 0.57741
0.035824 0.037781 0.60018
0.050804 0.037778 0.57598
0.052661 0.037782 0.59643
0.0432 0.037781 0.60506
0.036136 0.037779 0.6326
0.05069 0.037783 0.6112
0.056472 0.037784 0.62414
0.050741 0.037777 0.65222
0.052649 0.037779 0.66429
0.046927 0.037778 0.67619
0.051777 0.03778 0.67438
0.05717 0.037781 0.69212
0.035919 0.037768 0.7333
0.058981 0.037772 0.71661
0.051076 0.03777 0.72603
0.043171 0.037766 0.74949
0.036948 0.037763 0.76492
0.058204 0.037766 0.74629
0.051461 0.037763 0.76305
0.040601 0.037761 0.77535
0.037129 0.037756 0.80137
0.057479 0.037761 0.78374
0.055626 0.037758 0.79338
0.039602 0.037751 0.82765
0.052348 0.037754 0.81589
0.057831 0.03775 0.83302
0.037947 0.037749 0.84439
0.03499 0.037745 0.86291
0.053255 0.03775 0.83885
0.055581 0.037745 0.86091
0.035536 0.037742 0.8725
0.044901 0.037742 0.89348
0.057534 0.03774 0.87977
0.056059 0.03774 0.88977
0.041769 0.037749 0.91266
0.037026 0.033696 0.95632
0.05818 0.037637 0.945
0.060627 0.034149 0.95433
0.078595 0.037729 0.045165
0.074534 0.037728 0.059427
0.077481 0.037727 0.087772
0.093433 0.037729 0.07353
0.090796 0.037728 0.08772
0.070658 0.037727 0.10566
0.071637 0.037732 0.12831
0.084366 0.037726 0.10809
0.088456 0.037727 0.12143
0.069149 0.037737 0.1391
0.088501 0.03773 0.13546
0.091717 0.037732 0.15669
0.071163 0.037735 0.17455
0.067255 0.037736 0.18936
0.0931 0.037731 0.17429
0.093539 0.037733 0.18942
0.076265 0.037739 0.20418
0.07491 0.037741 0.221
0.087509 0.037739 0.20922
0.095551 0.037739 0.22476
0.068774 0.037741 0.24203
0.071271 0.037742 0.2484
0.08424 0.037741 0.24256
0.088489 0.037742 0.2507
0.074826 0.037749 0.27116
0.073814 0.037753 0.28849
0.093783 0.037746 0.27114
0.067037 0.037758 0.30511
0.06733 0.037759 0.3242
0.090906 0.037749 0.30354
0.088801 0.037752 0.32471
0.070048 0.037759 0.34332
0.087877 0.037754 0.33911
0.086632 0.037756 0.35407
0.074491 0.03776 0.37719
0.089608 0.037759 0.37045
0.093176 0.03776 0.38224
0.068139 0.037773 0.40883
0.071993 0.037776 0.42218
0.091226 0.037773 0.41098
0.084545 0.037779 0.41764
0.067817 0.037782 0.44443
0.081937 0.037783 0.43626
0.083095 0.037788 0.45544
0.072427 0.037785 0.47354
0.076379 0.037785 0.48418
0.087847 0.037789 0.47941
0.087048 0.037788 0.4904
0.067718 0.03778 0.5022
0.083201 0.037784 0.51948
0.075377 0.037775 0.53648
0.070503 0.037775 0.56504
0.080517 0.037777 0.5627
0.072276 0.037776 0.57125
0.068027 0.037782 0.60014
0.083443 0.037782 0.57157
0.086038 0.037785 0.59555
0.072625 0.037788 0.63016
0.08753 0.037788 0.61336
0.092344 0.037785 0.62288
0.07141 0.037787 0.6433
0.090296 0.037785 0.66668
0.066915 0.037786 0.68317
0.08396 0.037791 0.67566
0.087097 0.037784 0.6953
0.074863 0.037774 0.71309
0.066606 0.037768 0.73395
0.089184 0.037772 0.72566
0.069991 0.037765 0.74652
0.074857 0.037764 0.75877
0.086478 0.037767 0.74269
0.083655 0.037765 0.76354
0.070378 0.037763 0.77457
0.072032 0.037757 0.8002
0.092595 0.03776 0.7861
0.071454 0.037752 0.81695
0.079143 0.03775 0.82436
0.091538 0.037754 0.80798
0.088842 0.03775 0.83325
0.073781 0.03775 0.84309
0.073711 0.037745 0.86231
0.088754 0.037743 0.86614
0.075848 0.037736 0.88318
0.087384 0.03774 0.87434
0.084245 0.037737 0.89081
0.070671 0.037745 0.91011
0.07617 0.037721 0.93111
0.087936 0.037741 0.90316
0.070703 0.037693 0.93883
0.085086 0.037708 0.94746
0.10954 0.037725 0.039
0.10501 0.037727 0.057263
0.12537 0.037726 0.037856
0.12088 0.037726 0.052121
0.10184 0.037729 0.068196
0.10618 0.03773 0.094012
0.12303 0.037729 0.096192
0.10459 0.037727 0.10989
0.11258 0.037728 0.12813
0.12393 0.037726 0.11779
0.10644 0.037729 0.1405
0.10151 0.037731 0.15507
0.12523 0.03773 0.15505
0.10644 0.037729 0.17189
0.10513 0.03773 0.18656
0.12605 0.037729 0.166
0.11733 0.03773 0.19264
0.11134 0.037734 0.21566
0.11621 0.037731 0.19986
0.11526 0.037735 0.22601
0.10424 0.037738 0.23718
0.099204 0.037741 0.25491
0.11892 0.037736 0.23636
0.10475 0.037741 0.27243
0.10432 0.03774 0.28513
0.11825 0.037736 0.27603
0.1261 0.037729 0.28255
0.10467 0.037738 0.30268
0.10521 0.037739 0.32512
0.12549 0.037728 0.30803
0.11421 0.037732 0.31681
0.10206 0.037743 0.33293
0.10308 0.037749 0.35758
0.11341 0.037743 0.35248
0.097475 0.037754 0.36463
0.1139 0.037751 0.36896
0.11962 0.037763 0.39281
0.10063 0.037764 0.39761
0.10021 0.037773 0.4247
0.11082 0.03777 0.42489
0.096449 0.037779 0.43717
0.097298 0.037782 0.44918
0.11125 0.037778 0.44372
0.11291 0.037782 0.45627
0.096596 0.037784 0.4701
0.10452 0.037779 0.48676
0.11392 0.037785 0.47143
0.11941 0.037787 0.48874
0.10085 0.037776 0.50303
0.096429 0.037777 0.52516
0.11618 0.037777 0.52547
0.10216 0.037778 0.53798
0.097945 0.037782 0.5598
0.11811 0.037782 0.54339
0.096163 0.037783 0.58282
0.098241 0.037783 0.59601
0.11498 0.037788 0.57653
0.11644 0.03778 0.602
0.10581 0.037773 0.61775
0.10596 0.037771 0.62772
0.12206 0.037763 0.6331
0.10319 0.037771 0.64678
0.10288 0.037771 0.65982
0.1159 0.037765 0.6415
0.11313 0.037764 0.66863
0.10193 0.037774 0.68517
0.11857 0.037764 0.68502
0.10518 0.037774 0.73038
0.12339 0.037765 0.7089
0.12495 0.037763 0.73631
0.099808 0.037769 0.74124
0.10383 0.037763 0.75762
0.118 0.037759 0.76595
0.10542 0.037758 0.77675
0.12581 0.037749 0.78086
0.11589 0.037751 0.79281
0.10747 0.037751 0.83105
0.11599 0.037753 0.80661
0.1194 0.037749 0.83506
0.10883 0.037749 0.84083
0.12441 0.037745 0.8442
0.12433 0.037742 0.85763
0.1074 0.03774 0.87703
0.1111 0.037739 0.89338
0.1272 0.037741 0.8838
0.12088 0.03774 0.8982
0.10226 0.037741 0.91034
0.12026 0.03774 0.91265
0.11876 0.037718 0.92574
0.1039 0.037698 0.93867
0.12838 0.037652 0.94662
0.12679 0.033346 0.96459
0.14041 0.037729 0.039742
0.15563 0.03773 0.035251
0.15723 0.037729 0.053182
0.13309 0.03773 0.075951
0.13826 0.037727 0.094983
0.15098 0.037728 0.071672
0.15519 0.037726 0.090072
0.13782 0.037725 0.10596
0.13936 0.037723 0.11722
0.14977 0.037722 0.11051
0.15396 0.037723 0.11601
0.13272 0.037728 0.1371
0.13353 0.03773 0.15863
0.15768 0.037729 0.1521
0.13196 0.037729 0.17734
0.15542 0.037728 0.17168
0.15408 0.037729 0.18324
0.13416 0.03773 0.20437
0.13974 0.037728 0.22412
0.1566 0.037723 0.20547
0.13288 0.03773 0.23673
0.14241 0.037724 0.25198
0.14842 0.037726 0.22969
0.15553 0.037717 0.25792
0.13494 0.037725 0.26628
0.13405 0.037723 0.28818
0.15274 0.037717 0.26585
0.14922 0.037717 0.28474
0.14139 0.03772 0.30198
0.12945 0.037726 0.31301
0.15445 0.037716 0.29599
0.14641 0.037722 0.3192
0.13157 0.037732 0.34141
0.14034 0.037728 0.34803
0.15094 0.037723 0.32968
0.13691 0.037737 0.37247
0.13134 0.037746 0.38139
0.15377 0.03773 0.37501
0.12743 0.037769 0.42005
0.14091 0.037763 0.42339
0.13415 0.037769 0.43921
0.1276 0.037779 0.45324
0.14563 0.037769 0.44173
0.14381 0.037774 0.45169
0.12828 0.037783 0.46901
0.12656 0.037785 0.48598
0.14532 0.037786 0.47133
0.1348 0.037761 0.50974
0.13408 0.037756 0.52426
0.15067 0.037768 0.50115
0.12821 0.037765 0.54593
0.13452 0.037754 0.56812
0.14154 0.037749 0.55049
0.15052 0.037758 0.5552
0.13532 0.037751 0.58461
0.13067 0.037759 0.59742
0.14969 0.037745 0.58471
0.1487 0.037744 0.59707
0.13018 0.037756 0.61455
0.13291 0.037752 0.63213
0.15082 0.037742 0.61953
0.14639 0.037746 0.6297
0.13626 0.037749 0.66351
0.15477 0.037743 0.64896
0.14553 0.037747 0.66498
0.13387 0.037751 0.67659
0.13972 0.037746 0.69711
0.14384 0.037744 0.68052
0.14635 0.037743 0.70473
0.12877 0.037759 0.7081
0.13993 0.037746 0.73597
0.15069 0.037742 0.71122
0.14658 0.037741 0.73588
0.14005 0.037746 0.75135
0.13412 0.037747 0.76857
0.15209 0.037739 0.74243
0.15578 0.037735 0.7588
0.13721 0.037743 0.79529
0.15022 0.037739 0.77893
0.15182 0.03774 0.80102
0.14262 0.037743 0.80908
0.14022 0.037743 0.82999
0.16062 0.03774 0.81667
0.15323 0.03774 0.83045
0.13851 0.037739 0.84888
0.14505 0.037737 0.86383
0.15778 0.037735 0.84788
0.15798 0.037735 0.86322
0.13532 0.03774 0.87782
0.15491 0.03774 0.88208
0.15342 0.037742 0.8986
0.13355 0.037741 0.90969
0.13852 0.037702 0.92879
0.15551 0.037743 0.91182
0.15319 0.037711 0.92582
0.13484 0.03493 0.95271
0.15691 0.037649 0.94106
0.15662 0.033379 0.9615
0.16914 0.037728 0.044741
0.17593 0.037727 0.060945
0.18512 0.037727 0.04542
0.18414 0.037727 0.054911
0.16881 0.037727 0.075971
0.17249 0.037726 0.091518
0.1876 0.037727 0.077454
0.18726 0.037727 0.092545
0.16787 0.037725 0.10537
0.17184 0.037723 0.12802
0.18197 0.037727 0.10673
0.18877 0.037727 0.11725
0.17032 0.037722 0.13986
0.17686 0.037719 0.15299
0.18494 0.03772 0.14429
0.18919 0.037721 0.14941
0.17617 0.037715 0.19218
0.18781 0.037716 0.17091
0.18317 0.037716 0.18747
0.17207 0.037711 0.22522
0.1844 0.037713 0.2001
0.18345 0.03771 0.21837
0.16975 0.03771 0.23759
0.17175 0.037706 0.25562
0.18356 0.037703 0.2473
0.18466 0.037696 0.26858
0.18015 0.0377 0.28686
0.1629 0.03771 0.2952
0.16895 0.037709 0.31223
0.18226 0.037702 0.30643
0.18455 0.037701 0.32307
0.1614 0.037713 0.33963
0.16399 0.03771 0.34647
0.17828 0.037701 0.33483
0.18117 0.037701 0.34426
0.16964 0.037709 0.36905
0.17953 0.037707 0.37178
0.17605 0.037705 0.3888
0.16418 0.037721 0.4237
0.18369 0.037703 0.40063
0.1835 0.037708 0.41954
0.16366 0.03773 0.43669
0.1642 0.037738 0.45178
0.17903 0.03772 0.43322
0.17216 0.037737 0.45819
0.16012 0.037764 0.4863
0.17313 0.03776 0.47704
0.17575 0.037767 0.4854
0.15888 0.037755 0.50219
0.1586 0.03775 0.53054
0.1772 0.037761 0.50821
0.17475 0.037757 0.53035
0.15887 0.037753 0.54588
0.17067 0.037746 0.56365
0.16623 0.037729 0.58098
0.15745 0.037735 0.59399
0.17816 0.037733 0.58717
0.17301 0.037718 0.59951
0.16641 0.037718 0.61088
0.16079 0.03773 0.63245
0.1739 0.037714 0.60911
0.17419 0.037714 0.62829
0.16133 0.037737 0.65106
0.16339 0.037736 0.66107
0.18551 0.037738 0.65561
0.18618 0.037734 0.66726
0.16375 0.037735 0.67905
0.16297 0.037736 0.69491
0.17605 0.037729 0.67708
0.17928 0.037731 0.69703
0.16943 0.037732 0.72201
0.16643 0.037731 0.7336
0.17923 0.03773 0.70996
0.18036 0.037724 0.73856
0.17312 0.037722 0.75281
0.16651 0.037728 0.76034
0.18175 0.03772 0.75226
0.16635 0.037738 0.79485
0.1862 0.037729 0.77529
0.18599 0.037735 0.80138
0.17169 0.037737 0.80942
0.18474 0.037735 0.8172
0.18654 0.037732 0.83175
0.17651 0.037731 0.84186
0.16777 0.037732 0.85801
0.18548 0.037729 0.84874
0.18368 0.037729 0.85566
0.16612 0.037737 0.87689
0.16614 0.037741 0.89299
0.19151 0.03773 0.872
0.19089 0.037735 0.89117
0.16827 0.037696 0.92954
0.18323 0.037691 0.93058
0.1779 0.034377 0.95375
0.18488 0.037653 0.93887
0.19001 0.033716 0.95623
0.19951 0.037729 0.044167
0.20767 0.037729 0.058179
0.22098 0.037732 0.034951
0.21907 0.037731 0.055952
0.20635 0.037728 0.068177
0.20307 0.037727 0.087735
0.22348 0.03773 0.070212
0.22002 0.037728 0.092319
0.20861 0.037726 0.099631
0.20255 0.037726 0.12541
0.22509 0.037728 0.10006
0.21687 0.037728 0.11989
0.20139 0.037725 0.14045
0.19676 0.037714 0.17165
0.20672 0.037711 0.18752
0.22288 0.037707 0.17026
0.22511 0.0377 0.1811
0.20195 0.037712 0.19817
0.21911 0.037707 0.19772
0.20702 0.037697 0.23564
0.22051 0.037701 0.23019
0.21757 0.037692 0.25379
0.19981 0.037676 0.27066
0.19492 0.037679 0.27895
0.21783 0.03768 0.26445
0.21101 0.037658 0.28281
0.20262 0.037659 0.30362
0.20033 0.037668 0.32349
0.20931 0.037644 0.31199
0.19384 0.037684 0.32933
0.19828 0.037678 0.35202
0.20995 0.037656 0.32861
0.21903 0.037662 0.34544
0.20155 0.037666 0.36176
0.19831 0.037667 0.37949
0.21344 0.037658 0.36009
0.20628 0.03765 0.38606
0.19587 0.037681 0.40415
0.20445 0.037662 0.40087
0.19524 0.037703 0.42772
0.18602 0.037742 0.45486
0.20859 0.037705 0.42905
0.20779 0.03774 0.44778
0.19088 0.037759 0.46702
0.19302 0.037774 0.48825
0.19737 0.03777 0.47509
0.20114 0.037791 0.48865
0.18907 0.037771 0.51031
0.19092 0.037762 0.52409
0.19173 0.037752 0.54148
0.1927 0.037745 0.55609
0.20296 0.037751 0.55703
0.19069 0.03773 0.58702
0.18741 0.037731 0.59944
0.20659 0.037738 0.585
0.20658 0.037739 0.59207
0.18833 0.037727 0.61213
0.19038 0.037732 0.63742
0.21331 0.037737 0.63798
0.19078 0.037735 0.65398
0.19995 0.037726 0.6607
0.21293 0.037734 0.64665
0.20066 0.037717 0.679
0.19538 0.037718 0.70095
0.21147 0.037712 0.68053
0.21035 0.037706 0.70241
0.19463 0.037715 0.71462
0.19469 0.037711 0.73348
0.21124 0.037699 0.71664
0.21365 0.037692 0.72772
0.19888 0.037715 0.76498
0.21495 0.037703 0.75372
0.19841 0.037728 0.7862
0.20541 0.037727 0.79786
0.216 0.037715 0.77762
0.2006 0.03773 0.83558
0.2231 0.037731 0.82037
0.22006 0.037729 0.83459
0.20124 0.037727 0.84953
0.20479 0.037725 0.86269
0.21862 0.037728 0.84091
0.22014 0.037723 0.86195
0.20393 0.037726 0.87778
0.20649 0.03773 0.89481
0.21665 0.037721 0.8794
0.22164 0.037727 0.89768
0.21075 0.037698 0.92809
0.2216 0.03774 0.91493
0.19897 0.037613 0.94719
0.21035 0.033361 0.96269
0.21839 0.037633 0.94304
0.21883 0.033585 0.95729
0.23141 0.037734 0.034957
0.23499 0.037733 0.060772
0.2486 0.037737 0.042228
0.25668 0.037736 0.05552
0.23668 0.037732 0.066783
0.23298 0.037729 0.083244
0.25256 0.037731 0.074583
0.25581 0.037731 0.083778
0.24232 0.037731 0.11661
0.25217 0.037731 0.099251
0.24758 0.037729 0.12312
0.23181 0.037724 0.14141
0.25086 0.037722 0.13583
0.25653 0.037712 0.15194
0.23181 0.037699 0.17229
0.24164 0.037688 0.18696
0.24906 0.037694 0.1721
0.25479 0.037692 0.18138
0.2348 0.03769 0.20617
0.22821 0.037697 0.22413
0.2513 0.037685 0.20091
0.22753 0.037696 0.23903
0.23426 0.037696 0.24451
0.23597 0.03768 0.26753
0.23474 0.037663 0.28743
0.25448 0.037668 0.27656
0.25286 0.037655 0.30032
0.24919 0.037655 0.31515
0.22686 0.037648 0.34835
0.24545 0.037641 0.33635
0.25105 0.037644 0.35336
0.23013 0.037634 0.36006
0.24226 0.037626 0.36586
0.23776 0.037611 0.37992
0.22135 0.037653 0.3992
0.23072 0.037645 0.41258
0.24068 0.037625 0.39255
0.22471 0.037675 0.42665
0.22099 0.037721 0.44666
0.24135 0.03767 0.43004
0.23513 0.03771 0.44959
0.21401 0.037802 0.47253
0.2287 0.037776 0.46695
0.23369 0.037854 0.48287
0.22378 0.037792 0.50451
0.22812 0.037799 0.53221
0.21923 0.037774 0.54873
0.21526 0.037765 0.56744
0.22448 0.037741 0.59532
0.23342 0.037734 0.60302
0.22897 0.037709 0.61495
0.22682 0.037696 0.64147
0.23526 0.037695 0.61952
0.24066 0.037671 0.63738
0.22373 0.037697 0.65593
0.23204 0.037672 0.66645
0.2416 0.037659 0.65846
0.2431 0.037668 0.67286
0.23253 0.037686 0.6892
0.25104 0.037672 0.69793
0.23351 0.037673 0.72437
0.24499 0.037668 0.71568
0.24686 0.037664 0.73476
0.23342 0.03768 0.74743
0.23094 0.037692 0.76454
0.24817 0.037674 0.75304
0.25712 0.037678 0.76964
0.22841 0.037712 0.78425
0.23694 0.037712 0.79661
0.25275 0.037691 0.77883
0.23757 0.03772 0.81188
0.25532 0.037711 0.81373
0.24902 0.037721 0.83239
0.23903 0.037725 0.84763
0.23468 0.037721 0.86282
0.23332 0.037719 0.88059
0.2323 0.037719 0.88975
0.25502 0.037715 0.87916
0.24273 0.037731 0.91367
0.2335 0.037695 0.92937
0.24862 0.037724 0.90475
0.25738 0.037689 0.93152
0.24059 0.033381 0.96142
0.25264 0.037672 0.93687
0.27282 0.037738 0.055831
0.29299 0.037735 0.060198
0.27454 0.03773 0.078386
0.26777 0.03773 0.0929
0.2915 0.037732 0.073111
0.26873 0.037729 0.10744
0.28806 0.037727 0.10243
0.28323 0.037723 0.12092
0.26925 0.037716 0.13385
0.2665 0.037707 0.15426
0.29053 0.037707 0.13542
0.29191 0.0377 0.15511
0.26276 0.037699 0.16692
0.26786 0.037695 0.17958
0.28332 0.037695 0.18937
0.27087 0.037688 0.21227
0.28568 0.03769 0.19437
0.28324 0.037678 0.21931
0.26649 0.037666 0.25531
0.28361 0.037661 0.23365
0.2852 0.037659 0.2527
0.2798 0.037652 0.26041
0.26074 0.037638 0.30203
0.26311 0.037632 0.31134
0.28658 0.037609 0.31519
0.2591 0.037636 0.33085
0.26339 0.037628 0.35378
0.27296 0.037599 0.337
0.27549 0.037609 0.34939
0.26164 0.03763 0.35977
0.26171 0.037618 0.37935
0.27759 0.037625 0.37032
0.25757 0.037632 0.3995
0.25357 0.037651 0.41432
0.27371 0.037631 0.4044
0.26743 0.037634 0.4193
0.24468 0.037741 0.45435
0.26457 0.037638 0.42724
0.27091 0.037676 0.44579
0.24093 0.037828 0.46867
0.24322 0.037878 0.4864
0.25747 0.037935 0.48124
0.24051 0.037854 0.5092
0.25171 0.037834 0.53505
0.2451 0.037821 0.54108
0.24881 0.037801 0.57359
0.25424 0.037807 0.55269
0.26456 0.037835 0.56446
0.25356 0.037785 0.58051
0.24976 0.037728 0.60822
0.26145 0.037774 0.58355
0.26361 0.037727 0.59696
0.25584 0.037678 0.61939
0.25717 0.037652 0.63836
0.27252 0.037616 0.6348
0.26045 0.037642 0.65651
0.25885 0.037655 0.6724
0.27339 0.037618 0.65665
0.27641 0.037624 0.67367
0.25867 0.037663 0.6808
0.2673 0.037621 0.70183
0.28316 0.037633 0.68321
0.27951 0.037598 0.70888
0.26563 0.037614 0.7225
0.26948 0.037611 0.73034
0.28762 0.037623 0.73452
0.2728 0.037664 0.7571
0.26908 0.037669 0.77331
0.28732 0.037663 0.7504
0.26331 0.037679 0.7808
0.27172 0.037677 0.7986
0.28916 0.037662 0.78587
0.28545 0.037674 0.8029
0.28735 0.037695 0.81952
0.28027 0.037708 0.83423
0.27307 0.037717 0.85093
0.29149 0.037708 0.84871
0.28379 0.037711 0.86312
0.26772 0.037712 0.88357
0.27758 0.037716 0.89569
0.28895 0.037708 0.88322
0.28213 0.037717 0.89677
0.29373 0.037725 0.91187
0.29135 0.037704 0.92761
0.27413 0.037627 0.94694
0.27687 0.03381 0.95574
0.29424 0.037681 0.93701
0.28234 0.033404 0.96044
0.29913 0.037737 0.045035
0.30256 0.037735 0.057781
0.32555 0.037731 0.04393
0.32664 0.037732 0.057573
0.30094 0.037731 0.078389
0.30489 0.037732 0.085647
0.32136 0.037732 0.069121
0.31723 0.03773 0.091982
0.30286 0.037724 0.106
0.3006 0.037717 0.12331
0.32536 0.037725 0.10114
0.31574 0.037716 0.12098
0.29908 0.0377 0.14112
0.3021 0.037699 0.15217
0.31875 0.037696 0.13968
0.31954 0.037694 0.1488
0.29995 0.03769 0.17281
0.3027 0.037684 0.18704
0.31978 0.037684 0.16688
0.30345 0.037662 0.21614
0.3239 0.037661 0.20208
0.32242 0.037658 0.21016
0.29454 0.037645 0.23671
0.30108 0.037636 0.24711
0.31094 0.037624 0.25175
0.29998 0.037628 0.26019
0.29426 0.037612 0.28328
0.30951 0.037615 0.25978
0.31507 0.037594 0.27719
0.29418 0.037589 0.30253
0.29369 0.037593 0.31148
0.31063 0.037567 0.30306
0.31091 0.037567 0.31047
0.29802 0.037589 0.32767
0.28834 0.037612 0.35125
0.3104 0.037559 0.33451
0.31692 0.037564 0.34958
0.29288 0.037614 0.35614
0.28726 0.037641 0.38458
0.3039 0.037606 0.36505
0.31073 0.037668 0.37932
0.28524 0.037636 0.40312
0.29298 0.037621 0.41233
0.30099 0.037618 0.39981
0.30462 0.037625 0.41616
0.28443 0.03764 0.43294
0.27698 0.037706 0.45064
0.30446 0.037729 0.43228
0.3061 0.037858 0.44251
0.27153 0.037978 0.47795
0.28628 0.037868 0.46415
0.27429 0.037998 0.48829
0.26855 0.038013 0.50229
0.26231 0.037984 0.52089
0.27954 0.038132 0.50379
0.2753 0.037919 0.54266
0.28428 0.03784 0.56913
0.27457 0.037769 0.58564
0.30154 0.037663 0.60372
0.28163 0.037622 0.62636
0.28632 0.037607 0.64006
0.31109 0.037648 0.63901
0.31046 0.037656 0.66589
0.31377 0.037681 0.68025
0.31965 0.037654 0.71047
0.32091 0.037646 0.72861
0.31441 0.037659 0.73969
0.29972 0.037661 0.74781
0.30631 0.037651 0.76709
0.31774 0.037645 0.75536
0.31609 0.037647 0.77232
0.30662 0.037662 0.7863
0.29915 0.037666 0.79919
0.31386 0.037661 0.79066
0.31456 0.037667 0.80646
0.29793 0.03768 0.8121
0.31715 0.037671 0.83268
0.3004 0.037698 0.84614
0.30715 0.037697 0.86303
0.3 0.037704 0.88561
0.30793 0.037705 0.89319
0.31972 0.037698 0.87532
0.31823 0.037706 0.89948
0.30148 0.037723 0.91509
0.31098 0.037708 0.9306
0.32763 0.037709 0.90842
0.31875 0.037709 0.92464
0.30266 0.037676 0.9463
0.32108 0.037685 0.94374
0.33704 0.037728 0.040454
0.33604 0.03773 0.055063
0.36093 0.037729 0.040518
0.35019 0.037728 0.050869
0.3363 0.037732 0.072298
0.33569 0.037735 0.084338
0.3513 0.037736 0.082133
0.33755 0.037724 0.10249
0.33231 0.037716 0.1195
0.3523 0.037712 0.11842
0.335 0.037698 0.13596
0.33906 0.037691 0.14799
0.35133 0.037693 0.13769
0.35797 0.037687 0.14598
0.3394 0.037677 0.16537
0.33931 0.037669 0.176
0.34662 0.03768 0.1611
0.35151 0.03767 0.17568
0.33161 0.037665 0.1953
0.32975 0.037657 0.21527
0.34732 0.037664 0.19434
0.33678 0.037637 0.22792
0.33176 0.037615 0.25114
0.34727 0.037633 0.23016
0.354 0.037628 0.24549
0.3374 0.037566 0.26753
0.33497 0.037557 0.27804
0.35216 0.03759 0.26401
0.34485 0.037549 0.27286
0.32833 0.037565 0.29314
0.3297 0.03757 0.31653
0.3447 0.037542 0.29245
0.34057 0.037543 0.31638
0.33433 0.03757 0.32394
0.32518 0.037553 0.34348
0.34005 0.037585 0.33361
0.35189 0.037933 0.36137
0.34383 0.037761 0.37598
0.31938 0.037636 0.39878
0.31673 0.037628 0.417
0.33079 0.037633 0.39023
0.31748 0.037848 0.43326
0.32766 0.037724 0.42844
0.29493 0.037982 0.46441
0.28908 0.038127 0.49007
0.30211 0.038163 0.48143
0.28972 0.03818 0.50207
0.29286 0.038193 0.50248
0.3036 0.038231 0.53517
0.29691 0.037858 0.57502
0.30638 0.038116 0.55124
0.31209 0.037837 0.57387
0.31612 0.037654 0.59838
0.31219 0.037649 0.61613
0.31444 0.037646 0.62434
0.32208 0.03765 0.64279
0.33603 0.037663 0.62396
0.34347 0.037651 0.64061
0.33136 0.037641 0.66721
0.32136 0.037676 0.6809
0.34453 0.037635 0.66328
0.34084 0.037625 0.67849
0.32664 0.037634 0.70616
0.3442 0.037609 0.69043
0.35146 0.03758 0.71301
0.32563 0.037645 0.7227
0.33429 0.037608 0.73534
0.34988 0.037592 0.72431
0.34437 0.037596 0.74481
0.33379 0.037614 0.75065
0.33582 0.037627 0.77611
0.34775 0.037584 0.75593
0.35118 0.037605 0.7719
0.34976 0.037639 0.7877
0.35123 0.037643 0.80836
0.34264 0.037651 0.82056
0.33177 0.037658 0.82759
0.35244 0.037654 0.8314
0.34275 0.037682 0.84851
0.34061 0.037689 0.86452
0.35995 0.037665 0.84286
0.35925 0.03768 0.86555
0.33495 0.037702 0.88215
0.33852 0.037702 0.89545
0.35166 0.037698 0.89051
0.34386 0.037706 0.91202
0.33719 0.037683 0.92861
0.35169 0.037704 0.91492
0.35172 0.03768 0.9258
0.34349 0.037643 0.93947
0.33514 0.033475 0.95874
0.35859 0.03764 0.93927
0.3505 0.033361 0.96276
0.36786 0.03773 0.035039
0.37768 0.037735 0.054962
0.3867 0.037734 0.040532
0.38776 0.037736 0.068453
0.39141 0.03773 0.088943
0.36715 0.037717 0.10099
0.37749 0.037698 0.1132
0.3904 0.037708 0.10416
0.385 0.037697 0.11253
0.3662 0.037685 0.14019
0.36732 0.037686 0.15319
0.39023 0.037687 0.13378
0.37377 0.037679 0.16288
0.36825 0.037673 0.17469
0.38888 0.037674 0.18483
0.36881 0.037667 0.19274
0.37181 0.03765 0.20887
0.38386 0.037656 0.19755
0.38348 0.037646 0.20701
0.36658 0.03762 0.23321
0.36382 0.037625 0.24489
0.39053 0.037636 0.22473
0.38676 0.037628 0.24744
0.36247 0.03761 0.26011
0.36156 0.037574 0.28285
0.3864 0.037603 0.26402
0.3745 0.037599 0.2792
0.36763 0.037546 0.30551
0.38111 0.037597 0.29189
0.37974 0.037589 0.30167
0.35639 0.03754 0.32302
0.36188 0.037791 0.34543
0.35567 0.037977 0.36826
0.37286 0.037915 0.35362
0.35493 0.037791 0.38474
0.36192 0.037869 0.38127
0.35694 0.03765 0.39794
0.34011 0.037792 0.43282
0.33441 0.037997 0.44387
0.35114 0.037625 0.42141
0.33787 0.03798 0.44743
0.31729 0.038383 0.46021
0.3178 0.038256 0.47663
0.30234 0.038428 0.51103
0.31369 0.038164 0.54376
0.31055 0.038484 0.50682
0.31776 0.038141 0.54537
0.32611 0.037913 0.56685
0.3287 0.037777 0.58032
0.33637 0.037719 0.60037
0.342 0.037686 0.61865
0.34978 0.037727 0.59533
0.36358 0.037797 0.62163
0.34956 0.037651 0.638
0.35072 0.037652 0.6464
0.36353 0.037667 0.63828
0.37066 0.037671 0.64905
0.35242 0.03762 0.66502
0.35694 0.037594 0.68492
0.38112 0.037638 0.66418
0.38375 0.037584 0.67485
0.35857 0.037566 0.69619
0.37571 0.037583 0.68898
0.38218 0.037578 0.71018
0.375 0.037574 0.74191
0.39052 0.037568 0.72323
0.38432 0.037563 0.74268
0.37272 0.037569 0.76164
0.36387 0.037584 0.76735
0.38085 0.037568 0.75859
0.37691 0.037604 0.78938
0.37453 0.03762 0.80673
0.38364 0.0376 0.78468
0.37401 0.037635 0.81603
0.36768 0.037651 0.83648
0.37096 0.037659 0.8441
0.36973 0.037666 0.86086
0.38538 0.037649 0.8445
0.38705 0.037666 0.86848
0.37252 0.037688 0.87971
0.36815 0.037694 0.89793
0.39035 0.037686 0.90136
0.37225 0.037698 0.91188
0.37928 0.037669 0.92991
0.38579 0.037694 0.91136
0.39305 0.037661 0.93245
0.37644 0.037639 0.94264
0.37047 0.034094 0.95455
0.38956 0.037638 0.94336
0.39579 0.033877 0.95535
0.41205 0.037741 0.03642
0.41776 0.037741 0.040826
0.41877 0.037735 0.061993
0.40204 0.037732 0.077442
0.42404 0.037727 0.070173
0.42909 0.037718 0.089728
0.41145 0.037713 0.1023
0.40147 0.037703 0.11319
0.41896 0.037714 0.10007
0.41835 0.037708 0.11975
0.40785 0.03769 0.1381
0.40248 0.037686 0.15386
0.42294 0.037688 0.14496
0.40582 0.037675 0.1624
0.40422 0.037667 0.18229
0.41705 0.037662 0.16806
0.41926 0.037656 0.17456
0.40785 0.037647 0.21599
0.4207 0.037634 0.19673
0.42585 0.037621 0.20346
0.39385 0.037628 0.22992
0.40475 0.037649 0.24686
0.42499 0.037642 0.22079
0.40285 0.037618 0.2616
0.39853 0.037604 0.27042
0.42167 0.037639 0.27254
0.40361 0.037595 0.29129
0.39415 0.037608 0.30402
0.41815 0.037631 0.28022
0.41256 0.037596 0.29615
0.39328 0.037612 0.32194
0.39565 0.03765 0.33548
0.41414 0.037645 0.31371
0.40346 0.037682 0.33791
0.38011 0.037963 0.36363
0.4088 0.037729 0.34394
0.37071 0.037938 0.37787
0.36875 0.037644 0.39946
0.39228 0.037813 0.37535
0.38457 0.037641 0.39004
0.37043 0.0375 0.4203
0.36362 0.037586 0.43742
0.38216 0.03757 0.4029
0.34363 0.037912 0.45503
0.32207 0.038109 0.47611
0.36219 0.03733 0.45067
0.32539 0.037782 0.48773
0.32035 0.038125 0.49726
0.32259 0.038215 0.53255
0.3247 0.037534 0.50402
0.33584 0.037711 0.54381
0.35364 0.037629 0.57189
0.37306 0.037636 0.58506
0.37187 0.037959 0.61639
0.40103 0.037843 0.63203
0.38201 0.037773 0.63753
0.39157 0.037672 0.65664
0.40417 0.03777 0.64039
0.39454 0.037597 0.66586
0.40187 0.037529 0.67708
0.41036 0.037545 0.66236
0.42033 0.037456 0.67284
0.39385 0.03756 0.69628
0.40132 0.037529 0.70459
0.42254 0.037513 0.69249
0.42388 0.037478 0.70815
0.40794 0.037522 0.72503
0.40245 0.037527 0.73733
0.42164 0.037483 0.73454
0.40219 0.037549 0.76751
0.42128 0.037506 0.75543
0.41568 0.037546 0.77063
0.40722 0.03757 0.78679
0.39938 0.037593 0.80573
0.42507 0.037548 0.78789
0.42843 0.037563 0.80304
0.41217 0.037596 0.82303
0.4296 0.037581 0.8154
0.41685 0.037604 0.8312
0.40235 0.037642 0.84516
0.42237 0.037648 0.86571
0.41099 0.037665 0.88393
0.4065 0.037678 0.90079
0.42612 0.037656 0.88431
0.4208 0.037661 0.89268
0.40819 0.037686 0.91037
0.40638 0.037662 0.93175
0.42592 0.037664 0.92953
0.40101 0.037632 0.94591
0.41688 0.037644 0.93937
0.42666 0.033379 0.96146
0.43605 0.037736 0.040906
0.44201 0.037727 0.059379
0.4559 0.037734 0.044167
0.43598 0.037722 0.068844
0.43635 0.037715 0.088003
0.46401 0.037712 0.077012
0.45748 0.037709 0.091767
0.43245 0.037711 0.11431
0.46149 0.037708 0.098211
0.44331 0.037691 0.13288
0.43509 0.037685 0.14769
0.45236 0.037686 0.13473
0.46208 0.037683 0.14885
0.4437 0.037667 0.16054
0.4401 0.037656 0.18017
0.45901 0.037656 0.1672
0.45609 0.037655 0.18321
0.44299 0.037633 0.19396
0.43712 0.037619 0.20505
0.45064 0.037628 0.21187
0.43344 0.037641 0.22462
0.42935 0.037653 0.23836
0.44792 0.037638 0.22305
0.43165 0.037668 0.24833
0.4313 0.037637 0.26285
0.45367 0.037654 0.25648
0.45718 0.037685 0.26798
0.42875 0.037657 0.27787
0.44441 0.037681 0.28625
0.45194 0.037741 0.2988
0.42803 0.037675 0.31179
0.42428 0.037663 0.32716
0.44829 0.037757 0.30601
0.44322 0.037697 0.31865
0.42433 0.037725 0.33836
0.41474 0.037791 0.35924
0.45016 0.037808 0.33344
0.44159 0.037871 0.34595
0.43046 0.037762 0.36398
0.39155 0.037001 0.40443
0.38995 0.036722 0.42597
0.41644 0.036591 0.38351
0.40749 0.035033 0.40966
0.37202 0.036561 0.4448
0.34343 0.035918 0.47309
0.3549 0.034198 0.48641
0.33156 0.036103 0.51489
0.34477 0.03678 0.54533
0.33993 0.035368 0.52279
0.38863 0.03547 0.56914
0.38807 0.036695 0.59272
0.39982 0.037072 0.60846
0.39671 0.035971 0.59582
0.40894 0.036694 0.60878
0.41426 0.038094 0.6208
0.42264 0.037797 0.61634
0.42906 0.038048 0.62912
0.42207 0.037716 0.64671
0.44037 0.037853 0.63585
0.45056 0.03759 0.6481
0.43009 0.037424 0.66585
0.42934 0.037458 0.67621
0.44922 0.037459 0.66617
0.44754 0.037479 0.67475
0.43162 0.037474 0.69521
0.44041 0.037453 0.70911
0.4614 0.037384 0.70682
0.43743 0.037455 0.72423
0.44297 0.037466 0.74027
0.45286 0.037425 0.72212
0.4575 0.037442 0.74205
0.44581 0.037471 0.75088
0.43388 0.037519 0.77118
0.45884 0.037442 0.75525
0.45503 0.037491 0.77137
0.43839 0.037536 0.78526
0.43999 0.037562 0.80587
0.45309 0.037521 0.78851
0.46424 0.037552 0.80639
0.44192 0.037582 0.82807
0.45336 0.037564 0.82209
0.45321 0.037583 0.83107
0.44352 0.037624 0.84364
0.43626 0.037645 0.86562
0.4626 0.037612 0.84386
0.43854 0.037651 0.87521
0.43912 0.037657 0.89432
0.45185 0.037645 0.88515
0.4595 0.037656 0.89801
0.44575 0.037681 0.91652
0.4457 0.037663 0.928
0.4591 0.037677 0.91713
0.45468 0.037653 0.93216
0.44277 0.037627 0.94811
0.46306 0.037624 0.94464
0.45883 0.033354 0.96339
0.40954 0.037545 0.44566
0.3788 0.037846 0.46861
0.37621 0.037741 0.52858
0.37857 0.035976 0.49793
0.48109 0.037739 0.045115
0.47784 0.03773 0.062237
0.49615 0.037736 0.03861
0.48804 0.037732 0.060397
0.4704 0.037714 0.07747
0.47387 0.037714 0.088889
0.49225 0.037724 0.070682
0.49136 0.037716 0.089845
0.48105 0.037702 0.10574
0.47629 0.037702 0.11194
0.48568 0.037706 0.10025
0.49546 0.037702 0.11989
0.47424 0.037692 0.13077
0.49191 0.037686 0.14415
0.46885 0.037666 0.16319
0.47605 0.037662 0.1759
0.48634 0.037675 0.15944
0.477 0.037654 0.19098
0.47349 0.037641 0.20693
0.48917 0.037658 0.18833
0.48918 0.037639 0.20429
0.4701 0.037648 0.22733
0.47667 0.037653 0.23254
0.48613 0.037658 0.21948
0.49225 0.037647 0.23087
0.46486 0.037662 0.25638
0.47809 0.037672 0.25964
0.49218 0.037665 0.25444
0.49732 0.037703 0.26739
0.46941 0.037733 0.28339
0.47298 0.037791 0.29134
0.48543 0.037801 0.29155
0.4659 0.037853 0.30782
0.47062 0.038045 0.31988
0.48657 0.037908 0.30822
0.49054 0.03809 0.31886
0.46862 0.038119 0.32879
0.47229 0.038296 0.33553
0.49216 0.038479 0.33601
0.45919 0.037759 0.35549
0.48059 0.038237 0.34334
0.48239 0.03754 0.34774
0.43184 0.035757 0.38079
0.4296 0.034454 0.39819
0.47224 0.035411 0.35986
0.47446 0.034229 0.36737
0.42395 0.033559 0.42892
0.44812 0.033359 0.49372
0.40259 0.033424 0.51677
0.40452 0.034298 0.58285
0.44915 0.033712 0.60595
0.43941 0.035289 0.61353
0.48581 0.033983 0.60259
0.49805 0.035242 0.61449
0.43992 0.037284 0.62057
0.45678 0.037685 0.62809
0.49324 0.036685 0.62336
0.50514 0.037477 0.63092
0.4613 0.037744 0.63581
0.46513 0.037513 0.65426
0.48441 0.037621 0.63894
0.49978 0.037511 0.6502
0.46272 0.037474 0.65915
0.4655 0.037416 0.67458
0.50085 0.037342 0.65966
0.474 0.037396 0.6848
0.47168 0.037379 0.71099
0.48517 0.037334 0.68868
0.49241 0.037325 0.70256
0.47699 0.037391 0.73014
0.49238 0.037356 0.71369
0.49367 0.037381 0.73381
0.47725 0.037413 0.75138
0.4787 0.037446 0.76482
0.49486 0.037394 0.75295
0.49643 0.037437 0.76486
0.48047 0.037497 0.77793
0.47109 0.037534 0.79985
0.49264 0.037539 0.80557
0.47947 0.037572 0.83379
0.49485 0.037544 0.81607
0.49255 0.037572 0.83638
0.47748 0.037605 0.84779
0.47961 0.037617 0.86376
0.48658 0.03761 0.86108
0.47631 0.03764 0.87894
0.4735 0.037642 0.88949
0.49464 0.037636 0.88401
0.46919 0.037651 0.92913
0.49133 0.037667 0.91136
0.48635 0.037636 0.93131
0.47594 0.037613 0.94535
0.4759 0.034613 0.95312
0.4874 0.037614 0.93936
0.47555 0.033909 0.42849
0.41754 0.034111 0.49054
0.44507 0.03383 0.50672
0.4639 0.033918 0.56267
0.47294 0.035909 0.39148
0.48169 0.036748 0.38007
0.41719 0.035939 0.44627
0.40242 0.035127 0.46699
0.41688 0.036782 0.43275
0.40714 0.036402 0.45351
0.47929 0.034771 0.41264
0.42918 0.034017 0.45728
0.48025 0.035832 0.38993
0.44068 0.033741 0.48882
0.41648 0.034318 0.52754
0.37012 0.037809 0.52333
0.42541 0.037086 0.58309
0.48927 0.033904 0.54919
0.45259 0.035619 0.5883
0.44839 0.03385 0.53241
0.43974 0.036054 0.59298
0.42909 0.036712 0.58857
0.48374 0.036634 0.38165
0.43276 0.036229 0.4278
0.41957 0.034808 0.47284
0.45173 0.035609 0.42234
0.41064 0.035115 0.476
0.45827 0.037047 0.40019
0.43332 0.034259 0.47666
0.46747 0.034958 0.42247
0.46469 0.034608 0.46017
0.39353 0.036424 0.53872
0.41053 0.036766 0.55644
0.3855 0.03578 0.4913
0.43095 0.034845 0.54659
0.43084 0.034199 0.50138
0.47694 0.034195 0.56045
0.46028 0.034032 0.50067
0.44308 0.034508 0.56197
0.43038 0.036682 0.5882
0.48168 0.036917 0.59032
0.45304 0.034366 0.44603
0.4686 0.034462 0.52324
0.50813 0.037732 0.044784
0.52658 0.037728 0.046766
0.52561 0.037728 0.056028
0.50739 0.037724 0.069543
0.50755 0.037721 0.08561
0.53102 0.037723 0.066004
0.525 0.03772 0.085984
0.5028 0.037703 0.10258
0.51308 0.037696 0.11266
0.52895 0.037695 0.10499
0.52417 0.037691 0.11133
0.51609 0.03769 0.13275
0.51378 0.037687 0.14293
0.52043 0.03769 0.13139
0.522 0.037686 0.15275
0.5114 0.037677 0.15834
0.51637 0.037651 0.172
0.53089 0.037647 0.16858
0.52054 0.037649 0.17273
0.51611 0.03763 0.19524
0.50289 0.037627 0.2019
0.53024 0.037624 0.19125
0.53329 0.037596 0.20281
0.51362 0.037646 0.22312
0.51196 0.037656 0.23597
0.52652 0.037628 0.22486
0.52284 0.037651 0.23833
0.50577 0.037679 0.26482
0.52808 0.037633 0.25272
0.5244 0.037628 0.25938
0.50652 0.037699 0.27649
0.51715 0.037707 0.29123
0.53494 0.037657 0.27633
0.53854 0.037696 0.29285
0.50607 0.037816 0.30489
0.54023 0.037773 0.30723
0.54364 0.037789 0.3142
0.50106 0.038383 0.33374
0.53002 0.038049 0.32346
0.54596 0.037978 0.34331
0.50804 0.037952 0.3394
0.51027 0.037578 0.34169
0.55219 0.037455 0.37004
0.53131 0.035544 0.3578
0.52246 0.034426 0.36371
0.54657 0.035656 0.38037
0.52634 0.034331 0.42425
0.50419 0.03341 0.43897
0.51702 0.033754 0.4492
0.52594 0.033427 0.47647
0.48151 0.033375 0.52183
0.53958 0.03359 0.59336
0.57677 0.033411 0.56428
0.58677 0.03412 0.59244
0.51071 0.035734 0.61951
0.56141 0.03548 0.60453
0.55516 0.036573 0.61335
0.53858 0.037092 0.62468
0.51162 0.037665 0.64379
0.53168 0.037563 0.63184
0.53963 0.037497 0.64344
0.51179 0.037382 0.65641
0.51794 0.037275 0.66827
0.53451 0.037317 0.66142
0.53807 0.037335 0.67046
0.51155 0.037325 0.68606
0.50473 0.037321 0.69988
0.52559 0.037357 0.68245
0.53631 0.03736 0.69819
0.50345 0.037355 0.72404
0.50979 0.037383 0.73768
0.52106 0.037388 0.73854
0.50834 0.037388 0.75128
0.50948 0.037419 0.7625
0.52818 0.037398 0.74409
0.5211 0.037425 0.76382
0.51587 0.037481 0.77755
0.50613 0.03752 0.79954
0.52831 0.037494 0.78767
0.53281 0.03752 0.79999
0.5076 0.037537 0.81668
0.51301 0.037538 0.82595
0.52491 0.037534 0.82064
0.52531 0.037552 0.83009
0.51151 0.037604 0.85827
0.53279 0.037615 0.86481
0.50977 0.037634 0.88123
0.51534 0.03764 0.89508
0.53132 0.037635 0.88029
0.532 0.037646 0.89742
0.50202 0.037667 0.9169
0.52097 0.037666 0.91369
0.50445 0.034838 0.95265
0.52832 0.037552 0.94558
0.5262 0.033483 0.9584
0.48121 0.033981 0.50319
0.51712 0.033766 0.54703
0.49838 0.034444 0.40274
0.49916 0.033922 0.47925
0.53409 0.036967 0.40305
0.47838 0.033851 0.44436
0.53787 0.035048 0.51837
0.5062 0.036715 0.45045
0.55737 0.036233 0.51978
0.51904 0.033766 0.52829
0.51279 0.034775 0.57981
0.56011 0.034124 0.56343
0.54951 0.03646 0.5847
0.57935 0.03438 0.56229
0.5729 0.035855 0.58759
0.60192 0.037748 0.55948
0.5956 0.037964 0.57803
0.52969 0.036175 0.59313
0.52747 0.036636 0.38973
0.5289 0.035798 0.39728
0.47233 0.033876 0.48115
0.50172 0.03476 0.42487
0.49728 0.034625 0.46104
0.50537 0.036945 0.45031
0.53431 0.035301 0.49616
0.51207 0.034759 0.48381
0.53652 0.034188 0.53696
0.53313 0.035872 0.56487
0.50183 0.034437 0.51255
0.52447 0.034744 0.55553
0.59676 0.037332 0.5688
0.58634 0.036774 0.58197
0.56529 0.035429 0.54014
0.48108 0.034316 0.45283
0.49226 0.034376 0.46551
0.5132 0.034464 0.52023
0.54245 0.037726 0.053426
0.56501 0.037721 0.036541
0.5607 0.037719 0.062091
0.54467 0.037709 0.09043
0.55664 0.037718 0.069973
0.55737 0.037712 0.086641
0.54497 0.037686 0.10584
0.54952 0.037683 0.12117
0.55472 0.037684 0.10526
0.55485 0.037681 0.12142
0.5455 0.037677 0.13113
0.56556 0.037673 0.13274
0.55835 0.03767 0.14348
0.54885 0.03764 0.16606
0.56803 0.037639 0.16439
0.55092 0.037589 0.19435
0.54314 0.037589 0.20925
0.56927 0.037596 0.1926
0.56411 0.037583 0.21412
0.54826 0.037587 0.22045
0.55941 0.037583 0.21964
0.57281 0.037597 0.24569
0.54996 0.037586 0.25537
0.57187 0.037581 0.26038
0.57056 0.037586 0.26736
0.54989 0.037664 0.29084
0.57526 0.037594 0.28461
0.57127 0.037593 0.2943
0.55949 0.037726 0.30823
0.55921 0.037752 0.32477
0.57307 0.037575 0.31834
0.57741 0.037516 0.33565
0.551 0.03787 0.32814
0.56032 0.037759 0.35885
0.57127 0.037587 0.34636
0.55228 0.037591 0.38261
0.55487 0.037268 0.40014
0.55167 0.03708 0.406
0.53374 0.035002 0.43096
0.55522 0.036529 0.42984
0.54207 0.034016 0.45977
0.5615 0.033903 0.49255
0.59783 0.033849 0.53449
0.61911 0.036021 0.5403
0.61542 0.036592 0.57006
0.60199 0.035737 0.59026
0.57814 0.037027 0.60573
0.60897 0.036706 0.58617
0.61233 0.037244 0.59553
0.58226 0.037422 0.60937
0.60832 0.037511 0.6143
0.58829 0.037618 0.62187
0.56808 0.037426 0.62998
0.54844 0.037459 0.64349
0.58446 0.037484 0.64783
0.5539 0.037443 0.65691
0.55244 0.037412 0.67574
0.57741 0.037463 0.65283
0.54433 0.037393 0.68274
0.5515 0.037408 0.70567
0.56832 0.037429 0.68613
0.55849 0.037419 0.70619
0.53878 0.037389 0.72135
0.54081 0.037412 0.73685
0.56201 0.037433 0.71452
0.54136 0.037411 0.74831
0.55483 0.03742 0.75682
0.56535 0.037462 0.77074
0.54 0.037477 0.77819
0.54391 0.037526 0.80138
0.56585 0.03749 0.78864
0.56545 0.037542 0.80514
0.54911 0.037552 0.81231
0.54373 0.037574 0.83614
0.55589 0.037554 0.81459
0.55677 0.03757 0.83255
0.54072 0.037603 0.85383
0.5545 0.037603 0.85243
0.56139 0.037619 0.86713
0.54214 0.037639 0.89043
0.55732 0.037638 0.88501
0.56527 0.037645 0.89216
0.54737 0.037668 0.91113
0.53765 0.037619 0.93068
0.55987 0.037673 0.91417
0.55593 0.037628 0.9302
0.54438 0.03757 0.94476
0.54848 0.033408 0.96015
0.5641 0.037587 0.94199
0.55492 0.034386 0.95352
0.56324 0.036034 0.52513
0.58071 0.0362 0.53868
0.5778 0.037718 0.044609
0.5883 0.037716 0.04037
0.5965 0.037712 0.0618
0.57386 0.037699 0.092909
0.59071 0.037709 0.071766
0.59732 0.037697 0.092141
0.57316 0.037679 0.10794
0.5781 0.037678 0.1222
0.59601 0.037686 0.10255
0.58866 0.037677 0.11375
0.58431 0.037668 0.13947
0.60128 0.037669 0.13283
0.59596 0.037664 0.14967
0.58232 0.037626 0.16807
0.57529 0.037617 0.17748
0.59128 0.037619 0.17062
0.60176 0.037611 0.17725
0.57668 0.037584 0.21006
0.59726 0.037586 0.20214
0.58218 0.037581 0.22856
0.58193 0.03759 0.2456
0.60757 0.03757 0.22607
0.59902 0.03756 0.24565
0.58915 0.037581 0.25231
0.59919 0.037543 0.25974
0.60212 0.037524 0.27681
0.58109 0.037575 0.28467
0.58786 0.037513 0.30075
0.60335 0.037487 0.29688
0.59989 0.037461 0.30622
0.5858 0.037475 0.3229
0.60485 0.037341 0.33608
0.60515 0.03729 0.35038
0.58243 0.037393 0.35601
0.57518 0.03713 0.38965
0.59247 0.037204 0.37558
0.56931 0.036806 0.41097
0.56852 0.036798 0.42609
0.59218 0.037128 0.40932
0.56248 0.036961 0.4385
0.55953 0.036999 0.45886
0.56561 0.037088 0.44712
0.56543 0.036901 0.45676
0.57035 0.036352 0.48611
0.59404 0.036994 0.50478
0.57275 0.036648 0.47566
0.5971 0.037155 0.502
0.62299 0.037269 0.53261
0.62887 0.037844 0.55175
0.62147 0.037289 0.52212
0.63314 0.037941 0.55482
0.62328 0.037569 0.56858
0.61387 0.037467 0.60151
0.6331 0.037849 0.56583
0.627 0.037706 0.58679
0.61939 0.037786 0.61645
0.62631 0.037843 0.61207
0.62721 0.037899 0.6336
0.6079 0.037707 0.64157
0.59995 0.037573 0.64842
0.62547 0.038007 0.65461
0.5901 0.037462 0.65955
0.58256 0.037414 0.67783
0.62344 0.037823 0.6666
0.60514 0.037488 0.67748
0.58619 0.037436 0.68761
0.59714 0.037461 0.68542
0.5943 0.037471 0.70098
0.57385 0.037441 0.733
0.59395 0.037465 0.73131
0.57465 0.037441 0.74505
0.5995 0.037454 0.75633
0.59451 0.037483 0.77197
0.57266 0.037509 0.7957
0.59364 0.037549 0.80494
0.58024 0.037555 0.80848
0.5785 0.037561 0.82536
0.59205 0.037567 0.82127
0.57945 0.037597 0.8493
0.59869 0.037607 0.85026
0.57459 0.037632 0.87596
0.59797 0.037658 0.898
0.57462 0.03767 0.91274
0.59404 0.037671 0.91111
0.57473 0.03757 0.94771
0.57791 0.034799 0.9527
0.59232 0.037601 0.94334
0.58687 0.033354 0.96336
0.61205 0.037713 0.044842
0.61446 0.037709 0.061007
0.63242 0.03771 0.042252
0.63438 0.037709 0.05296
0.61796 0.037703 0.073915
0.60621 0.037703 0.085524
0.63479 0.037697 0.078225
0.62981 0.037699 0.084236
0.61375 0.037683 0.10867
0.61256 0.037677 0.12395
0.62536 0.037689 0.10241
0.63199 0.03768 0.12121
0.60677 0.037673 0.12839
0.61898 0.037648 0.1554
0.63218 0.037667 0.13107
0.63338 0.037651 0.14524
0.61198 0.037626 0.1667
0.61956 0.037611 0.17906
0.63258 0.037632 0.1624
0.61944 0.037581 0.19997
0.61417 0.037575 0.21742
0.62919 0.037571 0.2042
0.63042 0.037562 0.21668
0.61323 0.037515 0.24101
0.6306 0.037515 0.23513
0.63375 0.037498 0.24589
0.63622 0.037457 0.27119
0.61769 0.037382 0.31263
0.63036 0.037417 0.29702
0.63557 0.037315 0.33078
0.62852 0.037292 0.33793
0.62777 0.037165 0.3681
0.60437 0.037177 0.37543
0.60116 0.037225 0.40148
0.61714 0.037121 0.37575
0.61312 0.037302 0.40035
0.58578 0.036879 0.43329
0.60069 0.036858 0.43022
0.58589 0.036669 0.44608
0.58312 0.036518 0.47057
0.59555 0.036604 0.4526
0.60033 0.036635 0.45658
0.60649 0.036922 0.49438
0.61081 0.036793 0.47838
0.62533 0.03698 0.49774
0.63144 0.037306 0.51392
0.64059 0.037957 0.54609
0.64125 0.037278 0.50994
0.64741 0.03766 0.53611
0.6464 0.03792 0.55972
0.64446 0.037757 0.58343
0.65586 0.037821 0.55828
0.6517 0.037803 0.57822
0.64259 0.037772 0.60065
0.65189 0.03779 0.61028
0.63776 0.038032 0.64793
0.65256 0.037821 0.64806
0.6314 0.038056 0.66634
0.61999 0.03766 0.67867
0.63945 0.037731 0.68592
0.64025 0.037616 0.69418
0.61115 0.037514 0.71341
0.6089 0.037481 0.73097
0.63103 0.037499 0.73395
0.61332 0.037482 0.74968
0.60792 0.037471 0.76245
0.62802 0.037491 0.75277
0.62782 0.037488 0.76061
0.6119 0.037515 0.78755
0.61321 0.037527 0.79368
0.62888 0.037527 0.78724
0.63127 0.03754 0.79415
0.60556 0.037571 0.80969
0.60854 0.037601 0.83737
0.63142 0.037589 0.81228
0.63525 0.037615 0.83432
0.60921 0.037611 0.84431
0.60463 0.037614 0.85847
0.62755 0.037627 0.84816
0.62517 0.03763 0.86162
0.61189 0.03764 0.87467
0.60662 0.037657 0.89427
0.62113 0.037653 0.88278
0.63113 0.037662 0.89207
0.60925 0.037677 0.91203
0.60994 0.03766 0.92852
0.62171 0.037665 0.9299
0.61163 0.037631 0.94622
0.62376 0.037647 0.93923
0.62986 0.033347 0.96449
0.64162 0.037708 0.046405
0.65656 0.037704 0.038168
0.65859 0.037699 0.062811
0.64907 0.037694 0.077673
0.64308 0.037692 0.093672
0.6663 0.037695 0.072441
0.66921 0.037695 0.083704
0.65898 0.037688 0.1073
0.65246 0.037639 0.15553
0.66224 0.037655 0.13798
0.66399 0.037639 0.1553
0.64812 0.037626 0.16432
0.65022 0.037601 0.18747
0.66316 0.037613 0.17157
0.65978 0.037604 0.17846
0.65012 0.037588 0.19433
0.64792 0.03756 0.21097
0.66965 0.03758 0.19754
0.66915 0.037559 0.21358
0.64497 0.037521 0.23359
0.6517 0.037492 0.25403
0.66426 0.037468 0.2587
0.64669 0.03744 0.27239
0.64589 0.037402 0.2895
0.67166 0.037417 0.27286
0.6618 0.037392 0.28373
0.64907 0.03734 0.31055
0.6618 0.037318 0.33117
0.64228 0.037298 0.33872
0.63785 0.037118 0.3713
0.66159 0.037272 0.3419
0.65887 0.037142 0.36693
0.62717 0.037173 0.40277
0.63798 0.037076 0.39788
0.62694 0.036934 0.42977
0.64076 0.036962 0.41823
0.6404 0.036947 0.42912
0.61826 0.036797 0.44937
0.62913 0.036797 0.46308
0.64404 0.036904 0.44757
0.63579 0.036896 0.48321
0.63884 0.036935 0.49036
0.64803 0.036945 0.4816
0.6589 0.037079 0.49644
0.64938 0.037185 0.50611
0.65854 0.037477 0.52743
0.66724 0.037257 0.51117
0.68025 0.03743 0.52873
0.67815 0.037622 0.55544
0.67978 0.037633 0.57399
0.67074 0.037712 0.58711
0.67434 0.037676 0.60905
0.68814 0.037687 0.60976
0.66693 0.037669 0.64216
0.68337 0.037678 0.62406
0.67324 0.037673 0.64662
0.65861 0.037823 0.66055
0.67922 0.037644 0.65981
0.65494 0.037509 0.70012
0.66084 0.037652 0.6828
0.66174 0.03753 0.695
0.64743 0.037432 0.71584
0.6444 0.037484 0.73272
0.66127 0.037445 0.72066
0.67087 0.037495 0.73291
0.65013 0.0375 0.74332
0.64439 0.037507 0.76198
0.66391 0.037518 0.75009
0.66048 0.037515 0.76024
0.6398 0.037534 0.78519
0.64935 0.037557 0.79698
0.65826 0.037541 0.78011
0.65829 0.037573 0.80075
0.64908 0.037596 0.81387
0.64554 0.037621 0.83424
0.66586 0.037612 0.81691
0.66748 0.037635 0.83538
0.64708 0.037633 0.84148
0.6465 0.037643 0.85764
0.65711 0.037646 0.84606
0.66249 0.037658 0.86672
0.65038 0.037663 0.88385
0.65023 0.037667 0.89149
0.65715 0.037665 0.88489
0.66556 0.037677 0.89654
0.64622 0.037685 0.91026
0.63853 0.037657 0.92895
0.66518 0.037684 0.90532
0.66133 0.037683 0.92054
0.6373 0.03762 0.94286
0.64297 0.034191 0.95415
0.65847 0.037605 0.9408
0.66648 0.033899 0.95518
0.68379 0.037691 0.044685
0.68594 0.037691 0.051244
0.70237 0.037688 0.040401
0.6937 0.037691 0.058504
0.70139 0.037692 0.07092
0.70009 0.037694 0.090449
0.67401 0.037692 0.099937
0.67486 0.037684 0.12068
0.67883 0.037658 0.13767
0.68133 0.037641 0.15403
0.68481 0.037623 0.16609
0.69756 0.037618 0.17073
0.68521 0.037566 0.20305
0.67644 0.037556 0.21417
0.70012 0.037555 0.21006
0.69272 0.03754 0.22305
0.68155 0.037507 0.23736
0.69277 0.03749 0.24386
0.69883 0.037486 0.249
0.68364 0.037381 0.2879
0.70043 0.037416 0.27758
0.69288 0.037387 0.28638
0.67599 0.037321 0.32583
0.6949 0.03734 0.31458
0.6939 0.037329 0.32151
0.68168 0.037242 0.34112
0.6736 0.037175 0.35574
0.68812 0.037212 0.35028
0.68276 0.037148 0.36486
0.665 0.037057 0.38006
0.65945 0.03699 0.39254
0.68503 0.037102 0.38323
0.68444 0.037087 0.39303
0.66673 0.036983 0.41012
0.66106 0.03697 0.43159
0.68044 0.037056 0.41013
0.68846 0.037067 0.42615
0.6645 0.036955 0.46419
0.68649 0.037032 0.44737
0.67067 0.037029 0.47963
0.68257 0.037119 0.49142
0.69705 0.037133 0.47602
0.70259 0.037236 0.49549
0.68139 0.037315 0.51234
0.68627 0.037431 0.52995
0.70513 0.037378 0.52028
0.68932 0.037481 0.53992
0.6967 0.037545 0.56836
0.70577 0.03744 0.53758
0.71339 0.037529 0.56799
0.6968 0.037678 0.61164
0.71115 0.037551 0.58038
0.71983 0.037635 0.60505
0.70394 0.03765 0.61767
0.71217 0.037638 0.62628
0.71306 0.037612 0.64363
0.69119 0.037607 0.66031
0.68878 0.037584 0.66825
0.70598 0.037603 0.65278
0.70482 0.037571 0.66775
0.68058 0.037496 0.70178
0.69806 0.03751 0.6958
0.68615 0.037517 0.7196
0.67677 0.037505 0.7312
0.69272 0.037521 0.71111
0.6822 0.037542 0.75517
0.67526 0.03755 0.7705
0.69845 0.037557 0.747
0.70214 0.037581 0.76827
0.67846 0.037566 0.77884
0.68049 0.037589 0.79732
0.69657 0.037588 0.77746
0.69041 0.037611 0.8046
0.67605 0.037612 0.81207
0.68961 0.037619 0.81006
0.69143 0.037644 0.83236
0.68319 0.03766 0.85279
0.69717 0.03766 0.84267
0.68994 0.037671 0.86867
0.68288 0.037672 0.87466
0.69339 0.037675 0.87356
0.6937 0.037686 0.89689
0.68116 0.037692 0.91048
0.67171 0.037637 0.93191
0.6917 0.037638 0.93107
0.68256 0.037586 0.94327
0.68385 0.033353 0.96354
0.6977 0.033521 0.95793
0.71214 0.037687 0.037316
0.71115 0.037688 0.054281
0.72772 0.037686 0.042333
0.73036 0.037687 0.060247
0.71394 0.037691 0.075315
0.73134 0.037688 0.074797
0.71455 0.037684 0.09974
0.71152 0.037671 0.12437
0.72978 0.037674 0.11082
0.73387 0.037667 0.12572
0.70984 0.037642 0.15514
0.73625 0.037654 0.14475
0.73416 0.037643 0.15695
0.71065 0.037619 0.17324
0.70871 0.037596 0.19017
0.72634 0.037632 0.1658
0.73552 0.037612 0.18425
0.7107 0.037583 0.19761
0.71031 0.037552 0.21664
0.72558 0.037573 0.20618
0.71752 0.037509 0.24374
0.73596 0.03751 0.25107
0.72051 0.037465 0.26763
0.71965 0.037423 0.28937
0.70716 0.037378 0.30665
0.71297 0.037329 0.32978
0.73366 0.037402 0.30751
0.72073 0.037332 0.33096
0.7136 0.037304 0.33663
0.71073 0.037227 0.3604
0.72584 0.037328 0.3371
0.72958 0.037293 0.35948
0.71079 0.037174 0.37967
0.69822 0.037133 0.39138
0.72104 0.037234 0.37161
0.71548 0.037171 0.39514
0.70314 0.03712 0.41409
0.72678 0.037237 0.40349
0.71668 0.037171 0.42162
0.70765 0.037109 0.43587
0.70181 0.037108 0.46089
0.72524 0.03723 0.44147
0.72215 0.037216 0.45727
0.71046 0.037154 0.46909
0.71366 0.037213 0.48789
0.71786 0.037192 0.46671
0.72772 0.037292 0.48916
0.72755 0.037335 0.50569
0.73523 0.037387 0.51962
0.72258 0.037471 0.54647
0.73936 0.037451 0.54439
0.74568 0.037499 0.56584
0.73336 0.037598 0.60469
0.74668 0.037523 0.57914
0.74217 0.037562 0.59112
0.72698 0.037613 0.63932
0.73852 0.037627 0.61378
0.74387 0.037628 0.63998
0.72397 0.037596 0.65721
0.72731 0.037584 0.66395
0.73645 0.037609 0.65237
0.73739 0.037604 0.67121
0.72145 0.037553 0.69112
0.71632 0.03755 0.69976
0.73318 0.037588 0.68285
0.73569 0.037584 0.69689
0.72207 0.037572 0.7188
0.70953 0.03756 0.73162
0.72651 0.037579 0.72781
0.71281 0.037578 0.7479
0.71198 0.037585 0.76205
0.73397 0.0376 0.74554
0.72963 0.037604 0.76416
0.71609 0.037618 0.7813
0.70672 0.037618 0.79723
0.72794 0.037627 0.78022
0.71586 0.037648 0.81966
0.70641 0.037653 0.8312
0.72863 0.037649 0.8084
0.71852 0.037671 0.8405
0.70602 0.037677 0.86262
0.72493 0.037674 0.84066
0.71278 0.037687 0.88396
0.70673 0.037685 0.88854
0.72301 0.037689 0.87549
0.73491 0.0377 0.8981
0.70554 0.037699 0.91091
0.71673 0.037696 0.91991
0.73311 0.037705 0.90746
0.71205 0.033416 0.95997
0.7342 0.037598 0.94116
0.74162 0.037685 0.043321
0.74431 0.037686 0.056886
0.76389 0.037683 0.058233
0.75886 0.037684 0.076386
0.75674 0.037683 0.090036
0.76743 0.037677 0.10344
0.75763 0.037676 0.11655
0.74634 0.037655 0.14424
0.74262 0.037651 0.14992
0.75924 0.037663 0.13267
0.76724 0.037644 0.15604
0.74398 0.037629 0.16896
0.74955 0.037601 0.1922
0.75956 0.03762 0.17609
0.75812 0.037603 0.19072
0.753 0.037583 0.2039
0.74728 0.037551 0.2283
0.76442 0.037568 0.22269
0.74662 0.037531 0.24184
0.76849 0.037557 0.23328
0.7509 0.037496 0.26702
0.73983 0.037455 0.28387
0.76479 0.037502 0.27075
0.74288 0.03739 0.32651
0.75625 0.037445 0.30121
0.75822 0.037422 0.32307
0.73954 0.037362 0.3389
0.73752 0.037312 0.36446
0.75803 0.037383 0.34455
0.76162 0.037375 0.35608
0.74675 0.037297 0.3786
0.74203 0.037281 0.38698
0.76417 0.037357 0.37453
0.75399 0.037306 0.38892
0.7394 0.037272 0.40193
0.73819 0.037265 0.4285
0.75996 0.037317 0.41055
0.73549 0.037264 0.44075
0.7373 0.037281 0.45949
0.75805 0.037309 0.44128
0.76211 0.037326 0.45195
0.74837 0.037296 0.46642
0.74149 0.037317 0.4854
0.76616 0.03736 0.47218
0.76559 0.037366 0.48261
0.76589 0.037396 0.5051
0.76198 0.037418 0.5281
0.75054 0.03745 0.54281
0.75276 0.037487 0.56209
0.76642 0.037455 0.53917
0.77554 0.037503 0.55531
0.76161 0.037511 0.58358
0.76754 0.037554 0.60166
0.77281 0.037569 0.60822
0.75099 0.037638 0.65292
0.7508 0.037636 0.66927
0.77049 0.037629 0.6516
0.75375 0.037642 0.68303
0.7501 0.037625 0.70208
0.77089 0.037636 0.68955
0.75297 0.037634 0.72073
0.74924 0.037623 0.73929
0.74847 0.037617 0.75626
0.74532 0.037617 0.76058
0.76362 0.037637 0.76273
0.74999 0.037651 0.78101
0.74862 0.037661 0.79929
0.75872 0.037649 0.77622
0.75264 0.037672 0.81876
0.75189 0.03768 0.83598
0.76036 0.037672 0.80998
0.76592 0.037679 0.82761
0.74227 0.037689 0.86263
0.76008 0.03769 0.85066
0.74704 0.037693 0.87174
0.74283 0.037703 0.89985
0.7595 0.037698 0.88054
0.75879 0.037703 0.895
0.74959 0.037707 0.904
0.76492 0.037713 0.91073
0.75748 0.037666 0.92989
0.7399 0.037608 0.94008
0.74158 0.033522 0.95794
0.7662 0.033392 0.96085
0.77523 0.03768 0.043771
0.78355 0.037679 0.052181
0.79785 0.037678 0.047258
0.80085 0.03768 0.062914
0.77902 0.037682 0.068147
0.79327 0.03768 0.089521
0.78421 0.03767 0.11244
0.78341 0.037662 0.12781
0.79472 0.03767 0.10918
0.79846 0.037665 0.12331
0.78451 0.037653 0.14245
0.78193 0.037645 0.15559
0.79121 0.037658 0.13554
0.79261 0.037644 0.16025
0.78207 0.037628 0.17551
0.80084 0.037644 0.16657
0.78997 0.037615 0.19381
0.78146 0.037599 0.20482
0.78409 0.037578 0.22609
0.79705 0.037604 0.20967
0.79297 0.037586 0.22509
0.77545 0.037559 0.23582
0.77461 0.037526 0.26152
0.79254 0.037574 0.23472
0.79267 0.037554 0.25265
0.79501 0.037533 0.27436
0.77145 0.037464 0.3122
0.77707 0.037458 0.3276
0.80046 0.037515 0.29986
0.78881 0.037476 0.32167
0.77725 0.037432 0.34421
0.77569 0.037407 0.36022
0.78755 0.037451 0.33677
0.78662 0.037424 0.35621
0.7781 0.037389 0.37543
0.78168 0.037376 0.39154
0.7957 0.03743 0.37374
0.79618 0.037419 0.39213
0.77993 0.037365 0.40617
0.77641 0.037356 0.42106
0.78801 0.037386 0.40346
0.79307 0.0374 0.42652
0.77618 0.037361 0.4418
0.79157 0.037398 0.44442
0.78931 0.037389 0.44887
0.77345 0.037373 0.4688
0.78032 0.037391 0.48476
0.79284 0.03741 0.46728
0.8018 0.037459 0.48991
0.78659 0.037426 0.51008
0.79568 0.037448 0.50662
0.80393 0.037502 0.52845
0.78088 0.037513 0.55928
0.79922 0.037495 0.53405
0.80319 0.037534 0.5623
0.78818 0.037526 0.58001
0.78596 0.037543 0.59116
0.80175 0.037538 0.57856
0.79203 0.037556 0.60584
0.79961 0.037561 0.60789
0.78172 0.037627 0.64482
0.78066 0.037635 0.66505
0.8034 0.037625 0.64961
0.79777 0.037632 0.67069
0.78059 0.037638 0.68923
0.78218 0.037638 0.69723
0.80285 0.037645 0.68659
0.80224 0.037646 0.69177
0.78577 0.037643 0.71614
0.77529 0.037645 0.73736
0.79173 0.037654 0.73802
0.78166 0.037653 0.74666
0.78468 0.037665 0.76859
0.80184 0.037669 0.74624
0.79913 0.037689 0.7981
0.77454 0.037678 0.81932
0.78064 0.037687 0.83374
0.79103 0.037686 0.80968
0.80084 0.037696 0.83346
0.77941 0.037697 0.85574
0.79088 0.037696 0.8448
0.7809 0.037705 0.87925
0.77461 0.037708 0.89701
0.79801 0.037711 0.89371
0.77967 0.037668 0.93183
0.79416 0.037717 0.91419
0.78393 0.037617 0.9482
0.77503 0.033357 0.96313
0.79333 0.037629 0.94184
0.79838 0.033699 0.9563
0.80523 0.037678 0.046565
0.80588 0.037679 0.053808
0.83087 0.037677 0.046763
0.83329 0.037677 0.05194
0.80536 0.037681 0.076403
0.80698 0.037678 0.091501
0.83012 0.037676 0.072447
0.82319 0.037676 0.088859
0.81215 0.037673 0.10366
0.81096 0.037668 0.12135
0.82225 0.037672 0.10666
0.82924 0.03767 0.12374
0.82933 0.037667 0.13869
0.8221 0.037649 0.17232
0.82208 0.03764 0.18403
0.81298 0.037622 0.20465
0.80626 0.037604 0.22015
0.83354 0.037627 0.21067
0.83 0.037619 0.22062
0.80714 0.037589 0.23569
0.81022 0.037574 0.25607
0.83151 0.03759 0.25601
0.81797 0.037555 0.27909
0.81303 0.037548 0.28797
0.83341 0.037574 0.27595
0.82639 0.037553 0.29157
0.81667 0.037534 0.30083
0.81087 0.037511 0.31729
0.82798 0.037545 0.30224
0.82083 0.037513 0.32641
0.80791 0.037483 0.34204
0.81251 0.037484 0.35163
0.82178 0.037502 0.34426
0.80709 0.037462 0.37627
0.80589 0.03745 0.39483
0.83028 0.037501 0.37627
0.80627 0.037449 0.40715
0.8071 0.037452 0.4256
0.82467 0.037477 0.42067
0.808 0.037456 0.43965
0.8176 0.037465 0.45161
0.83167 0.03749 0.43675
0.81056 0.037472 0.46941
0.80714 0.037478 0.49008
0.8083 0.037496 0.50964
0.81833 0.037508 0.51906
0.82965 0.03752 0.51938
0.81722 0.037549 0.55505
0.82652 0.037543 0.5511
0.81899 0.037578 0.59971
0.83772 0.037586 0.57876
0.83328 0.03759 0.59669
0.82141 0.037577 0.61613
0.82231 0.037595 0.63183
0.83531 0.037596 0.61027
0.82939 0.037596 0.62821
0.81503 0.037628 0.65098
0.81539 0.037633 0.65793
0.82953 0.037608 0.63969
0.82007 0.037645 0.67371
0.81232 0.037662 0.70365
0.83033 0.03766 0.69145
0.81442 0.037669 0.71503
0.82859 0.037671 0.71345
0.81047 0.037675 0.74131
0.81083 0.037684 0.76646
0.83609 0.037689 0.74473
0.83632 0.037694 0.75958
0.80762 0.037687 0.77936
0.81086 0.037694 0.80019
0.83467 0.037698 0.78237
0.8283 0.037698 0.79675
0.81338 0.037698 0.80939
0.82735 0.037707 0.8295
0.80714 0.037704 0.84934
0.81338 0.037707 0.86177
0.83208 0.037709 0.8451
0.83147 0.037711 0.86388
0.81709 0.037709 0.87384
0.80657 0.037711 0.89234
0.82846 0.037713 0.88236
0.80817 0.037715 0.90715
0.80714 0.037699 0.92203
0.82084 0.037716 0.90826
0.80706 0.037627 0.9383
0.8146 0.033383 0.96121
0.82916 0.037581 0.9482
0.82283 0.033354 0.96343
0.8439 0.037675 0.044535
0.84087 0.037675 0.054503
0.86276 0.037673 0.044705
0.84689 0.037671 0.078342
0.85038 0.037671 0.090335
0.8537 0.037671 0.073614
0.85553 0.03767 0.088639
0.85719 0.037673 0.10689
0.85663 0.037667 0.13001
0.84168 0.037662 0.14453
0.84842 0.037655 0.15673
0.86068 0.037662 0.14017
0.85471 0.037656 0.15015
0.83959 0.037646 0.17856
0.84205 0.037642 0.18929
0.85876 0.03765 0.1787
0.86655 0.037646 0.19357
0.85082 0.037635 0.20596
0.83908 0.037618 0.22646
0.86197 0.037638 0.20795
0.8542 0.037623 0.22794
0.84911 0.03761 0.24193
0.8586 0.037616 0.24245
0.86065 0.037613 0.253
0.85736 0.037601 0.27138
0.8593 0.03759 0.2918
0.84403 0.037562 0.31127
0.83752 0.037545 0.32057
0.86161 0.037584 0.30384
0.85647 0.037572 0.31639
0.84166 0.037535 0.35058
0.85792 0.037561 0.33844
0.86575 0.037561 0.35718
0.84475 0.037526 0.37639
0.85382 0.037533 0.3749
0.86264 0.037543 0.38741
0.84872 0.037521 0.40648
0.85015 0.037518 0.41944
0.85438 0.037527 0.40135
0.86381 0.037539 0.42679
0.84289 0.037513 0.43811
0.83776 0.037503 0.45325
0.85698 0.037526 0.44244
0.86221 0.037535 0.45716
0.84137 0.037513 0.47396
0.84635 0.037524 0.48856
0.84625 0.037542 0.51042
0.85314 0.037557 0.52935
0.86844 0.037575 0.52019
0.84985 0.037564 0.53995
0.85135 0.037575 0.55573
0.86723 0.037582 0.54057
0.86505 0.037585 0.55368
0.85349 0.037589 0.57586
0.84656 0.037611 0.59608
0.86701 0.0376 0.57454
0.85978 0.037606 0.59172
0.85451 0.037633 0.62271
0.86423 0.037621 0.60343
0.85881 0.037639 0.63353
0.85328 0.03765 0.66301
0.86826 0.037649 0.64172
0.86215 0.037656 0.66645
0.85177 0.037654 0.68331
0.84315 0.037661 0.69299
0.86398 0.037662 0.67529
0.86607 0.037677 0.70059
0.84407 0.037672 0.71129
0.85003 0.037684 0.72923
0.8581 0.037672 0.70746
0.85837 0.037686 0.73192
0.84728 0.03769 0.74207
0.84416 0.037699 0.76818
0.8594 0.0377 0.76373
0.84026 0.037704 0.79847
0.86284 0.037705 0.77441
0.86666 0.03771 0.79333
0.84325 0.03771 0.81795
0.86515 0.037711 0.80761
0.86191 0.037712 0.82487
0.84487 0.037711 0.84518
0.86144 0.037713 0.8409
0.86231 0.037714 0.85822
0.84703 0.037718 0.87683
0.84249 0.037717 0.89741
0.86088 0.037718 0.87104
0.84576 0.03771 0.91904
0.86441 0.037718 0.90582
0.85594 0.037701 0.92201
0.85012 0.037655 0.93581
0.84323 0.033402 0.96046
0.86322 0.037665 0.93534
0.86145 0.033353 0.96355
0.87033 0.037673 0.039029
0.87209 0.037672 0.060637
0.88668 0.037672 0.039831
0.88814 0.037672 0.051661
0.88161 0.037669 0.075843
0.88219 0.037669 0.091277
0.89655 0.037671 0.077926
0.89081 0.03767 0.085239
0.88157 0.03767 0.10775
0.88239 0.037667 0.12627
0.89068 0.037669 0.11748
0.87563 0.037664 0.13641
0.88288 0.03766 0.15636
0.8942 0.037663 0.14605
0.88949 0.037661 0.16008
0.87731 0.037652 0.18864
0.89357 0.03766 0.16759
0.89769 0.037657 0.18733
0.87265 0.037645 0.20148
0.87799 0.037642 0.21714
0.89126 0.037648 0.20853
0.88718 0.037644 0.21965
0.87061 0.037631 0.23479
0.87361 0.037615 0.27218
0.87563 0.037607 0.28731
0.89821 0.037631 0.26659
0.89109 0.037616 0.28949
0.8716 0.03759 0.31214
0.88127 0.037598 0.32019
0.88811 0.037609 0.30056
0.88708 0.037601 0.31709
0.87833 0.037585 0.34238
0.89409 0.037599 0.33694
0.899 0.037598 0.35056
0.87863 0.037573 0.37755
0.87132 0.037558 0.38535
0.89295 0.037588 0.36963
0.89603 0.037587 0.39044
0.87393 0.037559 0.40539
0.87635 0.037561 0.41802
0.89735 0.037586 0.41131
0.89297 0.037579 0.41712
0.88323 0.037567 0.43976
0.8875 0.03757 0.44993
0.88278 0.03757 0.47907
0.88118 0.037579 0.49409
0.88778 0.03758 0.49234
0.87249 0.037572 0.50403
0.88049 0.037599 0.5292
0.89115 0.037597 0.51222
0.89306 0.037605 0.52524
0.87718 0.037598 0.53942
0.89289 0.037609 0.53753
0.89726 0.037621 0.55201
0.88246 0.037618 0.57452
0.88041 0.037632 0.59771
0.89433 0.037625 0.57493
0.89139 0.037635 0.59852
0.87953 0.037637 0.60619
0.88465 0.037653 0.63225
0.89102 0.037643 0.60978
0.89051 0.037652 0.62729
0.88288 0.037662 0.65028
0.89181 0.037664 0.64791
0.89471 0.037675 0.66023
0.87538 0.037677 0.67683
0.90036 0.037698 0.69928
0.87441 0.037693 0.71521
0.88274 0.037703 0.73229
0.89713 0.037701 0.70574
0.89249 0.037703 0.72482
0.8756 0.037702 0.7475
0.874 0.037706 0.767
0.88918 0.037706 0.74525
0.89926 0.037708 0.76582
0.8762 0.03771 0.78222
0.88007 0.037712 0.79883
0.8916 0.037711 0.78958
0.87299 0.037714 0.81703
0.87892 0.037714 0.82599
0.89052 0.037713 0.80616
0.87806 0.037714 0.84151
0.88251 0.037717 0.8644
0.89556 0.037714 0.84046
0.88738 0.037716 0.85952
0.8756 0.03772 0.89157
0.89293 0.037718 0.87041
0.8958 0.03772 0.89014
0.88081 0.037719 0.90374
0.88194 0.037692 0.92899
0.89379 0.037717 0.91011
0.89722 0.037678 0.93054
0.87308 0.037658 0.94084
0.89853 0.033386 0.96109
0.90553 0.037673 0.037472
0.91237 0.037673 0.053954
0.92254 0.037653 0.038774
0.91541 0.037673 0.074979
0.9043 0.037671 0.089825
0.92884 0.037631 0.094038
0.91189 0.03767 0.10814
0.91013 0.037668 0.12839
0.92137 0.037657 0.10304
0.92388 0.037648 0.11741
0.90622 0.037667 0.13369
0.90868 0.037665 0.15742
0.92245 0.037651 0.13815
0.91421 0.037659 0.18661
0.92808 0.037636 0.17021
0.93081 0.037617 0.19482
0.91513 0.037654 0.20379
0.91273 0.037648 0.22077
0.92727 0.037614 0.2078
0.91929 0.03764 0.22477
0.90885 0.03764 0.24476
0.92791 0.037612 0.24132
0.92199 0.037626 0.25445
0.90892 0.037634 0.26833
0.93143 0.037596 0.27798
0.93056 0.037595 0.29226
0.91204 0.037619 0.3238
0.9236 0.037612 0.30071
0.92247 0.037611 0.32061
0.90444 0.037609 0.33459
0.90726 0.037605 0.35979
0.92918 0.037595 0.33547
0.91949 0.037609 0.35405
0.90617 0.037602 0.37025
0.91092 0.037604 0.38937
0.9248 0.037579 0.39395
0.92471 0.037578 0.40181
0.93032 0.037559 0.42918
0.90575 0.037596 0.45395
0.92683 0.037573 0.43411
0.90807 0.037603 0.47968
0.90552 0.037608 0.49555
0.92724 0.037574 0.4716
0.92473 0.037586 0.48566
0.91206 0.037621 0.50333
0.91316 0.037632 0.52335
0.92855 0.037592 0.51253
0.92608 0.037603 0.51968
0.92474 0.037613 0.53842
0.92674 0.037615 0.55535
0.91606 0.037661 0.59711
0.92634 0.037641 0.57641
0.92993 0.037653 0.59653
0.9119 0.037664 0.60644
0.90701 0.03767 0.62388
0.92339 0.037664 0.60749
0.92492 0.037668 0.62005
0.90554 0.037679 0.64539
0.93279 0.037637 0.64905
0.92383 0.037672 0.66504
0.9143 0.037691 0.68982
0.92547 0.037661 0.68294
0.92859 0.037649 0.69772
0.9135 0.0377 0.70674
0.92324 0.037676 0.71074
0.91045 0.037707 0.74284
0.91368 0.037708 0.76198
0.92041 0.037695 0.73885
0.91973 0.037701 0.76705
0.91485 0.037709 0.77412
0.91383 0.037709 0.79048
0.9262 0.037683 0.77818
0.92685 0.03768 0.7976
0.90541 0.037712 0.81759
0.91261 0.037711 0.82392
0.92133 0.037696 0.80503
0.919 0.037705 0.8277
0.9065 0.037714 0.84683
0.90685 0.037716 0.8633
0.92374 0.037683 0.83753
0.91943 0.037707 0.86277
0.91221 0.037718 0.87405
0.91944 0.03771 0.87269
0.93074 0.037672 0.89011
0.90782 0.037716 0.91019
0.90895 0.037673 0.92903
0.92079 0.0377 0.9092
0.92869 0.037633 0.92512
0.90744 0.037633 0.94101
0.91343 0.033447 0.95919
0.91921 0.037616 0.93951
0.92435 0.033401 0.96044
0.93777 0.037595 0.042091
0.93803 0.037594 0.054518
0.95403 0.034217 0.037235
0.95746 0.033557 0.061073
0.93502 0.037605 0.074304
0.95994 0.033416 0.087112
0.94684 0.037573 0.10538
0.95914 0.033448 0.12678
0.9467 0.037569 0.14425
0.94324 0.037584 0.15454
0.95839 0.033488 0.13986
0.95182 0.03548 0.15685
0.93635 0.037615 0.17027
0.94605 0.037575 0.1937
0.95497 0.033937 0.19515
0.93984 0.037575 0.20358
0.9399 0.037567 0.22624
0.96319 0.033356 0.21224
0.96096 0.033388 0.21923
0.94064 0.037581 0.24489
0.94669 0.037568 0.25032
0.96086 0.03339 0.23479
0.9524 0.034977 0.2614
0.94338 0.037568 0.26873
0.93991 0.037571 0.2857
0.95952 0.033429 0.27308
0.94142 0.037565 0.29966
0.94096 0.03757 0.32776
0.95467 0.033989 0.2993
0.96436 0.033347 0.3221
0.94541 0.037567 0.33978
0.94294 0.037564 0.35451
0.95848 0.033475 0.35739
0.93992 0.037553 0.36579
0.94703 0.0375 0.3953
0.96415 0.033348 0.37724
0.95177 0.035275 0.39408
0.94534 0.037502 0.4049
0.9634 0.033353 0.4079
0.95613 0.033681 0.42675
0.94098 0.03753 0.44317
0.94511 0.037519 0.45008
0.95317 0.034445 0.43376
0.95954 0.033424 0.45108
0.939 0.03753 0.4713
0.96349 0.033353 0.47813
0.95493 0.033902 0.49412
0.94593 0.03753 0.50809
0.94206 0.037548 0.52168
0.95272 0.03472 0.51118
0.95961 0.033425 0.52639
0.93701 0.037577 0.55458
0.96429 0.033348 0.53894
0.95836 0.033489 0.5573
0.94365 0.037644 0.59443
0.94063 0.037643 0.61371
0.94082 0.037636 0.62275
0.95963 0.033431 0.62803
0.9442 0.037604 0.63995
0.96127 0.033383 0.63772
0.96355 0.033353 0.66019
0.94847 0.037575 0.67804
0.95993 0.033418 0.67616
0.95913 0.03345 0.69723
0.94066 0.037591 0.7155
0.93969 0.037596 0.72653
0.9541 0.034211 0.71724
0.95478 0.034002 0.72241
0.94345 0.037586 0.75752
0.95546 0.033844 0.74884
0.95959 0.03343 0.75772
0.94115 0.037642 0.78113
0.94114 0.037632 0.80077
0.95757 0.033554 0.7891
0.9396 0.037631 0.80581
0.95403 0.034238 0.81389
0.95895 0.033458 0.83207
0.93803 0.037612 0.84744
0.9649 0.033345 0.85832
0.94262 0.037636 0.88692
0.95939 0.033438 0.8714
0.93768 0.037605 0.92236
0.95623 0.033701 0.90831
0.96455 0.033346 0.92089
0.93857 0.03755 0.93674
0.94215 0.033486 0.95839
0.95919 0.033443 0.9427
0.95416 0.033343 0.96278
