2635
1 1 1
0.034981 0.037644 0.044816
0.041026 0.037644 0.054118
0.062406 0.037645 0.035659
0.058436 0.037645 0.051355
0.046136 0.037646 0.068758
0.043599 0.037646 0.092972
0.059806 0.037646 0.080454
0.056266 0.037646 0.09663
0.038571 0.037645 0.11012
0.041267 0.037647 0.12002
0.063359 0.037644 0.10684
0.062855 0.037651 0.14231
0.040418 0.037642 0.18781
0.058383 0.037643 0.17781
0.061165 0.037642 0.19334
0.036164 0.037642 0.1981
0.040392 0.037643 0.22378
0.053323 0.037643 0.20312
0.056421 0.037643 0.21639
0.047826 0.037642 0.23273
0.042334 0.037642 0.25376
0.052959 0.037642 0.23904
0.06175 0.037642 0.25357
0.047307 0.037643 0.26551
0.046467 0.037645 0.28244
0.05578 0.037644 0.27445
0.063302 0.037645 0.28311
0.062084 0.037649 0.30393
0.057648 0.037651 0.31894
0.045181 0.037652 0.34007
0.062284 0.037652 0.34864
0.046171 0.037651 0.36995
0.045171 0.037652 0.38335
0.060741 0.037652 0.36784
0.056034 0.037656 0.38962
0.044526 0.037658 0.40028
0.037556 0.037662 0.41979
0.060386 0.037661 0.40306
0.054044 0.037664 0.41459
0.042307 0.037664 0.44307
0.058958 0.037668 0.4408
0.058093 0.037669 0.45715
0.041692 0.037666 0.47082
0.043524 0.037666 0.48586
0.051928 0.037669 0.47055
0.057511 0.037668 0.48953
0.038328 0.037656 0.5061
0.038025 0.03765 0.52768
0.054302 0.037658 0.50812
0.058546 0.037655 0.5267
0.045151 0.037649 0.53943
0.042869 0.037651 0.56568
0.06048 0.037654 0.5379
0.059157 0.037653 0.55908
0.037018 0.037652 0.57709
0.035894 0.037655 0.5999
0.051266 0.037654 0.57565
0.053194 0.037657 0.59614
0.043477 0.037656 0.60478
0.036217 0.037655 0.63233
0.051185 0.037658 0.61091
0.057139 0.03766 0.62385
0.051243 0.037653 0.65194
0.053214 0.037656 0.664
0.047331 0.037655 0.6759
0.052323 0.037657 0.67408
0.057877 0.037659 0.69178
0.035991 0.037652 0.73293
0.059717 0.037653 0.71622
0.051573 0.037653 0.72567
0.04343 0.037652 0.74912
0.03704 0.037653 0.76455
0.058866 0.037652 0.7459
0.051922 0.037653 0.76267
0.040779 0.037653 0.77498
0.037216 0.037653 0.80102
0.058057 0.037654 0.78336
0.056146 0.037654 0.79301
0.039736 0.037653 0.82733
0.052766 0.037653 0.81555
0.058347 0.037653 0.83269
0.038041 0.037654 0.8441
0.035022 0.037653 0.86264
0.053668 0.037654 0.83854
0.056019 0.037653 0.86062
0.035579 0.037652 0.87226
0.045116 0.037654 0.89327
0.057991 0.03765 0.87951
0.056482 0.037651 0.88954
0.041923 0.037662 0.91249
0.037083 0.033389 0.95628
0.058601 0.037551 0.94492
0.061062 0.033559 0.95428
0.079234 0.037646 0.045213
0.075117 0.037645 0.059534
0.078135 0.037644 0.088001
0.094307 0.037644 0.073714
0.091647 0.037643 0.08796
0.071256 0.037644 0.10597
0.072328 0.037646 0.12869
0.085181 0.037642 0.10841
0.089385 0.037642 0.12181
0.069843 0.037649 0.13951
0.089503 0.037644 0.13588
0.092875 0.037643 0.15719
0.071964 0.037643 0.17501
0.067993 0.037642 0.18981
0.094352 0.03764 0.17482
0.094861 0.037641 0.18995
0.077244 0.037643 0.20466
0.075903 0.037643 0.22144
0.088771 0.037643 0.20972
0.097062 0.037641 0.22528
0.069672 0.037641 0.24242
0.072248 0.037641 0.2488
0.085522 0.037641 0.24299
0.089904 0.037642 0.25113
0.076009 0.037644 0.2715
0.075059 0.037646 0.28871
0.095529 0.037644 0.27151
0.06816 0.037649 0.30522
0.068528 0.03765 0.32415
0.092794 0.037646 0.30369
0.090676 0.037649 0.3247
0.07132 0.037651 0.34313
0.089689 0.037651 0.339
0.088358 0.037654 0.35388
0.075706 0.037653 0.37682
0.091335 0.037657 0.37016
0.094953 0.03766 0.38188
0.069113 0.037664 0.40831
0.073066 0.037668 0.42164
0.092809 0.037674 0.41046
0.085933 0.037676 0.41711
0.068787 0.037671 0.44387
0.083266 0.037676 0.43571
0.084447 0.03768 0.45487
0.073477 0.037673 0.47297
0.077503 0.037674 0.48362
0.089255 0.037683 0.47884
0.088413 0.03768 0.48985
0.068592 0.037665 0.50166
0.084424 0.03767 0.51897
0.076423 0.037659 0.53601
0.071462 0.037656 0.56464
0.08172 0.03766 0.56228
0.073288 0.037657 0.57086
0.068989 0.03766 0.59983
0.084731 0.037666 0.57116
0.087459 0.037668 0.59518
0.073763 0.037664 0.62983
0.089068 0.037669 0.61298
0.094051 0.037667 0.62247
0.072518 0.037662 0.64296
0.092004 0.037664 0.6662
0.067921 0.037662 0.68279
0.08547 0.037667 0.6752
0.088666 0.037663 0.69481
0.076048 0.037655 0.71265
0.067519 0.037652 0.73353
0.090721 0.037656 0.72515
0.070963 0.037652 0.74609
0.075925 0.037652 0.75833
0.087888 0.037653 0.7422
0.084938 0.037653 0.76307
0.071293 0.037653 0.77415
0.072924 0.037653 0.79977
0.094048 0.037653 0.78556
0.072288 0.037652 0.81655
0.080128 0.03765 0.82395
0.092849 0.037651 0.80747
0.090016 0.037651 0.8328
0.074616 0.037653 0.84272
0.074503 0.037652 0.86197
0.089825 0.03765 0.86574
0.076628 0.037648 0.88288
0.088396 0.037649 0.87397
0.085163 0.037648 0.89051
0.071349 0.037657 0.9099
0.076909 0.037634 0.93096
0.088909 0.037652 0.90288
0.07134 0.037607 0.93871
0.085931 0.037622 0.94737
0.11065 0.03764 0.039031
0.10606 0.037641 0.057389
0.12669 0.037638 0.037884
0.12215 0.037638 0.052236
0.10284 0.037643 0.068373
0.10729 0.037642 0.094307
0.12443 0.037639 0.096538
0.10573 0.03764 0.11025
0.11394 0.037639 0.12858
0.12541 0.037636 0.11824
0.10778 0.03764 0.14098
0.10284 0.037641 0.15559
0.12699 0.037638 0.15565
0.10794 0.037638 0.17245
0.10668 0.037638 0.18713
0.12789 0.037637 0.16664
0.11916 0.037638 0.19327
0.11318 0.037639 0.21627
0.11806 0.037638 0.20049
0.11724 0.03764 0.22664
0.10601 0.03764 0.23773
0.10093 0.037641 0.25536
0.12108 0.037641 0.23699
0.10683 0.037642 0.27281
0.1065 0.037641 0.28544
0.12073 0.037641 0.27643
0.12885 0.037639 0.28298
0.10697 0.03764 0.30289
0.10757 0.037643 0.32519
0.12838 0.037641 0.30834
0.11685 0.03764 0.31699
0.10432 0.037646 0.33293
0.10528 0.037652 0.35742
0.11593 0.037651 0.3524
0.099472 0.037655 0.36441
0.11636 0.03766 0.36875
0.12209 0.037677 0.39243
0.10254 0.037668 0.39714
0.102 0.037679 0.42414
0.11285 0.037682 0.42433
0.09815 0.037682 0.4366
0.099029 0.037684 0.44859
0.11328 0.03769 0.44312
0.11494 0.037694 0.45566
0.098244 0.037684 0.4695
0.10628 0.037684 0.48618
0.11591 0.037697 0.47081
0.12144 0.037703 0.48814
0.10251 0.037677 0.50248
0.097985 0.037671 0.52464
0.11816 0.037684 0.52491
0.10386 0.037674 0.53747
0.099574 0.037674 0.55933
0.12015 0.037688 0.54285
0.097782 0.037671 0.58237
0.099982 0.03767 0.59556
0.11706 0.037683 0.57602
0.11867 0.037675 0.60144
0.10786 0.037663 0.61725
0.10805 0.03766 0.62723
0.12456 0.037662 0.63252
0.10528 0.037657 0.64629
0.10497 0.037657 0.65931
0.11829 0.037659 0.64095
0.11549 0.037654 0.66807
0.10395 0.037658 0.68462
0.12106 0.037656 0.68438
0.10714 0.037659 0.72974
0.12595 0.037656 0.70817
0.12744 0.037654 0.73551
0.10157 0.037655 0.74064
0.10565 0.037652 0.75697
0.12015 0.03765 0.76516
0.10721 0.03765 0.77609
0.12803 0.037645 0.78004
0.11783 0.037647 0.79211
0.10905 0.03765 0.83044
0.11786 0.037649 0.80592
0.12122 0.037649 0.83437
0.11041 0.03765 0.84024
0.12629 0.037646 0.84351
0.12612 0.037645 0.85699
0.10876 0.037647 0.87656
0.11247 0.037647 0.89295
0.12888 0.037644 0.88325
0.12241 0.037647 0.89775
0.10346 0.037651 0.91003
0.12174 0.037648 0.91228
0.12018 0.037625 0.92545
0.10506 0.037606 0.9385
0.12991 0.037552 0.94646
0.12829 0.033334 0.96457
0.14195 0.037636 0.039786
0.1574 0.037633 0.035266
0.15903 0.037632 0.053336
0.13459 0.037637 0.076222
0.1399 0.037634 0.095376
0.15274 0.037633 0.071953
0.15707 0.037631 0.090493
0.13949 0.037633 0.10641
0.14107 0.037632 0.11774
0.15162 0.037629 0.11104
0.1559 0.037629 0.1166
0.13448 0.037636 0.13768
0.13546 0.037637 0.15929
0.16003 0.037633 0.15289
0.13398 0.037636 0.17803
0.15788 0.037633 0.17252
0.15661 0.037633 0.18409
0.13642 0.037636 0.2051
0.14229 0.037637 0.22486
0.15936 0.037633 0.20636
0.1354 0.037638 0.23742
0.14529 0.037637 0.25266
0.15123 0.037637 0.23046
0.15877 0.037636 0.2587
0.13778 0.037637 0.26685
0.13704 0.037638 0.28866
0.15597 0.037637 0.26657
0.15253 0.037639 0.28535
0.14463 0.037639 0.30246
0.13248 0.037642 0.31332
0.15795 0.037643 0.29661
0.14986 0.037646 0.31961
0.13465 0.037651 0.34155
0.14365 0.037653 0.34818
0.15451 0.037652 0.33005
0.14001 0.037662 0.37236
0.13425 0.037667 0.38117
0.1573 0.037671 0.37497
0.12985 0.037694 0.41953
0.14361 0.037699 0.42285
0.13667 0.037701 0.43859
0.12995 0.037704 0.45261
0.14832 0.037711 0.4411
0.14641 0.037715 0.45104
0.13056 0.037709 0.46837
0.12873 0.037708 0.48535
0.14783 0.037728 0.47065
0.13712 0.037691 0.50909
0.1364 0.037683 0.52363
0.15319 0.037716 0.50043
0.13046 0.037683 0.54535
0.13701 0.037674 0.56753
0.144 0.037682 0.54985
0.15314 0.037699 0.55452
0.13794 0.037668 0.58399
0.13323 0.037669 0.5968
0.15255 0.037679 0.58403
0.1516 0.037673 0.59638
0.13279 0.037665 0.61392
0.13567 0.037661 0.63147
0.15386 0.037668 0.61878
0.14942 0.037665 0.62896
0.13921 0.037655 0.66277
0.1581 0.037664 0.6481
0.14869 0.037658 0.66416
0.13678 0.037653 0.67584
0.14274 0.037649 0.69627
0.14698 0.037652 0.67967
0.14951 0.037649 0.70382
0.13149 0.037653 0.70733
0.14281 0.037646 0.73504
0.15394 0.03765 0.71025
0.14961 0.037644 0.7349
0.14286 0.037645 0.75042
0.13664 0.037644 0.76767
0.15522 0.037644 0.7414
0.15888 0.037639 0.75773
0.13962 0.037641 0.7944
0.15302 0.03764 0.77792
0.15452 0.03764 0.79999
0.14509 0.037642 0.80816
0.1425 0.037643 0.82914
0.16343 0.037639 0.81558
0.15577 0.037639 0.82948
0.14063 0.037641 0.8481
0.14718 0.037638 0.86308
0.16027 0.037635 0.84694
0.16036 0.037634 0.86235
0.13717 0.037643 0.87719
0.15709 0.037639 0.88135
0.15549 0.037641 0.89798
0.13525 0.037646 0.90924
0.14025 0.037603 0.92846
0.15754 0.037642 0.91129
0.15514 0.037609 0.92542
0.13645 0.034048 0.95259
0.15888 0.037544 0.94079
0.15853 0.033335 0.96144
0.1711 0.037628 0.044837
0.17802 0.037626 0.061186
0.18732 0.037624 0.045533
0.18634 0.037625 0.055111
0.17086 0.037628 0.076326
0.17463 0.037628 0.092016
0.18991 0.037624 0.07788
0.18962 0.037625 0.093117
0.16999 0.037628 0.10595
0.17419 0.037627 0.12877
0.18432 0.037626 0.10739
0.19127 0.037625 0.11803
0.17277 0.037627 0.14068
0.17953 0.037626 0.15393
0.18764 0.037625 0.14524
0.19201 0.037625 0.15044
0.17921 0.037628 0.19326
0.19084 0.037625 0.17206
0.18629 0.037629 0.18862
0.17534 0.03763 0.22627
0.18766 0.037629 0.20129
0.18687 0.037632 0.21955
0.1731 0.037631 0.23859
0.17532 0.037631 0.25658
0.1873 0.03763 0.24843
0.18859 0.037632 0.26965
0.18414 0.03764 0.28776
0.16659 0.037642 0.29589
0.1729 0.03765 0.31286
0.18644 0.037651 0.30723
0.18886 0.037658 0.32372
0.16524 0.037654 0.33998
0.16789 0.037656 0.34676
0.18247 0.037657 0.33533
0.18543 0.037665 0.34466
0.17356 0.03767 0.36912
0.1836 0.037682 0.37185
0.17989 0.037682 0.3887
0.16736 0.037687 0.4232
0.18745 0.037695 0.40044
0.18697 0.037704 0.41913
0.16669 0.037698 0.43609
0.16709 0.037708 0.45112
0.18226 0.037711 0.43266
0.17506 0.037719 0.4575
0.16277 0.037728 0.48557
0.1759 0.037744 0.47629
0.17849 0.037754 0.48464
0.1615 0.037716 0.50145
0.16124 0.037706 0.52982
0.1799 0.037749 0.50742
0.17749 0.037737 0.52958
0.16155 0.037708 0.54516
0.1736 0.037711 0.56287
0.16932 0.037683 0.5802
0.16049 0.037675 0.59325
0.1814 0.0377 0.58632
0.17629 0.037674 0.59868
0.1697 0.037663 0.61005
0.16413 0.037662 0.63161
0.17725 0.037669 0.60824
0.17771 0.037661 0.62737
0.16483 0.037663 0.65014
0.16694 0.037661 0.66009
0.1895 0.037682 0.65442
0.1902 0.037675 0.66599
0.16734 0.037656 0.67801
0.16653 0.037652 0.69382
0.17989 0.037658 0.6759
0.18318 0.037655 0.69573
0.17306 0.037646 0.7208
0.16994 0.037642 0.7324
0.1831 0.037651 0.70864
0.18411 0.037639 0.73721
0.17665 0.037632 0.75154
0.16984 0.037634 0.75915
0.18545 0.037633 0.7509
0.16942 0.037638 0.79364
0.18987 0.037634 0.77382
0.18945 0.037635 0.79989
0.17477 0.037636 0.80816
0.18801 0.037633 0.81581
0.1897 0.037629 0.8304
0.17939 0.037628 0.8407
0.17036 0.03763 0.85702
0.18846 0.037626 0.84751
0.18658 0.037625 0.8545
0.16853 0.037634 0.87603
0.16845 0.037636 0.89224
0.19441 0.037623 0.87086
0.19363 0.037626 0.89021
0.17044 0.037589 0.92912
0.1856 0.03758 0.93011
0.18013 0.033681 0.95358
0.18726 0.037543 0.9385
0.1924 0.033395 0.95609
0.20192 0.037621 0.044285
0.21021 0.037619 0.058469
0.22368 0.037616 0.034972
0.22177 0.037616 0.056244
0.2089 0.037619 0.068579
0.20564 0.03762 0.088342
0.22627 0.037614 0.070703
0.22285 0.037616 0.093069
0.21132 0.037618 0.1004
0.20535 0.037621 0.12637
0.22806 0.037615 0.10093
0.21985 0.037618 0.12091
0.20431 0.037622 0.14152
0.19995 0.037622 0.17291
0.21024 0.037624 0.18897
0.22645 0.037612 0.1718
0.22882 0.037612 0.18273
0.2055 0.037629 0.19962
0.22292 0.037624 0.1994
0.21108 0.03763 0.2372
0.22473 0.037635 0.23195
0.22204 0.037641 0.25541
0.20406 0.037624 0.27192
0.19915 0.037627 0.28007
0.2224 0.037635 0.26601
0.2156 0.037619 0.28407
0.20718 0.037624 0.30458
0.20494 0.037641 0.32422
0.21404 0.037619 0.31289
0.19835 0.037654 0.32997
0.20286 0.037664 0.35242
0.2147 0.037641 0.32933
0.22386 0.037669 0.34605
0.20605 0.037663 0.36208
0.20256 0.037672 0.37957
0.21807 0.037668 0.3605
0.21052 0.03767 0.38608
0.19974 0.037693 0.40393
0.20843 0.037686 0.4007
0.19873 0.03772 0.42721
0.18903 0.037747 0.45416
0.21208 0.037746 0.42851
0.21093 0.037786 0.44707
0.19381 0.037774 0.46622
0.19579 0.037792 0.48739
0.20024 0.037798 0.47425
0.20388 0.037826 0.48775
0.19179 0.037779 0.50945
0.19368 0.037771 0.52322
0.19459 0.037756 0.54059
0.19568 0.037745 0.55518
0.20594 0.037767 0.55605
0.19403 0.037714 0.58607
0.19083 0.037705 0.59849
0.20998 0.037747 0.58391
0.21006 0.037743 0.59094
0.19187 0.037697 0.61112
0.19427 0.037691 0.63625
0.21747 0.03772 0.63639
0.19487 0.037685 0.65271
0.20421 0.037682 0.65925
0.21722 0.03771 0.64503
0.20499 0.037664 0.67746
0.19959 0.037652 0.69941
0.21594 0.037667 0.67882
0.21481 0.03765 0.70065
0.19879 0.037643 0.71306
0.19876 0.037633 0.73188
0.21569 0.037638 0.71481
0.21811 0.037627 0.72581
0.20289 0.037627 0.76326
0.21934 0.037624 0.75168
0.20233 0.037631 0.78448
0.20931 0.037627 0.79602
0.22031 0.037625 0.77553
0.20399 0.037625 0.83402
0.22707 0.037622 0.81831
0.2238 0.03762 0.83269
0.2045 0.037621 0.84807
0.20798 0.037618 0.86129
0.22225 0.037619 0.8391
0.22356 0.037614 0.86033
0.20698 0.037618 0.87655
0.20942 0.03762 0.89375
0.21984 0.037614 0.87805
0.22472 0.037614 0.89652
0.2135 0.037582 0.92749
0.22454 0.037621 0.91406
0.2015 0.037501 0.94691
0.21295 0.033334 0.96263
0.22116 0.037517 0.94265
0.22154 0.033363 0.95713
0.23427 0.037613 0.034981
0.23792 0.037612 0.061177
0.25168 0.037609 0.042373
0.25989 0.037606 0.055903
0.23964 0.037611 0.067282
0.23593 0.037612 0.083945
0.25577 0.037605 0.075255
0.2591 0.037604 0.0846
0.24565 0.037615 0.1178
0.25552 0.037609 0.10028
0.25105 0.037614 0.12443
0.23524 0.037616 0.14278
0.25449 0.037612 0.13733
0.26039 0.037609 0.15367
0.23553 0.037608 0.17395
0.24565 0.037607 0.18882
0.25301 0.037605 0.17395
0.25892 0.037608 0.18336
0.23894 0.037614 0.20803
0.23247 0.037629 0.22594
0.25562 0.037611 0.20295
0.232 0.037637 0.24082
0.23892 0.037641 0.24635
0.24089 0.037644 0.26928
0.23981 0.037645 0.28901
0.25966 0.037654 0.27854
0.25813 0.037665 0.30212
0.25449 0.037678 0.31668
0.23176 0.037669 0.34903
0.25056 0.03768 0.3375
0.25605 0.037708 0.35424
0.23491 0.037671 0.36062
0.24701 0.037688 0.36643
0.24229 0.037679 0.38018
0.22546 0.037704 0.39905
0.2346 0.03772 0.41225
0.24495 0.037708 0.39257
0.22827 0.037745 0.42612
0.2241 0.037791 0.44591
0.24471 0.037774 0.42943
0.23808 0.037811 0.44873
0.21678 0.037862 0.47162
0.23144 0.037867 0.46594
0.23611 0.03796 0.48172
0.22626 0.03787 0.50336
0.23063 0.037877 0.53089
0.22195 0.037822 0.54756
0.21834 0.037796 0.56637
0.22807 0.037771 0.59389
0.23717 0.037774 0.60139
0.23295 0.037732 0.61329
0.23116 0.037695 0.63963
0.23932 0.037723 0.61772
0.24499 0.037693 0.63534
0.22821 0.037682 0.65407
0.23668 0.037661 0.66438
0.24622 0.037666 0.65625
0.24787 0.037667 0.6705
0.23731 0.037661 0.68696
0.25602 0.037661 0.69519
0.23834 0.037625 0.72193
0.24995 0.037636 0.71298
0.25187 0.03762 0.73192
0.23822 0.037617 0.74491
0.23563 0.037616 0.76204
0.2532 0.037616 0.7501
0.26217 0.037612 0.76639
0.23294 0.037622 0.78187
0.24145 0.037617 0.79409
0.25765 0.037614 0.77577
0.24189 0.037616 0.80948
0.25986 0.037608 0.81088
0.25322 0.037609 0.82997
0.24289 0.03761 0.84558
0.23829 0.037608 0.86103
0.23669 0.037607 0.87906
0.23557 0.037606 0.88838
0.25864 0.037598 0.87728
0.24591 0.037608 0.91262
0.2365 0.037573 0.92867
0.25193 0.037602 0.90348
0.26061 0.037558 0.93069
0.2435 0.033335 0.96132
0.25579 0.037543 0.9362
0.27625 0.0376 0.056261
0.29672 0.037592 0.060769
0.27808 0.037596 0.079218
0.2713 0.037601 0.093926
0.29527 0.037591 0.073924
0.27238 0.037604 0.10869
0.29196 0.037595 0.10372
0.28718 0.037599 0.12246
0.27311 0.037602 0.13547
0.27051 0.037605 0.15611
0.29469 0.037592 0.1372
0.29623 0.037597 0.15716
0.26685 0.037606 0.16888
0.27214 0.037608 0.18169
0.28785 0.037615 0.19176
0.27558 0.037624 0.21466
0.29029 0.037615 0.19683
0.28812 0.037625 0.22196
0.2717 0.03764 0.25766
0.28869 0.037626 0.2364
0.29054 0.037648 0.25542
0.28513 0.037647 0.26305
0.26609 0.03766 0.3039
0.26852 0.037668 0.31309
0.29211 0.037678 0.31712
0.26437 0.037688 0.33224
0.26847 0.037712 0.35473
0.27823 0.037677 0.33837
0.28065 0.037705 0.3505
0.26659 0.037719 0.36057
0.2663 0.037732 0.3797
0.28229 0.037756 0.37094
0.26162 0.037752 0.39937
0.25725 0.037773 0.41394
0.27745 0.037788 0.40412
0.27082 0.037788 0.41875
0.2474 0.037863 0.45338
0.26778 0.03779 0.42655
0.27342 0.037853 0.44471
0.24345 0.037948 0.46755
0.24541 0.038006 0.48512
0.25942 0.038099 0.4798
0.24271 0.03797 0.5078
0.25383 0.037964 0.53329
0.2474 0.037931 0.53941
0.25163 0.037894 0.57164
0.25652 0.037931 0.55076
0.2669 0.037976 0.56232
0.25643 0.037883 0.5785
0.25347 0.03779 0.60624
0.26423 0.037887 0.58141
0.2668 0.037829 0.59475
0.25983 0.03774 0.6172
0.26153 0.037698 0.63599
0.27669 0.03769 0.63213
0.26514 0.037677 0.65394
0.26374 0.037674 0.66974
0.27801 0.03767 0.65383
0.28131 0.037663 0.67069
0.26366 0.037675 0.67807
0.27247 0.037626 0.69878
0.28821 0.03767 0.67982
0.28485 0.03761 0.70548
0.27087 0.037598 0.71923
0.2748 0.037591 0.72687
0.29322 0.037609 0.73018
0.27816 0.037616 0.75339
0.27425 0.037607 0.7697
0.29291 0.037628 0.74609
0.26835 0.037607 0.77742
0.27665 0.037594 0.79502
0.29447 0.037597 0.78162
0.29047 0.037594 0.7989
0.29215 0.0376 0.81571
0.28479 0.037602 0.83082
0.2773 0.037602 0.84806
0.29589 0.037595 0.84535
0.28789 0.037593 0.86021
0.27138 0.037592 0.88148
0.28118 0.037589 0.89364
0.29273 0.037585 0.88071
0.28573 0.037588 0.89466
0.2972 0.037587 0.91009
0.29472 0.037562 0.92637
0.27738 0.03749 0.9464
0.2801 0.033424 0.95544
0.2976 0.037538 0.93604
0.28557 0.033337 0.96025
0.30289 0.03759 0.04529
0.30639 0.037589 0.058322
0.32962 0.037579 0.044186
0.33079 0.03758 0.058162
0.30487 0.037589 0.079327
0.30893 0.03759 0.086728
0.32554 0.037583 0.069959
0.32152 0.037586 0.093228
0.307 0.03759 0.10741
0.30482 0.037591 0.12496
0.32985 0.037582 0.1026
0.32019 0.037587 0.12267
0.30337 0.037587 0.14301
0.3065 0.037594 0.15423
0.3233 0.037581 0.14163
0.32412 0.037587 0.15088
0.30449 0.037599 0.17511
0.30738 0.037605 0.18953
0.32446 0.03759 0.1692
0.30838 0.037615 0.2189
0.32882 0.037604 0.20486
0.3274 0.037611 0.21299
0.29974 0.03762 0.23952
0.30646 0.037628 0.24993
0.31637 0.03763 0.25462
0.30545 0.037639 0.26298
0.29982 0.037651 0.28578
0.31497 0.037633 0.26263
0.32061 0.037643 0.27993
0.29975 0.037652 0.30477
0.29926 0.037667 0.31354
0.31616 0.03765 0.30545
0.31643 0.03766 0.31273
0.30343 0.03769 0.32948
0.29345 0.037733 0.35239
0.31567 0.037688 0.33629
0.32196 0.037731 0.35091
0.29786 0.03775 0.35718
0.29155 0.037811 0.38479
0.30858 0.037775 0.36588
0.31496 0.037875 0.37965
0.28886 0.037817 0.40282
0.29612 0.037825 0.41174
0.3045 0.037827 0.39946
0.30732 0.037859 0.41536
0.28704 0.037839 0.43198
0.2792 0.037901 0.4494
0.30657 0.037978 0.43108
0.30779 0.038126 0.44105
0.2732 0.038176 0.47632
0.28789 0.038095 0.46251
0.2757 0.038204 0.48648
0.27011 0.038204 0.50041
0.26405 0.038154 0.51901
0.2807 0.038356 0.50169
0.27683 0.03811 0.54039
0.28602 0.038024 0.56666
0.27706 0.037909 0.58327
0.30413 0.037833 0.60006
0.28547 0.037722 0.62352
0.29042 0.037699 0.63677
0.3149 0.037791 0.63397
0.315 0.037761 0.66022
0.31862 0.037767 0.67408
0.32494 0.03769 0.70389
0.32634 0.037655 0.72215
0.31991 0.037646 0.73361
0.30541 0.037634 0.74274
0.31181 0.037605 0.7619
0.32319 0.037617 0.74943
0.32148 0.037599 0.76677
0.31198 0.037598 0.7814
0.30435 0.037591 0.79473
0.31913 0.037594 0.78558
0.31961 0.037592 0.80167
0.30293 0.037595 0.80789
0.32182 0.037575 0.82835
0.30489 0.037587 0.84255
0.31135 0.037577 0.85975
0.3038 0.037578 0.88302
0.31165 0.037574 0.89072
0.32372 0.037571 0.87216
0.32189 0.037571 0.89707
0.30492 0.037583 0.91335
0.31436 0.037563 0.92928
0.33118 0.037569 0.90619
0.32214 0.037565 0.92305
0.306 0.037529 0.94559
0.32441 0.037534 0.94283
0.34123 0.037575 0.040634
0.34027 0.037576 0.055608
0.36537 0.037567 0.040756
0.35452 0.037572 0.05134
0.34071 0.037577 0.073247
0.34021 0.03758 0.085526
0.35607 0.037574 0.083386
0.34226 0.037576 0.10402
0.33702 0.03758 0.12122
0.35747 0.03757 0.12023
0.33976 0.037578 0.13789
0.34387 0.037583 0.1501
0.35636 0.037573 0.13967
0.36302 0.037577 0.14806
0.34422 0.037586 0.16771
0.34414 0.037587 0.17848
0.3515 0.037586 0.1634
0.35642 0.03759 0.17817
0.33652 0.037603 0.19802
0.3348 0.037619 0.21816
0.35225 0.037605 0.19707
0.34195 0.037622 0.23094
0.33719 0.037635 0.25416
0.35243 0.037626 0.23328
0.35927 0.037651 0.24868
0.34283 0.037617 0.27055
0.34044 0.037623 0.28094
0.35747 0.037646 0.2672
0.35022 0.037615 0.27589
0.33381 0.037652 0.29583
0.33508 0.037698 0.31879
0.35003 0.037644 0.29529
0.34584 0.037685 0.31871
0.33957 0.03772 0.32607
0.33028 0.037724 0.34503
0.34508 0.037765 0.33555
0.35615 0.038202 0.3624
0.34777 0.038024 0.37637
0.32258 0.037882 0.39832
0.31904 0.03789 0.41605
0.33427 0.037887 0.39005
0.31912 0.038137 0.43185
0.32916 0.038026 0.42698
0.2963 0.038236 0.46263
0.29 0.038375 0.488
0.30269 0.038446 0.47929
0.29053 0.038432 0.49982
0.29356 0.038453 0.50018
0.30387 0.038506 0.53239
0.2984 0.038062 0.57206
0.30668 0.038379 0.54826
0.31305 0.038075 0.5704
0.31814 0.037862 0.59415
0.3152 0.037823 0.61161
0.31775 0.037813 0.61947
0.32593 0.037807 0.63712
0.33903 0.037873 0.61829
0.34691 0.037844 0.63414
0.33582 0.03777 0.66064
0.32618 0.037771 0.67447
0.34862 0.037787 0.65635
0.34536 0.037745 0.67149
0.33179 0.037686 0.69934
0.34889 0.037709 0.68322
0.35633 0.037646 0.70541
0.331 0.037666 0.71603
0.33955 0.037624 0.72849
0.35491 0.037639 0.71684
0.34954 0.037612 0.73768
0.33906 0.03761 0.74398
0.34103 0.037591 0.76968
0.35293 0.037589 0.74872
0.35626 0.037586 0.76466
0.35478 0.037596 0.78087
0.35601 0.037573 0.802
0.34738 0.037567 0.8149
0.33651 0.037567 0.82256
0.35693 0.037558 0.82575
0.34706 0.037569 0.84375
0.3447 0.037564 0.86041
0.36419 0.03756 0.83747
0.36316 0.037555 0.86102
0.33884 0.037567 0.87886
0.3422 0.037563 0.8926
0.35529 0.037556 0.88724
0.3473 0.037563 0.90973
0.34054 0.037536 0.92701
0.35505 0.03756 0.91267
0.35501 0.037532 0.92398
0.34674 0.037491 0.93826
0.33836 0.033345 0.9584
0.36176 0.037486 0.93801
0.35362 0.033334 0.96258
0.37233 0.037565 0.035103
0.38222 0.037565 0.055888
0.39109 0.03756 0.040887
0.39265 0.037569 0.070177
0.397 0.037572 0.091484
0.37246 0.037564 0.10301
0.38347 0.037552 0.11535
0.39661 0.037556 0.10682
0.39131 0.037553 0.11479
0.37142 0.037567 0.14219
0.37243 0.037582 0.15533
0.39633 0.037559 0.1354
0.37888 0.037586 0.1651
0.37324 0.037593 0.17712
0.39375 0.037608 0.18733
0.37375 0.037611 0.19547
0.37672 0.037617 0.21183
0.3887 0.03761 0.20037
0.38829 0.037615 0.20999
0.37166 0.037628 0.23645
0.36903 0.037653 0.24815
0.39527 0.037637 0.22801
0.39165 0.037671 0.25091
0.3677 0.037666 0.2634
0.36677 0.037674 0.28598
0.39123 0.037683 0.2676
0.3795 0.037703 0.28253
0.37261 0.037699 0.30847
0.38586 0.037736 0.29525
0.38445 0.037748 0.3049
0.36135 0.037718 0.32542
0.36642 0.038042 0.34721
0.35967 0.038263 0.36904
0.37703 0.038205 0.35521
0.35837 0.038088 0.38468
0.36545 0.038175 0.38134
0.35937 0.037967 0.39717
0.34092 0.038132 0.43098
0.33498 0.038346 0.44188
0.3521 0.03797 0.41982
0.33811 0.03834 0.44528
0.31791 0.038719 0.45817
0.3178 0.038587 0.47429
0.30257 0.038725 0.50851
0.31359 0.038451 0.5407
0.31042 0.038806 0.50423
0.31749 0.038438 0.54221
0.32629 0.038202 0.56323
0.32946 0.038049 0.57627
0.33805 0.037974 0.5955
0.34467 0.037918 0.61295
0.35077 0.038023 0.59023
0.36602 0.038078 0.61496
0.35278 0.037859 0.63134
0.3542 0.037846 0.63954
0.36648 0.037905 0.63111
0.37375 0.0379 0.64133
0.35639 0.03778 0.65775
0.36132 0.037722 0.67717
0.38441 0.037851 0.65558
0.38726 0.037774 0.66589
0.3631 0.037674 0.68824
0.37976 0.037731 0.6802
0.38639 0.03769 0.70089
0.3797 0.037616 0.73314
0.39472 0.037662 0.71368
0.38879 0.03761 0.73347
0.37754 0.037575 0.75333
0.36886 0.037579 0.75951
0.38549 0.037583 0.74985
0.38148 0.03757 0.78157
0.37895 0.037558 0.79954
0.38809 0.037576 0.77648
0.37835 0.037557 0.80926
0.37192 0.037553 0.8307
0.37505 0.037554 0.83854
0.37359 0.037548 0.85594
0.38928 0.037546 0.83861
0.39054 0.037543 0.86349
0.37602 0.037553 0.87558
0.37154 0.037551 0.89478
0.39337 0.037541 0.89805
0.37549 0.03755 0.90933
0.38232 0.037515 0.92816
0.38885 0.037544 0.90865
0.39594 0.037505 0.93072
0.37943 0.037482 0.9415
0.37346 0.033547 0.95398
0.39243 0.03748 0.9422
0.39855 0.033454 0.95477
0.41598 0.037559 0.036646
0.42151 0.037558 0.041417
0.42302 0.037566 0.064293
0.40722 0.037574 0.080006
0.42854 0.037565 0.073341
0.43574 0.037632 0.095615
0.41897 0.037551 0.10598
0.40878 0.037541 0.11569
0.42687 0.037603 0.10478
0.42817 0.037621 0.12146
0.41452 0.037562 0.13908
0.40805 0.037585 0.15536
0.42945 0.037582 0.1446
0.41112 0.037583 0.16398
0.40895 0.037599 0.1845
0.42205 0.037577 0.16951
0.42397 0.037577 0.17621
0.41225 0.037637 0.21912
0.42495 0.03759 0.19933
0.42994 0.03759 0.20628
0.39858 0.037641 0.23331
0.40931 0.037698 0.25051
0.429 0.037645 0.22412
0.40736 0.0377 0.26539
0.40309 0.037704 0.27416
0.42557 0.037756 0.27666
0.40781 0.037748 0.29504
0.3985 0.037785 0.30749
0.42207 0.037765 0.28427
0.41636 0.037768 0.30005
0.39746 0.037833 0.32517
0.39971 0.037909 0.33852
0.41756 0.037866 0.31757
0.40718 0.037955 0.34117
0.384 0.038281 0.36485
0.41223 0.038022 0.34727
0.37427 0.038258 0.37811
0.37078 0.037984 0.39834
0.39596 0.038136 0.37615
0.38735 0.037984 0.38934
0.37067 0.037877 0.41833
0.36313 0.037977 0.43501
0.38358 0.037937 0.40134
0.34319 0.038286 0.4526
0.3219 0.038445 0.4737
0.36095 0.037708 0.44806
0.3247 0.038108 0.48514
0.31982 0.038456 0.49464
0.32194 0.038546 0.52952
0.32389 0.037838 0.50127
0.33469 0.038044 0.54047
0.35295 0.037967 0.56749
0.37254 0.037978 0.57927
0.37364 0.038279 0.60953
0.40237 0.038167 0.62383
0.38431 0.038057 0.62971
0.39441 0.037918 0.64794
0.40586 0.038074 0.63183
0.39756 0.037822 0.65678
0.40499 0.037734 0.66753
0.41283 0.037796 0.65291
0.42279 0.037688 0.66285
0.39757 0.037714 0.6867
0.40497 0.037672 0.69465
0.42542 0.037705 0.68213
0.42694 0.037632 0.69756
0.41169 0.037627 0.71486
0.40643 0.037601 0.72739
0.42504 0.037577 0.72401
0.40626 0.037566 0.75814
0.4248 0.037557 0.74523
0.41937 0.037566 0.76084
0.4111 0.037556 0.77775
0.40323 0.037543 0.79758
0.42849 0.037537 0.77842
0.4316 0.037528 0.794
0.41551 0.037525 0.81512
0.43258 0.037526 0.80684
0.42005 0.037522 0.82347
0.40595 0.037538 0.83869
0.42514 0.037524 0.85998
0.4137 0.037532 0.87931
0.40923 0.037532 0.8971
0.42857 0.037524 0.87952
0.4233 0.037523 0.88835
0.41088 0.037534 0.9072
0.40905 0.037503 0.92985
0.4282 0.037502 0.9273
0.40374 0.037473 0.94482
0.41934 0.037485 0.93782
0.4289 0.033335 0.96115
0.43911 0.037558 0.04166
0.44493 0.037557 0.06215
0.45764 0.037555 0.045357
0.43984 0.037556 0.072501
0.44173 0.037643 0.094725
0.4643 0.037545 0.082028
0.45816 0.03772 0.10015
0.44266 0.03789 0.1169
0.46065 0.037784 0.10624
0.44845 0.037828 0.12858
0.44078 0.037574 0.14572
0.45464 0.037831 0.12944
0.46313 0.037561 0.14706
0.44754 0.037523 0.15973
0.44385 0.037571 0.18156
0.46119 0.037536 0.16799
0.45887 0.037573 0.185
0.44649 0.037577 0.19626
0.44085 0.037589 0.20793
0.45383 0.037613 0.21508
0.43723 0.037653 0.22812
0.43326 0.037693 0.24217
0.4512 0.037649 0.22661
0.43548 0.03773 0.25235
0.43501 0.037735 0.26713
0.45659 0.037742 0.2611
0.45981 0.037804 0.27287
0.43241 0.037792 0.28215
0.44719 0.037851 0.29093
0.45387 0.03795 0.30373
0.43087 0.037903 0.3161
0.42707 0.037926 0.33137
0.45015 0.037988 0.31091
0.44488 0.037961 0.32353
0.42703 0.038017 0.3426
0.4185 0.038109 0.36258
0.45044 0.038112 0.33873
0.44234 0.038207 0.35181
0.43487 0.038298 0.36957
0.39258 0.037329 0.40247
0.38862 0.037066 0.42342
0.42234 0.03688 0.38364
0.4072 0.035199 0.40701
0.37042 0.036885 0.44214
0.34212 0.036138 0.47032
0.35212 0.03428 0.48339
0.3303 0.036318 0.51195
0.3431 0.037065 0.54186
0.33811 0.035538 0.51969
0.38605 0.035673 0.56347
0.38751 0.036972 0.58609
0.39981 0.037376 0.60108
0.39601 0.036194 0.58895
0.40858 0.036975 0.60124
0.4145 0.038474 0.6127
0.42227 0.038172 0.60833
0.42926 0.038424 0.62046
0.4235 0.038024 0.63749
0.44058 0.038211 0.6267
0.45111 0.037912 0.63832
0.43205 0.037678 0.65586
0.43162 0.03769 0.66599
0.45049 0.037731 0.6558
0.44912 0.037732 0.6642
0.43427 0.037664 0.68465
0.44297 0.037615 0.69823
0.46323 0.03756 0.69569
0.4403 0.037579 0.71339
0.44575 0.037557 0.72936
0.45524 0.037561 0.71103
0.45982 0.037534 0.73095
0.44854 0.037539 0.74009
0.43706 0.037542 0.76103
0.46118 0.037506 0.74437
0.45752 0.037518 0.76084
0.44143 0.037531 0.77548
0.4428 0.037524 0.79677
0.45567 0.037512 0.7786
0.46632 0.037516 0.79705
0.44444 0.037506 0.81989
0.45562 0.037501 0.81355
0.45538 0.037504 0.82293
0.44585 0.03752 0.83625
0.43865 0.03752 0.85972
0.46433 0.037512 0.83638
0.44081 0.037523 0.86983
0.44127 0.037518 0.88995
0.45376 0.037514 0.88016
0.46121 0.037513 0.89367
0.44766 0.037522 0.91334
0.44759 0.0375 0.92548
0.46078 0.037516 0.91392
0.45638 0.037486 0.92984
0.4447 0.037458 0.94689
0.46452 0.037452 0.94316
0.46039 0.033334 0.96317
0.4047 0.038004 0.44249
0.3751 0.038326 0.46562
0.37188 0.038194 0.52458
0.37381 0.036254 0.49447
0.4816 0.037546 0.046145
0.47802 0.037549 0.064848
0.49611 0.037541 0.039009
0.488 0.037546 0.062617
0.47014 0.037546 0.082004
0.47244 0.037598 0.094396
0.49183 0.037544 0.073486
0.49019 0.037548 0.093702
0.47781 0.037602 0.11002
0.47171 0.037708 0.11538
0.48342 0.037546 0.10467
0.49335 0.037544 0.12287
0.47126 0.037675 0.13018
0.49171 0.037577 0.14654
0.46998 0.037553 0.16427
0.47765 0.037576 0.17844
0.48706 0.037585 0.16196
0.479 0.037592 0.19444
0.47583 0.037612 0.21095
0.49077 0.037592 0.19234
0.49103 0.037605 0.20897
0.47262 0.037664 0.23191
0.47899 0.037679 0.23752
0.48821 0.037655 0.22449
0.49413 0.037669 0.23654
0.46735 0.037748 0.26137
0.48012 0.037764 0.26515
0.49388 0.037741 0.26044
0.49864 0.037813 0.2737
0.47122 0.037895 0.28872
0.47425 0.037978 0.29678
0.48622 0.037987 0.29733
0.46662 0.038093 0.31309
0.47023 0.038333 0.32524
0.48633 0.038149 0.31392
0.48938 0.038373 0.3246
0.46737 0.038433 0.33413
0.47023 0.038638 0.34077
0.4895 0.038834 0.34146
0.45509 0.03825 0.36213
0.47758 0.038595 0.34822
0.47874 0.037858 0.35235
0.43715 0.036173 0.38173
0.43247 0.034612 0.39398
0.46437 0.035632 0.3652
0.46414 0.034337 0.372
0.41959 0.033583 0.42552
0.43727 0.033362 0.49042
0.39585 0.033434 0.5126
0.40249 0.034387 0.5764
0.44692 0.033748 0.59827
0.4382 0.035465 0.60551
0.48171 0.034053 0.59473
0.49468 0.035438 0.60615
0.43926 0.037626 0.61219
0.45607 0.038065 0.61914
0.49083 0.037013 0.61452
0.50258 0.037864 0.62184
0.46085 0.038118 0.62643
0.46547 0.037834 0.64422
0.48313 0.038005 0.62928
0.49829 0.037854 0.6403
0.46331 0.037778 0.64897
0.46641 0.037678 0.66396
0.49972 0.037648 0.64943
0.47489 0.037635 0.67396
0.47326 0.037548 0.69974
0.4858 0.037562 0.6777
0.49313 0.037518 0.69129
0.47866 0.037517 0.7188
0.49334 0.037523 0.70235
0.49481 0.037501 0.72244
0.47897 0.037493 0.74021
0.4804 0.037496 0.75384
0.49602 0.03747 0.74178
0.49753 0.037486 0.75387
0.4821 0.037518 0.76727
0.47298 0.03751 0.79017
0.49365 0.037508 0.79602
0.48081 0.037494 0.82577
0.49569 0.037497 0.80703
0.49349 0.037492 0.82837
0.4788 0.037502 0.84047
0.48084 0.037498 0.8572
0.48767 0.037493 0.85436
0.47762 0.03751 0.87327
0.47489 0.037505 0.8845
0.49543 0.037504 0.87861
0.4706 0.037485 0.92665
0.49221 0.03751 0.90767
0.48733 0.037468 0.92898
0.4771 0.03744 0.94394
0.47704 0.033911 0.95222
0.48833 0.037444 0.93756
0.46323 0.033975 0.42621
0.40953 0.034199 0.4866
0.43463 0.03389 0.50308
0.4562 0.033986 0.55706
0.45893 0.036292 0.39002
0.46814 0.037131 0.38167
0.41169 0.036224 0.443
0.39674 0.035325 0.46358
0.41274 0.037159 0.42974
0.40178 0.03674 0.45023
0.46678 0.03493 0.41054
0.42188 0.034095 0.45383
0.46628 0.036128 0.38965
0.43048 0.033791 0.48539
0.40906 0.034433 0.52298
0.36602 0.03826 0.51959
0.42234 0.037464 0.57646
0.47847 0.033974 0.54464
0.44859 0.035863 0.5814
0.43888 0.033912 0.52793
0.43684 0.036327 0.58591
0.42638 0.037047 0.5817
0.46987 0.036977 0.38301
0.42772 0.03655 0.42384
0.4121 0.034973 0.46907
0.44358 0.035858 0.41678
0.40378 0.035313 0.47232
0.44981 0.037687 0.39429
0.42439 0.034368 0.47318
0.45617 0.035138 0.41893
0.45264 0.034769 0.45767
0.38847 0.036758 0.5341
0.40545 0.037142 0.55097
0.38024 0.036044 0.48786
0.4237 0.035021 0.54145
0.42162 0.034301 0.49758
0.46821 0.034299 0.55515
0.44846 0.034119 0.49761
0.43657 0.034642 0.5562
0.42757 0.037016 0.58135
0.4765 0.037326 0.58328
0.44327 0.034495 0.44241
0.45694 0.034601 0.51949
0.50784 0.037536 0.045543
0.52608 0.037529 0.047552
0.52507 0.037531 0.057359
0.50677 0.037538 0.071892
0.50666 0.037544 0.0887
0.53035 0.03753 0.067902
0.52417 0.037536 0.088766
0.5015 0.037537 0.10636
0.51178 0.037539 0.11615
0.52806 0.037528 0.10845
0.52315 0.03753 0.11488
0.51554 0.037554 0.13641
0.51366 0.037562 0.14679
0.51987 0.037549 0.13518
0.5222 0.037569 0.15735
0.5118 0.037573 0.16257
0.51706 0.037563 0.17706
0.53133 0.03755 0.17408
0.52119 0.037561 0.178
0.51718 0.037582 0.20111
0.50432 0.03759 0.20725
0.531 0.037566 0.19768
0.53405 0.037559 0.20979
0.51497 0.037651 0.22971
0.51335 0.037687 0.24272
0.52758 0.037634 0.23216
0.52402 0.037684 0.24566
0.50691 0.037779 0.27149
0.52901 0.037695 0.26049
0.52523 0.037707 0.267
0.50741 0.03783 0.28317
0.51685 0.037879 0.2983
0.53507 0.037769 0.2844
0.53752 0.037847 0.30075
0.50521 0.038037 0.31136
0.53805 0.037963 0.31498
0.54069 0.037993 0.322
0.4983 0.038724 0.33963
0.52652 0.038316 0.33054
0.5392 0.038272 0.3509
0.50438 0.03828 0.34549
0.50625 0.037885 0.34787
0.54024 0.037761 0.37734
0.52273 0.035709 0.36492
0.51301 0.034513 0.37054
0.53304 0.035844 0.38698
0.51014 0.034442 0.42701
0.48861 0.033418 0.43912
0.50002 0.033804 0.45002
0.5082 0.033438 0.47682
0.46887 0.033381 0.51843
0.53226 0.033618 0.5866
0.56518 0.033419 0.55988
0.57782 0.03419 0.58642
0.50728 0.035975 0.61104
0.55436 0.03569 0.59738
0.5492 0.03689 0.60569
0.53431 0.037452 0.6163
0.50942 0.038032 0.63422
0.52811 0.037948 0.62303
0.53645 0.03784 0.63424
0.51018 0.037692 0.64633
0.51661 0.037547 0.65772
0.5324 0.037599 0.65137
0.53619 0.037595 0.66008
0.51116 0.037562 0.6751
0.50497 0.037523 0.68867
0.52455 0.037598 0.67164
0.53535 0.037555 0.68716
0.50422 0.037497 0.71271
0.51042 0.037493 0.72638
0.52133 0.037494 0.72729
0.50909 0.037466 0.74013
0.51018 0.037471 0.75151
0.52827 0.037489 0.73295
0.52144 0.037473 0.75293
0.51628 0.037499 0.76692
0.50672 0.037499 0.78973
0.52823 0.037489 0.77757
0.53254 0.037496 0.79039
0.50802 0.037491 0.8076
0.51328 0.037478 0.81723
0.52483 0.037481 0.81177
0.52522 0.037483 0.82162
0.51192 0.037491 0.8514
0.5325 0.037495 0.85844
0.5102 0.037508 0.87572
0.51563 0.037503 0.89034
0.53121 0.037505 0.87481
0.53189 0.037502 0.89293
0.50261 0.037507 0.91354
0.52109 0.037509 0.91012
0.50495 0.03412 0.95169
0.5282 0.037386 0.94417
0.5261 0.033347 0.95785
0.46776 0.034063 0.50062
0.50475 0.033818 0.54314
0.48466 0.034556 0.4031
0.48348 0.033996 0.4781
0.5191 0.037318 0.40768
0.46518 0.033914 0.44251
0.52195 0.035252 0.51709
0.48998 0.037123 0.45047
0.54113 0.036575 0.51914
0.50488 0.033817 0.5257
0.50501 0.034946 0.57366
0.54868 0.034209 0.55895
0.54097 0.036797 0.57861
0.56752 0.034486 0.55809
0.56392 0.036098 0.58163
0.58957 0.038159 0.5558
0.5851 0.038379 0.57297
0.52278 0.036491 0.58628
0.5136 0.036928 0.39483
0.51446 0.036028 0.40193
0.45906 0.033945 0.47885
0.48696 0.034919 0.42517
0.48184 0.034783 0.46027
0.48922 0.03738 0.45027
0.51689 0.035539 0.49616
0.49533 0.034936 0.48313
0.5225 0.034288 0.53431
0.52246 0.036164 0.55991
0.48731 0.034573 0.51025
0.5128 0.034909 0.55115
0.58535 0.0377 0.56429
0.57644 0.037091 0.57653
0.55112 0.035664 0.53783
0.4673 0.034436 0.45118
0.47728 0.034505 0.4644
0.49856 0.0346 0.51791
0.54178 0.037526 0.054572
0.56419 0.037517 0.036718
0.55991 0.03752 0.063691
0.54389 0.037528 0.093387
0.55586 0.037522 0.071987
0.55659 0.037524 0.089445
0.54418 0.037521 0.10939
0.54885 0.03753 0.12523
0.55397 0.037516 0.10884
0.5542 0.037526 0.12557
0.54503 0.037531 0.13543
0.56499 0.037521 0.13752
0.55795 0.037527 0.14866
0.54885 0.037535 0.17212
0.56756 0.037523 0.17088
0.55117 0.037533 0.20194
0.54372 0.037563 0.21693
0.56899 0.037528 0.20058
0.56424 0.037557 0.22298
0.54878 0.03758 0.22871
0.55965 0.03757 0.2285
0.57261 0.037624 0.25631
0.55037 0.037643 0.26454
0.57216 0.037621 0.27137
0.57097 0.037633 0.27773
0.54894 0.037796 0.29925
0.57555 0.037656 0.29357
0.56994 0.037695 0.30237
0.55671 0.03789 0.31637
0.55431 0.037963 0.33281
0.56852 0.037747 0.32638
0.57002 0.037732 0.34387
0.54597 0.038105 0.33603
0.55008 0.038055 0.3668
0.56271 0.03784 0.3546
0.53828 0.037934 0.38936
0.53906 0.037622 0.40629
0.53548 0.037434 0.41177
0.51673 0.035188 0.43405
0.53698 0.036859 0.43502
0.52332 0.034096 0.46231
0.54282 0.033971 0.49421
0.58271 0.033902 0.53279
0.60452 0.036263 0.5382
0.60385 0.036866 0.56588
0.59243 0.035938 0.58465
0.57062 0.037359 0.59884
0.59892 0.036981 0.58093
0.60307 0.037546 0.58982
0.57495 0.037779 0.60239
0.60079 0.037818 0.6075
0.58191 0.037964 0.6144
0.56295 0.037771 0.6218
0.54498 0.037795 0.63441
0.5804 0.037761 0.63914
0.55113 0.037735 0.64732
0.55039 0.037653 0.66539
0.57389 0.037735 0.64382
0.54273 0.037622 0.67212
0.55029 0.037577 0.69463
0.56623 0.037632 0.67585
0.55708 0.037583 0.69529
0.53827 0.037528 0.71018
0.54042 0.037516 0.7257
0.56066 0.037577 0.70367
0.54104 0.03749 0.73736
0.55407 0.037476 0.74622
0.56417 0.037488 0.76066
0.53961 0.037491 0.7679
0.5433 0.037499 0.79196
0.56457 0.03748 0.77915
0.5642 0.037506 0.7962
0.54834 0.037508 0.80338
0.54309 0.03749 0.82818
0.55493 0.037505 0.80587
0.55578 0.037491 0.82461
0.54012 0.037489 0.84685
0.55354 0.037491 0.84549
0.56039 0.037496 0.86103
0.5418 0.037498 0.8856
0.5566 0.037499 0.87996
0.56436 0.0375 0.88761
0.54688 0.037505 0.9076
0.53733 0.037451 0.92835
0.55909 0.037508 0.91094
0.55524 0.037458 0.92796
0.54391 0.037401 0.94337
0.54791 0.033337 0.95974
0.56325 0.037419 0.94053
0.55424 0.033749 0.95271
0.54746 0.036348 0.52413
0.56622 0.03651 0.5366
0.57691 0.037514 0.045221
0.58736 0.037511 0.040751
0.59552 0.03751 0.063355
0.57306 0.037515 0.096086
0.58976 0.037511 0.073851
0.59635 0.037509 0.095337
0.57241 0.037509 0.11181
0.57735 0.037517 0.12676
0.59509 0.037506 0.10628
0.58783 0.037508 0.11801
0.5835 0.037514 0.14501
0.60023 0.037507 0.13813
0.5949 0.037515 0.15593
0.58154 0.03751 0.17512
0.57468 0.03752 0.18483
0.59028 0.037503 0.178
0.60047 0.037499 0.18527
0.57616 0.037543 0.21928
0.59571 0.037517 0.21157
0.5815 0.037573 0.23927
0.58145 0.037613 0.2569
0.6053 0.037536 0.23754
0.59815 0.037586 0.25873
0.58928 0.037629 0.26469
0.60052 0.037725 0.27416
0.60413 0.03791 0.2869
0.58193 0.037625 0.29371
0.58598 0.037633 0.30813
0.60197 0.037746 0.30143
0.59686 0.037621 0.3123
0.57989 0.037644 0.33096
0.59546 0.037521 0.34458
0.59333 0.0375 0.35939
0.57137 0.037647 0.36467
0.55947 0.037432 0.39732
0.57754 0.037472 0.38442
0.55154 0.037125 0.41751
0.54975 0.037135 0.43205
0.5736 0.037447 0.41704
0.54326 0.037335 0.44364
0.53995 0.037408 0.46284
0.54571 0.037481 0.45194
0.54556 0.037287 0.46109
0.55086 0.036697 0.48846
0.57587 0.037387 0.50575
0.55276 0.037015 0.47892
0.57867 0.037557 0.50321
0.60748 0.037619 0.53107
0.61548 0.038217 0.54899
0.60476 0.03765 0.52147
0.61997 0.038306 0.55193
0.61148 0.037912 0.56465
0.60514 0.037776 0.59549
0.62092 0.038192 0.56224
0.6168 0.038025 0.58186
0.61199 0.038084 0.6097
0.61846 0.038135 0.60565
0.62132 0.038151 0.62592
0.60287 0.037971 0.63339
0.59564 0.037827 0.63988
0.6214 0.038222 0.64607
0.58668 0.037702 0.65045
0.57988 0.037622 0.668
0.61976 0.038011 0.65762
0.602 0.037671 0.66798
0.58375 0.037621 0.67764
0.5944 0.037638 0.67566
0.59191 0.03762 0.69087
0.57236 0.03754 0.72239
0.59189 0.037553 0.72114
0.57317 0.037515 0.7346
0.59727 0.037489 0.74661
0.59243 0.037493 0.76246
0.5712 0.037486 0.78656
0.5917 0.037503 0.79643
0.57864 0.03751 0.79992
0.57699 0.03749 0.81741
0.59025 0.037495 0.81338
0.57787 0.037497 0.84243
0.59666 0.037502 0.84375
0.57333 0.037502 0.87048
0.59624 0.037507 0.89402
0.57352 0.037509 0.90955
0.5925 0.03751 0.9079
0.57371 0.037401 0.94662
0.57686 0.034068 0.9519
0.59103 0.037432 0.94202
0.58572 0.033334 0.96318
0.61097 0.037508 0.045483
0.61337 0.037508 0.062553
0.63122 0.037506 0.042755
0.63316 0.037506 0.054068
0.61683 0.037506 0.076164
0.60515 0.03751 0.088374
0.63355 0.037503 0.080694
0.6286 0.037506 0.087018
0.61269 0.037502 0.11276
0.6114 0.037505 0.12885
0.62419 0.037501 0.10616
0.6306 0.037499 0.12608
0.60566 0.037506 0.13349
0.61727 0.0375 0.16234
0.63056 0.037495 0.13654
0.63141 0.037492 0.15162
0.61039 0.037494 0.17426
0.61757 0.03749 0.1876
0.63036 0.03749 0.16986
0.61691 0.037492 0.20993
0.61147 0.037522 0.2285
0.6261 0.037484 0.21432
0.62667 0.0375 0.2276
0.61007 0.037505 0.25488
0.62537 0.037488 0.24766
0.6268 0.037516 0.25959
0.62323 0.037759 0.28314
0.60993 0.037501 0.3178
0.61952 0.037707 0.30079
0.62288 0.037443 0.33975
0.61612 0.037446 0.34688
0.61203 0.037359 0.37786
0.5888 0.037423 0.38457
0.58306 0.037525 0.40987
0.60093 0.037342 0.38519
0.59475 0.037584 0.40907
0.56583 0.037208 0.43958
0.58048 0.037162 0.43706
0.56519 0.036989 0.45164
0.56286 0.036849 0.47451
0.57465 0.03691 0.45797
0.57944 0.036942 0.46173
0.58741 0.037273 0.49622
0.59063 0.037112 0.48166
0.60662 0.037297 0.49915
0.61393 0.037643 0.51397
0.62645 0.038309 0.54385
0.62352 0.037583 0.51035
0.63222 0.037973 0.53455
0.63358 0.03824 0.55672
0.63386 0.03804 0.579
0.6429 0.038111 0.55551
0.64065 0.038076 0.57422
0.63365 0.038035 0.59517
0.64412 0.038017 0.60431
0.63309 0.038234 0.63966
0.64795 0.037981 0.63982
0.62762 0.038236 0.65743
0.61668 0.037826 0.66936
0.63604 0.037848 0.67673
0.63694 0.037715 0.6849
0.60854 0.037618 0.70353
0.60646 0.037554 0.72111
0.6281 0.037542 0.72452
0.61079 0.037516 0.74013
0.60551 0.037487 0.753
0.62519 0.037505 0.74355
0.62503 0.03749 0.7515
0.60942 0.037486 0.77876
0.61075 0.037487 0.78507
0.6261 0.037488 0.77876
0.62846 0.037489 0.7859
0.60338 0.03751 0.80152
0.60636 0.037505 0.83048
0.62865 0.03751 0.80467
0.63254 0.03751 0.82772
0.60702 0.037509 0.83772
0.60252 0.0375 0.85242
0.62508 0.037513 0.84204
0.62281 0.037505 0.85602
0.60977 0.037507 0.86948
0.6047 0.037507 0.89009
0.61892 0.03751 0.87812
0.62883 0.037511 0.88798
0.60745 0.037512 0.90885
0.60825 0.03749 0.92629
0.61986 0.037493 0.92774
0.61005 0.037459 0.94501
0.62194 0.037475 0.93762
0.62803 0.033334 0.96437
0.64035 0.037505 0.047145
0.65517 0.037504 0.038434
0.65721 0.037502 0.064418
0.64778 0.037501 0.080108
0.64176 0.0375 0.096916
0.66492 0.0375 0.074503
0.66781 0.0375 0.086369
0.65734 0.037492 0.11137
0.64991 0.037489 0.16267
0.65984 0.037487 0.14402
0.6612 0.037487 0.16232
0.64552 0.037483 0.17195
0.64704 0.037482 0.19639
0.66014 0.037473 0.1795
0.65671 0.037469 0.1868
0.64668 0.037478 0.20362
0.64393 0.037475 0.22122
0.66559 0.037467 0.20679
0.66431 0.037468 0.22357
0.63895 0.037486 0.24525
0.64221 0.037487 0.26637
0.6542 0.037432 0.27049
0.6323 0.037576 0.28372
0.63111 0.037553 0.29726
0.65992 0.037374 0.28368
0.64818 0.037365 0.29368
0.63632 0.037422 0.31883
0.64748 0.037407 0.34116
0.62844 0.037431 0.3482
0.62129 0.037295 0.3811
0.64676 0.037375 0.35198
0.6422 0.037275 0.37701
0.60831 0.037422 0.41156
0.61929 0.037288 0.407
0.60647 0.037204 0.43705
0.62078 0.037191 0.42623
0.61998 0.037191 0.43649
0.59697 0.037089 0.45504
0.60852 0.037077 0.46756
0.62306 0.037163 0.45328
0.61617 0.037174 0.48585
0.61974 0.037212 0.49237
0.62851 0.037198 0.48428
0.64052 0.037318 0.49794
0.63149 0.037459 0.50684
0.64254 0.037746 0.52661
0.64995 0.037487 0.51166
0.66468 0.037634 0.52827
0.66502 0.037835 0.55331
0.66865 0.037829 0.57075
0.66071 0.037922 0.58283
0.66705 0.037837 0.6033
0.68157 0.037811 0.60402
0.66201 0.0378 0.63421
0.67806 0.037788 0.61733
0.66868 0.037783 0.6386
0.65452 0.037948 0.65201
0.67519 0.037726 0.65142
0.65149 0.037573 0.69098
0.65717 0.037736 0.67386
0.6582 0.037594 0.68596
0.64416 0.037481 0.7066
0.64125 0.037513 0.72352
0.65785 0.037471 0.71163
0.66735 0.037494 0.7241
0.64692 0.037507 0.73433
0.64131 0.037493 0.75322
0.6605 0.037502 0.74145
0.65715 0.037489 0.75174
0.63684 0.037491 0.77689
0.64627 0.037491 0.78921
0.65501 0.037491 0.77203
0.65509 0.037496 0.79327
0.64604 0.037505 0.80667
0.6427 0.03751 0.82777
0.66261 0.03751 0.81014
0.66438 0.037515 0.82931
0.64429 0.037515 0.83534
0.64385 0.037513 0.85219
0.65424 0.03752 0.84027
0.65973 0.037519 0.86189
0.64785 0.037517 0.8796
0.64775 0.037516 0.88757
0.65456 0.037518 0.88077
0.66297 0.037522 0.89304
0.64392 0.037521 0.90721
0.63644 0.037486 0.92684
0.66265 0.037524 0.90222
0.65893 0.037514 0.91815
0.6353 0.037448 0.94151
0.64095 0.033608 0.95345
0.65622 0.037434 0.93943
0.6642 0.033464 0.9546
0.68229 0.037502 0.045223
0.68442 0.037501 0.052091
0.70083 0.0375 0.040735
0.69214 0.0375 0.059693
0.69972 0.037498 0.072735
0.69819 0.037496 0.093348
0.67227 0.037494 0.10352
0.67269 0.037491 0.12562
0.67617 0.037487 0.14362
0.67829 0.037486 0.16084
0.68149 0.037474 0.17349
0.69393 0.037466 0.17811
0.68071 0.037454 0.21235
0.67147 0.037462 0.22405
0.69516 0.037441 0.21927
0.68685 0.037439 0.23293
0.67443 0.037428 0.24788
0.68509 0.037402 0.25423
0.69064 0.037397 0.25935
0.67096 0.037358 0.29809
0.68887 0.037351 0.28792
0.6805 0.037346 0.29671
0.66136 0.037375 0.33588
0.68072 0.037344 0.32472
0.67941 0.037342 0.33165
0.66635 0.037302 0.3512
0.65745 0.037268 0.36583
0.67232 0.03727 0.36024
0.666 0.037232 0.37471
0.64727 0.03719 0.38974
0.64101 0.037146 0.4019
0.66722 0.037203 0.39243
0.66619 0.037199 0.4019
0.64735 0.037145 0.41844
0.64103 0.037174 0.43866
0.66132 0.037195 0.41816
0.66936 0.037208 0.43305
0.64476 0.037173 0.46815
0.66717 0.037199 0.45269
0.65151 0.037234 0.48244
0.66436 0.037301 0.49347
0.67859 0.03728 0.47924
0.68517 0.037375 0.49754
0.66447 0.037511 0.51297
0.67095 0.037618 0.52954
0.68938 0.037516 0.52087
0.67498 0.037659 0.53898
0.68554 0.037693 0.56604
0.69162 0.03757 0.53719
0.70279 0.037627 0.56646
0.69088 0.037772 0.6062
0.70203 0.037653 0.57804
0.71542 0.037678 0.60181
0.69911 0.03771 0.61188
0.70917 0.037673 0.61949
0.70976 0.037644 0.63501
0.68732 0.037667 0.65186
0.68492 0.03764 0.6596
0.7023 0.037646 0.64419
0.70108 0.037601 0.65888
0.6769 0.037526 0.69286
0.69427 0.037521 0.68699
0.68246 0.037517 0.71087
0.67319 0.0375 0.72245
0.68897 0.037522 0.70236
0.67857 0.037503 0.74694
0.67176 0.037499 0.76249
0.69463 0.037512 0.7389
0.69832 0.037513 0.76072
0.67494 0.037503 0.77112
0.67703 0.037503 0.7902
0.69285 0.037513 0.77005
0.6869 0.037512 0.79788
0.6727 0.037512 0.80533
0.68615 0.037515 0.8035
0.68814 0.03752 0.82658
0.68015 0.037522 0.84768
0.69394 0.037525 0.83737
0.68699 0.037526 0.8643
0.68003 0.037526 0.87044
0.69046 0.037528 0.86944
0.69092 0.03753 0.89374
0.67854 0.037529 0.90781
0.66928 0.037468 0.93018
0.68915 0.037471 0.92942
0.68014 0.037416 0.94215
0.68148 0.033334 0.96339
0.69526 0.033352 0.95753
0.71058 0.0375 0.037503
0.70956 0.0375 0.05527
0.72612 0.037501 0.042752
0.72868 0.037499 0.061498
0.7122 0.037496 0.077337
0.72956 0.037495 0.076754
0.71239 0.03749 0.10302
0.70882 0.037484 0.12903
0.72729 0.037482 0.1146
0.73097 0.03748 0.13025
0.7064 0.037475 0.16146
0.73284 0.037476 0.15013
0.73046 0.037473 0.1629
0.70679 0.037462 0.18047
0.70436 0.037454 0.19833
0.72249 0.037468 0.1723
0.73109 0.037459 0.19131
0.70608 0.037448 0.20607
0.70486 0.037435 0.22587
0.72055 0.037439 0.21452
0.70998 0.037407 0.25359
0.72797 0.037391 0.26042
0.71061 0.037371 0.2777
0.70773 0.037352 0.29924
0.69356 0.037352 0.31659
0.69828 0.037323 0.3394
0.72063 0.037337 0.31678
0.70616 0.037315 0.34037
0.69864 0.037305 0.34612
0.69455 0.037257 0.36957
0.71114 0.037308 0.34624
0.71396 0.037287 0.36808
0.69362 0.03722 0.38819
0.68032 0.037218 0.39992
0.70459 0.037253 0.38008
0.69794 0.037225 0.40291
0.68457 0.037219 0.42128
0.70941 0.037277 0.41052
0.69856 0.037249 0.42796
0.68916 0.037216 0.44165
0.68328 0.037241 0.46509
0.70737 0.037299 0.44653
0.70426 0.037299 0.46154
0.69231 0.037267 0.47275
0.69613 0.037323 0.49048
0.69993 0.037287 0.47049
0.71072 0.037368 0.49173
0.71156 0.037413 0.5074
0.72041 0.037447 0.5206
0.70969 0.037548 0.54616
0.72669 0.037487 0.54451
0.73535 0.037504 0.56598
0.73086 0.037766 0.60404
0.73784 0.037514 0.58028
0.7358 0.037645 0.59264
0.72514 0.037692 0.62945
0.7372 0.037929 0.61096
0.74054 0.037825 0.6278
0.72041 0.037603 0.64792
0.72365 0.037578 0.65454
0.73338 0.037617 0.64178
0.7335 0.037573 0.66179
0.7174 0.037532 0.68229
0.71234 0.037529 0.69106
0.72909 0.037561 0.67379
0.73148 0.037541 0.68826
0.71803 0.037525 0.71053
0.70562 0.037518 0.72342
0.72244 0.03752 0.71985
0.70887 0.037519 0.74011
0.70808 0.037515 0.75456
0.72987 0.037523 0.7382
0.72564 0.037518 0.75716
0.71227 0.037527 0.77438
0.70305 0.037518 0.79058
0.72406 0.037528 0.7736
0.71234 0.037525 0.81386
0.70302 0.037524 0.82562
0.72499 0.037529 0.80262
0.71518 0.037532 0.83547
0.70292 0.03753 0.85826
0.72156 0.037534 0.83582
0.70987 0.037535 0.88053
0.70385 0.037533 0.88521
0.72 0.037539 0.87191
0.73207 0.037544 0.89553
0.70279 0.037537 0.90847
0.71404 0.037532 0.91792
0.73033 0.037545 0.9052
0.70957 0.033338 0.95968
0.73159 0.037436 0.94018
0.73999 0.037502 0.043779
0.74262 0.0375 0.057963
0.76216 0.0375 0.059304
0.75699 0.037494 0.078327
0.75466 0.037491 0.09266
0.76502 0.037488 0.10659
0.75495 0.037484 0.12042
0.74301 0.037477 0.14946
0.73913 0.037477 0.15542
0.75622 0.037479 0.13722
0.76375 0.037469 0.16124
0.74002 0.037466 0.17518
0.74489 0.037452 0.19907
0.75551 0.037457 0.18216
0.75353 0.037449 0.19732
0.7479 0.037439 0.21111
0.74094 0.037416 0.23675
0.75842 0.037423 0.23031
0.73947 0.037398 0.25061
0.76204 0.037411 0.24106
0.74195 0.037366 0.27601
0.72907 0.037349 0.29314
0.75604 0.037368 0.27919
0.72906 0.03733 0.33525
0.74457 0.03734 0.30979
0.74514 0.037334 0.33132
0.72509 0.03732 0.34753
0.72191 0.037295 0.37263
0.74404 0.037314 0.3524
0.74731 0.037308 0.36356
0.73089 0.037272 0.38599
0.72574 0.037272 0.39425
0.74924 0.037299 0.38141
0.73819 0.037275 0.39574
0.72258 0.037284 0.4087
0.72089 0.037297 0.43392
0.74402 0.037293 0.41626
0.718 0.037308 0.44564
0.71996 0.037326 0.46341
0.74163 0.037298 0.44558
0.74586 0.03731 0.45568
0.73157 0.037314 0.46977
0.72475 0.037357 0.48798
0.75025 0.037342 0.47491
0.74976 0.037352 0.4849
0.75132 0.037386 0.50642
0.74853 0.037412 0.52869
0.73784 0.037459 0.54315
0.74169 0.037477 0.56255
0.7536 0.037435 0.53945
0.76346 0.037462 0.55521
0.75155 0.03748 0.58587
0.75595 0.037745 0.60404
0.75925 0.037763 0.60782
0.74595 0.037633 0.64096
0.74594 0.037579 0.65944
0.76274 0.037606 0.64198
0.74888 0.037589 0.6739
0.74555 0.037559 0.6938
0.7656 0.037565 0.68196
0.74855 0.037549 0.71314
0.745 0.037535 0.7322
0.74435 0.037522 0.74959
0.74124 0.037521 0.75393
0.75951 0.037527 0.75681
0.74605 0.037533 0.77509
0.74487 0.037535 0.79389
0.75473 0.03753 0.77046
0.74909 0.037538 0.81407
0.7485 0.037541 0.83179
0.75673 0.037539 0.80524
0.76248 0.037541 0.82351
0.73912 0.037543 0.85903
0.75685 0.037546 0.84708
0.74403 0.037545 0.86855
0.74004 0.037547 0.89746
0.75666 0.037549 0.87781
0.75605 0.03755 0.89269
0.74686 0.03755 0.90186
0.76229 0.037555 0.90897
0.75493 0.037506 0.92869
0.73731 0.037447 0.9391
0.73908 0.033352 0.95762
0.76384 0.033336 0.96067
0.77358 0.037502 0.044199
0.7819 0.037501 0.052926
0.79627 0.037503 0.04779
0.79913 0.0375 0.064035
0.77721 0.037497 0.069564
0.79121 0.037493 0.091813
0.78173 0.037487 0.11572
0.78065 0.037481 0.13163
0.79238 0.037489 0.11221
0.79591 0.037485 0.12676
0.78149 0.037474 0.14676
0.77857 0.037468 0.16041
0.78838 0.037477 0.13951
0.78922 0.037465 0.16503
0.77818 0.037455 0.18102
0.79734 0.037464 0.17144
0.78545 0.037446 0.19981
0.77638 0.037439 0.21134
0.77819 0.037425 0.23311
0.79195 0.037439 0.21592
0.78725 0.037427 0.23183
0.769 0.037411 0.24337
0.76676 0.037386 0.26954
0.78646 0.037418 0.24166
0.78581 0.037405 0.25986
0.78692 0.037393 0.28173
0.7594 0.037346 0.32014
0.76459 0.037344 0.33509
0.79089 0.037367 0.30714
0.77726 0.037338 0.32886
0.76409 0.037333 0.35135
0.76184 0.037324 0.36708
0.77526 0.03733 0.3437
0.77349 0.037322 0.36276
0.7638 0.037316 0.38177
0.76721 0.037309 0.39723
0.78243 0.037327 0.37957
0.78252 0.037327 0.39735
0.76515 0.037309 0.41138
0.76124 0.037311 0.42579
0.77372 0.037317 0.40851
0.77878 0.037328 0.43057
0.76072 0.03732 0.44565
0.777 0.03733 0.44778
0.77457 0.037326 0.4521
0.75788 0.037342 0.47151
0.76535 0.037352 0.48659
0.77845 0.037345 0.46963
0.78839 0.037379 0.49095
0.77321 0.037377 0.51071
0.7826 0.037381 0.50712
0.79206 0.037417 0.52802
0.76906 0.037462 0.55891
0.78733 0.037418 0.53357
0.79216 0.037448 0.56099
0.77697 0.037466 0.5791
0.7744 0.037498 0.59061
0.79086 0.037456 0.57691
0.78024 0.037482 0.60387
0.78882 0.037477 0.60513
0.77285 0.037606 0.63684
0.77422 0.037575 0.6576
0.79641 0.037558 0.64352
0.79181 0.037555 0.66435
0.77534 0.037559 0.68232
0.77711 0.037552 0.6906
0.79765 0.037547 0.68065
0.79715 0.037544 0.68586
0.78111 0.037539 0.71011
0.77092 0.03754 0.73134
0.78746 0.037538 0.73263
0.77746 0.037542 0.74113
0.78076 0.037536 0.76363
0.79777 0.037542 0.74125
0.79572 0.037546 0.79407
0.77109 0.037543 0.81522
0.7774 0.037546 0.83012
0.78766 0.037547 0.80576
0.79783 0.037551 0.83019
0.7764 0.03755 0.85264
0.78787 0.037551 0.84162
0.7782 0.037555 0.87679
0.77198 0.037555 0.89495
0.79558 0.037561 0.8918
0.77727 0.037513 0.93085
0.79179 0.037562 0.91279
0.78166 0.037467 0.9477
0.77276 0.033334 0.96302
0.79111 0.037479 0.94117
0.79628 0.033391 0.95602
0.80367 0.037504 0.047061
0.80428 0.037503 0.054574
0.82944 0.037506 0.047225
0.83186 0.037506 0.052573
0.80351 0.037497 0.078049
0.80495 0.037495 0.093747
0.82846 0.037502 0.073793
0.82132 0.037497 0.090841
0.81003 0.037493 0.1063
0.80858 0.037488 0.12455
0.8202 0.037493 0.10926
0.82704 0.037488 0.12681
0.82687 0.037482 0.14223
0.81871 0.037468 0.17702
0.81836 0.037463 0.18906
0.80837 0.037446 0.21042
0.80095 0.037435 0.22641
0.8292 0.037448 0.21602
0.82529 0.037441 0.22624
0.80134 0.037425 0.24222
0.80362 0.037416 0.26279
0.82554 0.037421 0.26206
0.81029 0.037405 0.28578
0.80471 0.037398 0.29489
0.82638 0.037408 0.28208
0.8184 0.037394 0.29805
0.80781 0.03738 0.30763
0.80082 0.037356 0.32398
0.81959 0.037383 0.30861
0.81092 0.037356 0.33268
0.7965 0.037342 0.34833
0.80097 0.037342 0.35762
0.81108 0.037348 0.35016
0.79439 0.037335 0.38173
0.79275 0.037336 0.39968
0.81939 0.037338 0.38094
0.79297 0.037341 0.41153
0.79366 0.037348 0.42925
0.8126 0.037335 0.42394
0.79451 0.037352 0.44273
0.80475 0.037342 0.45396
0.81995 0.037345 0.43923
0.79737 0.037369 0.47123
0.79408 0.037387 0.49097
0.79601 0.037402 0.50969
0.80701 0.037393 0.51853
0.81908 0.037388 0.51847
0.8069 0.037439 0.55343
0.8167 0.037422 0.54926
0.80978 0.037472 0.59604
0.8295 0.037458 0.57567
0.82513 0.037466 0.59294
0.81281 0.037475 0.61157
0.81469 0.037496 0.62661
0.82758 0.037471 0.60604
0.82194 0.037484 0.62329
0.80845 0.03755 0.64534
0.80917 0.037549 0.6523
0.82272 0.0375 0.6345
0.81466 0.037539 0.66826
0.80765 0.037544 0.69823
0.82576 0.037534 0.6864
0.81001 0.037543 0.70985
0.8244 0.037537 0.7086
0.80647 0.037543 0.73644
0.8072 0.037545 0.76202
0.83262 0.037543 0.74044
0.83307 0.037546 0.7555
0.8041 0.037545 0.7751
0.80764 0.037549 0.79638
0.83163 0.037549 0.77863
0.82531 0.03755 0.79315
0.8103 0.037552 0.80582
0.82469 0.037558 0.82652
0.80437 0.037557 0.8465
0.81083 0.03756 0.85928
0.82964 0.037561 0.84247
0.82919 0.037564 0.8616
0.81471 0.037563 0.87165
0.80422 0.037563 0.89048
0.8263 0.037567 0.88045
0.80591 0.037565 0.90566
0.80494 0.037548 0.9209
0.81873 0.037568 0.90688
0.80496 0.037479 0.93758
0.81268 0.033335 0.96108
0.82733 0.03744 0.94776
0.82099 0.033334 0.96335
0.84257 0.037507 0.044899
0.83946 0.037506 0.0552
0.86159 0.037508 0.045054
0.84533 0.037503 0.07975
0.84875 0.0375 0.092053
0.85225 0.037504 0.074851
0.85397 0.037501 0.09029
0.85547 0.037495 0.10909
0.85464 0.037488 0.13299
0.83928 0.037482 0.1481
0.84585 0.037478 0.16055
0.85862 0.037486 0.14339
0.85241 0.037482 0.1537
0.83631 0.037468 0.18309
0.83854 0.037463 0.19404
0.85586 0.037469 0.18289
0.86352 0.037463 0.19798
0.84712 0.037455 0.21081
0.83445 0.037441 0.2319
0.85856 0.037455 0.21266
0.85 0.037444 0.23299
0.84434 0.037436 0.24726
0.8541 0.037438 0.24759
0.85584 0.037432 0.2582
0.85164 0.037417 0.27673
0.85293 0.037404 0.29699
0.83615 0.037386 0.31681
0.82887 0.037375 0.32627
0.85499 0.037399 0.30887
0.84916 0.037389 0.32139
0.83202 0.037367 0.35542
0.84996 0.037381 0.343
0.85786 0.037379 0.36099
0.83495 0.037361 0.38034
0.84468 0.037366 0.37846
0.85388 0.03737 0.39045
0.83866 0.037359 0.40939
0.83998 0.037357 0.42194
0.84481 0.037363 0.40422
0.85455 0.037368 0.42872
0.83197 0.037358 0.44025
0.82641 0.037355 0.455
0.84707 0.037361 0.44406
0.85291 0.037369 0.45809
0.83076 0.037368 0.47477
0.83652 0.037376 0.48845
0.83675 0.037392 0.50928
0.84454 0.037405 0.52721
0.86094 0.03741 0.51827
0.84121 0.037419 0.53758
0.84317 0.037434 0.55294
0.85976 0.037425 0.53799
0.85759 0.037434 0.5508
0.84606 0.037449 0.57256
0.83924 0.037475 0.59238
0.86028 0.037448 0.5712
0.85311 0.037458 0.58809
0.84826 0.037483 0.61842
0.85808 0.037468 0.59958
0.85316 0.037486 0.62905
0.84837 0.037503 0.6583
0.86332 0.037492 0.6373
0.85766 0.037504 0.66188
0.84751 0.037518 0.67868
0.83889 0.037527 0.68826
0.8598 0.037509 0.67078
0.86253 0.037521 0.69624
0.84017 0.037532 0.70675
0.84661 0.037536 0.72498
0.85449 0.037523 0.7031
0.8552 0.037534 0.72779
0.84401 0.037542 0.73793
0.84116 0.037548 0.76437
0.85669 0.037545 0.76005
0.8375 0.037553 0.79508
0.86031 0.037549 0.7709
0.86439 0.037555 0.79014
0.84074 0.037559 0.81494
0.86297 0.037558 0.80463
0.85981 0.037562 0.82215
0.84264 0.037564 0.84268
0.85946 0.037565 0.83845
0.86047 0.037569 0.85608
0.84507 0.037571 0.87494
0.8406 0.037572 0.89592
0.8591 0.037572 0.86913
0.84401 0.037569 0.91801
0.86284 0.037577 0.90462
0.85433 0.037562 0.92109
0.84849 0.037516 0.93515
0.84157 0.033336 0.96032
0.86174 0.037527 0.93471
0.85999 0.033334 0.96349
0.86922 0.037508 0.039201
0.87092 0.037507 0.061458
0.88572 0.037509 0.04002
0.88719 0.037509 0.052193
0.88045 0.037507 0.077067
0.88093 0.037503 0.092909
0.89556 0.037508 0.079165
0.88971 0.037506 0.086685
0.88014 0.037498 0.10983
0.8808 0.037493 0.12883
0.8893 0.037496 0.11976
0.87382 0.037489 0.13933
0.88093 0.037484 0.15969
0.8926 0.037489 0.14902
0.88759 0.037482 0.16343
0.87464 0.037466 0.19279
0.89162 0.037479 0.17107
0.89555 0.037471 0.19113
0.86965 0.03746 0.20594
0.87489 0.037455 0.22174
0.8887 0.037461 0.21278
0.88433 0.037455 0.22414
0.86674 0.037444 0.23969
0.86864 0.037423 0.2771
0.87027 0.037416 0.29211
0.89474 0.037431 0.27104
0.88652 0.037419 0.29392
0.86531 0.037404 0.31682
0.87537 0.03741 0.32453
0.88309 0.037416 0.30498
0.8816 0.037412 0.32133
0.87177 0.037395 0.34636
0.88875 0.037401 0.34073
0.89385 0.037394 0.35395
0.87127 0.03738 0.38054
0.8632 0.037374 0.38826
0.88694 0.037385 0.37264
0.88988 0.037381 0.39279
0.86566 0.037376 0.40767
0.86809 0.037379 0.41986
0.89093 0.037382 0.41295
0.8861 0.037381 0.41862
0.8755 0.037383 0.44065
0.88016 0.037385 0.45024
0.87601 0.037398 0.47838
0.87451 0.037408 0.49293
0.88159 0.037406 0.49112
0.86522 0.037406 0.50264
0.8739 0.037429 0.52693
0.8853 0.037416 0.51041
0.88738 0.037423 0.52305
0.87039 0.037433 0.53686
0.8872 0.03743 0.53501
0.89189 0.037438 0.54913
0.87666 0.037453 0.57114
0.87503 0.037468 0.59394
0.88927 0.037449 0.57154
0.88664 0.037463 0.59474
0.87428 0.037473 0.60229
0.88021 0.037488 0.62805
0.88648 0.037471 0.60586
0.88625 0.037481 0.62319
0.87874 0.037501 0.64605
0.88796 0.037493 0.64374
0.8913 0.0375 0.65607
0.87166 0.037512 0.67251
0.89808 0.037521 0.69521
0.87141 0.03753 0.71105
0.88021 0.037537 0.72838
0.89477 0.037525 0.70169
0.89015 0.037533 0.72092
0.87308 0.037542 0.74373
0.87165 0.037548 0.76348
0.88698 0.03754 0.74156
0.8975 0.037546 0.76249
0.87405 0.037553 0.77894
0.87813 0.037558 0.79583
0.88985 0.037554 0.78654
0.87104 0.037562 0.81426
0.87714 0.037565 0.82341
0.88884 0.03756 0.80336
0.87637 0.037568 0.83919
0.88102 0.037574 0.8625
0.89417 0.037569 0.83824
0.88594 0.037573 0.85757
0.87413 0.037578 0.89016
0.89162 0.037576 0.86869
0.89461 0.03758 0.8888
0.87947 0.03758 0.90259
0.88069 0.037555 0.92829
0.89265 0.037582 0.90911
0.8962 0.037545 0.9299
0.87175 0.037521 0.94033
0.89763 0.033335 0.96099
0.90476 0.037511 0.037587
0.91167 0.037512 0.054519
0.92196 0.037492 0.038919
0.91468 0.03751 0.076093
0.90334 0.037506 0.091347
0.92821 0.037465 0.095597
0.91091 0.037502 0.11009
0.90897 0.037496 0.13084
0.92057 0.03749 0.10484
0.92303 0.037479 0.11954
0.90494 0.037494 0.13629
0.90722 0.037487 0.16052
0.92146 0.037476 0.14074
0.91256 0.037477 0.19013
0.92698 0.037454 0.17339
0.92962 0.037433 0.19833
0.91337 0.03747 0.20751
0.91075 0.037462 0.22472
0.92588 0.037431 0.21146
0.9175 0.037453 0.22865
0.90649 0.037445 0.24898
0.92633 0.03742 0.24527
0.92 0.03743 0.25853
0.90595 0.037433 0.27261
0.92951 0.037391 0.28197
0.92831 0.037387 0.29614
0.90806 0.03741 0.32746
0.92075 0.037403 0.30452
0.9192 0.037398 0.32415
0.89985 0.037404 0.33825
0.90256 0.037394 0.36287
0.92631 0.037381 0.33871
0.91579 0.037392 0.35707
0.90121 0.037391 0.37308
0.90606 0.03739 0.39161
0.92113 0.037362 0.39587
0.921 0.03736 0.40348
0.92719 0.037341 0.42968
0.90023 0.03739 0.4537
0.92336 0.037353 0.43444
0.90324 0.037406 0.47852
0.90065 0.037414 0.49408
0.92384 0.03736 0.47052
0.92114 0.037377 0.48427
0.90771 0.037419 0.50164
0.90899 0.037426 0.52118
0.92549 0.037375 0.51059
0.9229 0.037386 0.51758
0.92145 0.037401 0.5359
0.92362 0.037406 0.55242
0.9127 0.037469 0.59345
0.92335 0.037438 0.57305
0.92738 0.03745 0.59287
0.90845 0.037474 0.60267
0.90355 0.037483 0.61993
0.92061 0.037465 0.60373
0.9224 0.037467 0.61618
0.90225 0.037493 0.64129
0.9311 0.037436 0.64499
0.92189 0.037479 0.66086
0.91242 0.037513 0.68579
0.92388 0.037479 0.6789
0.92721 0.037469 0.69383
0.91169 0.037523 0.70286
0.92178 0.037498 0.70695
0.9088 0.037538 0.7393
0.91225 0.037544 0.75871
0.91902 0.037523 0.73533
0.91848 0.037537 0.76389
0.91352 0.037548 0.77103
0.91256 0.037554 0.78764
0.92515 0.037522 0.77522
0.9259 0.037524 0.79492
0.9041 0.037563 0.81508
0.91146 0.037564 0.82155
0.92029 0.037543 0.80244
0.91798 0.037558 0.82544
0.90533 0.037571 0.8448
0.90573 0.037575 0.86155
0.92283 0.037537 0.83544
0.91851 0.037566 0.86108
0.91121 0.037578 0.87251
0.91855 0.03757 0.87116
0.93009 0.037535 0.88888
0.90688 0.037582 0.90923
0.90809 0.037542 0.92839
0.92004 0.037568 0.90825
0.9281 0.037504 0.92443
0.90659 0.037503 0.94056
0.91271 0.033341 0.95906
0.91852 0.037489 0.93905
0.92378 0.033336 0.96034
0.93737 0.037435 0.042315
0.93763 0.037434 0.055062
0.95385 0.0336 0.037333
0.95733 0.033358 0.061769
0.93455 0.037442 0.075356
0.95983 0.033338 0.088418
0.94646 0.037404 0.10716
0.95897 0.033341 0.12898
0.94622 0.037392 0.14683
0.94263 0.037404 0.15735
0.9582 0.033346 0.14231
0.95143 0.034609 0.15964
0.93547 0.037432 0.17339
0.94537 0.03739 0.1971
0.95458 0.033476 0.19854
0.93891 0.037391 0.20712
0.93886 0.037379 0.22999
0.96306 0.033334 0.21576
0.96074 0.033336 0.22281
0.93955 0.037387 0.24877
0.94582 0.037372 0.25419
0.96063 0.033336 0.23847
0.95172 0.034197 0.2653
0.9422 0.037366 0.27269
0.93835 0.037365 0.28958
0.95915 0.033339 0.27692
0.93974 0.037356 0.30344
0.93897 0.037356 0.33101
0.95387 0.033514 0.30303
0.96418 0.033334 0.32534
0.94375 0.037352 0.34273
0.94104 0.037349 0.35716
0.95782 0.033346 0.35982
0.9377 0.037338 0.36825
0.94533 0.037287 0.39675
0.96393 0.033334 0.37909
0.95047 0.034695 0.3955
0.94349 0.03729 0.40609
0.96312 0.033334 0.40888
0.95524 0.033397 0.42718
0.9389 0.037317 0.44314
0.94338 0.037308 0.44985
0.95205 0.033837 0.43397
0.95897 0.033339 0.45084
0.93659 0.037316 0.47038
0.9632 0.033334 0.47712
0.9539 0.033485 0.49263
0.94421 0.037303 0.50623
0.94011 0.037323 0.51955
0.95158 0.034052 0.50926
0.95906 0.033339 0.52418
0.93468 0.037362 0.55172
0.96411 0.033334 0.53648
0.95771 0.033348 0.55449
0.94199 0.03743 0.59081
0.93895 0.037432 0.60986
0.93924 0.037427 0.61882
0.95922 0.033339 0.62403
0.943 0.0374 0.63591
0.96098 0.033335 0.63368
0.96341 0.033334 0.6562
0.94772 0.037385 0.67407
0.95965 0.033338 0.67222
0.95885 0.033341 0.69343
0.93981 0.037411 0.71182
0.93883 0.037419 0.72297
0.95369 0.033604 0.71364
0.9544 0.033502 0.71887
0.94278 0.037418 0.75436
0.95512 0.033438 0.74562
0.95939 0.033339 0.75462
0.94049 0.037479 0.77827
0.94053 0.037472 0.79819
0.95734 0.033357 0.78641
0.93896 0.037472 0.8033
0.95374 0.033613 0.81156
0.95878 0.033342 0.83007
0.93742 0.037465 0.84558
0.96486 0.033333 0.85671
0.94217 0.037497 0.88567
0.95924 0.03334 0.86996
0.93722 0.037476 0.92165
0.95606 0.033392 0.90742
0.96452 0.033334 0.9202
0.93815 0.037423 0.93625
0.94181 0.033346 0.95825
0.95908 0.033341 0.94231
0.95399 0.033333 0.96272
