2635
1 1 1
0.034979 0.037649 0.044814
0.041018 0.037649 0.054114
0.062378 0.03765 0.035659
0.058411 0.03765 0.051352
0.046124 0.03765 0.068753
0.043589 0.037651 0.092963
0.05978 0.037651 0.080448
0.056243 0.03765 0.096622
0.038565 0.03765 0.11011
0.041259 0.037652 0.12001
0.063328 0.037649 0.10684
0.062821 0.037656 0.14231
0.040411 0.037646 0.18781
0.058357 0.037647 0.17781
0.061139 0.037646 0.19334
0.036162 0.037646 0.1981
0.040385 0.037646 0.22378
0.053304 0.037646 0.20312
0.0564 0.037646 0.21639
0.047814 0.037645 0.23273
0.042327 0.037645 0.25376
0.052942 0.037645 0.23904
0.061726 0.037645 0.25357
0.047296 0.037646 0.26552
0.046457 0.037647 0.28245
0.055762 0.037647 0.27447
0.063279 0.037648 0.28312
0.062062 0.037651 0.30395
0.05763 0.037653 0.31896
0.045173 0.037653 0.3401
0.062266 0.037653 0.34867
0.046166 0.037652 0.36999
0.045167 0.037653 0.38339
0.060729 0.037653 0.36788
0.056029 0.037657 0.38966
0.044525 0.037658 0.40032
0.037556 0.037663 0.41983
0.060383 0.037662 0.4031
0.054043 0.037665 0.41463
0.042308 0.037665 0.4431
0.058959 0.037668 0.44084
0.058096 0.037669 0.45718
0.041693 0.037667 0.47085
0.043525 0.037666 0.48589
0.05193 0.037669 0.47058
0.057515 0.037668 0.48956
0.038329 0.037656 0.50613
0.038025 0.03765 0.52769
0.054304 0.037659 0.50814
0.058548 0.037655 0.52672
0.045152 0.03765 0.53944
0.042869 0.037652 0.56569
0.060482 0.037655 0.53791
0.059156 0.037654 0.55909
0.037018 0.037653 0.57709
0.035893 0.037657 0.59991
0.051265 0.037655 0.57565
0.05319 0.037658 0.59614
0.043475 0.037657 0.60478
0.036216 0.037656 0.63233
0.051179 0.03766 0.61092
0.05713 0.037661 0.62385
0.051233 0.037655 0.65194
0.053202 0.037658 0.664
0.047322 0.037658 0.67591
0.052311 0.037659 0.67409
0.057858 0.037662 0.69178
0.035988 0.037655 0.73294
0.059694 0.037657 0.71623
0.051556 0.037656 0.72568
0.04342 0.037656 0.74913
0.037036 0.037657 0.76456
0.058841 0.037656 0.74591
0.051904 0.037657 0.76269
0.040772 0.037657 0.775
0.037212 0.037658 0.80104
0.058032 0.037658 0.78338
0.056123 0.037658 0.79302
0.039729 0.037658 0.82735
0.052745 0.037658 0.81557
0.058319 0.037658 0.8327
0.038036 0.037659 0.84412
0.03502 0.037658 0.86266
0.053646 0.037659 0.83855
0.055993 0.037658 0.86064
0.035576 0.037657 0.87227
0.045102 0.037659 0.89329
0.057962 0.037656 0.87953
0.056454 0.037657 0.88956
0.041912 0.037668 0.9125
0.037079 0.033396 0.95628
0.05857 0.037557 0.94492
0.06103 0.033579 0.95428
0.079189 0.037651 0.045212
0.075076 0.03765 0.059532
0.078091 0.037649 0.087996
0.094247 0.037648 0.07371
0.09159 0.037648 0.087955
0.071217 0.037648 0.10596
0.072285 0.03765 0.12868
0.085128 0.037647 0.1084
0.089327 0.037646 0.1218
0.069801 0.037653 0.1395
0.089444 0.037648 0.13588
0.092813 0.037647 0.15718
0.071925 0.037647 0.17501
0.06796 0.037646 0.18981
0.094291 0.037644 0.17482
0.094802 0.037644 0.18995
0.077203 0.037646 0.20465
0.075865 0.037646 0.22144
0.08872 0.037646 0.20972
0.097006 0.037644 0.22529
0.069641 0.037644 0.24243
0.072215 0.037644 0.2488
0.085479 0.037644 0.243
0.089858 0.037644 0.25114
0.075974 0.037647 0.27151
0.075026 0.037648 0.28873
0.095479 0.037646 0.27152
0.068133 0.037651 0.30524
0.068502 0.037652 0.32418
0.092749 0.037648 0.30371
0.090637 0.03765 0.32473
0.071296 0.037652 0.34317
0.089655 0.037652 0.33903
0.088331 0.037655 0.35391
0.075691 0.037654 0.37686
0.091312 0.037658 0.3702
0.094933 0.03766 0.38192
0.06911 0.037665 0.40836
0.073066 0.037668 0.42168
0.092807 0.037674 0.4105
0.085934 0.037676 0.41715
0.06879 0.037671 0.44391
0.08327 0.037676 0.43575
0.084454 0.03768 0.4549
0.073483 0.037673 0.473
0.077511 0.037674 0.48365
0.089265 0.037683 0.47887
0.088422 0.037681 0.48987
0.068597 0.037665 0.50168
0.084431 0.03767 0.51899
0.076426 0.037659 0.53602
0.071461 0.037657 0.56464
0.081719 0.037661 0.56229
0.073285 0.037658 0.57087
0.068981 0.037661 0.59983
0.084728 0.037666 0.57117
0.087449 0.037669 0.59518
0.073747 0.037665 0.62983
0.089052 0.03767 0.61298
0.09403 0.037668 0.62247
0.072499 0.037664 0.64296
0.091969 0.037666 0.6662
0.067897 0.037665 0.68279
0.085437 0.037669 0.67521
0.088625 0.037666 0.69481
0.076011 0.037658 0.71266
0.067487 0.037655 0.73354
0.09067 0.037659 0.72516
0.070927 0.037655 0.74611
0.075884 0.037655 0.75834
0.087837 0.037657 0.74221
0.084887 0.037657 0.76309
0.071255 0.037657 0.77417
0.072881 0.037658 0.79979
0.093984 0.037657 0.78558
0.072245 0.037656 0.81657
0.080077 0.037655 0.82397
0.092785 0.037656 0.80749
0.089952 0.037656 0.83282
0.074569 0.037658 0.84274
0.074456 0.037657 0.86198
0.089761 0.037655 0.86576
0.076577 0.037653 0.88289
0.088333 0.037654 0.87399
0.085103 0.037654 0.89053
0.071302 0.037663 0.90991
0.076855 0.03764 0.93097
0.088843 0.037658 0.9029
0.071294 0.037612 0.93871
0.085869 0.037628 0.94738
0.11057 0.037644 0.03903
0.10598 0.037646 0.057387
0.1266 0.037642 0.037884
0.12206 0.037643 0.052234
0.10278 0.037647 0.068369
0.10722 0.037646 0.094302
0.12434 0.037643 0.096533
0.10565 0.037644 0.11024
0.11386 0.037643 0.12858
0.12531 0.03764 0.11823
0.1077 0.037644 0.14097
0.10277 0.037645 0.15558
0.1269 0.037642 0.15564
0.10787 0.037642 0.17245
0.10661 0.037642 0.18713
0.1278 0.03764 0.16664
0.11908 0.037641 0.19327
0.11311 0.037642 0.21627
0.11798 0.037641 0.20049
0.11717 0.037642 0.22665
0.10595 0.037643 0.23773
0.10088 0.037644 0.25537
0.121 0.037643 0.23699
0.10677 0.037643 0.27282
0.10644 0.037643 0.28546
0.12066 0.037643 0.27645
0.12878 0.03764 0.283
0.10692 0.037642 0.30291
0.10752 0.037644 0.32523
0.12831 0.037642 0.30837
0.11679 0.037641 0.31702
0.10428 0.037647 0.33297
0.10525 0.037653 0.35746
0.11589 0.037651 0.35243
0.099444 0.037656 0.36445
0.11633 0.03766 0.36879
0.12207 0.037677 0.39247
0.10253 0.037668 0.39719
0.102 0.037678 0.42419
0.11285 0.037681 0.42438
0.098156 0.037682 0.43664
0.099038 0.037684 0.44863
0.11329 0.037689 0.44316
0.11496 0.037694 0.4557
0.098255 0.037684 0.46954
0.1063 0.037684 0.48621
0.11592 0.037696 0.47085
0.12147 0.037702 0.48817
0.10253 0.037676 0.5025
0.097994 0.037672 0.52466
0.11817 0.037684 0.52493
0.10386 0.037674 0.53749
0.099576 0.037674 0.55934
0.12016 0.037688 0.54286
0.097775 0.037672 0.58238
0.09997 0.037671 0.59556
0.11705 0.037684 0.57602
0.11865 0.037676 0.60144
0.10783 0.037664 0.61726
0.10802 0.037662 0.62723
0.12453 0.037663 0.63252
0.10524 0.037659 0.6463
0.10493 0.037659 0.65932
0.11826 0.037661 0.64095
0.11544 0.037656 0.66807
0.10391 0.03766 0.68462
0.12101 0.037658 0.68438
0.10707 0.037662 0.72976
0.12588 0.037658 0.70818
0.12736 0.037657 0.73553
0.10151 0.037658 0.74065
0.10558 0.037656 0.75699
0.12006 0.037654 0.76518
0.10714 0.037654 0.77611
0.12794 0.037649 0.78006
0.11774 0.037651 0.79213
0.10896 0.037655 0.83046
0.11777 0.037653 0.80594
0.12112 0.037653 0.83439
0.11032 0.037655 0.84026
0.12619 0.037651 0.84353
0.12602 0.03765 0.85701
0.10867 0.037652 0.87658
0.11238 0.037652 0.89297
0.12877 0.037649 0.88327
0.12231 0.037652 0.89776
0.10338 0.037657 0.91004
0.12164 0.037654 0.91229
0.12008 0.037631 0.92546
0.10498 0.037612 0.93851
0.1298 0.037557 0.94647
0.12817 0.033334 0.96457
0.14184 0.03764 0.039786
0.15728 0.037637 0.035266
0.15891 0.037636 0.053335
0.13449 0.037642 0.076218
0.13979 0.037638 0.095372
0.15263 0.037637 0.07195
0.15695 0.037635 0.090489
0.13938 0.037637 0.1064
0.14097 0.037636 0.11773
0.15151 0.037633 0.11103
0.15578 0.037632 0.11659
0.13438 0.03764 0.13768
0.13536 0.03764 0.15928
0.15991 0.037636 0.15289
0.13389 0.037639 0.17803
0.15777 0.037636 0.17252
0.15649 0.037636 0.18409
0.13632 0.037639 0.20511
0.1422 0.037639 0.22487
0.15925 0.037635 0.20637
0.13532 0.03764 0.23743
0.1452 0.037639 0.25267
0.15113 0.037638 0.23047
0.15867 0.037637 0.25872
0.1377 0.037639 0.26687
0.13697 0.037639 0.28868
0.15588 0.037638 0.26659
0.15244 0.037639 0.28538
0.14456 0.03764 0.30249
0.13242 0.037642 0.31336
0.15787 0.037643 0.29664
0.1498 0.037646 0.31965
0.1346 0.037651 0.34159
0.1436 0.037652 0.34822
0.15445 0.037652 0.3301
0.13998 0.037662 0.37241
0.13422 0.037667 0.38121
0.15727 0.03767 0.37502
0.12986 0.037693 0.41957
0.14362 0.037698 0.4229
0.13668 0.0377 0.43864
0.12997 0.037703 0.45265
0.14835 0.03771 0.44115
0.14644 0.037714 0.45109
0.13058 0.037708 0.46841
0.12876 0.037707 0.48538
0.14787 0.037727 0.4707
0.13715 0.03769 0.50912
0.13643 0.037682 0.52365
0.15323 0.037715 0.50046
0.13048 0.037682 0.54536
0.13702 0.037674 0.56754
0.14402 0.037681 0.54987
0.15316 0.037699 0.55454
0.13793 0.037668 0.58399
0.13322 0.037669 0.5968
0.15254 0.037678 0.58404
0.15159 0.037673 0.59638
0.13277 0.037665 0.61393
0.13564 0.037661 0.63148
0.15383 0.037668 0.61878
0.14938 0.037666 0.62896
0.13915 0.037656 0.66277
0.15805 0.037665 0.64811
0.14863 0.037659 0.66416
0.13671 0.037655 0.67585
0.14266 0.037651 0.69628
0.14691 0.037653 0.67968
0.14942 0.03765 0.70383
0.13141 0.037655 0.70734
0.14271 0.037648 0.73506
0.15385 0.037652 0.71027
0.14951 0.037646 0.73492
0.14276 0.037647 0.75044
0.13654 0.037647 0.76769
0.15512 0.037646 0.74142
0.15876 0.037642 0.75775
0.13951 0.037644 0.79442
0.15291 0.037643 0.77794
0.1544 0.037643 0.80002
0.14497 0.037646 0.80818
0.14238 0.037647 0.82917
0.16329 0.037643 0.81561
0.15564 0.037643 0.82951
0.14051 0.037645 0.84813
0.14705 0.037643 0.8631
0.16013 0.037639 0.84697
0.16022 0.037639 0.86238
0.13706 0.037648 0.87722
0.15695 0.037644 0.88138
0.15535 0.037646 0.898
0.13513 0.037651 0.90926
0.14013 0.037609 0.92847
0.15741 0.037647 0.91131
0.15501 0.037614 0.92543
0.13633 0.034086 0.9526
0.15874 0.037549 0.9408
0.15838 0.033335 0.96145
0.17097 0.037632 0.044836
0.17789 0.03763 0.061183
0.18717 0.037628 0.045532
0.1862 0.037628 0.055108
0.17073 0.037632 0.076323
0.1745 0.037631 0.092011
0.18977 0.037627 0.077876
0.18948 0.037628 0.093112
0.16986 0.037631 0.10594
0.17405 0.03763 0.12877
0.18418 0.037629 0.10739
0.19113 0.037628 0.11803
0.17264 0.03763 0.14068
0.1794 0.037629 0.15393
0.1875 0.037627 0.14523
0.19186 0.037627 0.15044
0.17908 0.03763 0.19327
0.1907 0.037627 0.17206
0.18616 0.037631 0.18862
0.17523 0.037631 0.22628
0.18753 0.037631 0.2013
0.18674 0.037633 0.21956
0.17299 0.037632 0.23861
0.17522 0.037631 0.25661
0.18718 0.03763 0.24846
0.18848 0.037632 0.26968
0.18404 0.03764 0.2878
0.16651 0.037642 0.29593
0.17282 0.037649 0.31291
0.18636 0.03765 0.30727
0.18879 0.037657 0.32377
0.16518 0.037654 0.34003
0.16784 0.037656 0.34681
0.1824 0.037656 0.33539
0.18537 0.037663 0.34472
0.17353 0.037668 0.36918
0.18357 0.037681 0.37191
0.17988 0.03768 0.38876
0.16738 0.037686 0.42326
0.18746 0.037692 0.40051
0.187 0.037702 0.4192
0.16672 0.037696 0.43615
0.16713 0.037707 0.45117
0.18229 0.037709 0.43273
0.17511 0.037717 0.45755
0.16282 0.037726 0.48561
0.17596 0.037741 0.47634
0.17855 0.037752 0.48469
0.16154 0.037714 0.50149
0.16127 0.037705 0.52984
0.17996 0.037747 0.50746
0.17754 0.037735 0.52961
0.16158 0.037706 0.54518
0.17363 0.03771 0.56288
0.16933 0.037682 0.58021
0.16049 0.037675 0.59326
0.1814 0.037698 0.58633
0.17628 0.037674 0.59868
0.16968 0.037663 0.61006
0.1641 0.037662 0.63161
0.17724 0.037668 0.60825
0.17768 0.037661 0.62738
0.16477 0.037663 0.65015
0.16688 0.037662 0.66009
0.18944 0.037682 0.65443
0.19013 0.037675 0.66601
0.16726 0.037657 0.67802
0.16644 0.037653 0.69383
0.17981 0.037658 0.67591
0.18309 0.037656 0.69575
0.17295 0.037648 0.72082
0.16982 0.037644 0.73242
0.18299 0.037652 0.70866
0.18399 0.037641 0.73723
0.17652 0.037634 0.75156
0.16971 0.037636 0.75917
0.18532 0.037635 0.75092
0.16928 0.037641 0.79367
0.18973 0.037636 0.77386
0.18929 0.037638 0.79993
0.17463 0.037639 0.80819
0.18785 0.037637 0.81585
0.18954 0.037632 0.83044
0.17924 0.037633 0.84073
0.17021 0.037634 0.85705
0.1883 0.03763 0.84755
0.18641 0.037629 0.85454
0.16839 0.037638 0.87606
0.1683 0.037641 0.89227
0.19424 0.037628 0.87089
0.19346 0.03763 0.89024
0.17029 0.037594 0.92913
0.18544 0.037585 0.93012
0.17997 0.033707 0.95359
0.18709 0.037548 0.93851
0.19222 0.033403 0.95609
0.20177 0.037624 0.044284
0.21005 0.037622 0.058467
0.22352 0.037619 0.034972
0.2216 0.037619 0.056241
0.20875 0.037622 0.068575
0.20548 0.037623 0.088337
0.2261 0.037617 0.070699
0.22269 0.037618 0.093064
0.21117 0.037621 0.1004
0.2052 0.037624 0.12636
0.22789 0.037617 0.10093
0.21969 0.037621 0.1209
0.20416 0.037624 0.14151
0.19981 0.037624 0.17291
0.21009 0.037625 0.18897
0.22629 0.037613 0.1718
0.22866 0.037613 0.18274
0.20536 0.03763 0.19962
0.22276 0.037625 0.19941
0.21095 0.03763 0.23722
0.22459 0.037635 0.23198
0.22191 0.03764 0.25545
0.20395 0.037623 0.27196
0.19904 0.037626 0.28011
0.22228 0.037635 0.26605
0.21549 0.037618 0.28412
0.20709 0.037622 0.30463
0.20487 0.037639 0.32428
0.21396 0.037617 0.31295
0.19828 0.037652 0.33003
0.20281 0.037662 0.35249
0.21464 0.037639 0.3294
0.22381 0.037666 0.34613
0.20602 0.03766 0.36215
0.20255 0.037669 0.37964
0.21805 0.037665 0.36057
0.21052 0.037667 0.38616
0.19975 0.03769 0.404
0.20845 0.037683 0.40078
0.19877 0.037717 0.42728
0.18909 0.037744 0.45422
0.21214 0.037742 0.42859
0.211 0.037782 0.44714
0.19388 0.037771 0.46629
0.19586 0.037789 0.48745
0.20032 0.037794 0.47431
0.20396 0.037822 0.48781
0.19186 0.037777 0.50949
0.19374 0.037768 0.52325
0.19465 0.037753 0.54062
0.19573 0.037742 0.5552
0.206 0.037764 0.55608
0.19404 0.037713 0.58608
0.19083 0.037704 0.5985
0.21 0.037745 0.58393
0.21007 0.037741 0.59096
0.19186 0.037696 0.61113
0.19423 0.03769 0.63626
0.21743 0.037718 0.63641
0.19481 0.037685 0.65273
0.20414 0.037681 0.65926
0.21717 0.037709 0.64505
0.20491 0.037664 0.67748
0.19949 0.037652 0.69943
0.21586 0.037666 0.67885
0.2147 0.03765 0.70067
0.19867 0.037644 0.71309
0.19863 0.037635 0.7319
0.21557 0.037638 0.71484
0.21798 0.037628 0.72584
0.20274 0.037629 0.76329
0.21919 0.037625 0.75172
0.20216 0.037634 0.78452
0.20914 0.03763 0.79606
0.22014 0.037627 0.77558
0.20381 0.037628 0.83406
0.22688 0.037625 0.81837
0.22361 0.037623 0.83274
0.20432 0.037625 0.84811
0.2078 0.037622 0.86133
0.22206 0.037623 0.83915
0.22337 0.037617 0.86038
0.2068 0.037623 0.87659
0.20924 0.037624 0.89378
0.21965 0.037618 0.87809
0.22453 0.037619 0.89656
0.21331 0.037587 0.92751
0.22435 0.037626 0.91409
0.20132 0.037506 0.94692
0.21277 0.033334 0.96263
0.22097 0.037522 0.94266
0.22135 0.033367 0.95714
0.2341 0.037616 0.03498
0.23775 0.037614 0.061174
0.25151 0.037611 0.042372
0.25971 0.037608 0.0559
0.23947 0.037613 0.067278
0.23576 0.037614 0.083941
0.25559 0.037607 0.075251
0.25892 0.037606 0.084595
0.24548 0.037617 0.11779
0.25534 0.037611 0.10027
0.25087 0.037616 0.12443
0.23507 0.037618 0.14278
0.25431 0.037614 0.13733
0.26021 0.03761 0.15367
0.23536 0.037609 0.17395
0.24548 0.037607 0.18883
0.25284 0.037606 0.17396
0.25874 0.037608 0.18336
0.23879 0.037615 0.20804
0.23233 0.037629 0.22597
0.25545 0.037611 0.20296
0.23186 0.037636 0.24085
0.23878 0.03764 0.24638
0.24077 0.037642 0.26933
0.2397 0.037642 0.28907
0.25954 0.037651 0.2786
0.25803 0.037663 0.3022
0.25441 0.037675 0.31676
0.23173 0.037666 0.34912
0.25052 0.037676 0.33759
0.25604 0.037704 0.35434
0.23489 0.037667 0.3607
0.24701 0.037684 0.36652
0.2423 0.037675 0.38028
0.22549 0.0377 0.39914
0.23466 0.037716 0.41234
0.24499 0.037703 0.39267
0.22834 0.037741 0.42621
0.22418 0.037787 0.44599
0.24481 0.037769 0.42953
0.23818 0.037806 0.44882
0.21688 0.037858 0.47169
0.23156 0.037862 0.46602
0.23624 0.037954 0.4818
0.22637 0.037866 0.50342
0.23074 0.037872 0.53094
0.22204 0.037819 0.54759
0.2184 0.037793 0.5664
0.2281 0.037768 0.59392
0.23719 0.037771 0.60142
0.23295 0.037729 0.61332
0.23112 0.037693 0.63966
0.23932 0.037721 0.61775
0.24497 0.037691 0.63538
0.22815 0.03768 0.6541
0.23661 0.03766 0.66441
0.24616 0.037664 0.65629
0.24781 0.037666 0.67054
0.23722 0.03766 0.687
0.25592 0.03766 0.69524
0.2382 0.037625 0.72198
0.24982 0.037636 0.71303
0.25171 0.03762 0.73198
0.23805 0.037618 0.74497
0.23545 0.037617 0.76209
0.25303 0.037617 0.75017
0.26198 0.037613 0.76647
0.23276 0.037625 0.78193
0.24125 0.03762 0.79415
0.25746 0.037615 0.77585
0.24169 0.037619 0.80954
0.25965 0.037611 0.81095
0.25301 0.037612 0.83004
0.24269 0.037614 0.84564
0.23809 0.037612 0.86108
0.23649 0.037611 0.87911
0.23537 0.03761 0.88842
0.25843 0.037602 0.87734
0.2457 0.037612 0.91265
0.2363 0.037577 0.92869
0.25173 0.037606 0.90352
0.2604 0.037562 0.93072
0.2433 0.033335 0.96132
0.25558 0.037547 0.93622
0.27606 0.037602 0.056259
0.29652 0.037593 0.060767
0.2779 0.037597 0.079215
0.27111 0.037603 0.093922
0.29508 0.037593 0.073921
0.27219 0.037605 0.10869
0.29177 0.037596 0.10372
0.28699 0.0376 0.12246
0.27292 0.037603 0.13547
0.27033 0.037606 0.15611
0.2945 0.037592 0.1372
0.29603 0.037597 0.15716
0.26667 0.037606 0.16889
0.27196 0.037608 0.1817
0.28767 0.037614 0.19178
0.27541 0.037623 0.21469
0.29011 0.037614 0.19685
0.28795 0.037623 0.22199
0.27156 0.037638 0.2577
0.28854 0.037624 0.23644
0.29039 0.037646 0.25547
0.28499 0.037644 0.26311
0.26599 0.037657 0.30397
0.26843 0.037665 0.31317
0.29204 0.037674 0.31721
0.26432 0.037685 0.33234
0.26846 0.037707 0.35483
0.2782 0.037673 0.33847
0.28064 0.037701 0.35061
0.26659 0.037714 0.36068
0.26633 0.037727 0.3798
0.28232 0.037751 0.37106
0.26169 0.037747 0.39948
0.25734 0.037768 0.41404
0.27755 0.037782 0.40423
0.27093 0.037782 0.41886
0.24753 0.037858 0.45347
0.2679 0.037784 0.42666
0.27357 0.037847 0.44482
0.24359 0.037942 0.46763
0.24556 0.038001 0.4852
0.25958 0.038093 0.47989
0.24285 0.037965 0.50787
0.25397 0.037959 0.53335
0.24753 0.037926 0.53946
0.25171 0.03789 0.57169
0.25664 0.037927 0.55082
0.26702 0.037971 0.56238
0.25652 0.037879 0.57855
0.2535 0.037787 0.60628
0.26432 0.037882 0.58146
0.26687 0.037825 0.5948
0.25984 0.037737 0.61725
0.26151 0.037695 0.63604
0.27668 0.037687 0.63219
0.2651 0.037674 0.65399
0.26367 0.037672 0.66979
0.27798 0.037667 0.65389
0.28125 0.03766 0.67075
0.26358 0.037673 0.67812
0.27236 0.037624 0.69885
0.28814 0.037667 0.67991
0.28473 0.037609 0.70557
0.27072 0.037597 0.71931
0.27464 0.03759 0.72695
0.29305 0.037608 0.7303
0.27797 0.037616 0.75349
0.27406 0.037608 0.76979
0.29273 0.037627 0.7462
0.26815 0.037608 0.77751
0.27644 0.037596 0.79512
0.29426 0.037598 0.78173
0.29025 0.037595 0.79901
0.29193 0.037602 0.81582
0.28458 0.037605 0.83092
0.27709 0.037605 0.84815
0.29567 0.037597 0.84545
0.28767 0.037597 0.86029
0.27117 0.037596 0.88154
0.28096 0.037593 0.89371
0.29251 0.037588 0.88079
0.28551 0.037592 0.89472
0.29698 0.037591 0.91015
0.29451 0.037566 0.92641
0.27717 0.037494 0.94642
0.27989 0.033434 0.95544
0.29738 0.037542 0.93607
0.28535 0.033337 0.96026
0.30269 0.037591 0.045289
0.3062 0.03759 0.05832
0.32942 0.03758 0.044185
0.33059 0.037581 0.05816
0.30468 0.03759 0.079324
0.30873 0.037591 0.086725
0.32534 0.037584 0.069957
0.32132 0.037587 0.093225
0.30681 0.037591 0.10741
0.30463 0.037592 0.12496
0.32965 0.037582 0.10259
0.31999 0.037587 0.12266
0.30318 0.037587 0.14301
0.30631 0.037593 0.15423
0.3231 0.037581 0.14163
0.32392 0.037586 0.15088
0.3043 0.037598 0.17512
0.30719 0.037604 0.18955
0.32426 0.037589 0.16921
0.30821 0.037613 0.21893
0.32864 0.037602 0.20488
0.32722 0.037609 0.21302
0.29958 0.037618 0.23956
0.30631 0.037626 0.24998
0.31622 0.037627 0.25468
0.30531 0.037635 0.26304
0.29971 0.037647 0.28586
0.31484 0.037629 0.26269
0.32049 0.037639 0.28001
0.29966 0.037647 0.30486
0.29919 0.037662 0.31364
0.31608 0.037645 0.30554
0.31636 0.037655 0.31282
0.3034 0.037685 0.32958
0.29346 0.037728 0.35251
0.31566 0.037683 0.3364
0.32199 0.037724 0.35103
0.29788 0.037745 0.3573
0.29163 0.037804 0.38491
0.30864 0.037768 0.36601
0.31506 0.037867 0.37978
0.28897 0.03781 0.40294
0.29626 0.037818 0.41187
0.30463 0.03782 0.39959
0.30749 0.037851 0.41549
0.28719 0.037833 0.4321
0.27937 0.037895 0.44951
0.30676 0.037971 0.4312
0.30799 0.038118 0.44117
0.27338 0.03817 0.47642
0.28809 0.038087 0.46262
0.2759 0.038197 0.48658
0.27029 0.038198 0.50051
0.26422 0.038148 0.51909
0.28091 0.038349 0.50179
0.277 0.038103 0.54047
0.28617 0.038017 0.56673
0.27717 0.037904 0.58334
0.30422 0.037828 0.60016
0.28549 0.037718 0.62359
0.29042 0.037695 0.63685
0.31493 0.037786 0.63411
0.31497 0.037757 0.66038
0.31857 0.037764 0.67426
0.32483 0.037687 0.70407
0.3262 0.037653 0.72233
0.31975 0.037645 0.73378
0.30523 0.037633 0.74289
0.31162 0.037605 0.76205
0.32301 0.037617 0.74959
0.32128 0.037599 0.76693
0.31177 0.037598 0.78154
0.30414 0.037593 0.79486
0.31893 0.037595 0.78573
0.3194 0.037593 0.80181
0.30271 0.037597 0.80801
0.32161 0.037577 0.82848
0.30467 0.037589 0.84265
0.31113 0.03758 0.85985
0.30358 0.037581 0.8831
0.31144 0.037577 0.8908
0.3235 0.037574 0.87225
0.32167 0.037574 0.89715
0.30471 0.037587 0.9134
0.31415 0.037567 0.92932
0.33097 0.037572 0.90626
0.32193 0.037568 0.9231
0.30579 0.037533 0.94561
0.3242 0.037538 0.94286
0.34103 0.037575 0.040633
0.34007 0.037577 0.055606
0.36516 0.037568 0.040755
0.35432 0.037572 0.051338
0.34051 0.037577 0.073244
0.34001 0.03758 0.085523
0.35587 0.037574 0.083382
0.34206 0.037576 0.10402
0.33682 0.03758 0.12122
0.35727 0.03757 0.12022
0.33956 0.037577 0.13789
0.34367 0.037582 0.1501
0.35616 0.037572 0.13967
0.36282 0.037575 0.14806
0.34403 0.037584 0.16772
0.34395 0.037586 0.17849
0.35131 0.037584 0.16341
0.35622 0.037588 0.17818
0.33633 0.0376 0.19804
0.33462 0.037617 0.21819
0.35206 0.037603 0.19709
0.34179 0.037618 0.23098
0.33705 0.037631 0.25421
0.35227 0.037623 0.23332
0.35913 0.037647 0.24873
0.34271 0.037613 0.27062
0.34033 0.037619 0.28102
0.35734 0.037641 0.26726
0.35011 0.03761 0.27596
0.33372 0.037646 0.29592
0.33505 0.037692 0.3189
0.34995 0.037639 0.29538
0.3458 0.037679 0.31882
0.33955 0.037713 0.32619
0.33029 0.037717 0.34516
0.34509 0.037758 0.33567
0.35625 0.038193 0.36254
0.3479 0.038015 0.37651
0.32273 0.037875 0.39846
0.31923 0.037882 0.41619
0.33443 0.037879 0.39019
0.31933 0.038129 0.43198
0.32939 0.038018 0.42713
0.29651 0.038228 0.46274
0.29022 0.038368 0.48811
0.30293 0.038438 0.4794
0.29075 0.038424 0.49993
0.29379 0.038445 0.50029
0.3041 0.038498 0.5325
0.29855 0.038056 0.57215
0.30689 0.038372 0.54836
0.31323 0.038068 0.57051
0.31826 0.037856 0.59428
0.31527 0.037818 0.61174
0.3178 0.037808 0.61961
0.32595 0.037802 0.63728
0.3391 0.037867 0.61845
0.34695 0.037838 0.63432
0.3358 0.037766 0.66082
0.32614 0.037767 0.67465
0.34862 0.037782 0.65655
0.34533 0.037741 0.67168
0.3317 0.037684 0.69954
0.34884 0.037705 0.68342
0.35623 0.037644 0.70563
0.33087 0.037664 0.71622
0.3394 0.037623 0.72868
0.35479 0.037637 0.71706
0.34939 0.03761 0.73789
0.3389 0.037609 0.74418
0.34085 0.03759 0.76987
0.35277 0.037588 0.74893
0.35608 0.037586 0.76487
0.35459 0.037596 0.78107
0.35581 0.037574 0.80219
0.34717 0.037568 0.81507
0.3363 0.037568 0.82271
0.35672 0.03756 0.82593
0.34685 0.037571 0.84389
0.34449 0.037567 0.86053
0.36399 0.037562 0.83764
0.36295 0.037558 0.86116
0.33862 0.03757 0.87896
0.34199 0.037566 0.89269
0.35508 0.03756 0.88734
0.3471 0.037566 0.9098
0.34033 0.037539 0.92706
0.35485 0.037563 0.91274
0.35481 0.037536 0.92403
0.34654 0.037495 0.9383
0.33815 0.033347 0.95841
0.36156 0.03749 0.93805
0.35342 0.033334 0.96259
0.37212 0.037566 0.035102
0.38202 0.037566 0.055884
0.39089 0.03756 0.040886
0.39246 0.037569 0.07017
0.39681 0.037572 0.091473
0.37226 0.037563 0.103
0.38328 0.037551 0.11534
0.39641 0.037555 0.10681
0.39111 0.037552 0.11478
0.37122 0.037566 0.14219
0.37223 0.037581 0.15533
0.39614 0.037558 0.13539
0.37869 0.037584 0.1651
0.37305 0.037591 0.17712
0.39357 0.037606 0.18734
0.37357 0.037608 0.19549
0.37654 0.037614 0.21186
0.38852 0.037607 0.20039
0.38812 0.037611 0.21001
0.37151 0.037624 0.2365
0.36889 0.037648 0.2482
0.39512 0.037633 0.22804
0.39152 0.037666 0.25096
0.36757 0.037661 0.26346
0.36668 0.037668 0.28606
0.39112 0.037677 0.26766
0.37941 0.037697 0.2826
0.37257 0.037693 0.30856
0.3858 0.037729 0.29533
0.38442 0.037741 0.30499
0.36135 0.037711 0.32554
0.36649 0.038034 0.34734
0.3598 0.038254 0.36918
0.37714 0.038196 0.35534
0.35855 0.038079 0.38483
0.36562 0.038165 0.38149
0.35958 0.037958 0.39733
0.34117 0.038123 0.43113
0.33524 0.038336 0.44202
0.35235 0.037961 0.41998
0.33838 0.03833 0.44543
0.31815 0.03871 0.4583
0.31806 0.038578 0.47442
0.30282 0.038717 0.50862
0.31382 0.038443 0.54081
0.31067 0.038797 0.50434
0.31773 0.03843 0.54232
0.32651 0.038194 0.56335
0.32964 0.038041 0.5764
0.33818 0.037967 0.59564
0.34476 0.037911 0.61312
0.35093 0.038015 0.59039
0.36611 0.038071 0.61515
0.35283 0.037853 0.63153
0.35424 0.037841 0.63974
0.36654 0.037898 0.63131
0.3738 0.037893 0.64155
0.35639 0.037775 0.65795
0.36129 0.037718 0.67739
0.38443 0.037845 0.65581
0.38727 0.037769 0.66614
0.36304 0.03767 0.68847
0.37973 0.037726 0.68045
0.38632 0.037687 0.70115
0.37957 0.037614 0.73339
0.39463 0.037658 0.71395
0.38867 0.037608 0.73373
0.37739 0.037574 0.75357
0.36869 0.037578 0.75974
0.38534 0.037581 0.7501
0.3813 0.03757 0.78181
0.37877 0.037558 0.79976
0.38793 0.037576 0.77672
0.37816 0.037558 0.80947
0.37172 0.037555 0.83088
0.37486 0.037556 0.83871
0.3734 0.03755 0.85609
0.38909 0.037548 0.83879
0.39036 0.037545 0.86365
0.37583 0.037556 0.87571
0.37135 0.037554 0.89488
0.39319 0.037544 0.89816
0.37529 0.037553 0.90941
0.38213 0.037518 0.92822
0.38867 0.037547 0.90874
0.39576 0.037508 0.93077
0.37925 0.037485 0.94153
0.37327 0.033564 0.95399
0.39225 0.037483 0.94224
0.39838 0.033466 0.95479
0.41579 0.037559 0.036645
0.42132 0.037558 0.041414
0.42283 0.037565 0.064282
0.40703 0.037574 0.079995
0.42835 0.037565 0.073328
0.43556 0.037632 0.095595
0.41878 0.03755 0.10597
0.40859 0.03754 0.11568
0.42668 0.037602 0.10476
0.42798 0.03762 0.12144
0.41432 0.03756 0.13907
0.40786 0.037583 0.15535
0.42926 0.037581 0.14458
0.41094 0.037581 0.16397
0.40877 0.037596 0.1845
0.42187 0.037574 0.16949
0.42379 0.037574 0.1762
0.4121 0.037633 0.21913
0.42479 0.037587 0.19933
0.42978 0.037586 0.20628
0.39843 0.037636 0.23334
0.40919 0.037693 0.25055
0.42885 0.03764 0.22413
0.40726 0.037694 0.26544
0.403 0.037697 0.27422
0.4255 0.037749 0.27671
0.40777 0.037741 0.29512
0.39848 0.037778 0.30758
0.42202 0.037758 0.28433
0.41634 0.03776 0.30012
0.39749 0.037825 0.32527
0.39978 0.0379 0.33863
0.41759 0.037857 0.31766
0.40727 0.037945 0.34128
0.38414 0.038272 0.36499
0.41235 0.038013 0.34738
0.37445 0.038248 0.37826
0.37101 0.037974 0.3985
0.39616 0.038126 0.37629
0.38758 0.037973 0.3895
0.37097 0.037867 0.41849
0.36344 0.037966 0.43517
0.38385 0.037927 0.4015
0.34348 0.038276 0.45275
0.32217 0.038435 0.47383
0.36127 0.037698 0.44822
0.32499 0.038099 0.48526
0.3201 0.038447 0.49476
0.3222 0.038537 0.52964
0.32417 0.03783 0.50139
0.33496 0.038035 0.54059
0.35319 0.037958 0.56763
0.37276 0.03797 0.57944
0.37376 0.038271 0.60973
0.40248 0.038159 0.62406
0.38439 0.03805 0.62993
0.39446 0.037912 0.64818
0.40595 0.038067 0.63206
0.39759 0.037815 0.65703
0.405 0.037728 0.66779
0.41287 0.037789 0.65317
0.42282 0.037682 0.66312
0.39754 0.03771 0.68697
0.40493 0.037667 0.69492
0.42541 0.037699 0.68241
0.4269 0.037628 0.69786
0.41162 0.037623 0.71515
0.40634 0.037598 0.72768
0.42496 0.037574 0.72431
0.40612 0.037564 0.75842
0.42469 0.037554 0.74553
0.41924 0.037564 0.76112
0.41096 0.037555 0.77802
0.40307 0.037544 0.79783
0.42836 0.037536 0.7787
0.43146 0.037527 0.79427
0.41536 0.037526 0.81536
0.43244 0.037526 0.8071
0.4199 0.037523 0.82371
0.40578 0.037539 0.83889
0.42498 0.037526 0.86016
0.41354 0.037534 0.87946
0.40907 0.037535 0.89722
0.42843 0.037526 0.87967
0.42315 0.037525 0.88849
0.41072 0.037537 0.9073
0.40889 0.037507 0.92992
0.42806 0.037505 0.92737
0.40357 0.037476 0.94485
0.41919 0.037488 0.93787
0.42876 0.033335 0.96116
0.43893 0.037558 0.041657
0.44474 0.037557 0.062138
0.45747 0.037555 0.045352
0.43965 0.037556 0.072487
0.44155 0.037642 0.094704
0.46412 0.037544 0.082006
0.45798 0.037719 0.10012
0.44248 0.037889 0.11688
0.46047 0.037783 0.10621
0.44827 0.037826 0.12855
0.44059 0.037572 0.1457
0.45446 0.037829 0.12941
0.46296 0.037559 0.14702
0.44736 0.03752 0.15971
0.44368 0.037568 0.18154
0.46103 0.037533 0.16795
0.45871 0.03757 0.18497
0.44633 0.037574 0.19625
0.4407 0.037585 0.20792
0.4537 0.037608 0.21507
0.43709 0.037648 0.22813
0.43314 0.037687 0.24218
0.45108 0.037643 0.22661
0.43538 0.037724 0.25236
0.43493 0.037729 0.26716
0.45652 0.037736 0.2611
0.45977 0.037797 0.27287
0.43235 0.037784 0.2822
0.44718 0.037843 0.29096
0.45391 0.037941 0.30376
0.43091 0.037894 0.31617
0.42716 0.037917 0.33145
0.4502 0.037979 0.31095
0.44497 0.037952 0.32358
0.42716 0.038007 0.34269
0.41868 0.038099 0.3627
0.45058 0.038102 0.33879
0.44251 0.038197 0.3519
0.43511 0.038286 0.36968
0.39287 0.03732 0.40263
0.38897 0.037057 0.42358
0.42262 0.036872 0.38377
0.40753 0.035195 0.40716
0.37076 0.036876 0.4423
0.34244 0.036132 0.47047
0.35248 0.034278 0.48353
0.33059 0.036313 0.51207
0.34339 0.037058 0.54198
0.33841 0.035534 0.51981
0.38634 0.035668 0.56364
0.38771 0.036965 0.58628
0.39998 0.037369 0.60128
0.39622 0.036189 0.58914
0.40876 0.036968 0.60145
0.41466 0.038465 0.61292
0.42244 0.038163 0.60854
0.42941 0.038415 0.62069
0.42359 0.038016 0.63774
0.44071 0.038202 0.62695
0.45122 0.037904 0.63859
0.4321 0.037672 0.65613
0.43165 0.037684 0.66627
0.45055 0.037724 0.65608
0.44917 0.037725 0.66448
0.43427 0.037659 0.68494
0.44295 0.03761 0.69854
0.46322 0.037555 0.696
0.44025 0.037575 0.7137
0.44568 0.037554 0.72967
0.4552 0.037557 0.71135
0.45976 0.037531 0.73127
0.44846 0.037536 0.74041
0.43695 0.03754 0.76133
0.4611 0.037503 0.74468
0.45743 0.037516 0.76115
0.44132 0.03753 0.77577
0.44267 0.037523 0.79705
0.45556 0.037511 0.7789
0.46622 0.037516 0.79733
0.44432 0.037507 0.82014
0.4555 0.037501 0.81381
0.45526 0.037505 0.82318
0.44572 0.037521 0.83648
0.43851 0.037522 0.85991
0.46423 0.037513 0.83661
0.44068 0.037525 0.87
0.44113 0.03752 0.89009
0.45364 0.037516 0.88032
0.4611 0.037515 0.89381
0.44754 0.037525 0.91344
0.44746 0.037503 0.92556
0.46067 0.037519 0.91402
0.45627 0.03749 0.92992
0.44457 0.037461 0.94693
0.46441 0.037456 0.94321
0.46028 0.033334 0.96318
0.40514 0.037993 0.44264
0.37549 0.038314 0.46577
0.37226 0.038183 0.52472
0.37422 0.036247 0.49462
0.48143 0.037546 0.046137
0.47785 0.037549 0.06483
0.49595 0.037541 0.039005
0.48784 0.037546 0.062598
0.46997 0.037546 0.081981
0.47227 0.037597 0.094367
0.49167 0.037544 0.07346
0.49003 0.037547 0.093667
0.47765 0.037601 0.10999
0.47154 0.037707 0.11534
0.48325 0.037545 0.10463
0.4932 0.037543 0.12282
0.47109 0.037674 0.13014
0.49156 0.037575 0.14648
0.46982 0.03755 0.16423
0.4775 0.037573 0.17839
0.48691 0.037583 0.16191
0.47886 0.037588 0.19438
0.4757 0.037608 0.2109
0.49064 0.037589 0.19227
0.49092 0.037601 0.2089
0.47252 0.037659 0.23187
0.4789 0.037674 0.23747
0.48811 0.03765 0.22442
0.49405 0.037663 0.23647
0.4673 0.037741 0.26135
0.48009 0.037757 0.26511
0.49385 0.037735 0.26038
0.49864 0.037805 0.27363
0.47123 0.037887 0.28871
0.47428 0.037969 0.29677
0.48627 0.037979 0.2973
0.4667 0.038083 0.3131
0.47034 0.038323 0.32526
0.48643 0.038139 0.31391
0.48952 0.038362 0.32459
0.46752 0.038422 0.33416
0.4704 0.038627 0.3408
0.48969 0.038821 0.34146
0.45533 0.038239 0.36221
0.47778 0.038583 0.34825
0.47896 0.037847 0.35239
0.43745 0.036166 0.38183
0.43281 0.034609 0.39409
0.46464 0.035627 0.36527
0.46444 0.034334 0.37208
0.42001 0.033583 0.42565
0.43783 0.033362 0.49055
0.3963 0.033434 0.51275
0.40275 0.034385 0.57659
0.44715 0.033748 0.59848
0.4384 0.035461 0.60573
0.48199 0.034052 0.59495
0.49492 0.035433 0.60638
0.43943 0.037618 0.61242
0.45623 0.038056 0.61938
0.49103 0.037005 0.61477
0.50277 0.037855 0.62208
0.46099 0.03811 0.62668
0.46557 0.037826 0.64449
0.48328 0.037996 0.62954
0.49843 0.037846 0.64057
0.4634 0.037771 0.64924
0.46647 0.037671 0.66424
0.49984 0.03764 0.64971
0.47493 0.037628 0.67425
0.47325 0.037543 0.70005
0.48585 0.037556 0.678
0.49315 0.037513 0.6916
0.47863 0.037513 0.71912
0.49334 0.037518 0.70267
0.49479 0.037497 0.72277
0.47892 0.03749 0.74053
0.48034 0.037493 0.75416
0.49598 0.037467 0.7421
0.49748 0.037484 0.75419
0.48203 0.037516 0.76759
0.47289 0.037509 0.79046
0.49359 0.037508 0.79631
0.48073 0.037495 0.82602
0.49563 0.037497 0.80731
0.49342 0.037492 0.82862
0.47871 0.037504 0.8407
0.48076 0.0375 0.85741
0.48759 0.037495 0.85457
0.47753 0.037512 0.87346
0.47479 0.037508 0.88466
0.49536 0.037507 0.87878
0.4705 0.037488 0.92673
0.49213 0.037513 0.90779
0.48725 0.037471 0.92906
0.47702 0.037444 0.94399
0.47695 0.033937 0.95225
0.48826 0.037448 0.93762
0.46376 0.033973 0.42629
0.41003 0.034197 0.48675
0.43517 0.033889 0.50322
0.45662 0.033985 0.55723
0.45932 0.036285 0.3901
0.46851 0.037122 0.38173
0.41214 0.036217 0.44314
0.3972 0.035321 0.46373
0.41316 0.03715 0.42988
0.40223 0.036731 0.45038
0.46726 0.034926 0.4106
0.42238 0.034094 0.45397
0.46668 0.036121 0.38972
0.43103 0.03379 0.48553
0.40952 0.03443 0.52313
0.36639 0.038249 0.51973
0.42262 0.037455 0.57664
0.47898 0.033972 0.54479
0.44888 0.035858 0.58159
0.43938 0.03391 0.52808
0.4371 0.036321 0.5861
0.42664 0.037039 0.5819
0.47025 0.036968 0.38308
0.42816 0.036542 0.42396
0.4126 0.034969 0.46922
0.44403 0.035851 0.41689
0.40426 0.035309 0.47247
0.45019 0.037677 0.39438
0.42492 0.034366 0.47332
0.45666 0.035134 0.41902
0.45321 0.034765 0.45777
0.38885 0.03675 0.53425
0.40582 0.037133 0.55114
0.38067 0.036038 0.488
0.42413 0.035017 0.54161
0.42214 0.034299 0.49773
0.46865 0.034297 0.55532
0.44904 0.034117 0.49773
0.43696 0.034639 0.55637
0.42784 0.037008 0.58154
0.47682 0.037316 0.58348
0.44379 0.034492 0.44253
0.4575 0.034598 0.51962
0.5077 0.037536 0.045534
0.52595 0.037529 0.047539
0.52493 0.037532 0.057336
0.50662 0.037538 0.071863
0.50651 0.037543 0.088659
0.53022 0.03753 0.067866
0.52404 0.037536 0.088714
0.50134 0.037537 0.10631
0.51164 0.037538 0.11608
0.52793 0.037528 0.10838
0.52301 0.03753 0.11481
0.5154 0.037553 0.13633
0.51353 0.037561 0.14671
0.51974 0.037547 0.1351
0.52207 0.037567 0.15725
0.51167 0.037571 0.16249
0.51694 0.037561 0.17696
0.53123 0.037548 0.17397
0.52108 0.037559 0.1779
0.51709 0.037579 0.201
0.50422 0.037586 0.20716
0.53092 0.037562 0.19756
0.53399 0.037555 0.20966
0.51491 0.037646 0.2296
0.51331 0.037681 0.24261
0.52754 0.037629 0.23203
0.524 0.037679 0.24554
0.50691 0.037772 0.27141
0.52902 0.037689 0.26036
0.52526 0.0377 0.26687
0.50744 0.037822 0.28308
0.51695 0.037871 0.29819
0.53515 0.037762 0.28424
0.53767 0.037839 0.30057
0.50534 0.038028 0.31129
0.53824 0.037954 0.31482
0.54092 0.037984 0.32182
0.4985 0.038712 0.33959
0.52675 0.038306 0.33042
0.53954 0.038262 0.35074
0.5046 0.038269 0.34543
0.50649 0.037875 0.34781
0.54074 0.037751 0.37718
0.52311 0.035704 0.36479
0.51341 0.03451 0.37044
0.53358 0.035838 0.38685
0.51076 0.034439 0.42697
0.48923 0.033418 0.43915
0.50069 0.033803 0.45003
0.50889 0.033438 0.47685
0.46946 0.03338 0.51856
0.53262 0.033617 0.5868
0.56566 0.033419 0.56001
0.57822 0.034188 0.58659
0.50751 0.035969 0.61128
0.5547 0.035684 0.59758
0.5495 0.036882 0.60591
0.53455 0.037443 0.61654
0.50959 0.038023 0.63448
0.52832 0.037939 0.62328
0.53664 0.037831 0.63449
0.51032 0.037684 0.64661
0.51673 0.03754 0.65801
0.53253 0.037592 0.65165
0.53631 0.037588 0.66036
0.51123 0.037556 0.6754
0.505 0.037517 0.68898
0.52464 0.037591 0.67194
0.53541 0.037549 0.68747
0.50421 0.037492 0.71303
0.51041 0.037489 0.7267
0.52132 0.037491 0.72762
0.50906 0.037463 0.74046
0.51015 0.037469 0.75184
0.52826 0.037486 0.73327
0.52141 0.037471 0.75325
0.51624 0.037497 0.76724
0.50667 0.037498 0.79003
0.5282 0.037488 0.77788
0.53252 0.037495 0.79069
0.50797 0.037491 0.80788
0.51323 0.037478 0.8175
0.52479 0.037482 0.81205
0.52518 0.037484 0.82189
0.51187 0.037493 0.85162
0.53247 0.037497 0.85866
0.51015 0.03751 0.8759
0.51558 0.037505 0.8905
0.53118 0.037508 0.87499
0.53186 0.037504 0.89308
0.50255 0.03751 0.91366
0.52106 0.037512 0.91024
0.50489 0.034148 0.95173
0.52818 0.037389 0.94422
0.52608 0.033349 0.95786
0.46837 0.034061 0.50073
0.50529 0.033816 0.54328
0.48516 0.034553 0.40314
0.48413 0.033994 0.47817
0.51968 0.037309 0.40759
0.46576 0.033912 0.44259
0.52259 0.035247 0.51716
0.49062 0.037113 0.4505
0.54177 0.036567 0.51918
0.50547 0.033816 0.5258
0.5054 0.034942 0.57385
0.54917 0.034207 0.55909
0.54137 0.036789 0.57879
0.56801 0.034484 0.55821
0.56433 0.036092 0.5818
0.59007 0.038148 0.55591
0.58554 0.038368 0.57312
0.52313 0.036483 0.58648
0.51413 0.036919 0.39475
0.51502 0.036022 0.40184
0.45967 0.033944 0.47895
0.48754 0.034915 0.4252
0.48247 0.034779 0.46033
0.48986 0.03737 0.45031
0.51757 0.035533 0.4962
0.49601 0.034932 0.48318
0.52308 0.034286 0.53441
0.52294 0.036157 0.56007
0.48793 0.03457 0.51035
0.51332 0.034905 0.55129
0.58582 0.03769 0.56442
0.57687 0.037083 0.57668
0.55169 0.035658 0.53792
0.46791 0.034433 0.45126
0.47791 0.034502 0.46447
0.49918 0.034597 0.51801
0.54167 0.037526 0.054546
0.5641 0.037518 0.036714
0.55981 0.037521 0.06365
0.54377 0.037528 0.09332
0.55576 0.037522 0.071937
0.55649 0.037524 0.089375
0.54407 0.03752 0.1093
0.54875 0.037529 0.12513
0.55387 0.037516 0.10875
0.5541 0.037526 0.12546
0.54492 0.03753 0.13533
0.56491 0.037521 0.1374
0.55785 0.037526 0.14854
0.54877 0.037533 0.17199
0.5675 0.037522 0.17073
0.55112 0.03753 0.20178
0.54367 0.037558 0.21678
0.56896 0.037525 0.2004
0.56423 0.037553 0.22279
0.54876 0.037576 0.22855
0.55965 0.037565 0.22831
0.5727 0.037619 0.25608
0.55044 0.037636 0.26435
0.57229 0.037616 0.27113
0.5711 0.037627 0.27749
0.54909 0.037788 0.29904
0.57574 0.03765 0.29332
0.57014 0.037688 0.30212
0.55694 0.037882 0.31615
0.5546 0.037954 0.3326
0.56881 0.037739 0.32614
0.57037 0.037723 0.34363
0.54626 0.038096 0.33585
0.55053 0.038045 0.3666
0.5631 0.037831 0.35438
0.53883 0.037924 0.38922
0.53967 0.037611 0.40617
0.5361 0.037424 0.41166
0.51738 0.035183 0.434
0.53767 0.03685 0.43492
0.52402 0.034094 0.46227
0.54351 0.033969 0.4942
0.5833 0.033901 0.53285
0.60508 0.036256 0.53826
0.60431 0.036858 0.56599
0.59283 0.035932 0.58481
0.57097 0.03735 0.59904
0.59934 0.036974 0.58108
0.60346 0.037537 0.58998
0.57528 0.037769 0.60259
0.60111 0.037809 0.60769
0.5822 0.037955 0.61462
0.5632 0.037762 0.62203
0.54518 0.037786 0.63466
0.5806 0.037753 0.6394
0.55129 0.037727 0.64759
0.55051 0.037646 0.66568
0.57407 0.037728 0.64408
0.54283 0.037615 0.67242
0.55034 0.037571 0.69494
0.56633 0.037625 0.67615
0.55715 0.037578 0.69561
0.5383 0.037524 0.71051
0.54042 0.037513 0.72603
0.56071 0.037572 0.70399
0.54104 0.037486 0.73768
0.55408 0.037474 0.74654
0.56417 0.037486 0.76097
0.5396 0.037489 0.76822
0.54329 0.037498 0.79226
0.56458 0.037479 0.77945
0.5642 0.037505 0.79649
0.54833 0.037508 0.80367
0.54307 0.037491 0.82844
0.55492 0.037505 0.80615
0.55577 0.037492 0.82487
0.54011 0.037491 0.84708
0.55354 0.037493 0.84572
0.5604 0.037498 0.86124
0.54178 0.037501 0.88576
0.55661 0.037501 0.88013
0.56438 0.037503 0.88777
0.54687 0.037509 0.90772
0.53732 0.037455 0.92843
0.5591 0.037511 0.91105
0.55525 0.037462 0.92804
0.54391 0.037405 0.94341
0.54792 0.033338 0.95976
0.56326 0.037422 0.94058
0.55425 0.033772 0.95274
0.54808 0.03634 0.52418
0.56679 0.036502 0.53667
0.57683 0.037515 0.045204
0.5873 0.037513 0.04074
0.59546 0.037512 0.06331
0.57298 0.037515 0.096
0.58969 0.037512 0.073791
0.59629 0.03751 0.095244
0.57233 0.037509 0.1117
0.57727 0.037517 0.12663
0.59503 0.037507 0.10617
0.58776 0.037508 0.11789
0.58343 0.037513 0.14486
0.60018 0.037507 0.13798
0.59486 0.037515 0.15576
0.58149 0.037509 0.17494
0.57464 0.037518 0.18466
0.59025 0.037502 0.17781
0.60046 0.037497 0.18506
0.57618 0.03754 0.21908
0.59575 0.037515 0.21134
0.58156 0.037569 0.23903
0.58155 0.037608 0.25665
0.60541 0.037533 0.23727
0.59828 0.037582 0.25846
0.58942 0.037624 0.26443
0.6007 0.03772 0.27387
0.60434 0.037904 0.28661
0.58213 0.037619 0.29345
0.58622 0.037627 0.30786
0.60222 0.03774 0.30114
0.59713 0.037615 0.31201
0.58021 0.037637 0.3307
0.59587 0.037514 0.34429
0.5938 0.037492 0.35911
0.57184 0.037638 0.36443
0.56007 0.037423 0.39714
0.57812 0.037464 0.38418
0.55221 0.037115 0.41737
0.55045 0.037125 0.43193
0.5743 0.037437 0.41684
0.54397 0.037325 0.44354
0.54067 0.037397 0.46278
0.54644 0.037471 0.45185
0.54629 0.037277 0.46101
0.55157 0.036689 0.48842
0.57654 0.037377 0.50574
0.55349 0.037006 0.47886
0.57935 0.037546 0.50319
0.60807 0.037609 0.53111
0.616 0.038206 0.54906
0.60538 0.03764 0.52148
0.62048 0.038295 0.55201
0.61195 0.037902 0.56476
0.60551 0.037767 0.59566
0.6214 0.038182 0.56233
0.61722 0.038016 0.58199
0.61231 0.038075 0.6099
0.61879 0.038126 0.60584
0.62158 0.038143 0.62615
0.6031 0.037963 0.63363
0.59585 0.037819 0.64013
0.62159 0.038214 0.64633
0.58685 0.037694 0.65072
0.58001 0.037616 0.66829
0.61992 0.038004 0.65789
0.60214 0.037665 0.66827
0.58386 0.037615 0.67793
0.59452 0.037632 0.67596
0.592 0.037614 0.69117
0.5724 0.037536 0.72272
0.59194 0.037549 0.72146
0.5732 0.037512 0.73492
0.59731 0.037487 0.74693
0.59246 0.037492 0.76277
0.57122 0.037485 0.78686
0.59173 0.037503 0.79672
0.57865 0.03751 0.80021
0.577 0.037491 0.81768
0.59028 0.037496 0.81365
0.5779 0.037498 0.84266
0.59671 0.037504 0.84397
0.57336 0.037504 0.87067
0.5963 0.03751 0.89416
0.57355 0.037512 0.90966
0.59255 0.037514 0.90801
0.57374 0.037405 0.94665
0.57689 0.034097 0.95193
0.59107 0.037436 0.94207
0.58576 0.033334 0.96318
0.61094 0.03751 0.045463
0.61333 0.037509 0.062504
0.6312 0.037508 0.042739
0.63315 0.037509 0.054032
0.61679 0.037507 0.076094
0.60511 0.037511 0.088289
0.63354 0.037505 0.080615
0.62858 0.037508 0.08693
0.61265 0.037503 0.11263
0.61136 0.037506 0.1287
0.62417 0.037503 0.10605
0.63059 0.0375 0.12593
0.60562 0.037506 0.13334
0.61727 0.0375 0.16214
0.63056 0.037496 0.13637
0.63142 0.037493 0.15142
0.61039 0.037494 0.17405
0.61759 0.037489 0.18736
0.63038 0.03749 0.16964
0.61697 0.037491 0.20967
0.61156 0.03752 0.22823
0.62618 0.037483 0.21405
0.62677 0.037498 0.22732
0.61022 0.037502 0.2546
0.62552 0.037485 0.24737
0.62698 0.037512 0.25929
0.62347 0.037754 0.28283
0.61024 0.037495 0.31749
0.6198 0.037702 0.30047
0.62332 0.037436 0.3394
0.61658 0.037439 0.34654
0.61263 0.037351 0.37755
0.5894 0.037414 0.38431
0.58374 0.037515 0.40964
0.60155 0.037334 0.38491
0.59544 0.037575 0.40882
0.56656 0.037199 0.43943
0.58122 0.037153 0.43688
0.56594 0.03698 0.45151
0.56359 0.036841 0.47443
0.5754 0.036902 0.45783
0.58018 0.036933 0.4616
0.5881 0.037264 0.49617
0.59136 0.037103 0.48157
0.6073 0.037287 0.4991
0.61457 0.037633 0.51395
0.62699 0.038298 0.5439
0.62416 0.037573 0.51032
0.63278 0.037963 0.53458
0.63408 0.03823 0.5568
0.63428 0.038031 0.57912
0.6434 0.038101 0.55558
0.64109 0.038067 0.57433
0.63402 0.038026 0.59533
0.64445 0.038009 0.60449
0.63331 0.038227 0.63991
0.64816 0.037974 0.64007
0.62778 0.03823 0.6577
0.61682 0.03782 0.66964
0.63617 0.037844 0.67702
0.63705 0.037711 0.6852
0.60862 0.037614 0.70385
0.60652 0.037551 0.72143
0.62817 0.037539 0.72483
0.61084 0.037513 0.74044
0.60556 0.037486 0.75331
0.62525 0.037503 0.74386
0.62509 0.037488 0.75181
0.60947 0.037485 0.77906
0.6108 0.037487 0.78537
0.62616 0.037488 0.77906
0.62853 0.037489 0.78619
0.60342 0.037511 0.8018
0.60641 0.037507 0.83072
0.62872 0.037511 0.80494
0.63261 0.037512 0.82796
0.60707 0.03751 0.83795
0.60258 0.037502 0.85263
0.62515 0.037515 0.84226
0.62288 0.037508 0.85622
0.60983 0.03751 0.86966
0.60476 0.03751 0.89024
0.61899 0.037513 0.87828
0.62892 0.037515 0.88813
0.60751 0.037516 0.90897
0.60832 0.037494 0.92637
0.61993 0.037498 0.92782
0.61011 0.037463 0.94505
0.62201 0.037479 0.93768
0.62811 0.033334 0.96437
0.64035 0.037507 0.047121
0.65519 0.037507 0.038425
0.65723 0.037505 0.064364
0.64778 0.037503 0.080028
0.64175 0.037502 0.096811
0.66494 0.037503 0.074432
0.66783 0.037503 0.086278
0.65735 0.037494 0.11123
0.64995 0.03749 0.16244
0.65988 0.037489 0.14382
0.66125 0.037489 0.16209
0.64557 0.037484 0.17172
0.64712 0.037481 0.19612
0.6602 0.037473 0.17924
0.65678 0.03747 0.18653
0.64677 0.037478 0.20334
0.64404 0.037473 0.22093
0.6657 0.037467 0.20649
0.66445 0.037467 0.22327
0.63911 0.037484 0.24495
0.64243 0.037484 0.26605
0.65445 0.037429 0.27015
0.63256 0.037572 0.2834
0.6314 0.037548 0.29693
0.66022 0.037371 0.28333
0.64849 0.037362 0.29334
0.6367 0.037416 0.31847
0.64796 0.037402 0.34077
0.62892 0.037425 0.34784
0.62191 0.037288 0.38077
0.64728 0.037369 0.3516
0.64281 0.037269 0.37665
0.60901 0.037413 0.41129
0.61998 0.03728 0.40671
0.60721 0.037196 0.43684
0.6215 0.037183 0.42597
0.62072 0.037183 0.43625
0.59773 0.03708 0.45487
0.60926 0.037069 0.46742
0.62381 0.037155 0.45309
0.61687 0.037165 0.48576
0.62043 0.037204 0.49229
0.62921 0.03719 0.48418
0.64118 0.03731 0.49786
0.63214 0.037451 0.5068
0.64313 0.037738 0.52662
0.65058 0.037479 0.51162
0.66525 0.037626 0.52826
0.66552 0.037827 0.55337
0.66908 0.037821 0.57086
0.66111 0.037914 0.58296
0.66736 0.03783 0.60348
0.68187 0.037805 0.60421
0.66223 0.037794 0.63446
0.67832 0.037783 0.61754
0.66889 0.037778 0.63884
0.65469 0.037943 0.65227
0.67537 0.037722 0.65168
0.65161 0.037569 0.69128
0.65731 0.037731 0.67415
0.65832 0.03759 0.68626
0.64425 0.037478 0.70691
0.64133 0.037511 0.72383
0.65794 0.037469 0.71194
0.66744 0.037492 0.7244
0.647 0.037505 0.73464
0.64138 0.037491 0.75352
0.66059 0.037501 0.74176
0.65724 0.037488 0.75204
0.63691 0.037491 0.77718
0.64635 0.037492 0.78949
0.65509 0.037492 0.77232
0.65518 0.037497 0.79355
0.64612 0.037506 0.80694
0.64278 0.037513 0.82801
0.6627 0.037512 0.81039
0.66448 0.037518 0.82954
0.64438 0.037518 0.83556
0.64394 0.037516 0.85239
0.65433 0.037523 0.84048
0.65983 0.037523 0.86207
0.64794 0.037521 0.87976
0.64784 0.03752 0.88772
0.65466 0.037522 0.88093
0.66308 0.037526 0.89317
0.64401 0.037525 0.90732
0.63653 0.037491 0.92692
0.66276 0.037529 0.90234
0.65904 0.037519 0.91825
0.63539 0.037453 0.94156
0.64104 0.033628 0.95348
0.65632 0.037439 0.93949
0.66431 0.033477 0.95462
0.68232 0.037505 0.045205
0.68446 0.037505 0.052061
0.70088 0.037504 0.040722
0.69218 0.037504 0.05965
0.69977 0.037502 0.072667
0.69825 0.0375 0.09324
0.6723 0.037497 0.1034
0.67274 0.037494 0.12545
0.67624 0.037489 0.14342
0.67836 0.037488 0.1606
0.68158 0.037476 0.17323
0.69404 0.037468 0.17785
0.68084 0.037455 0.21203
0.67162 0.037462 0.22374
0.69532 0.037441 0.21895
0.68704 0.037439 0.2326
0.67463 0.037427 0.24754
0.68532 0.037401 0.25388
0.69089 0.037396 0.25898
0.67133 0.037355 0.29772
0.68922 0.037349 0.28754
0.68088 0.037344 0.29633
0.66184 0.03737 0.33549
0.68119 0.037341 0.32432
0.6799 0.037339 0.33125
0.66689 0.037298 0.35081
0.65803 0.037263 0.36544
0.67288 0.037266 0.35986
0.66661 0.037228 0.37434
0.64792 0.037185 0.38939
0.64169 0.03714 0.40158
0.66788 0.037198 0.39208
0.66686 0.037194 0.40157
0.64806 0.037139 0.41815
0.64175 0.037167 0.43842
0.66202 0.037189 0.41786
0.67005 0.037202 0.43278
0.64546 0.037166 0.468
0.66787 0.037192 0.45248
0.65219 0.037227 0.48232
0.66502 0.037294 0.49338
0.67925 0.037274 0.4791
0.6858 0.037369 0.49744
0.66509 0.037504 0.51293
0.67151 0.037611 0.52953
0.68995 0.037509 0.52083
0.67551 0.037652 0.53899
0.68597 0.037686 0.56612
0.69214 0.037563 0.5372
0.7032 0.037621 0.56655
0.69117 0.037767 0.60639
0.70239 0.037647 0.57816
0.7157 0.037673 0.60199
0.69938 0.037705 0.61208
0.70941 0.037668 0.6197
0.70997 0.03764 0.63524
0.6875 0.037663 0.65211
0.68508 0.037636 0.65986
0.70249 0.037642 0.64443
0.70124 0.037598 0.65913
0.67702 0.037523 0.69316
0.69439 0.037519 0.68727
0.68257 0.037514 0.71117
0.67328 0.037499 0.72275
0.68908 0.03752 0.70265
0.67867 0.037503 0.74723
0.67185 0.037499 0.76278
0.69473 0.037512 0.73919
0.69843 0.037513 0.761
0.67504 0.037503 0.77141
0.67713 0.037504 0.79047
0.69295 0.037514 0.77033
0.68701 0.037514 0.79814
0.67279 0.037514 0.80558
0.68625 0.037517 0.80375
0.68825 0.037523 0.82681
0.68026 0.037525 0.84788
0.69405 0.037529 0.83758
0.6871 0.03753 0.86448
0.68014 0.03753 0.87061
0.69057 0.037533 0.86961
0.69104 0.037535 0.89387
0.67866 0.037534 0.90791
0.66939 0.037473 0.93025
0.68927 0.037476 0.92949
0.68026 0.037422 0.9422
0.6816 0.033334 0.96339
0.69539 0.033355 0.95754
0.71063 0.037505 0.037496
0.70961 0.037504 0.055232
0.72618 0.037506 0.042735
0.72875 0.037504 0.061446
0.71226 0.037501 0.077257
0.72964 0.037501 0.076672
0.71247 0.037495 0.10289
0.7089 0.037489 0.12885
0.72738 0.037487 0.11444
0.73108 0.037485 0.13006
0.70651 0.037478 0.16121
0.73297 0.037481 0.1499
0.73059 0.037477 0.16265
0.70692 0.037465 0.1802
0.7045 0.037456 0.19802
0.72262 0.037471 0.17204
0.73125 0.037462 0.19102
0.70623 0.037449 0.20576
0.70504 0.037436 0.22553
0.72072 0.037441 0.2142
0.71023 0.037408 0.25322
0.72826 0.037392 0.26005
0.71093 0.037371 0.27732
0.70813 0.037351 0.29885
0.69402 0.03735 0.3162
0.6988 0.037321 0.33901
0.72109 0.037336 0.3164
0.70669 0.037313 0.33999
0.69917 0.037303 0.34574
0.69515 0.037253 0.3692
0.71167 0.037306 0.34587
0.71455 0.037285 0.36772
0.69426 0.037217 0.38785
0.68098 0.037213 0.39958
0.7052 0.03725 0.37973
0.69859 0.03722 0.4026
0.68526 0.037214 0.42099
0.71006 0.037273 0.41023
0.69923 0.037244 0.42769
0.68984 0.037211 0.44141
0.68395 0.037235 0.46491
0.70803 0.037295 0.44632
0.70492 0.037294 0.46135
0.69297 0.037262 0.47259
0.69676 0.037318 0.49037
0.70058 0.037282 0.47032
0.71133 0.037363 0.49162
0.71213 0.037408 0.50733
0.72093 0.037442 0.52057
0.71015 0.037543 0.5462
0.72714 0.037483 0.54455
0.73571 0.0375 0.56607
0.73112 0.037762 0.60421
0.73815 0.03751 0.5804
0.73608 0.037641 0.5928
0.72535 0.037689 0.62967
0.73744 0.037925 0.61115
0.74075 0.037822 0.628
0.72059 0.0376 0.64816
0.72382 0.037575 0.65479
0.73357 0.037614 0.64201
0.73365 0.037571 0.66204
0.71753 0.03753 0.68255
0.71246 0.037527 0.69133
0.72923 0.037559 0.67404
0.73161 0.037539 0.68852
0.71814 0.037524 0.71081
0.70572 0.037517 0.7237
0.72255 0.037519 0.72013
0.70898 0.037519 0.74039
0.70819 0.037515 0.75483
0.72998 0.037524 0.73847
0.72575 0.037519 0.75742
0.71237 0.037528 0.77464
0.70316 0.03752 0.79084
0.72417 0.037529 0.77386
0.71245 0.037528 0.8141
0.70313 0.037528 0.82584
0.72511 0.037532 0.80285
0.7153 0.037536 0.83567
0.70305 0.037535 0.85844
0.72168 0.037538 0.83603
0.71 0.03754 0.88067
0.70398 0.037537 0.88535
0.72013 0.037544 0.87206
0.7322 0.03755 0.89565
0.70292 0.037542 0.90858
0.71417 0.037538 0.91801
0.73046 0.037551 0.9053
0.70971 0.033339 0.95969
0.73173 0.037442 0.94022
0.74007 0.037507 0.043759
0.7427 0.037506 0.057915
0.76225 0.037506 0.059255
0.75708 0.0375 0.078239
0.75476 0.037497 0.092542
0.76513 0.037495 0.10644
0.75506 0.03749 0.12024
0.74314 0.037482 0.14924
0.73926 0.037481 0.15518
0.75634 0.037485 0.13702
0.76389 0.037475 0.161
0.74016 0.03747 0.17492
0.74506 0.037455 0.19877
0.75566 0.037462 0.1819
0.7537 0.037453 0.19703
0.74809 0.037442 0.2108
0.74118 0.037419 0.2364
0.75865 0.037426 0.22997
0.73974 0.0374 0.25025
0.76228 0.037414 0.24072
0.74227 0.037368 0.27564
0.72945 0.037349 0.29276
0.75636 0.03737 0.27882
0.72957 0.037329 0.33488
0.74501 0.037341 0.30942
0.74563 0.037334 0.33096
0.72563 0.037319 0.34716
0.7225 0.037293 0.37229
0.74457 0.037313 0.35206
0.74786 0.037308 0.36323
0.7315 0.03727 0.38568
0.72636 0.03727 0.39394
0.74981 0.037299 0.38111
0.7388 0.037273 0.39545
0.72322 0.037281 0.40842
0.72153 0.037293 0.43369
0.74464 0.037291 0.41601
0.71865 0.037304 0.44543
0.72059 0.037322 0.46324
0.74225 0.037296 0.44539
0.74647 0.037308 0.45552
0.73219 0.037311 0.46963
0.72536 0.037353 0.48787
0.75084 0.03734 0.4748
0.75034 0.037349 0.48481
0.75184 0.037383 0.50638
0.74899 0.037408 0.52871
0.73827 0.037455 0.54319
0.74206 0.037473 0.56264
0.75402 0.037431 0.53949
0.76381 0.037459 0.5553
0.75182 0.037477 0.58601
0.7562 0.037742 0.60421
0.75948 0.03776 0.60799
0.74613 0.037631 0.64118
0.74609 0.037577 0.65967
0.76291 0.037604 0.6422
0.74901 0.037588 0.67415
0.74567 0.037558 0.69405
0.76572 0.037565 0.6822
0.74866 0.037549 0.71339
0.74511 0.037536 0.73246
0.74446 0.037523 0.74985
0.74135 0.037523 0.75419
0.75962 0.037529 0.75705
0.74616 0.037536 0.77533
0.74499 0.037538 0.79411
0.75484 0.037533 0.77069
0.74922 0.037542 0.81427
0.74863 0.037545 0.83198
0.75685 0.037543 0.80545
0.76261 0.037545 0.82369
0.73925 0.037548 0.85919
0.75699 0.037551 0.84724
0.74416 0.03755 0.86869
0.74018 0.037553 0.89757
0.75679 0.037554 0.87794
0.75618 0.037556 0.8928
0.74699 0.037556 0.90196
0.76242 0.037561 0.90906
0.75506 0.037512 0.92874
0.73745 0.037453 0.93914
0.73922 0.033355 0.95763
0.76398 0.033336 0.96068
0.77367 0.037509 0.044179
0.78199 0.037508 0.05289
0.79636 0.037511 0.047763
0.79923 0.037508 0.063979
0.7773 0.037504 0.069496
0.79132 0.037501 0.091699
0.78185 0.037494 0.11556
0.78077 0.037488 0.13145
0.79249 0.037496 0.11206
0.79603 0.037492 0.12659
0.78162 0.03748 0.14655
0.77871 0.037474 0.16018
0.7885 0.037484 0.13931
0.78936 0.037472 0.1648
0.77833 0.03746 0.18076
0.79749 0.037471 0.1712
0.78563 0.037451 0.19952
0.77658 0.037444 0.21103
0.77842 0.037429 0.23278
0.79216 0.037444 0.21562
0.78748 0.037432 0.23151
0.76925 0.037415 0.24303
0.76706 0.037389 0.26919
0.7867 0.037423 0.24133
0.78608 0.037409 0.25952
0.78724 0.037396 0.28138
0.75987 0.037348 0.31979
0.76508 0.037345 0.33475
0.79127 0.03737 0.30679
0.77772 0.03734 0.32853
0.7646 0.037333 0.35103
0.76238 0.037324 0.36677
0.77574 0.037331 0.34338
0.77401 0.037323 0.36246
0.76436 0.037316 0.38148
0.76777 0.037309 0.39697
0.78295 0.037328 0.3793
0.78306 0.037327 0.3971
0.76573 0.037308 0.41115
0.76182 0.037309 0.42558
0.77427 0.037316 0.40828
0.77933 0.037327 0.43039
0.76131 0.037318 0.44548
0.77756 0.037329 0.44764
0.77513 0.037325 0.45196
0.75846 0.03734 0.4714
0.7659 0.03735 0.48652
0.77899 0.037344 0.46954
0.78889 0.037378 0.49092
0.77367 0.037375 0.5107
0.78306 0.03738 0.50712
0.79244 0.037415 0.52808
0.7694 0.037459 0.559
0.78771 0.037416 0.53363
0.79246 0.037447 0.56111
0.77724 0.037464 0.57924
0.77465 0.037496 0.59076
0.79112 0.037455 0.57705
0.78046 0.03748 0.60404
0.78903 0.037476 0.60531
0.77302 0.037605 0.63705
0.77437 0.037575 0.65783
0.79656 0.037558 0.64373
0.79194 0.037556 0.66458
0.77545 0.037559 0.68255
0.77723 0.037552 0.69083
0.79776 0.037547 0.68087
0.79726 0.037545 0.68609
0.78122 0.03754 0.71034
0.77103 0.037542 0.73158
0.78757 0.03754 0.73286
0.77756 0.037544 0.74136
0.78087 0.037539 0.76385
0.79787 0.037544 0.74147
0.79584 0.037551 0.79426
0.77121 0.037547 0.81541
0.77753 0.037551 0.83029
0.78778 0.037551 0.80594
0.79795 0.037557 0.83035
0.77653 0.037556 0.85279
0.78799 0.037557 0.84178
0.77833 0.037561 0.87691
0.77211 0.037561 0.89505
0.7957 0.037567 0.8919
0.77741 0.03752 0.93089
0.79192 0.037569 0.91286
0.7818 0.037473 0.94772
0.7729 0.033334 0.96303
0.79124 0.037487 0.94121
0.79641 0.033399 0.95604
0.80376 0.037512 0.047036
0.80437 0.037511 0.054535
0.82953 0.037515 0.0472
0.83195 0.037515 0.052539
0.80361 0.037505 0.077966
0.80506 0.037503 0.093634
0.82855 0.03751 0.073722
0.82142 0.037506 0.090737
0.81014 0.037501 0.10616
0.8087 0.037496 0.12439
0.82031 0.037501 0.10912
0.82715 0.037497 0.12665
0.82699 0.03749 0.14204
0.81887 0.037475 0.17678
0.81852 0.03747 0.1888
0.80857 0.037453 0.21013
0.80117 0.037441 0.2261
0.82939 0.037455 0.21574
0.82549 0.037448 0.22595
0.80158 0.03743 0.2419
0.80389 0.037421 0.26246
0.8258 0.037427 0.26175
0.8106 0.037409 0.28545
0.80505 0.037402 0.29455
0.82667 0.037413 0.28176
0.81872 0.037398 0.29772
0.80817 0.037384 0.3073
0.80122 0.03736 0.32365
0.81993 0.037388 0.30828
0.81132 0.03736 0.33237
0.79695 0.037345 0.34803
0.80143 0.037344 0.35734
0.81151 0.037351 0.34987
0.7949 0.037337 0.38147
0.79327 0.037337 0.39945
0.81983 0.037342 0.38071
0.7935 0.037342 0.41132
0.79419 0.037349 0.42908
0.81308 0.037337 0.42378
0.79503 0.037352 0.44259
0.80524 0.037343 0.45385
0.82041 0.037347 0.43911
0.79787 0.037369 0.47115
0.79457 0.037386 0.49094
0.79644 0.037401 0.50971
0.80739 0.037393 0.51859
0.81944 0.037389 0.51854
0.8072 0.037438 0.55355
0.81699 0.037422 0.54938
0.80999 0.037472 0.59623
0.82972 0.037458 0.57585
0.82532 0.037466 0.59313
0.81299 0.037475 0.61177
0.81485 0.037496 0.62682
0.82776 0.037472 0.60624
0.8221 0.037485 0.6235
0.80859 0.03755 0.64556
0.8093 0.03755 0.65252
0.82286 0.037501 0.63471
0.81478 0.03754 0.66848
0.80775 0.037545 0.69846
0.82586 0.037536 0.68662
0.81011 0.037545 0.71008
0.8245 0.03754 0.70882
0.80657 0.037545 0.73666
0.8073 0.037548 0.76223
0.83271 0.037547 0.74065
0.83316 0.03755 0.75571
0.80421 0.037549 0.7753
0.80775 0.037554 0.79657
0.83173 0.037554 0.77882
0.82541 0.037555 0.79334
0.81041 0.037557 0.806
0.82479 0.037564 0.82668
0.80449 0.037563 0.84665
0.81094 0.037566 0.85941
0.82975 0.037568 0.84262
0.8293 0.037571 0.86173
0.81483 0.03757 0.87177
0.80434 0.03757 0.89058
0.82641 0.037574 0.88055
0.80603 0.037573 0.90574
0.80507 0.037555 0.92096
0.81885 0.037576 0.90695
0.80508 0.037487 0.93761
0.8128 0.033336 0.96108
0.82745 0.037447 0.94779
0.82111 0.033334 0.96335
0.84266 0.037516 0.04488
0.83955 0.037515 0.055162
0.86166 0.037517 0.045034
0.84542 0.037512 0.079673
0.84885 0.037509 0.091957
0.85234 0.037513 0.074781
0.85406 0.03751 0.090197
0.85557 0.037504 0.10896
0.85474 0.037497 0.13282
0.8394 0.03749 0.14791
0.84598 0.037487 0.16034
0.85872 0.037494 0.1432
0.85252 0.03749 0.1535
0.83646 0.037476 0.18284
0.83869 0.037471 0.19378
0.85599 0.037477 0.18266
0.86366 0.037471 0.19773
0.84729 0.037463 0.21054
0.83465 0.037447 0.23161
0.85871 0.037463 0.21239
0.85019 0.037451 0.23271
0.84455 0.037443 0.24697
0.8543 0.037444 0.24731
0.85605 0.037438 0.25791
0.85189 0.037423 0.27644
0.8532 0.03741 0.29671
0.83648 0.037391 0.31652
0.82922 0.03738 0.32597
0.85527 0.037405 0.3086
0.84947 0.037394 0.32112
0.83241 0.037371 0.35517
0.85028 0.037386 0.34275
0.85819 0.037383 0.36077
0.83535 0.037364 0.38012
0.84506 0.03737 0.37826
0.85424 0.037374 0.39028
0.83907 0.037362 0.40923
0.84039 0.03736 0.4218
0.8452 0.037366 0.40406
0.85492 0.037372 0.42861
0.83241 0.037361 0.44014
0.82685 0.037357 0.45492
0.84747 0.037364 0.44398
0.85327 0.037372 0.45804
0.83116 0.037369 0.47474
0.83689 0.037378 0.48847
0.83708 0.037393 0.50936
0.84482 0.037406 0.52733
0.86119 0.037412 0.51838
0.84148 0.03742 0.53772
0.84341 0.037435 0.55309
0.86 0.037426 0.53814
0.85782 0.037435 0.55097
0.84626 0.03745 0.57275
0.83942 0.037476 0.59257
0.86047 0.037449 0.57139
0.85328 0.03746 0.58829
0.8484 0.037484 0.61864
0.85823 0.03747 0.59978
0.85329 0.037488 0.62927
0.84848 0.037505 0.65853
0.86343 0.037494 0.63752
0.85776 0.037506 0.66211
0.8476 0.03752 0.67891
0.83898 0.037529 0.68848
0.85989 0.037511 0.67101
0.86261 0.037525 0.69646
0.84026 0.037535 0.70697
0.8467 0.03754 0.7252
0.85457 0.037526 0.70333
0.85528 0.037538 0.728
0.8441 0.037546 0.73815
0.84125 0.037553 0.76457
0.85677 0.03755 0.76025
0.8376 0.037559 0.79526
0.86039 0.037555 0.7711
0.86447 0.037561 0.79032
0.84084 0.037565 0.81511
0.86305 0.037565 0.8048
0.85989 0.037568 0.82231
0.84274 0.03757 0.84282
0.85954 0.037572 0.8386
0.86055 0.037576 0.85621
0.84517 0.037579 0.87505
0.8407 0.03758 0.896
0.85918 0.03758 0.86924
0.84411 0.037577 0.91807
0.86293 0.037585 0.90469
0.85443 0.03757 0.92114
0.84859 0.037524 0.93519
0.84168 0.033337 0.96033
0.86183 0.037535 0.93475
0.86009 0.033334 0.96349
0.86929 0.037518 0.039191
0.871 0.037517 0.06141
0.88578 0.037519 0.040008
0.88725 0.037519 0.052161
0.88053 0.037516 0.076993
0.881 0.037513 0.09281
0.89563 0.037518 0.079088
0.88978 0.037516 0.086596
0.88022 0.037508 0.1097
0.88088 0.037503 0.12868
0.88937 0.037506 0.11962
0.87392 0.037499 0.13915
0.88103 0.037493 0.15949
0.89269 0.037499 0.14884
0.88768 0.037491 0.16322
0.87477 0.037474 0.19255
0.89172 0.037488 0.17086
0.89565 0.03748 0.1909
0.86979 0.037468 0.20568
0.87503 0.037463 0.22147
0.88881 0.037469 0.21253
0.88446 0.037463 0.22388
0.86692 0.037451 0.23942
0.86885 0.03743 0.27683
0.8705 0.037422 0.29184
0.89489 0.037439 0.27078
0.88671 0.037426 0.29367
0.86558 0.03741 0.31656
0.87562 0.037416 0.32429
0.88331 0.037422 0.30472
0.88183 0.037418 0.32109
0.87204 0.0374 0.34614
0.88898 0.037407 0.34051
0.89407 0.0374 0.35375
0.87158 0.037385 0.38036
0.86354 0.037379 0.38809
0.8872 0.03739 0.37246
0.89014 0.037387 0.39265
0.866 0.03738 0.40754
0.86842 0.037383 0.41975
0.89119 0.037387 0.41286
0.88638 0.037385 0.41853
0.87581 0.037387 0.4406
0.88045 0.037389 0.45022
0.87626 0.037401 0.47842
0.87475 0.037411 0.49299
0.88181 0.037408 0.49119
0.86547 0.037408 0.50273
0.87412 0.037431 0.52707
0.8855 0.037419 0.51051
0.88757 0.037426 0.52318
0.87061 0.037435 0.53701
0.88738 0.037432 0.53516
0.89206 0.037441 0.5493
0.87683 0.037454 0.57133
0.87517 0.03747 0.59415
0.88942 0.037451 0.57173
0.88676 0.037466 0.59496
0.87442 0.037475 0.60251
0.88031 0.03749 0.62828
0.88659 0.037473 0.60608
0.88636 0.037484 0.62342
0.87883 0.037503 0.64628
0.88806 0.037496 0.64397
0.89138 0.037504 0.6563
0.87175 0.037515 0.67274
0.89813 0.037526 0.69545
0.87148 0.037534 0.71128
0.88028 0.037542 0.72859
0.89482 0.03753 0.70192
0.89021 0.037538 0.72114
0.87314 0.037546 0.74394
0.87172 0.037553 0.76368
0.88704 0.037545 0.74177
0.89755 0.037552 0.76269
0.87412 0.037559 0.77913
0.8782 0.037564 0.79601
0.88991 0.03756 0.78672
0.87112 0.037569 0.81442
0.87721 0.037572 0.82357
0.8889 0.037566 0.80353
0.87644 0.037575 0.83933
0.88109 0.037581 0.86262
0.89423 0.037576 0.83838
0.88601 0.03758 0.8577
0.87421 0.037586 0.89025
0.89169 0.037584 0.86881
0.89467 0.037588 0.88889
0.87954 0.037588 0.90266
0.88077 0.037564 0.92833
0.89272 0.03759 0.90918
0.89626 0.037553 0.92995
0.87183 0.037529 0.94037
0.89769 0.033336 0.961
0.90481 0.037521 0.03758
0.91171 0.037522 0.054483
0.922 0.037503 0.03891
0.91472 0.03752 0.076021
0.9034 0.037516 0.091251
0.92825 0.037475 0.095495
0.91096 0.037512 0.10997
0.90904 0.037506 0.13068
0.92061 0.0375 0.10472
0.92308 0.037489 0.1194
0.90501 0.037504 0.13613
0.9073 0.037496 0.16032
0.92152 0.037486 0.14057
0.91264 0.037486 0.18991
0.92704 0.037464 0.17319
0.92967 0.037442 0.1981
0.91345 0.037479 0.20728
0.91084 0.03747 0.22447
0.92595 0.037439 0.21122
0.91759 0.037461 0.2284
0.9066 0.037454 0.24872
0.9264 0.037428 0.24502
0.92009 0.037438 0.25828
0.90608 0.037441 0.27235
0.92959 0.037399 0.28172
0.92841 0.037395 0.2959
0.90823 0.037417 0.32724
0.92087 0.03741 0.30428
0.91934 0.037405 0.32393
0.90004 0.03741 0.33803
0.90276 0.0374 0.36269
0.92643 0.037388 0.33851
0.91595 0.037399 0.35688
0.90142 0.037397 0.37291
0.90627 0.037396 0.39148
0.92128 0.037367 0.39576
0.92115 0.037365 0.40338
0.92732 0.037346 0.42965
0.90045 0.037394 0.45371
0.9235 0.037358 0.43441
0.90342 0.03741 0.47858
0.90082 0.037417 0.49416
0.92397 0.037364 0.47058
0.92127 0.037381 0.48435
0.90786 0.037422 0.50174
0.90913 0.03743 0.5213
0.9256 0.037379 0.5107
0.92301 0.03739 0.5177
0.92156 0.037405 0.53605
0.92372 0.03741 0.55259
0.91279 0.037472 0.59367
0.92344 0.037442 0.57325
0.92745 0.037453 0.59309
0.90854 0.037477 0.60289
0.90364 0.037486 0.62016
0.92069 0.037468 0.60395
0.92247 0.03747 0.61641
0.90233 0.037496 0.64153
0.93115 0.03744 0.64523
0.92194 0.037483 0.66111
0.91246 0.037517 0.68603
0.92392 0.037483 0.67914
0.92724 0.037473 0.69407
0.91173 0.037528 0.7031
0.92181 0.037503 0.70719
0.90884 0.037543 0.73951
0.91229 0.03755 0.75892
0.91906 0.037528 0.73555
0.91852 0.037543 0.76409
0.91356 0.037554 0.77123
0.91261 0.03756 0.78782
0.92518 0.037528 0.77541
0.92593 0.037531 0.7951
0.90415 0.037569 0.81524
0.91151 0.037571 0.82171
0.92033 0.03755 0.80261
0.91803 0.037565 0.82559
0.90538 0.037578 0.84493
0.90579 0.037583 0.86167
0.92287 0.037544 0.83559
0.91856 0.037574 0.8612
0.91126 0.037586 0.87262
0.9186 0.037578 0.87127
0.93012 0.037543 0.88897
0.90694 0.03759 0.9093
0.90814 0.037551 0.92843
0.92009 0.037576 0.90832
0.92814 0.037512 0.92448
0.90665 0.037512 0.94059
0.91276 0.033342 0.95907
0.91856 0.037498 0.93908
0.92382 0.033337 0.96034
0.9374 0.037446 0.042301
0.93766 0.037444 0.055026
0.95386 0.033622 0.037326
0.95734 0.033362 0.061722
0.93458 0.037453 0.075287
0.95984 0.033339 0.088329
0.94649 0.037415 0.10704
0.95898 0.033343 0.12883
0.94624 0.037402 0.14666
0.94267 0.037414 0.15716
0.95821 0.033349 0.14214
0.95145 0.034648 0.15945
0.93552 0.037442 0.17319
0.9454 0.037399 0.19687
0.9546 0.03349 0.19831
0.93895 0.0374 0.20689
0.9389 0.037388 0.22974
0.96307 0.033334 0.21552
0.96075 0.033336 0.22256
0.9396 0.037396 0.24852
0.94586 0.03738 0.25394
0.96064 0.033336 0.23822
0.95175 0.034228 0.26504
0.94226 0.037374 0.27244
0.93842 0.037373 0.28934
0.95916 0.03334 0.27667
0.93982 0.037364 0.3032
0.93906 0.037363 0.33081
0.95391 0.033528 0.30279
0.96419 0.033334 0.32512
0.94383 0.037359 0.34254
0.94113 0.037355 0.35699
0.95785 0.033348 0.35966
0.9378 0.037344 0.36809
0.9454 0.037292 0.39665
0.96394 0.033334 0.37896
0.95053 0.03471 0.3954
0.94357 0.037295 0.40601
0.96313 0.033334 0.40881
0.95527 0.033404 0.42714
0.93898 0.037322 0.44313
0.94345 0.037313 0.44986
0.9521 0.033859 0.43395
0.95899 0.03334 0.45084
0.93667 0.03732 0.47043
0.96321 0.033334 0.47717
0.95394 0.033497 0.49271
0.94427 0.037308 0.50634
0.94017 0.037327 0.51967
0.95162 0.034076 0.50937
0.95907 0.03334 0.52431
0.93475 0.037366 0.55189
0.96411 0.033334 0.53663
0.95773 0.03335 0.55466
0.94204 0.037433 0.59103
0.939 0.037436 0.61009
0.93929 0.037431 0.61905
0.95923 0.03334 0.62428
0.94303 0.037404 0.63615
0.96098 0.033336 0.63393
0.96341 0.033334 0.65645
0.94774 0.037389 0.67431
0.95966 0.033339 0.67247
0.95886 0.033343 0.69368
0.93983 0.037416 0.71206
0.93885 0.037424 0.7232
0.9537 0.033625 0.71387
0.95441 0.033517 0.7191
0.9428 0.037424 0.75457
0.95513 0.033449 0.74584
0.95939 0.03334 0.75483
0.94051 0.037486 0.77846
0.94055 0.037479 0.79837
0.95734 0.033361 0.7866
0.93899 0.037479 0.80348
0.95375 0.033635 0.81173
0.95879 0.033344 0.83022
0.93744 0.037473 0.84571
0.96486 0.033334 0.85684
0.9422 0.037505 0.88576
0.95925 0.033341 0.87007
0.93725 0.037485 0.9217
0.95607 0.033399 0.90749
0.96452 0.033334 0.92025
0.93817 0.037432 0.93629
0.94183 0.033349 0.95826
0.95908 0.033342 0.94234
0.954 0.033333 0.96272
