2635
1 1 1
0.03496 0.037719 0.044765
0.040927 0.03772 0.054025
0.062033 0.037722 0.035649
0.058113 0.037721 0.051277
0.045969 0.037722 0.0686
0.043459 0.037723 0.09271
0.059457 0.037722 0.080253
0.055948 0.037722 0.096358
0.038495 0.037722 0.1098
0.041147 0.037724 0.11967
0.062927 0.03772 0.10654
0.062362 0.037728 0.14192
0.040302 0.037715 0.1874
0.05797 0.037717 0.17739
0.060708 0.037714 0.19292
0.036118 0.037714 0.19769
0.040272 0.037713 0.22338
0.052992 0.037714 0.2027
0.056035 0.037713 0.21598
0.047578 0.037712 0.23234
0.042174 0.03771 0.2534
0.052619 0.037711 0.23866
0.061246 0.037709 0.25321
0.047053 0.03771 0.26519
0.04622 0.037711 0.28218
0.055365 0.037711 0.27416
0.062739 0.037711 0.28285
0.061495 0.037713 0.30378
0.057127 0.037714 0.31887
0.044936 0.037714 0.34014
0.061693 0.03771 0.34876
0.045952 0.037709 0.37021
0.044995 0.037708 0.38363
0.060264 0.037709 0.36806
0.055701 0.037711 0.38992
0.044366 0.037713 0.4006
0.037498 0.037717 0.42013
0.060001 0.037715 0.40339
0.053756 0.037719 0.41493
0.042188 0.037719 0.44344
0.058616 0.037721 0.44117
0.057773 0.037722 0.45753
0.041587 0.037722 0.47121
0.0434 0.037721 0.48624
0.051695 0.037724 0.47093
0.057221 0.037722 0.48991
0.038271 0.037711 0.50646
0.037971 0.037707 0.528
0.054063 0.037713 0.50848
0.058257 0.03771 0.52703
0.045011 0.037707 0.53974
0.042747 0.037711 0.56595
0.060161 0.03771 0.53821
0.058834 0.037712 0.55937
0.036969 0.037714 0.57735
0.035856 0.037719 0.60015
0.051029 0.037715 0.57591
0.052909 0.03772 0.59639
0.043326 0.03772 0.60503
0.03617 0.037721 0.63261
0.050911 0.037723 0.61118
0.056761 0.037725 0.62413
0.050944 0.037721 0.65225
0.05287 0.037725 0.66432
0.047082 0.037726 0.67624
0.051986 0.037727 0.67442
0.057427 0.037731 0.69216
0.035942 0.037727 0.73337
0.059224 0.037727 0.71665
0.051236 0.037727 0.7261
0.043249 0.037728 0.74957
0.036975 0.037729 0.76501
0.058406 0.037728 0.74636
0.051596 0.037729 0.76314
0.040651 0.03773 0.77544
0.037151 0.037731 0.80147
0.057637 0.037731 0.78383
0.055761 0.037731 0.79347
0.039631 0.037732 0.82774
0.052444 0.037732 0.81599
0.05794 0.037732 0.83311
0.037966 0.037733 0.84448
0.034996 0.037732 0.86299
0.05334 0.037733 0.83894
0.05566 0.037732 0.86098
0.035543 0.037731 0.87258
0.044932 0.037734 0.89354
0.057606 0.037729 0.87983
0.056121 0.037731 0.88983
0.041789 0.037744 0.91269
0.037031 0.033568 0.95632
0.058225 0.037631 0.94501
0.060671 0.033938 0.95433
0.078628 0.037724 0.045167
0.074568 0.037723 0.059429
0.077534 0.03772 0.08778
0.093496 0.037721 0.073545
0.090866 0.03772 0.087738
0.070716 0.037719 0.10567
0.071725 0.037721 0.12833
0.084447 0.037717 0.10811
0.088565 0.037716 0.12147
0.069248 0.037724 0.13912
0.088643 0.037717 0.1355
0.091921 0.037715 0.15674
0.071327 0.037716 0.17457
0.067425 0.037714 0.18938
0.093357 0.037711 0.17435
0.093841 0.037711 0.18948
0.076511 0.037714 0.20422
0.075182 0.037712 0.22103
0.087836 0.037712 0.20927
0.095973 0.037708 0.22484
0.069041 0.037709 0.24204
0.071568 0.037708 0.24842
0.084624 0.037708 0.2426
0.088926 0.037707 0.25075
0.075218 0.03771 0.27118
0.074247 0.037711 0.28848
0.094365 0.037706 0.2712
0.067444 0.037712 0.30507
0.067784 0.037711 0.32413
0.091597 0.037705 0.30355
0.089523 0.037705 0.32467
0.070554 0.037708 0.34321
0.0886 0.037705 0.33905
0.087345 0.037706 0.35398
0.07502 0.037707 0.37705
0.090349 0.037707 0.37035
0.09396 0.037708 0.38212
0.068611 0.037716 0.40866
0.072533 0.037718 0.422
0.092009 0.037719 0.41082
0.085247 0.037723 0.41747
0.06832 0.037722 0.44425
0.082626 0.037724 0.43608
0.083813 0.037728 0.45526
0.072989 0.037723 0.47335
0.076988 0.037723 0.484
0.088611 0.037729 0.47922
0.08779 0.037727 0.49022
0.068185 0.037718 0.50202
0.083859 0.037721 0.51931
0.075926 0.037712 0.53633
0.070981 0.037713 0.56492
0.081125 0.037715 0.56258
0.072775 0.037714 0.57114
0.06847 0.037721 0.60009
0.084082 0.037721 0.57145
0.086705 0.037725 0.59546
0.073112 0.037729 0.63012
0.088221 0.037728 0.61328
0.093094 0.037726 0.62279
0.071868 0.037729 0.64328
0.090967 0.037731 0.66661
0.067293 0.037733 0.68318
0.084539 0.037737 0.67562
0.087665 0.037733 0.69526
0.075263 0.037727 0.7131
0.066894 0.037726 0.73399
0.089688 0.037728 0.72565
0.070288 0.037727 0.74657
0.075173 0.037727 0.75882
0.086918 0.037727 0.7427
0.08403 0.037729 0.76358
0.070635 0.03773 0.77464
0.072256 0.037731 0.80027
0.092987 0.037729 0.78611
0.071644 0.037729 0.81702
0.079363 0.037728 0.82442
0.091856 0.037728 0.808
0.089095 0.037729 0.83328
0.073951 0.037732 0.84315
0.073855 0.037731 0.86236
0.088947 0.037728 0.86616
0.075969 0.037725 0.88321
0.087555 0.037727 0.87437
0.084382 0.037726 0.89083
0.07076 0.037738 0.91014
0.076256 0.037715 0.93112
0.088072 0.037731 0.90317
0.070774 0.037687 0.93883
0.085173 0.037702 0.94747
0.10961 0.037717 0.039004
0.10508 0.037719 0.057277
0.12546 0.037715 0.037861
0.12096 0.037716 0.05214
0.10191 0.037721 0.068215
0.10628 0.037719 0.094051
0.12317 0.037716 0.096259
0.10471 0.037715 0.10994
0.11276 0.037713 0.12821
0.1241 0.037711 0.11788
0.10665 0.037713 0.14057
0.10174 0.037713 0.15515
0.12556 0.037709 0.15518
0.10674 0.037708 0.17198
0.10548 0.037707 0.18665
0.12642 0.037707 0.16615
0.11776 0.037705 0.19277
0.11184 0.037705 0.21578
0.11667 0.037704 0.19999
0.11582 0.037704 0.22616
0.10476 0.037705 0.23729
0.099749 0.037705 0.25499
0.11956 0.037703 0.23652
0.10545 0.037701 0.27251
0.10508 0.037699 0.2852
0.1191 0.037696 0.27616
0.12707 0.03769 0.28271
0.10552 0.037695 0.30273
0.10613 0.037694 0.32514
0.12659 0.037687 0.30817
0.11523 0.037689 0.31688
0.10296 0.037697 0.33292
0.10401 0.0377 0.35753
0.11447 0.037696 0.35247
0.098323 0.037704 0.36456
0.11497 0.037702 0.36891
0.12077 0.037714 0.39273
0.10153 0.037711 0.39748
0.10113 0.037719 0.42453
0.11188 0.037718 0.42472
0.097337 0.037724 0.43699
0.098216 0.037726 0.44899
0.11234 0.037725 0.44353
0.11401 0.037729 0.45607
0.097487 0.037726 0.46991
0.1055 0.037723 0.48657
0.11502 0.037731 0.47123
0.12056 0.037734 0.48855
0.10176 0.037718 0.50285
0.097267 0.037717 0.52499
0.11728 0.037721 0.52528
0.10307 0.037719 0.53781
0.098782 0.037722 0.55964
0.11922 0.037726 0.5432
0.096949 0.037723 0.58268
0.099059 0.037724 0.59588
0.11602 0.037729 0.57636
0.11749 0.037723 0.60182
0.10673 0.037717 0.61761
0.10688 0.037715 0.62759
0.12316 0.03771 0.63292
0.10406 0.037716 0.64668
0.10372 0.037718 0.65972
0.11692 0.037712 0.64135
0.11407 0.037713 0.6685
0.10269 0.037723 0.68508
0.11952 0.037715 0.68487
0.10582 0.037729 0.7303
0.1243 0.037718 0.70873
0.12576 0.03772 0.73615
0.10036 0.037727 0.74119
0.10438 0.037725 0.75756
0.11863 0.037722 0.76584
0.10592 0.037724 0.7767
0.12643 0.037715 0.78072
0.1164 0.03772 0.79274
0.10782 0.037728 0.83101
0.11646 0.037724 0.80654
0.1198 0.037725 0.83498
0.10916 0.037727 0.84079
0.12481 0.037723 0.84411
0.12468 0.037722 0.85755
0.10763 0.037725 0.877
0.11131 0.037726 0.89335
0.12748 0.037723 0.88373
0.12111 0.037726 0.89815
0.10242 0.037731 0.91032
0.12046 0.037728 0.91261
0.11893 0.037706 0.92571
0.10403 0.037689 0.93866
0.12855 0.037637 0.9466
0.12692 0.033338 0.96459
0.14051 0.037715 0.039752
0.15577 0.037712 0.035255
0.15737 0.037711 0.053227
0.13321 0.037716 0.07601
0.13843 0.037711 0.095078
0.15113 0.037711 0.071749
0.15538 0.037707 0.090193
0.13801 0.037708 0.10607
0.13956 0.037706 0.11735
0.14999 0.037703 0.11065
0.1542 0.037702 0.11618
0.13299 0.037709 0.13724
0.1339 0.037708 0.1588
0.15812 0.037703 0.15235
0.1324 0.037704 0.17752
0.15595 0.037701 0.17195
0.15466 0.0377 0.18353
0.13474 0.0377 0.20458
0.14047 0.037696 0.22437
0.15732 0.037692 0.20579
0.13364 0.037696 0.23696
0.14333 0.037689 0.25224
0.14925 0.037693 0.22998
0.1566 0.037682 0.25826
0.13589 0.037688 0.2665
0.13513 0.037684 0.28839
0.15383 0.037681 0.26617
0.15041 0.03768 0.28503
0.14262 0.03768 0.30222
0.13062 0.037685 0.31317
0.15577 0.037679 0.29632
0.14779 0.037681 0.31945
0.13285 0.037689 0.34152
0.14175 0.037685 0.34818
0.15241 0.037683 0.32993
0.1383 0.037693 0.37252
0.13265 0.0377 0.38139
0.15539 0.037689 0.37514
0.12872 0.037721 0.41992
0.14237 0.037719 0.42327
0.13552 0.037723 0.43904
0.12889 0.03773 0.45306
0.14713 0.037727 0.44157
0.14527 0.037731 0.45152
0.12956 0.037734 0.46882
0.12779 0.037735 0.48578
0.14677 0.037743 0.47114
0.13614 0.037713 0.50952
0.1354 0.037708 0.52405
0.15217 0.037727 0.50092
0.12945 0.037714 0.54572
0.13582 0.037704 0.5679
0.14292 0.037704 0.55025
0.15199 0.037716 0.55494
0.13662 0.037701 0.58438
0.1319 0.037707 0.59719
0.15114 0.037701 0.58445
0.15013 0.037699 0.5968
0.13138 0.037705 0.61433
0.13413 0.037703 0.63191
0.15225 0.037697 0.61924
0.14776 0.0377 0.62942
0.13747 0.037702 0.66328
0.1562 0.037698 0.64864
0.14683 0.037701 0.66471
0.13502 0.037704 0.67637
0.14085 0.037701 0.69687
0.14508 0.037699 0.68025
0.14751 0.037699 0.70446
0.12974 0.037712 0.70791
0.14088 0.037705 0.73573
0.15186 0.0377 0.71093
0.14759 0.0377 0.73562
0.14093 0.037707 0.75113
0.13486 0.037711 0.76838
0.15311 0.0377 0.74215
0.15674 0.037697 0.75851
0.13785 0.03771 0.79512
0.15102 0.037704 0.77869
0.15253 0.037708 0.80079
0.14325 0.037713 0.80889
0.14074 0.037717 0.82984
0.16132 0.037708 0.81641
0.15382 0.037711 0.83024
0.13895 0.037716 0.84875
0.14546 0.037715 0.8637
0.15831 0.037709 0.84767
0.15845 0.037711 0.86303
0.13564 0.037721 0.87772
0.15529 0.037718 0.88193
0.15375 0.037721 0.89848
0.13379 0.037725 0.90962
0.13874 0.037686 0.92874
0.15581 0.037723 0.91171
0.15345 0.037691 0.92574
0.13501 0.034654 0.95269
0.15715 0.037628 0.94101
0.15682 0.033354 0.96149
0.1693 0.037706 0.044771
0.17612 0.037703 0.061024
0.18532 0.037701 0.045459
0.18435 0.037701 0.054979
0.16901 0.037705 0.076084
0.17273 0.037703 0.091681
0.18785 0.037699 0.077604
0.18754 0.037699 0.092748
0.16812 0.037702 0.10555
0.1722 0.037697 0.12828
0.18228 0.037699 0.10697
0.18913 0.037697 0.11754
0.17074 0.037696 0.14014
0.17737 0.03769 0.15333
0.18543 0.03769 0.14464
0.18973 0.037689 0.14981
0.17692 0.037684 0.19261
0.18848 0.037685 0.17137
0.18392 0.037685 0.18793
0.17303 0.037678 0.22567
0.18525 0.037681 0.2006
0.18442 0.037678 0.21889
0.17078 0.037677 0.23804
0.17293 0.037671 0.25608
0.18477 0.037668 0.24785
0.18603 0.037662 0.26915
0.18162 0.037667 0.28739
0.16429 0.037674 0.29559
0.17053 0.037673 0.31264
0.18393 0.037669 0.30696
0.18636 0.037669 0.32356
0.16303 0.037676 0.33992
0.16567 0.037674 0.34675
0.18008 0.037668 0.33525
0.18305 0.03767 0.34465
0.17146 0.037676 0.36927
0.18147 0.037679 0.37203
0.17797 0.037677 0.38896
0.16594 0.037689 0.42365
0.18567 0.037682 0.40077
0.18545 0.037689 0.41958
0.16537 0.037698 0.43659
0.16587 0.037707 0.45164
0.18089 0.037698 0.43319
0.1739 0.03771 0.45805
0.16173 0.03773 0.48609
0.17485 0.037734 0.47685
0.17749 0.037742 0.4852
0.16046 0.03772 0.50196
0.16017 0.037713 0.53028
0.17892 0.037737 0.50797
0.17645 0.03773 0.53009
0.16043 0.037716 0.54561
0.17233 0.037713 0.56333
0.16786 0.037692 0.58066
0.15898 0.037694 0.5937
0.17988 0.037701 0.58681
0.17468 0.037683 0.59916
0.16803 0.037679 0.61054
0.16232 0.037688 0.63211
0.17557 0.037679 0.60874
0.17585 0.037677 0.62791
0.16284 0.037694 0.65071
0.16488 0.037693 0.6607
0.18726 0.0377 0.65512
0.18789 0.037696 0.66674
0.16519 0.037693 0.67867
0.16433 0.037693 0.69452
0.17762 0.037688 0.67662
0.1808 0.03769 0.69653
0.17071 0.037692 0.7216
0.16762 0.037691 0.73321
0.18067 0.037689 0.70947
0.18163 0.037685 0.73809
0.17425 0.037684 0.7524
0.16754 0.03769 0.75998
0.18294 0.037682 0.7518
0.16719 0.037703 0.79452
0.1873 0.03769 0.77482
0.18693 0.037699 0.80093
0.17249 0.037703 0.80907
0.18557 0.037701 0.81679
0.1873 0.037698 0.83137
0.17716 0.0377 0.84155
0.1683 0.037705 0.85777
0.18614 0.037698 0.8484
0.1843 0.037698 0.85535
0.16657 0.037712 0.87669
0.16653 0.037717 0.89282
0.19209 0.0377 0.87168
0.19139 0.037706 0.89091
0.16857 0.037673 0.92944
0.18357 0.037665 0.93046
0.17818 0.034137 0.9537
0.18521 0.037626 0.93877
0.19032 0.033582 0.95619
0.19975 0.037698 0.04421
0.20795 0.037695 0.058289
0.2213 0.037693 0.034959
0.21939 0.037693 0.056067
0.20664 0.037694 0.068329
0.20339 0.037694 0.087966
0.22383 0.037689 0.07041
0.22041 0.037689 0.092621
0.20898 0.037691 0.099931
0.20301 0.037691 0.12578
0.22554 0.037686 0.10042
0.21736 0.037689 0.1203
0.20193 0.037689 0.14088
0.19748 0.037681 0.17218
0.20759 0.037676 0.18818
0.22369 0.037667 0.17097
0.226 0.037661 0.18187
0.20288 0.037678 0.19883
0.22011 0.037669 0.19853
0.2083 0.037663 0.23645
0.22182 0.037665 0.23113
0.2191 0.037661 0.25471
0.20131 0.037645 0.27138
0.19645 0.037648 0.2796
0.21946 0.03765 0.26537
0.21273 0.037629 0.28359
0.20445 0.03763 0.30427
0.20231 0.03764 0.32406
0.21129 0.037617 0.31265
0.19579 0.037656 0.32986
0.2004 0.037654 0.35247
0.21204 0.037632 0.32923
0.22129 0.037644 0.34607
0.20371 0.037645 0.3622
0.20045 0.03765 0.37981
0.2157 0.037642 0.36061
0.20849 0.037639 0.38638
0.19796 0.037667 0.40432
0.20663 0.037653 0.4011
0.19728 0.037691 0.42775
0.18789 0.037724 0.45475
0.21072 0.037702 0.42912
0.20983 0.037738 0.44774
0.19276 0.037745 0.46687
0.19486 0.037761 0.48803
0.19928 0.037761 0.47492
0.20303 0.037784 0.48843
0.19086 0.037755 0.51005
0.19272 0.037746 0.5238
0.19356 0.037733 0.54115
0.19455 0.037725 0.55572
0.20487 0.037737 0.55663
0.19251 0.037705 0.58661
0.1892 0.037702 0.59903
0.20852 0.037722 0.58451
0.20851 0.037721 0.59156
0.19012 0.037697 0.61169
0.19219 0.037699 0.63692
0.21531 0.037711 0.63727
0.19259 0.037699 0.65345
0.20183 0.037692 0.66008
0.21494 0.037707 0.64593
0.20249 0.037681 0.67835
0.19703 0.037679 0.70032
0.21339 0.037677 0.6798
0.21212 0.03767 0.70167
0.19617 0.037676 0.71401
0.19611 0.037673 0.73287
0.2129 0.037663 0.71589
0.21526 0.037656 0.72695
0.20014 0.037676 0.76438
0.21639 0.037664 0.75294
0.19956 0.037689 0.78562
0.20651 0.037687 0.79724
0.21732 0.037675 0.77686
0.20142 0.037694 0.8351
0.22415 0.037688 0.81966
0.22099 0.037689 0.83395
0.20198 0.037693 0.84908
0.20547 0.037691 0.86226
0.2195 0.037689 0.84031
0.22089 0.037686 0.86143
0.20454 0.037694 0.87742
0.20703 0.037698 0.8945
0.21729 0.037688 0.87898
0.22221 0.037692 0.89732
0.21118 0.037666 0.92792
0.2221 0.037704 0.91467
0.19932 0.037584 0.94711
0.21069 0.033345 0.96267
0.21881 0.0376 0.94293
0.21921 0.033485 0.95724
0.23177 0.037689 0.034967
0.23538 0.037687 0.060942
0.24904 0.037684 0.042291
0.25717 0.037679 0.055692
0.23708 0.037685 0.066993
0.23338 0.037684 0.083539
0.25306 0.037677 0.074882
0.25635 0.037674 0.084149
0.24292 0.037681 0.11714
0.25275 0.037676 0.099711
0.24825 0.037678 0.12371
0.23249 0.037679 0.14202
0.25161 0.037671 0.13652
0.2574 0.03766 0.15277
0.23267 0.037658 0.17307
0.24266 0.037648 0.18787
0.25001 0.037649 0.17299
0.25584 0.037647 0.18236
0.23595 0.03765 0.2071
0.2295 0.03766 0.22509
0.2525 0.037643 0.20194
0.22898 0.03766 0.24002
0.23582 0.037659 0.24556
0.23778 0.037648 0.26862
0.23674 0.037637 0.28849
0.25648 0.03764 0.27787
0.25506 0.037637 0.30165
0.25151 0.037644 0.31638
0.22921 0.037636 0.34907
0.24788 0.037636 0.33743
0.25362 0.037649 0.35435
0.23252 0.037628 0.36076
0.24476 0.037631 0.36664
0.24023 0.037618 0.38052
0.22366 0.037654 0.39951
0.23307 0.037655 0.41283
0.24315 0.037638 0.39305
0.22695 0.037683 0.42677
0.22309 0.037728 0.44664
0.24365 0.037691 0.43018
0.23728 0.037731 0.44955
0.21599 0.037805 0.47238
0.23077 0.037792 0.46679
0.23571 0.037875 0.48261
0.22574 0.037802 0.50417
0.23008 0.037811 0.53171
0.22118 0.037772 0.54825
0.21722 0.037757 0.56698
0.22654 0.037733 0.59467
0.23556 0.037731 0.60227
0.2311 0.037699 0.61419
0.22893 0.037677 0.64065
0.23743 0.037688 0.6187
0.24285 0.037662 0.63646
0.2258 0.037673 0.65511
0.23417 0.03765 0.66554
0.24379 0.037644 0.65748
0.24529 0.03765 0.67182
0.23459 0.037659 0.68824
0.25315 0.037651 0.69675
0.2353 0.037641 0.72337
0.24692 0.037641 0.71456
0.24868 0.037634 0.73361
0.23506 0.037645 0.74644
0.23246 0.037654 0.76359
0.24988 0.03764 0.75188
0.25877 0.037642 0.76839
0.22978 0.037672 0.78338
0.23827 0.03767 0.79569
0.2543 0.037652 0.77767
0.23877 0.037676 0.81102
0.2566 0.037665 0.81269
0.25012 0.037675 0.83153
0.23996 0.037681 0.84692
0.23549 0.037681 0.86222
0.234 0.037681 0.88009
0.23293 0.037682 0.88931
0.25579 0.037672 0.87852
0.2433 0.03769 0.91333
0.234 0.037657 0.92915
0.24925 0.037682 0.90434
0.25795 0.037644 0.93125
0.24102 0.033355 0.96139
0.25317 0.037629 0.93666
0.27341 0.03767 0.056036
0.29374 0.037655 0.060485
0.2752 0.037662 0.078783
0.26842 0.037667 0.09338
0.29229 0.037653 0.073516
0.26945 0.037666 0.10803
0.28893 0.037653 0.10306
0.28413 0.037653 0.12167
0.27009 0.037656 0.13462
0.26744 0.037652 0.15516
0.29155 0.037637 0.13629
0.29302 0.037634 0.15615
0.26376 0.037648 0.16789
0.26898 0.037644 0.18066
0.28458 0.03764 0.19066
0.27227 0.037642 0.21359
0.28699 0.037636 0.19571
0.28475 0.037632 0.22084
0.26836 0.037633 0.25676
0.2853 0.037623 0.2353
0.28713 0.03763 0.25442
0.28178 0.037626 0.2621
0.263 0.037625 0.30344
0.26547 0.037625 0.31274
0.28913 0.037612 0.31681
0.2616 0.037636 0.33212
0.26608 0.03764 0.35487
0.2756 0.037608 0.33833
0.27825 0.037625 0.35061
0.2643 0.037644 0.36078
0.26437 0.037642 0.38012
0.28037 0.037655 0.37132
0.26012 0.037659 0.39999
0.25603 0.037679 0.41464
0.27631 0.037672 0.40485
0.26992 0.037676 0.41956
0.24683 0.03777 0.45426
0.26699 0.03768 0.42741
0.27315 0.03773 0.44574
0.24301 0.037856 0.46847
0.24522 0.037909 0.48607
0.25947 0.037982 0.48088
0.24248 0.037881 0.50875
0.25366 0.037869 0.53437
0.24706 0.037848 0.54042
0.25084 0.037819 0.57275
0.2562 0.03784 0.55191
0.26655 0.037874 0.56356
0.2556 0.037805 0.57964
0.25193 0.037734 0.60731
0.2635 0.037801 0.58262
0.26573 0.03775 0.59597
0.25806 0.037685 0.6184
0.25943 0.037652 0.6373
0.27479 0.037628 0.63361
0.26275 0.037638 0.65537
0.26114 0.037645 0.67123
0.27572 0.03762 0.6554
0.27876 0.037621 0.67236
0.26095 0.03765 0.67961
0.26949 0.037607 0.70053
0.28554 0.037629 0.68181
0.28172 0.037587 0.70747
0.26764 0.037592 0.72117
0.27148 0.037588 0.72894
0.28973 0.037603 0.73283
0.27464 0.037633 0.75565
0.27077 0.037634 0.77192
0.28933 0.037635 0.74873
0.26491 0.037642 0.77951
0.27321 0.037636 0.79726
0.29086 0.037626 0.78425
0.28697 0.037634 0.8014
0.28874 0.03765 0.81811
0.2815 0.037661 0.83299
0.27413 0.03767 0.84991
0.29263 0.037658 0.84749
0.28477 0.037662 0.86208
0.26849 0.037666 0.88284
0.27832 0.037667 0.89498
0.28977 0.037658 0.88233
0.28286 0.037667 0.89603
0.29441 0.037671 0.91125
0.29199 0.03765 0.92718
0.2747 0.037578 0.94676
0.27742 0.033653 0.95564
0.29487 0.037626 0.93667
0.28288 0.033368 0.96037
0.2999 0.037652 0.045165
0.30338 0.037649 0.058058
0.32657 0.037629 0.044069
0.32772 0.037628 0.057894
0.30183 0.037646 0.078863
0.30586 0.037644 0.086193
0.32245 0.037632 0.069568
0.3184 0.037634 0.092619
0.30389 0.03764 0.1067
0.30167 0.037637 0.12412
0.32669 0.037623 0.10189
0.31701 0.037627 0.12182
0.30017 0.037626 0.14206
0.30327 0.037627 0.15321
0.32007 0.037612 0.14065
0.32087 0.037612 0.14984
0.3012 0.037624 0.17402
0.30405 0.037621 0.18839
0.32116 0.037608 0.16808
0.30498 0.037613 0.21776
0.32544 0.0376 0.20367
0.32399 0.037602 0.21182
0.29631 0.037608 0.23843
0.30301 0.037604 0.24891
0.31295 0.037596 0.25363
0.30204 0.037604 0.26203
0.29652 0.0376 0.28509
0.31159 0.037592 0.26168
0.3173 0.037582 0.27918
0.29665 0.037587 0.30431
0.29625 0.037596 0.3132
0.31316 0.037571 0.305
0.31353 0.037575 0.31237
0.30075 0.037603 0.32933
0.29118 0.037637 0.35256
0.31325 0.037583 0.33623
0.31995 0.037603 0.35114
0.29576 0.037644 0.35743
0.2901 0.037685 0.38538
0.30686 0.037648 0.3663
0.31378 0.037723 0.38029
0.2879 0.037687 0.40361
0.29557 0.037682 0.41267
0.30375 0.037679 0.40032
0.30717 0.037699 0.41641
0.28679 0.037702 0.43301
0.27917 0.037768 0.4505
0.30679 0.037811 0.43228
0.3083 0.037949 0.44234
0.27351 0.038041 0.47754
0.28832 0.037944 0.4638
0.27619 0.038065 0.48778
0.27047 0.038074 0.5017
0.26424 0.038036 0.52023
0.28137 0.038207 0.50311
0.27713 0.03798 0.54178
0.28612 0.037898 0.56809
0.27657 0.037808 0.58461
0.30354 0.037719 0.60219
0.28386 0.037645 0.62512
0.28859 0.037627 0.63865
0.31335 0.037691 0.63695
0.31283 0.037682 0.66361
0.31618 0.037699 0.67779
0.32194 0.037652 0.70786
0.32308 0.037634 0.72606
0.31652 0.037638 0.73731
0.30183 0.037636 0.74585
0.30824 0.037619 0.7651
0.31973 0.037619 0.75307
0.31795 0.037614 0.7702
0.30837 0.037625 0.78444
0.30077 0.037626 0.79751
0.31557 0.037622 0.78874
0.31612 0.037627 0.80466
0.29943 0.037637 0.81052
0.31848 0.037624 0.83109
0.30159 0.037648 0.84483
0.3082 0.037644 0.86184
0.30083 0.037651 0.88469
0.30874 0.03765 0.89231
0.32068 0.037642 0.87418
0.31902 0.037649 0.89862
0.30216 0.037667 0.91448
0.31164 0.03765 0.93013
0.32839 0.037649 0.90762
0.31942 0.03765 0.92408
0.30328 0.037619 0.94605
0.32172 0.037624 0.94342
0.33818 0.037618 0.040555
0.33721 0.037619 0.055368
0.36237 0.037598 0.040666
0.3515 0.037608 0.051141
0.33761 0.037619 0.07282
0.33708 0.03762 0.084973
0.35298 0.037607 0.082827
0.3391 0.03761 0.10328
0.33382 0.037611 0.12034
0.35434 0.03759 0.11929
0.33653 0.0376 0.13687
0.34061 0.037598 0.14901
0.35316 0.037586 0.13859
0.35981 0.037582 0.14692
0.34094 0.037593 0.16654
0.34084 0.037589 0.17729
0.34824 0.037591 0.16223
0.35314 0.037586 0.17695
0.33315 0.037598 0.19681
0.33138 0.037602 0.21699
0.34893 0.037592 0.19584
0.33856 0.03759 0.22979
0.33381 0.037587 0.25317
0.34908 0.037586 0.23212
0.35596 0.037594 0.24764
0.33957 0.037551 0.26971
0.33723 0.037549 0.28022
0.35428 0.037572 0.26632
0.34705 0.037539 0.27512
0.33077 0.037567 0.29527
0.33246 0.037589 0.31858
0.34712 0.037548 0.29474
0.34332 0.037567 0.31855
0.33717 0.037597 0.326
0.3282 0.037591 0.34522
0.34302 0.037623 0.33568
0.35523 0.038005 0.36306
0.3472 0.037834 0.37722
0.32223 0.037711 0.3993
0.31923 0.037714 0.41721
0.33389 0.037708 0.39101
0.31974 0.037947 0.43318
0.32996 0.037828 0.42837
0.29693 0.038069 0.46399
0.29087 0.038213 0.48944
0.30384 0.038264 0.4808
0.29146 0.038268 0.50133
0.29458 0.038285 0.50172
0.30512 0.038332 0.5341
0.29868 0.037927 0.57379
0.30785 0.038213 0.55006
0.3137 0.037924 0.57246
0.31798 0.037728 0.59665
0.31429 0.037707 0.61428
0.3166 0.037701 0.62235
0.32436 0.037701 0.64047
0.33812 0.037739 0.62163
0.34564 0.037718 0.63797
0.33375 0.03768 0.66454
0.32378 0.037699 0.67831
0.34682 0.037685 0.66046
0.3432 0.037661 0.67566
0.32894 0.037639 0.70345
0.34653 0.037636 0.68753
0.35363 0.037592 0.71
0.32784 0.037638 0.72006
0.33638 0.0376 0.73264
0.352 0.037596 0.72137
0.34637 0.037588 0.74202
0.33577 0.037598 0.74806
0.33764 0.037598 0.77366
0.34969 0.037572 0.75313
0.353 0.037583 0.76911
0.35147 0.037608 0.78509
0.35274 0.037602 0.80595
0.34407 0.037606 0.81844
0.33316 0.037612 0.82572
0.35376 0.037604 0.82929
0.34394 0.037628 0.84675
0.34167 0.037631 0.86301
0.36116 0.037612 0.84085
0.36028 0.037621 0.86387
0.33588 0.037642 0.88096
0.33936 0.037641 0.89442
0.35251 0.037634 0.88932
0.3446 0.037644 0.9112
0.33787 0.037621 0.92804
0.35241 0.037641 0.9141
0.35241 0.037616 0.92514
0.34414 0.037579 0.93904
0.33575 0.033411 0.95862
0.35925 0.037573 0.93881
0.3511 0.033345 0.9627
0.36938 0.037592 0.03508
0.37935 0.037587 0.055576
0.38831 0.037579 0.040776
0.38986 0.037584 0.069637
0.39419 0.03758 0.090648
0.36942 0.03758 0.10214
0.3805 0.037556 0.11433
0.39374 0.037557 0.10582
0.38838 0.037553 0.11375
0.36827 0.037569 0.14105
0.36924 0.037578 0.15413
0.39337 0.03755 0.1342
0.37572 0.037574 0.16382
0.37002 0.037579 0.17584
0.39065 0.03758 0.18597
0.37052 0.037587 0.19418
0.37349 0.037581 0.21057
0.38555 0.037575 0.19902
0.38514 0.037574 0.20868
0.36841 0.037574 0.23529
0.36576 0.03759 0.24709
0.39218 0.037579 0.22673
0.38859 0.037594 0.24982
0.36454 0.037589 0.26247
0.36385 0.037574 0.28533
0.38836 0.037586 0.26666
0.37666 0.037597 0.28183
0.37018 0.037569 0.30815
0.38337 0.037609 0.29473
0.38215 0.03761 0.30453
0.35922 0.037576 0.3254
0.36512 0.037857 0.34761
0.3591 0.038057 0.36984
0.37629 0.037998 0.35581
0.35842 0.037879 0.38574
0.36553 0.037957 0.38239
0.36004 0.037752 0.39846
0.34226 0.037912 0.43254
0.33641 0.038121 0.44348
0.35352 0.037745 0.42136
0.33976 0.03811 0.44695
0.31915 0.038503 0.45971
0.31939 0.038378 0.47593
0.30391 0.038537 0.51014
0.31505 0.038272 0.54256
0.31201 0.038605 0.50591
0.31905 0.038254 0.54413
0.32749 0.038023 0.56539
0.33023 0.03788 0.57866
0.33813 0.037815 0.59836
0.34401 0.037771 0.61631
0.35132 0.037843 0.59323
0.36549 0.037905 0.61884
0.35167 0.037726 0.63527
0.35289 0.037721 0.6436
0.36555 0.037756 0.6353
0.37268 0.037756 0.64583
0.35466 0.037674 0.66206
0.35922 0.037634 0.68179
0.38311 0.037717 0.66058
0.38577 0.037653 0.67112
0.3608 0.037597 0.69299
0.37783 0.037632 0.68538
0.38417 0.037611 0.7064
0.37691 0.037576 0.73843
0.39239 0.037593 0.71935
0.38614 0.037567 0.739
0.37453 0.037557 0.75838
0.3657 0.037568 0.76429
0.38261 0.037559 0.75514
0.37848 0.037576 0.78637
0.37596 0.037581 0.804
0.38519 0.037576 0.7815
0.37537 0.03759 0.81347
0.36893 0.0376 0.83431
0.37214 0.037605 0.84202
0.37078 0.037608 0.85903
0.38652 0.037596 0.84229
0.38798 0.037605 0.86662
0.37339 0.037624 0.87819
0.36894 0.037629 0.89678
0.39106 0.037618 0.90015
0.37298 0.037631 0.91095
0.37994 0.0376 0.92927
0.38649 0.037625 0.91037
0.39369 0.03759 0.93182
0.37707 0.037569 0.94222
0.37108 0.033886 0.95434
0.39018 0.037567 0.94294
0.39638 0.033707 0.95514
0.41352 0.037569 0.036591
0.41913 0.037566 0.041279
0.42062 0.037571 0.063761
0.40457 0.037581 0.079296
0.42619 0.037567 0.072663
0.4334 0.037625 0.094601
0.41636 0.037543 0.10492
0.406 0.037533 0.11458
0.42437 0.037593 0.10369
0.42559 0.037605 0.12021
0.41171 0.037545 0.13777
0.40513 0.037565 0.15402
0.42676 0.037561 0.14318
0.40821 0.037558 0.16258
0.40598 0.037566 0.18308
0.41923 0.037546 0.16803
0.42116 0.037543 0.17471
0.4093 0.03758 0.21772
0.42213 0.037543 0.1978
0.42717 0.037537 0.20471
0.39552 0.037577 0.23203
0.40643 0.037613 0.24932
0.42624 0.037579 0.2226
0.40464 0.0376 0.26434
0.40043 0.037595 0.27325
0.42322 0.037636 0.27562
0.40563 0.037612 0.29444
0.39648 0.037636 0.30713
0.41979 0.037637 0.28339
0.41445 0.037621 0.29949
0.39596 0.037662 0.32512
0.39875 0.037719 0.33873
0.41618 0.037692 0.31734
0.40651 0.037755 0.34143
0.38388 0.038056 0.3657
0.41192 0.037809 0.34767
0.37449 0.038029 0.37915
0.3719 0.037754 0.39972
0.39676 0.037895 0.37717
0.38859 0.037745 0.39061
0.37279 0.037636 0.41998
0.36547 0.03773 0.43681
0.38536 0.037694 0.40283
0.34526 0.038049 0.4544
0.32362 0.038233 0.47538
0.36362 0.037472 0.44991
0.32673 0.037905 0.48688
0.32171 0.03825 0.49636
0.3238 0.038343 0.53138
0.32595 0.03765 0.50304
0.33683 0.037842 0.54248
0.35467 0.037764 0.57007
0.3741 0.037775 0.58261
0.37359 0.038085 0.61351
0.40246 0.037975 0.62853
0.38378 0.037884 0.63422
0.39342 0.037767 0.65297
0.40568 0.037894 0.63674
0.39641 0.037682 0.66203
0.4037 0.037606 0.67308
0.41201 0.037644 0.65835
0.42191 0.037547 0.66861
0.39577 0.037613 0.69232
0.40315 0.037577 0.70049
0.42414 0.037585 0.68814
0.42541 0.037533 0.70377
0.40961 0.037553 0.72088
0.40413 0.037544 0.73332
0.42309 0.03751 0.73025
0.4037 0.037542 0.76382
0.42263 0.037514 0.75135
0.41703 0.03754 0.76676
0.40856 0.03755 0.78326
0.40063 0.037559 0.8026
0.42625 0.03753 0.78417
0.42947 0.037535 0.79952
0.4132 0.037554 0.81999
0.43053 0.037545 0.81209
0.41782 0.037557 0.82823
0.40342 0.037587 0.84272
0.42311 0.037586 0.86356
0.41164 0.0376 0.88221
0.40714 0.037609 0.89943
0.42671 0.037591 0.88251
0.4214 0.037594 0.89106
0.40882 0.037615 0.90921
0.40698 0.037589 0.93106
0.42643 0.037588 0.92871
0.40161 0.03756 0.94551
0.41743 0.037571 0.9388
0.42715 0.033354 0.96134
0.43701 0.037564 0.041508
0.44288 0.037559 0.06161
0.45589 0.037562 0.045121
0.43766 0.037556 0.071804
0.43949 0.037635 0.093701
0.46249 0.037545 0.081114
0.45614 0.037711 0.098977
0.4403 0.037872 0.11562
0.45863 0.037772 0.10498
0.4461 0.037806 0.12716
0.43822 0.03755 0.14422
0.45238 0.037809 0.12797
0.46087 0.037538 0.14533
0.44501 0.037494 0.15808
0.44124 0.037532 0.17988
0.45881 0.037504 0.1661
0.45641 0.037533 0.18309
0.44391 0.037529 0.19455
0.43821 0.037535 0.20627
0.45137 0.037552 0.21327
0.43459 0.037582 0.22653
0.43063 0.037608 0.24069
0.44876 0.037577 0.22488
0.43294 0.037634 0.25092
0.43266 0.037623 0.26582
0.45452 0.037634 0.2594
0.45796 0.037681 0.27121
0.43022 0.037662 0.2811
0.44551 0.037703 0.28979
0.45274 0.037783 0.30267
0.42969 0.037727 0.31565
0.42647 0.037731 0.33127
0.44918 0.037811 0.31007
0.44432 0.03777 0.32303
0.42691 0.037804 0.34275
0.41929 0.037869 0.36328
0.4507 0.037892 0.33849
0.44308 0.037968 0.35201
0.43672 0.038034 0.37022
0.39478 0.037111 0.40392
0.39182 0.036851 0.42514
0.42468 0.036681 0.3846
0.41039 0.035091 0.40839
0.37342 0.036683 0.444
0.34465 0.036001 0.47223
0.35555 0.03423 0.48536
0.33262 0.036187 0.5138
0.34555 0.036893 0.54393
0.34076 0.035435 0.5216
0.38892 0.035555 0.56671
0.389 0.03681 0.58989
0.40086 0.037199 0.6053
0.39756 0.036064 0.59287
0.40982 0.036812 0.60554
0.41529 0.038254 0.61732
0.42344 0.037957 0.61288
0.42999 0.038208 0.62539
0.4234 0.037844 0.64277
0.44123 0.038006 0.63191
0.45148 0.037728 0.6439
0.43148 0.037527 0.66158
0.43081 0.03755 0.67188
0.45029 0.037572 0.66171
0.44869 0.037582 0.67025
0.43309 0.037546 0.69078
0.44171 0.037512 0.70461
0.46236 0.037452 0.70219
0.43873 0.037497 0.71979
0.44412 0.037493 0.73586
0.45395 0.037474 0.71756
0.45844 0.03747 0.73756
0.44687 0.037488 0.74654
0.43504 0.037515 0.76716
0.45972 0.037457 0.75087
0.45592 0.03749 0.76718
0.43945 0.03752 0.78141
0.4409 0.037533 0.80233
0.45396 0.037504 0.78461
0.46488 0.037524 0.80275
0.44268 0.037537 0.82492
0.45404 0.037525 0.8188
0.45384 0.037537 0.82794
0.44418 0.037568 0.84083
0.43689 0.037582 0.8634
0.46306 0.037558 0.84101
0.43912 0.037587 0.87318
0.43963 0.037588 0.89268
0.45231 0.03758 0.88327
0.4599 0.037586 0.89638
0.44618 0.037605 0.91534
0.44612 0.037587 0.92707
0.45948 0.0376 0.91593
0.45506 0.037575 0.93131
0.4432 0.037549 0.94767
0.46337 0.037544 0.94409
0.45916 0.033342 0.96331
0.40976 0.037724 0.4442
0.37923 0.038034 0.46752
0.37603 0.037927 0.52692
0.37841 0.036088 0.49655
0.48027 0.037564 0.045872
0.47654 0.03756 0.064186
0.49503 0.037566 0.03888
0.4867 0.037563 0.061978
0.46843 0.037548 0.08107
0.47069 0.037596 0.093249
0.49053 0.037559 0.072611
0.48874 0.037554 0.092451
0.47605 0.037595 0.10861
0.46981 0.037696 0.11393
0.48179 0.037543 0.1033
0.49179 0.03754 0.12105
0.46924 0.037658 0.12853
0.48994 0.037564 0.14438
0.46774 0.037525 0.16228
0.47549 0.037545 0.1762
0.48513 0.037563 0.15971
0.47685 0.037553 0.19203
0.47365 0.037561 0.20855
0.48882 0.037559 0.18963
0.48909 0.03756 0.20613
0.47051 0.037593 0.22958
0.477 0.037605 0.23503
0.48626 0.037596 0.2217
0.49233 0.0376 0.23352
0.46547 0.037643 0.25938
0.47844 0.037658 0.26283
0.49229 0.037647 0.25762
0.49727 0.037702 0.27086
0.46988 0.037753 0.28702
0.47323 0.037823 0.29515
0.48538 0.037835 0.2954
0.46605 0.037911 0.31194
0.47025 0.038126 0.32427
0.48615 0.037967 0.31232
0.48972 0.03817 0.32309
0.46779 0.038209 0.3334
0.47102 0.038396 0.34018
0.49061 0.038588 0.34032
0.45709 0.037995 0.36242
0.47883 0.038347 0.34773
0.48036 0.037639 0.35198
0.44003 0.036014 0.38248
0.43604 0.034538 0.39492
0.46699 0.035511 0.36544
0.46741 0.034282 0.37231
0.42454 0.033568 0.42688
0.44521 0.03336 0.49223
0.40147 0.033428 0.51499
0.40493 0.034336 0.58007
0.44919 0.033728 0.60262
0.43985 0.035366 0.61006
0.48499 0.034014 0.59917
0.49742 0.03533 0.61089
0.44053 0.037433 0.61695
0.45726 0.037852 0.62421
0.49292 0.036832 0.61953
0.50467 0.037651 0.62699
0.46184 0.037907 0.63175
0.46589 0.03765 0.64994
0.4845 0.03779 0.63475
0.49966 0.037663 0.64594
0.46354 0.037603 0.65477
0.46633 0.037525 0.67005
0.50081 0.037476 0.65527
0.4747 0.037495 0.68021
0.47249 0.037444 0.70632
0.48569 0.037429 0.68404
0.49285 0.037403 0.69784
0.47769 0.037437 0.72548
0.49286 0.037421 0.70899
0.49411 0.037424 0.72915
0.47788 0.037437 0.74686
0.47928 0.037456 0.76041
0.49524 0.037417 0.74843
0.49676 0.037448 0.76045
0.481 0.037493 0.77371
0.47168 0.037511 0.79605
0.49289 0.037514 0.80184
0.47982 0.037528 0.83071
0.49502 0.037512 0.81256
0.49276 0.037527 0.83331
0.47781 0.03755 0.84499
0.47991 0.037557 0.86128
0.48684 0.03755 0.85853
0.47662 0.037575 0.87681
0.47382 0.037574 0.88762
0.49479 0.03757 0.88199
0.4695 0.037573 0.92821
0.4915 0.037591 0.90999
0.48655 0.037557 0.93045
0.47618 0.037533 0.94483
0.47614 0.03436 0.95278
0.48759 0.037535 0.93869
0.47065 0.033935 0.4268
0.41604 0.034148 0.48878
0.4423 0.033856 0.50514
0.4619 0.033948 0.56028
0.46355 0.03612 0.39051
0.47259 0.036911 0.38196
0.4171 0.036051 0.44464
0.40213 0.035206 0.46552
0.41753 0.03693 0.43118
0.40708 0.036535 0.45204
0.47338 0.034835 0.41098
0.4282 0.034049 0.4555
0.47126 0.035965 0.39002
0.43814 0.033762 0.48726
0.41498 0.034367 0.52556
0.37007 0.037992 0.5218
0.42535 0.037249 0.58023
0.48592 0.033935 0.54734
0.452 0.035727 0.58532
0.44587 0.033877 0.5305
0.43962 0.036173 0.58992
0.42911 0.036857 0.5856
0.47455 0.036764 0.38329
0.43305 0.036353 0.42511
0.41841 0.034876 0.47112
0.44942 0.035704 0.41781
0.40975 0.035196 0.47436
0.45429 0.037434 0.39496
0.43146 0.034305 0.47502
0.46278 0.035029 0.41968
0.46093 0.034675 0.45875
0.39298 0.036564 0.53675
0.40984 0.036926 0.55408
0.38519 0.035886 0.48991
0.42933 0.034921 0.54437
0.4287 0.034243 0.49973
0.47448 0.034242 0.55823
0.45682 0.034069 0.49935
0.44165 0.034567 0.55948
0.43036 0.036827 0.58524
0.4805 0.037101 0.58727
0.45039 0.03442 0.44367
0.46513 0.034524 0.52168
0.50697 0.037568 0.045251
0.52551 0.037572 0.047173
0.52445 0.037573 0.056722
0.50574 0.037564 0.070976
0.50553 0.037564 0.087386
0.52978 0.037573 0.066948
0.5234 0.037569 0.08729
0.50017 0.037546 0.10472
0.51063 0.037551 0.11413
0.52728 0.037555 0.10643
0.52223 0.037551 0.11275
0.51429 0.037564 0.13387
0.51229 0.037569 0.1441
0.51871 0.037562 0.1326
0.52091 0.037577 0.15428
0.51031 0.03757 0.15965
0.5156 0.037556 0.17376
0.53013 0.037551 0.17048
0.5198 0.037555 0.17458
0.51569 0.037555 0.19746
0.50259 0.037552 0.20397
0.52976 0.037548 0.1936
0.53287 0.037532 0.20542
0.51344 0.037597 0.22591
0.51181 0.03762 0.239
0.52623 0.037584 0.22782
0.52259 0.03762 0.24151
0.5056 0.037677 0.2683
0.52773 0.037619 0.25617
0.52402 0.037622 0.26291
0.50625 0.037712 0.28015
0.51641 0.037743 0.29515
0.53417 0.037673 0.28022
0.53734 0.037732 0.29701
0.50523 0.037871 0.30895
0.53863 0.037827 0.31151
0.54181 0.037852 0.31854
0.49946 0.03849 0.33804
0.52807 0.038134 0.32774
0.5429 0.038083 0.34765
0.50606 0.03806 0.34366
0.50815 0.037681 0.34594
0.54732 0.037571 0.3741
0.52752 0.035602 0.36211
0.51811 0.034456 0.36806
0.54101 0.035727 0.38404
0.52 0.034375 0.42563
0.49823 0.033413 0.43892
0.51072 0.033775 0.44959
0.51942 0.033432 0.4768
0.47755 0.033378 0.52045
0.53731 0.033602 0.59053
0.57264 0.033415 0.56246
0.58358 0.034152 0.58992
0.50996 0.035843 0.61587
0.55908 0.035576 0.60154
0.55324 0.036718 0.61014
0.53731 0.037255 0.62112
0.51119 0.037829 0.63967
0.53068 0.037737 0.62807
0.5387 0.037651 0.63951
0.51153 0.037519 0.65209
0.51769 0.037394 0.66376
0.5339 0.037442 0.65714
0.53749 0.037449 0.66606
0.51159 0.037425 0.68142
0.50495 0.037403 0.69517
0.52534 0.03746 0.67789
0.53594 0.037441 0.69359
0.50376 0.037409 0.71937
0.50998 0.037423 0.73308
0.52107 0.037426 0.73397
0.50854 0.037413 0.74677
0.50964 0.037432 0.75808
0.5281 0.03743 0.73959
0.5211 0.037437 0.75945
0.5159 0.037478 0.77333
0.50622 0.0375 0.79569
0.52814 0.037482 0.78369
0.53257 0.0375 0.79624
0.50762 0.037506 0.81315
0.51298 0.037501 0.82257
0.52474 0.037501 0.81721
0.52515 0.037512 0.82683
0.51156 0.037546 0.85567
0.53261 0.037555 0.86243
0.50983 0.037571 0.87917
0.51537 0.037572 0.89332
0.53122 0.037571 0.87824
0.53192 0.037577 0.89576
0.50212 0.03759 0.91566
0.52096 0.037591 0.91237
0.50454 0.034581 0.9523
0.52826 0.037475 0.94506
0.52615 0.033417 0.9582
0.47691 0.034017 0.50212
0.51301 0.03379 0.54554
0.49179 0.034484 0.4029
0.49369 0.033954 0.47877
0.52801 0.037101 0.40542
0.47369 0.033877 0.44314
0.53216 0.035141 0.51806
0.50023 0.036885 0.4504
0.55145 0.03639 0.51972
0.51418 0.033789 0.52739
0.51051 0.034854 0.57727
0.55614 0.034164 0.56161
0.54676 0.036616 0.58218
0.57511 0.03443 0.56055
0.56982 0.035968 0.58511
0.59736 0.037938 0.55791
0.59179 0.038157 0.5759
0.52762 0.03632 0.59026
0.52138 0.036738 0.39252
0.5228 0.035882 0.39966
0.46814 0.033906 0.48006
0.49576 0.034823 0.42489
0.49177 0.034692 0.46062
0.49943 0.037127 0.45023
0.52791 0.035407 0.49643
0.50611 0.034835 0.48362
0.53161 0.034234 0.53603
0.52962 0.036008 0.56289
0.49691 0.034498 0.5117
0.52062 0.03482 0.55382
0.59259 0.037503 0.56689
0.58282 0.036921 0.5797
0.56018 0.035538 0.53928
0.47637 0.034365 0.45183
0.48703 0.034431 0.46493
0.50819 0.034525 0.51942
0.54146 0.03758 0.053934
0.56429 0.037589 0.03661
0.55986 0.037587 0.062718
0.54345 0.037574 0.091613
0.55571 0.037584 0.070762
0.55637 0.037582 0.087693
0.54368 0.037559 0.10719
0.54834 0.037565 0.12261
0.55362 0.037561 0.10657
0.55377 0.037565 0.12287
0.54436 0.037561 0.1326
0.56473 0.037565 0.13435
0.55748 0.037563 0.14524
0.54812 0.037546 0.16815
0.56735 0.03755 0.16658
0.55041 0.037521 0.19704
0.54273 0.037535 0.21209
0.56872 0.03753 0.19534
0.56366 0.037536 0.21723
0.54784 0.037545 0.22352
0.55893 0.037541 0.22281
0.57192 0.037577 0.24941
0.54924 0.037579 0.25908
0.57073 0.037576 0.26431
0.56931 0.037588 0.27137
0.54854 0.037697 0.29508
0.57361 0.037613 0.28886
0.56946 0.037625 0.29867
0.55753 0.037777 0.31265
0.55669 0.037824 0.32925
0.57057 0.037634 0.32286
0.57412 0.037593 0.34027
0.54848 0.03795 0.33258
0.55614 0.03787 0.36321
0.56767 0.03768 0.3509
0.54658 0.037723 0.3863
0.54862 0.037409 0.4034
0.54529 0.037222 0.40906
0.52719 0.035078 0.43254
0.5482 0.036668 0.43254
0.53501 0.03405 0.46119
0.55447 0.033934 0.49353
0.59219 0.033874 0.53381
0.61358 0.036133 0.53932
0.61106 0.036719 0.56823
0.59846 0.03583 0.5879
0.57552 0.03718 0.60286
0.60523 0.036834 0.58395
0.60882 0.037384 0.59312
0.57967 0.037586 0.60646
0.60543 0.037652 0.61149
0.58595 0.037775 0.61878
0.56633 0.037581 0.62655
0.54736 0.03761 0.63962
0.58295 0.037609 0.64428
0.55296 0.037574 0.65285
0.55169 0.037517 0.6714
0.57611 0.037586 0.64911
0.54376 0.037492 0.67829
0.55094 0.037477 0.70113
0.56742 0.037517 0.68192
0.55782 0.037487 0.70174
0.53847 0.037443 0.71677
0.54051 0.03745 0.73232
0.56132 0.037491 0.71013
0.54109 0.037438 0.74391
0.55435 0.037437 0.7526
0.56471 0.037466 0.76681
0.5397 0.037473 0.77413
0.54354 0.037505 0.79772
0.5652 0.037477 0.78498
0.56483 0.037519 0.80173
0.54869 0.037525 0.80887
0.54338 0.037529 0.8331
0.55539 0.037525 0.81125
0.55629 0.037528 0.82954
0.54042 0.037545 0.8512
0.55408 0.037547 0.84982
0.561 0.03756 0.86486
0.54199 0.037572 0.88864
0.55707 0.037572 0.88314
0.56497 0.037577 0.89048
0.5472 0.037593 0.90983
0.53753 0.037542 0.92982
0.55963 0.037597 0.91298
0.55573 0.037551 0.92938
0.54424 0.037493 0.94425
0.54832 0.03337 0.96
0.56387 0.037512 0.94145
0.55474 0.034155 0.95322
0.55748 0.036179 0.52487
0.5754 0.036344 0.5379
0.57719 0.037594 0.044835
0.58778 0.037599 0.040507
0.59602 0.0376 0.062342
0.57308 0.037581 0.094023
0.59015 0.037595 0.072492
0.59678 0.037591 0.093204
0.57235 0.037566 0.10927
0.57734 0.037573 0.12372
0.59544 0.037583 0.10378
0.588 0.037573 0.11515
0.58362 0.03757 0.14128
0.60069 0.037577 0.13454
0.59531 0.037574 0.15168
0.58168 0.037543 0.17041
0.57467 0.03754 0.17996
0.59064 0.037541 0.17303
0.60112 0.037539 0.17982
0.57611 0.037534 0.21319
0.59653 0.037532 0.20518
0.58141 0.037547 0.23213
0.58097 0.03757 0.24941
0.6066 0.037534 0.22953
0.59793 0.03754 0.24943
0.58802 0.037567 0.25619
0.59779 0.037535 0.2637
0.60026 0.037532 0.281
0.57935 0.037593 0.28895
0.58561 0.037547 0.30523
0.60092 0.037516 0.30135
0.59728 0.0375 0.31077
0.58287 0.037535 0.32753
0.60096 0.037407 0.34092
0.60062 0.037367 0.35521
0.57805 0.037489 0.36067
0.5691 0.03725 0.39365
0.58685 0.037307 0.38013
0.56245 0.036936 0.41434
0.56129 0.03694 0.42909
0.58518 0.037259 0.41314
0.55514 0.037121 0.44112
0.55209 0.037179 0.46095
0.55803 0.037259 0.44957
0.55786 0.037071 0.45897
0.56293 0.036508 0.48738
0.58716 0.037173 0.50532
0.56514 0.036812 0.47736
0.5901 0.037337 0.50263
0.61709 0.03743 0.53185
0.62375 0.038016 0.55045
0.61511 0.037454 0.52177
0.62807 0.038109 0.55346
0.61878 0.037727 0.56682
0.61053 0.037609 0.59899
0.62838 0.038008 0.56417
0.62304 0.037854 0.58466
0.61645 0.037922 0.61369
0.62315 0.037978 0.60943
0.62474 0.038016 0.63056
0.60589 0.037827 0.63829
0.59826 0.037689 0.64498
0.62363 0.038108 0.65131
0.5887 0.037571 0.65586
0.58141 0.037507 0.67385
0.62172 0.03791 0.66315
0.60371 0.037571 0.67375
0.58507 0.037517 0.6836
0.59587 0.03754 0.68156
0.59313 0.037535 0.69698
0.57304 0.037479 0.72878
0.59286 0.0375 0.72736
0.57385 0.037468 0.74095
0.59836 0.037464 0.75265
0.59349 0.037481 0.76838
0.57196 0.037492 0.79221
0.59279 0.037523 0.80177
0.57951 0.037529 0.80526
0.57783 0.037524 0.82237
0.59128 0.037531 0.81834
0.57882 0.037547 0.84674
0.59792 0.037557 0.84788
0.57415 0.03757 0.87395
0.59746 0.03759 0.89656
0.5743 0.037597 0.91157
0.59361 0.037599 0.90995
0.57446 0.037495 0.9473
0.57765 0.034543 0.9524
0.592 0.037527 0.94286
0.5866 0.033342 0.96329
0.61169 0.037609 0.045054
0.6141 0.037608 0.061515
0.63217 0.037616 0.042413
0.63413 0.037616 0.053314
0.61758 0.037605 0.074645
0.60575 0.037599 0.086465
0.6345 0.037607 0.079012
0.62949 0.037607 0.085126
0.61328 0.037589 0.10998
0.61203 0.037586 0.12552
0.62497 0.037597 0.10361
0.63156 0.037593 0.12273
0.60621 0.037581 0.13003
0.61833 0.03757 0.15756
0.63167 0.037584 0.13278
0.63276 0.037573 0.14722
0.61132 0.037551 0.16907
0.61885 0.037543 0.18169
0.63188 0.037561 0.1647
0.61862 0.037527 0.20301
0.61326 0.037533 0.22072
0.62831 0.03752 0.20727
0.62945 0.037518 0.21994
0.61205 0.037492 0.24467
0.62935 0.037485 0.23868
0.63231 0.037476 0.24961
0.63399 0.037452 0.27528
0.61447 0.037426 0.31733
0.62737 0.037437 0.30143
0.63131 0.037359 0.3356
0.62413 0.037346 0.3428
0.62217 0.037238 0.37287
0.59861 0.037271 0.38005
0.59438 0.037346 0.40557
0.61128 0.037207 0.38044
0.60635 0.037417 0.40455
0.57819 0.03702 0.43638
0.59303 0.036987 0.43346
0.57801 0.036808 0.44883
0.57541 0.036665 0.47257
0.58753 0.036737 0.45516
0.59231 0.036769 0.459
0.5992 0.037081 0.49524
0.60311 0.036936 0.47988
0.61818 0.037123 0.49831
0.62473 0.037459 0.51384
0.63513 0.038119 0.54496
0.63445 0.037416 0.50995
0.64153 0.037804 0.53522
0.64137 0.038068 0.55826
0.64021 0.03789 0.58145
0.65071 0.037956 0.55688
0.64723 0.037932 0.57638
0.63891 0.037896 0.59831
0.64847 0.0379 0.60781
0.63565 0.038129 0.64481
0.65032 0.037901 0.64508
0.62959 0.038141 0.66298
0.61841 0.037736 0.6751
0.63772 0.037785 0.68258
0.63854 0.037661 0.69083
0.6098 0.037558 0.70965
0.60762 0.03751 0.72723
0.62953 0.037516 0.73052
0.61204 0.037493 0.74612
0.60673 0.037474 0.75891
0.62662 0.037494 0.74942
0.62647 0.037486 0.7573
0.61079 0.037497 0.78432
0.61213 0.037505 0.79053
0.62766 0.037507 0.7842
0.63007 0.037515 0.79121
0.60463 0.03754 0.8067
0.6077 0.037556 0.83487
0.63031 0.037552 0.80959
0.63425 0.037569 0.83201
0.60839 0.037564 0.84192
0.60388 0.037561 0.85627
0.62668 0.037577 0.84599
0.62438 0.037575 0.85963
0.61121 0.037581 0.87281
0.60605 0.03759 0.89276
0.62047 0.037591 0.88112
0.63048 0.037598 0.89064
0.60876 0.037605 0.91089
0.6095 0.037587 0.92773
0.62124 0.037593 0.92914
0.61125 0.037558 0.94579
0.62331 0.037575 0.93867
0.62945 0.033338 0.96445
0.6414 0.037618 0.04664
0.65637 0.037621 0.038251
0.65839 0.037618 0.063311
0.64884 0.03761 0.078438
0.64278 0.037606 0.094694
0.66613 0.037616 0.073078
0.66904 0.037617 0.084523
0.65864 0.037606 0.10855
0.65176 0.037571 0.1577
0.66165 0.037583 0.13982
0.66327 0.037573 0.15742
0.64739 0.037559 0.16666
0.64937 0.037542 0.19019
0.66237 0.03755 0.17398
0.65898 0.037542 0.181
0.64922 0.037532 0.19716
0.64691 0.037512 0.21409
0.66865 0.037526 0.20036
0.668 0.037512 0.21665
0.64362 0.037488 0.2371
0.64986 0.037471 0.25787
0.66216 0.037445 0.26248
0.64435 0.037431 0.27649
0.64297 0.037405 0.29375
0.66912 0.037402 0.27674
0.659 0.037385 0.28781
0.64528 0.03736 0.31502
0.65719 0.037343 0.33572
0.63767 0.037343 0.34348
0.63204 0.037185 0.37592
0.6567 0.037304 0.34643
0.65316 0.037191 0.37139
0.62029 0.037274 0.40688
0.63124 0.037161 0.40206
0.6193 0.037048 0.43307
0.63344 0.037057 0.4218
0.63284 0.037049 0.43237
0.61015 0.036923 0.45196
0.62127 0.036919 0.46503
0.63616 0.037016 0.45002
0.62828 0.03702 0.48427
0.63152 0.037059 0.49111
0.64057 0.037057 0.48259
0.65185 0.037186 0.49683
0.64251 0.03731 0.50622
0.65232 0.037601 0.5268
0.66055 0.037362 0.51105
0.67413 0.037524 0.52809
0.67283 0.037722 0.55414
0.67506 0.037725 0.57228
0.66644 0.037811 0.58514
0.67078 0.037756 0.60672
0.68455 0.037751 0.60749
0.66438 0.037735 0.63938
0.68024 0.037738 0.62162
0.67079 0.03773 0.64388
0.65649 0.037886 0.65755
0.67696 0.037687 0.65706
0.65314 0.037539 0.69696
0.65891 0.037692 0.67975
0.65987 0.037561 0.69193
0.64574 0.037453 0.71261
0.64281 0.037496 0.72947
0.65952 0.037457 0.71761
0.66914 0.037495 0.72999
0.64856 0.037502 0.7402
0.64294 0.037499 0.7589
0.6623 0.03751 0.74718
0.65895 0.037503 0.75734
0.63851 0.037513 0.78227
0.64808 0.037527 0.79429
0.65686 0.037519 0.77735
0.657 0.037539 0.79821
0.6479 0.037556 0.81139
0.64452 0.037574 0.83201
0.66464 0.037569 0.81464
0.66641 0.037586 0.83336
0.64611 0.037583 0.83937
0.64564 0.037589 0.85576
0.65615 0.037594 0.8441
0.66165 0.037602 0.8651
0.64966 0.037603 0.8824
0.64954 0.037605 0.89016
0.65642 0.037606 0.8835
0.66486 0.037616 0.89538
0.64562 0.037618 0.90923
0.63801 0.037588 0.92823
0.66452 0.037622 0.9043
0.66074 0.037617 0.91975
0.63683 0.03755 0.9424
0.64251 0.033974 0.95391
0.65795 0.037538 0.94035
0.66599 0.033727 0.95499
0.68365 0.037621 0.044849
0.6858 0.037621 0.051501
0.70227 0.037623 0.040499
0.69356 0.037622 0.05886
0.70123 0.037625 0.071454
0.69985 0.037624 0.091302
0.67372 0.037614 0.10103
0.67442 0.037607 0.12217
0.67823 0.037589 0.13947
0.6806 0.037579 0.15608
0.68401 0.037562 0.1683
0.6967 0.037558 0.17292
0.68412 0.037516 0.2059
0.67526 0.03751 0.21722
0.69892 0.037506 0.21287
0.69134 0.037495 0.2261
0.67989 0.037467 0.24069
0.69094 0.03745 0.24718
0.69687 0.037447 0.25233
0.68049 0.037372 0.29181
0.69755 0.037393 0.2812
0.68973 0.037372 0.29017
0.6714 0.037332 0.33013
0.69052 0.037333 0.31852
0.68935 0.037325 0.32549
0.67673 0.037257 0.34534
0.66824 0.037205 0.36003
0.68294 0.037228 0.35434
0.67715 0.037176 0.36896
0.65883 0.037107 0.38421
0.65293 0.037051 0.39658
0.6789 0.037139 0.38699
0.67809 0.03713 0.39664
0.6598 0.037048 0.41361
0.65371 0.037055 0.43456
0.67367 0.037111 0.41339
0.6816 0.037124 0.42883
0.65707 0.03705 0.46569
0.67941 0.037102 0.44935
0.66338 0.037118 0.48055
0.67563 0.037198 0.49188
0.69016 0.037195 0.47694
0.69597 0.037296 0.49582
0.67484 0.037403 0.51217
0.68022 0.037517 0.52929
0.69895 0.037441 0.51992
0.68358 0.037564 0.53901
0.69182 0.037615 0.56679
0.70007 0.037501 0.53675
0.70863 0.037576 0.56646
0.69324 0.037732 0.6094
0.70671 0.037599 0.57863
0.7161 0.037666 0.60297
0.70055 0.037693 0.61542
0.70902 0.037669 0.62403
0.71042 0.037634 0.64131
0.6889 0.037639 0.65769
0.68657 0.037614 0.66557
0.70358 0.037627 0.65036
0.70256 0.037589 0.66526
0.67865 0.037512 0.69892
0.69605 0.037519 0.69319
0.68431 0.037518 0.71684
0.67502 0.037503 0.72834
0.69082 0.037524 0.70843
0.68058 0.037525 0.75251
0.67374 0.037528 0.76786
0.69674 0.037539 0.74451
0.70055 0.037554 0.76593
0.67698 0.03754 0.77631
0.67914 0.037554 0.79501
0.69505 0.037558 0.77513
0.68909 0.037571 0.80245
0.67479 0.037571 0.80986
0.68834 0.037577 0.80796
0.69033 0.037596 0.83051
0.68225 0.037606 0.85114
0.69614 0.037608 0.84099
0.68909 0.037616 0.86728
0.68207 0.037616 0.8733
0.69257 0.03762 0.87226
0.69299 0.037628 0.89589
0.68051 0.037631 0.90962
0.67115 0.037572 0.93135
0.69113 0.037577 0.93055
0.68204 0.037523 0.94291
0.68338 0.033341 0.96349
0.69722 0.033442 0.9578
0.71204 0.037625 0.03737
0.71103 0.037625 0.054568
0.72762 0.037628 0.042451
0.73024 0.037629 0.060596
0.71377 0.037627 0.075896
0.73119 0.037629 0.075343
0.71424 0.037619 0.10068
0.71101 0.037606 0.12572
0.72938 0.037613 0.11188
0.73334 0.037607 0.12699
0.70907 0.03758 0.15698
0.73555 0.037595 0.14627
0.73334 0.037585 0.15864
0.70974 0.037559 0.17537
0.70766 0.037539 0.19259
0.72546 0.037574 0.16766
0.73446 0.037558 0.18628
0.70958 0.037529 0.20014
0.70901 0.037504 0.21947
0.72433 0.037522 0.20866
0.71566 0.037468 0.24686
0.73392 0.037464 0.25398
0.71795 0.037429 0.27096
0.71635 0.037394 0.29285
0.70311 0.037362 0.31037
0.70831 0.037321 0.3334
0.72972 0.037373 0.31077
0.71611 0.03732 0.33443
0.70881 0.037299 0.34021
0.7054 0.037234 0.36388
0.72114 0.037316 0.34043
0.72447 0.037286 0.36258
0.705 0.037187 0.38289
0.69204 0.037164 0.39471
0.71558 0.037236 0.37472
0.70948 0.037188 0.398
0.6966 0.037158 0.4168
0.72082 0.037248 0.406
0.7103 0.0372 0.42387
0.70104 0.037152 0.43792
0.69501 0.037164 0.46225
0.71888 0.037256 0.44312
0.71569 0.037249 0.45857
0.70378 0.037201 0.47016
0.7071 0.03726 0.48844
0.71131 0.037231 0.46781
0.7214 0.037325 0.48962
0.72149 0.037371 0.50572
0.72954 0.037417 0.51923
0.71735 0.03751 0.54545
0.73432 0.037473 0.54339
0.74124 0.037513 0.56446
0.72965 0.037619 0.60272
0.74257 0.037535 0.57759
0.73826 0.037577 0.58938
0.7242 0.037626 0.63712
0.73502 0.037642 0.61181
0.74115 0.037628 0.63791
0.7216 0.037603 0.65494
0.72501 0.037586 0.66169
0.73403 0.037608 0.65022
0.73518 0.037596 0.66903
0.7194 0.037548 0.68881
0.71433 0.037545 0.69739
0.73107 0.037579 0.68064
0.7337 0.037569 0.69471
0.72023 0.037556 0.71653
0.70774 0.037545 0.72922
0.72473 0.037558 0.72561
0.71112 0.037555 0.7456
0.71038 0.037558 0.7598
0.73231 0.037571 0.7435
0.72807 0.037571 0.76215
0.7146 0.037583 0.77922
0.70534 0.03758 0.79517
0.72647 0.03759 0.7783
0.71468 0.037602 0.81789
0.7053 0.037604 0.82946
0.72739 0.037605 0.80671
0.71749 0.03762 0.83897
0.70513 0.037623 0.86127
0.7239 0.037623 0.83922
0.71204 0.037632 0.88291
0.706 0.03763 0.8875
0.72222 0.037636 0.87441
0.73424 0.037648 0.89736
0.70489 0.037641 0.91016
0.71613 0.037639 0.91931
0.73248 0.037652 0.9068
0.71158 0.033375 0.95988
0.73368 0.037545 0.94088
0.74153 0.037631 0.043446
0.74419 0.037631 0.057178
0.76377 0.037633 0.058513
0.75869 0.037631 0.076902
0.7565 0.037628 0.090739
0.76708 0.037624 0.10427
0.75719 0.037619 0.1176
0.74567 0.037598 0.1457
0.74189 0.037594 0.15146
0.75868 0.037608 0.13391
0.76652 0.03759 0.15745
0.74308 0.037574 0.17072
0.74842 0.03755 0.19413
0.75863 0.037567 0.17777
0.75702 0.037552 0.19256
0.75174 0.037533 0.20594
0.74567 0.037502 0.23077
0.76287 0.037518 0.22485
0.74479 0.037482 0.24449
0.76679 0.037506 0.23551
0.74846 0.037446 0.26987
0.73682 0.037413 0.28696
0.76234 0.037452 0.27336
0.73854 0.037362 0.32956
0.75278 0.037401 0.30407
0.75414 0.037383 0.32584
0.73494 0.037341 0.34195
0.7324 0.0373 0.36736
0.75357 0.037352 0.34721
0.75701 0.037345 0.3586
0.7415 0.037282 0.38118
0.73658 0.037272 0.38953
0.75927 0.037331 0.37684
0.74872 0.037289 0.39126
0.73368 0.037272 0.40431
0.73215 0.037274 0.4303
0.75459 0.037304 0.41244
0.72931 0.037279 0.44231
0.73108 0.037297 0.46061
0.75236 0.037301 0.44258
0.75645 0.037316 0.45301
0.74239 0.0373 0.4673
0.73538 0.037332 0.48587
0.76057 0.03735 0.4728
0.76 0.037358 0.483
0.76069 0.037392 0.50499
0.75706 0.037418 0.52743
0.74566 0.03746 0.54182
0.74832 0.037495 0.56079
0.76175 0.03745 0.5383
0.77131 0.037488 0.55424
0.75775 0.037509 0.58208
0.76403 0.037544 0.60003
0.76946 0.037553 0.60661
0.74865 0.037626 0.65088
0.74862 0.03762 0.66719
0.76823 0.037607 0.64981
0.75172 0.03762 0.68101
0.74819 0.037599 0.70004
0.76897 0.037605 0.68782
0.7512 0.037603 0.71881
0.74758 0.03759 0.7374
0.74691 0.037581 0.75446
0.74377 0.037581 0.75876
0.76213 0.037597 0.7612
0.74856 0.037608 0.7794
0.74734 0.037616 0.79781
0.75728 0.037606 0.7747
0.75154 0.037625 0.81749
0.7509 0.037633 0.83484
0.7592 0.037626 0.80872
0.76491 0.037633 0.82653
0.74142 0.03764 0.86161
0.7592 0.037644 0.8497
0.74628 0.037645 0.87085
0.7422 0.037652 0.89917
0.75883 0.037651 0.87981
0.75817 0.037656 0.89438
0.74899 0.037657 0.90341
0.76437 0.037666 0.91027
0.75698 0.037617 0.92956
0.73939 0.037557 0.93981
0.74114 0.033442 0.95785
0.76583 0.033361 0.9608
0.77513 0.037634 0.043881
0.78345 0.037634 0.052368
0.79777 0.037637 0.04739
0.80072 0.037637 0.063191
0.77887 0.037634 0.068507
0.79302 0.037633 0.090096
0.78383 0.037621 0.11328
0.78293 0.037612 0.12879
0.79438 0.037624 0.10995
0.79804 0.037618 0.12418
0.78393 0.037602 0.14357
0.78124 0.037593 0.15685
0.79069 0.037609 0.13655
0.7919 0.037593 0.16148
0.78119 0.037575 0.17697
0.80009 0.037593 0.16782
0.78889 0.037563 0.19541
0.7802 0.037547 0.2066
0.78255 0.037526 0.22802
0.79577 0.037552 0.21135
0.79148 0.037533 0.22693
0.77374 0.037507 0.23796
0.77244 0.037474 0.2639
0.79092 0.037521 0.23664
0.79079 0.037502 0.2547
0.79269 0.037481 0.27651
0.76778 0.037416 0.31477
0.77319 0.037412 0.33001
0.7976 0.037461 0.30203
0.78525 0.037423 0.32391
0.77309 0.037391 0.34652
0.77123 0.037372 0.36246
0.7837 0.037403 0.33896
0.78243 0.037382 0.35829
0.77345 0.037358 0.37748
0.77691 0.037346 0.39332
0.79142 0.037386 0.37556
0.79171 0.037379 0.39372
0.77502 0.037339 0.40779
0.77131 0.037334 0.42252
0.78328 0.037355 0.405
0.78829 0.037367 0.42769
0.7709 0.037341 0.44291
0.78663 0.037366 0.44534
0.78429 0.03736 0.44973
0.76805 0.037357 0.46944
0.77514 0.037372 0.48502
0.78793 0.03738 0.46781
0.79726 0.037424 0.48994
0.78197 0.037404 0.50981
0.79122 0.037418 0.50638
0.79996 0.037466 0.52788
0.77683 0.037493 0.55817
0.79522 0.037462 0.5334
0.79963 0.037496 0.56128
0.7846 0.0375 0.57872
0.78252 0.037518 0.58978
0.79835 0.037501 0.57737
0.78889 0.037523 0.60439
0.79659 0.037523 0.60646
0.77936 0.037598 0.64317
0.77859 0.037604 0.66342
0.80129 0.037588 0.64814
0.79585 0.037593 0.66924
0.77872 0.037602 0.68765
0.78038 0.037601 0.6957
0.8011 0.037602 0.68523
0.80052 0.037602 0.69041
0.78411 0.037602 0.71474
0.77372 0.037606 0.73589
0.79024 0.037611 0.73677
0.78017 0.037612 0.74535
0.78335 0.037618 0.76741
0.80046 0.037623 0.74509
0.7981 0.037643 0.79714
0.77352 0.037634 0.81826
0.77973 0.037643 0.83282
0.79002 0.037641 0.80871
0.80003 0.037653 0.83268
0.77863 0.037652 0.85495
0.79008 0.037653 0.84402
0.78028 0.037661 0.87863
0.77404 0.037663 0.89648
0.79751 0.037671 0.89325
0.77924 0.037625 0.93158
0.79371 0.037676 0.91385
0.78356 0.037576 0.94807
0.77469 0.033343 0.9631
0.79297 0.03759 0.94167
0.79808 0.03357 0.95623
0.80514 0.037638 0.046687
0.80578 0.037639 0.053996
0.83078 0.037642 0.046871
0.8332 0.037642 0.052087
0.80518 0.037637 0.076807
0.80673 0.037634 0.092052
0.82996 0.037639 0.072762
0.82297 0.037636 0.089329
0.81186 0.03763 0.10431
0.81058 0.037624 0.12213
0.82197 0.03763 0.10728
0.82889 0.037627 0.12447
0.82889 0.037622 0.13953
0.82135 0.037599 0.17348
0.82122 0.037591 0.18529
0.81184 0.037569 0.20616
0.8049 0.03755 0.22182
0.83245 0.037575 0.21201
0.82879 0.037565 0.22205
0.8056 0.037536 0.23746
0.8084 0.037521 0.25793
0.82986 0.037535 0.2576
0.81575 0.037502 0.28094
0.81059 0.037494 0.28993
0.8314 0.037517 0.27758
0.82404 0.037496 0.29334
0.81403 0.037477 0.30276
0.8078 0.037452 0.31924
0.82548 0.037486 0.30399
0.81778 0.037453 0.32817
0.80434 0.037428 0.34391
0.80887 0.037428 0.3534
0.81843 0.037442 0.34592
0.80304 0.03741 0.37792
0.80162 0.037402 0.39628
0.82681 0.037438 0.37756
0.80192 0.037403 0.40844
0.80265 0.037408 0.42663
0.82072 0.037421 0.42156
0.80349 0.037412 0.44048
0.81331 0.037414 0.45218
0.82781 0.037432 0.43737
0.80614 0.037428 0.46977
0.80276 0.037439 0.49007
0.80419 0.037456 0.50931
0.81456 0.037461 0.51859
0.82614 0.037466 0.51886
0.81388 0.037502 0.5542
0.82332 0.037493 0.55028
0.81622 0.037527 0.5984
0.83513 0.037531 0.57772
0.83077 0.037535 0.59551
0.81886 0.037527 0.61478
0.82002 0.037547 0.63043
0.83294 0.037541 0.60905
0.82713 0.037544 0.62689
0.81301 0.037588 0.64959
0.81345 0.03759 0.65658
0.82744 0.037558 0.63836
0.81833 0.037598 0.67244
0.81075 0.037615 0.70242
0.82883 0.03761 0.69031
0.81293 0.037621 0.71386
0.82721 0.037621 0.71237
0.80914 0.037627 0.74021
0.80966 0.037637 0.76545
0.83499 0.037639 0.74381
0.83531 0.037645 0.75871
0.80652 0.03764 0.77838
0.80991 0.037649 0.79931
0.83377 0.037652 0.78158
0.82743 0.037653 0.79597
0.81249 0.037654 0.80858
0.82665 0.037665 0.82887
0.80645 0.037662 0.84868
0.81278 0.037667 0.86121
0.83149 0.03767 0.84455
0.83096 0.037674 0.86341
0.81657 0.037672 0.87335
0.80609 0.037673 0.89191
0.82802 0.037678 0.88195
0.80774 0.037678 0.90681
0.80675 0.037662 0.92177
0.82045 0.037681 0.90796
0.80672 0.037591 0.93813
0.81435 0.033356 0.96118
0.8289 0.037551 0.9481
0.8226 0.033341 0.96341
0.84382 0.037643 0.044617
0.84077 0.037642 0.054661
0.86268 0.037644 0.044779
0.84673 0.037638 0.078655
0.85019 0.037637 0.090712
0.85356 0.037638 0.073883
0.85535 0.037637 0.088996
0.85695 0.037637 0.10736
0.85629 0.037628 0.13066
0.84124 0.037619 0.14536
0.8479 0.037612 0.15761
0.86031 0.037622 0.14088
0.85427 0.037615 0.15095
0.83885 0.037599 0.17964
0.84122 0.037594 0.19043
0.8581 0.037604 0.17965
0.86583 0.037598 0.19456
0.84991 0.037585 0.20711
0.83788 0.037564 0.22781
0.86113 0.037588 0.20904
0.85311 0.037569 0.22914
0.84783 0.037556 0.24323
0.8574 0.037561 0.24368
0.85934 0.037556 0.25425
0.85575 0.03754 0.2727
0.85745 0.037526 0.2931
0.84168 0.037498 0.31272
0.8349 0.037482 0.3221
0.85967 0.03752 0.30511
0.85429 0.037506 0.31766
0.83863 0.037471 0.35185
0.85547 0.037495 0.3396
0.86329 0.037492 0.3581
0.84164 0.037461 0.37739
0.85093 0.037468 0.37576
0.85987 0.037474 0.38811
0.84547 0.037456 0.40716
0.84684 0.037453 0.42
0.85131 0.037461 0.40201
0.86081 0.03747 0.42718
0.83932 0.03745 0.43859
0.83402 0.037443 0.45361
0.85375 0.037459 0.44274
0.85916 0.037467 0.45725
0.83788 0.037453 0.47403
0.84311 0.037463 0.48836
0.84312 0.037479 0.50992
0.85033 0.037492 0.52859
0.86599 0.037506 0.51954
0.84703 0.037502 0.53911
0.84872 0.037514 0.55481
0.86481 0.037516 0.53976
0.86265 0.03752 0.5528
0.85114 0.03753 0.57486
0.84428 0.037552 0.59499
0.86488 0.037536 0.57358
0.85769 0.037544 0.5907
0.85258 0.037571 0.62159
0.86231 0.037558 0.60239
0.85706 0.037576 0.6324
0.85173 0.03759 0.66191
0.86671 0.037586 0.64066
0.86073 0.037596 0.66541
0.85041 0.0376 0.68228
0.84177 0.037609 0.69194
0.86266 0.037602 0.67428
0.86494 0.03762 0.69967
0.8428 0.037621 0.71031
0.84894 0.037633 0.72834
0.85694 0.037617 0.70654
0.85737 0.037634 0.73106
0.84625 0.03764 0.74121
0.84325 0.037651 0.7674
0.85858 0.037652 0.76301
0.83948 0.03766 0.79777
0.8621 0.037658 0.77373
0.86603 0.037666 0.79274
0.84258 0.037668 0.81735
0.86456 0.03767 0.80706
0.86138 0.037673 0.82437
0.84434 0.037674 0.84469
0.86097 0.037677 0.84046
0.8619 0.037681 0.85783
0.84662 0.037685 0.87647
0.84214 0.037686 0.89712
0.86051 0.037686 0.8707
0.84547 0.037682 0.91884
0.86414 0.037691 0.90562
0.85569 0.037675 0.92184
0.84988 0.037628 0.93568
0.84303 0.033367 0.96043
0.86301 0.037641 0.93523
0.86129 0.033341 0.96354
0.87026 0.037644 0.039064
0.87199 0.037643 0.060804
0.88661 0.037646 0.039867
0.88807 0.037646 0.051763
0.88149 0.037641 0.076083
0.88204 0.037639 0.091597
0.89645 0.037644 0.078159
0.89069 0.037642 0.085515
0.88137 0.037637 0.10817
0.88213 0.037632 0.12678
0.89046 0.037636 0.11792
0.87531 0.037627 0.13701
0.88249 0.037621 0.15704
0.8939 0.037627 0.14663
0.8891 0.037621 0.16075
0.87669 0.037605 0.18954
0.89315 0.037619 0.16829
0.89718 0.037612 0.1881
0.87192 0.037596 0.20247
0.87722 0.03759 0.21817
0.89062 0.037599 0.20943
0.88646 0.037593 0.22063
0.8696 0.037576 0.23593
0.87221 0.037553 0.27335
0.87409 0.037544 0.28846
0.89725 0.037569 0.26757
0.88977 0.037552 0.2905
0.86975 0.037525 0.31329
0.87952 0.037532 0.32123
0.88665 0.037544 0.30159
0.88546 0.037535 0.31808
0.87632 0.037515 0.34334
0.89248 0.037528 0.33781
0.89745 0.037523 0.35131
0.87635 0.037499 0.37822
0.86879 0.037486 0.386
0.89111 0.037512 0.37029
0.89411 0.037508 0.39094
0.8713 0.037487 0.40587
0.87369 0.037488 0.41838
0.89531 0.037506 0.41163
0.89077 0.0375 0.4174
0.88073 0.037492 0.43986
0.88512 0.037493 0.44988
0.88052 0.037499 0.47874
0.87895 0.037508 0.49364
0.88571 0.037507 0.49189
0.87008 0.037503 0.50352
0.87834 0.037528 0.52849
0.88921 0.037522 0.51163
0.8912 0.03753 0.52457
0.87498 0.037529 0.53864
0.89104 0.037535 0.53679
0.89554 0.037545 0.5512
0.88063 0.037549 0.57359
0.87873 0.037564 0.59673
0.89274 0.037552 0.57403
0.8899 0.037565 0.59757
0.87789 0.03757 0.6052
0.88326 0.037587 0.63126
0.88961 0.037573 0.60882
0.88918 0.037584 0.62632
0.88158 0.037599 0.64932
0.89061 0.037598 0.64697
0.89365 0.037609 0.65932
0.87421 0.037614 0.67589
0.89964 0.037636 0.69848
0.87346 0.037637 0.71436
0.88195 0.037649 0.73152
0.89638 0.03764 0.70495
0.89175 0.037647 0.72407
0.87483 0.037651 0.74677
0.8733 0.037658 0.76634
0.88851 0.037653 0.74456
0.89874 0.037661 0.76525
0.87558 0.037665 0.78162
0.87954 0.037671 0.7983
0.89111 0.037668 0.78906
0.87249 0.037675 0.81654
0.87848 0.037678 0.82555
0.89007 0.037674 0.8057
0.87766 0.037681 0.84112
0.8822 0.037688 0.8641
0.89524 0.037682 0.84012
0.88707 0.037686 0.85922
0.87533 0.037693 0.89134
0.89267 0.037691 0.87016
0.89559 0.037695 0.88994
0.88059 0.037695 0.90356
0.88176 0.03767 0.92888
0.89361 0.037695 0.90997
0.89708 0.037658 0.93045
0.8729 0.037635 0.94075
0.89843 0.033358 0.96108
0.90547 0.037649 0.037493
0.91232 0.03765 0.054056
0.92249 0.03763 0.038799
0.91534 0.037648 0.075178
0.90419 0.037644 0.090106
0.92876 0.037604 0.094308
0.91174 0.037641 0.10849
0.90993 0.037636 0.12884
0.92126 0.037629 0.10336
0.92374 0.037619 0.11779
0.90599 0.037634 0.13418
0.90839 0.037627 0.15801
0.92227 0.037617 0.13861
0.91382 0.037617 0.18728
0.92784 0.037596 0.17079
0.93052 0.037573 0.19546
0.91469 0.037608 0.2045
0.91223 0.037598 0.22154
0.92693 0.037568 0.20848
0.91883 0.037589 0.22551
0.90821 0.037584 0.24563
0.92749 0.037557 0.24207
0.92145 0.037568 0.25525
0.9081 0.037572 0.26923
0.93089 0.037532 0.27877
0.92992 0.037528 0.29303
0.91087 0.037547 0.32457
0.92278 0.037543 0.30147
0.92151 0.037538 0.32133
0.90308 0.037536 0.3354
0.90584 0.037527 0.36045
0.92833 0.03752 0.33612
0.91838 0.037531 0.35467
0.90465 0.037523 0.37085
0.90941 0.037523 0.38984
0.92365 0.037496 0.39433
0.92355 0.037494 0.40213
0.92933 0.037473 0.42919
0.90396 0.037512 0.45376
0.92572 0.037486 0.43408
0.90646 0.037523 0.47926
0.9039 0.037528 0.49506
0.92612 0.037488 0.47122
0.92353 0.037501 0.48521
0.91061 0.037539 0.5028
0.91179 0.037548 0.52272
0.92754 0.037505 0.51196
0.92503 0.037516 0.51907
0.92368 0.037528 0.53773
0.92575 0.037531 0.55458
0.91502 0.037584 0.59623
0.92541 0.03756 0.57557
0.92915 0.037573 0.59566
0.91083 0.037589 0.60555
0.90594 0.037597 0.62297
0.92254 0.037586 0.60662
0.92415 0.037591 0.61918
0.90452 0.037608 0.64449
0.93227 0.037563 0.6482
0.92323 0.037602 0.66418
0.9137 0.037628 0.68904
0.92497 0.037596 0.68216
0.92815 0.037587 0.69701
0.91293 0.03764 0.70602
0.92278 0.037617 0.71006
0.90995 0.037655 0.74223
0.91326 0.037661 0.76144
0.91998 0.037641 0.73826
0.91937 0.037654 0.76655
0.91447 0.037664 0.77363
0.91348 0.037669 0.79005
0.9259 0.037639 0.77774
0.9266 0.037641 0.79722
0.90508 0.037677 0.81721
0.91233 0.037678 0.82358
0.92106 0.037659 0.80466
0.91875 0.037672 0.82739
0.90624 0.037685 0.84654
0.90662 0.03769 0.86306
0.92353 0.037652 0.83726
0.91924 0.037681 0.86256
0.91201 0.037694 0.87385
0.91926 0.037685 0.8725
0.93062 0.037651 0.88996
0.90767 0.037695 0.91006
0.90883 0.037654 0.92895
0.92067 0.037681 0.90908
0.92861 0.037615 0.92504
0.90733 0.037615 0.94095
0.91335 0.033393 0.95917
0.91912 0.037599 0.93945
0.92429 0.033366 0.96043
0.93774 0.037572 0.042129
0.93799 0.037571 0.05461
0.95401 0.034 0.037251
0.95745 0.033467 0.061184
0.93497 0.037581 0.074483
0.95992 0.033375 0.087317
0.94679 0.037546 0.10567
0.95911 0.033394 0.12712
0.9466 0.037534 0.14468
0.94311 0.037546 0.15503
0.95836 0.03342 0.14026
0.95174 0.035216 0.15732
0.93615 0.037575 0.17082
0.94589 0.037531 0.1943
0.95488 0.03376 0.19573
0.93961 0.03753 0.20421
0.93963 0.037517 0.22692
0.96316 0.033342 0.21283
0.9609 0.033359 0.21983
0.94034 0.037526 0.24561
0.94645 0.037511 0.25103
0.9608 0.03336 0.23542
0.95221 0.034717 0.26212
0.94305 0.037507 0.26948
0.93947 0.037506 0.28645
0.95942 0.033383 0.27378
0.94094 0.037496 0.3004
0.94037 0.037496 0.32839
0.95444 0.033806 0.30001
0.96431 0.033338 0.32268
0.94492 0.037491 0.34033
0.94237 0.037487 0.35501
0.95828 0.033412 0.35781
0.93925 0.037474 0.36625
0.9465 0.037418 0.39552
0.96408 0.033339 0.37753
0.95137 0.035045 0.39429
0.94476 0.03742 0.40507
0.96331 0.033341 0.408
0.95584 0.03356 0.42674
0.94031 0.037446 0.44305
0.94454 0.037435 0.44992
0.95281 0.034222 0.4337
0.95936 0.03338 0.45092
0.9382 0.037444 0.47097
0.96339 0.033341 0.47779
0.95459 0.033736 0.49366
0.94536 0.03744 0.50754
0.94141 0.037459 0.52107
0.95234 0.034476 0.51062
0.95943 0.03338 0.52578
0.93627 0.037491 0.55383
0.96423 0.033339 0.53828
0.95815 0.03342 0.55657
0.94315 0.03756 0.59358
0.94012 0.037563 0.61284
0.94034 0.037557 0.62188
0.95951 0.033383 0.6272
0.94383 0.037528 0.63911
0.96118 0.033356 0.6369
0.96351 0.033341 0.65944
0.94824 0.037508 0.67729
0.95985 0.033376 0.67545
0.95904 0.033395 0.69658
0.94039 0.037532 0.71487
0.93942 0.037539 0.72594
0.95397 0.03399 0.71665
0.95466 0.033811 0.72184
0.94325 0.037537 0.75705
0.95536 0.033682 0.74836
0.95953 0.033383 0.75728
0.94096 0.037599 0.78072
0.94098 0.037592 0.80043
0.9575 0.033464 0.78876
0.93944 0.037592 0.80548
0.95395 0.034015 0.81361
0.95891 0.0334 0.83186
0.9379 0.037583 0.84722
0.96489 0.033337 0.85818
0.94254 0.037615 0.88679
0.95936 0.033388 0.87127
0.93762 0.037588 0.92229
0.95621 0.033572 0.90822
0.96455 0.033338 0.92083
0.93852 0.037534 0.93669
0.94211 0.033419 0.95837
0.95917 0.033392 0.94266
0.95414 0.033337 0.96277
