2635
1 1 1
0.034982 0.037642 0.044817
0.041029 0.037642 0.054119
0.062419 0.037643 0.035659
0.058447 0.037643 0.051356
0.046142 0.037643 0.06876
0.043604 0.037644 0.092974
0.059818 0.037644 0.080456
0.056277 0.037644 0.096633
0.038573 0.037643 0.11012
0.041271 0.037645 0.12002
0.063374 0.037642 0.10685
0.062871 0.03765 0.14232
0.040421 0.03764 0.18781
0.058394 0.037641 0.17781
0.061177 0.037641 0.19334
0.036165 0.037641 0.1981
0.040394 0.037641 0.22377
0.053331 0.037641 0.20312
0.05643 0.037642 0.21639
0.047832 0.037641 0.23273
0.042337 0.037641 0.25375
0.052966 0.037641 0.23903
0.061761 0.037641 0.25356
0.047312 0.037642 0.26551
0.046472 0.037644 0.28243
0.055788 0.037643 0.27444
0.063312 0.037644 0.2831
0.062094 0.037649 0.30392
0.057656 0.03765 0.31892
0.045184 0.037651 0.34005
0.062291 0.037651 0.34862
0.046173 0.03765 0.36993
0.045172 0.037652 0.38333
0.060746 0.037652 0.36782
0.056036 0.037656 0.3896
0.044527 0.037657 0.40026
0.037556 0.037662 0.41977
0.060387 0.037661 0.40304
0.054044 0.037664 0.41457
0.042307 0.037664 0.44305
0.058956 0.037668 0.44078
0.058091 0.037669 0.45713
0.041691 0.037666 0.47081
0.043522 0.037666 0.48585
0.051926 0.037669 0.47053
0.057508 0.037668 0.48952
0.038328 0.037655 0.50609
0.038025 0.03765 0.52767
0.054299 0.037658 0.50811
0.058543 0.037655 0.5267
0.04515 0.037648 0.53943
0.042869 0.03765 0.56568
0.060478 0.037654 0.53789
0.059156 0.037653 0.55908
0.037018 0.037652 0.57708
0.035894 0.037655 0.5999
0.051266 0.037654 0.57564
0.053195 0.037657 0.59614
0.043478 0.037655 0.60478
0.036217 0.037654 0.63233
0.051187 0.037657 0.61092
0.057143 0.037659 0.62385
0.051246 0.037652 0.65194
0.053219 0.037655 0.664
0.047335 0.037654 0.6759
0.052328 0.037656 0.67409
0.057885 0.037658 0.69177
0.035992 0.03765 0.73293
0.059728 0.037652 0.71622
0.051581 0.037651 0.72566
0.043435 0.03765 0.74912
0.037041 0.037651 0.76454
0.058877 0.037651 0.7459
0.051931 0.037651 0.76267
0.040783 0.037651 0.77498
0.037218 0.037651 0.80102
0.058069 0.037652 0.78336
0.056158 0.037651 0.793
0.039739 0.037651 0.82733
0.052777 0.037651 0.81555
0.05836 0.037651 0.83268
0.038044 0.037652 0.84409
0.035023 0.03765 0.86264
0.053679 0.037651 0.83853
0.056031 0.03765 0.86062
0.03558 0.037649 0.87225
0.045123 0.037651 0.89327
0.058005 0.037648 0.87951
0.056495 0.037649 0.88954
0.041928 0.037659 0.91248
0.037085 0.033386 0.95628
0.058616 0.037548 0.94492
0.061078 0.033549 0.95428
0.079256 0.037643 0.045214
0.075136 0.037643 0.059535
0.078156 0.037642 0.088002
0.094335 0.037641 0.073715
0.091674 0.037641 0.087961
0.071275 0.037642 0.10597
0.072348 0.037644 0.12869
0.085206 0.03764 0.10841
0.089412 0.03764 0.12181
0.069862 0.037647 0.13951
0.089531 0.037642 0.13589
0.092904 0.037642 0.15719
0.071982 0.037641 0.17501
0.068009 0.03764 0.18981
0.094381 0.037639 0.17482
0.094889 0.037639 0.18995
0.077263 0.037641 0.20465
0.07592 0.037641 0.22144
0.088795 0.037641 0.20972
0.097088 0.03764 0.22528
0.069686 0.03764 0.24242
0.072262 0.03764 0.24879
0.085542 0.03764 0.24299
0.089925 0.037641 0.25112
0.076024 0.037643 0.27149
0.075073 0.037645 0.2887
0.095552 0.037643 0.2715
0.068172 0.037648 0.3052
0.068539 0.037649 0.32414
0.092813 0.037645 0.30368
0.090692 0.037648 0.32468
0.071329 0.03765 0.34311
0.089702 0.037651 0.33898
0.088369 0.037654 0.35386
0.075711 0.037653 0.3768
0.091344 0.037657 0.37014
0.09496 0.037659 0.38185
0.069113 0.037664 0.40829
0.073064 0.037668 0.42162
0.092808 0.037674 0.41043
0.08593 0.037676 0.41708
0.068784 0.037671 0.44385
0.083262 0.037676 0.43569
0.084442 0.03768 0.45485
0.073472 0.037673 0.47295
0.077498 0.037674 0.48361
0.089247 0.037683 0.47882
0.088405 0.037681 0.48983
0.068588 0.037665 0.50165
0.084418 0.03767 0.51896
0.076419 0.037659 0.536
0.071461 0.037656 0.56463
0.081718 0.03766 0.56228
0.073287 0.037657 0.57086
0.068992 0.03766 0.59983
0.08473 0.037665 0.57116
0.087462 0.037667 0.59518
0.07377 0.037663 0.62983
0.089074 0.037668 0.61298
0.09406 0.037666 0.62247
0.072525 0.037661 0.64296
0.092019 0.037663 0.6662
0.067932 0.037661 0.68279
0.085485 0.037666 0.6752
0.088685 0.037662 0.69481
0.076065 0.037654 0.71265
0.067534 0.037651 0.73352
0.090744 0.037654 0.72514
0.070979 0.03765 0.74609
0.075944 0.03765 0.75833
0.087911 0.037652 0.74219
0.084962 0.037651 0.76307
0.071311 0.037651 0.77415
0.072944 0.037651 0.79977
0.094078 0.037651 0.78556
0.072308 0.037649 0.81655
0.080153 0.037648 0.82394
0.09288 0.037649 0.80746
0.090046 0.037649 0.83279
0.074638 0.037651 0.84271
0.074526 0.037649 0.86196
0.089857 0.037648 0.86573
0.076652 0.037645 0.88287
0.088427 0.037646 0.87397
0.085193 0.037646 0.89051
0.071372 0.037654 0.9099
0.076935 0.037631 0.93096
0.088942 0.03765 0.90288
0.071363 0.037604 0.9387
0.085962 0.037619 0.94737
0.11068 0.037638 0.039031
0.10609 0.037639 0.05739
0.12674 0.037636 0.037885
0.12219 0.037636 0.052237
0.10288 0.03764 0.068374
0.10733 0.03764 0.094308
0.12447 0.037637 0.096539
0.10576 0.037638 0.11025
0.11398 0.037637 0.12859
0.12545 0.037635 0.11824
0.10781 0.037639 0.14098
0.10287 0.03764 0.15559
0.12703 0.037637 0.15565
0.10797 0.037637 0.17245
0.10671 0.037637 0.18713
0.12793 0.037636 0.16664
0.1192 0.037637 0.19327
0.11321 0.037638 0.21627
0.1181 0.037637 0.20049
0.11728 0.037639 0.22664
0.10604 0.037639 0.23772
0.10096 0.03764 0.25535
0.12111 0.03764 0.23698
0.10685 0.037641 0.2728
0.10653 0.037641 0.28542
0.12076 0.03764 0.27642
0.12889 0.037639 0.28297
0.10699 0.03764 0.30287
0.10759 0.037643 0.32518
0.1284 0.037641 0.30832
0.11687 0.03764 0.31697
0.10434 0.037646 0.33292
0.10529 0.037652 0.3574
0.11595 0.037651 0.35238
0.099483 0.037655 0.36439
0.11637 0.03766 0.36873
0.12209 0.037678 0.3924
0.10254 0.037668 0.39712
0.10199 0.037679 0.42412
0.11284 0.037682 0.42431
0.098144 0.037682 0.43657
0.099022 0.037685 0.44857
0.11327 0.03769 0.4431
0.11493 0.037695 0.45564
0.098236 0.037685 0.46949
0.10627 0.037684 0.48616
0.1159 0.037697 0.4708
0.12143 0.037703 0.48812
0.1025 0.037677 0.50247
0.097977 0.037672 0.52463
0.11815 0.037684 0.5249
0.10385 0.037674 0.53746
0.099571 0.037673 0.55933
0.12014 0.037688 0.54284
0.097782 0.037671 0.58237
0.099985 0.03767 0.59556
0.11706 0.037683 0.57602
0.11867 0.037675 0.60144
0.10787 0.037663 0.61726
0.10806 0.03766 0.62723
0.12458 0.037662 0.63252
0.10529 0.037657 0.6463
0.10499 0.037656 0.65932
0.11831 0.037659 0.64095
0.11551 0.037653 0.66807
0.10398 0.037657 0.68462
0.12109 0.037655 0.68438
0.10717 0.037657 0.72974
0.12598 0.037655 0.70817
0.12748 0.037653 0.73551
0.1016 0.037654 0.74064
0.10568 0.03765 0.75697
0.12019 0.037649 0.76516
0.10725 0.037648 0.77609
0.12808 0.037643 0.78003
0.11787 0.037645 0.7921
0.10909 0.037648 0.83043
0.11791 0.037647 0.80591
0.12127 0.037647 0.83436
0.11045 0.037648 0.84023
0.12634 0.037644 0.8435
0.12617 0.037642 0.85698
0.1088 0.037644 0.87655
0.11252 0.037644 0.89294
0.12893 0.037642 0.88324
0.12246 0.037644 0.89774
0.1035 0.037649 0.91002
0.12179 0.037646 0.91227
0.12023 0.037622 0.92545
0.1051 0.037604 0.9385
0.12997 0.037549 0.94646
0.12834 0.033333 0.96457
0.142 0.037634 0.039786
0.15746 0.037631 0.035266
0.15908 0.037631 0.053337
0.13464 0.037636 0.076223
0.13995 0.037633 0.095377
0.1528 0.037632 0.071954
0.15712 0.03763 0.090494
0.13953 0.037631 0.10641
0.14112 0.03763 0.11774
0.15168 0.037628 0.11104
0.15595 0.037627 0.1166
0.13453 0.037635 0.13768
0.1355 0.037636 0.15929
0.16009 0.037632 0.15289
0.13403 0.037634 0.17803
0.15794 0.037632 0.17252
0.15666 0.037632 0.18409
0.13646 0.037635 0.2051
0.14233 0.037636 0.22485
0.15941 0.037632 0.20635
0.13544 0.037637 0.23741
0.14534 0.037637 0.25265
0.15127 0.037636 0.23045
0.15881 0.037636 0.25868
0.13782 0.037637 0.26684
0.13707 0.037638 0.28864
0.15601 0.037636 0.26655
0.15256 0.037638 0.28533
0.14466 0.037639 0.30244
0.13251 0.037641 0.31331
0.15799 0.037643 0.29658
0.14989 0.037646 0.31959
0.13467 0.037651 0.34152
0.14367 0.037653 0.34815
0.15454 0.037653 0.33003
0.14003 0.037663 0.37234
0.13426 0.037668 0.38114
0.15731 0.037671 0.37494
0.12984 0.037694 0.4195
0.1436 0.0377 0.42283
0.13665 0.037701 0.43857
0.12994 0.037705 0.45259
0.14831 0.037712 0.44108
0.1464 0.037716 0.45102
0.13055 0.037709 0.46835
0.12872 0.037709 0.48533
0.14781 0.037729 0.47063
0.1371 0.037691 0.50908
0.13639 0.037684 0.52362
0.15316 0.037717 0.50041
0.13045 0.037683 0.54534
0.13701 0.037674 0.56752
0.14398 0.037682 0.54985
0.15313 0.0377 0.55452
0.13793 0.037669 0.58398
0.13324 0.037669 0.5968
0.15254 0.037679 0.58403
0.1516 0.037673 0.59637
0.1328 0.037664 0.61392
0.13568 0.03766 0.63147
0.15387 0.037668 0.61878
0.14943 0.037665 0.62896
0.13923 0.037654 0.66277
0.15812 0.037664 0.6481
0.14872 0.037658 0.66416
0.13681 0.037653 0.67584
0.14277 0.037648 0.69626
0.14701 0.037652 0.67967
0.14955 0.037648 0.70381
0.13152 0.037652 0.70733
0.14285 0.037645 0.73504
0.15398 0.037649 0.71025
0.14966 0.037643 0.7349
0.14291 0.037643 0.75042
0.13669 0.037642 0.76766
0.15527 0.037643 0.7414
0.15894 0.037638 0.75772
0.13967 0.037639 0.79439
0.15308 0.037638 0.77791
0.15458 0.037638 0.79998
0.14514 0.03764 0.80815
0.14256 0.037641 0.82913
0.16349 0.037637 0.81557
0.15584 0.037637 0.82947
0.14069 0.037639 0.84809
0.14724 0.037636 0.86307
0.16033 0.037633 0.84693
0.16042 0.037632 0.86234
0.13723 0.03764 0.87718
0.15715 0.037636 0.88134
0.15555 0.037638 0.89797
0.1353 0.037643 0.90923
0.14031 0.037601 0.92846
0.15761 0.037639 0.91128
0.15521 0.037606 0.92541
0.13651 0.03403 0.95259
0.15895 0.037542 0.94079
0.1586 0.033335 0.96144
0.17116 0.037627 0.044837
0.17809 0.037625 0.061187
0.18738 0.037623 0.045533
0.1864 0.037623 0.055111
0.17092 0.037627 0.076327
0.17469 0.037626 0.092017
0.18998 0.037622 0.077881
0.18969 0.037623 0.093118
0.17005 0.037626 0.10595
0.17425 0.037626 0.12877
0.18439 0.037625 0.10739
0.19134 0.037624 0.11803
0.17283 0.037626 0.14068
0.1796 0.037625 0.15393
0.18771 0.037624 0.14524
0.19207 0.037624 0.15044
0.17927 0.037627 0.19326
0.19091 0.037625 0.17206
0.18635 0.037628 0.18861
0.1754 0.037629 0.22626
0.18772 0.037629 0.20129
0.18692 0.037631 0.21954
0.17315 0.03763 0.23858
0.17537 0.03763 0.25657
0.18735 0.037629 0.24842
0.18864 0.037632 0.26963
0.18418 0.03764 0.28774
0.16663 0.037642 0.29587
0.17293 0.03765 0.31284
0.18647 0.037651 0.3072
0.18888 0.037658 0.32369
0.16526 0.037655 0.33995
0.16791 0.037657 0.34673
0.18249 0.037658 0.3353
0.18545 0.037665 0.34463
0.17357 0.037671 0.36909
0.1836 0.037683 0.37182
0.17989 0.037683 0.38867
0.16734 0.037688 0.42317
0.18744 0.037696 0.40041
0.18695 0.037705 0.4191
0.16667 0.037699 0.43606
0.16707 0.037709 0.45109
0.18223 0.037712 0.43263
0.17504 0.03772 0.45747
0.16274 0.037729 0.48555
0.17587 0.037745 0.47626
0.17845 0.037755 0.48462
0.16147 0.037717 0.50143
0.16121 0.037707 0.52981
0.17987 0.03775 0.5074
0.17746 0.037738 0.52957
0.16153 0.037708 0.54515
0.17359 0.037712 0.56286
0.16932 0.037684 0.5802
0.16049 0.037675 0.59325
0.18139 0.0377 0.58632
0.17629 0.037675 0.59867
0.1697 0.037664 0.61005
0.16415 0.037662 0.63161
0.17726 0.037669 0.60824
0.17772 0.037661 0.62737
0.16485 0.037663 0.65014
0.16697 0.037661 0.66008
0.18952 0.037682 0.65442
0.19023 0.037675 0.66599
0.16737 0.037656 0.678
0.16657 0.037652 0.69382
0.17992 0.037658 0.6759
0.18322 0.037655 0.69573
0.17311 0.037645 0.72079
0.16999 0.037641 0.7324
0.18315 0.03765 0.70864
0.18417 0.037638 0.7372
0.1767 0.037631 0.75153
0.1699 0.037633 0.75914
0.18551 0.037632 0.75089
0.16949 0.037636 0.79362
0.18994 0.037632 0.77381
0.18952 0.037634 0.79988
0.17484 0.037634 0.80815
0.18808 0.037632 0.81579
0.18978 0.037627 0.83039
0.17947 0.037627 0.84068
0.17043 0.037628 0.85701
0.18854 0.037624 0.8475
0.18665 0.037623 0.85449
0.1686 0.037631 0.87602
0.16852 0.037634 0.89223
0.19449 0.037621 0.87085
0.19371 0.037624 0.8902
0.17052 0.037586 0.92911
0.18568 0.037577 0.9301
0.18021 0.033669 0.95358
0.18734 0.03754 0.93849
0.19248 0.033391 0.95608
0.20199 0.037619 0.044285
0.21028 0.037617 0.05847
0.22376 0.037615 0.034972
0.22184 0.037615 0.056244
0.20898 0.037617 0.06858
0.20571 0.037619 0.088343
0.22635 0.037613 0.070704
0.22293 0.037615 0.093071
0.2114 0.037617 0.1004
0.20542 0.03762 0.12637
0.22814 0.037614 0.10094
0.21992 0.037617 0.12091
0.20438 0.037621 0.14152
0.20002 0.037621 0.1729
0.21031 0.037624 0.18896
0.22653 0.037611 0.17179
0.2289 0.037611 0.18273
0.20557 0.037628 0.19961
0.22299 0.037624 0.19939
0.21114 0.03763 0.23718
0.22479 0.037635 0.23194
0.22209 0.037641 0.25539
0.20411 0.037624 0.2719
0.19919 0.037627 0.28005
0.22245 0.037636 0.26599
0.21565 0.03762 0.28404
0.20721 0.037624 0.30455
0.20497 0.037641 0.32418
0.21408 0.037619 0.31286
0.19837 0.037654 0.32994
0.20287 0.037665 0.35238
0.21473 0.037642 0.3293
0.22387 0.03767 0.34601
0.20606 0.037664 0.36204
0.20256 0.037673 0.37953
0.21808 0.037669 0.36046
0.21051 0.037672 0.38604
0.19972 0.037694 0.40389
0.20842 0.037687 0.40066
0.1987 0.037721 0.42717
0.189 0.037748 0.45412
0.21205 0.037748 0.42847
0.21088 0.037787 0.44703
0.19377 0.037775 0.46619
0.19574 0.037794 0.48737
0.2002 0.037799 0.47422
0.20383 0.037828 0.48772
0.19175 0.037781 0.50943
0.19364 0.037772 0.5232
0.19455 0.037757 0.54058
0.19565 0.037746 0.55517
0.20591 0.037768 0.55604
0.19402 0.037715 0.58606
0.19083 0.037706 0.59849
0.20996 0.037748 0.5839
0.21004 0.037744 0.59093
0.19187 0.037698 0.61111
0.19428 0.037692 0.63624
0.21748 0.037721 0.63638
0.1949 0.037686 0.65271
0.20424 0.037682 0.65924
0.21724 0.037711 0.64502
0.20502 0.037664 0.67745
0.19964 0.037652 0.69941
0.21598 0.037667 0.67882
0.21485 0.03765 0.70064
0.19884 0.037643 0.71306
0.19882 0.037633 0.73187
0.21575 0.037638 0.7148
0.21818 0.037626 0.7258
0.20296 0.037626 0.76324
0.21942 0.037623 0.75166
0.2024 0.03763 0.78447
0.20939 0.037626 0.796
0.22039 0.037624 0.77551
0.20407 0.037623 0.834
0.22716 0.037621 0.81829
0.22389 0.037618 0.83267
0.20458 0.03762 0.84805
0.20807 0.037616 0.86127
0.22234 0.037618 0.83908
0.22365 0.037612 0.86031
0.20706 0.037616 0.87654
0.20951 0.037618 0.89374
0.21993 0.037612 0.87803
0.22482 0.037612 0.89651
0.21359 0.03758 0.92749
0.22464 0.037619 0.91405
0.20159 0.037499 0.9469
0.21304 0.033334 0.96263
0.22125 0.037515 0.94265
0.22163 0.033361 0.95713
0.23435 0.037612 0.034981
0.238 0.037611 0.061177
0.25177 0.037608 0.042373
0.25998 0.037605 0.055903
0.23972 0.03761 0.067283
0.23601 0.037611 0.083946
0.25586 0.037604 0.075255
0.25919 0.037604 0.0846
0.24573 0.037614 0.11779
0.2556 0.037608 0.10028
0.25114 0.037613 0.12443
0.23532 0.037615 0.14278
0.25457 0.037612 0.13733
0.26047 0.037609 0.15367
0.23561 0.037607 0.17394
0.24573 0.037606 0.18881
0.25309 0.037605 0.17395
0.259 0.037608 0.18335
0.23902 0.037614 0.20802
0.23254 0.037629 0.22593
0.2557 0.037611 0.20294
0.23206 0.037637 0.2408
0.23898 0.037641 0.24633
0.24094 0.037645 0.26925
0.23985 0.037646 0.28898
0.25972 0.037655 0.2785
0.25817 0.037667 0.30208
0.25452 0.03768 0.31664
0.23178 0.03767 0.34899
0.25058 0.037681 0.33745
0.25605 0.03771 0.35419
0.23491 0.037672 0.36057
0.24701 0.03769 0.36638
0.24227 0.037681 0.38013
0.22544 0.037706 0.39901
0.23457 0.037722 0.4122
0.24493 0.03771 0.39252
0.22823 0.037747 0.42608
0.22405 0.037793 0.44587
0.24466 0.037776 0.42938
0.23802 0.037813 0.44869
0.21672 0.037864 0.47158
0.23138 0.037869 0.4659
0.23604 0.037962 0.48168
0.2262 0.037872 0.50333
0.23057 0.037879 0.53087
0.2219 0.037824 0.54754
0.21831 0.037798 0.56636
0.22806 0.037773 0.59388
0.23715 0.037775 0.60137
0.23294 0.037733 0.61328
0.23117 0.037695 0.63962
0.23932 0.037725 0.6177
0.245 0.037694 0.63532
0.22823 0.037682 0.65406
0.2367 0.037662 0.66436
0.24624 0.037667 0.65623
0.2479 0.037668 0.67048
0.23735 0.037661 0.68695
0.25607 0.037662 0.69516
0.2384 0.037625 0.72191
0.25001 0.037636 0.71295
0.25194 0.03762 0.73189
0.23829 0.037617 0.74489
0.23571 0.037615 0.76201
0.25328 0.037616 0.75007
0.26226 0.037611 0.76635
0.23303 0.037621 0.78184
0.24154 0.037616 0.79406
0.25774 0.037613 0.77574
0.24199 0.037615 0.80945
0.25995 0.037607 0.81084
0.25332 0.037607 0.82995
0.24299 0.037609 0.84556
0.23838 0.037606 0.861
0.23679 0.037605 0.87904
0.23567 0.037604 0.88836
0.25874 0.037596 0.87726
0.246 0.037606 0.91261
0.2366 0.037571 0.92866
0.25203 0.0376 0.90347
0.26071 0.037556 0.93068
0.2436 0.033335 0.96132
0.25589 0.037541 0.93619
0.27634 0.037599 0.056261
0.29681 0.037591 0.060769
0.27817 0.037595 0.079218
0.27139 0.037601 0.093926
0.29537 0.037591 0.073924
0.27246 0.037603 0.10869
0.29206 0.037595 0.10372
0.28728 0.037598 0.12246
0.2732 0.037602 0.13547
0.2706 0.037605 0.1561
0.29478 0.037592 0.1372
0.29632 0.037597 0.15715
0.26694 0.037605 0.16888
0.27222 0.037608 0.18168
0.28794 0.037616 0.19175
0.27566 0.037625 0.21465
0.29037 0.037616 0.19682
0.2882 0.037626 0.22194
0.27176 0.037641 0.25763
0.28877 0.037627 0.23638
0.2906 0.03765 0.25539
0.28519 0.037648 0.26302
0.26613 0.037662 0.30385
0.26855 0.03767 0.31304
0.29214 0.03768 0.31706
0.26438 0.03769 0.33219
0.26846 0.037714 0.35467
0.27824 0.037679 0.33832
0.28064 0.037708 0.35044
0.26658 0.037721 0.36052
0.26627 0.037734 0.37964
0.28226 0.037759 0.37088
0.26158 0.037755 0.39931
0.2572 0.037775 0.41388
0.2774 0.037791 0.40406
0.27075 0.037791 0.41869
0.24733 0.037865 0.45333
0.26771 0.037793 0.4265
0.27333 0.037856 0.44466
0.24338 0.03795 0.4675
0.24533 0.038009 0.48508
0.25933 0.038102 0.47975
0.24263 0.037972 0.50777
0.25375 0.037966 0.53326
0.24733 0.037933 0.53938
0.25158 0.037896 0.57161
0.25645 0.037934 0.55073
0.26684 0.037978 0.56228
0.25638 0.037885 0.57847
0.25345 0.037792 0.60622
0.26418 0.037889 0.58138
0.26676 0.037831 0.59472
0.25982 0.037741 0.61718
0.26153 0.037699 0.63597
0.27668 0.037692 0.6321
0.26516 0.037678 0.65392
0.26376 0.037675 0.66972
0.27802 0.037671 0.6538
0.28133 0.037664 0.67066
0.26369 0.037676 0.67805
0.27252 0.037626 0.69875
0.28824 0.037671 0.67979
0.28491 0.037611 0.70545
0.27093 0.037598 0.7192
0.27487 0.037591 0.72683
0.29329 0.037609 0.73013
0.27825 0.037616 0.75335
0.27434 0.037606 0.76966
0.29299 0.037628 0.74603
0.26844 0.037607 0.77738
0.27674 0.037594 0.79498
0.29457 0.037597 0.78156
0.29057 0.037593 0.79884
0.29225 0.037599 0.81566
0.2849 0.037601 0.83077
0.27741 0.037601 0.84802
0.296 0.037593 0.8453
0.288 0.037592 0.86017
0.27149 0.037591 0.88145
0.28128 0.037587 0.89362
0.29284 0.037583 0.88067
0.28583 0.037586 0.89463
0.2973 0.037585 0.91007
0.29483 0.037561 0.92635
0.27748 0.037488 0.94639
0.2802 0.033419 0.95543
0.2977 0.037536 0.93603
0.28567 0.033336 0.96025
0.30298 0.037589 0.04529
0.30649 0.037588 0.058322
0.32971 0.037579 0.044186
0.33089 0.03758 0.058162
0.30497 0.037588 0.079327
0.30902 0.037589 0.086728
0.32563 0.037582 0.069959
0.32161 0.037586 0.093228
0.30709 0.03759 0.10741
0.30491 0.037591 0.12496
0.32995 0.037582 0.1026
0.32028 0.037587 0.12266
0.30347 0.037587 0.14301
0.30659 0.037594 0.15422
0.32339 0.037581 0.14163
0.32422 0.037587 0.15087
0.30458 0.037599 0.1751
0.30746 0.037605 0.18952
0.32455 0.037591 0.16919
0.30846 0.037616 0.21888
0.32891 0.037606 0.20484
0.32748 0.037613 0.21297
0.29981 0.037621 0.23949
0.30653 0.03763 0.2499
0.31643 0.037632 0.25459
0.30551 0.03764 0.26295
0.29987 0.037652 0.28574
0.31504 0.037635 0.2626
0.32066 0.037645 0.27989
0.29978 0.037654 0.30472
0.29929 0.037669 0.31349
0.31619 0.037652 0.3054
0.31645 0.037663 0.31267
0.30344 0.037693 0.32942
0.29344 0.037735 0.35233
0.31567 0.037691 0.33623
0.32194 0.037734 0.35085
0.29784 0.037753 0.35712
0.29151 0.037814 0.38473
0.30855 0.037778 0.36582
0.31491 0.037878 0.37958
0.2888 0.03782 0.40276
0.29605 0.037828 0.41168
0.30443 0.037831 0.39939
0.30723 0.037862 0.4153
0.28695 0.037843 0.43192
0.27911 0.037904 0.44935
0.30647 0.037982 0.43101
0.30768 0.038129 0.44098
0.2731 0.038179 0.47627
0.28779 0.038098 0.46246
0.2756 0.038207 0.48643
0.27001 0.038207 0.50037
0.26396 0.038156 0.51897
0.2806 0.038359 0.50164
0.27674 0.038113 0.54035
0.28594 0.038026 0.56662
0.277 0.037912 0.58324
0.30408 0.037836 0.60001
0.28545 0.037724 0.62349
0.29042 0.037701 0.63674
0.31489 0.037793 0.6339
0.31501 0.037763 0.66014
0.31864 0.037769 0.674
0.32499 0.037691 0.7038
0.32641 0.037656 0.72207
0.31999 0.037647 0.73353
0.30549 0.037634 0.74268
0.3119 0.037605 0.76183
0.32327 0.037617 0.74935
0.32157 0.037599 0.7667
0.31208 0.037597 0.78134
0.30445 0.037591 0.79468
0.31923 0.037594 0.78551
0.31971 0.037591 0.80161
0.30303 0.037595 0.80783
0.32193 0.037574 0.82829
0.30499 0.037585 0.8425
0.31146 0.037575 0.85971
0.30391 0.037576 0.88299
0.31176 0.037572 0.89068
0.32383 0.03757 0.87211
0.32199 0.037569 0.89704
0.30503 0.037581 0.91333
0.31446 0.037561 0.92926
0.33129 0.037567 0.90616
0.32225 0.037563 0.92303
0.30611 0.037527 0.94558
0.32451 0.037532 0.94282
0.34132 0.037574 0.040634
0.34037 0.037576 0.055608
0.36546 0.037567 0.040756
0.35462 0.037572 0.05134
0.34081 0.037577 0.073247
0.3403 0.03758 0.085526
0.35617 0.037574 0.083386
0.34236 0.037576 0.10402
0.33711 0.03758 0.12122
0.35757 0.03757 0.12022
0.33986 0.037578 0.13789
0.34396 0.037583 0.15009
0.35645 0.037574 0.13967
0.36312 0.037577 0.14806
0.34432 0.037587 0.16771
0.34424 0.037588 0.17847
0.3516 0.037586 0.16339
0.35651 0.037591 0.17816
0.33661 0.037604 0.198
0.33488 0.037621 0.21814
0.35233 0.037607 0.19705
0.34203 0.037623 0.23092
0.33725 0.037637 0.25412
0.3525 0.037628 0.23326
0.35934 0.037654 0.24864
0.34288 0.03762 0.27051
0.34049 0.037626 0.2809
0.35752 0.037648 0.26716
0.35027 0.037618 0.27584
0.33384 0.037654 0.29578
0.3351 0.037701 0.31873
0.35007 0.037647 0.29524
0.34585 0.037688 0.31865
0.33957 0.037723 0.32601
0.33026 0.037727 0.34497
0.34507 0.037768 0.33548
0.35609 0.038206 0.36233
0.3477 0.038028 0.3763
0.32249 0.037886 0.39825
0.31894 0.037894 0.41599
0.33419 0.037891 0.38998
0.31901 0.038141 0.43178
0.32905 0.03803 0.42691
0.29619 0.038239 0.46257
0.28989 0.038379 0.48795
0.30257 0.03845 0.47923
0.29042 0.038435 0.49977
0.29344 0.038456 0.50013
0.30375 0.03851 0.53234
0.29831 0.038065 0.57202
0.30656 0.038383 0.54821
0.31296 0.038078 0.57035
0.31807 0.037865 0.59409
0.31516 0.037826 0.61154
0.31772 0.037816 0.61941
0.32592 0.037809 0.63704
0.33899 0.037876 0.61821
0.34688 0.037846 0.63405
0.33582 0.037772 0.66055
0.3262 0.037772 0.67438
0.34862 0.037789 0.65626
0.34537 0.037747 0.6714
0.33183 0.037688 0.69925
0.34891 0.037711 0.68312
0.35637 0.037648 0.70531
0.33106 0.037667 0.71595
0.33961 0.037625 0.7284
0.35497 0.03764 0.71674
0.34961 0.037613 0.73759
0.33914 0.037611 0.7439
0.34112 0.037591 0.7696
0.35301 0.03759 0.74863
0.35634 0.037587 0.76456
0.35487 0.037596 0.78078
0.35611 0.037573 0.80191
0.34748 0.037566 0.81482
0.33662 0.037566 0.82249
0.35703 0.037557 0.82568
0.34717 0.037568 0.84368
0.34481 0.037563 0.86035
0.36429 0.037559 0.8374
0.36326 0.037554 0.86095
0.33894 0.037566 0.87881
0.3423 0.037561 0.89255
0.35539 0.037555 0.88719
0.3474 0.037561 0.9097
0.34064 0.037534 0.92698
0.35515 0.037558 0.91264
0.35511 0.037531 0.92395
0.34684 0.03749 0.93825
0.33846 0.033344 0.9584
0.36186 0.037484 0.93799
0.35372 0.033334 0.96258
0.37242 0.037565 0.035103
0.38232 0.037565 0.055889
0.39119 0.03756 0.040887
0.39275 0.037569 0.070179
0.3971 0.037572 0.091487
0.37256 0.037564 0.10301
0.38357 0.037552 0.11535
0.39671 0.037556 0.10682
0.39141 0.037554 0.11479
0.37152 0.037568 0.14219
0.37252 0.037583 0.15533
0.39643 0.03756 0.13541
0.37897 0.037587 0.16509
0.37333 0.037594 0.17711
0.39384 0.03761 0.18733
0.37384 0.037612 0.19546
0.3768 0.037619 0.21182
0.38878 0.037611 0.20036
0.38837 0.037616 0.20998
0.37173 0.03763 0.23643
0.36909 0.037655 0.24812
0.39535 0.037639 0.22799
0.39171 0.037674 0.25089
0.36775 0.037669 0.26336
0.36681 0.037677 0.28594
0.39127 0.037685 0.26756
0.37953 0.037706 0.28249
0.37262 0.037703 0.30841
0.38588 0.037739 0.2952
0.38447 0.037751 0.30485
0.36135 0.037721 0.32536
0.36638 0.038046 0.34714
0.3596 0.038268 0.36897
0.37697 0.03821 0.35514
0.35828 0.038092 0.3846
0.36536 0.038179 0.38127
0.35926 0.037972 0.39709
0.34079 0.038137 0.43091
0.33485 0.03835 0.44181
0.35196 0.037975 0.41974
0.33797 0.038344 0.44521
0.31778 0.038723 0.45811
0.31767 0.038592 0.47423
0.30245 0.038729 0.50846
0.31347 0.038454 0.54064
0.31029 0.03881 0.50417
0.31737 0.038441 0.54216
0.32618 0.038205 0.56318
0.32936 0.038052 0.57621
0.33798 0.037978 0.59543
0.34462 0.03792 0.61287
0.35068 0.038027 0.59016
0.36597 0.038082 0.61487
0.35275 0.037862 0.63125
0.35418 0.037849 0.63945
0.36645 0.037908 0.63102
0.37373 0.037903 0.64123
0.35638 0.037783 0.65765
0.36133 0.037724 0.67707
0.38439 0.037853 0.65547
0.38726 0.037777 0.66578
0.36312 0.037676 0.68814
0.37977 0.037733 0.68009
0.38641 0.037692 0.70077
0.37976 0.037617 0.73302
0.39475 0.037663 0.71355
0.38885 0.037612 0.73335
0.37761 0.037576 0.75322
0.36893 0.037579 0.7594
0.38555 0.037584 0.74973
0.38156 0.03757 0.78147
0.37904 0.037557 0.79944
0.38817 0.037577 0.77637
0.37844 0.037556 0.80917
0.37202 0.037553 0.83062
0.37515 0.037554 0.83846
0.37369 0.037547 0.85587
0.38937 0.037546 0.83853
0.39063 0.037542 0.86342
0.37612 0.037552 0.87552
0.37164 0.03755 0.89474
0.39346 0.03754 0.898
0.37558 0.037549 0.9093
0.38241 0.037513 0.92813
0.38894 0.037543 0.90861
0.39603 0.037503 0.93069
0.37953 0.03748 0.94148
0.37356 0.033539 0.95397
0.39252 0.037478 0.94219
0.39863 0.033449 0.95476
0.41608 0.037559 0.036647
0.4216 0.037558 0.041418
0.42312 0.037566 0.064296
0.40732 0.037574 0.080009
0.42863 0.037565 0.073346
0.43583 0.037633 0.095622
0.41906 0.037552 0.10599
0.40888 0.037542 0.1157
0.42697 0.037603 0.10479
0.42826 0.037622 0.12147
0.41461 0.037563 0.13909
0.40814 0.037586 0.15536
0.42954 0.037583 0.14461
0.41121 0.037584 0.16398
0.40904 0.0376 0.1845
0.42214 0.037578 0.16951
0.42406 0.037578 0.17621
0.41233 0.037639 0.21911
0.42503 0.037592 0.19933
0.43002 0.037592 0.20628
0.39865 0.037643 0.23329
0.40937 0.037701 0.25049
0.42906 0.037647 0.22411
0.4074 0.037703 0.26537
0.40313 0.037707 0.27412
0.42559 0.037759 0.27664
0.40782 0.037751 0.295
0.3985 0.037789 0.30745
0.4221 0.037768 0.28424
0.41637 0.037771 0.30001
0.39744 0.037837 0.32512
0.39967 0.037913 0.33846
0.41754 0.03787 0.31752
0.40713 0.037959 0.34111
0.38392 0.038286 0.36477
0.41217 0.038027 0.34722
0.37418 0.038262 0.37803
0.37066 0.037989 0.39826
0.39586 0.038141 0.37608
0.38723 0.037988 0.38926
0.37052 0.037882 0.41824
0.36297 0.037981 0.43493
0.38344 0.037942 0.40126
0.34304 0.038291 0.45252
0.32176 0.038449 0.47364
0.36078 0.037712 0.44799
0.32456 0.038112 0.48508
0.31968 0.03846 0.49458
0.32181 0.03855 0.52947
0.32375 0.037841 0.50121
0.33456 0.038048 0.54042
0.35283 0.037971 0.56743
0.37243 0.037982 0.57919
0.37358 0.038283 0.60944
0.40231 0.038171 0.62373
0.38426 0.038061 0.62961
0.39439 0.037921 0.64783
0.4058 0.038078 0.63172
0.39755 0.037824 0.65667
0.40498 0.037736 0.66741
0.4128 0.037799 0.6528
0.42277 0.037691 0.66273
0.39758 0.037717 0.68658
0.40499 0.037674 0.69452
0.42541 0.037707 0.682
0.42695 0.037634 0.69743
0.41172 0.037629 0.71473
0.40648 0.037603 0.72726
0.42507 0.037579 0.72387
0.40632 0.037567 0.75801
0.42485 0.037558 0.74509
0.41943 0.037567 0.7607
0.41117 0.037556 0.77762
0.40331 0.037543 0.79747
0.42856 0.037537 0.77829
0.43166 0.037528 0.79387
0.41559 0.037525 0.815
0.43264 0.037526 0.80672
0.42012 0.037521 0.82336
0.40603 0.037537 0.83859
0.42521 0.037523 0.8599
0.41378 0.037531 0.87925
0.40931 0.037531 0.89705
0.42865 0.037523 0.87945
0.42338 0.037522 0.88829
0.41096 0.037532 0.90715
0.40914 0.037502 0.92982
0.42827 0.037501 0.92726
0.40383 0.037472 0.9448
0.41942 0.037483 0.9378
0.42898 0.033335 0.96114
0.4392 0.037558 0.041661
0.44502 0.037557 0.062154
0.45773 0.037555 0.045359
0.43993 0.037556 0.072507
0.44182 0.037644 0.094732
0.46438 0.037545 0.082037
0.45824 0.037721 0.10016
0.44275 0.037891 0.11691
0.46073 0.037784 0.10625
0.44853 0.037828 0.12859
0.44086 0.037575 0.14573
0.45473 0.037831 0.12946
0.46322 0.037562 0.14707
0.44762 0.037524 0.15974
0.44394 0.037573 0.18156
0.46128 0.037537 0.168
0.45895 0.037575 0.18501
0.44657 0.037579 0.19627
0.44092 0.037591 0.20793
0.4539 0.037615 0.21508
0.43729 0.037655 0.22811
0.43332 0.037696 0.24216
0.45126 0.037651 0.22661
0.43553 0.037733 0.25233
0.43504 0.037739 0.26711
0.45662 0.037745 0.26109
0.45983 0.037807 0.27287
0.43243 0.037795 0.28213
0.44719 0.037854 0.29091
0.45385 0.037954 0.30372
0.43084 0.037907 0.31606
0.42702 0.03793 0.33132
0.45012 0.037992 0.31088
0.44484 0.037966 0.3235
0.42697 0.038022 0.34255
0.4184 0.038114 0.36253
0.45037 0.038117 0.3387
0.44225 0.038212 0.35177
0.43475 0.038303 0.36952
0.39243 0.037333 0.40239
0.38845 0.03707 0.42334
0.4222 0.036884 0.38358
0.40703 0.035201 0.40694
0.37025 0.036888 0.44206
0.34197 0.036141 0.47025
0.35195 0.034281 0.48332
0.33015 0.036321 0.51189
0.34296 0.037068 0.5418
0.33796 0.03554 0.51963
0.3859 0.035675 0.56339
0.3874 0.036975 0.586
0.39972 0.03738 0.60098
0.39591 0.036197 0.58886
0.40848 0.036978 0.60115
0.41442 0.038478 0.6126
0.42218 0.038176 0.60822
0.42919 0.038428 0.62035
0.42345 0.038027 0.63738
0.44051 0.038215 0.62659
0.45105 0.037916 0.6382
0.43202 0.037681 0.65574
0.4316 0.037693 0.66587
0.45045 0.037734 0.65567
0.4491 0.037735 0.66407
0.43427 0.037667 0.68451
0.44298 0.037617 0.69809
0.46322 0.037562 0.69554
0.44032 0.037581 0.71325
0.44578 0.037558 0.72921
0.45525 0.037563 0.71089
0.45985 0.037536 0.7308
0.44858 0.03754 0.73995
0.43711 0.037543 0.76089
0.46121 0.037507 0.74422
0.45757 0.037519 0.7607
0.44149 0.037531 0.77534
0.44286 0.037524 0.79664
0.45572 0.037513 0.77847
0.46637 0.037517 0.79691
0.44451 0.037506 0.81977
0.45567 0.037501 0.81343
0.45543 0.037504 0.82281
0.44591 0.037519 0.83614
0.43871 0.037519 0.85964
0.46438 0.037511 0.83627
0.44088 0.037522 0.86975
0.44133 0.037517 0.88988
0.45382 0.037513 0.88009
0.46127 0.037512 0.8936
0.44772 0.03752 0.91329
0.44765 0.037498 0.92544
0.46084 0.037515 0.91387
0.45644 0.037485 0.92981
0.44476 0.037457 0.94687
0.46457 0.037451 0.94314
0.46044 0.033334 0.96317
0.40449 0.038009 0.44242
0.3749 0.038332 0.46555
0.37169 0.038199 0.52451
0.37361 0.036257 0.49441
0.48168 0.037546 0.046148
0.4781 0.037549 0.064855
0.49618 0.037541 0.03901
0.48808 0.037547 0.062624
0.47023 0.037546 0.082013
0.47253 0.037598 0.094407
0.49191 0.037544 0.073497
0.49027 0.037548 0.093717
0.47789 0.037603 0.11004
0.47179 0.037709 0.11539
0.4835 0.037546 0.10468
0.49343 0.037545 0.12289
0.47134 0.037676 0.13019
0.49178 0.037578 0.14656
0.47006 0.037554 0.16429
0.47773 0.037577 0.17846
0.48714 0.037587 0.16199
0.47906 0.037594 0.19446
0.47589 0.037614 0.21097
0.49084 0.037594 0.19237
0.49109 0.037607 0.209
0.47266 0.037667 0.23192
0.47903 0.037682 0.23753
0.48825 0.037657 0.22451
0.49416 0.037671 0.23657
0.46738 0.037751 0.26137
0.48014 0.037767 0.26516
0.4939 0.037744 0.26047
0.49864 0.037816 0.27373
0.47121 0.037899 0.28872
0.47423 0.037982 0.29677
0.48619 0.037991 0.29734
0.46658 0.038097 0.31307
0.47016 0.038338 0.32523
0.48627 0.038153 0.31393
0.48931 0.038378 0.32461
0.4673 0.038438 0.33411
0.47015 0.038643 0.34075
0.4894 0.038839 0.34146
0.45497 0.038256 0.36209
0.47748 0.0386 0.3482
0.47863 0.037862 0.35233
0.437 0.036176 0.38168
0.4323 0.034613 0.39392
0.46423 0.035635 0.36516
0.46398 0.034338 0.37197
0.41938 0.033584 0.42545
0.43699 0.033362 0.49036
0.39563 0.033434 0.51253
0.40236 0.034388 0.57632
0.4468 0.033749 0.59818
0.4381 0.035467 0.60541
0.48158 0.034054 0.59463
0.49456 0.03544 0.60604
0.43917 0.03763 0.61209
0.45599 0.038069 0.61903
0.49073 0.037016 0.61441
0.50249 0.037869 0.62172
0.46077 0.038123 0.62631
0.46541 0.037837 0.64409
0.48305 0.038009 0.62916
0.49821 0.037858 0.64017
0.46326 0.037782 0.64884
0.46638 0.037681 0.66383
0.49965 0.037651 0.6493
0.47486 0.037638 0.67382
0.47326 0.03755 0.69959
0.48578 0.037565 0.67756
0.49311 0.037521 0.69115
0.47868 0.037519 0.71865
0.49333 0.037525 0.7022
0.49482 0.037503 0.72229
0.479 0.037494 0.74006
0.48043 0.037497 0.75369
0.49604 0.037472 0.74162
0.49756 0.037487 0.75372
0.48213 0.037518 0.76712
0.47303 0.03751 0.79003
0.49369 0.037509 0.79588
0.48085 0.037494 0.82565
0.49572 0.037497 0.8069
0.49352 0.037491 0.82825
0.47884 0.037502 0.84036
0.48089 0.037497 0.8571
0.48771 0.037493 0.85426
0.47766 0.037509 0.87319
0.47493 0.037504 0.88443
0.49547 0.037504 0.87852
0.47065 0.037483 0.92661
0.49224 0.037509 0.90761
0.48737 0.037467 0.92894
0.47715 0.037439 0.94392
0.47709 0.033898 0.95221
0.48837 0.037443 0.93753
0.46298 0.033975 0.42617
0.40928 0.0342 0.48653
0.43436 0.033891 0.50301
0.45599 0.033987 0.55698
0.45874 0.036296 0.38998
0.46796 0.037136 0.38163
0.41147 0.036227 0.44292
0.39652 0.035328 0.46351
0.41253 0.037164 0.42967
0.40156 0.036744 0.45015
0.46655 0.034932 0.4105
0.42164 0.034096 0.45376
0.46608 0.036132 0.38962
0.43021 0.033791 0.48533
0.40884 0.034434 0.5229
0.36583 0.038265 0.51953
0.4222 0.037468 0.57637
0.47823 0.033975 0.54457
0.44844 0.035866 0.58131
0.43864 0.033912 0.52786
0.43671 0.03633 0.58581
0.42624 0.03705 0.58161
0.46968 0.036982 0.38298
0.4275 0.036554 0.42377
0.41186 0.034975 0.469
0.44335 0.03586 0.41673
0.40354 0.035316 0.47224
0.44962 0.037692 0.39424
0.42414 0.034369 0.47311
0.45594 0.03514 0.41888
0.45236 0.034771 0.45762
0.38828 0.036762 0.53403
0.40527 0.037146 0.5509
0.38003 0.036047 0.48779
0.42349 0.035023 0.54138
0.42136 0.034302 0.49751
0.46799 0.0343 0.55507
0.44818 0.03412 0.49755
0.43637 0.034644 0.55612
0.42744 0.037019 0.58126
0.47635 0.03733 0.58319
0.44302 0.034497 0.44236
0.45667 0.034603 0.51942
0.50792 0.037536 0.045547
0.52615 0.037529 0.047558
0.52513 0.037531 0.057369
0.50684 0.037538 0.071905
0.50673 0.037544 0.088718
0.53041 0.03753 0.067917
0.52424 0.037536 0.088788
0.50157 0.037538 0.10638
0.51186 0.03754 0.11617
0.52813 0.037529 0.10848
0.52321 0.037531 0.11491
0.5156 0.037554 0.13645
0.51373 0.037563 0.14683
0.51994 0.037549 0.13522
0.52226 0.03757 0.15739
0.51187 0.037574 0.16261
0.51712 0.037564 0.1771
0.53139 0.037551 0.17414
0.52125 0.037562 0.17805
0.51723 0.037584 0.20115
0.50437 0.037592 0.20728
0.53104 0.037567 0.19774
0.53408 0.037561 0.20985
0.515 0.037653 0.22976
0.51337 0.037689 0.24276
0.5276 0.037637 0.23221
0.52403 0.037687 0.24572
0.5069 0.037782 0.27153
0.529 0.037698 0.26056
0.52522 0.03771 0.26705
0.50739 0.037833 0.2832
0.5168 0.037883 0.29835
0.53503 0.037773 0.28447
0.53745 0.037851 0.30082
0.50515 0.038042 0.31139
0.53796 0.037967 0.31506
0.54058 0.037997 0.32208
0.4982 0.038729 0.33964
0.5264 0.038321 0.3306
0.53904 0.038277 0.35098
0.50426 0.038285 0.34551
0.50613 0.03789 0.3479
0.54 0.037765 0.37741
0.52254 0.035712 0.36497
0.51281 0.034514 0.37058
0.53278 0.035847 0.38704
0.50983 0.034443 0.42703
0.48831 0.033419 0.43911
0.4997 0.033805 0.45001
0.50787 0.033439 0.47681
0.46859 0.033381 0.51837
0.53209 0.033618 0.58651
0.56495 0.033419 0.55982
0.57763 0.034191 0.58634
0.50716 0.035977 0.61093
0.5542 0.035692 0.59728
0.54905 0.036894 0.60559
0.53419 0.037456 0.61619
0.50933 0.038037 0.6341
0.528 0.037953 0.62292
0.53636 0.037844 0.63412
0.51011 0.037696 0.64621
0.51655 0.03755 0.65759
0.53233 0.037603 0.65124
0.53613 0.037598 0.65994
0.51112 0.037565 0.67495
0.50495 0.037525 0.68852
0.5245 0.037601 0.6715
0.53531 0.037558 0.68702
0.50422 0.037499 0.71256
0.51043 0.037495 0.72623
0.52133 0.037496 0.72714
0.5091 0.037467 0.73998
0.5102 0.037473 0.75136
0.52827 0.037491 0.7328
0.52145 0.037474 0.75278
0.5163 0.037499 0.76677
0.50675 0.037499 0.78959
0.52824 0.03749 0.77742
0.53256 0.037496 0.79025
0.50805 0.037491 0.80747
0.5133 0.037478 0.8171
0.52484 0.037481 0.81164
0.52524 0.037483 0.8215
0.51195 0.03749 0.85129
0.53251 0.037494 0.85835
0.51023 0.037507 0.87563
0.51565 0.037502 0.89026
0.53122 0.037504 0.87472
0.5319 0.037501 0.89286
0.50264 0.037505 0.91349
0.52111 0.037508 0.91006
0.50497 0.034107 0.95168
0.52821 0.037384 0.94415
0.52611 0.033346 0.95784
0.46746 0.034064 0.50057
0.50448 0.033818 0.54308
0.48442 0.034557 0.40308
0.48316 0.033997 0.47806
0.51882 0.037323 0.40772
0.4649 0.033914 0.44247
0.52165 0.035254 0.51705
0.48966 0.037127 0.45045
0.54082 0.036579 0.51911
0.50459 0.033818 0.52565
0.50482 0.034947 0.57358
0.54845 0.03421 0.55889
0.54077 0.036801 0.57852
0.56728 0.034487 0.55803
0.56373 0.036101 0.58155
0.58933 0.038164 0.55575
0.58488 0.038385 0.5729
0.5226 0.036494 0.58619
0.51334 0.036932 0.39487
0.51419 0.036031 0.40197
0.45876 0.033946 0.4788
0.48668 0.034921 0.42515
0.48153 0.034785 0.46024
0.4889 0.037385 0.45025
0.51657 0.035542 0.49614
0.495 0.034938 0.4831
0.52222 0.034289 0.53426
0.52223 0.036167 0.55983
0.48701 0.034574 0.5102
0.51255 0.03491 0.55108
0.58512 0.037705 0.56423
0.57623 0.037095 0.57645
0.55085 0.035666 0.5378
0.46701 0.034437 0.45115
0.47697 0.034507 0.46437
0.49826 0.034601 0.51787
0.54184 0.037526 0.054583
0.56424 0.037517 0.036721
0.55996 0.03752 0.063709
0.54394 0.037528 0.093418
0.55591 0.037521 0.07201
0.55665 0.037524 0.089476
0.54424 0.037521 0.10942
0.54891 0.03753 0.12527
0.55403 0.037516 0.10888
0.55425 0.037527 0.12561
0.54508 0.037532 0.13548
0.56504 0.037522 0.13758
0.55799 0.037528 0.14872
0.54889 0.037536 0.17218
0.56759 0.037524 0.17096
0.55119 0.037535 0.20201
0.54374 0.037565 0.217
0.569 0.037529 0.20066
0.56424 0.037559 0.22307
0.54878 0.037582 0.22879
0.55965 0.037572 0.22858
0.57256 0.037626 0.25641
0.55034 0.037646 0.26463
0.5721 0.037624 0.27148
0.5709 0.037636 0.27784
0.54886 0.037799 0.29934
0.57546 0.037659 0.29369
0.56984 0.037698 0.30248
0.5566 0.037894 0.31647
0.55417 0.037967 0.3329
0.56838 0.03775 0.32649
0.56984 0.037735 0.34398
0.54583 0.038109 0.33612
0.54987 0.038059 0.36688
0.56252 0.037844 0.35471
0.53801 0.037939 0.38942
0.53877 0.037626 0.40635
0.53518 0.037439 0.41182
0.51641 0.03519 0.43407
0.53665 0.036863 0.43506
0.52298 0.034097 0.46232
0.54248 0.033972 0.49421
0.58243 0.033903 0.53277
0.60425 0.036266 0.53818
0.60362 0.03687 0.56582
0.59223 0.03594 0.58457
0.57045 0.037363 0.59875
0.59872 0.036985 0.58086
0.60288 0.03755 0.58974
0.57479 0.037783 0.60229
0.60063 0.037822 0.60741
0.58176 0.037969 0.6143
0.56282 0.037775 0.62169
0.54488 0.037799 0.63429
0.5803 0.037765 0.63903
0.55105 0.037739 0.6472
0.55033 0.037656 0.66526
0.57379 0.037739 0.6437
0.54268 0.037625 0.67198
0.55025 0.037579 0.69448
0.56617 0.037634 0.67571
0.55705 0.037586 0.69515
0.53826 0.03753 0.71003
0.54041 0.037518 0.72555
0.56063 0.037579 0.70352
0.54104 0.037491 0.7372
0.55407 0.037478 0.74607
0.56416 0.037488 0.76051
0.53962 0.037492 0.76775
0.54331 0.037499 0.79182
0.56457 0.03748 0.77901
0.5642 0.037506 0.79606
0.54835 0.037508 0.80325
0.54309 0.03749 0.82806
0.55493 0.037505 0.80574
0.55578 0.03749 0.82449
0.54013 0.037488 0.84674
0.55354 0.03749 0.84538
0.56039 0.037495 0.86094
0.54181 0.037497 0.88552
0.5566 0.037498 0.87988
0.56436 0.037499 0.88754
0.54688 0.037504 0.90755
0.53734 0.03745 0.92831
0.55909 0.037506 0.91089
0.55524 0.037457 0.92793
0.54391 0.0374 0.94334
0.54791 0.033337 0.95974
0.56324 0.037417 0.9405
0.55424 0.033738 0.9527
0.54716 0.036351 0.52411
0.56595 0.036513 0.53657
0.57695 0.037513 0.045228
0.5874 0.037511 0.040756
0.59555 0.03751 0.063376
0.57311 0.037514 0.096126
0.58979 0.03751 0.073879
0.59638 0.037509 0.09538
0.57246 0.037509 0.11185
0.57739 0.037517 0.12681
0.59512 0.037506 0.10633
0.58787 0.037507 0.11807
0.58353 0.037514 0.14508
0.60025 0.037507 0.1382
0.59493 0.037516 0.15601
0.58156 0.037511 0.1752
0.5747 0.037521 0.18491
0.5903 0.037504 0.17809
0.60047 0.037499 0.18537
0.57616 0.037545 0.21938
0.5957 0.037518 0.21167
0.58147 0.037574 0.23938
0.5814 0.037615 0.25701
0.60526 0.037537 0.23766
0.59808 0.037588 0.25886
0.58922 0.037631 0.26482
0.60043 0.037727 0.27429
0.60402 0.037912 0.28704
0.58184 0.037628 0.29384
0.58586 0.037636 0.30826
0.60185 0.037749 0.30157
0.59673 0.037624 0.31244
0.57973 0.037647 0.33107
0.59527 0.037525 0.34471
0.5931 0.037504 0.35953
0.57115 0.037651 0.36478
0.55917 0.037437 0.3974
0.57726 0.037476 0.38453
0.55122 0.037129 0.41758
0.54942 0.037139 0.43211
0.57327 0.037451 0.41713
0.54292 0.03734 0.44368
0.5396 0.037412 0.46287
0.54536 0.037486 0.45198
0.54521 0.037291 0.46113
0.55051 0.036701 0.48848
0.57554 0.037392 0.50576
0.55241 0.037019 0.47894
0.57835 0.037561 0.50322
0.6072 0.037623 0.53106
0.61523 0.038222 0.54896
0.60446 0.037655 0.52146
0.61972 0.038311 0.5519
0.61125 0.037916 0.5646
0.60496 0.03778 0.59541
0.62069 0.038197 0.56219
0.6166 0.03803 0.58179
0.61184 0.038088 0.60961
0.61829 0.038139 0.60557
0.62119 0.038155 0.62582
0.60275 0.037975 0.63328
0.59554 0.037831 0.63976
0.62131 0.038225 0.64595
0.5866 0.037705 0.65033
0.57982 0.037625 0.66787
0.61968 0.038014 0.6575
0.60193 0.037674 0.66785
0.5837 0.037623 0.6775
0.59434 0.03764 0.67552
0.59186 0.037622 0.69072
0.57235 0.037542 0.72224
0.59187 0.037555 0.72099
0.57316 0.037517 0.73445
0.59725 0.03749 0.74646
0.59241 0.037494 0.76232
0.5712 0.037486 0.78642
0.59169 0.037503 0.7963
0.57863 0.03751 0.79979
0.57698 0.03749 0.81729
0.59024 0.037495 0.81325
0.57787 0.037496 0.84232
0.59664 0.037501 0.84364
0.57333 0.037501 0.87039
0.59622 0.037505 0.89395
0.57351 0.037507 0.90949
0.59248 0.037509 0.90784
0.57369 0.0374 0.9466
0.57684 0.034054 0.95189
0.59101 0.03743 0.942
0.5857 0.033334 0.96317
0.611 0.037507 0.045492
0.61339 0.037507 0.062575
0.63123 0.037505 0.042763
0.63317 0.037505 0.054085
0.61685 0.037505 0.076197
0.60518 0.037509 0.088414
0.63357 0.037502 0.080731
0.62862 0.037505 0.087059
0.61271 0.037501 0.11281
0.61142 0.037505 0.12891
0.62421 0.0375 0.10622
0.63061 0.037498 0.12615
0.60568 0.037505 0.13355
0.61728 0.0375 0.16244
0.63057 0.037495 0.13662
0.63141 0.037492 0.15171
0.6104 0.037495 0.17436
0.61756 0.03749 0.18771
0.63035 0.03749 0.16997
0.61689 0.037493 0.21005
0.61143 0.037523 0.22863
0.62607 0.037485 0.21445
0.62662 0.037501 0.22773
0.61 0.037507 0.25501
0.6253 0.037489 0.2478
0.62671 0.037517 0.25973
0.62311 0.037761 0.28329
0.60978 0.037504 0.31795
0.61938 0.03771 0.30094
0.62268 0.037446 0.33991
0.6159 0.037449 0.34704
0.61175 0.037362 0.37801
0.58851 0.037427 0.3847
0.58274 0.037529 0.40998
0.60064 0.037346 0.38533
0.59442 0.037588 0.40918
0.56548 0.037212 0.43964
0.58013 0.037166 0.43714
0.56483 0.036993 0.4517
0.56251 0.036853 0.47455
0.57429 0.036914 0.45803
0.57908 0.036945 0.46179
0.58707 0.037278 0.49624
0.59029 0.037116 0.4817
0.6063 0.037301 0.49918
0.61362 0.037647 0.51397
0.62619 0.038314 0.54382
0.62321 0.037587 0.51036
0.63194 0.037978 0.53454
0.63334 0.038245 0.55669
0.63365 0.038044 0.57894
0.64266 0.038115 0.55548
0.64044 0.03808 0.57417
0.63347 0.038039 0.59509
0.64396 0.038021 0.60423
0.63299 0.038237 0.63954
0.64784 0.037984 0.6397
0.62754 0.038239 0.6573
0.61661 0.037829 0.66923
0.63598 0.037851 0.67659
0.63688 0.037717 0.68476
0.6085 0.03762 0.70339
0.60643 0.037555 0.72096
0.62807 0.037543 0.72437
0.61076 0.037517 0.73998
0.60549 0.037488 0.75285
0.62516 0.037506 0.7434
0.625 0.03749 0.75136
0.6094 0.037486 0.77862
0.61073 0.037488 0.78494
0.62607 0.037488 0.77862
0.62843 0.037489 0.78577
0.60336 0.03751 0.80139
0.60634 0.037504 0.83037
0.62862 0.037509 0.80454
0.6325 0.037509 0.8276
0.60699 0.037508 0.83762
0.6025 0.037499 0.85232
0.62505 0.037512 0.84193
0.62277 0.037504 0.85592
0.60974 0.037506 0.86939
0.60467 0.037505 0.89002
0.61889 0.037508 0.87804
0.62879 0.03751 0.88791
0.60742 0.037511 0.9088
0.60823 0.037488 0.92625
0.61983 0.037491 0.9277
0.61002 0.037457 0.94499
0.6219 0.037473 0.93759
0.62799 0.033334 0.96437
0.64035 0.037504 0.047156
0.65517 0.037503 0.038438
0.65721 0.037501 0.064444
0.64778 0.0375 0.080145
0.64176 0.037499 0.096965
0.66492 0.037498 0.074536
0.66781 0.037498 0.086412
0.65734 0.03749 0.11143
0.64989 0.037489 0.16278
0.65983 0.037486 0.14411
0.66117 0.037487 0.16243
0.64551 0.037483 0.17207
0.64701 0.037482 0.19652
0.66011 0.037472 0.17962
0.65668 0.037469 0.18692
0.64665 0.037479 0.20375
0.64387 0.037475 0.22135
0.66554 0.037467 0.20692
0.66424 0.037468 0.22372
0.63888 0.037487 0.24539
0.64211 0.037488 0.26652
0.65408 0.037433 0.27065
0.63217 0.037578 0.28387
0.63097 0.037555 0.29741
0.65977 0.037375 0.28385
0.64803 0.037367 0.29385
0.63614 0.037424 0.319
0.64725 0.037409 0.34134
0.62821 0.037434 0.34837
0.62099 0.037298 0.38125
0.64652 0.037377 0.35216
0.6419 0.037277 0.37718
0.60798 0.037426 0.41168
0.61896 0.037291 0.40714
0.60611 0.037208 0.43715
0.62043 0.037194 0.42635
0.61963 0.037195 0.4366
0.59661 0.037093 0.45511
0.60817 0.037081 0.46763
0.6227 0.037167 0.45336
0.61583 0.037178 0.48589
0.61941 0.037216 0.4924
0.62818 0.037202 0.48433
0.6402 0.037322 0.49797
0.63118 0.037463 0.50686
0.64226 0.03775 0.52661
0.64965 0.037491 0.51168
0.6644 0.037637 0.52827
0.66478 0.037839 0.55329
0.66844 0.037832 0.57071
0.66051 0.037925 0.58277
0.66689 0.03784 0.60321
0.68142 0.037814 0.60394
0.6619 0.037802 0.6341
0.67794 0.037791 0.61723
0.66858 0.037786 0.63848
0.65443 0.037951 0.65188
0.6751 0.037728 0.6513
0.65144 0.037574 0.69084
0.6571 0.037737 0.67373
0.65814 0.037595 0.68583
0.64411 0.037482 0.70646
0.64121 0.037514 0.72337
0.6578 0.037472 0.71149
0.6673 0.037495 0.72396
0.64688 0.037508 0.73418
0.64128 0.037493 0.75307
0.66046 0.037503 0.74131
0.65712 0.037489 0.7516
0.63681 0.037491 0.77675
0.64624 0.037491 0.78908
0.65497 0.037491 0.7719
0.65505 0.037495 0.79314
0.646 0.037504 0.80655
0.64266 0.037509 0.82766
0.66257 0.037509 0.81002
0.66433 0.037514 0.8292
0.64425 0.037514 0.83523
0.64381 0.037511 0.85209
0.6542 0.037519 0.84016
0.65968 0.037517 0.8618
0.6478 0.037515 0.87953
0.6477 0.037514 0.8875
0.65452 0.037516 0.8807
0.66292 0.03752 0.89297
0.64388 0.037519 0.90715
0.6364 0.037484 0.9268
0.6626 0.037522 0.90216
0.65888 0.037512 0.91811
0.63526 0.037446 0.94149
0.64091 0.033599 0.95344
0.65617 0.037431 0.93941
0.66415 0.033459 0.95459
0.68227 0.0375 0.045232
0.68441 0.037499 0.052105
0.70082 0.037498 0.040741
0.69212 0.037498 0.059714
0.6997 0.037496 0.072767
0.69817 0.037494 0.0934
0.67226 0.037493 0.10358
0.67267 0.03749 0.1257
0.67615 0.037485 0.14372
0.67825 0.037485 0.16095
0.68145 0.037473 0.17361
0.69388 0.037465 0.17824
0.68064 0.037454 0.2125
0.6714 0.037462 0.2242
0.69509 0.03744 0.21943
0.68677 0.037439 0.23309
0.67433 0.037429 0.24804
0.68498 0.037402 0.2544
0.69052 0.037397 0.25952
0.67079 0.037359 0.29826
0.6887 0.037351 0.2881
0.68033 0.037347 0.29689
0.66113 0.037377 0.33606
0.6805 0.037345 0.3249
0.67918 0.037344 0.33184
0.6661 0.037304 0.35138
0.65718 0.03727 0.36601
0.67204 0.037272 0.36043
0.66571 0.037235 0.37488
0.64696 0.037193 0.3899
0.64069 0.037149 0.40206
0.66691 0.037205 0.39259
0.66587 0.037202 0.40205
0.64701 0.037148 0.41858
0.64068 0.037178 0.43877
0.66098 0.037197 0.4183
0.66902 0.037211 0.43317
0.64442 0.037177 0.46822
0.66684 0.037202 0.45279
0.65118 0.037238 0.48249
0.66405 0.037304 0.49352
0.67827 0.037283 0.47931
0.68487 0.037378 0.49759
0.66418 0.037514 0.513
0.67068 0.037621 0.52955
0.68911 0.037519 0.52089
0.67472 0.037662 0.53897
0.68533 0.037696 0.566
0.69138 0.037572 0.53719
0.7026 0.037629 0.56642
0.69074 0.037775 0.60611
0.70185 0.037655 0.57798
0.71528 0.03768 0.60172
0.69898 0.037712 0.61178
0.70905 0.037675 0.61939
0.70966 0.037646 0.6349
0.68724 0.037669 0.65174
0.68484 0.037642 0.65947
0.70221 0.037648 0.64408
0.701 0.037603 0.65876
0.67684 0.037527 0.69272
0.69421 0.037523 0.68686
0.68241 0.037517 0.71073
0.67314 0.037501 0.72231
0.68891 0.037523 0.70222
0.67853 0.037503 0.7468
0.67172 0.037499 0.76235
0.69458 0.037512 0.73876
0.69828 0.037512 0.76059
0.6749 0.037503 0.77099
0.67699 0.037503 0.79007
0.6928 0.037513 0.76992
0.68686 0.037511 0.79775
0.67265 0.037511 0.80521
0.6861 0.037514 0.80338
0.68809 0.037519 0.82647
0.6801 0.03752 0.84758
0.69388 0.037524 0.83727
0.68693 0.037524 0.86422
0.67997 0.037524 0.87036
0.6904 0.037526 0.86937
0.69087 0.037528 0.89368
0.67849 0.037527 0.90776
0.66923 0.037465 0.93014
0.68909 0.037469 0.92939
0.68009 0.037414 0.94213
0.68142 0.033334 0.96339
0.6952 0.033351 0.95752
0.71055 0.037498 0.037507
0.70953 0.037498 0.055288
0.72609 0.037498 0.042761
0.72865 0.037496 0.061523
0.71218 0.037494 0.077374
0.72953 0.037493 0.076793
0.71236 0.037487 0.10308
0.70878 0.037482 0.12912
0.72725 0.037479 0.11467
0.73092 0.037478 0.13034
0.70636 0.037474 0.16157
0.73279 0.037474 0.15023
0.7304 0.037471 0.16301
0.70674 0.037461 0.1806
0.7043 0.037453 0.19847
0.72243 0.037466 0.17242
0.73102 0.037457 0.19145
0.70601 0.037447 0.20622
0.70478 0.037434 0.22603
0.72047 0.037438 0.21468
0.70986 0.037407 0.25376
0.72784 0.03739 0.2606
0.71045 0.037371 0.27788
0.70754 0.037352 0.29942
0.69335 0.037353 0.31677
0.69803 0.037324 0.33958
0.7204 0.037337 0.31696
0.70592 0.037316 0.34055
0.69838 0.037306 0.34631
0.69427 0.037258 0.36974
0.71088 0.037309 0.34642
0.71369 0.037288 0.36825
0.69332 0.037222 0.38835
0.68 0.03722 0.40007
0.70429 0.037255 0.38025
0.69763 0.037226 0.40306
0.68425 0.037222 0.42141
0.7091 0.037279 0.41066
0.69824 0.037251 0.42808
0.68884 0.037218 0.44176
0.68295 0.037244 0.46518
0.70706 0.037301 0.44664
0.70395 0.037301 0.46162
0.692 0.03727 0.47283
0.69582 0.037326 0.49054
0.69962 0.037289 0.47056
0.71043 0.03737 0.49178
0.71128 0.037416 0.50744
0.72016 0.03745 0.52062
0.70947 0.037551 0.54615
0.72648 0.037489 0.54449
0.73518 0.037506 0.56594
0.73073 0.037768 0.60395
0.73769 0.037516 0.58022
0.73567 0.037647 0.59257
0.72503 0.037694 0.62935
0.73708 0.037931 0.61088
0.74044 0.037826 0.6277
0.72033 0.037604 0.64781
0.72357 0.037579 0.65443
0.73329 0.037618 0.64168
0.73342 0.037574 0.66168
0.71734 0.037533 0.68216
0.71228 0.03753 0.69093
0.72902 0.037562 0.67367
0.73143 0.037541 0.68814
0.71798 0.037526 0.71041
0.70557 0.037518 0.72329
0.72239 0.03752 0.71972
0.70882 0.037519 0.73997
0.70803 0.037515 0.75443
0.72982 0.037523 0.73808
0.72559 0.037517 0.75703
0.71222 0.037526 0.77425
0.703 0.037517 0.79046
0.72401 0.037527 0.77348
0.71228 0.037524 0.81375
0.70296 0.037523 0.82552
0.72493 0.037528 0.80251
0.71512 0.037531 0.83537
0.70287 0.037528 0.85818
0.7215 0.037533 0.83573
0.70981 0.037533 0.88046
0.70379 0.03753 0.88514
0.71994 0.037536 0.87184
0.73201 0.037541 0.89548
0.70273 0.037534 0.90843
0.71397 0.037529 0.91788
0.73026 0.037543 0.90515
0.70951 0.033337 0.95967
0.73153 0.037433 0.94016
0.73996 0.037499 0.043789
0.74259 0.037497 0.057985
0.76212 0.037497 0.059328
0.75695 0.037491 0.07837
0.75462 0.037488 0.092717
0.76497 0.037485 0.10666
0.75489 0.037482 0.1205
0.74295 0.037475 0.14957
0.73907 0.037475 0.15553
0.75616 0.037477 0.13732
0.76369 0.037467 0.16135
0.73995 0.037464 0.17531
0.74481 0.03745 0.19921
0.75544 0.037455 0.18229
0.75345 0.037447 0.19746
0.74781 0.037437 0.21126
0.74084 0.037415 0.23692
0.75832 0.037421 0.23048
0.73935 0.037397 0.25078
0.76192 0.03741 0.24123
0.74179 0.037365 0.27619
0.72888 0.037348 0.29332
0.75589 0.037367 0.27936
0.72882 0.037331 0.33542
0.74436 0.03734 0.30997
0.7449 0.037334 0.33149
0.72484 0.03732 0.3477
0.72163 0.037296 0.3728
0.74378 0.037314 0.35257
0.74705 0.037309 0.36371
0.73061 0.037273 0.38614
0.72545 0.037273 0.3944
0.74896 0.0373 0.38156
0.7379 0.037276 0.39588
0.72228 0.037285 0.40884
0.72058 0.037299 0.43403
0.74373 0.037294 0.41637
0.71769 0.03731 0.44574
0.71965 0.037328 0.4635
0.74134 0.0373 0.44567
0.74557 0.037312 0.45575
0.73128 0.037316 0.46984
0.72446 0.037359 0.48803
0.74997 0.037343 0.47497
0.74949 0.037353 0.48494
0.75108 0.037388 0.50644
0.74832 0.037414 0.52869
0.73763 0.037461 0.54313
0.74152 0.037479 0.56251
0.7534 0.037436 0.53942
0.76329 0.037463 0.55517
0.75141 0.037482 0.58581
0.75584 0.037747 0.60395
0.75913 0.037765 0.60773
0.74587 0.037634 0.64086
0.74587 0.037579 0.65932
0.76265 0.037606 0.64188
0.74882 0.037589 0.67379
0.74549 0.037559 0.69368
0.76555 0.037565 0.68185
0.7485 0.037549 0.71302
0.74495 0.037535 0.73207
0.7443 0.037521 0.74947
0.74119 0.037521 0.75381
0.75946 0.037526 0.75669
0.746 0.037532 0.77497
0.74482 0.037534 0.79378
0.75468 0.037529 0.77034
0.74904 0.037536 0.81397
0.74844 0.037539 0.83171
0.75667 0.037537 0.80515
0.76242 0.037539 0.82342
0.73905 0.03754 0.85895
0.75679 0.037543 0.847
0.74396 0.037543 0.86848
0.73998 0.037544 0.89741
0.7566 0.037546 0.87775
0.75598 0.037547 0.89264
0.7468 0.037547 0.90181
0.76223 0.037552 0.90893
0.75486 0.037503 0.92866
0.73725 0.037444 0.93908
0.73902 0.033351 0.95761
0.76377 0.033336 0.96067
0.77354 0.037499 0.044209
0.78186 0.037498 0.052943
0.79623 0.0375 0.047802
0.79908 0.037497 0.064062
0.77717 0.037493 0.069597
0.79116 0.03749 0.091867
0.78168 0.037484 0.1158
0.78059 0.037478 0.13172
0.79233 0.037486 0.11228
0.79585 0.037481 0.12685
0.78143 0.037471 0.14686
0.77851 0.037465 0.16052
0.78832 0.037474 0.1396
0.78915 0.037462 0.16514
0.7781 0.037452 0.18114
0.79727 0.037461 0.17156
0.78536 0.037443 0.19995
0.77629 0.037437 0.21148
0.77808 0.037423 0.23327
0.79186 0.037436 0.21607
0.78714 0.037425 0.23199
0.76889 0.037409 0.24354
0.76662 0.037385 0.26972
0.78635 0.037416 0.24182
0.78568 0.037403 0.26003
0.78677 0.037391 0.2819
0.75918 0.037346 0.32031
0.76436 0.037343 0.33525
0.79071 0.037365 0.30731
0.77705 0.037336 0.32902
0.76385 0.037332 0.35151
0.76158 0.037324 0.36723
0.77503 0.037329 0.34385
0.77325 0.037321 0.36291
0.76353 0.037316 0.3819
0.76694 0.037309 0.39735
0.78218 0.037327 0.3797
0.78226 0.037327 0.39746
0.76488 0.037309 0.4115
0.76096 0.037312 0.42588
0.77345 0.037317 0.40862
0.77852 0.037328 0.43066
0.76044 0.03732 0.44572
0.77674 0.03733 0.44785
0.7743 0.037327 0.45216
0.75761 0.037343 0.47157
0.76509 0.037353 0.48663
0.77819 0.037346 0.46968
0.78816 0.03738 0.49096
0.77298 0.037378 0.51071
0.78238 0.037382 0.50712
0.79187 0.037417 0.528
0.7689 0.037463 0.55886
0.78715 0.037419 0.53354
0.79202 0.037449 0.56093
0.77684 0.037467 0.57904
0.77428 0.037499 0.59054
0.79074 0.037457 0.57684
0.78013 0.037483 0.60378
0.78872 0.037477 0.60505
0.77277 0.037607 0.63674
0.77416 0.037575 0.65749
0.79634 0.037558 0.64341
0.79175 0.037555 0.66424
0.77528 0.037559 0.6822
0.77706 0.037552 0.69048
0.7976 0.037546 0.68054
0.7971 0.037544 0.68575
0.78106 0.037539 0.70999
0.77087 0.037539 0.73123
0.78741 0.037537 0.73252
0.77741 0.037541 0.74102
0.78071 0.037534 0.76353
0.79772 0.03754 0.74114
0.79567 0.037544 0.79397
0.77103 0.037541 0.81513
0.77734 0.037544 0.83004
0.7876 0.037544 0.80567
0.79778 0.037549 0.83011
0.77634 0.037548 0.85257
0.78781 0.037549 0.84155
0.77814 0.037552 0.87673
0.77192 0.037552 0.8949
0.79552 0.037557 0.89176
0.77721 0.03751 0.93082
0.79173 0.037559 0.91276
0.7816 0.037463 0.94768
0.77269 0.033334 0.96302
0.79105 0.037476 0.94116
0.79622 0.033388 0.95602
0.80363 0.037501 0.047073
0.80424 0.0375 0.054593
0.8294 0.037502 0.047236
0.83181 0.037502 0.052589
0.80346 0.037493 0.078089
0.80491 0.037491 0.093802
0.82841 0.037498 0.073827
0.82127 0.037493 0.090891
0.80998 0.037489 0.10636
0.80853 0.037484 0.12463
0.82015 0.037489 0.10932
0.82699 0.037484 0.12689
0.82681 0.037478 0.14232
0.81865 0.037464 0.17714
0.81828 0.03746 0.18919
0.80828 0.037444 0.21056
0.80085 0.037433 0.22656
0.82911 0.037445 0.21616
0.8252 0.037438 0.22638
0.80123 0.037423 0.24237
0.80349 0.037414 0.26295
0.82543 0.037419 0.26221
0.81014 0.037403 0.28594
0.80455 0.037396 0.29505
0.82624 0.037406 0.28223
0.81824 0.037392 0.29821
0.80764 0.037378 0.30779
0.80063 0.037355 0.32413
0.81942 0.037381 0.30876
0.81073 0.037354 0.33283
0.79628 0.037341 0.34847
0.80075 0.03734 0.35776
0.81088 0.037346 0.3503
0.79415 0.037334 0.38185
0.7925 0.037336 0.39979
0.81918 0.037336 0.38106
0.79273 0.037341 0.41162
0.79341 0.037348 0.42933
0.81237 0.037334 0.42401
0.79426 0.037352 0.44279
0.80451 0.037342 0.454
0.81973 0.037344 0.43928
0.79713 0.03737 0.47126
0.79386 0.037387 0.49098
0.79581 0.037402 0.50968
0.80682 0.037393 0.5185
0.81891 0.037387 0.51844
0.80676 0.037439 0.55337
0.81656 0.037422 0.54919
0.80969 0.037472 0.59596
0.8294 0.037457 0.57559
0.82504 0.037466 0.59285
0.81272 0.037475 0.61147
0.81462 0.037496 0.62651
0.8275 0.037471 0.60595
0.82186 0.037484 0.62318
0.80838 0.03755 0.64524
0.80911 0.037549 0.65219
0.82265 0.0375 0.63439
0.81461 0.037539 0.66815
0.8076 0.037543 0.69812
0.82572 0.037533 0.68629
0.80997 0.037542 0.70974
0.82436 0.037536 0.70849
0.80643 0.037541 0.73634
0.80715 0.037543 0.76192
0.83258 0.037541 0.74033
0.83303 0.037544 0.75541
0.80405 0.037543 0.775
0.80759 0.037547 0.7963
0.83159 0.037547 0.77854
0.82526 0.037548 0.79306
0.81025 0.03755 0.80573
0.82464 0.037555 0.82645
0.80432 0.037554 0.84643
0.81077 0.037557 0.85921
0.82959 0.037558 0.8424
0.82914 0.037561 0.86154
0.81466 0.03756 0.87159
0.80417 0.037559 0.89044
0.82625 0.037564 0.8804
0.80585 0.037562 0.90562
0.80489 0.037545 0.92087
0.81868 0.037565 0.90684
0.8049 0.037476 0.93756
0.81262 0.033335 0.96107
0.82728 0.037436 0.94775
0.82093 0.033334 0.96334
0.84253 0.037503 0.044909
0.83942 0.037502 0.055218
0.86155 0.037503 0.045064
0.84528 0.037499 0.079788
0.84871 0.037496 0.0921
0.85221 0.0375 0.074884
0.85393 0.037497 0.090335
0.85543 0.03749 0.10915
0.85459 0.037484 0.13307
0.83923 0.037478 0.14819
0.8458 0.037475 0.16065
0.85857 0.037482 0.14347
0.85235 0.037478 0.1538
0.83624 0.037465 0.1832
0.83846 0.03746 0.19416
0.8558 0.037465 0.18301
0.86346 0.037459 0.1981
0.84704 0.037452 0.21093
0.83435 0.037438 0.23204
0.85848 0.037452 0.21278
0.84992 0.037441 0.23312
0.84424 0.037433 0.2474
0.85401 0.037434 0.24773
0.85574 0.037429 0.25833
0.85153 0.037414 0.27686
0.8528 0.037401 0.29712
0.836 0.037384 0.31695
0.8287 0.037373 0.32641
0.85486 0.037396 0.309
0.84902 0.037386 0.32152
0.83184 0.037365 0.35554
0.8498 0.037379 0.34312
0.85771 0.037377 0.36109
0.83476 0.037359 0.38044
0.84451 0.037364 0.37856
0.85371 0.037368 0.39053
0.83847 0.037358 0.40947
0.83979 0.037356 0.422
0.84462 0.037361 0.4043
0.85437 0.037367 0.42877
0.83177 0.037357 0.4403
0.8262 0.037354 0.45504
0.84689 0.03736 0.4441
0.85274 0.037368 0.45811
0.83056 0.037367 0.47478
0.83635 0.037376 0.48844
0.83659 0.037391 0.50925
0.8444 0.037404 0.52715
0.86082 0.037409 0.51821
0.84108 0.037418 0.53751
0.84305 0.037434 0.55286
0.85965 0.037424 0.53792
0.85748 0.037433 0.55072
0.84596 0.037449 0.57248
0.83916 0.037474 0.59228
0.86019 0.037447 0.57111
0.85303 0.037458 0.588
0.84819 0.037482 0.61832
0.85801 0.037468 0.59948
0.8531 0.037485 0.62894
0.84832 0.037502 0.65819
0.86326 0.037491 0.63719
0.85761 0.037503 0.66177
0.84746 0.037516 0.67857
0.83885 0.037526 0.68815
0.85976 0.037508 0.67067
0.86249 0.03752 0.69613
0.84013 0.03753 0.70664
0.84658 0.037535 0.72488
0.85445 0.037521 0.703
0.85517 0.037532 0.72768
0.84397 0.03754 0.73783
0.84112 0.037546 0.76428
0.85665 0.037543 0.75995
0.83746 0.037551 0.79499
0.86028 0.037547 0.77081
0.86436 0.037552 0.79005
0.8407 0.037556 0.81486
0.86293 0.037556 0.80454
0.85977 0.037559 0.82207
0.8426 0.037561 0.84261
0.85941 0.037562 0.83838
0.86043 0.037565 0.85602
0.84503 0.037568 0.87489
0.84055 0.037569 0.89588
0.85905 0.037569 0.86907
0.84396 0.037565 0.91798
0.8628 0.037573 0.90458
0.85429 0.037558 0.92106
0.84844 0.037512 0.93513
0.84152 0.033336 0.96032
0.86169 0.037523 0.93469
0.85994 0.033334 0.96349
0.86919 0.037504 0.039206
0.87089 0.037503 0.061482
0.88569 0.037505 0.040026
0.88716 0.037505 0.052209
0.88042 0.037502 0.077103
0.88089 0.037499 0.092957
0.89554 0.037503 0.079202
0.88968 0.037502 0.086728
0.88011 0.037494 0.10989
0.88076 0.037489 0.12891
0.88926 0.037492 0.11983
0.87378 0.037485 0.13941
0.88088 0.037479 0.15978
0.89256 0.037485 0.14911
0.88754 0.037478 0.16353
0.87459 0.037462 0.1929
0.89158 0.037475 0.17117
0.8955 0.037467 0.19124
0.86959 0.037456 0.20606
0.87482 0.037451 0.22187
0.88864 0.037457 0.2129
0.88427 0.037451 0.22427
0.86666 0.037441 0.23983
0.86854 0.03742 0.27724
0.87016 0.037412 0.29224
0.89466 0.037428 0.27117
0.88642 0.037416 0.29405
0.86518 0.037401 0.31695
0.87525 0.037407 0.32465
0.88299 0.037413 0.3051
0.88149 0.037409 0.32144
0.87164 0.037392 0.34647
0.88864 0.037398 0.34084
0.89374 0.037391 0.35405
0.87112 0.037377 0.38062
0.86304 0.037372 0.38834
0.88682 0.037382 0.37272
0.88976 0.037379 0.39286
0.8655 0.037375 0.40773
0.86793 0.037377 0.41991
0.89081 0.03738 0.413
0.88597 0.037379 0.41866
0.87535 0.037382 0.44068
0.88002 0.037384 0.45025
0.87589 0.037397 0.47836
0.8744 0.037407 0.49289
0.88149 0.037404 0.49108
0.8651 0.037405 0.5026
0.8738 0.037428 0.52687
0.88521 0.037415 0.51035
0.88729 0.037422 0.52299
0.87028 0.037432 0.53679
0.88711 0.037429 0.53494
0.89181 0.037437 0.54905
0.87658 0.037452 0.57104
0.87497 0.037467 0.59384
0.8892 0.037448 0.57144
0.88658 0.037462 0.59464
0.87422 0.037472 0.60219
0.88016 0.037487 0.62794
0.88642 0.037469 0.60575
0.88621 0.03748 0.62308
0.87869 0.037499 0.64594
0.88792 0.037492 0.64363
0.89126 0.037499 0.65595
0.87162 0.03751 0.6724
0.89806 0.037519 0.6951
0.87138 0.037529 0.71095
0.88018 0.037535 0.72827
0.89474 0.037523 0.70158
0.89012 0.037531 0.72081
0.87305 0.037539 0.74363
0.87162 0.037545 0.76339
0.88695 0.037538 0.74145
0.89747 0.037543 0.76239
0.87402 0.03755 0.77884
0.8781 0.037555 0.79574
0.88982 0.037551 0.78645
0.87101 0.037559 0.81418
0.87711 0.037562 0.82333
0.88881 0.037557 0.80327
0.87633 0.037565 0.83912
0.88099 0.03757 0.86244
0.89414 0.037565 0.83817
0.88591 0.037569 0.85751
0.8741 0.037575 0.89011
0.89159 0.037572 0.86864
0.89458 0.037576 0.88875
0.87943 0.037577 0.90255
0.88066 0.037551 0.92827
0.89262 0.037578 0.90908
0.89617 0.037541 0.92988
0.87171 0.037517 0.94032
0.8976 0.033335 0.96099
0.90473 0.037507 0.037591
0.91165 0.037507 0.054537
0.92194 0.037488 0.038924
0.91466 0.037506 0.076128
0.90331 0.037502 0.091393
0.92819 0.03746 0.095647
0.91088 0.037497 0.11015
0.90894 0.037491 0.13091
0.92055 0.037485 0.10489
0.92301 0.037474 0.1196
0.90491 0.037489 0.13637
0.90719 0.037482 0.16061
0.92144 0.037472 0.14082
0.91252 0.037472 0.19024
0.92696 0.03745 0.17349
0.92959 0.037429 0.19844
0.91333 0.037466 0.20763
0.91071 0.037458 0.22484
0.92585 0.037427 0.21157
0.91747 0.037449 0.22877
0.90644 0.037442 0.24911
0.92629 0.037416 0.24539
0.91996 0.037426 0.25866
0.90589 0.037429 0.27274
0.92947 0.037388 0.28209
0.92827 0.037384 0.29626
0.90798 0.037407 0.32757
0.92069 0.037399 0.30463
0.91914 0.037395 0.32426
0.89975 0.037401 0.33835
0.90246 0.037392 0.36296
0.92625 0.037377 0.33881
0.91572 0.037389 0.35716
0.90111 0.037388 0.37316
0.90597 0.037388 0.39168
0.92105 0.037359 0.39593
0.92092 0.037357 0.40353
0.92713 0.037339 0.4297
0.90013 0.037388 0.4537
0.9233 0.037351 0.43445
0.90316 0.037405 0.47849
0.90057 0.037412 0.49404
0.92378 0.037358 0.47049
0.92108 0.037375 0.48423
0.90763 0.037417 0.50159
0.90892 0.037425 0.52111
0.92544 0.037373 0.51053
0.92285 0.037385 0.51752
0.9214 0.037399 0.53583
0.92357 0.037405 0.55233
0.91266 0.037467 0.59334
0.92331 0.037437 0.57295
0.92735 0.037448 0.59277
0.90841 0.037473 0.60256
0.9035 0.037482 0.61982
0.92057 0.037463 0.60362
0.92237 0.037465 0.61607
0.90222 0.037492 0.64118
0.93108 0.037435 0.64487
0.92187 0.037477 0.66075
0.9124 0.037511 0.68568
0.92387 0.037477 0.67878
0.9272 0.037467 0.69372
0.91167 0.037521 0.70275
0.92176 0.037496 0.70684
0.90878 0.037536 0.73919
0.91223 0.037541 0.75861
0.919 0.03752 0.73522
0.91846 0.037535 0.76379
0.9135 0.037546 0.77094
0.91254 0.037551 0.78755
0.92514 0.037519 0.77512
0.92588 0.037521 0.79483
0.90408 0.037559 0.815
0.91144 0.037561 0.82148
0.92027 0.03754 0.80235
0.91796 0.037554 0.82536
0.90531 0.037567 0.84473
0.90571 0.037571 0.86149
0.92282 0.037533 0.83537
0.91849 0.037562 0.86102
0.91119 0.037574 0.87246
0.91853 0.037566 0.87111
0.93007 0.037531 0.88884
0.90686 0.037578 0.9092
0.90806 0.037538 0.92837
0.92002 0.037564 0.90822
0.92808 0.0375 0.92441
0.90657 0.037499 0.94055
0.91269 0.03334 0.95906
0.9185 0.037485 0.93903
0.92376 0.033336 0.96033
0.93736 0.037431 0.042323
0.93762 0.037429 0.055079
0.95385 0.03359 0.037336
0.95733 0.033356 0.061792
0.93454 0.037438 0.07539
0.95983 0.033337 0.088461
0.94645 0.037399 0.10721
0.95897 0.03334 0.12905
0.94621 0.037388 0.14691
0.94262 0.0374 0.15744
0.95819 0.033345 0.14239
0.95142 0.03459 0.15973
0.93545 0.037428 0.17349
0.94535 0.037385 0.19721
0.95457 0.03347 0.19865
0.93889 0.037386 0.20724
0.93883 0.037375 0.23011
0.96306 0.033334 0.21588
0.96074 0.033335 0.22292
0.93953 0.037383 0.24889
0.9458 0.037368 0.25431
0.96062 0.033335 0.23859
0.95171 0.034182 0.26542
0.94218 0.037363 0.27281
0.93832 0.037361 0.2897
0.95914 0.033339 0.27704
0.93971 0.037353 0.30356
0.93893 0.037353 0.33111
0.95386 0.033507 0.30315
0.96418 0.033334 0.32544
0.94372 0.037349 0.34282
0.941 0.037346 0.35725
0.9578 0.033345 0.35989
0.93766 0.037335 0.36832
0.94529 0.037284 0.3968
0.96393 0.033334 0.37915
0.95045 0.034688 0.39555
0.94345 0.037287 0.40613
0.96311 0.033334 0.40891
0.95522 0.033394 0.42719
0.93886 0.037315 0.44314
0.94335 0.037306 0.44985
0.95203 0.033827 0.43398
0.95896 0.033339 0.45083
0.93654 0.037314 0.47036
0.9632 0.033334 0.47709
0.95388 0.033479 0.49259
0.94419 0.037301 0.50618
0.94008 0.037321 0.51948
0.95156 0.034041 0.50921
0.95905 0.033339 0.52412
0.93464 0.03736 0.55164
0.9641 0.033334 0.53641
0.9577 0.033347 0.55441
0.94197 0.037428 0.59071
0.93893 0.037431 0.60974
0.93922 0.037425 0.6187
0.95922 0.033339 0.62392
0.94299 0.037398 0.63579
0.96097 0.033335 0.63356
0.96341 0.033334 0.65608
0.94771 0.037383 0.67395
0.95965 0.033338 0.6721
0.95885 0.033341 0.69331
0.9398 0.037409 0.71171
0.93882 0.037417 0.72286
0.95369 0.033595 0.71352
0.95439 0.033495 0.71876
0.94277 0.037415 0.75426
0.95512 0.033433 0.74551
0.95939 0.033339 0.75451
0.94048 0.037476 0.77818
0.94052 0.037469 0.7981
0.95733 0.033356 0.78632
0.93895 0.037469 0.80322
0.95373 0.033603 0.81148
0.95878 0.033342 0.83
0.9374 0.037461 0.84551
0.96486 0.033333 0.85665
0.94216 0.037493 0.88563
0.95924 0.033339 0.8699
0.93721 0.037472 0.92162
0.95605 0.033389 0.90739
0.96452 0.033333 0.92017
0.93813 0.037419 0.93623
0.9418 0.033345 0.95825
0.95907 0.03334 0.94229
0.95398 0.033333 0.96272
