2635
1 1 1
0.035 0.037502 0.045072
0.041113 0.037502 0.054581
0.062738 0.037502 0.035712
0.058723 0.037502 0.051764
0.046278 0.037502 0.06955
0.043715 0.037503 0.094332
0.060093 0.037503 0.081533
0.056528 0.037503 0.098081
0.038634 0.037504 0.11186
0.041365 0.037504 0.12197
0.063714 0.037504 0.10853
0.063219 0.037506 0.14477
0.040527 0.037509 0.19118
0.058758 0.037509 0.18101
0.061595 0.037511 0.1968
0.036208 0.03751 0.20164
0.040506 0.037513 0.22771
0.053632 0.037511 0.20674
0.056783 0.037513 0.22021
0.04807 0.037515 0.2368
0.042499 0.037518 0.25807
0.053296 0.037516 0.24319
0.062272 0.03752 0.25789
0.047575 0.03752 0.26996
0.046743 0.037524 0.28703
0.056225 0.037523 0.27898
0.063938 0.037527 0.28771
0.062829 0.037533 0.30866
0.058341 0.037535 0.32368
0.045567 0.037537 0.34473
0.063252 0.037544 0.35333
0.046617 0.037543 0.37442
0.045619 0.037546 0.38767
0.061688 0.037548 0.37241
0.056962 0.037551 0.39391
0.04504 0.03755 0.40437
0.037784 0.037554 0.42339
0.061662 0.037558 0.40713
0.055128 0.037556 0.41834
0.042865 0.037558 0.44595
0.06053 0.037565 0.44381
0.05969 0.037566 0.45956
0.04224 0.03756 0.47268
0.044194 0.037561 0.48714
0.053148 0.037562 0.47243
0.059087 0.037568 0.49073
0.038639 0.03756 0.50661
0.038309 0.037559 0.52739
0.0556 0.037564 0.50858
0.06007 0.037567 0.52646
0.045866 0.037558 0.53871
0.043429 0.037555 0.56399
0.062122 0.037567 0.53722
0.060694 0.037563 0.55759
0.037229 0.037553 0.57504
0.036032 0.037549 0.59716
0.052298 0.037555 0.57363
0.054282 0.037553 0.59348
0.04402 0.037548 0.60191
0.036354 0.037543 0.6288
0.052124 0.037548 0.60789
0.058332 0.037549 0.62048
0.051981 0.03754 0.64809
0.054013 0.037538 0.65997
0.047883 0.037534 0.67178
0.053074 0.037535 0.66995
0.058795 0.037534 0.68744
0.03606 0.037523 0.72862
0.060493 0.037529 0.71183
0.05207 0.037525 0.72133
0.043671 0.037521 0.74492
0.037119 0.037519 0.76047
0.059487 0.037523 0.74164
0.052326 0.037519 0.75857
0.040926 0.037518 0.77103
0.037277 0.037515 0.79745
0.05851 0.037518 0.77951
0.056532 0.037517 0.7893
0.039818 0.037514 0.82427
0.053034 0.037515 0.81225
0.058663 0.037514 0.82971
0.038099 0.037514 0.84139
0.035041 0.037513 0.86033
0.05392 0.037514 0.8357
0.056273 0.037514 0.85826
0.035602 0.037513 0.87016
0.045221 0.037514 0.89165
0.058237 0.037514 0.87758
0.056695 0.037514 0.88784
0.041988 0.037514 0.91137
0.037097 0.035051 0.95611
0.05871 0.037451 0.94456
0.061164 0.035631 0.95408
0.079743 0.037503 0.045496
0.075581 0.037503 0.060151
0.078629 0.037504 0.089272
0.09497 0.037504 0.074672
0.092288 0.037504 0.089242
0.071699 0.037504 0.10763
0.072803 0.037505 0.13086
0.085773 0.037505 0.11014
0.090042 0.037506 0.12384
0.070291 0.037506 0.14191
0.090177 0.037507 0.13823
0.093635 0.037509 0.15997
0.072522 0.037509 0.17815
0.068528 0.037511 0.19321
0.095191 0.037512 0.17795
0.095751 0.037514 0.19336
0.07791 0.037514 0.2083
0.076573 0.037517 0.22535
0.089603 0.037517 0.21346
0.098045 0.037523 0.22927
0.070301 0.037519 0.24662
0.072937 0.037521 0.25307
0.086386 0.037523 0.24722
0.09089 0.037527 0.25546
0.07684 0.037528 0.27601
0.075977 0.037532 0.29336
0.096714 0.037536 0.27608
0.069076 0.037535 0.30996
0.069567 0.03754 0.32894
0.094187 0.037546 0.3085
0.092193 0.037552 0.32959
0.072554 0.037547 0.34791
0.091319 0.037557 0.34391
0.090078 0.037562 0.35874
0.07721 0.037559 0.38137
0.093309 0.037572 0.37494
0.097206 0.037582 0.38652
0.070897 0.037565 0.41229
0.075229 0.037571 0.42531
0.095695 0.037592 0.41455
0.088647 0.037584 0.42096
0.071017 0.037573 0.44682
0.086171 0.037585 0.43902
0.087632 0.037591 0.45752
0.076083 0.03758 0.4749
0.080355 0.037584 0.48519
0.092771 0.037602 0.48068
0.091891 0.037601 0.49128
0.070839 0.037576 0.50248
0.087641 0.037594 0.51911
0.079082 0.03758 0.53537
0.073722 0.037571 0.56286
0.084589 0.037581 0.56054
0.075616 0.037571 0.56885
0.070931 0.037562 0.59694
0.087697 0.037583 0.56906
0.090351 0.03758 0.59227
0.07571 0.037557 0.62622
0.09188 0.037576 0.6096
0.097007 0.037578 0.61882
0.074266 0.037553 0.63911
0.094383 0.037559 0.6618
0.069276 0.03754 0.67844
0.087512 0.03755 0.67075
0.090586 0.037546 0.69023
0.077319 0.037534 0.70815
0.068414 0.037527 0.72914
0.092191 0.037537 0.7206
0.071868 0.037525 0.74179
0.076858 0.037524 0.75411
0.089178 0.037531 0.73777
0.08601 0.037525 0.75885
0.072038 0.037521 0.77013
0.073548 0.037518 0.79613
0.09509 0.037523 0.7816
0.072814 0.037516 0.81323
0.080716 0.037516 0.82075
0.093704 0.03752 0.8039
0.090682 0.037517 0.82974
0.075099 0.037515 0.83994
0.074943 0.037514 0.85964
0.090391 0.037516 0.86348
0.07704 0.037514 0.88103
0.08893 0.037515 0.87191
0.085622 0.037515 0.88883
0.071643 0.037515 0.9087
0.077199 0.037502 0.93031
0.089364 0.037516 0.90149
0.071555 0.037486 0.93823
0.086293 0.037497 0.94703
0.11145 0.037504 0.039166
0.10683 0.037504 0.057961
0.12764 0.037504 0.037994
0.12305 0.037504 0.052689
0.10359 0.037504 0.069206
0.1081 0.037505 0.095746
0.12539 0.037506 0.098053
0.10653 0.037506 0.11204
0.11486 0.037508 0.13079
0.12642 0.037508 0.12023
0.10866 0.037509 0.14344
0.10371 0.03751 0.15834
0.12811 0.037514 0.15842
0.10892 0.037513 0.17554
0.1077 0.037516 0.19049
0.12904 0.037517 0.16964
0.12032 0.03752 0.19677
0.11433 0.037524 0.22013
0.11922 0.037522 0.20412
0.11847 0.03753 0.23068
0.10715 0.037529 0.24191
0.10213 0.037533 0.25976
0.12237 0.037535 0.24119
0.1082 0.037542 0.27742
0.10796 0.037547 0.29016
0.12227 0.037553 0.28116
0.13053 0.037564 0.28781
0.10861 0.037554 0.30775
0.10943 0.037566 0.33018
0.13026 0.03758 0.31339
0.11869 0.03757 0.32198
0.10623 0.037567 0.33793
0.10751 0.037582 0.3624
0.11822 0.037592 0.35745
0.10164 0.037579 0.36933
0.11896 0.037604 0.37376
0.12547 0.037637 0.39729
0.10554 0.0376 0.40167
0.1057 0.037612 0.42796
0.11697 0.037632 0.42823
0.10188 0.03761 0.44001
0.10305 0.037616 0.45161
0.11786 0.037642 0.44646
0.11973 0.037651 0.45861
0.10226 0.037618 0.47178
0.11084 0.037634 0.48788
0.12083 0.037659 0.47324
0.12676 0.037681 0.48989
0.10695 0.037627 0.50348
0.10208 0.037617 0.52454
0.12346 0.037666 0.5248
0.10832 0.037626 0.53676
0.10355 0.037613 0.55763
0.12548 0.037667 0.54183
0.10135 0.037601 0.57979
0.10353 0.037599 0.59249
0.12177 0.037642 0.57351
0.12296 0.037629 0.59792
0.11146 0.037597 0.61353
0.11151 0.037592 0.62329
0.12843 0.037619 0.62825
0.1084 0.037579 0.64208
0.10793 0.037572 0.65493
0.12184 0.0376 0.63662
0.11858 0.037579 0.6635
0.10657 0.03756 0.68003
0.12407 0.037577 0.67965
0.10897 0.037545 0.7251
0.12858 0.037569 0.70335
0.12963 0.037556 0.73073
0.10318 0.037538 0.73609
0.10717 0.037534 0.75255
0.12179 0.037537 0.76072
0.10854 0.037529 0.77189
0.12957 0.037536 0.77579
0.11909 0.037528 0.78809
0.1099 0.03752 0.82729
0.11898 0.037525 0.80218
0.12213 0.037522 0.83127
0.11121 0.037519 0.83732
0.12719 0.037522 0.84062
0.12696 0.03752 0.85442
0.10944 0.037517 0.87452
0.11313 0.037517 0.89131
0.12966 0.037519 0.88132
0.12311 0.037519 0.8962
0.10401 0.037517 0.90881
0.1224 0.037519 0.9111
0.12082 0.037503 0.92459
0.10561 0.037487 0.93796
0.13059 0.037455 0.94606
0.12901 0.033859 0.96453
0.14299 0.037505 0.039947
0.15853 0.037506 0.035314
0.16017 0.037507 0.053838
0.13562 0.037506 0.077269
0.14099 0.037508 0.096884
0.15388 0.037507 0.072923
0.15826 0.037509 0.091907
0.14059 0.037509 0.10816
0.14222 0.03751 0.11973
0.15282 0.03751 0.1129
0.15714 0.037512 0.11859
0.13563 0.037512 0.14009
0.13667 0.037517 0.16214
0.1614 0.037521 0.15568
0.13523 0.037521 0.18125
0.15928 0.037527 0.1757
0.15803 0.037531 0.18748
0.13778 0.037531 0.20883
0.14374 0.037542 0.22894
0.16082 0.037542 0.21018
0.13686 0.037544 0.24168
0.14686 0.037559 0.25716
0.15272 0.037551 0.23468
0.16037 0.037579 0.26335
0.13943 0.037562 0.27154
0.13886 0.037577 0.29359
0.15761 0.037581 0.27133
0.15428 0.037593 0.29034
0.14655 0.037597 0.30756
0.13444 0.03759 0.31843
0.15978 0.037616 0.30175
0.15192 0.037624 0.32488
0.13704 0.037618 0.3468
0.14617 0.037642 0.35351
0.1567 0.037648 0.33546
0.14314 0.03766 0.3776
0.13749 0.037656 0.38628
0.16037 0.037719 0.3804
0.13449 0.037682 0.42387
0.14873 0.037728 0.42738
0.14211 0.037714 0.4426
0.13534 0.037699 0.45604
0.15394 0.037762 0.44534
0.15228 0.037761 0.45494
0.13615 0.037709 0.47126
0.13438 0.037708 0.48734
0.15426 0.037785 0.47383
0.14358 0.037736 0.50985
0.14282 0.037728 0.52355
0.16022 0.037822 0.5019
0.13637 0.037698 0.54414
0.14294 0.037702 0.5652
0.15049 0.037745 0.54835
0.15977 0.037792 0.55275
0.14355 0.037691 0.58104
0.13829 0.037668 0.5934
0.15841 0.03775 0.58096
0.1571 0.03773 0.59289
0.13734 0.037652 0.61005
0.13994 0.037643 0.62715
0.15875 0.03771 0.61464
0.15399 0.037681 0.6246
0.14295 0.037621 0.65795
0.16236 0.037686 0.64331
0.15251 0.037639 0.6592
0.14028 0.037605 0.67096
0.14592 0.037596 0.69129
0.1505 0.037618 0.67467
0.15258 0.0376 0.69876
0.13427 0.037575 0.70246
0.14524 0.037567 0.73017
0.15691 0.037602 0.70515
0.1521 0.037574 0.72998
0.14502 0.037557 0.7457
0.13848 0.037545 0.76317
0.15764 0.037576 0.73648
0.16101 0.037566 0.75299
0.14103 0.037536 0.79039
0.15473 0.03755 0.77353
0.1559 0.037541 0.79604
0.14635 0.037534 0.80443
0.14357 0.037528 0.82587
0.16468 0.037539 0.81195
0.1569 0.037531 0.82617
0.14158 0.037523 0.84528
0.14809 0.037523 0.86058
0.1613 0.037528 0.84402
0.1613 0.037526 0.85978
0.13802 0.03752 0.87509
0.15796 0.037523 0.87928
0.15631 0.037522 0.89635
0.13601 0.03752 0.90796
0.14098 0.037493 0.92768
0.15835 0.037522 0.91003
0.1559 0.0375 0.92455
0.13716 0.036258 0.95232
0.15959 0.037459 0.9403
0.15924 0.034157 0.96134
0.1723 0.037507 0.045121
0.17926 0.037509 0.061866
0.18857 0.037509 0.045834
0.18759 0.037509 0.055646
0.1721 0.037509 0.077391
0.17591 0.037511 0.093475
0.19119 0.037512 0.078998
0.19092 0.037514 0.094626
0.17129 0.037513 0.10775
0.17556 0.037518 0.13113
0.18563 0.037515 0.10926
0.19263 0.03752 0.12017
0.17417 0.037521 0.14329
0.18099 0.037527 0.15686
0.18909 0.037527 0.14803
0.19349 0.037531 0.15336
0.18071 0.037546 0.19695
0.19234 0.037542 0.17542
0.1878 0.037549 0.19227
0.17688 0.037568 0.23049
0.18915 0.037559 0.2052
0.18837 0.037573 0.22375
0.17468 0.037576 0.24299
0.17692 0.037597 0.2612
0.18881 0.037605 0.25301
0.19005 0.037635 0.27443
0.1857 0.037654 0.29272
0.16839 0.037632 0.301
0.17482 0.03767 0.31808
0.18802 0.037695 0.31234
0.19043 0.037738 0.329
0.1675 0.037691 0.34541
0.17025 0.037709 0.35223
0.18434 0.037736 0.34071
0.18728 0.037768 0.35013
0.17641 0.037769 0.3747
0.1861 0.03782 0.37751
0.18313 0.037835 0.39432
0.17255 0.037832 0.42846
0.19089 0.037909 0.40615
0.19123 0.037951 0.42488
0.1723 0.037846 0.4411
0.17329 0.037867 0.45566
0.18741 0.037946 0.43823
0.18169 0.03793 0.46204
0.17016 0.037878 0.48825
0.18346 0.03797 0.47991
0.18625 0.038001 0.48784
0.16886 0.03787 0.5031
0.16845 0.037858 0.52961
0.18774 0.038017 0.5092
0.18526 0.037981 0.52976
0.16857 0.03785 0.54402
0.18069 0.037902 0.56072
0.17565 0.037838 0.57724
0.16622 0.037773 0.58983
0.18741 0.037908 0.58314
0.182 0.03784 0.59503
0.1751 0.037784 0.6061
0.16889 0.037729 0.62711
0.18265 0.037826 0.60433
0.1826 0.037789 0.62297
0.16914 0.037704 0.64531
0.17108 0.037696 0.65508
0.19367 0.037799 0.64939
0.19408 0.037774 0.66081
0.17108 0.03767 0.67284
0.16993 0.037645 0.68864
0.18364 0.037708 0.67071
0.18649 0.037683 0.69049
0.17596 0.037622 0.71567
0.17263 0.037604 0.72734
0.18617 0.037661 0.7034
0.18662 0.037619 0.73213
0.17893 0.037589 0.74669
0.172 0.037576 0.75441
0.18768 0.037602 0.74599
0.17091 0.037553 0.78953
0.1916 0.037586 0.7693
0.19082 0.037564 0.79584
0.17611 0.037548 0.80434
0.18924 0.037552 0.81211
0.19084 0.037545 0.82703
0.18049 0.037536 0.83759
0.17136 0.037528 0.85429
0.18952 0.037537 0.84453
0.18757 0.037533 0.85166
0.16945 0.037526 0.87377
0.16931 0.037524 0.89042
0.19531 0.037532 0.86843
0.19441 0.037528 0.88828
0.17119 0.037491 0.92839
0.18627 0.037489 0.92943
0.18078 0.035861 0.95336
0.1879 0.037466 0.93801
0.19302 0.035103 0.9559
0.20321 0.037511 0.044567
0.21149 0.037513 0.059132
0.22494 0.037513 0.035018
0.22303 0.037514 0.056874
0.21019 0.037513 0.069504
0.20694 0.037516 0.089762
0.22752 0.037517 0.071744
0.22413 0.037521 0.094677
0.21263 0.03752 0.10214
0.20673 0.037527 0.12872
0.22933 0.037524 0.10279
0.22117 0.037529 0.12318
0.20575 0.037533 0.14425
0.20147 0.037547 0.17632
0.21173 0.037568 0.19267
0.22785 0.037564 0.17531
0.23026 0.037577 0.18636
0.20698 0.037575 0.20349
0.2243 0.037594 0.20324
0.21248 0.037629 0.24155
0.22602 0.037649 0.23615
0.22324 0.037687 0.25974
0.20537 0.03767 0.27649
0.20043 0.037674 0.28478
0.22339 0.037711 0.27035
0.21652 0.037724 0.28855
0.20831 0.037749 0.30938
0.20605 0.037799 0.32928
0.21472 0.037794 0.31769
0.19965 0.03779 0.3352
0.20409 0.037872 0.35775
0.21528 0.037859 0.3343
0.22378 0.037981 0.351
0.20738 0.037913 0.3674
0.20444 0.037942 0.38509
0.21848 0.037989 0.36551
0.21215 0.038017 0.39152
0.20265 0.038003 0.40966
0.21076 0.038058 0.40632
0.2028 0.038069 0.43313
0.19507 0.038053 0.45925
0.21536 0.038216 0.43459
0.21555 0.038279 0.45282
0.20048 0.038126 0.47106
0.20341 0.038178 0.49106
0.20735 0.038218 0.4788
0.21155 0.038299 0.49167
0.1996 0.038138 0.51139
0.20149 0.038146 0.52406
0.2023 0.038127 0.54014
0.2031 0.038109 0.55378
0.21326 0.038235 0.55484
0.19981 0.038011 0.58302
0.19628 0.037952 0.59481
0.21552 0.038182 0.58144
0.21536 0.038157 0.58819
0.19689 0.037926 0.60707
0.1987 0.037874 0.63152
0.22125 0.038035 0.63198
0.19901 0.037831 0.64776
0.20807 0.03786 0.65433
0.22082 0.037993 0.64049
0.20841 0.037807 0.6724
0.20269 0.037728 0.69419
0.21893 0.037854 0.67389
0.21755 0.037777 0.69553
0.20166 0.037694 0.70787
0.20126 0.037656 0.72678
0.21818 0.037736 0.70975
0.22029 0.037713 0.72081
0.20473 0.037615 0.75863
0.22102 0.037661 0.74699
0.20381 0.03759 0.78021
0.21063 0.037585 0.79194
0.22171 0.037625 0.77119
0.20508 0.037552 0.83077
0.22797 0.03758 0.81478
0.22471 0.037565 0.82945
0.20553 0.037544 0.84514
0.20889 0.037539 0.85867
0.22317 0.037559 0.83602
0.22437 0.037546 0.85774
0.2078 0.037534 0.8743
0.21011 0.037531 0.89192
0.22058 0.037537 0.87587
0.22531 0.037534 0.8948
0.21401 0.037494 0.92664
0.22501 0.037531 0.91281
0.20208 0.037435 0.94653
0.21354 0.034027 0.96254
0.22164 0.037444 0.94214
0.22206 0.034858 0.95693
0.2355 0.037515 0.035028
0.23913 0.037517 0.061989
0.25277 0.037518 0.042651
0.26091 0.037521 0.056614
0.24084 0.037519 0.068281
0.23717 0.037521 0.085387
0.25682 0.037523 0.076545
0.26013 0.037527 0.08617
0.24684 0.037537 0.12022
0.25659 0.037533 0.1023
0.25219 0.037544 0.12708
0.23648 0.037548 0.14574
0.25559 0.037555 0.14033
0.26151 0.037574 0.15697
0.23691 0.037573 0.1775
0.24702 0.037601 0.19249
0.2543 0.037589 0.17756
0.26022 0.037611 0.18704
0.24017 0.037625 0.21186
0.23371 0.037653 0.22996
0.25674 0.037644 0.2068
0.23319 0.037683 0.24493
0.24001 0.037716 0.25036
0.24131 0.037789 0.27338
0.23965 0.037852 0.29331
0.25869 0.037904 0.28238
0.25646 0.038005 0.30607
0.2526 0.038054 0.32047
0.2311 0.038045 0.35363
0.24859 0.038131 0.34103
0.25314 0.038279 0.3573
0.23388 0.038118 0.36497
0.24478 0.03826 0.36996
0.2402 0.03828 0.38423
0.2256 0.038219 0.40448
0.23378 0.038382 0.41754
0.24251 0.038399 0.3967
0.22921 0.038378 0.43217
0.22716 0.038426 0.4519
0.24364 0.038639 0.43457
0.23986 0.038664 0.45448
0.22278 0.038457 0.47673
0.23551 0.038662 0.4716
0.24101 0.038889 0.48685
0.23297 0.038677 0.50694
0.237 0.038746 0.5324
0.22855 0.03852 0.54738
0.22419 0.038373 0.5648
0.232 0.038357 0.59162
0.24043 0.038428 0.59896
0.23642 0.038287 0.61028
0.23418 0.038114 0.63569
0.24229 0.038324 0.61478
0.24713 0.03826 0.63214
0.23103 0.038019 0.64974
0.23897 0.038024 0.66025
0.24792 0.038133 0.65272
0.24937 0.038076 0.66676
0.23944 0.037936 0.68253
0.257 0.038006 0.6913
0.23994 0.037793 0.71735
0.25117 0.03788 0.70872
0.25277 0.037807 0.72766
0.23955 0.037724 0.74044
0.23685 0.037676 0.75768
0.25391 0.037749 0.74593
0.26263 0.037729 0.76254
0.23413 0.037636 0.77774
0.24239 0.037628 0.79021
0.25829 0.037693 0.77186
0.2427 0.037607 0.80587
0.26035 0.037626 0.80745
0.25377 0.037592 0.82675
0.2436 0.037567 0.84272
0.23899 0.037553 0.85851
0.23734 0.037543 0.87698
0.23616 0.037538 0.88651
0.25904 0.037552 0.87523
0.24626 0.037535 0.91138
0.23689 0.037497 0.92781
0.25228 0.037539 0.90203
0.26084 0.037498 0.9299
0.24392 0.034174 0.96119
0.25605 0.037482 0.93551
0.27707 0.037524 0.057019
0.29722 0.03753 0.061688
0.27888 0.03753 0.080687
0.27221 0.037535 0.095798
0.29581 0.037533 0.075259
0.27328 0.037543 0.11098
0.29258 0.037548 0.10593
0.2879 0.037561 0.12514
0.27404 0.037564 0.13847
0.27156 0.037586 0.15944
0.29531 0.037581 0.14028
0.29691 0.037613 0.16049
0.26802 0.0376 0.17244
0.27329 0.037628 0.18536
0.28864 0.037681 0.19548
0.27626 0.037718 0.21843
0.29096 0.0377 0.20056
0.28856 0.037775 0.22551
0.27132 0.037862 0.26094
0.28867 0.037828 0.23968
0.2898 0.037925 0.25802
0.28401 0.037941 0.26566
0.26385 0.038056 0.30712
0.26583 0.038121 0.31582
0.28736 0.038321 0.31705
0.26136 0.038208 0.335
0.26411 0.0384 0.35674
0.27377 0.038357 0.3393
0.27519 0.038498 0.35112
0.26201 0.038425 0.36277
0.26041 0.038565 0.38204
0.27476 0.038725 0.37143
0.25604 0.038657 0.40251
0.25249 0.038709 0.41782
0.26868 0.038938 0.40547
0.26302 0.038925 0.42158
0.24815 0.038887 0.45909
0.26106 0.038935 0.42999
0.26624 0.039244 0.44914
0.24632 0.038963 0.47341
0.24942 0.039116 0.49042
0.26022 0.039475 0.4858
0.24819 0.039094 0.51176
0.25721 0.039216 0.53622
0.25185 0.039047 0.54148
0.25398 0.038879 0.57186
0.25904 0.039133 0.55279
0.26743 0.039315 0.56446
0.2579 0.038893 0.57849
0.25497 0.038605 0.60424
0.26477 0.039019 0.58182
0.26678 0.038924 0.59457
0.26023 0.038569 0.61526
0.26163 0.038429 0.63367
0.27499 0.038666 0.63181
0.26494 0.038331 0.6516
0.26396 0.038212 0.66683
0.27655 0.038483 0.65278
0.28005 0.03838 0.6692
0.26403 0.038159 0.67496
0.27241 0.03808 0.69576
0.28648 0.038382 0.67867
0.28373 0.03812 0.70314
0.27085 0.037935 0.71592
0.27461 0.037911 0.72368
0.29183 0.038004 0.72793
0.27797 0.03782 0.75016
0.27441 0.03775 0.76627
0.29198 0.037918 0.74353
0.26873 0.037711 0.77384
0.27679 0.037678 0.79172
0.29403 0.037759 0.77879
0.29024 0.037696 0.79593
0.29195 0.037659 0.81295
0.2848 0.037622 0.82808
0.27746 0.037589 0.84553
0.29577 0.037608 0.84308
0.28789 0.037582 0.85802
0.27163 0.037554 0.87957
0.28124 0.037551 0.89202
0.29271 0.037564 0.879
0.28573 0.037552 0.89308
0.297 0.03755 0.90902
0.29455 0.037524 0.92565
0.27744 0.037453 0.94603
0.28017 0.035287 0.95524
0.29742 0.037504 0.93553
0.28562 0.034315 0.96014
0.30327 0.037528 0.04569
0.30673 0.037532 0.059157
0.32947 0.037534 0.044528
0.33062 0.037538 0.05894
0.30527 0.037538 0.08083
0.30926 0.037543 0.088461
0.32549 0.037541 0.071144
0.32156 0.037553 0.095178
0.30736 0.037558 0.10977
0.30526 0.037574 0.12777
0.32969 0.037565 0.10489
0.32027 0.037581 0.12549
0.30388 0.037594 0.1462
0.30703 0.037618 0.15755
0.32339 0.037609 0.14492
0.32426 0.037629 0.15426
0.30499 0.037662 0.17866
0.30779 0.037709 0.19303
0.32459 0.037677 0.17279
0.30852 0.037815 0.2219
0.3287 0.037814 0.20794
0.3272 0.037847 0.21579
0.29937 0.037877 0.24229
0.30554 0.037958 0.25195
0.31494 0.038032 0.25589
0.30376 0.038035 0.26443
0.29645 0.038153 0.28644
0.31303 0.038078 0.26352
0.31694 0.038237 0.27932
0.2951 0.038278 0.30433
0.29405 0.038345 0.31277
0.31038 0.038406 0.30287
0.30992 0.038478 0.30954
0.29658 0.038527 0.32743
0.28561 0.038673 0.35154
0.30649 0.038728 0.33165
0.3092 0.039049 0.34492
0.2887 0.038784 0.35588
0.28084 0.039011 0.38431
0.29625 0.039046 0.36315
0.29975 0.039411 0.37608
0.27776 0.039134 0.4026
0.28246 0.039315 0.41083
0.28952 0.039325 0.39723
0.29017 0.039551 0.41236
0.27551 0.039358 0.43317
0.27073 0.039451 0.45429
0.28787 0.039673 0.42817
0.28739 0.039821 0.44054
0.27068 0.039852 0.48324
0.27899 0.039976 0.47021
0.27355 0.039986 0.49346
0.27002 0.039906 0.50655
0.26573 0.039718 0.52356
0.27852 0.040359 0.5086
0.27597 0.039887 0.54491
0.28293 0.039793 0.57082
0.27592 0.039319 0.58537
0.29652 0.039576 0.60626
0.28217 0.038909 0.62484
0.28659 0.038829 0.63819
0.30709 0.039247 0.64064
0.30927 0.038907 0.6651
0.31348 0.038795 0.67855
0.3207 0.038485 0.70658
0.32285 0.038291 0.72333
0.31737 0.038152 0.73357
0.30384 0.038001 0.74117
0.31042 0.037907 0.76005
0.32101 0.038032 0.74873
0.31986 0.037915 0.76533
0.31097 0.037811 0.77922
0.30371 0.037738 0.79211
0.31792 0.037811 0.78355
0.31855 0.037749 0.79951
0.30245 0.037696 0.80531
0.32089 0.037668 0.82632
0.30459 0.037621 0.84042
0.31095 0.037599 0.858
0.30362 0.037567 0.88153
0.31133 0.037565 0.88946
0.32318 0.037592 0.87084
0.32144 0.037565 0.89603
0.30462 0.03755 0.91241
0.314 0.037535 0.92865
0.33064 0.037563 0.90542
0.3217 0.037544 0.92238
0.30577 0.037499 0.94524
0.324 0.037512 0.94247
0.34085 0.037536 0.040851
0.33991 0.037539 0.056275
0.3645 0.037542 0.040954
0.35387 0.03754 0.051858
0.34032 0.037547 0.074484
0.33982 0.037554 0.087199
0.35515 0.037558 0.084979
0.34171 0.037572 0.10639
0.33668 0.03759 0.12416
0.35626 0.037602 0.12327
0.33946 0.037619 0.14137
0.34358 0.037649 0.15368
0.35557 0.037638 0.14334
0.36223 0.037666 0.15183
0.34397 0.037701 0.1714
0.34387 0.037734 0.18203
0.35109 0.037698 0.1671
0.35588 0.037757 0.18183
0.33635 0.037806 0.20118
0.3344 0.037902 0.22068
0.35172 0.037843 0.20019
0.34089 0.038008 0.23276
0.33511 0.038141 0.25455
0.35099 0.038072 0.23475
0.35691 0.038234 0.24871
0.33936 0.038286 0.26924
0.33613 0.038368 0.27872
0.35398 0.038373 0.26527
0.34612 0.038382 0.27356
0.32843 0.038467 0.29222
0.32644 0.038749 0.31245
0.34428 0.038598 0.29003
0.33649 0.038861 0.31068
0.3296 0.038893 0.31801
0.31686 0.039044 0.33723
0.33257 0.039081 0.32505
0.33179 0.039761 0.35024
0.32365 0.039998 0.36803
0.30426 0.039752 0.39266
0.2997 0.039862 0.40993
0.31351 0.039895 0.38279
0.29842 0.040066 0.42457
0.30722 0.040304 0.41807
0.28411 0.040273 0.47143
0.28425 0.040565 0.49603
0.29196 0.040972 0.48939
0.28554 0.040685 0.50762
0.28763 0.040788 0.5083
0.29512 0.041107 0.54001
0.29176 0.040056 0.57791
0.29735 0.040921 0.55588
0.30235 0.040418 0.57902
0.30706 0.039899 0.60378
0.30572 0.03958 0.61974
0.30828 0.039492 0.62773
0.31626 0.039332 0.64559
0.32456 0.039827 0.63087
0.33331 0.039691 0.64763
0.32732 0.039115 0.66884
0.32018 0.038859 0.67986
0.33809 0.039359 0.66774
0.33704 0.039075 0.68039
0.32682 0.038582 0.70325
0.34121 0.038948 0.69121
0.34993 0.038689 0.71188
0.32688 0.03839 0.71823
0.33582 0.038289 0.73064
0.3494 0.038535 0.72161
0.34585 0.03824 0.74018
0.33609 0.038135 0.74506
0.33881 0.037956 0.76969
0.34934 0.038142 0.75068
0.35314 0.038035 0.76608
0.35217 0.037933 0.78154
0.35384 0.037822 0.8022
0.34556 0.037744 0.8143
0.33505 0.0377 0.82125
0.35508 0.037722 0.82538
0.3457 0.037661 0.84291
0.34362 0.037625 0.85943
0.36244 0.037697 0.83731
0.36182 0.037637 0.86053
0.33814 0.037592 0.87792
0.34148 0.037579 0.89182
0.35439 0.03759 0.88666
0.3466 0.037566 0.90921
0.33994 0.037531 0.92657
0.35429 0.037566 0.91227
0.35426 0.03754 0.92367
0.34611 0.037494 0.938
0.33786 0.034613 0.95831
0.36097 0.037502 0.93787
0.35301 0.034033 0.96255
0.37131 0.037544 0.035148
0.38091 0.037551 0.056419
0.38971 0.037549 0.041036
0.39074 0.037563 0.070936
0.39437 0.037582 0.092852
0.37072 0.037585 0.10535
0.38092 0.037606 0.11819
0.39354 0.0376 0.10898
0.38831 0.037609 0.11758
0.37023 0.037658 0.146
0.37148 0.037705 0.15924
0.39365 0.037668 0.13967
0.37771 0.037754 0.16918
0.37229 0.037791 0.18102
0.39232 0.037898 0.1911
0.37274 0.037897 0.19881
0.37535 0.038013 0.21442
0.3873 0.03797 0.20359
0.38678 0.038039 0.2127
0.36961 0.038186 0.23708
0.36647 0.038289 0.24774
0.39339 0.038228 0.22864
0.3886 0.038469 0.24892
0.36436 0.038423 0.26114
0.36147 0.038682 0.28068
0.38722 0.038653 0.26293
0.37429 0.038781 0.27666
0.36466 0.039038 0.29827
0.37944 0.039023 0.28602
0.37697 0.039145 0.2938
0.35081 0.039179 0.31328
0.35074 0.039567 0.32885
0.33391 0.040008 0.35736
0.36057 0.039951 0.33392
0.3309 0.04031 0.37447
0.33809 0.040429 0.3704
0.33124 0.040458 0.3852
0.31508 0.040702 0.42203
0.31144 0.040865 0.43616
0.32205 0.040571 0.40953
0.31301 0.041009 0.44188
0.2989 0.041099 0.4699
0.30268 0.041683 0.48674
0.29452 0.04141 0.51718
0.30201 0.041311 0.54945
0.29998 0.041791 0.51405
0.30482 0.041396 0.55153
0.31087 0.040973 0.57405
0.31328 0.040591 0.58827
0.32112 0.040301 0.60916
0.32829 0.040067 0.62762
0.33 0.040708 0.60899
0.34581 0.040608 0.6364
0.33803 0.039851 0.6468
0.34027 0.039742 0.65426
0.34914 0.040099 0.65045
0.35732 0.040007 0.66154
0.34518 0.039429 0.6707
0.35176 0.03916 0.68824
0.3705 0.039776 0.67756
0.37451 0.039563 0.68648
0.35461 0.038984 0.69818
0.36913 0.03926 0.69581
0.37799 0.038971 0.71449
0.37434 0.038466 0.74051
0.38732 0.038837 0.72634
0.38324 0.038508 0.74224
0.37302 0.03821 0.75784
0.36491 0.038119 0.76254
0.38067 0.038292 0.75571
0.37798 0.037995 0.7843
0.37612 0.037881 0.8012
0.38432 0.038053 0.78019
0.37577 0.03783 0.81044
0.36988 0.037729 0.83091
0.37315 0.037706 0.83875
0.37202 0.037653 0.85579
0.38713 0.037722 0.83935
0.38888 0.037651 0.86381
0.37478 0.037618 0.87545
0.37049 0.037589 0.89452
0.39212 0.037594 0.89824
0.37451 0.037575 0.90923
0.38134 0.037545 0.92821
0.38774 0.03758 0.90875
0.39486 0.037544 0.93088
0.37851 0.037513 0.94152
0.37263 0.035717 0.95397
0.39141 0.037519 0.94231
0.39755 0.035455 0.95484
0.41438 0.037556 0.036654
0.41991 0.037557 0.041399
0.42087 0.037566 0.064186
0.40462 0.037572 0.080635
0.42596 0.037572 0.072951
0.431 0.037596 0.093703
0.41407 0.037609 0.10718
0.40451 0.037622 0.11841
0.42133 0.037609 0.10482
0.42101 0.037653 0.12538
0.41081 0.037698 0.14436
0.40564 0.037756 0.16029
0.42544 0.037737 0.1515
0.40883 0.037799 0.16901
0.40718 0.037911 0.18862
0.41971 0.037841 0.17487
0.42182 0.037881 0.18122
0.4104 0.038212 0.22039
0.42313 0.038051 0.20241
0.42805 0.038119 0.2088
0.39639 0.038296 0.23325
0.40609 0.03859 0.24778
0.42698 0.038326 0.22432
0.40337 0.038746 0.26
0.39832 0.038845 0.26755
0.4205 0.039099 0.26787
0.40104 0.039229 0.28352
0.39039 0.039358 0.29401
0.41628 0.039214 0.27422
0.40916 0.039395 0.28626
0.3866 0.039697 0.30793
0.38642 0.039961 0.31704
0.40802 0.039786 0.2989
0.39328 0.040131 0.31744
0.36694 0.04041 0.34277
0.39696 0.040359 0.32068
0.34761 0.040592 0.36561
0.3401 0.040746 0.38377
0.37266 0.040858 0.35032
0.35737 0.040787 0.36819
0.33442 0.040811 0.40322
0.32679 0.040923 0.42431
0.34962 0.040716 0.38115
0.31426 0.0412 0.45258
0.30574 0.041642 0.48665
0.32383 0.040334 0.44218
0.30863 0.041247 0.49727
0.30613 0.041635 0.50613
0.30787 0.041772 0.53932
0.30952 0.040738 0.51249
0.31511 0.041154 0.55221
0.32737 0.041153 0.58696
0.34402 0.041095 0.60864
0.3511 0.041061 0.63439
0.3786 0.041068 0.65757
0.36441 0.040585 0.6558
0.37826 0.040078 0.67467
0.38416 0.040661 0.66585
0.38315 0.039824 0.68247
0.39172 0.039623 0.69274
0.39741 0.039947 0.68562
0.40991 0.039778 0.6956
0.38748 0.039252 0.70569
0.39557 0.039141 0.7139
0.41532 0.039449 0.71025
0.41843 0.039201 0.72115
0.40424 0.038857 0.73113
0.40016 0.038639 0.74035
0.41889 0.038729 0.7411
0.40154 0.038257 0.76614
0.41964 0.038461 0.75756
0.41487 0.038264 0.77036
0.40704 0.038089 0.78403
0.39988 0.037932 0.80141
0.42451 0.038113 0.78626
0.42817 0.037993 0.80049
0.41263 0.037842 0.81866
0.42954 0.037908 0.81214
0.41737 0.03781 0.82673
0.4036 0.037738 0.84043
0.42319 0.037686 0.86171
0.41216 0.037629 0.88028
0.40788 0.037601 0.89764
0.42701 0.037633 0.88085
0.42184 0.037616 0.88934
0.40962 0.03759 0.9077
0.40791 0.037549 0.93013
0.42703 0.037558 0.92778
0.40266 0.037515 0.94496
0.41822 0.037532 0.93811
0.42789 0.034189 0.96121
0.43763 0.037559 0.04148
0.4434 0.037567 0.061347
0.45685 0.037562 0.044981
0.43755 0.037573 0.071512
0.43799 0.037595 0.091818
0.46475 0.037583 0.080131
0.45841 0.037606 0.095726
0.43469 0.037645 0.11975
0.46226 0.037619 0.10258
0.44511 0.037708 0.13948
0.43722 0.03776 0.15439
0.45382 0.037719 0.14143
0.46339 0.037786 0.15553
0.44558 0.037834 0.16736
0.44206 0.037956 0.18661
0.46041 0.037886 0.17409
0.45755 0.038004 0.1895
0.44481 0.038072 0.19968
0.43895 0.038165 0.21024
0.452 0.03829 0.21621
0.43508 0.038405 0.22752
0.43038 0.038604 0.23968
0.44923 0.038434 0.22587
0.43202 0.038781 0.24794
0.43076 0.038968 0.25935
0.45331 0.039005 0.25311
0.45619 0.039265 0.26151
0.42681 0.039278 0.27146
0.44151 0.039598 0.27606
0.44817 0.039979 0.28322
0.42197 0.039923 0.29564
0.41551 0.040186 0.30726
0.44359 0.040086 0.28824
0.43613 0.040234 0.29748
0.41344 0.040464 0.31431
0.39726 0.040875 0.3308
0.44145 0.040815 0.30501
0.42885 0.04093 0.31452
0.41034 0.041135 0.33077
0.35755 0.039841 0.37709
0.34332 0.039178 0.40485
0.39062 0.039123 0.34861
0.37031 0.036477 0.37275
0.331 0.039173 0.43108
0.31594 0.03796 0.47828
0.32245 0.03489 0.49557
0.31353 0.0383 0.52283
0.31974 0.039638 0.55563
0.31751 0.037059 0.5313
0.34778 0.037149 0.5989
0.35901 0.039386 0.62152
0.37173 0.040088 0.63758
0.3666 0.038221 0.62691
0.37936 0.039252 0.6415
0.38639 0.041275 0.65454
0.39667 0.040514 0.65643
0.41273 0.040834 0.67389
0.40696 0.040371 0.68069
0.43051 0.040842 0.68108
0.44148 0.040627 0.68945
0.41992 0.039981 0.69415
0.42017 0.039805 0.70035
0.44095 0.040151 0.69887
0.43971 0.039972 0.70386
0.42481 0.039438 0.71387
0.43526 0.03926 0.72421
0.45742 0.039314 0.72551
0.43369 0.038938 0.73504
0.44047 0.038696 0.74789
0.44942 0.039005 0.73541
0.45519 0.038686 0.75061
0.44379 0.038565 0.75617
0.43268 0.038287 0.77235
0.45702 0.038497 0.76083
0.45375 0.038314 0.77407
0.4375 0.038162 0.78475
0.43959 0.037987 0.80367
0.45216 0.038153 0.78832
0.46349 0.038004 0.8053
0.44178 0.037841 0.82447
0.45295 0.037878 0.81927
0.45288 0.037835 0.82781
0.44351 0.037778 0.83998
0.43671 0.037694 0.86184
0.46214 0.037782 0.84077
0.43909 0.037665 0.87173
0.43981 0.037618 0.89123
0.45224 0.037638 0.88202
0.45984 0.037618 0.89519
0.44645 0.03759 0.9143
0.44644 0.037565 0.92621
0.4596 0.037592 0.91503
0.45529 0.037557 0.93058
0.44365 0.037516 0.94724
0.46354 0.03753 0.94369
0.45947 0.033975 0.96324
0.35335 0.040953 0.43507
0.33515 0.041507 0.46865
0.33574 0.041532 0.54738
0.33856 0.038617 0.51529
0.48125 0.037564 0.045998
0.47813 0.037574 0.064404
0.49583 0.037564 0.038999
0.48801 0.037573 0.062414
0.47095 0.037584 0.080623
0.47428 0.037603 0.092727
0.49212 0.037581 0.073425
0.49123 0.037606 0.093792
0.48112 0.037634 0.11058
0.47646 0.037648 0.11705
0.48564 0.037624 0.10485
0.49504 0.037676 0.12537
0.47474 0.037713 0.13679
0.49177 0.037772 0.1505
0.46991 0.037872 0.16998
0.47677 0.037968 0.18257
0.48655 0.03786 0.16606
0.47768 0.038102 0.19688
0.47424 0.038276 0.21195
0.48935 0.038084 0.19431
0.48939 0.038253 0.20947
0.4708 0.03855 0.22946
0.47707 0.038656 0.2339
0.48644 0.038465 0.22276
0.49235 0.03863 0.23258
0.46446 0.039047 0.25288
0.47776 0.039157 0.25502
0.49222 0.039069 0.25155
0.49754 0.039359 0.26112
0.46737 0.039739 0.27226
0.47069 0.040028 0.27733
0.48453 0.040106 0.27676
0.46206 0.040385 0.28728
0.46641 0.040962 0.29379
0.48536 0.040579 0.28571
0.48998 0.041068 0.29194
0.46291 0.041233 0.29917
0.46592 0.041579 0.30226
0.49213 0.041781 0.30148
0.44807 0.040881 0.3147
0.47593 0.041392 0.30511
0.47827 0.04024 0.30765
0.40587 0.037783 0.34185
0.39612 0.035214 0.35435
0.4629 0.036824 0.31681
0.46517 0.034878 0.32219
0.37953 0.033749 0.39241
0.45198 0.033396 0.49246
0.35884 0.033502 0.55149
0.37096 0.035029 0.62007
0.43641 0.034071 0.65412
0.42573 0.036687 0.6613
0.47298 0.034594 0.66397
0.48736 0.036913 0.67355
0.42815 0.039913 0.66877
0.44849 0.040749 0.67932
0.48356 0.039655 0.67969
0.49277 0.040616 0.68471
0.45285 0.040973 0.68461
0.45703 0.040515 0.69494
0.47563 0.040998 0.68909
0.49294 0.040442 0.69643
0.45488 0.040369 0.69733
0.45904 0.039947 0.70689
0.49662 0.040095 0.7016
0.46918 0.039708 0.71395
0.46849 0.039233 0.72937
0.48172 0.039574 0.71731
0.49013 0.03934 0.72551
0.47462 0.038839 0.74372
0.49024 0.039157 0.7329
0.49201 0.038783 0.74715
0.47553 0.038554 0.75902
0.4773 0.038382 0.77018
0.49352 0.038515 0.76101
0.49518 0.038376 0.77087
0.47926 0.038274 0.78113
0.47019 0.038063 0.79964
0.49165 0.03802 0.80569
0.47876 0.037829 0.83155
0.49391 0.037932 0.81525
0.49174 0.037817 0.83428
0.47687 0.037765 0.84504
0.47919 0.037707 0.86061
0.48605 0.037716 0.85804
0.47615 0.037662 0.87596
0.4735 0.037634 0.88664
0.4942 0.037648 0.88127
0.46953 0.037567 0.92759
0.49114 0.037604 0.90929
0.48635 0.037564 0.93001
0.47617 0.037533 0.94452
0.47615 0.036282 0.95259
0.4874 0.037545 0.93837
0.46089 0.034286 0.38527
0.37638 0.034621 0.51427
0.4259 0.034306 0.55134
0.45706 0.034634 0.60849
0.4572 0.038324 0.34001
0.47615 0.03987 0.33282
0.36596 0.037796 0.42122
0.34754 0.036925 0.46721
0.37412 0.039527 0.39832
0.34939 0.039317 0.44816
0.47458 0.035855 0.3529
0.39436 0.034486 0.43053
0.4696 0.038247 0.33781
0.44652 0.034243 0.49087
0.37288 0.035257 0.55839
0.3325 0.041856 0.53944
0.39641 0.040286 0.62593
0.48282 0.03443 0.60659
0.43643 0.037706 0.64386
0.44033 0.034594 0.58472
0.42316 0.038781 0.64195
0.40371 0.039838 0.63112
0.47893 0.039743 0.33367
0.38749 0.038619 0.39265
0.36321 0.035761 0.47117
0.40617 0.0371 0.38685
0.35264 0.036873 0.47883
0.4309 0.0398 0.34751
0.40526 0.03472 0.46086
0.43136 0.036042 0.37628
0.45192 0.035188 0.42706
0.34859 0.039646 0.56805
0.35825 0.039955 0.58561
0.34124 0.038102 0.50766
0.39889 0.036025 0.582
0.41145 0.034973 0.53039
0.46859 0.035234 0.61221
0.46678 0.034756 0.51485
0.43038 0.035692 0.60717
0.40555 0.039833 0.63175
0.46544 0.040173 0.65303
0.42545 0.03522 0.41725
0.45963 0.035352 0.57737
0.50745 0.037564 0.045618
0.52534 0.037563 0.047746
0.52438 0.037569 0.057682
0.50675 0.037581 0.072187
0.5069 0.037599 0.08933
0.52957 0.037577 0.06841
0.52368 0.037599 0.089734
0.50221 0.037629 0.10741
0.51204 0.037651 0.11799
0.52736 0.03763 0.1099
0.52272 0.037644 0.11656
0.51498 0.037723 0.13902
0.51279 0.037764 0.14935
0.51917 0.037717 0.13754
0.52075 0.037815 0.15914
0.51052 0.03785 0.16482
0.51535 0.037931 0.17854
0.52931 0.037896 0.17499
0.51935 0.037934 0.1792
0.51511 0.038135 0.20064
0.50255 0.03821 0.20711
0.52859 0.038075 0.1968
0.53142 0.038174 0.20785
0.51278 0.038497 0.22609
0.51135 0.038723 0.23733
0.52498 0.03849 0.22759
0.52175 0.038748 0.23944
0.5059 0.039268 0.25975
0.52708 0.038963 0.25108
0.52376 0.039076 0.2562
0.50694 0.039574 0.26848
0.51826 0.039935 0.27955
0.53495 0.039451 0.26922
0.53981 0.039817 0.28093
0.50716 0.040372 0.28634
0.5426 0.04018 0.29037
0.54674 0.040345 0.29524
0.5035 0.041697 0.30215
0.53362 0.041035 0.29996
0.5539 0.041302 0.31203
0.51144 0.041154 0.30674
0.51403 0.040593 0.3085
0.57085 0.040518 0.32544
0.53901 0.037285 0.31831
0.53089 0.035276 0.3211
0.56634 0.03726 0.32929
0.59375 0.035078 0.36037
0.55554 0.033466 0.3711
0.61659 0.034103 0.39323
0.62849 0.033498 0.45524
0.51001 0.033405 0.56883
0.52698 0.033855 0.65841
0.61846 0.03347 0.57007
0.61926 0.034755 0.62892
0.50264 0.037708 0.67613
0.56451 0.037424 0.66519
0.56114 0.039502 0.67128
0.54673 0.040379 0.67896
0.50714 0.040454 0.69387
0.54132 0.040765 0.68382
0.54648 0.040434 0.69088
0.50966 0.040087 0.70027
0.51775 0.039796 0.70673
0.53765 0.039924 0.70118
0.54076 0.039789 0.70607
0.51069 0.039541 0.71682
0.50335 0.039356 0.72442
0.52637 0.039604 0.71418
0.53779 0.039349 0.72276
0.50196 0.038921 0.74039
0.50871 0.038721 0.75011
0.52027 0.038707 0.75076
0.50721 0.038528 0.75996
0.50832 0.038388 0.76921
0.52743 0.038633 0.75458
0.52 0.038372 0.77038
0.51473 0.038266 0.78171
0.50506 0.038067 0.80044
0.52726 0.038163 0.78978
0.53183 0.038046 0.80073
0.50661 0.037923 0.81595
0.51203 0.037861 0.82438
0.5239 0.037886 0.81954
0.52428 0.03784 0.82832
0.51068 0.037729 0.85557
0.5317 0.037703 0.86214
0.50909 0.037656 0.87859
0.51463 0.037627 0.89257
0.53032 0.037656 0.87777
0.53102 0.037622 0.89505
0.50164 0.037596 0.91508
0.52021 0.037601 0.91182
0.50411 0.036453 0.95215
0.5274 0.037501 0.94487
0.52532 0.034664 0.95812
0.52648 0.034133 0.50043
0.53769 0.03424 0.58205
0.51574 0.0354 0.35191
0.5991 0.034231 0.46112
0.57033 0.040005 0.35112
0.49494 0.034273 0.40715
0.64239 0.036276 0.51801
0.60273 0.038733 0.3959
0.65349 0.038983 0.51283
0.56835 0.034222 0.56595
0.50715 0.036082 0.64211
0.59338 0.034884 0.5891
0.56318 0.039584 0.64186
0.62481 0.035199 0.56603
0.59818 0.038042 0.62298
0.65651 0.04109 0.55412
0.62663 0.041051 0.60517
0.51891 0.039271 0.65705
0.54008 0.039224 0.34013
0.54562 0.037994 0.34749
0.51384 0.034472 0.45561
0.53217 0.035884 0.36706
0.56651 0.035295 0.42091
0.59846 0.03901 0.39558
0.63625 0.037073 0.4746
0.61831 0.035882 0.4633
0.58633 0.035098 0.56683
0.5503 0.037828 0.63849
0.56041 0.035054 0.54273
0.53374 0.035538 0.60868
0.64428 0.040014 0.57062
0.61589 0.039622 0.61172
0.63638 0.037268 0.54813
0.51056 0.035041 0.40505
0.55272 0.034895 0.42957
0.57153 0.035604 0.55758
0.54067 0.037566 0.054924
0.56248 0.037559 0.036766
0.55831 0.037569 0.064156
0.54269 0.037603 0.094394
0.55437 0.037576 0.072631
0.55506 0.037594 0.090277
0.5429 0.037626 0.11062
0.54728 0.037667 0.12637
0.55241 0.037622 0.10991
0.55246 0.037666 0.12656
0.5434 0.037703 0.13675
0.56279 0.037697 0.13823
0.55577 0.037741 0.14929
0.54649 0.037866 0.17226
0.56482 0.037832 0.17041
0.54825 0.038061 0.19972
0.54079 0.038233 0.2138
0.56577 0.038016 0.19773
0.56088 0.038236 0.21783
0.54568 0.038357 0.22357
0.55635 0.038313 0.22273
0.5697 0.038658 0.24536
0.54812 0.038914 0.25299
0.56929 0.038863 0.25704
0.56853 0.038998 0.26255
0.55068 0.039668 0.27975
0.57502 0.039287 0.27596
0.57213 0.039465 0.28251
0.56198 0.039988 0.29159
0.56465 0.040394 0.30234
0.57784 0.039856 0.29874
0.58672 0.039976 0.30964
0.55651 0.04073 0.30405
0.57667 0.040924 0.32131
0.5838 0.04031 0.31551
0.58328 0.040509 0.3335
0.61392 0.040248 0.35174
0.61689 0.040145 0.35893
0.61345 0.036502 0.37205
0.63082 0.039385 0.37796
0.63085 0.034615 0.41685
0.65095 0.034415 0.47223
0.66646 0.034334 0.52693
0.67815 0.037878 0.53411
0.66545 0.038608 0.57974
0.63269 0.037583 0.62725
0.59536 0.039496 0.65735
0.64303 0.038756 0.61739
0.64271 0.039816 0.62419
0.60099 0.040177 0.65677
0.62863 0.040335 0.64303
0.60382 0.040693 0.66106
0.57729 0.040758 0.67649
0.55538 0.040476 0.68907
0.59237 0.040221 0.68143
0.55966 0.040152 0.69531
0.55606 0.039738 0.70717
0.58422 0.040116 0.68742
0.54676 0.039588 0.71298
0.55339 0.039256 0.72619
0.57172 0.039465 0.71106
0.56064 0.039226 0.7257
0.5393 0.038971 0.73815
0.54062 0.038731 0.74923
0.56374 0.039081 0.73121
0.54083 0.038574 0.75742
0.55441 0.038434 0.7637
0.56472 0.038264 0.77475
0.53901 0.03824 0.78175
0.54287 0.038025 0.8018
0.56492 0.038094 0.78966
0.56423 0.037967 0.80479
0.54797 0.037936 0.81175
0.54249 0.037806 0.83419
0.55467 0.037912 0.81373
0.5554 0.037813 0.83059
0.53948 0.037734 0.85139
0.55307 0.037732 0.85
0.55991 0.037684 0.86448
0.54102 0.037631 0.88807
0.55598 0.037638 0.88262
0.56381 0.037624 0.88985
0.54616 0.037602 0.90934
0.53656 0.037552 0.92951
0.55847 0.037595 0.91251
0.55458 0.037553 0.92909
0.54318 0.037506 0.94408
0.5472 0.034359 0.95995
0.56263 0.037517 0.94127
0.55356 0.036035 0.95312
0.65479 0.038639 0.52204
0.6531 0.039139 0.53691
0.57494 0.037556 0.045342
0.5852 0.037554 0.040804
0.59317 0.037561 0.063522
0.57107 0.037598 0.096703
0.5875 0.037569 0.074116
0.59386 0.037589 0.095571
0.57036 0.03762 0.11248
0.57504 0.037656 0.12718
0.59258 0.037603 0.10657
0.58541 0.037626 0.11831
0.58087 0.037705 0.14503
0.5974 0.037669 0.13789
0.59201 0.03773 0.15513
0.57864 0.037828 0.174
0.57173 0.037894 0.18319
0.58732 0.037824 0.1764
0.59747 0.037841 0.18255
0.57299 0.038162 0.21405
0.59286 0.038028 0.20643
0.57838 0.038353 0.23038
0.57853 0.038604 0.24526
0.60298 0.038198 0.22795
0.59511 0.038484 0.24523
0.5857 0.038647 0.25061
0.59583 0.03865 0.25638
0.60075 0.038854 0.26977
0.5808 0.039218 0.27603
0.58965 0.039293 0.28704
0.60465 0.039047 0.28443
0.60281 0.039167 0.29103
0.59205 0.039631 0.30215
0.6165 0.039359 0.31101
0.62233 0.039424 0.3201
0.59974 0.039946 0.3216
0.61867 0.040008 0.34297
0.62346 0.03976 0.33503
0.62977 0.039928 0.36313
0.6391 0.039745 0.37913
0.64361 0.039769 0.36638
0.64209 0.039657 0.39084
0.65092 0.039559 0.42861
0.65292 0.039522 0.40999
0.65581 0.039529 0.42663
0.65808 0.038802 0.45846
0.67088 0.039987 0.49188
0.66092 0.039478 0.448
0.67267 0.040242 0.48847
0.68217 0.040053 0.52651
0.68073 0.040381 0.55578
0.68316 0.040399 0.5146
0.68166 0.04061 0.56068
0.67077 0.040227 0.57871
0.64152 0.040203 0.62879
0.67722 0.040597 0.57513
0.66163 0.040388 0.60514
0.64014 0.040557 0.63852
0.64893 0.040548 0.6318
0.63972 0.040473 0.64915
0.6162 0.040359 0.66547
0.60676 0.040202 0.67517
0.62759 0.040073 0.66935
0.59634 0.039887 0.68791
0.58688 0.039554 0.70243
0.62211 0.039726 0.6834
0.6078 0.039527 0.69745
0.5894 0.039345 0.70892
0.60032 0.039372 0.70529
0.59645 0.039136 0.71732
0.5744 0.038716 0.74409
0.59434 0.038672 0.74059
0.57477 0.038555 0.75321
0.59911 0.038309 0.76014
0.5938 0.038176 0.77417
0.57156 0.038023 0.79584
0.59215 0.037925 0.80382
0.5788 0.037923 0.80758
0.57693 0.037822 0.82333
0.59038 0.037828 0.81921
0.57766 0.037724 0.84671
0.59661 0.037704 0.8474
0.57291 0.037655 0.87339
0.59594 0.037606 0.89569
0.57299 0.037594 0.91106
0.59211 0.037592 0.90931
0.57311 0.037501 0.94716
0.57626 0.03637 0.95229
0.59049 0.037518 0.94263
0.58512 0.033971 0.96327
0.60846 0.03755 0.045514
0.61079 0.037556 0.062614
0.62848 0.037545 0.042737
0.63039 0.037547 0.054019
0.61417 0.037562 0.076185
0.60256 0.037576 0.088484
0.63072 0.037559 0.080517
0.62579 0.037566 0.086847
0.60991 0.037603 0.11259
0.60856 0.037637 0.12844
0.62134 0.03759 0.10591
0.62764 0.037617 0.12524
0.60282 0.037653 0.13315
0.61436 0.037722 0.16047
0.62763 0.037637 0.13545
0.62853 0.037666 0.14986
0.60749 0.037775 0.17206
0.61489 0.037818 0.18396
0.62762 0.037726 0.1672
0.61459 0.037939 0.20405
0.60939 0.038089 0.2201
0.6242 0.037932 0.20786
0.62543 0.038011 0.21914
0.60914 0.038303 0.2412
0.62621 0.038142 0.23573
0.62991 0.038217 0.245
0.63456 0.038435 0.26582
0.62297 0.038974 0.29632
0.63206 0.038728 0.28558
0.64741 0.038901 0.31067
0.6424 0.039028 0.31472
0.65481 0.039219 0.33723
0.63516 0.039599 0.33738
0.64687 0.039634 0.35825
0.6479 0.039379 0.34019
0.65754 0.039404 0.35987
0.65914 0.039494 0.40164
0.66803 0.039428 0.40511
0.66474 0.039352 0.41808
0.66669 0.039267 0.44472
0.6711 0.039266 0.42874
0.67435 0.039243 0.43446
0.67795 0.039812 0.48046
0.68063 0.039445 0.46243
0.68671 0.039659 0.4884
0.68882 0.040167 0.50801
0.68812 0.040778 0.54909
0.69367 0.03996 0.50528
0.69312 0.040464 0.53727
0.68644 0.040703 0.56657
0.6754 0.040355 0.5952
0.69177 0.040537 0.56469
0.68283 0.040359 0.58744
0.66513 0.040348 0.61513
0.66952 0.040194 0.62189
0.64569 0.040135 0.65601
0.66161 0.039785 0.65408
0.62962 0.039721 0.68008
0.62008 0.03949 0.69586
0.64056 0.039033 0.70126
0.64136 0.038885 0.7077
0.61208 0.038926 0.72405
0.60904 0.038614 0.73855
0.63049 0.038447 0.7388
0.61289 0.038343 0.75342
0.60723 0.038217 0.76479
0.62726 0.038233 0.75497
0.62684 0.038155 0.76175
0.61056 0.037995 0.78692
0.6117 0.037952 0.7924
0.62728 0.037951 0.78589
0.62946 0.037905 0.7921
0.60379 0.037879 0.80789
0.60643 0.037746 0.8345
0.62923 0.037821 0.80953
0.63274 0.037728 0.83095
0.607 0.037718 0.84136
0.60244 0.037674 0.85545
0.62504 0.037688 0.84493
0.62271 0.037653 0.85838
0.60958 0.037637 0.87177
0.60445 0.037607 0.8918
0.61873 0.037616 0.87997
0.62866 0.037598 0.88938
0.60712 0.037587 0.91012
0.60787 0.037558 0.92717
0.61954 0.037555 0.92852
0.60961 0.037522 0.94549
0.62161 0.037534 0.9382
0.62766 0.033874 0.96441
0.63757 0.037543 0.047088
0.65236 0.03754 0.038402
0.65436 0.037545 0.064211
0.64491 0.037554 0.079787
0.63886 0.037572 0.096495
0.66203 0.037547 0.074144
0.66492 0.037552 0.085803
0.65448 0.037579 0.11043
0.64727 0.037673 0.15979
0.65719 0.037621 0.14201
0.6587 0.037657 0.15936
0.64297 0.037706 0.16872
0.64502 0.037788 0.19127
0.6579 0.037701 0.17563
0.65456 0.037727 0.18236
0.64495 0.03782 0.19791
0.64287 0.037909 0.21365
0.66444 0.037781 0.20059
0.66413 0.037848 0.21565
0.64054 0.038065 0.23417
0.64847 0.038178 0.25178
0.66147 0.038126 0.25597
0.64527 0.038354 0.26714
0.64659 0.038514 0.28072
0.67049 0.038151 0.26842
0.66186 0.0383 0.27702
0.65527 0.038598 0.29729
0.67376 0.038595 0.31579
0.6567 0.038875 0.31772
0.66643 0.039034 0.34333
0.6768 0.038638 0.32495
0.68309 0.038757 0.34711
0.67495 0.039072 0.37306
0.6804 0.038967 0.3717
0.6843 0.039251 0.40937
0.68922 0.039111 0.39824
0.69142 0.039184 0.41061
0.68314 0.039224 0.43046
0.69011 0.039154 0.44885
0.69597 0.039145 0.43289
0.69268 0.039324 0.47382
0.69396 0.039365 0.48253
0.69877 0.039296 0.47411
0.70387 0.039445 0.49218
0.69773 0.039731 0.50201
0.69992 0.040123 0.5277
0.70712 0.039647 0.5096
0.71219 0.039692 0.52985
0.70548 0.039988 0.55973
0.70178 0.039913 0.57964
0.69115 0.040056 0.59465
0.68593 0.039833 0.61567
0.69598 0.039599 0.61459
0.67431 0.039539 0.64702
0.69022 0.039511 0.62862
0.67913 0.039367 0.64994
0.66798 0.039371 0.66387
0.68412 0.039072 0.66106
0.65832 0.038591 0.70996
0.67007 0.038773 0.68983
0.66786 0.038568 0.70359
0.64842 0.038513 0.72344
0.64411 0.038361 0.73653
0.66266 0.038338 0.72489
0.67095 0.038185 0.73395
0.64932 0.038214 0.74546
0.64307 0.038078 0.76194
0.66279 0.038087 0.75015
0.65906 0.038025 0.75943
0.63803 0.037934 0.78353
0.64716 0.037847 0.79412
0.65629 0.037911 0.778
0.65587 0.037811 0.79751
0.64653 0.037779 0.81056
0.64289 0.037714 0.83066
0.66301 0.037737 0.81318
0.66451 0.037683 0.83146
0.64435 0.037691 0.83792
0.64378 0.037647 0.85417
0.65421 0.037667 0.84239
0.65961 0.037621 0.86322
0.64768 0.037599 0.88085
0.64757 0.03759 0.88866
0.65439 0.037594 0.88189
0.66276 0.03758 0.89383
0.64369 0.037576 0.90809
0.63618 0.037546 0.92753
0.66242 0.037574 0.90294
0.65867 0.037559 0.91877
0.63502 0.037512 0.94197
0.64063 0.035804 0.95368
0.65591 0.037496 0.93984
0.66384 0.035432 0.95476
0.67948 0.037533 0.045105
0.68162 0.037533 0.051888
0.69809 0.037529 0.040639
0.68937 0.037534 0.059379
0.69702 0.037537 0.072208
0.69556 0.037547 0.092459
0.66947 0.037565 0.10263
0.66999 0.037587 0.12406
0.6737 0.037607 0.14145
0.67604 0.037633 0.15781
0.67959 0.037655 0.16983
0.69247 0.037647 0.17408
0.68023 0.037755 0.20557
0.67149 0.037824 0.21608
0.69538 0.037737 0.21201
0.68807 0.037805 0.22415
0.67756 0.037915 0.2375
0.68922 0.037892 0.24332
0.69558 0.03789 0.24801
0.68423 0.038136 0.28165
0.69979 0.037991 0.27372
0.69324 0.038066 0.28094
0.68576 0.038429 0.31361
0.70103 0.0382 0.30602
0.70153 0.038243 0.31218
0.6947 0.038411 0.32801
0.6918 0.03854 0.34002
0.7029 0.038387 0.33763
0.70218 0.038486 0.35055
0.6927 0.038697 0.36133
0.69311 0.038786 0.37315
0.70918 0.038529 0.36935
0.71131 0.038581 0.37968
0.70276 0.038824 0.39435
0.70374 0.039005 0.41747
0.71212 0.038708 0.39718
0.72005 0.038735 0.41657
0.70813 0.039095 0.45635
0.72001 0.038839 0.44007
0.71153 0.039189 0.47491
0.71787 0.039192 0.48929
0.72652 0.038972 0.47345
0.72905 0.039077 0.49483
0.71528 0.039502 0.51208
0.71556 0.039592 0.53142
0.72831 0.039261 0.52139
0.71566 0.039617 0.54224
0.71439 0.039533 0.57247
0.72585 0.039341 0.53977
0.72527 0.039266 0.57153
0.70269 0.039394 0.61521
0.72126 0.039274 0.5841
0.72247 0.039012 0.60739
0.70779 0.039168 0.61997
0.71369 0.038951 0.62722
0.71279 0.038759 0.6431
0.69361 0.038876 0.66028
0.69173 0.038783 0.66815
0.70635 0.038757 0.65189
0.70496 0.038589 0.66584
0.68328 0.038396 0.70398
0.69851 0.038324 0.69516
0.68635 0.038201 0.71968
0.67671 0.038166 0.73169
0.69295 0.03823 0.71085
0.68049 0.037976 0.75318
0.67327 0.037916 0.76799
0.69652 0.037958 0.7442
0.69956 0.03784 0.7643
0.67616 0.037862 0.77579
0.67779 0.037776 0.79346
0.69392 0.037818 0.7736
0.68741 0.037733 0.80044
0.67311 0.037736 0.80817
0.68653 0.037718 0.80589
0.68822 0.037659 0.8281
0.68006 0.037626 0.84889
0.69389 0.037633 0.83854
0.6868 0.037599 0.86509
0.67982 0.037595 0.87125
0.69023 0.037591 0.87013
0.69064 0.037569 0.89419
0.67826 0.037565 0.90831
0.66897 0.037514 0.93062
0.68881 0.037504 0.92975
0.67979 0.037461 0.94242
0.68107 0.033948 0.96342
0.69485 0.034723 0.9576
0.70792 0.037528 0.037445
0.70689 0.037529 0.054965
0.72359 0.037525 0.042606
0.7262 0.037527 0.061055
0.70961 0.037535 0.076676
0.72712 0.03753 0.076027
0.70997 0.037547 0.10189
0.70661 0.037567 0.1271
0.7252 0.037546 0.11297
0.72918 0.037555 0.1281
0.70474 0.037605 0.15817
0.73144 0.037569 0.1473
0.7293 0.037585 0.15956
0.7057 0.037634 0.1762
0.70386 0.037672 0.19279
0.72147 0.037604 0.16852
0.73081 0.037618 0.1867
0.70596 0.037686 0.20005
0.70582 0.037733 0.21813
0.72117 0.037674 0.20825
0.71419 0.037798 0.24353
0.73311 0.037763 0.25081
0.71882 0.037869 0.26562
0.71993 0.037951 0.28537
0.71095 0.038084 0.30012
0.72036 0.038134 0.32218
0.73625 0.037944 0.30329
0.72754 0.038087 0.3242
0.72219 0.038153 0.32868
0.7241 0.038266 0.35137
0.73318 0.038081 0.33065
0.73987 0.038136 0.35323
0.72791 0.038325 0.37068
0.72104 0.038481 0.38079
0.73471 0.038229 0.36403
0.73433 0.038348 0.38766
0.72786 0.038533 0.40591
0.744 0.038308 0.39814
0.73848 0.038444 0.41625
0.73256 0.038572 0.43042
0.72921 0.038797 0.45718
0.74531 0.038468 0.43871
0.74335 0.038561 0.45511
0.73509 0.038738 0.46679
0.73717 0.038829 0.48712
0.7403 0.038643 0.46477
0.74686 0.038694 0.48922
0.74534 0.038789 0.50661
0.74919 0.038771 0.52158
0.73597 0.039081 0.54915
0.74845 0.038775 0.54711
0.75021 0.038664 0.56847
0.73441 0.038731 0.60619
0.74917 0.038623 0.58137
0.74406 0.038648 0.59319
0.72512 0.038607 0.63831
0.73773 0.038618 0.61413
0.74039 0.0384 0.63795
0.72175 0.03848 0.65512
0.72455 0.038374 0.66124
0.73304 0.038384 0.64998
0.73361 0.038233 0.6677
0.71922 0.038181 0.68778
0.71456 0.038161 0.69652
0.72962 0.038172 0.67916
0.73204 0.038061 0.69262
0.71962 0.038002 0.7148
0.70762 0.037995 0.72828
0.72358 0.037934 0.72339
0.71023 0.037894 0.7438
0.7092 0.037831 0.7576
0.73046 0.037828 0.74057
0.72621 0.03777 0.75908
0.71286 0.037753 0.7765
0.70352 0.037724 0.79263
0.72442 0.037729 0.77517
0.71236 0.037653 0.81501
0.70304 0.037644 0.82677
0.72495 0.037661 0.80351
0.71505 0.037617 0.83617
0.70272 0.037597 0.85886
0.7214 0.037611 0.83635
0.70955 0.037571 0.88087
0.70355 0.037569 0.88559
0.71968 0.037574 0.87216
0.73168 0.037556 0.89555
0.70245 0.037559 0.90876
0.71366 0.037545 0.91811
0.72993 0.037553 0.90525
0.70912 0.034364 0.95972
0.73113 0.037452 0.94025
0.73761 0.037523 0.043604
0.7403 0.037524 0.057543
0.76011 0.037521 0.058859
0.75494 0.037525 0.077489
0.7527 0.037529 0.09149
0.7634 0.037531 0.10512
0.75335 0.037539 0.11854
0.7417 0.037562 0.14668
0.73787 0.03757 0.15242
0.75488 0.037547 0.13492
0.76292 0.037558 0.15831
0.73933 0.037588 0.17151
0.7452 0.03761 0.19442
0.75519 0.037579 0.17839
0.75387 0.037596 0.19286
0.74896 0.03762 0.20588
0.74374 0.037677 0.22948
0.76094 0.037633 0.22418
0.74352 0.037709 0.24242
0.76533 0.037645 0.23459
0.74904 0.037761 0.26643
0.73924 0.037849 0.2817
0.76304 0.037731 0.27055
0.74718 0.03796 0.32246
0.75699 0.037831 0.29908
0.76087 0.037879 0.32047
0.74574 0.038013 0.3341
0.74739 0.038103 0.35926
0.76276 0.03793 0.34155
0.76712 0.037939 0.35342
0.75685 0.03808 0.37455
0.75408 0.038142 0.3827
0.77127 0.037969 0.37224
0.76388 0.038068 0.38597
0.75343 0.03822 0.39788
0.75439 0.038331 0.42605
0.7703 0.038098 0.40904
0.75269 0.038401 0.43883
0.75415 0.038471 0.45855
0.76977 0.038208 0.44114
0.77324 0.038209 0.45254
0.76203 0.038385 0.46653
0.75666 0.038555 0.48597
0.776 0.038238 0.47375
0.77529 0.038272 0.48447
0.77366 0.038326 0.50752
0.76809 0.038408 0.53087
0.75683 0.038612 0.54551
0.75617 0.038565 0.5646
0.77055 0.038371 0.54185
0.77668 0.038277 0.55742
0.76129 0.038386 0.58504
0.76537 0.038274 0.60195
0.76985 0.038206 0.60781
0.74642 0.038252 0.64995
0.74617 0.03815 0.66537
0.76472 0.038085 0.64836
0.74894 0.038048 0.67855
0.74573 0.037967 0.69698
0.76545 0.037911 0.68472
0.74875 0.037869 0.71529
0.74522 0.037806 0.73376
0.74458 0.037741 0.75069
0.74151 0.037738 0.75508
0.75934 0.037692 0.75724
0.74605 0.037682 0.77557
0.74469 0.037649 0.79402
0.75462 0.037675 0.77083
0.74872 0.037609 0.81401
0.74813 0.037591 0.83164
0.75629 0.037616 0.80517
0.76197 0.037588 0.82326
0.73878 0.037574 0.85901
0.7564 0.037572 0.84687
0.74364 0.037565 0.86846
0.73963 0.037553 0.8974
0.7562 0.037555 0.87764
0.7556 0.03755 0.89254
0.74643 0.03755 0.90176
0.76181 0.037545 0.90886
0.75444 0.037502 0.92867
0.73683 0.037458 0.93915
0.73856 0.034714 0.95763
0.76326 0.034237 0.96067
0.77165 0.037519 0.044017
0.78009 0.037518 0.052604
0.79463 0.037517 0.047552
0.79763 0.037518 0.063531
0.77542 0.037521 0.068952
0.78979 0.037522 0.090723
0.78041 0.037529 0.1141
0.77951 0.037535 0.12969
0.79114 0.037526 0.11073
0.79485 0.037529 0.12503
0.78055 0.03754 0.14446
0.77789 0.037549 0.15771
0.78741 0.037535 0.13744
0.78879 0.037547 0.16228
0.77811 0.037562 0.17763
0.79721 0.037547 0.16859
0.78631 0.03757 0.19578
0.77783 0.037588 0.20672
0.78087 0.037609 0.22772
0.79368 0.037578 0.21153
0.7898 0.037597 0.22678
0.7724 0.037637 0.2372
0.77237 0.037685 0.26204
0.78957 0.037609 0.23631
0.79009 0.037631 0.25387
0.79319 0.03766 0.27516
0.7725 0.037803 0.3109
0.77896 0.037811 0.32657
0.79963 0.037689 0.30039
0.78951 0.037758 0.32137
0.78038 0.037838 0.34308
0.78019 0.037876 0.35895
0.78932 0.037784 0.33627
0.78972 0.037819 0.35564
0.7835 0.037893 0.37448
0.78754 0.037907 0.39124
0.79895 0.037822 0.3738
0.80021 0.037854 0.39257
0.78666 0.037951 0.40618
0.78431 0.038014 0.42142
0.79328 0.037906 0.40375
0.79831 0.037933 0.42772
0.78443 0.038075 0.44287
0.79716 0.037981 0.44606
0.79525 0.038002 0.45057
0.78192 0.038165 0.4706
0.78698 0.038137 0.48711
0.79792 0.038013 0.46955
0.80503 0.037989 0.49267
0.79002 0.038125 0.51277
0.79829 0.038047 0.50937
0.80425 0.038006 0.53099
0.78093 0.038219 0.56116
0.7995 0.038045 0.53651
0.80108 0.038012 0.56377
0.7854 0.038115 0.58085
0.78291 0.038114 0.59151
0.79834 0.038005 0.57921
0.78794 0.038026 0.60527
0.79523 0.037966 0.60707
0.77579 0.03802 0.64188
0.77472 0.037951 0.66099
0.79698 0.037854 0.64661
0.79151 0.037827 0.66667
0.77494 0.037857 0.68437
0.77666 0.037823 0.69217
0.79687 0.037765 0.68219
0.79636 0.037755 0.68721
0.78056 0.037752 0.71091
0.77051 0.037732 0.73183
0.78673 0.037683 0.7328
0.77689 0.03769 0.74123
0.78017 0.037644 0.76347
0.79684 0.037651 0.74127
0.79495 0.037591 0.79367
0.77052 0.037588 0.81493
0.77682 0.037572 0.82972
0.78697 0.037586 0.80538
0.79715 0.037562 0.82969
0.77585 0.037559 0.85229
0.78725 0.03756 0.84119
0.77769 0.037549 0.87648
0.77151 0.037546 0.89473
0.79507 0.037542 0.8915
0.77676 0.037501 0.93079
0.79128 0.03754 0.91262
0.78113 0.037458 0.94767
0.77218 0.033984 0.96302
0.79058 0.037467 0.94113
0.79573 0.035071 0.956
0.80213 0.037516 0.046837
0.80278 0.037517 0.054227
0.82826 0.037515 0.047015
0.83073 0.037516 0.052286
0.80217 0.037519 0.077286
0.80373 0.037521 0.092687
0.82741 0.037517 0.073179
0.82027 0.037519 0.089922
0.80894 0.037522 0.10504
0.80763 0.037526 0.12297
0.81923 0.037521 0.10802
0.82631 0.037524 0.1253
0.8264 0.037528 0.14041
0.81897 0.03754 0.17425
0.81895 0.037545 0.18599
0.80982 0.037563 0.20659
0.80315 0.03758 0.22197
0.83077 0.037554 0.21268
0.82725 0.037562 0.22259
0.80433 0.037594 0.23741
0.80784 0.03761 0.25759
0.82919 0.037584 0.25784
0.81616 0.037617 0.28055
0.81152 0.03764 0.28926
0.83145 0.037597 0.2777
0.82482 0.037621 0.29309
0.81556 0.037649 0.30208
0.8105 0.037687 0.31823
0.82668 0.037631 0.30371
0.8205 0.037673 0.32758
0.80884 0.03773 0.3427
0.81364 0.03773 0.35251
0.82211 0.037694 0.34542
0.8096 0.03779 0.37702
0.80911 0.037822 0.39577
0.83111 0.037716 0.37781
0.80974 0.037838 0.40834
0.81077 0.037865 0.42728
0.82638 0.037784 0.42261
0.81165 0.037886 0.44166
0.82015 0.037853 0.45395
0.83295 0.037778 0.43903
0.81356 0.037916 0.47203
0.80978 0.037956 0.49289
0.80951 0.037964 0.5124
0.81807 0.0379 0.52152
0.82859 0.03784 0.52162
0.81493 0.037915 0.55659
0.82392 0.037856 0.55261
0.81437 0.037859 0.59898
0.83371 0.037789 0.57909
0.82859 0.03779 0.59623
0.81624 0.03781 0.61478
0.81662 0.037779 0.62987
0.83024 0.037762 0.60927
0.82373 0.037755 0.62647
0.80874 0.037788 0.64799
0.80917 0.037773 0.65462
0.82361 0.037739 0.63744
0.81407 0.037726 0.66992
0.80676 0.037701 0.69897
0.82471 0.037671 0.68745
0.8091 0.037675 0.71034
0.82333 0.037646 0.70911
0.80551 0.037643 0.73649
0.80628 0.037611 0.76174
0.83155 0.037601 0.74041
0.83207 0.037588 0.75528
0.80324 0.037601 0.77476
0.80686 0.037579 0.79589
0.83073 0.037572 0.7782
0.82448 0.037568 0.79264
0.80954 0.03757 0.80529
0.824 0.037553 0.82596
0.80373 0.037552 0.84601
0.81024 0.037546 0.85878
0.829 0.037546 0.84193
0.82861 0.037542 0.8611
0.81416 0.037542 0.87119
0.80371 0.037541 0.89016
0.82577 0.03754 0.88003
0.80541 0.037539 0.90542
0.80444 0.037523 0.92075
0.81824 0.037538 0.90662
0.80444 0.037462 0.93751
0.81213 0.034183 0.96106
0.82681 0.03742 0.9477
0.82044 0.03395 0.96334
0.84156 0.037515 0.044736
0.83844 0.037516 0.054886
0.8608 0.037515 0.044899
0.84448 0.037516 0.079121
0.84801 0.037517 0.09129
0.85145 0.037516 0.074299
0.85327 0.037517 0.089554
0.85492 0.037519 0.10807
0.85431 0.037522 0.13151
0.83904 0.037526 0.14625
0.84588 0.037527 0.15855
0.85844 0.037522 0.14179
0.85232 0.037524 0.15188
0.83684 0.037536 0.18052
0.83936 0.03754 0.19131
0.85641 0.037531 0.18067
0.86439 0.037534 0.19564
0.84838 0.037542 0.20806
0.83655 0.037559 0.22848
0.85976 0.037539 0.21007
0.85193 0.037549 0.23004
0.84687 0.037558 0.24403
0.85648 0.037553 0.24458
0.85862 0.037557 0.25513
0.85551 0.037571 0.27345
0.85771 0.037582 0.29382
0.84281 0.037615 0.31305
0.83657 0.037635 0.32219
0.86016 0.037587 0.30587
0.85521 0.0376 0.31835
0.84152 0.037657 0.35233
0.85708 0.037616 0.34043
0.86507 0.037617 0.35934
0.845 0.037671 0.37839
0.85368 0.037646 0.37701
0.86224 0.037642 0.38968
0.84904 0.037686 0.40878
0.85046 0.037693 0.4218
0.85441 0.037667 0.40365
0.8635 0.037667 0.42918
0.84358 0.037735 0.44054
0.83868 0.037769 0.45571
0.85692 0.037692 0.44484
0.86181 0.037687 0.45953
0.84177 0.037769 0.47643
0.84612 0.037754 0.49092
0.84507 0.037763 0.51251
0.85098 0.03773 0.53095
0.86644 0.037687 0.52182
0.84735 0.037743 0.54134
0.84821 0.037731 0.55668
0.86452 0.037687 0.54176
0.86185 0.037689 0.55456
0.84954 0.037714 0.57621
0.84203 0.037734 0.59574
0.86315 0.037677 0.57482
0.8554 0.037687 0.59154
0.84952 0.037684 0.62146
0.85971 0.037671 0.60285
0.85379 0.037663 0.63189
0.84795 0.037647 0.66021
0.86348 0.037637 0.63986
0.85711 0.037627 0.66373
0.84655 0.037628 0.67997
0.83789 0.037639 0.68925
0.85903 0.037617 0.67238
0.86153 0.037596 0.6971
0.83913 0.037619 0.70731
0.84558 0.037594 0.72519
0.85348 0.037599 0.70381
0.8542 0.037583 0.72798
0.84299 0.037589 0.73793
0.84024 0.037575 0.76403
0.85581 0.037565 0.7598
0.8367 0.037561 0.79455
0.85949 0.037559 0.77057
0.86368 0.037551 0.78969
0.84004 0.037551 0.81438
0.8623 0.037548 0.80411
0.8592 0.037544 0.82161
0.84205 0.037543 0.84213
0.85891 0.037541 0.83791
0.85998 0.037539 0.85558
0.84458 0.037539 0.87449
0.84013 0.037538 0.89558
0.85864 0.037539 0.86867
0.84358 0.037532 0.9178
0.86245 0.037538 0.90435
0.85393 0.037524 0.9209
0.84805 0.037481 0.93503
0.84107 0.034281 0.9603
0.86135 0.03749 0.9346
0.85955 0.033942 0.96348
0.86852 0.037516 0.039125
0.87027 0.037516 0.061097
0.8852 0.037516 0.039937
0.88669 0.037516 0.051961
0.87993 0.037517 0.076533
0.88049 0.037517 0.092195
0.89518 0.037518 0.078627
0.8893 0.037517 0.086054
0.87984 0.037518 0.10891
0.88064 0.03752 0.12768
0.88913 0.037519 0.11875
0.87371 0.037521 0.13796
0.88109 0.037523 0.15813
0.89267 0.037521 0.14769
0.88783 0.037523 0.16187
0.87538 0.03753 0.1907
0.892 0.037524 0.16946
0.89621 0.037527 0.18935
0.87065 0.037534 0.20361
0.87614 0.037537 0.21934
0.88968 0.037532 0.2107
0.88554 0.037535 0.22188
0.86867 0.037546 0.23701
0.87197 0.03756 0.27435
0.87413 0.037565 0.2895
0.89696 0.037545 0.26891
0.88976 0.037555 0.2918
0.87026 0.037581 0.3143
0.88006 0.037574 0.32248
0.88681 0.037561 0.30287
0.88587 0.037567 0.31941
0.87742 0.037591 0.34466
0.89309 0.037573 0.33931
0.89812 0.037575 0.35298
0.87802 0.03761 0.37992
0.87082 0.037626 0.38766
0.89219 0.037589 0.37206
0.8953 0.037595 0.39288
0.87346 0.037633 0.40775
0.87589 0.037636 0.42039
0.89661 0.037602 0.41369
0.89229 0.037609 0.41948
0.88264 0.03763 0.44206
0.88686 0.037626 0.45215
0.88186 0.03764 0.48113
0.87994 0.037647 0.49604
0.88655 0.037632 0.49425
0.87101 0.037674 0.50594
0.87828 0.037652 0.53053
0.88948 0.03763 0.51381
0.89107 0.037627 0.52657
0.87463 0.03766 0.54053
0.89056 0.037627 0.5386
0.89462 0.037621 0.5527
0.87895 0.03764 0.57469
0.87649 0.037636 0.59724
0.89107 0.037619 0.57505
0.88777 0.037615 0.598
0.8755 0.037634 0.60546
0.88054 0.037611 0.63074
0.88733 0.037611 0.60895
0.88665 0.037604 0.62597
0.87855 0.037604 0.64836
0.8878 0.037593 0.64609
0.89097 0.037587 0.65813
0.87098 0.037602 0.67411
0.89756 0.037569 0.69625
0.87052 0.03758 0.71164
0.87944 0.037565 0.72863
0.89418 0.037568 0.70257
0.88947 0.037563 0.72138
0.87226 0.037563 0.74374
0.87089 0.037557 0.76322
0.8863 0.037557 0.74165
0.89698 0.037548 0.76234
0.87337 0.037551 0.77858
0.87755 0.037546 0.79536
0.88933 0.037544 0.78617
0.87047 0.037544 0.81374
0.87664 0.037541 0.82288
0.88837 0.037542 0.8029
0.87591 0.03754 0.83867
0.88065 0.037538 0.86203
0.89381 0.037539 0.83775
0.88558 0.037538 0.85711
0.87378 0.037538 0.88982
0.89131 0.037538 0.86828
0.89434 0.037539 0.88848
0.87915 0.037539 0.90232
0.88041 0.037513 0.92816
0.89241 0.037539 0.9089
0.896 0.037504 0.9298
0.87141 0.037482 0.94025
0.89748 0.034199 0.96098
0.90444 0.037517 0.037537
0.91143 0.037517 0.054274
0.92182 0.037504 0.038856
0.91446 0.037518 0.075613
0.90308 0.037518 0.09069
0.92814 0.037483 0.094943
0.91079 0.037519 0.10927
0.90899 0.03752 0.12982
0.92048 0.037507 0.10408
0.92301 0.037501 0.11867
0.90498 0.03752 0.1352
0.90748 0.037522 0.15916
0.92159 0.037508 0.13969
0.91313 0.037525 0.18858
0.92736 0.037505 0.17203
0.93014 0.037494 0.19684
0.91408 0.037527 0.20589
0.91167 0.03753 0.22297
0.92651 0.037494 0.20991
0.91839 0.037523 0.22698
0.90784 0.037535 0.24708
0.92726 0.037508 0.24364
0.92124 0.037525 0.25684
0.90789 0.037541 0.27073
0.93086 0.03751 0.28046
0.92995 0.037514 0.29476
0.91115 0.037557 0.32627
0.92285 0.037532 0.30319
0.92172 0.037541 0.3231
0.90352 0.037565 0.33702
0.90651 0.037572 0.36228
0.92858 0.037531 0.33798
0.91884 0.037558 0.35657
0.90546 0.037577 0.37273
0.91033 0.03758 0.39186
0.92435 0.037551 0.39643
0.92429 0.037554 0.40425
0.93 0.037543 0.43142
0.90505 0.037604 0.45604
0.92645 0.037556 0.43631
0.90713 0.037605 0.48156
0.90433 0.037609 0.49732
0.92661 0.037555 0.47351
0.92394 0.037566 0.48743
0.91088 0.037602 0.50495
0.9117 0.037601 0.52461
0.92766 0.03756 0.51394
0.92504 0.037567 0.52097
0.92334 0.037567 0.53936
0.92509 0.037559 0.55588
0.91341 0.037587 0.59657
0.92425 0.037573 0.57641
0.92787 0.037565 0.59595
0.90907 0.037589 0.60569
0.90389 0.037589 0.6227
0.92105 0.037572 0.60669
0.92266 0.037563 0.61895
0.90216 0.037583 0.64365
0.93105 0.037514 0.64718
0.92173 0.037546 0.66272
0.91209 0.037561 0.68711
0.92366 0.037533 0.68038
0.92705 0.037519 0.69501
0.91134 0.037557 0.70381
0.92157 0.037536 0.70785
0.90839 0.03755 0.73951
0.91189 0.037545 0.75867
0.91875 0.03754 0.73564
0.9182 0.037537 0.76381
0.91319 0.037543 0.77087
0.91225 0.03754 0.78736
0.92494 0.037519 0.77507
0.92573 0.037516 0.79466
0.90377 0.037539 0.81466
0.91121 0.037538 0.82113
0.92008 0.037528 0.80212
0.91779 0.037533 0.82502
0.90506 0.037538 0.84435
0.90549 0.037538 0.86113
0.92268 0.037512 0.83501
0.91835 0.03753 0.86069
0.91101 0.037539 0.87215
0.9184 0.037531 0.8708
0.93002 0.037499 0.8886
0.90672 0.037539 0.90903
0.90796 0.037503 0.92828
0.91995 0.037527 0.90806
0.92807 0.037472 0.92432
0.90647 0.037468 0.94049
0.91263 0.034466 0.95904
0.91845 0.037457 0.93899
0.92374 0.034276 0.96032
0.93736 0.037464 0.042215
0.93761 0.037462 0.054819
0.95385 0.035688 0.037289
0.95732 0.03478 0.061463
0.9345 0.037463 0.074902
0.95982 0.034348 0.087896
0.94646 0.037432 0.10645
0.95899 0.03448 0.12815
0.94635 0.037455 0.1458
0.94284 0.037469 0.1562
0.95825 0.03461 0.14138
0.95157 0.036602 0.1585
0.93581 0.037491 0.17207
0.94568 0.037461 0.1957
0.95476 0.035419 0.19718
0.93935 0.03746 0.20566
0.93942 0.03746 0.22847
0.96312 0.033971 0.21443
0.96085 0.034212 0.22145
0.94022 0.037485 0.24725
0.94637 0.037478 0.25272
0.96076 0.034229 0.23711
0.95218 0.036357 0.26388
0.94302 0.037484 0.27121
0.93948 0.037492 0.28821
0.95941 0.034428 0.27562
0.941 0.03749 0.30219
0.94052 0.0375 0.33029
0.95447 0.035527 0.30188
0.96432 0.033878 0.32471
0.94508 0.037498 0.34233
0.9426 0.037505 0.35708
0.95836 0.034605 0.35999
0.93956 0.037507 0.36836
0.94683 0.037481 0.39773
0.96412 0.033894 0.37979
0.95162 0.036643 0.39653
0.94514 0.037488 0.40728
0.96337 0.033959 0.41027
0.95604 0.035109 0.42898
0.94076 0.037513 0.44531
0.9449 0.037501 0.45218
0.95306 0.036045 0.43594
0.95947 0.034427 0.45316
0.93854 0.037511 0.47323
0.96343 0.033953 0.47994
0.95469 0.035484 0.49573
0.94546 0.0375 0.50951
0.94141 0.037511 0.52289
0.9524 0.036321 0.51253
0.95942 0.034433 0.52746
0.93579 0.037513 0.55514
0.96421 0.033887 0.53978
0.95801 0.034671 0.55783
0.94233 0.037542 0.59386
0.93916 0.03753 0.61265
0.93938 0.037519 0.62146
0.95925 0.034455 0.62644
0.94303 0.037482 0.63824
0.96099 0.034206 0.63593
0.9634 0.033949 0.65802
0.94765 0.037444 0.67564
0.95963 0.034383 0.67377
0.95883 0.034511 0.69461
0.93979 0.037475 0.71266
0.9388 0.037474 0.72358
0.95368 0.035761 0.71445
0.95439 0.035532 0.71957
0.9427 0.03745 0.75447
0.95509 0.035311 0.74586
0.95936 0.034421 0.75472
0.94038 0.037483 0.77815
0.94045 0.037477 0.79796
0.9573 0.034796 0.78626
0.93889 0.037477 0.80304
0.95371 0.035733 0.81126
0.95877 0.034509 0.82962
0.93734 0.037444 0.84516
0.96486 0.033831 0.85627
0.94213 0.037467 0.88538
0.95923 0.034433 0.86957
0.93722 0.03745 0.92152
0.95605 0.03505 0.90724
0.96452 0.033857 0.92006
0.93815 0.037403 0.93619
0.94181 0.034581 0.95824
0.95908 0.034441 0.94225
0.95399 0.033799 0.96271
