2635
1 1 1
0.034969 0.037685 0.044792
0.04097 0.037685 0.054075
0.062194 0.037686 0.035655
0.058253 0.037686 0.05132
0.046042 0.037686 0.068686
0.04352 0.037687 0.092853
0.059609 0.037686 0.080365
0.056089 0.037686 0.096509
0.038529 0.037685 0.10998
0.041201 0.037687 0.11987
0.063119 0.037684 0.10671
0.06259 0.037689 0.14215
0.040361 0.037677 0.18765
0.058176 0.037678 0.17765
0.060943 0.037676 0.19319
0.036142 0.037676 0.19795
0.040337 0.037673 0.22364
0.053165 0.037675 0.20297
0.056241 0.037674 0.21624
0.047713 0.037672 0.23259
0.042264 0.03767 0.25365
0.052806 0.037671 0.23891
0.061529 0.03767 0.25346
0.047198 0.03767 0.26542
0.046365 0.03767 0.28238
0.055606 0.03767 0.27438
0.06307 0.03767 0.28306
0.061851 0.037672 0.30393
0.057448 0.037672 0.31898
0.045091 0.037672 0.34017
0.062072 0.03767 0.34877
0.046098 0.037668 0.37013
0.045116 0.037668 0.38354
0.06058 0.037669 0.36801
0.055935 0.037671 0.38983
0.044482 0.037672 0.40049
0.037543 0.037676 0.42
0.060283 0.037675 0.40328
0.053975 0.037678 0.4148
0.042283 0.037677 0.44328
0.058887 0.037681 0.44102
0.058032 0.037681 0.45736
0.041673 0.037679 0.47102
0.043502 0.037678 0.48605
0.051885 0.037682 0.47075
0.057461 0.03768 0.48972
0.038318 0.037669 0.50627
0.038014 0.037664 0.52782
0.054259 0.037671 0.50829
0.058489 0.037668 0.52685
0.045122 0.037664 0.53956
0.04284 0.037667 0.56579
0.060414 0.037668 0.53803
0.059082 0.037669 0.5592
0.037005 0.037669 0.57719
0.035883 0.037674 0.6
0.051206 0.037671 0.57575
0.053112 0.037675 0.59623
0.043432 0.037675 0.60487
0.036201 0.037676 0.63244
0.0511 0.037678 0.61101
0.057016 0.03768 0.62395
0.051136 0.037676 0.65206
0.053087 0.03768 0.66413
0.047236 0.037681 0.67604
0.052195 0.037682 0.67423
0.057697 0.037686 0.69194
0.035969 0.037683 0.73314
0.059505 0.037683 0.71641
0.051426 0.037683 0.72586
0.043348 0.037685 0.74934
0.03701 0.037687 0.76477
0.058658 0.037684 0.74611
0.051771 0.037687 0.7629
0.040719 0.037688 0.77521
0.037184 0.037691 0.80125
0.057857 0.03769 0.78359
0.055959 0.03769 0.79323
0.039682 0.037693 0.82754
0.052602 0.037692 0.81577
0.058136 0.037693 0.8329
0.038002 0.037695 0.8443
0.035008 0.037695 0.86282
0.053497 0.037694 0.83874
0.055827 0.037695 0.86081
0.03556 0.037694 0.87242
0.045014 0.037698 0.89341
0.05778 0.037693 0.87967
0.056282 0.037695 0.88969
0.041847 0.037707 0.91259
0.037053 0.033459 0.9563
0.058384 0.037596 0.94497
0.060835 0.033726 0.95431
0.078891 0.037687 0.045194
0.074807 0.037686 0.05949
0.077799 0.037683 0.087908
0.093853 0.037683 0.073645
0.091212 0.037682 0.087869
0.070957 0.037682 0.10584
0.072 0.037683 0.12854
0.084777 0.03768 0.10829
0.088938 0.037679 0.12167
0.069522 0.037686 0.13935
0.089043 0.037679 0.13573
0.092381 0.037677 0.15701
0.071643 0.037678 0.17484
0.067716 0.037676 0.18965
0.093853 0.037673 0.17465
0.094363 0.037672 0.18978
0.076895 0.037674 0.2045
0.07557 0.037673 0.2213
0.088331 0.037673 0.20957
0.096564 0.037669 0.22514
0.069391 0.037669 0.2423
0.071948 0.037668 0.24868
0.085124 0.037668 0.24288
0.089477 0.037668 0.25102
0.075676 0.03767 0.27142
0.074729 0.03767 0.28868
0.095041 0.037667 0.27145
0.067877 0.037671 0.30522
0.068245 0.03767 0.32422
0.092324 0.037666 0.30371
0.090244 0.037667 0.32477
0.071042 0.037669 0.34324
0.089294 0.037667 0.3391
0.088006 0.037669 0.35401
0.075484 0.037668 0.377
0.09101 0.037671 0.37033
0.09464 0.037672 0.38207
0.068985 0.037677 0.40854
0.072946 0.03768 0.42187
0.092615 0.037683 0.41069
0.085779 0.037686 0.41733
0.068692 0.037682 0.44409
0.083136 0.037687 0.43593
0.084332 0.03769 0.45508
0.073392 0.037684 0.47317
0.077419 0.037684 0.48381
0.089151 0.037692 0.47904
0.088313 0.03769 0.49004
0.06852 0.037677 0.50183
0.084327 0.037681 0.51913
0.076326 0.037671 0.53614
0.071348 0.037671 0.56475
0.081584 0.037674 0.56239
0.073162 0.037672 0.57097
0.068838 0.037678 0.59992
0.084574 0.03768 0.57127
0.087246 0.037684 0.59528
0.073547 0.037684 0.62994
0.088807 0.037686 0.61309
0.093744 0.037684 0.62258
0.072292 0.037684 0.64308
0.09162 0.037687 0.66635
0.067678 0.037688 0.68294
0.085117 0.037692 0.67536
0.088264 0.037689 0.69499
0.075715 0.037683 0.71284
0.067243 0.037683 0.73374
0.090272 0.037685 0.72536
0.070658 0.037684 0.74631
0.07558 0.037685 0.75855
0.087454 0.037684 0.74242
0.084517 0.037686 0.7633
0.070983 0.037688 0.77438
0.072595 0.03769 0.80001
0.093537 0.037688 0.78581
0.07196 0.03769 0.81678
0.079736 0.037689 0.82418
0.092353 0.037688 0.80772
0.08954 0.03769 0.83303
0.074267 0.037693 0.84294
0.074156 0.037693 0.86217
0.089353 0.037691 0.86595
0.076264 0.037689 0.88305
0.087938 0.03769 0.87417
0.08473 0.037691 0.89067
0.071016 0.037702 0.91002
0.076534 0.037679 0.93104
0.088439 0.037695 0.90303
0.071014 0.037651 0.93877
0.085493 0.037667 0.94742
0.11007 0.037679 0.03902
0.10551 0.037681 0.057343
0.12601 0.037675 0.037875
0.12149 0.037676 0.052197
0.10232 0.037682 0.068308
0.10674 0.03768 0.094206
0.12374 0.037676 0.096433
0.10517 0.037677 0.11013
0.11331 0.037674 0.12844
0.1247 0.037672 0.11811
0.10718 0.037675 0.14083
0.10227 0.037675 0.15542
0.12626 0.03767 0.15548
0.10734 0.03767 0.17228
0.10609 0.037669 0.18696
0.12715 0.037668 0.16647
0.11849 0.037667 0.1931
0.11256 0.037666 0.21611
0.1174 0.037667 0.20032
0.1166 0.037666 0.22649
0.10545 0.037666 0.2376
0.10042 0.037666 0.25527
0.1204 0.037665 0.23686
0.10626 0.037663 0.27276
0.10592 0.037661 0.28542
0.12006 0.03766 0.27641
0.12813 0.037656 0.28297
0.1064 0.037658 0.30291
0.10704 0.037659 0.32526
0.12769 0.037654 0.30838
0.11624 0.037655 0.31704
0.10382 0.037661 0.33302
0.10485 0.037665 0.35756
0.11543 0.037662 0.35253
0.099087 0.037668 0.36457
0.11591 0.03767 0.36892
0.12171 0.037684 0.39266
0.10226 0.037677 0.39737
0.10182 0.037686 0.42438
0.11265 0.037687 0.42458
0.097989 0.037689 0.43683
0.098881 0.037692 0.44882
0.11311 0.037695 0.44336
0.11479 0.037699 0.45589
0.098118 0.037692 0.46972
0.10617 0.03769 0.48638
0.11578 0.037701 0.47104
0.12133 0.037706 0.48836
0.1024 0.037684 0.50266
0.097861 0.037681 0.5248
0.11803 0.03769 0.52508
0.10372 0.037683 0.53761
0.099403 0.037684 0.55945
0.12 0.037694 0.54299
0.097566 0.037684 0.58248
0.099722 0.037684 0.59567
0.11681 0.037693 0.57614
0.11833 0.037687 0.60156
0.10751 0.037678 0.61737
0.10767 0.037676 0.62735
0.12411 0.037675 0.63265
0.10486 0.037676 0.64643
0.10452 0.037677 0.65946
0.11783 0.037675 0.64108
0.11496 0.037674 0.66822
0.10346 0.037681 0.68479
0.12047 0.037676 0.68455
0.10656 0.037687 0.72997
0.12527 0.037679 0.70838
0.1267 0.03768 0.73576
0.10103 0.037685 0.74087
0.10507 0.037683 0.75723
0.11944 0.037681 0.76545
0.1066 0.037683 0.77636
0.12727 0.037676 0.78033
0.11714 0.037681 0.79238
0.10841 0.037688 0.83071
0.11716 0.037684 0.8062
0.12049 0.037686 0.83464
0.10976 0.037689 0.8405
0.12552 0.037684 0.84378
0.12536 0.037684 0.85724
0.10814 0.037688 0.87677
0.11183 0.037689 0.89314
0.12811 0.037685 0.88347
0.12169 0.037688 0.89793
0.10287 0.037694 0.91017
0.12102 0.037691 0.91243
0.11947 0.037668 0.92557
0.10447 0.037651 0.93857
0.12912 0.037596 0.94652
0.12748 0.033334 0.96458
0.14116 0.037673 0.039774
0.15651 0.037668 0.035262
0.15812 0.037668 0.053298
0.13383 0.037675 0.076142
0.1391 0.03767 0.095267
0.15187 0.037669 0.071881
0.15616 0.037665 0.090388
0.13869 0.037667 0.10628
0.14027 0.037665 0.1176
0.15075 0.037662 0.1109
0.155 0.037661 0.11645
0.13371 0.037669 0.13752
0.13467 0.037668 0.15912
0.15907 0.037663 0.15272
0.1332 0.037665 0.17786
0.15694 0.037661 0.17234
0.15567 0.03766 0.18392
0.13563 0.037662 0.20495
0.14147 0.037659 0.22474
0.15841 0.037655 0.20621
0.13462 0.03766 0.23731
0.14445 0.037655 0.25259
0.15035 0.037657 0.23036
0.15785 0.037651 0.25865
0.13699 0.037654 0.26681
0.13628 0.037652 0.28866
0.15509 0.03765 0.26653
0.15168 0.03765 0.28535
0.14386 0.03765 0.30249
0.13178 0.037654 0.31338
0.15711 0.037652 0.29664
0.1491 0.037654 0.31969
0.13402 0.03766 0.34167
0.14301 0.037659 0.34832
0.15377 0.037658 0.33016
0.13948 0.037667 0.37256
0.13376 0.037672 0.38138
0.15673 0.03767 0.3752
0.12964 0.037695 0.41978
0.14339 0.037697 0.42313
0.13648 0.0377 0.43886
0.12979 0.037705 0.45287
0.14816 0.037708 0.44139
0.14627 0.037712 0.45132
0.13043 0.037709 0.46862
0.12862 0.037709 0.48558
0.14773 0.037724 0.47093
0.13701 0.03769 0.5093
0.13628 0.037684 0.52382
0.15312 0.037712 0.50067
0.1303 0.037686 0.5455
0.13677 0.037678 0.56766
0.14385 0.037682 0.55001
0.15298 0.037698 0.55468
0.13761 0.037674 0.58412
0.13287 0.037677 0.59693
0.15222 0.03768 0.58417
0.15123 0.037676 0.59652
0.13237 0.037674 0.61406
0.13518 0.037671 0.63161
0.15339 0.037673 0.61892
0.1489 0.037673 0.6291
0.13858 0.037669 0.66294
0.15746 0.037672 0.64827
0.14802 0.03767 0.66434
0.13612 0.03767 0.67602
0.14199 0.037667 0.69648
0.14626 0.037667 0.67987
0.1487 0.037666 0.70404
0.13077 0.037675 0.70754
0.14196 0.037669 0.73531
0.15308 0.037668 0.71049
0.14873 0.037666 0.73517
0.14199 0.03767 0.7507
0.13581 0.037672 0.76796
0.15429 0.037666 0.74168
0.1579 0.037663 0.75803
0.13876 0.037672 0.7947
0.15207 0.037668 0.77823
0.15354 0.03767 0.80032
0.14417 0.037674 0.80847
0.1416 0.037678 0.82944
0.16237 0.037671 0.81593
0.15478 0.037673 0.8298
0.13975 0.037678 0.84839
0.14626 0.037676 0.86335
0.15924 0.03767 0.84726
0.15934 0.037672 0.86265
0.13634 0.037682 0.87744
0.15611 0.037678 0.88161
0.15453 0.037681 0.89821
0.13443 0.037687 0.90941
0.13939 0.037646 0.92859
0.15657 0.037683 0.91148
0.15418 0.037651 0.92556
0.13561 0.034341 0.95264
0.15789 0.037587 0.94089
0.15753 0.03334 0.96146
0.17012 0.037662 0.044814
0.177 0.037659 0.06113
0.18625 0.037656 0.045508
0.18528 0.037656 0.055066
0.16987 0.037661 0.076243
0.17362 0.037659 0.091902
0.18882 0.037654 0.077787
0.18853 0.037654 0.092995
0.169 0.037659 0.10581
0.17316 0.037656 0.12861
0.18326 0.037656 0.10725
0.19017 0.037653 0.11787
0.17173 0.037655 0.14051
0.17846 0.037651 0.15375
0.18653 0.03765 0.14506
0.19087 0.037649 0.15026
0.17813 0.037648 0.19309
0.1897 0.037647 0.17186
0.18517 0.037649 0.18843
0.17431 0.037646 0.22614
0.18655 0.037647 0.20112
0.18577 0.037647 0.21941
0.17209 0.037645 0.2385
0.17432 0.037642 0.25653
0.18622 0.03764 0.24836
0.18755 0.037638 0.26963
0.18315 0.037645 0.28781
0.16571 0.037649 0.29594
0.17203 0.037652 0.31296
0.18551 0.037651 0.30733
0.18799 0.037655 0.32388
0.16449 0.037655 0.34014
0.16716 0.037656 0.34694
0.18166 0.037654 0.33551
0.18466 0.037659 0.34487
0.17294 0.037664 0.36937
0.183 0.037673 0.37213
0.17941 0.037672 0.38899
0.16714 0.037679 0.42352
0.18709 0.037681 0.40077
0.18676 0.03769 0.41949
0.16652 0.037689 0.43642
0.16697 0.037699 0.45144
0.18211 0.037698 0.43303
0.175 0.037707 0.45784
0.16273 0.037719 0.48585
0.1759 0.037731 0.47661
0.17852 0.037741 0.48495
0.16145 0.037708 0.5017
0.16116 0.037701 0.53002
0.17993 0.037736 0.50769
0.17747 0.037726 0.52982
0.16143 0.037702 0.54534
0.17343 0.037704 0.56304
0.16902 0.037679 0.58036
0.16012 0.037675 0.5934
0.18109 0.037693 0.58648
0.1759 0.037671 0.59883
0.16925 0.037663 0.6102
0.16357 0.037667 0.63176
0.17682 0.037666 0.6084
0.17716 0.037661 0.62754
0.16415 0.03767 0.65032
0.16621 0.037669 0.66028
0.18874 0.037684 0.65465
0.18939 0.037678 0.66624
0.16654 0.037666 0.67823
0.16567 0.037665 0.69406
0.17906 0.037665 0.67613
0.18225 0.037665 0.696
0.17208 0.037662 0.72108
0.16894 0.03766 0.73269
0.18212 0.037663 0.70892
0.18303 0.037656 0.73753
0.17557 0.037652 0.75186
0.16879 0.037657 0.75946
0.18432 0.037652 0.75123
0.16834 0.037666 0.79399
0.18867 0.037657 0.77421
0.18822 0.037663 0.80031
0.17364 0.037666 0.80854
0.18679 0.037663 0.81621
0.18848 0.03766 0.83081
0.17824 0.037662 0.84106
0.16927 0.037666 0.85734
0.18725 0.037659 0.84789
0.18538 0.037659 0.85486
0.16747 0.037672 0.87632
0.1674 0.037676 0.8925
0.19317 0.037659 0.87121
0.19241 0.037664 0.89051
0.16938 0.037631 0.92926
0.18445 0.037621 0.93026
0.17901 0.033889 0.95364
0.1861 0.037584 0.93862
0.1912 0.033468 0.95613
0.20077 0.037651 0.04426
0.20903 0.037648 0.05841
0.22245 0.037644 0.034968
0.22054 0.037645 0.056187
0.20772 0.037648 0.068497
0.20447 0.037648 0.08822
0.22502 0.037641 0.07061
0.22161 0.037642 0.092929
0.21012 0.037645 0.10025
0.20416 0.037647 0.12619
0.22678 0.03764 0.10078
0.2186 0.037643 0.12072
0.20312 0.037646 0.14133
0.19876 0.037642 0.17271
0.209 0.037641 0.18878
0.22514 0.037629 0.17159
0.22749 0.037626 0.18253
0.20429 0.037644 0.19943
0.22163 0.037636 0.19921
0.20988 0.037637 0.2371
0.22347 0.03764 0.23184
0.22082 0.037642 0.25537
0.20295 0.037626 0.27192
0.19807 0.037629 0.2801
0.22121 0.037634 0.266
0.21448 0.037616 0.28412
0.20618 0.037619 0.3047
0.20405 0.037633 0.3244
0.21308 0.03761 0.31305
0.19749 0.037647 0.33016
0.20211 0.037652 0.35269
0.21383 0.037629 0.32956
0.22309 0.037651 0.34636
0.20539 0.037647 0.36237
0.20204 0.037655 0.3799
0.21742 0.037649 0.36082
0.21007 0.03765 0.38645
0.19941 0.037675 0.4043
0.20811 0.037665 0.40109
0.19859 0.0377 0.42762
0.18902 0.037729 0.45453
0.21202 0.03772 0.42896
0.211 0.037758 0.44752
0.19387 0.037754 0.46661
0.19591 0.037771 0.48775
0.20036 0.037774 0.47464
0.20405 0.0378 0.48813
0.19187 0.037761 0.50975
0.19375 0.037753 0.52349
0.19462 0.037738 0.54083
0.19565 0.037729 0.55539
0.20597 0.037747 0.55628
0.19375 0.037703 0.58625
0.19047 0.037697 0.59866
0.20977 0.03773 0.58412
0.20979 0.037727 0.59115
0.19144 0.03769 0.6113
0.19363 0.037688 0.63646
0.21684 0.03771 0.63668
0.19411 0.037685 0.65295
0.20341 0.03768 0.65952
0.21651 0.037703 0.64533
0.20409 0.037666 0.67775
0.19859 0.037659 0.69971
0.21504 0.037666 0.67914
0.21376 0.037654 0.70098
0.19772 0.037653 0.71339
0.19762 0.037647 0.73223
0.21455 0.037645 0.71518
0.21691 0.037636 0.72621
0.20163 0.037646 0.76368
0.21802 0.037638 0.75215
0.20101 0.037655 0.78493
0.20796 0.037652 0.7965
0.21892 0.037645 0.77605
0.20267 0.037655 0.83447
0.22561 0.03765 0.81886
0.22237 0.037649 0.83321
0.20319 0.037654 0.84849
0.20666 0.037651 0.86169
0.22084 0.037649 0.8396
0.22216 0.037646 0.86079
0.20567 0.037653 0.87692
0.20811 0.037656 0.89407
0.21847 0.037647 0.87844
0.22335 0.03765 0.89686
0.2122 0.037621 0.92768
0.22319 0.037659 0.91432
0.20026 0.03754 0.947
0.21166 0.033337 0.96265
0.21983 0.037555 0.94277
0.22021 0.033408 0.95718
0.23299 0.03764 0.034976
0.23662 0.037638 0.061103
0.25035 0.037634 0.042348
0.25853 0.037629 0.055838
0.23834 0.037636 0.067191
0.23464 0.037637 0.08382
0.25442 0.037628 0.075142
0.25773 0.037627 0.084465
0.2443 0.037636 0.1176
0.25415 0.03763 0.10011
0.24968 0.037633 0.12423
0.23389 0.037636 0.14257
0.25309 0.037629 0.13711
0.25896 0.037623 0.15344
0.23418 0.037622 0.17373
0.24426 0.037616 0.1886
0.2516 0.037616 0.17372
0.25749 0.037616 0.18313
0.23759 0.037622 0.20784
0.23117 0.037634 0.22581
0.25421 0.037616 0.20274
0.23072 0.037639 0.24074
0.23762 0.03764 0.24628
0.23966 0.037637 0.26931
0.23866 0.037633 0.28912
0.25843 0.037639 0.27862
0.25704 0.037646 0.30233
0.25349 0.037657 0.31696
0.23103 0.037648 0.34937
0.24977 0.037655 0.33787
0.25545 0.037678 0.35468
0.23429 0.037646 0.361
0.2465 0.037658 0.36687
0.24189 0.037648 0.38065
0.22518 0.037676 0.3995
0.2345 0.037687 0.41275
0.24471 0.037673 0.39308
0.22827 0.037713 0.42662
0.22425 0.037758 0.4464
0.24488 0.037734 0.42999
0.23836 0.037772 0.44927
0.21702 0.03783 0.47207
0.23178 0.037829 0.46645
0.23659 0.037918 0.48222
0.22665 0.037835 0.50378
0.23099 0.037843 0.53126
0.22217 0.037795 0.54785
0.21835 0.037773 0.5666
0.22785 0.037749 0.59417
0.23691 0.03775 0.60169
0.23255 0.037712 0.6136
0.23051 0.037681 0.63998
0.23891 0.037703 0.61806
0.24442 0.037675 0.63573
0.22744 0.037672 0.65443
0.23586 0.037651 0.66478
0.24546 0.037652 0.65668
0.24702 0.037655 0.67097
0.23633 0.037655 0.68741
0.25496 0.037653 0.69576
0.23707 0.037628 0.72246
0.24873 0.037634 0.71356
0.25051 0.037622 0.73256
0.23682 0.037626 0.74549
0.23419 0.037629 0.76264
0.25172 0.037623 0.75079
0.26062 0.037622 0.76718
0.23146 0.037642 0.78246
0.23993 0.037638 0.79473
0.2561 0.037627 0.77653
0.24036 0.03764 0.8101
0.25827 0.03763 0.81162
0.25166 0.037635 0.83061
0.24139 0.03764 0.84613
0.23682 0.03764 0.86152
0.23525 0.037639 0.87949
0.23414 0.03764 0.88877
0.25712 0.037629 0.8778
0.24447 0.037644 0.91292
0.2351 0.037611 0.92887
0.25046 0.037637 0.90385
0.25913 0.037595 0.93093
0.24209 0.03334 0.96135
0.25433 0.03758 0.9364
0.27485 0.037622 0.056194
0.29527 0.037611 0.060686
0.27667 0.037616 0.079091
0.26989 0.037621 0.093766
0.29383 0.037609 0.073805
0.27095 0.037622 0.1085
0.2905 0.037611 0.10353
0.28572 0.037613 0.12225
0.27166 0.037616 0.13524
0.26906 0.037616 0.15587
0.2932 0.037602 0.13696
0.29472 0.037603 0.15691
0.26541 0.037615 0.16864
0.27068 0.037614 0.18147
0.28637 0.037615 0.19155
0.27412 0.037622 0.21449
0.2888 0.037613 0.19662
0.28665 0.037617 0.22182
0.27036 0.037628 0.25764
0.28726 0.037615 0.2363
0.28916 0.037632 0.2554
0.2838 0.037629 0.26305
0.265 0.037638 0.30412
0.26748 0.037643 0.31337
0.29115 0.037645 0.31746
0.26354 0.03766 0.33262
0.26792 0.037677 0.3552
0.27752 0.037643 0.3388
0.2801 0.037668 0.35099
0.26609 0.037683 0.36107
0.26602 0.037691 0.38025
0.28202 0.037711 0.37152
0.26157 0.03771 0.39995
0.25736 0.03773 0.41452
0.27761 0.037737 0.40476
0.27111 0.037739 0.41939
0.24782 0.03782 0.45394
0.26812 0.037742 0.42718
0.27402 0.0378 0.44537
0.24392 0.037904 0.46809
0.24601 0.037961 0.48565
0.26015 0.038047 0.4804
0.24327 0.037928 0.50828
0.2544 0.037921 0.53378
0.24788 0.037892 0.53985
0.25184 0.037858 0.57209
0.257 0.03789 0.55126
0.26736 0.03793 0.56284
0.25662 0.037846 0.57895
0.25326 0.037762 0.60663
0.26447 0.037847 0.58189
0.26686 0.037792 0.59522
0.2595 0.037713 0.61764
0.261 0.037674 0.63647
0.27628 0.03766 0.63269
0.26444 0.037656 0.65446
0.2629 0.037657 0.67028
0.27737 0.037645 0.65441
0.28051 0.037641 0.67131
0.26275 0.03766 0.67863
0.27136 0.037614 0.69944
0.28734 0.037649 0.6806
0.28364 0.037597 0.70626
0.26955 0.037592 0.71998
0.27341 0.037586 0.72768
0.29175 0.037603 0.73126
0.2766 0.03762 0.75429
0.27266 0.037616 0.77059
0.29136 0.037627 0.74716
0.26675 0.037619 0.77826
0.27501 0.037609 0.79593
0.29279 0.037606 0.78269
0.2888 0.037608 0.79993
0.29048 0.037618 0.8167
0.28315 0.037625 0.83172
0.27568 0.037629 0.84883
0.29424 0.037619 0.84624
0.28628 0.037621 0.86099
0.26983 0.037623 0.88205
0.27963 0.037621 0.89421
0.29115 0.037614 0.88139
0.28418 0.03762 0.89524
0.29568 0.037621 0.91058
0.29322 0.037598 0.92672
0.27589 0.037527 0.94655
0.2786 0.033516 0.95552
0.29609 0.037574 0.93631
0.28407 0.033346 0.9603
0.30144 0.037608 0.045254
0.30494 0.037606 0.058245
0.32815 0.037594 0.044152
0.32932 0.037594 0.058085
0.30341 0.037605 0.079193
0.30746 0.037605 0.086575
0.32406 0.037597 0.069846
0.32003 0.037599 0.093054
0.30552 0.037603 0.10721
0.30332 0.037602 0.12473
0.32835 0.037592 0.1024
0.31869 0.037595 0.12243
0.30186 0.037595 0.14277
0.30499 0.037599 0.15398
0.32178 0.037586 0.14138
0.32259 0.037589 0.15062
0.30297 0.037599 0.17487
0.30586 0.037601 0.18931
0.32293 0.037588 0.16894
0.30689 0.037604 0.21875
0.32731 0.037592 0.20467
0.32589 0.037597 0.21283
0.2983 0.037605 0.23943
0.30505 0.037609 0.2499
0.31499 0.037607 0.25463
0.3041 0.037615 0.26301
0.29859 0.037621 0.28595
0.31363 0.037607 0.26267
0.31935 0.03761 0.28009
0.29869 0.037619 0.30506
0.29828 0.037632 0.31388
0.31515 0.037611 0.30577
0.3155 0.037619 0.31308
0.30268 0.03765 0.32991
0.29298 0.03769 0.35293
0.31507 0.037642 0.33677
0.32162 0.037677 0.35151
0.29749 0.037704 0.35775
0.29156 0.037757 0.38544
0.30843 0.037721 0.36653
0.31512 0.037812 0.38036
0.28912 0.037762 0.4035
0.29661 0.037765 0.41247
0.30488 0.037766 0.4002
0.308 0.037794 0.41614
0.28766 0.037782 0.43269
0.27993 0.037845 0.45009
0.30743 0.037911 0.43188
0.30879 0.038055 0.44186
0.27407 0.038119 0.47699
0.28883 0.038032 0.46325
0.27666 0.038145 0.48717
0.27099 0.038148 0.50107
0.26484 0.038102 0.51959
0.28173 0.038294 0.5024
0.27763 0.038054 0.54102
0.28669 0.037969 0.56726
0.27743 0.037864 0.58381
0.30442 0.037785 0.60094
0.28522 0.037687 0.62414
0.29004 0.037666 0.63751
0.31467 0.037748 0.6352
0.31442 0.037725 0.66161
0.31789 0.037736 0.6756
0.32383 0.037671 0.70552
0.32502 0.037643 0.72376
0.3185 0.037639 0.73513
0.30388 0.037631 0.74402
0.31022 0.037607 0.76322
0.32169 0.037614 0.75093
0.3199 0.037601 0.7682
0.31031 0.037606 0.78266
0.30266 0.037603 0.79588
0.31748 0.037603 0.78689
0.31795 0.037603 0.80292
0.30124 0.03761 0.80898
0.32017 0.037593 0.8295
0.30323 0.03761 0.84351
0.30973 0.037602 0.86063
0.30222 0.037607 0.88373
0.31009 0.037604 0.89139
0.32213 0.037598 0.87301
0.32035 0.037601 0.89773
0.30341 0.037617 0.91383
0.31286 0.037597 0.92964
0.32967 0.0376 0.9068
0.32065 0.037598 0.92349
0.3045 0.037565 0.94579
0.32293 0.03757 0.94308
0.33976 0.037588 0.040611
0.3388 0.037589 0.055539
0.36391 0.037578 0.040729
0.35306 0.037583 0.051282
0.33923 0.037589 0.073124
0.33872 0.037591 0.085368
0.35459 0.037584 0.083224
0.34076 0.037585 0.10381
0.33551 0.037586 0.12098
0.35598 0.037574 0.11996
0.33824 0.03758 0.13762
0.34234 0.037582 0.14982
0.35484 0.037573 0.13938
0.3615 0.037573 0.14776
0.34269 0.037581 0.16743
0.34261 0.03758 0.17822
0.34997 0.03758 0.16312
0.35489 0.03758 0.1779
0.33499 0.037591 0.1978
0.33329 0.037602 0.21802
0.35073 0.03759 0.19684
0.3405 0.037599 0.23085
0.33582 0.037606 0.25418
0.351 0.0376 0.23319
0.35791 0.037618 0.24868
0.34156 0.037582 0.27068
0.33922 0.037585 0.28113
0.35622 0.037608 0.26731
0.34901 0.037576 0.27606
0.33274 0.03761 0.2961
0.33432 0.037649 0.31923
0.34902 0.037599 0.29558
0.34512 0.037633 0.31919
0.33894 0.037666 0.32659
0.32988 0.037667 0.34563
0.34465 0.037704 0.33615
0.35637 0.038123 0.36319
0.34821 0.037948 0.3772
0.32316 0.037814 0.39914
0.31989 0.03782 0.41689
0.33484 0.037817 0.39089
0.32017 0.038062 0.43271
0.3303 0.037949 0.42789
0.29735 0.038169 0.4634
0.29114 0.038309 0.48875
0.30396 0.038374 0.48009
0.29169 0.038365 0.50058
0.29476 0.038384 0.50095
0.30513 0.038436 0.53318
0.29915 0.038006 0.57279
0.30787 0.038312 0.54906
0.31398 0.038014 0.57128
0.31865 0.037807 0.5952
0.31532 0.037774 0.61272
0.31774 0.037766 0.62066
0.32569 0.037762 0.6385
0.33913 0.037819 0.61967
0.34681 0.037792 0.63572
0.33529 0.037731 0.66224
0.32547 0.037739 0.67605
0.34823 0.037744 0.65805
0.34477 0.037709 0.67321
0.33077 0.037664 0.70104
0.34817 0.037677 0.68499
0.35534 0.037621 0.70731
0.32975 0.037651 0.71769
0.33825 0.037611 0.7302
0.35377 0.037619 0.71872
0.34821 0.037599 0.73948
0.33766 0.037602 0.74567
0.33951 0.03759 0.77134
0.35153 0.037579 0.75056
0.35481 0.037582 0.76652
0.35326 0.037598 0.78263
0.35445 0.037582 0.80365
0.34577 0.03758 0.81639
0.33487 0.037582 0.82389
0.35537 0.037574 0.82724
0.34549 0.03759 0.84502
0.34315 0.037589 0.86151
0.36268 0.037578 0.8389
0.36168 0.037579 0.86223
0.33728 0.037595 0.87975
0.34069 0.037592 0.89337
0.35382 0.037585 0.88812
0.34584 0.037593 0.91036
0.33908 0.037569 0.92745
0.35362 0.03759 0.91328
0.35359 0.037564 0.92447
0.34532 0.037525 0.9386
0.33692 0.033366 0.95849
0.36038 0.037519 0.93835
0.35222 0.033337 0.96263
0.37088 0.037575 0.035096
0.38079 0.037574 0.055795
0.38968 0.037569 0.040853
0.39125 0.037577 0.070011
0.3956 0.037577 0.091222
0.371 0.037568 0.10275
0.38203 0.037553 0.11505
0.39519 0.037557 0.10651
0.38988 0.037553 0.11448
0.36992 0.037564 0.14188
0.37091 0.037576 0.15502
0.39488 0.037554 0.13504
0.37738 0.037575 0.16477
0.37173 0.037581 0.17682
0.39228 0.03759 0.18702
0.37225 0.037593 0.19521
0.37525 0.037593 0.21163
0.38723 0.037587 0.2001
0.38684 0.037589 0.20976
0.37027 0.037596 0.23637
0.36768 0.037617 0.24814
0.3939 0.037604 0.22783
0.39038 0.03763 0.25088
0.36644 0.037626 0.26348
0.3657 0.037626 0.28621
0.3901 0.037634 0.26767
0.37845 0.037652 0.28273
0.37186 0.037642 0.30886
0.38502 0.037678 0.29554
0.38374 0.037687 0.30526
0.36083 0.037658 0.32595
0.36641 0.037967 0.3479
0.36008 0.038181 0.36987
0.37729 0.038124 0.35597
0.35911 0.038007 0.38559
0.36619 0.038091 0.38226
0.36041 0.037885 0.39816
0.34229 0.038048 0.43196
0.3364 0.03826 0.44284
0.3535 0.037886 0.42084
0.33962 0.038252 0.44627
0.31924 0.038635 0.45904
0.31927 0.038506 0.47517
0.30391 0.03865 0.5093
0.31492 0.03838 0.54154
0.31187 0.038727 0.50505
0.31887 0.038365 0.54307
0.32747 0.038131 0.56417
0.33042 0.037982 0.57729
0.33866 0.037911 0.5967
0.3449 0.037859 0.61435
0.35159 0.037952 0.59149
0.36629 0.03801 0.61656
0.35276 0.037805 0.63296
0.35407 0.037795 0.64121
0.36653 0.037845 0.63283
0.37371 0.037842 0.64317
0.35602 0.037736 0.65952
0.36073 0.037685 0.67907
0.38422 0.037797 0.65761
0.38695 0.037726 0.66803
0.36237 0.037641 0.6902
0.37923 0.03769 0.68233
0.38563 0.037657 0.70316
0.37856 0.037597 0.73534
0.39384 0.037632 0.71602
0.38771 0.03759 0.73577
0.37623 0.037565 0.75544
0.36747 0.037571 0.7615
0.38424 0.03757 0.75205
0.3801 0.037569 0.78359
0.37753 0.037564 0.80143
0.38677 0.037573 0.77859
0.37691 0.037567 0.81104
0.37043 0.037569 0.83223
0.37359 0.037572 0.84001
0.37215 0.037569 0.85725
0.3879 0.037563 0.84018
0.38921 0.037564 0.86482
0.37464 0.037579 0.8767
0.37016 0.037579 0.89564
0.39212 0.037569 0.89895
0.37413 0.03758 0.91003
0.38102 0.037546 0.92864
0.38758 0.037573 0.90939
0.39471 0.037536 0.93119
0.37814 0.037514 0.94181
0.37215 0.033694 0.95413
0.3912 0.037512 0.94252
0.39736 0.033559 0.95493
0.41465 0.037567 0.036628
0.42019 0.037566 0.04137
0.42171 0.037572 0.064112
0.40585 0.03758 0.079777
0.42724 0.03757 0.073111
0.43445 0.037634 0.095269
0.41762 0.037551 0.10563
0.40739 0.03754 0.11534
0.42555 0.037603 0.10442
0.42682 0.037617 0.12105
0.41311 0.037555 0.13868
0.40661 0.037574 0.15497
0.42807 0.037573 0.14415
0.40969 0.03757 0.16357
0.40751 0.037579 0.18414
0.42065 0.03756 0.16907
0.42258 0.037558 0.17577
0.41089 0.037604 0.21885
0.42359 0.037563 0.19894
0.42861 0.037559 0.20589
0.39724 0.037605 0.23314
0.40811 0.037653 0.25041
0.42773 0.037607 0.22379
0.40629 0.03765 0.26539
0.40208 0.037651 0.27424
0.4247 0.037697 0.27665
0.4071 0.037686 0.29527
0.39792 0.03772 0.30784
0.42127 0.037704 0.28435
0.4158 0.037702 0.3003
0.3972 0.037762 0.32564
0.39975 0.037832 0.33909
0.41731 0.037791 0.31794
0.40736 0.037874 0.34175
0.38456 0.038194 0.36571
0.41259 0.037937 0.34789
0.37505 0.03817 0.37903
0.37201 0.037897 0.39937
0.39696 0.038045 0.37703
0.3886 0.037894 0.39033
0.37237 0.037788 0.4194
0.36494 0.037885 0.43609
0.38509 0.037846 0.4024
0.34488 0.038196 0.45362
0.32343 0.038363 0.4746
0.3629 0.03762 0.44913
0.32636 0.03803 0.48603
0.32141 0.038376 0.4955
0.32347 0.038467 0.53038
0.32554 0.037765 0.50214
0.33632 0.037965 0.54138
0.35433 0.037888 0.56859
0.37381 0.037901 0.58066
0.37413 0.038203 0.61117
0.40285 0.038093 0.62574
0.38452 0.037989 0.63155
0.39437 0.037859 0.64998
0.40619 0.038005 0.63382
0.39742 0.037767 0.65892
0.40474 0.037683 0.66979
0.41281 0.037737 0.65512
0.42271 0.037633 0.66519
0.39705 0.037673 0.689
0.4044 0.037633 0.69704
0.4251 0.037657 0.68458
0.42645 0.037592 0.70011
0.41091 0.037596 0.71734
0.40551 0.037576 0.72984
0.42426 0.037549 0.72659
0.40512 0.037553 0.76052
0.42385 0.037537 0.74778
0.41832 0.037553 0.76332
0.40993 0.03755 0.78007
0.40199 0.037546 0.79971
0.42745 0.037531 0.78084
0.43057 0.037527 0.79633
0.41437 0.037533 0.81719
0.43156 0.03753 0.80907
0.41893 0.037532 0.82549
0.40468 0.037554 0.84041
0.42407 0.037545 0.86152
0.41259 0.037555 0.88056
0.4081 0.037559 0.89811
0.42756 0.037547 0.88081
0.42227 0.037547 0.88952
0.40976 0.037562 0.90807
0.40792 0.037534 0.93037
0.42722 0.037533 0.92791
0.40257 0.037504 0.94512
0.41829 0.037515 0.93825
0.42793 0.03334 0.96123
0.43787 0.037566 0.041607
0.4437 0.037563 0.061962
0.45649 0.037563 0.045274
0.43858 0.037561 0.072261
0.44047 0.037645 0.094372
0.46315 0.037549 0.081703
0.45696 0.03772 0.099736
0.44138 0.037886 0.11646
0.45946 0.037782 0.10579
0.44717 0.037821 0.12809
0.43944 0.037563 0.14523
0.45339 0.037823 0.12893
0.46189 0.037549 0.14647
0.44622 0.037508 0.15919
0.44253 0.037548 0.18105
0.45994 0.037517 0.16736
0.45761 0.037548 0.1844
0.44521 0.037549 0.19578
0.43958 0.037557 0.2075
0.45266 0.037576 0.21459
0.43603 0.037612 0.22777
0.43212 0.037646 0.2419
0.45009 0.037606 0.22619
0.43443 0.037677 0.25212
0.4341 0.037678 0.26698
0.4558 0.037683 0.26074
0.45918 0.037739 0.27254
0.43163 0.037728 0.28213
0.44671 0.037779 0.29085
0.4537 0.037872 0.30367
0.43071 0.037825 0.31634
0.42723 0.037844 0.33176
0.45008 0.037907 0.31094
0.44504 0.037878 0.32371
0.42745 0.03793 0.34308
0.41939 0.038016 0.36329
0.45101 0.03802 0.33899
0.44316 0.03811 0.35226
0.43622 0.038195 0.37021
0.39426 0.037248 0.4035
0.39077 0.036987 0.42451
0.42397 0.036805 0.38443
0.40928 0.035159 0.40798
0.37249 0.03681 0.44323
0.344 0.036086 0.47135
0.35437 0.034261 0.48441
0.33205 0.036268 0.51284
0.34485 0.036999 0.54279
0.33998 0.035498 0.52059
0.38789 0.035629 0.56483
0.38871 0.036911 0.58766
0.40076 0.037309 0.60281
0.39722 0.036145 0.59057
0.4096 0.036913 0.603
0.4153 0.038391 0.61458
0.42323 0.038092 0.61018
0.42999 0.038343 0.62246
0.42383 0.037955 0.63963
0.44123 0.038134 0.62881
0.45159 0.037843 0.64059
0.4321 0.03762 0.65818
0.43155 0.037635 0.66838
0.45067 0.037671 0.65819
0.44918 0.037674 0.66665
0.43397 0.037618 0.68716
0.44257 0.037574 0.70086
0.46296 0.037517 0.69836
0.43971 0.037546 0.71604
0.44507 0.03753 0.73206
0.45476 0.037526 0.71374
0.45923 0.037508 0.73371
0.44781 0.037517 0.74279
0.43614 0.037528 0.7636
0.46051 0.037485 0.74709
0.45677 0.037505 0.7635
0.4405 0.037523 0.77797
0.44186 0.037524 0.79913
0.45484 0.037506 0.78114
0.46558 0.037517 0.79947
0.44354 0.037515 0.82204
0.45479 0.037507 0.81579
0.45457 0.037514 0.82507
0.44497 0.037536 0.83821
0.4377 0.037541 0.8613
0.46363 0.037527 0.83837
0.4399 0.037545 0.87127
0.44037 0.037542 0.89112
0.45296 0.037536 0.8815
0.46047 0.037538 0.89484
0.44683 0.037551 0.9142
0.44677 0.03753 0.92617
0.46005 0.037546 0.91479
0.45564 0.037518 0.93048
0.44386 0.037491 0.94723
0.46386 0.037486 0.94357
0.45968 0.033336 0.96323
0.4076 0.037902 0.44352
0.37763 0.038218 0.46667
0.37436 0.038094 0.52564
0.37653 0.036192 0.49551
0.48057 0.037556 0.046045
0.47696 0.037556 0.064607
0.49516 0.037551 0.03896
0.48699 0.037555 0.06238
0.46902 0.037551 0.081669
0.47132 0.0376 0.093985
0.49083 0.037551 0.073162
0.48917 0.03755 0.093243
0.47671 0.0376 0.10952
0.47056 0.037705 0.11487
0.48234 0.037545 0.10418
0.49233 0.03754 0.12222
0.47008 0.037668 0.1296
0.49066 0.037565 0.14579
0.46877 0.037535 0.1636
0.4765 0.037553 0.1777
0.48598 0.037568 0.16119
0.4779 0.037563 0.19366
0.47478 0.037576 0.21021
0.48977 0.037564 0.19144
0.4901 0.037569 0.20805
0.47169 0.037619 0.23124
0.47816 0.03763 0.23679
0.48735 0.037612 0.22362
0.49342 0.03762 0.23561
0.46666 0.037688 0.26089
0.47958 0.037702 0.26452
0.49341 0.03768 0.2596
0.49835 0.037744 0.27284
0.47092 0.037821 0.28836
0.47414 0.037899 0.29644
0.48624 0.037907 0.29684
0.46676 0.038007 0.31296
0.47068 0.038238 0.32516
0.48671 0.038058 0.31355
0.49002 0.038274 0.32424
0.46801 0.038333 0.33415
0.47105 0.038532 0.34084
0.4905 0.03872 0.34123
0.45647 0.038147 0.36258
0.47863 0.038486 0.34831
0.47996 0.037762 0.35248
0.43897 0.036112 0.38239
0.43462 0.034584 0.39472
0.46602 0.035582 0.36561
0.46607 0.034315 0.37243
0.42241 0.033578 0.42643
0.4413 0.033361 0.49137
0.39895 0.033432 0.51371
0.4041 0.034368 0.57793
0.44832 0.033741 0.60005
0.43935 0.035428 0.60736
0.48349 0.034039 0.59657
0.49618 0.035398 0.60811
0.44022 0.037554 0.61412
0.45694 0.037986 0.6212
0.49203 0.036945 0.61658
0.50373 0.037784 0.62395
0.46161 0.03804 0.62859
0.46594 0.037765 0.64654
0.48399 0.037925 0.63151
0.49909 0.037782 0.64261
0.46369 0.037712 0.65133
0.46659 0.037619 0.66644
0.50037 0.037582 0.65183
0.47496 0.037581 0.67652
0.473 0.037507 0.70246
0.48588 0.037511 0.68031
0.49307 0.037473 0.69399
0.47825 0.037485 0.72158
0.49317 0.037483 0.7051
0.49449 0.03747 0.72524
0.47846 0.03747 0.743
0.47985 0.037478 0.7566
0.49562 0.037448 0.74457
0.49711 0.03747 0.75664
0.48153 0.037506 0.76999
0.4723 0.037508 0.79267
0.49319 0.037508 0.79851
0.48024 0.037505 0.82789
0.49526 0.037501 0.8094
0.49304 0.037503 0.8305
0.47823 0.037518 0.84242
0.48029 0.037518 0.85897
0.48717 0.037513 0.85616
0.47704 0.037533 0.87481
0.47427 0.037529 0.88585
0.49502 0.037527 0.88008
0.46996 0.037516 0.92733
0.49177 0.037539 0.90868
0.48686 0.0375 0.92962
0.47656 0.037474 0.94433
0.47651 0.034117 0.95247
0.48788 0.037477 0.93805
0.46696 0.03396 0.42671
0.41302 0.034181 0.4877
0.43854 0.033878 0.5041
0.45912 0.033972 0.55844
0.46147 0.036225 0.39052
0.47059 0.037043 0.38207
0.41473 0.036161 0.444
0.39979 0.035282 0.46465
0.41551 0.037076 0.43069
0.40479 0.036665 0.45128
0.47014 0.034894 0.41098
0.42529 0.034079 0.45481
0.46895 0.036064 0.39008
0.43442 0.033781 0.48638
0.41224 0.034409 0.52414
0.36848 0.038159 0.52061
0.42416 0.037384 0.57802
0.4821 0.03396 0.54585
0.45051 0.035813 0.58302
0.44245 0.033899 0.52909
0.43851 0.03627 0.58756
0.42805 0.036976 0.58331
0.47241 0.036892 0.3834
0.43068 0.036478 0.42469
0.41551 0.034938 0.47016
0.4467 0.035801 0.41751
0.40706 0.035271 0.4734
0.45231 0.037591 0.39488
0.4281 0.034345 0.47418
0.45958 0.035098 0.41952
0.45677 0.034735 0.45836
0.39106 0.036686 0.53527
0.40793 0.037063 0.5523
0.38311 0.035986 0.4889
0.42668 0.034985 0.54272
0.42531 0.03428 0.49866
0.47135 0.034278 0.55649
0.45263 0.034101 0.49851
0.43927 0.034615 0.55759
0.42927 0.036946 0.58296
0.47861 0.037243 0.58495
0.44694 0.034468 0.4432
0.46101 0.034573 0.52052
0.50697 0.037547 0.045432
0.52534 0.037542 0.047402
0.52431 0.037543 0.057107
0.50587 0.037547 0.071544
0.50574 0.037549 0.088206
0.52963 0.037541 0.06752
0.5234 0.037543 0.088195
0.50053 0.037538 0.10575
0.5109 0.037538 0.1154
0.52731 0.037531 0.10768
0.52236 0.037531 0.11408
0.51467 0.037548 0.13549
0.51277 0.037554 0.14583
0.51904 0.037543 0.13424
0.52138 0.037557 0.15626
0.51091 0.037558 0.16155
0.51623 0.037543 0.17593
0.53062 0.037531 0.17284
0.5204 0.03754 0.17683
0.51646 0.03755 0.1999
0.5035 0.037555 0.20617
0.5304 0.037534 0.19632
0.53356 0.037522 0.20837
0.51441 0.037604 0.22848
0.51288 0.037634 0.24153
0.52718 0.037585 0.23077
0.52369 0.037629 0.24433
0.5067 0.037712 0.27049
0.52892 0.037632 0.25909
0.5252 0.037641 0.26567
0.50735 0.037756 0.2822
0.51728 0.037796 0.29719
0.53544 0.037694 0.28289
0.53831 0.037766 0.29918
0.50577 0.037946 0.31057
0.53918 0.037875 0.31345
0.54206 0.037904 0.32043
0.49934 0.038612 0.33916
0.52791 0.038215 0.32936
0.54145 0.038172 0.34943
0.50566 0.038174 0.34488
0.50763 0.037788 0.34721
0.54382 0.03767 0.37595
0.52537 0.035659 0.36377
0.51577 0.034487 0.36962
0.53696 0.035791 0.38578
0.51481 0.034416 0.42658
0.49319 0.033416 0.43924
0.50502 0.033793 0.45
0.5134 0.033436 0.47694
0.47312 0.03338 0.5194
0.53472 0.033612 0.58825
0.56863 0.033418 0.56096
0.58053 0.034174 0.58788
0.50872 0.035925 0.61304
0.55662 0.035644 0.59912
0.55116 0.036821 0.60755
0.53581 0.037374 0.6183
0.51039 0.037955 0.63646
0.52942 0.037866 0.62511
0.53758 0.037765 0.63642
0.51094 0.037626 0.6487
0.5172 0.037488 0.66021
0.53315 0.037537 0.65375
0.53683 0.037536 0.66255
0.51143 0.037509 0.67771
0.50501 0.037476 0.69135
0.52496 0.037544 0.67424
0.53561 0.037509 0.68984
0.50401 0.037462 0.71549
0.51018 0.037464 0.72919
0.52115 0.037466 0.7301
0.50878 0.037444 0.74293
0.50985 0.037455 0.75429
0.52811 0.037464 0.73576
0.52118 0.037457 0.75569
0.51599 0.037489 0.76965
0.50637 0.037497 0.79227
0.52805 0.037484 0.7802
0.53241 0.037496 0.79292
0.5077 0.037495 0.80999
0.51301 0.037485 0.81953
0.52464 0.037487 0.81412
0.52504 0.037493 0.82388
0.51163 0.03751 0.85326
0.53243 0.037516 0.8602
0.50992 0.03753 0.87723
0.51541 0.037527 0.89165
0.53112 0.037529 0.87633
0.53181 0.037529 0.89418
0.50228 0.037537 0.91447
0.52094 0.037539 0.91112
0.50467 0.034333 0.95196
0.52816 0.037419 0.94457
0.52606 0.033371 0.958
0.47221 0.034046 0.5014
0.50867 0.033807 0.54423
0.48822 0.034527 0.40328
0.48833 0.033981 0.47856
0.5234 0.037228 0.40685
0.46936 0.0339 0.44301
0.52667 0.035211 0.5176
0.4948 0.037035 0.45063
0.54586 0.036505 0.51946
0.50926 0.033807 0.52651
0.50773 0.034912 0.5752
0.55216 0.034192 0.56009
0.54374 0.036727 0.58012
0.57102 0.034463 0.55912
0.56671 0.036045 0.58309
0.59314 0.038064 0.55667
0.5882 0.038284 0.57419
0.52515 0.036426 0.58796
0.51745 0.036848 0.394
0.51853 0.035968 0.40111
0.46351 0.033931 0.47956
0.4912 0.034883 0.42528
0.48657 0.03475 0.46062
0.49403 0.037286 0.45044
0.52197 0.035489 0.49641
0.5004 0.034899 0.48348
0.52674 0.034268 0.53512
0.52586 0.036105 0.5612
0.49188 0.034546 0.51098
0.51652 0.034876 0.55233
0.58869 0.037616 0.56537
0.57942 0.03702 0.57785
0.55528 0.035616 0.53848
0.47172 0.03441 0.45168
0.48195 0.034478 0.46483
0.50311 0.034572 0.51866
0.54117 0.03754 0.05431
0.5638 0.037535 0.036673
0.55945 0.037536 0.063285
0.54327 0.037536 0.092683
0.55535 0.037536 0.071482
0.55608 0.037536 0.088737
0.54356 0.037524 0.10853
0.54827 0.037529 0.12423
0.55343 0.037521 0.10795
0.55365 0.037526 0.12453
0.54441 0.037527 0.13437
0.56456 0.037519 0.13631
0.55745 0.037521 0.14741
0.54834 0.037516 0.17074
0.56728 0.037508 0.16936
0.55083 0.0375 0.20033
0.54338 0.037522 0.21538
0.56887 0.037498 0.19885
0.56422 0.037516 0.22119
0.54863 0.037532 0.22709
0.55965 0.037524 0.22673
0.57322 0.037569 0.25425
0.55071 0.037577 0.26275
0.573 0.037561 0.26927
0.57188 0.03757 0.27564
0.54989 0.037717 0.29742
0.57683 0.037589 0.29139
0.57131 0.037622 0.30026
0.55816 0.037808 0.31447
0.55622 0.037876 0.33098
0.57046 0.037667 0.32435
0.57254 0.037648 0.34184
0.54786 0.038013 0.33437
0.55327 0.03796 0.36514
0.56549 0.037751 0.3527
0.54233 0.037838 0.3881
0.5436 0.037528 0.40515
0.54012 0.037343 0.41073
0.52162 0.035144 0.43356
0.54216 0.036781 0.43412
0.52866 0.034078 0.46198
0.5481 0.033957 0.49402
0.587 0.03389 0.53321
0.60862 0.036204 0.53863
0.60717 0.036798 0.56685
0.59524 0.035889 0.58601
0.57294 0.037284 0.60052
0.60186 0.036914 0.58219
0.60577 0.037469 0.5912
0.57718 0.037697 0.60409
0.60298 0.037738 0.60918
0.58382 0.037881 0.61625
0.56457 0.037691 0.62379
0.54615 0.037721 0.63657
0.58161 0.037693 0.64132
0.55202 0.037669 0.64962
0.551 0.037597 0.6679
0.57495 0.03767 0.64605
0.54322 0.037569 0.6747
0.55053 0.037535 0.69737
0.56674 0.037582 0.67842
0.55736 0.037543 0.69802
0.53829 0.037493 0.71296
0.54036 0.037488 0.7285
0.56088 0.03754 0.70642
0.54095 0.037467 0.74015
0.55406 0.037459 0.74897
0.56424 0.037477 0.76335
0.53951 0.037482 0.77059
0.54326 0.0375 0.79446
0.56468 0.037477 0.78172
0.56432 0.037509 0.79864
0.54834 0.037513 0.80578
0.54307 0.037504 0.83034
0.55498 0.037512 0.80824
0.55586 0.037504 0.82678
0.54013 0.037509 0.84876
0.55365 0.037512 0.8474
0.56057 0.03752 0.86274
0.5418 0.037525 0.88695
0.55674 0.037526 0.88138
0.56457 0.037529 0.8889
0.54696 0.037538 0.90859
0.53736 0.037485 0.929
0.55929 0.037542 0.91185
0.55541 0.037494 0.9286
0.54401 0.037436 0.94376
0.54806 0.033347 0.95986
0.5635 0.037455 0.94094
0.55443 0.033933 0.95294
0.55204 0.036283 0.52449
0.5704 0.036444 0.53716
0.57663 0.037534 0.04506
0.58717 0.037533 0.040648
0.5954 0.037532 0.062926
0.57268 0.037526 0.095245
0.58957 0.03753 0.073283
0.5962 0.037525 0.094456
0.57202 0.037516 0.1108
0.57701 0.03752 0.12557
0.59491 0.037519 0.10526
0.58757 0.037515 0.11688
0.58326 0.037512 0.1436
0.60015 0.037512 0.13674
0.59483 0.037513 0.15435
0.58142 0.037496 0.17346
0.57455 0.037499 0.18317
0.59027 0.037489 0.17626
0.60061 0.037484 0.18339
0.57629 0.037505 0.21737
0.59609 0.037489 0.20953
0.58199 0.037528 0.23716
0.5822 0.037561 0.25472
0.60613 0.037499 0.23526
0.59918 0.037539 0.25643
0.59028 0.037576 0.26243
0.60184 0.037669 0.27178
0.60574 0.037846 0.28445
0.58331 0.03756 0.29145
0.5877 0.037564 0.30583
0.60382 0.03768 0.29895
0.59883 0.037552 0.30986
0.58216 0.037566 0.32878
0.5985 0.037445 0.34213
0.5969 0.037422 0.35698
0.57477 0.037562 0.36263
0.56401 0.037347 0.39572
0.58193 0.037388 0.38235
0.5566 0.037042 0.41623
0.55504 0.037053 0.43089
0.57892 0.037361 0.41532
0.54868 0.037248 0.44271
0.54545 0.037318 0.46219
0.55128 0.037392 0.45105
0.55112 0.037201 0.46031
0.55629 0.036624 0.48808
0.58094 0.037301 0.50557
0.55832 0.036936 0.47833
0.58379 0.037467 0.50296
0.61181 0.037534 0.53134
0.61925 0.038121 0.54956
0.60939 0.037563 0.52153
0.62367 0.03821 0.55254
0.61484 0.037824 0.56554
0.60768 0.037695 0.59696
0.62436 0.038099 0.56303
0.61973 0.037938 0.58303
0.61412 0.038001 0.61139
0.6207 0.038051 0.60726
0.62299 0.038074 0.6279
0.6043 0.037899 0.63548
0.59688 0.03776 0.64205
0.6225 0.038155 0.64833
0.58761 0.037641 0.65276
0.58056 0.03757 0.6705
0.62068 0.037952 0.66001
0.60275 0.03762 0.67048
0.58431 0.037573 0.6802
0.59503 0.03759 0.67821
0.59238 0.037579 0.69351
0.57253 0.037513 0.72516
0.59216 0.037527 0.72387
0.57332 0.037493 0.73737
0.59756 0.037475 0.74931
0.59272 0.037485 0.76511
0.57137 0.037487 0.78907
0.59203 0.037509 0.79884
0.57887 0.037516 0.80231
0.57722 0.037503 0.81963
0.59057 0.037509 0.81562
0.57818 0.037516 0.84437
0.59712 0.037524 0.84563
0.57362 0.037528 0.87204
0.59676 0.03754 0.89517
0.57384 0.037543 0.91045
0.59298 0.037545 0.90883
0.57403 0.037438 0.94692
0.57721 0.03429 0.95213
0.59147 0.03747 0.9424
0.58613 0.033336 0.96323
0.611 0.037534 0.045299
0.6134 0.037533 0.062107
0.63142 0.037536 0.042608
0.63338 0.037537 0.053742
0.61688 0.03753 0.07552
0.6051 0.03753 0.08758
0.63375 0.03753 0.07998
0.62875 0.037531 0.086221
0.61266 0.037518 0.11163
0.6114 0.037516 0.12753
0.62427 0.037522 0.10511
0.63078 0.037516 0.12473
0.60562 0.037514 0.13213
0.6175 0.0375 0.16057
0.6308 0.037509 0.13503
0.63175 0.0375 0.14991
0.61059 0.037487 0.1724
0.61795 0.037478 0.18556
0.63079 0.037491 0.16792
0.61753 0.037472 0.20771
0.61225 0.037492 0.22622
0.62687 0.037464 0.21203
0.62761 0.037474 0.22524
0.6112 0.037463 0.25251
0.62658 0.037453 0.24522
0.62825 0.037475 0.25709
0.62512 0.037703 0.28056
0.61228 0.037434 0.31517
0.62171 0.037645 0.29815
0.62623 0.037377 0.33686
0.61959 0.037376 0.34407
0.61661 0.037288 0.37523
0.59337 0.037343 0.38232
0.58825 0.037439 0.40789
0.60569 0.037268 0.38277
0.60003 0.037501 0.40694
0.57144 0.037128 0.43825
0.58614 0.037085 0.43549
0.57095 0.036914 0.45049
0.5685 0.036775 0.47374
0.58041 0.036838 0.45678
0.58518 0.036869 0.46054
0.59267 0.037193 0.49577
0.59618 0.037038 0.48085
0.61177 0.03722 0.49871
0.61875 0.037559 0.51383
0.6304 0.038214 0.54427
0.62838 0.037504 0.51008
0.63643 0.037887 0.53477
0.63717 0.038148 0.55735
0.63687 0.037954 0.58005
0.64652 0.038022 0.55607
0.64378 0.03799 0.57515
0.6362 0.037952 0.59653
0.64636 0.037936 0.60584
0.63438 0.038164 0.64187
0.64924 0.037915 0.64207
0.62855 0.038176 0.65983
0.61745 0.037775 0.67186
0.63679 0.037803 0.6793
0.63762 0.037675 0.68752
0.60899 0.037585 0.70624
0.60681 0.037529 0.72383
0.62858 0.037521 0.72724
0.61116 0.037501 0.74283
0.60586 0.037478 0.75566
0.62565 0.037493 0.74622
0.62548 0.037482 0.75415
0.60986 0.037487 0.78129
0.6112 0.037492 0.78756
0.62663 0.037492 0.78127
0.62902 0.037496 0.78836
0.60379 0.03752 0.80388
0.60685 0.037525 0.83249
0.62926 0.037525 0.80696
0.63321 0.037533 0.82972
0.60752 0.03753 0.83965
0.60305 0.037524 0.85418
0.62571 0.037539 0.84387
0.62345 0.037534 0.85769
0.61037 0.037537 0.87101
0.60529 0.03754 0.89132
0.61959 0.037543 0.87951
0.62957 0.037548 0.88922
0.60804 0.03755 0.90979
0.60883 0.03753 0.92695
0.62051 0.037534 0.92839
0.61061 0.037499 0.94537
0.62259 0.037516 0.93811
0.62872 0.033335 0.96441
0.64063 0.037537 0.046926
0.65557 0.037539 0.038355
0.6576 0.037536 0.063937
0.64807 0.03753 0.079394
0.642 0.037526 0.095978
0.66534 0.037534 0.073886
0.66824 0.037534 0.085572
0.65774 0.03752 0.11018
0.6505 0.037498 0.1607
0.66045 0.037505 0.14229
0.6619 0.037499 0.16034
0.64611 0.037487 0.1699
0.64782 0.037476 0.19411
0.66089 0.037478 0.17733
0.65748 0.037471 0.18457
0.64754 0.037469 0.20129
0.64496 0.037456 0.21881
0.66665 0.037462 0.20433
0.66558 0.037456 0.22102
0.64029 0.037456 0.24274
0.64403 0.037448 0.26374
0.65628 0.037397 0.26775
0.63436 0.037525 0.28107
0.63345 0.037498 0.29455
0.66241 0.037338 0.28083
0.65074 0.03732 0.29088
0.63928 0.037364 0.31593
0.65127 0.037352 0.33803
0.63216 0.037367 0.34527
0.62607 0.03723 0.37839
0.65084 0.037318 0.34887
0.64698 0.037218 0.37407
0.61372 0.037347 0.40931
0.62465 0.03722 0.40459
0.61222 0.037131 0.43521
0.62644 0.037123 0.42409
0.62572 0.037122 0.43453
0.60284 0.037016 0.45364
0.61419 0.037006 0.46637
0.62887 0.037093 0.45171
0.62154 0.037104 0.48506
0.62497 0.037141 0.49171
0.63386 0.037131 0.48341
0.64556 0.037251 0.49732
0.6364 0.037386 0.50646
0.64695 0.037669 0.5266
0.65469 0.037419 0.51128
0.66897 0.037563 0.52813
0.66869 0.037756 0.55371
0.67181 0.037748 0.57153
0.66357 0.037839 0.5839
0.66921 0.037759 0.60485
0.68367 0.037734 0.60563
0.66342 0.037734 0.63637
0.67979 0.037716 0.61916
0.67001 0.03772 0.64078
0.65558 0.03789 0.65437
0.67631 0.03767 0.65373
0.6522 0.037538 0.69364
0.65802 0.03769 0.67641
0.65895 0.037555 0.68859
0.64476 0.037454 0.70931
0.6418 0.037494 0.72623
0.6585 0.037447 0.71433
0.66804 0.037477 0.72679
0.6475 0.037493 0.73703
0.64187 0.037487 0.75584
0.66116 0.037493 0.7441
0.6578 0.037485 0.75434
0.63743 0.037495 0.77939
0.64695 0.037502 0.79159
0.65569 0.037496 0.77453
0.65582 0.03751 0.7956
0.64675 0.037524 0.8089
0.64343 0.037536 0.82977
0.66342 0.037532 0.81229
0.66523 0.037544 0.83125
0.64503 0.037543 0.83724
0.6446 0.037544 0.85387
0.65504 0.037551 0.84209
0.66058 0.037554 0.86342
0.64867 0.037553 0.88093
0.64857 0.037554 0.8888
0.65541 0.037556 0.88207
0.66386 0.037563 0.89416
0.64472 0.037562 0.90816
0.63719 0.037529 0.92749
0.66354 0.037567 0.90322
0.6598 0.037559 0.91892
0.63603 0.037491 0.94193
0.64172 0.03377 0.95367
0.65707 0.037479 0.93987
0.6651 0.033574 0.95479
0.68285 0.03754 0.04506
0.68499 0.037541 0.051834
0.70148 0.037544 0.040629
0.69274 0.037541 0.059324
0.70039 0.037542 0.072158
0.6989 0.037539 0.092431
0.67279 0.037528 0.10244
0.67332 0.037521 0.12415
0.67693 0.03751 0.14187
0.67914 0.037504 0.15885
0.68243 0.037488 0.17133
0.69501 0.037483 0.1759
0.68196 0.037453 0.20976
0.67281 0.037453 0.22145
0.69661 0.037443 0.21662
0.68847 0.037434 0.23018
0.67621 0.037413 0.2451
0.6871 0.03739 0.25135
0.69283 0.037386 0.25643
0.674 0.037325 0.29508
0.6918 0.037331 0.28488
0.6836 0.03732 0.29364
0.66525 0.037329 0.33273
0.68456 0.037312 0.32158
0.68337 0.037309 0.3285
0.67064 0.037258 0.3481
0.66202 0.037219 0.36275
0.67683 0.03723 0.35718
0.67083 0.037188 0.37173
0.65238 0.037137 0.38689
0.64633 0.03709 0.39924
0.67239 0.037158 0.38966
0.67148 0.037153 0.39924
0.65292 0.037091 0.41604
0.6467 0.037113 0.43667
0.66684 0.037145 0.41577
0.67484 0.037159 0.43093
0.65023 0.037111 0.46689
0.67265 0.037145 0.451
0.65678 0.037173 0.48145
0.66939 0.037241 0.49262
0.68377 0.037228 0.47803
0.69002 0.03732 0.49663
0.66913 0.037445 0.51251
0.67518 0.037549 0.52938
0.69373 0.037455 0.52043
0.67895 0.037588 0.53899
0.68871 0.037617 0.56662
0.69554 0.037505 0.53709
0.70582 0.037556 0.56697
0.69289 0.037697 0.60778
0.70472 0.037577 0.57885
0.71746 0.037605 0.60314
0.70097 0.037638 0.6135
0.71085 0.037603 0.62118
0.71119 0.037581 0.63695
0.68846 0.037612 0.65413
0.68599 0.037588 0.66197
0.70357 0.037587 0.64629
0.70218 0.037549 0.66116
0.6777 0.037491 0.6955
0.69515 0.037483 0.68953
0.68324 0.037492 0.71353
0.67391 0.037482 0.72513
0.6898 0.037493 0.705
0.67934 0.037499 0.74953
0.67252 0.037501 0.76502
0.69548 0.037505 0.74148
0.69922 0.037517 0.76318
0.67573 0.03751 0.77358
0.67787 0.037519 0.7925
0.69373 0.037522 0.77248
0.6878 0.037532 0.8001
0.67355 0.037534 0.80751
0.68705 0.037537 0.80567
0.68908 0.03755 0.8285
0.68108 0.037557 0.84936
0.69491 0.03756 0.83915
0.68795 0.037565 0.86577
0.68097 0.037565 0.87184
0.69144 0.037569 0.87083
0.69192 0.037574 0.8948
0.6795 0.037575 0.90869
0.6702 0.037514 0.93074
0.69014 0.037519 0.92998
0.6811 0.037464 0.94252
0.68245 0.033335 0.96344
0.69627 0.033384 0.95766
0.71125 0.037546 0.037442
0.71024 0.037546 0.054948
0.72685 0.03755 0.04261
0.72944 0.03755 0.061071
0.71292 0.037544 0.076674
0.73035 0.037547 0.076087
0.71322 0.037535 0.10194
0.70976 0.037523 0.12753
0.72826 0.03753 0.11333
0.73206 0.037525 0.12872
0.7075 0.037502 0.15946
0.73406 0.037516 0.14833
0.73172 0.037508 0.16093
0.70799 0.037483 0.17823
0.70568 0.037468 0.19587
0.72375 0.037497 0.17019
0.73253 0.037486 0.18901
0.70747 0.037459 0.20354
0.70649 0.03744 0.22316
0.72211 0.037454 0.21193
0.71216 0.037406 0.25067
0.73042 0.037399 0.25749
0.71339 0.037366 0.27467
0.71108 0.037341 0.29618
0.69735 0.037329 0.3135
0.7025 0.037299 0.33635
0.72448 0.037329 0.31381
0.7104 0.037295 0.33737
0.70297 0.037281 0.34311
0.69931 0.037227 0.36666
0.71547 0.037291 0.3433
0.71863 0.037268 0.36528
0.69869 0.037189 0.38549
0.68554 0.037178 0.39727
0.7095 0.037228 0.37735
0.70312 0.037193 0.40041
0.68997 0.037179 0.419
0.71457 0.037249 0.40821
0.70385 0.037213 0.42586
0.69451 0.037174 0.43974
0.68855 0.037193 0.46362
0.71259 0.037265 0.44477
0.70943 0.037261 0.46001
0.69748 0.037222 0.47141
0.70107 0.037275 0.48944
0.70507 0.037245 0.4691
0.71554 0.037326 0.49068
0.71605 0.037365 0.50664
0.72455 0.037398 0.52013
0.71326 0.037487 0.5462
0.7302 0.037433 0.54452
0.73818 0.037444 0.56642
0.7328 0.037694 0.6053
0.74022 0.037448 0.58101
0.73793 0.037575 0.59365
0.72666 0.037627 0.63121
0.739 0.037855 0.61231
0.74208 0.037759 0.62942
0.72164 0.037546 0.64996
0.72483 0.037525 0.65664
0.73472 0.037559 0.64366
0.73464 0.037526 0.66392
0.71837 0.037493 0.68467
0.71328 0.037494 0.69353
0.73014 0.037519 0.67604
0.73248 0.037508 0.69059
0.71897 0.037504 0.71303
0.70651 0.037503 0.72598
0.72339 0.037505 0.72232
0.70979 0.037514 0.74262
0.70902 0.037518 0.75701
0.73087 0.037521 0.7406
0.72665 0.037525 0.75951
0.71323 0.03754 0.7767
0.704 0.037538 0.79281
0.72506 0.037543 0.77586
0.71336 0.037555 0.81585
0.70402 0.037557 0.82751
0.72603 0.037556 0.80465
0.71623 0.037569 0.83721
0.70394 0.037571 0.85975
0.72263 0.037572 0.83752
0.71092 0.037579 0.88171
0.70489 0.037576 0.88634
0.72107 0.037583 0.87316
0.73315 0.037593 0.89646
0.70383 0.037584 0.90931
0.71509 0.037582 0.91862
0.73141 0.037595 0.90601
0.71062 0.033349 0.95978
0.73268 0.037488 0.94054
0.74077 0.037555 0.043619
0.74342 0.037554 0.057583
0.76301 0.037558 0.058913
0.75786 0.037552 0.077628
0.75559 0.037548 0.091724
0.76606 0.037546 0.10545
0.75604 0.037539 0.11905
0.74423 0.03752 0.14768
0.74038 0.037517 0.15356
0.7574 0.03753 0.13562
0.76506 0.037516 0.1594
0.74137 0.037501 0.1731
0.74644 0.037481 0.19674
0.75693 0.037496 0.18006
0.75509 0.037482 0.19504
0.74959 0.037466 0.20866
0.74297 0.037435 0.23398
0.76041 0.037451 0.22769
0.74173 0.037415 0.24777
0.76416 0.037439 0.23839
0.7447 0.03738 0.27311
0.73228 0.037352 0.29018
0.75878 0.037387 0.27637
0.73322 0.037324 0.33239
0.74817 0.037347 0.30697
0.74915 0.037337 0.32857
0.72943 0.03731 0.34471
0.72662 0.03728 0.36995
0.74834 0.037314 0.34978
0.75173 0.037309 0.36104
0.73573 0.037261 0.38355
0.73067 0.037256 0.39184
0.75385 0.0373 0.37909
0.74302 0.037266 0.39346
0.72763 0.037263 0.40646
0.72601 0.037272 0.43205
0.7489 0.037283 0.41431
0.72314 0.03728 0.44391
0.72501 0.037295 0.46196
0.74657 0.037283 0.44404
0.75073 0.037295 0.45431
0.73651 0.037288 0.4685
0.72956 0.037323 0.48694
0.75498 0.037324 0.47386
0.75443 0.03733 0.48399
0.75554 0.037354 0.50586
0.75228 0.03737 0.52848
0.74131 0.037409 0.54316
0.7446 0.037421 0.56293
0.75706 0.037392 0.53946
0.76646 0.037419 0.55557
0.75376 0.037418 0.58669
0.75784 0.03768 0.60517
0.76107 0.0377 0.60901
0.74729 0.037576 0.64274
0.7471 0.037532 0.66145
0.76404 0.037557 0.64369
0.74996 0.037551 0.67603
0.74658 0.037532 0.69607
0.76667 0.037539 0.68399
0.74959 0.037535 0.71542
0.74604 0.037532 0.73451
0.74541 0.037529 0.75185
0.74229 0.03753 0.75619
0.7606 0.037541 0.7589
0.74711 0.037555 0.77719
0.74595 0.037564 0.79585
0.75581 0.037551 0.77253
0.75021 0.037573 0.81581
0.74962 0.037581 0.83336
0.75784 0.037573 0.80701
0.76361 0.03758 0.82507
0.74022 0.037587 0.86035
0.75798 0.037591 0.84844
0.74513 0.037591 0.86973
0.74112 0.037597 0.89834
0.75774 0.037598 0.87885
0.75712 0.037601 0.89357
0.74794 0.037601 0.90266
0.76336 0.037609 0.90965
0.756 0.03756 0.92915
0.73839 0.037499 0.93946
0.74017 0.033384 0.95773
0.76492 0.033343 0.96074
0.77442 0.037562 0.04404
0.78275 0.037563 0.052645
0.79711 0.037567 0.047586
0.80001 0.037566 0.063605
0.7781 0.037559 0.069033
0.79218 0.037558 0.090942
0.78281 0.037547 0.1145
0.78179 0.037538 0.13021
0.79342 0.037551 0.11107
0.79701 0.037546 0.12546
0.78269 0.037528 0.14517
0.77987 0.037519 0.15864
0.78954 0.037535 0.13802
0.79053 0.037519 0.16325
0.77961 0.037503 0.17901
0.7987 0.037519 0.16961
0.78708 0.037492 0.19761
0.77816 0.037479 0.209
0.78019 0.03746 0.2306
0.79376 0.037483 0.21363
0.78922 0.037466 0.22939
0.77115 0.037441 0.24074
0.7693 0.03741 0.2668
0.78852 0.037455 0.23917
0.78811 0.037437 0.2573
0.78958 0.037421 0.27911
0.76319 0.03736 0.31745
0.76853 0.03736 0.33252
0.79401 0.037399 0.30455
0.78095 0.037363 0.32635
0.76823 0.037345 0.3489
0.76617 0.037332 0.36472
0.77916 0.03735 0.34128
0.77764 0.037337 0.36047
0.76827 0.037322 0.37957
0.77172 0.037314 0.39521
0.78664 0.037343 0.37751
0.78683 0.037339 0.39547
0.76975 0.03731 0.40953
0.76592 0.037308 0.4241
0.77819 0.037322 0.40669
0.78323 0.037332 0.42907
0.76545 0.037313 0.44424
0.7815 0.037331 0.44652
0.7791 0.037325 0.45088
0.76255 0.037328 0.47047
0.76984 0.037336 0.48585
0.78285 0.03734 0.46872
0.79248 0.037373 0.49049
0.77713 0.037355 0.51042
0.78649 0.037366 0.50687
0.79545 0.037401 0.52819
0.77193 0.03742 0.55936
0.79065 0.037396 0.53377
0.79484 0.03742 0.56166
0.77927 0.037421 0.57989
0.77648 0.037449 0.59154
0.79318 0.037421 0.57778
0.78208 0.037435 0.60498
0.79061 0.037436 0.60634
0.77422 0.037561 0.63845
0.77539 0.03754 0.6594
0.79768 0.037529 0.64517
0.79296 0.037533 0.66613
0.77641 0.037538 0.68425
0.77819 0.037535 0.69255
0.79875 0.037535 0.68247
0.79823 0.037535 0.6877
0.78219 0.037534 0.71206
0.77201 0.037543 0.73341
0.78854 0.037547 0.73456
0.77855 0.037552 0.74311
0.78186 0.037558 0.76551
0.79885 0.037559 0.7431
0.79681 0.037584 0.79566
0.77222 0.037581 0.81679
0.77851 0.037589 0.83154
0.78875 0.037586 0.8073
0.79889 0.037598 0.83152
0.77749 0.037598 0.85386
0.78894 0.037598 0.84289
0.77925 0.037606 0.87776
0.77304 0.037608 0.89576
0.79658 0.037616 0.89259
0.77831 0.03757 0.93124
0.7928 0.03762 0.91337
0.78269 0.037522 0.9479
0.77382 0.033336 0.96306
0.79211 0.037536 0.94144
0.79727 0.033461 0.95613
0.8045 0.037569 0.04687
0.80512 0.037569 0.054278
0.83021 0.037576 0.04704
0.83263 0.037576 0.052319
0.80443 0.037565 0.077414
0.80592 0.037561 0.092879
0.8293 0.037571 0.073255
0.82223 0.037566 0.090057
0.81101 0.037559 0.10528
0.80963 0.037552 0.12332
0.82115 0.03756 0.10823
0.82803 0.037556 0.12559
0.82793 0.037549 0.14083
0.82004 0.037527 0.1752
0.81978 0.03752 0.18713
0.81006 0.037498 0.20826
0.80283 0.037481 0.2241
0.83081 0.037504 0.21395
0.827 0.037495 0.22408
0.80335 0.037468 0.23983
0.80588 0.037456 0.26033
0.82763 0.037468 0.25976
0.81287 0.037442 0.28331
0.80748 0.037434 0.29236
0.82879 0.037453 0.27975
0.82107 0.037434 0.29562
0.81074 0.037416 0.30515
0.80409 0.037391 0.32155
0.82238 0.037424 0.30622
0.81415 0.037392 0.33035
0.80018 0.037372 0.34607
0.80468 0.037371 0.35545
0.81455 0.037382 0.34798
0.79847 0.037358 0.37977
0.79693 0.037355 0.39791
0.82293 0.037376 0.37917
0.79719 0.037358 0.40991
0.79789 0.037363 0.42787
0.81646 0.037364 0.42268
0.79873 0.037365 0.44155
0.80877 0.03736 0.45302
0.82368 0.037374 0.43823
0.80148 0.037376 0.47049
0.79809 0.037385 0.49056
0.7997 0.037396 0.50962
0.81038 0.037393 0.51872
0.82224 0.037396 0.5188
0.80961 0.037423 0.55414
0.81938 0.037414 0.55002
0.81165 0.037448 0.59737
0.83153 0.037449 0.57689
0.82695 0.037452 0.59432
0.81443 0.037452 0.61306
0.81614 0.037476 0.62822
0.82924 0.037459 0.60754
0.82342 0.037469 0.62488
0.8097 0.037529 0.64702
0.81037 0.037531 0.65401
0.82408 0.037487 0.63616
0.8158 0.037531 0.67002
0.80871 0.037545 0.70007
0.82681 0.037539 0.68817
0.81107 0.03755 0.71167
0.82543 0.03755 0.71038
0.80753 0.037561 0.73826
0.80826 0.037574 0.76375
0.8336 0.037572 0.74215
0.83404 0.037581 0.75716
0.80518 0.037579 0.77678
0.80869 0.03759 0.79793
0.8326 0.037591 0.78019
0.82629 0.037594 0.79466
0.81133 0.037596 0.80728
0.82564 0.037609 0.8278
0.80539 0.037607 0.84767
0.81181 0.037613 0.86033
0.83056 0.037615 0.84362
0.83009 0.03762 0.8626
0.81566 0.037618 0.87258
0.80519 0.037619 0.89126
0.82719 0.037625 0.88128
0.80687 0.037624 0.90629
0.80591 0.037607 0.92137
0.81964 0.037628 0.90747
0.80591 0.037538 0.93788
0.81361 0.033341 0.96113
0.8282 0.037499 0.94795
0.82189 0.033336 0.96338
0.84329 0.037578 0.044751
0.84022 0.037576 0.054916
0.86223 0.037581 0.044906
0.84612 0.037573 0.079171
0.84956 0.037571 0.091341
0.853 0.037575 0.074336
0.85475 0.037572 0.0896
0.85629 0.037568 0.10817
0.85553 0.037559 0.13175
0.84032 0.037549 0.14666
0.84693 0.037544 0.159
0.85952 0.037555 0.14205
0.85339 0.037548 0.15224
0.8376 0.03753 0.18129
0.83989 0.037524 0.19215
0.85701 0.037535 0.18118
0.8647 0.037529 0.19616
0.84852 0.037516 0.20886
0.83613 0.037495 0.22978
0.85986 0.037518 0.21074
0.85155 0.037501 0.23097
0.84605 0.037489 0.24515
0.85573 0.037493 0.24553
0.85756 0.037488 0.25612
0.85365 0.037471 0.27461
0.85512 0.037457 0.29494
0.83881 0.037432 0.31467
0.83174 0.037418 0.32409
0.85726 0.037452 0.30688
0.85164 0.037439 0.31942
0.83516 0.037408 0.35352
0.8526 0.037429 0.34118
0.86048 0.037426 0.35942
0.83815 0.037401 0.37874
0.84769 0.037407 0.37697
0.85677 0.037412 0.38915
0.84192 0.037396 0.40816
0.84326 0.037393 0.42086
0.84793 0.037401 0.40298
0.85754 0.037407 0.42784
0.83547 0.03739 0.43935
0.83001 0.037382 0.45425
0.85026 0.037397 0.44331
0.85588 0.037403 0.45759
0.83412 0.037391 0.47438
0.83961 0.037398 0.48842
0.83966 0.037409 0.50967
0.8471 0.03742 0.528
0.86324 0.037434 0.51898
0.84372 0.037428 0.53848
0.84546 0.037439 0.55402
0.86198 0.037442 0.53899
0.85975 0.037446 0.55194
0.848 0.037451 0.57387
0.84097 0.03747 0.5938
0.86212 0.037458 0.57253
0.85478 0.037463 0.58953
0.84968 0.037485 0.62003
0.85961 0.037476 0.6011
0.85447 0.037493 0.63072
0.84949 0.037512 0.66004
0.86451 0.037505 0.639
0.85873 0.037519 0.66362
0.84853 0.03753 0.68043
0.83991 0.037539 0.69002
0.86082 0.037527 0.67252
0.86344 0.037548 0.69799
0.84115 0.037551 0.7085
0.84753 0.037565 0.7267
0.85542 0.037547 0.70484
0.85608 0.037566 0.72949
0.84493 0.037574 0.73962
0.84208 0.037588 0.76598
0.85752 0.037588 0.76164
0.83842 0.0376 0.79654
0.86112 0.037595 0.77245
0.86516 0.037606 0.79158
0.84163 0.03761 0.81627
0.86373 0.037611 0.80598
0.86058 0.037616 0.8234
0.84349 0.037619 0.8438
0.86021 0.037622 0.83959
0.8612 0.037627 0.85708
0.84587 0.037631 0.8758
0.84141 0.037633 0.89659
0.85983 0.037632 0.87002
0.8448 0.03763 0.91847
0.86354 0.037639 0.90519
0.85507 0.037624 0.92152
0.84925 0.037577 0.93545
0.84239 0.033345 0.96038
0.86244 0.03759 0.93501
0.86072 0.033335 0.96352
0.86983 0.037582 0.039127
0.87155 0.03758 0.061104
0.88624 0.037584 0.039936
0.8877 0.037585 0.051957
0.88105 0.03758 0.07653
0.88156 0.037577 0.092192
0.89608 0.037583 0.07861
0.89027 0.03758 0.086042
0.88082 0.037573 0.10892
0.88152 0.037567 0.12771
0.88994 0.037571 0.11875
0.87462 0.037561 0.13807
0.88176 0.037555 0.15825
0.8933 0.037562 0.14771
0.88839 0.037554 0.16197
0.87569 0.037535 0.19104
0.89242 0.037551 0.16955
0.89639 0.037543 0.18947
0.87081 0.037526 0.20409
0.87607 0.03752 0.21983
0.88968 0.037529 0.21097
0.88541 0.037522 0.22225
0.86818 0.037506 0.2377
0.8704 0.037482 0.27511
0.87214 0.037473 0.29017
0.89598 0.037497 0.26916
0.88812 0.037481 0.29208
0.86747 0.037457 0.31494
0.87739 0.037464 0.32276
0.88484 0.037474 0.30316
0.88349 0.037467 0.31959
0.87397 0.037447 0.34473
0.89057 0.037457 0.33915
0.89561 0.037451 0.3525
0.87374 0.03743 0.37925
0.8659 0.037421 0.387
0.88898 0.03744 0.37133
0.89194 0.037436 0.39174
0.86839 0.037421 0.40665
0.87079 0.037423 0.41901
0.89304 0.037434 0.41218
0.88835 0.03743 0.4179
0.87801 0.037425 0.44016
0.88254 0.037426 0.44998
0.87812 0.037432 0.47852
0.87657 0.03744 0.49328
0.88351 0.037439 0.49149
0.86746 0.037434 0.50311
0.8759 0.037455 0.52778
0.8871 0.03745 0.51104
0.88912 0.037455 0.52386
0.87243 0.037455 0.53785
0.88892 0.037459 0.53598
0.89351 0.037467 0.55026
0.8783 0.037472 0.5725
0.87646 0.037485 0.59546
0.89073 0.037474 0.57291
0.88793 0.037486 0.59628
0.87565 0.03749 0.60386
0.88134 0.037509 0.62974
0.88769 0.037494 0.60746
0.88737 0.037505 0.62486
0.87978 0.037523 0.64776
0.88896 0.03752 0.64545
0.89219 0.037531 0.65779
0.8726 0.037537 0.67424
0.8987 0.037561 0.69697
0.87222 0.037565 0.71279
0.88093 0.037579 0.73007
0.89541 0.037566 0.70345
0.89081 0.037576 0.72263
0.87383 0.037584 0.74537
0.87239 0.037594 0.76505
0.88764 0.037586 0.7432
0.89806 0.037597 0.76404
0.87476 0.037603 0.78042
0.8788 0.037611 0.79722
0.89044 0.037608 0.78797
0.87175 0.037618 0.81555
0.8778 0.037622 0.82463
0.88943 0.037615 0.80469
0.87702 0.037626 0.8403
0.88163 0.037634 0.86343
0.89471 0.037628 0.83933
0.88652 0.037633 0.85853
0.87477 0.037641 0.89084
0.89216 0.037638 0.86955
0.89513 0.037644 0.88947
0.88007 0.037644 0.90315
0.88128 0.037619 0.92863
0.89317 0.037645 0.90961
0.89669 0.037609 0.93023
0.87239 0.037585 0.94057
0.89809 0.033342 0.96104
0.90518 0.037588 0.037535
0.91205 0.037589 0.054261
0.92227 0.03757 0.038852
0.91506 0.037588 0.075582
0.90383 0.037582 0.090659
0.92853 0.037543 0.094873
0.91138 0.037578 0.1092
0.9095 0.037571 0.12973
0.92096 0.037567 0.10401
0.92343 0.037556 0.11856
0.90552 0.037569 0.13512
0.90784 0.037561 0.15913
0.9219 0.037553 0.13955
0.91321 0.037549 0.18855
0.92743 0.037529 0.17194
0.93009 0.037505 0.19673
0.91405 0.03754 0.20585
0.9115 0.03753 0.22297
0.92642 0.037501 0.2098
0.91818 0.037521 0.22691
0.90735 0.037513 0.24715
0.92691 0.037488 0.2435
0.92073 0.037497 0.25672
0.90702 0.037499 0.27077
0.9302 0.037458 0.2802
0.92912 0.037454 0.29442
0.90944 0.037472 0.32587
0.92176 0.037468 0.30283
0.92034 0.037462 0.32259
0.90144 0.037463 0.33669
0.90417 0.037453 0.36153
0.9273 0.037445 0.33726
0.91706 0.037455 0.35573
0.9029 0.037449 0.37184
0.9077 0.037448 0.39061
0.92236 0.03742 0.39499
0.92224 0.037418 0.40271
0.92822 0.037396 0.42935
0.90202 0.037438 0.45366
0.9245 0.037409 0.43418
0.90476 0.03745 0.47885
0.90216 0.037455 0.49456
0.92492 0.037411 0.47083
0.92226 0.037425 0.48472
0.90906 0.037462 0.50222
0.91027 0.037469 0.52198
0.92644 0.037424 0.51129
0.92388 0.037434 0.51835
0.92247 0.037446 0.53687
0.92458 0.037448 0.55358
0.91367 0.037503 0.59496
0.92425 0.037477 0.57442
0.92814 0.037489 0.59439
0.90943 0.037507 0.60424
0.9045 0.037515 0.62157
0.92142 0.037503 0.6053
0.92312 0.037507 0.61782
0.90315 0.037527 0.64301
0.93158 0.03748 0.64676
0.92243 0.037522 0.66268
0.91292 0.037555 0.68757
0.92432 0.037522 0.6807
0.92759 0.037515 0.69561
0.91219 0.037568 0.70461
0.92219 0.037545 0.70869
0.9093 0.037588 0.74094
0.9127 0.037597 0.76027
0.91943 0.037573 0.73699
0.91888 0.037591 0.76542
0.91395 0.037603 0.77253
0.913 0.037609 0.78904
0.9255 0.037578 0.77668
0.92623 0.037582 0.79627
0.90458 0.037621 0.81632
0.91189 0.037623 0.82274
0.92066 0.037601 0.80374
0.91836 0.037617 0.82659
0.90579 0.037631 0.84582
0.90619 0.037637 0.86244
0.92318 0.037598 0.83652
0.91889 0.037629 0.86196
0.91163 0.037642 0.87331
0.91893 0.037634 0.87196
0.93037 0.0376 0.88953
0.90731 0.037646 0.90973
0.9085 0.037606 0.92872
0.92039 0.037632 0.90875
0.92838 0.037568 0.92479
0.90701 0.037567 0.94079
0.91307 0.033358 0.95913
0.91885 0.037552 0.93929
0.92407 0.033345 0.96039
0.93759 0.037513 0.04221
0.93784 0.037511 0.054807
0.95394 0.033779 0.037286
0.9574 0.033397 0.061436
0.9348 0.037521 0.074865
0.95988 0.033349 0.087791
0.94665 0.037484 0.10631
0.95905 0.033358 0.12792
0.94643 0.037469 0.14562
0.94289 0.03748 0.15604
0.95829 0.033371 0.14114
0.9516 0.034907 0.15833
0.93583 0.037508 0.17195
0.94564 0.037463 0.19552
0.95473 0.033596 0.19695
0.93927 0.037462 0.2055
0.93925 0.037448 0.22827
0.96311 0.033336 0.2141
0.96082 0.033342 0.22113
0.93995 0.037456 0.24701
0.94614 0.03744 0.25243
0.96072 0.033342 0.23675
0.95197 0.034442 0.26352
0.94263 0.037434 0.27091
0.93891 0.037432 0.28785
0.95928 0.033353 0.27517
0.94034 0.037422 0.30176
0.93966 0.037421 0.32955
0.95416 0.033638 0.30135
0.96425 0.033335 0.32384
0.94433 0.037416 0.34138
0.9417 0.037411 0.35595
0.95804 0.033368 0.35867
0.93846 0.037399 0.36712
0.9459 0.037344 0.39602
0.964 0.033335 0.37818
0.95091 0.034838 0.39478
0.94411 0.037346 0.40548
0.96321 0.033335 0.40833
0.95553 0.033461 0.42687
0.93957 0.03737 0.44302
0.94394 0.037361 0.44982
0.95242 0.03401 0.43375
0.95916 0.033352 0.45081
0.93735 0.037367 0.47063
0.96329 0.033335 0.47741
0.95422 0.03359 0.49312
0.94475 0.037357 0.50689
0.94071 0.037375 0.52033
0.95193 0.034242 0.50994
0.95923 0.033352 0.52499
0.93541 0.037408 0.55285
0.96416 0.033335 0.53741
0.95791 0.033372 0.55559
0.9425 0.037474 0.59232
0.93945 0.037477 0.61149
0.93971 0.037472 0.6205
0.95934 0.033353 0.62579
0.94335 0.037446 0.63768
0.96106 0.033341 0.63548
0.96345 0.033335 0.65803
0.94793 0.037432 0.67588
0.95973 0.033349 0.67405
0.95893 0.033359 0.69523
0.94005 0.037461 0.71355
0.93908 0.03747 0.72467
0.95381 0.033775 0.71537
0.95451 0.033633 0.72058
0.94299 0.037473 0.75592
0.95523 0.033538 0.74722
0.95945 0.033353 0.75618
0.94071 0.037537 0.77971
0.94074 0.037532 0.79951
0.95742 0.033395 0.78781
0.93919 0.037533 0.80459
0.95384 0.033793 0.81279
0.95885 0.033361 0.83116
0.93766 0.037529 0.84656
0.96488 0.033334 0.85761
0.94237 0.037563 0.88634
0.9593 0.033355 0.87076
0.93744 0.03754 0.92203
0.95614 0.033463 0.90791
0.96454 0.033334 0.92058
0.93835 0.037487 0.93651
0.94198 0.033371 0.95833
0.95913 0.033357 0.94253
0.95408 0.033334 0.96275
