2635
1 1 1
0.034977 0.037657 0.04481
0.041006 0.037657 0.054107
0.062332 0.037658 0.035658
0.058372 0.037658 0.051347
0.046104 0.037659 0.06874
0.043572 0.037659 0.092944
0.059738 0.037659 0.080433
0.056205 0.037658 0.096602
0.038556 0.037658 0.11009
0.041245 0.03766 0.11998
0.063276 0.037657 0.10682
0.062765 0.037663 0.14228
0.040399 0.037653 0.18779
0.058315 0.037654 0.17779
0.061095 0.037652 0.19332
0.036157 0.037652 0.19808
0.040375 0.037652 0.22377
0.053273 0.037652 0.2031
0.056365 0.037652 0.21638
0.047792 0.037651 0.23272
0.042313 0.03765 0.25376
0.052912 0.03765 0.23903
0.061684 0.03765 0.25357
0.047275 0.03765 0.26552
0.046438 0.037651 0.28246
0.05573 0.037651 0.27447
0.063236 0.037652 0.28313
0.06202 0.037655 0.30397
0.057595 0.037656 0.31899
0.045158 0.037656 0.34013
0.062231 0.037656 0.34872
0.046154 0.037654 0.37004
0.04516 0.037655 0.38344
0.060704 0.037656 0.36793
0.056016 0.037659 0.38972
0.044519 0.03766 0.40038
0.037555 0.037664 0.41988
0.060371 0.037664 0.40316
0.054037 0.037666 0.41468
0.042307 0.037666 0.44315
0.058955 0.03767 0.44089
0.058094 0.037671 0.45723
0.041692 0.037668 0.4709
0.043525 0.037667 0.48593
0.051929 0.037671 0.47062
0.057514 0.037669 0.4896
0.038329 0.037658 0.50616
0.038025 0.037652 0.52772
0.054303 0.03766 0.50818
0.058545 0.037657 0.52675
0.04515 0.037651 0.53947
0.042866 0.037654 0.5657
0.060477 0.037656 0.53794
0.05915 0.037656 0.55911
0.037016 0.037656 0.57711
0.035891 0.037659 0.59992
0.051258 0.037658 0.57567
0.053179 0.037661 0.59615
0.043468 0.03766 0.60479
0.036213 0.03766 0.63234
0.051167 0.037663 0.61093
0.057111 0.037664 0.62386
0.051215 0.037659 0.65196
0.05318 0.037662 0.66402
0.047305 0.037662 0.67592
0.052288 0.037664 0.67411
0.057826 0.037667 0.6918
0.035984 0.037661 0.73297
0.059653 0.037662 0.71626
0.051528 0.037662 0.72571
0.043404 0.037662 0.74917
0.03703 0.037663 0.7646
0.0588 0.037662 0.74595
0.051873 0.037663 0.76272
0.04076 0.037664 0.77504
0.037205 0.037665 0.80108
0.057991 0.037665 0.78342
0.056084 0.037665 0.79306
0.039717 0.037667 0.82739
0.05271 0.037666 0.81561
0.058274 0.037666 0.83274
0.038028 0.037668 0.84415
0.035017 0.037667 0.86269
0.053609 0.037667 0.83859
0.055951 0.037667 0.86067
0.035572 0.037666 0.8723
0.045079 0.037669 0.89331
0.057915 0.037665 0.87956
0.05641 0.037666 0.88958
0.041895 0.037677 0.91251
0.037072 0.033409 0.95628
0.058521 0.037566 0.94493
0.060979 0.033612 0.95429
0.079115 0.037659 0.04521
0.07501 0.037658 0.059525
0.078019 0.037656 0.087981
0.09415 0.037656 0.0737
0.091497 0.037656 0.087942
0.071154 0.037656 0.10594
0.072216 0.037658 0.12866
0.085042 0.037654 0.10838
0.089232 0.037654 0.12178
0.069734 0.03766 0.13948
0.089348 0.037655 0.13585
0.09271 0.037654 0.15715
0.071859 0.037653 0.17498
0.067905 0.037652 0.18979
0.094189 0.03765 0.17479
0.094701 0.03765 0.18993
0.077134 0.037652 0.20464
0.0758 0.037651 0.22143
0.088633 0.037652 0.20971
0.096909 0.037649 0.22527
0.069587 0.037649 0.24242
0.072158 0.037649 0.2488
0.085402 0.037649 0.24299
0.089777 0.037649 0.25113
0.075913 0.037651 0.27151
0.074966 0.037652 0.28874
0.095388 0.03765 0.27153
0.068083 0.037654 0.30526
0.068453 0.037655 0.32421
0.092665 0.037651 0.30374
0.090563 0.037653 0.32476
0.07125 0.037655 0.3432
0.089589 0.037655 0.33907
0.088274 0.037657 0.35396
0.075657 0.037656 0.37691
0.091262 0.037659 0.37025
0.094887 0.037662 0.38197
0.069096 0.037666 0.40841
0.073057 0.03767 0.42174
0.092788 0.037675 0.41056
0.085921 0.037677 0.41721
0.068784 0.037672 0.44396
0.083263 0.037677 0.4358
0.084451 0.037681 0.45496
0.073482 0.037674 0.47305
0.077511 0.037675 0.48369
0.089265 0.037684 0.47891
0.088423 0.037681 0.48992
0.068596 0.037667 0.50172
0.08443 0.037672 0.51902
0.076422 0.037661 0.53605
0.07145 0.037659 0.56466
0.081708 0.037663 0.5623
0.073272 0.03766 0.57088
0.068961 0.037664 0.59984
0.084713 0.037668 0.57118
0.087421 0.037671 0.59519
0.073713 0.037668 0.62984
0.089014 0.037672 0.61299
0.093983 0.037671 0.62249
0.072462 0.037667 0.64297
0.091902 0.03767 0.66622
0.067854 0.037669 0.68281
0.085374 0.037674 0.67523
0.08855 0.03767 0.69484
0.075947 0.037663 0.71269
0.067433 0.037661 0.73357
0.090583 0.037664 0.72519
0.070866 0.037661 0.74614
0.075814 0.037662 0.75838
0.087751 0.037663 0.74224
0.084802 0.037663 0.76313
0.071192 0.037664 0.77421
0.072813 0.037665 0.79983
0.093879 0.037664 0.78562
0.072175 0.037664 0.81661
0.079993 0.037663 0.82401
0.092681 0.037663 0.80753
0.089851 0.037664 0.83286
0.074494 0.037666 0.84278
0.074381 0.037666 0.86202
0.089658 0.037664 0.86579
0.076498 0.037662 0.88292
0.088233 0.037663 0.87403
0.085007 0.037663 0.89055
0.071228 0.037672 0.90993
0.076772 0.03765 0.93098
0.088739 0.037667 0.90292
0.071221 0.037622 0.93872
0.085771 0.037637 0.94739
0.11044 0.037652 0.039029
0.10587 0.037654 0.057379
0.12646 0.037649 0.037882
0.12192 0.03765 0.052228
0.10266 0.037655 0.068359
0.1071 0.037654 0.094287
0.12419 0.03765 0.096518
0.10554 0.037651 0.11022
0.11373 0.03765 0.12856
0.12517 0.037647 0.11821
0.10758 0.037651 0.14095
0.10265 0.037651 0.15556
0.12675 0.037648 0.15562
0.10774 0.037648 0.17243
0.10649 0.037647 0.18711
0.12765 0.037646 0.16661
0.11895 0.037646 0.19325
0.11299 0.037647 0.21626
0.11785 0.037646 0.20047
0.11705 0.037647 0.22663
0.10584 0.037648 0.23773
0.10078 0.037648 0.25537
0.12087 0.037647 0.23699
0.10666 0.037647 0.27283
0.10634 0.037646 0.28547
0.12054 0.037646 0.27647
0.12865 0.037643 0.28302
0.10682 0.037645 0.30294
0.10743 0.037647 0.32526
0.12819 0.037644 0.3084
0.11669 0.037643 0.31705
0.10419 0.037649 0.333
0.10518 0.037655 0.35751
0.11581 0.037653 0.35248
0.099383 0.037657 0.3645
0.11626 0.037661 0.36884
0.12202 0.037678 0.39254
0.10249 0.037669 0.39725
0.10199 0.037679 0.42425
0.11284 0.037681 0.42444
0.098148 0.037682 0.43669
0.099034 0.037685 0.44869
0.11329 0.037689 0.44322
0.11496 0.037694 0.45575
0.098255 0.037685 0.46959
0.1063 0.037684 0.48625
0.11593 0.037696 0.4709
0.12148 0.037702 0.48822
0.10253 0.037677 0.50254
0.097992 0.037672 0.52469
0.11818 0.037684 0.52497
0.10386 0.037675 0.53751
0.099563 0.037675 0.55936
0.12016 0.037688 0.54289
0.09775 0.037673 0.58239
0.099936 0.037673 0.59558
0.11703 0.037685 0.57604
0.11861 0.037677 0.60146
0.10778 0.037667 0.61727
0.10796 0.037664 0.62724
0.12446 0.037665 0.63253
0.10517 0.037662 0.64631
0.10485 0.037662 0.65933
0.11818 0.037663 0.64096
0.11535 0.037659 0.66809
0.10382 0.037664 0.68465
0.1209 0.037661 0.68441
0.10696 0.037667 0.72979
0.12575 0.037662 0.70821
0.12721 0.037662 0.73556
0.1014 0.037664 0.74069
0.10546 0.037662 0.75703
0.11992 0.03766 0.76523
0.10701 0.037661 0.77616
0.12778 0.037655 0.78011
0.1176 0.037658 0.79217
0.10883 0.037663 0.83051
0.11763 0.03766 0.80599
0.12097 0.037661 0.83444
0.11018 0.037663 0.84031
0.12602 0.037659 0.84358
0.12585 0.037658 0.85705
0.10854 0.037661 0.87661
0.11224 0.037661 0.893
0.1286 0.037658 0.88331
0.12215 0.037661 0.8978
0.10325 0.037666 0.91006
0.12148 0.037663 0.91232
0.11992 0.03764 0.92548
0.10484 0.037622 0.93852
0.12962 0.037567 0.94648
0.12799 0.033334 0.96458
0.14167 0.037647 0.039784
0.15709 0.037644 0.035265
0.15872 0.037643 0.053329
0.13433 0.037649 0.076207
0.13963 0.037645 0.095356
0.15244 0.037644 0.07194
0.15676 0.037642 0.090474
0.13921 0.037643 0.10639
0.1408 0.037642 0.11771
0.15132 0.037639 0.11101
0.15559 0.037639 0.11657
0.13422 0.037646 0.13766
0.1352 0.037646 0.15926
0.15971 0.037642 0.15287
0.13373 0.037644 0.17801
0.15758 0.037641 0.1725
0.1563 0.037641 0.18407
0.13617 0.037644 0.20509
0.14204 0.037643 0.22486
0.15906 0.037639 0.20636
0.13517 0.037644 0.23743
0.14504 0.037642 0.25268
0.15096 0.037642 0.23047
0.1585 0.037639 0.25873
0.13755 0.037641 0.26688
0.13683 0.037641 0.28871
0.15572 0.03764 0.26661
0.15229 0.037641 0.2854
0.14442 0.037641 0.30252
0.13229 0.037644 0.31339
0.15772 0.037644 0.29667
0.14967 0.037647 0.31969
0.1345 0.037652 0.34163
0.1435 0.037653 0.34827
0.15433 0.037652 0.33014
0.1399 0.037662 0.37247
0.13415 0.037667 0.38128
0.15719 0.037669 0.37509
0.12985 0.037692 0.41964
0.14362 0.037697 0.42297
0.13669 0.037699 0.4387
0.12997 0.037703 0.45272
0.14836 0.037708 0.44122
0.14645 0.037712 0.45115
0.13059 0.037707 0.46847
0.12877 0.037706 0.48544
0.14789 0.037725 0.47076
0.13716 0.037689 0.50916
0.13644 0.037682 0.52369
0.15326 0.037713 0.50052
0.13048 0.037682 0.54539
0.137 0.037674 0.56756
0.14403 0.03768 0.54989
0.15317 0.037698 0.55457
0.1379 0.037669 0.58401
0.13317 0.03767 0.59682
0.15251 0.037678 0.58406
0.15155 0.037673 0.5964
0.13271 0.037666 0.61394
0.13556 0.037663 0.63149
0.15377 0.037668 0.6188
0.1493 0.037667 0.62898
0.13904 0.037658 0.6628
0.15794 0.037666 0.64813
0.14852 0.037661 0.66419
0.1366 0.037658 0.67587
0.14252 0.037654 0.69631
0.14679 0.037656 0.67971
0.14927 0.037654 0.70386
0.13127 0.037659 0.70737
0.14255 0.037653 0.7351
0.15368 0.037655 0.7103
0.14934 0.03765 0.73496
0.14258 0.037652 0.75048
0.13637 0.037653 0.76774
0.15493 0.037651 0.74146
0.15857 0.037646 0.7578
0.13933 0.037651 0.79447
0.15271 0.037648 0.77799
0.15419 0.037649 0.80007
0.14478 0.037652 0.80823
0.14219 0.037654 0.82922
0.16307 0.037649 0.81567
0.15543 0.03765 0.82956
0.14032 0.037653 0.84818
0.14686 0.037651 0.86315
0.15991 0.037646 0.84703
0.16 0.037647 0.86243
0.13688 0.037656 0.87726
0.15674 0.037652 0.88142
0.15514 0.037654 0.89804
0.13495 0.03766 0.90929
0.13994 0.037618 0.9285
0.15719 0.037655 0.91134
0.15479 0.037623 0.92546
0.13614 0.034148 0.95261
0.15852 0.037558 0.94082
0.15816 0.033336 0.96145
0.17076 0.037639 0.044833
0.17767 0.037636 0.061176
0.18695 0.037634 0.045528
0.18597 0.037634 0.055102
0.17052 0.037638 0.076311
0.17429 0.037637 0.091995
0.18954 0.037633 0.077863
0.18925 0.037633 0.093095
0.16965 0.037637 0.10593
0.17384 0.037635 0.12875
0.18396 0.037635 0.10737
0.1909 0.037633 0.11801
0.17242 0.037635 0.14065
0.17918 0.037633 0.15391
0.18727 0.037632 0.14521
0.19163 0.037631 0.15042
0.17886 0.037633 0.19325
0.19047 0.037631 0.17204
0.18593 0.037634 0.1886
0.17503 0.037634 0.22628
0.18731 0.037634 0.20129
0.18653 0.037635 0.21956
0.1728 0.037634 0.23862
0.17503 0.037633 0.25662
0.18698 0.037632 0.24847
0.18829 0.037633 0.26971
0.18386 0.03764 0.28784
0.16635 0.037643 0.29597
0.17267 0.037649 0.31296
0.1862 0.037649 0.30733
0.18864 0.037655 0.32384
0.16506 0.037653 0.34009
0.16772 0.037655 0.34688
0.18228 0.037654 0.33546
0.18525 0.037661 0.34479
0.17344 0.037667 0.36926
0.18349 0.037678 0.372
0.17983 0.037677 0.38885
0.16739 0.037683 0.42334
0.18744 0.037689 0.4006
0.18701 0.037699 0.41929
0.16674 0.037693 0.43623
0.16715 0.037704 0.45125
0.18232 0.037705 0.43282
0.17515 0.037714 0.45764
0.16286 0.037723 0.48568
0.17601 0.037738 0.47641
0.17861 0.037749 0.48476
0.16158 0.037712 0.50154
0.1613 0.037703 0.52988
0.18002 0.037744 0.50752
0.17759 0.037732 0.52966
0.1616 0.037705 0.54521
0.17364 0.037708 0.56291
0.16931 0.037681 0.58023
0.16045 0.037674 0.59328
0.18138 0.037696 0.58635
0.17624 0.037672 0.59871
0.16963 0.037662 0.61008
0.16401 0.037663 0.63163
0.17719 0.037667 0.60827
0.1776 0.03766 0.6274
0.16466 0.037664 0.65017
0.16676 0.037663 0.66012
0.18931 0.037682 0.65447
0.18999 0.037675 0.66604
0.16712 0.037658 0.67805
0.16629 0.037656 0.69386
0.17966 0.037659 0.67594
0.18292 0.037658 0.69578
0.17276 0.03765 0.72086
0.16963 0.037647 0.73246
0.18281 0.037654 0.7087
0.18377 0.037644 0.73728
0.1763 0.037638 0.75161
0.1695 0.037641 0.75922
0.18509 0.037638 0.75097
0.16906 0.037647 0.79373
0.18948 0.037641 0.77392
0.18903 0.037644 0.8
0.17439 0.037645 0.80826
0.18759 0.037643 0.81592
0.18928 0.037639 0.83051
0.17899 0.037639 0.8408
0.16998 0.037642 0.85711
0.18804 0.037637 0.84762
0.18615 0.037636 0.8546
0.16815 0.037646 0.87611
0.16807 0.037649 0.89231
0.19397 0.037635 0.87096
0.19319 0.037638 0.8903
0.17006 0.037603 0.92916
0.18518 0.037593 0.93015
0.17972 0.033749 0.9536
0.18683 0.037556 0.93853
0.19196 0.033416 0.9561
0.20152 0.03763 0.04428
0.2098 0.037627 0.058458
0.22326 0.037624 0.034971
0.22134 0.037624 0.056233
0.2085 0.037627 0.068564
0.20524 0.037628 0.088321
0.22584 0.037622 0.070687
0.22243 0.037623 0.093045
0.21091 0.037626 0.10038
0.20495 0.037628 0.12634
0.22762 0.037622 0.10091
0.21942 0.037625 0.12088
0.20391 0.037629 0.14149
0.19957 0.037627 0.17289
0.20984 0.037628 0.18896
0.22602 0.037616 0.17178
0.22839 0.037615 0.18272
0.20512 0.037632 0.19961
0.22251 0.037627 0.1994
0.21072 0.037631 0.23724
0.22434 0.037635 0.23199
0.22168 0.03764 0.25547
0.20374 0.037623 0.27199
0.19884 0.037626 0.28015
0.22206 0.037634 0.26609
0.21529 0.037617 0.28416
0.20692 0.037621 0.30469
0.20473 0.037637 0.32435
0.2138 0.037615 0.31302
0.19814 0.03765 0.3301
0.20271 0.037659 0.35257
0.2145 0.037636 0.32948
0.22371 0.037662 0.34623
0.20593 0.037657 0.36224
0.2025 0.037665 0.37974
0.21796 0.037661 0.36067
0.21048 0.037663 0.38626
0.19974 0.037686 0.4041
0.20844 0.037678 0.40088
0.1988 0.037713 0.42738
0.18915 0.03774 0.45431
0.21219 0.037737 0.42871
0.21108 0.037776 0.44725
0.19395 0.037766 0.46638
0.19595 0.037784 0.48753
0.2004 0.037789 0.4744
0.20406 0.037817 0.4879
0.19193 0.037773 0.50956
0.19381 0.037764 0.52331
0.19471 0.037749 0.54067
0.19578 0.037739 0.55524
0.20606 0.03776 0.55612
0.19403 0.03771 0.58611
0.1908 0.037702 0.59853
0.21001 0.037741 0.58396
0.21007 0.037737 0.59099
0.19181 0.037694 0.61115
0.19413 0.037689 0.63629
0.21735 0.037716 0.63645
0.19469 0.037685 0.65276
0.20401 0.03768 0.6593
0.21706 0.037707 0.6451
0.20475 0.037664 0.67752
0.19931 0.037654 0.69947
0.21571 0.037666 0.67889
0.21451 0.037651 0.70072
0.19847 0.037646 0.71313
0.19841 0.037637 0.73196
0.21535 0.03764 0.7149
0.21775 0.037629 0.7259
0.20248 0.037633 0.76336
0.21892 0.037628 0.7518
0.20189 0.037638 0.7846
0.20886 0.037635 0.79615
0.21986 0.037631 0.77567
0.20353 0.037634 0.83414
0.22657 0.037631 0.81846
0.22331 0.037629 0.83283
0.20404 0.037632 0.84818
0.20751 0.037629 0.8614
0.22176 0.037629 0.83924
0.22306 0.037624 0.86046
0.20651 0.03763 0.87666
0.20895 0.037632 0.89384
0.21935 0.037625 0.87816
0.22423 0.037626 0.89662
0.21302 0.037595 0.92755
0.22405 0.037633 0.91413
0.20105 0.037514 0.94693
0.21248 0.033335 0.96263
0.22067 0.037529 0.94269
0.22105 0.033375 0.95715
0.23383 0.037621 0.03498
0.23747 0.037619 0.061164
0.25122 0.037615 0.042369
0.25942 0.037612 0.055892
0.23919 0.037618 0.067267
0.23549 0.037619 0.083925
0.25531 0.037611 0.075237
0.25863 0.03761 0.084579
0.24519 0.03762 0.11777
0.25505 0.037614 0.10025
0.25059 0.037619 0.12441
0.23479 0.037621 0.14276
0.25402 0.037616 0.13731
0.25991 0.037612 0.15365
0.23509 0.037611 0.17393
0.2452 0.037609 0.18881
0.25255 0.037607 0.17394
0.25845 0.037609 0.18335
0.23852 0.037615 0.20804
0.23207 0.037629 0.22597
0.25517 0.037611 0.20295
0.23161 0.037636 0.24087
0.23853 0.037639 0.2464
0.24054 0.03764 0.26937
0.2395 0.037639 0.28914
0.25932 0.037648 0.27866
0.25785 0.037658 0.30229
0.25425 0.03767 0.31687
0.23163 0.037661 0.34922
0.25041 0.037671 0.33771
0.25597 0.037697 0.35447
0.23482 0.037662 0.36082
0.24697 0.037678 0.36665
0.24228 0.037669 0.38041
0.22549 0.037694 0.39926
0.2347 0.037709 0.41247
0.245 0.037696 0.39281
0.2284 0.037734 0.42634
0.22428 0.03778 0.44611
0.24491 0.037761 0.42967
0.23831 0.037798 0.44895
0.21699 0.037851 0.4718
0.2317 0.037854 0.46614
0.23641 0.037946 0.48191
0.22652 0.037858 0.50352
0.23088 0.037866 0.53102
0.22214 0.037813 0.54765
0.21845 0.037788 0.56644
0.2281 0.037764 0.59397
0.23719 0.037766 0.60147
0.23292 0.037725 0.61337
0.23103 0.03769 0.63972
0.23928 0.037717 0.61781
0.2449 0.037687 0.63545
0.22803 0.037678 0.65416
0.23648 0.037658 0.66448
0.24605 0.037661 0.65636
0.24767 0.037663 0.67063
0.23705 0.037658 0.68708
0.25573 0.037658 0.69534
0.23795 0.037626 0.72207
0.24959 0.037635 0.71313
0.25145 0.03762 0.73209
0.23778 0.03762 0.74507
0.23516 0.03762 0.7622
0.25273 0.037618 0.75029
0.26166 0.037615 0.76662
0.23245 0.037628 0.78203
0.24094 0.037624 0.79427
0.25715 0.037618 0.77599
0.24137 0.037623 0.80965
0.25932 0.037615 0.81109
0.25268 0.037617 0.83016
0.24236 0.03762 0.84574
0.23777 0.037618 0.86117
0.23617 0.037617 0.87919
0.23506 0.037617 0.88849
0.2581 0.037608 0.87744
0.24538 0.037619 0.91271
0.23599 0.037585 0.92873
0.2514 0.037613 0.90359
0.26007 0.03757 0.93076
0.24298 0.033336 0.96133
0.25526 0.037555 0.93626
0.27577 0.037605 0.056251
0.29622 0.037596 0.060757
0.27759 0.037601 0.0792
0.27081 0.037606 0.093903
0.29477 0.037596 0.073907
0.27189 0.037608 0.10867
0.29146 0.037599 0.1037
0.28669 0.037602 0.12244
0.27262 0.037605 0.13545
0.27003 0.037607 0.15609
0.29418 0.037593 0.13718
0.29572 0.037597 0.15714
0.26638 0.037607 0.16887
0.27166 0.037609 0.18169
0.28737 0.037614 0.19177
0.27512 0.037622 0.21469
0.28981 0.037613 0.19685
0.28766 0.037621 0.22201
0.27131 0.037635 0.25774
0.28826 0.037621 0.23647
0.29014 0.037642 0.25552
0.28475 0.03764 0.26316
0.26581 0.037652 0.30407
0.26827 0.037659 0.31328
0.29189 0.037667 0.31733
0.2642 0.037679 0.33246
0.26841 0.0377 0.35497
0.27811 0.037666 0.33861
0.28059 0.037693 0.35075
0.26655 0.037707 0.36082
0.26634 0.037718 0.37996
0.28234 0.037742 0.37122
0.26175 0.037739 0.39963
0.25743 0.037759 0.41419
0.27765 0.037772 0.4044
0.27106 0.037772 0.41902
0.24768 0.037849 0.4536
0.26804 0.037775 0.42682
0.27377 0.037837 0.44498
0.24375 0.037933 0.46776
0.24575 0.037991 0.48532
0.25981 0.038082 0.48003
0.24303 0.037956 0.50798
0.25415 0.03795 0.53346
0.24769 0.037918 0.53956
0.25182 0.037883 0.57178
0.25681 0.037918 0.55092
0.26718 0.037962 0.56249
0.25661 0.037871 0.57864
0.25351 0.037781 0.60635
0.26443 0.037874 0.58156
0.26693 0.037817 0.59489
0.25982 0.037731 0.61733
0.26144 0.03769 0.63613
0.27665 0.037681 0.63229
0.26499 0.03767 0.65408
0.26354 0.037669 0.66989
0.27789 0.037662 0.65399
0.28112 0.037656 0.67086
0.26343 0.03767 0.67822
0.27216 0.037622 0.69896
0.288 0.037663 0.68005
0.28451 0.037606 0.70571
0.27047 0.037596 0.71945
0.27437 0.037589 0.7271
0.29277 0.037607 0.7305
0.27766 0.037617 0.75365
0.27374 0.037609 0.76996
0.29242 0.037627 0.74641
0.26782 0.037611 0.77766
0.2761 0.037599 0.79529
0.29392 0.0376 0.78194
0.28991 0.037598 0.7992
0.29158 0.037605 0.81601
0.28423 0.037609 0.83109
0.27674 0.037611 0.84829
0.29532 0.037602 0.84562
0.28732 0.037602 0.86044
0.27083 0.037602 0.88165
0.28062 0.037599 0.89382
0.29217 0.037594 0.88092
0.28517 0.037598 0.89483
0.29665 0.037597 0.91024
0.29418 0.037573 0.92647
0.27684 0.037501 0.94645
0.27955 0.033452 0.95546
0.29705 0.037549 0.93613
0.28502 0.033339 0.96027
0.30238 0.037594 0.045285
0.30588 0.037593 0.058311
0.3291 0.037582 0.044181
0.33027 0.037583 0.058152
0.30437 0.037592 0.079309
0.30842 0.037593 0.086708
0.32502 0.037586 0.069944
0.321 0.037589 0.093206
0.30649 0.037593 0.10739
0.30431 0.037593 0.12494
0.32933 0.037584 0.10257
0.31967 0.037588 0.12264
0.30286 0.037588 0.14299
0.30599 0.037594 0.15421
0.32278 0.037581 0.14161
0.32361 0.037586 0.15086
0.30399 0.037597 0.17511
0.30688 0.037602 0.18954
0.32395 0.037588 0.16919
0.30791 0.03761 0.21894
0.32834 0.037599 0.20489
0.32692 0.037606 0.21303
0.29931 0.037614 0.23959
0.30605 0.037621 0.25003
0.31597 0.037622 0.25473
0.30506 0.03763 0.26309
0.29949 0.03764 0.28594
0.31459 0.037624 0.26275
0.32026 0.037632 0.28009
0.29949 0.03764 0.30497
0.29903 0.037655 0.31376
0.31592 0.037637 0.30566
0.31622 0.037647 0.31295
0.3033 0.037677 0.32972
0.29342 0.037719 0.35266
0.31559 0.037673 0.33655
0.32198 0.037714 0.3512
0.29787 0.037735 0.35746
0.2917 0.037794 0.38509
0.30867 0.037758 0.36619
0.31517 0.037855 0.37997
0.2891 0.037799 0.40311
0.29644 0.037806 0.41205
0.30478 0.037808 0.39977
0.30771 0.037839 0.41568
0.2874 0.037821 0.43227
0.27959 0.037884 0.44967
0.30702 0.037958 0.4314
0.30828 0.038104 0.44136
0.27364 0.038158 0.47657
0.28836 0.038075 0.46279
0.27617 0.038185 0.48674
0.27055 0.038187 0.50065
0.26446 0.038138 0.51922
0.28119 0.038337 0.50195
0.27723 0.038093 0.54061
0.28637 0.038007 0.56685
0.27731 0.037895 0.58344
0.30434 0.037819 0.60034
0.28549 0.037711 0.6237
0.29039 0.037689 0.63699
0.31493 0.037778 0.63435
0.3149 0.03775 0.66065
0.31846 0.037758 0.67455
0.32463 0.037684 0.70439
0.32594 0.037651 0.72264
0.31948 0.037644 0.73407
0.30493 0.037633 0.74313
0.31131 0.037605 0.7623
0.32272 0.037616 0.74988
0.32097 0.037599 0.76721
0.31143 0.0376 0.78179
0.30379 0.037595 0.79508
0.31859 0.037597 0.78598
0.31905 0.037595 0.80205
0.30236 0.0376 0.80822
0.32125 0.03758 0.8287
0.30431 0.037593 0.84284
0.31078 0.037584 0.86002
0.30324 0.037586 0.88324
0.31109 0.037583 0.89093
0.32316 0.037579 0.87242
0.32133 0.03758 0.89727
0.30438 0.037593 0.9135
0.31381 0.037573 0.92939
0.33064 0.037578 0.90638
0.3216 0.037575 0.92319
0.30545 0.03754 0.94565
0.32387 0.037545 0.94291
0.34071 0.037577 0.04063
0.33975 0.037579 0.055599
0.36485 0.037569 0.040752
0.354 0.037574 0.051332
0.34019 0.037579 0.07323
0.33969 0.037582 0.085505
0.35555 0.037575 0.083363
0.34174 0.037577 0.104
0.3365 0.03758 0.12119
0.35695 0.037569 0.12019
0.33924 0.037577 0.13786
0.34335 0.037581 0.15007
0.35584 0.037572 0.13964
0.3625 0.037574 0.14804
0.34371 0.037583 0.1677
0.34364 0.037583 0.17848
0.35099 0.037582 0.16338
0.35591 0.037585 0.17816
0.33603 0.037597 0.19804
0.33432 0.037612 0.21821
0.35175 0.037599 0.19708
0.34151 0.037613 0.23101
0.33679 0.037624 0.25427
0.35199 0.037617 0.23336
0.35887 0.03764 0.24878
0.34248 0.037605 0.2707
0.34012 0.037611 0.28111
0.35712 0.037633 0.26734
0.34989 0.037602 0.27605
0.33354 0.037638 0.29603
0.33494 0.037682 0.31904
0.34979 0.037629 0.29549
0.34571 0.037669 0.31897
0.33948 0.037703 0.32635
0.33028 0.037706 0.34533
0.34507 0.037745 0.33585
0.35637 0.038177 0.36274
0.34807 0.038 0.37672
0.32293 0.037861 0.39866
0.31948 0.037869 0.41639
0.33462 0.037866 0.3904
0.31963 0.038114 0.43219
0.3297 0.038003 0.42734
0.2968 0.038215 0.46292
0.29053 0.038355 0.48828
0.30326 0.038424 0.47958
0.29106 0.038411 0.5001
0.29411 0.038432 0.50046
0.30442 0.038485 0.53266
0.29877 0.038045 0.5723
0.3072 0.038359 0.54853
0.31349 0.038056 0.57069
0.31842 0.037845 0.59449
0.31535 0.037809 0.61196
0.31785 0.037799 0.61985
0.32595 0.037793 0.63755
0.33917 0.037857 0.61873
0.34698 0.037828 0.63464
0.33573 0.037758 0.66113
0.32603 0.037761 0.67495
0.34858 0.037774 0.65688
0.34525 0.037734 0.67202
0.33152 0.037679 0.69986
0.34873 0.037699 0.68377
0.35606 0.037639 0.706
0.33063 0.037661 0.71654
0.33915 0.03762 0.72901
0.35458 0.037633 0.71742
0.34913 0.037608 0.73824
0.33862 0.037608 0.7445
0.34054 0.03759 0.7702
0.35249 0.037586 0.74929
0.35579 0.037585 0.76523
0.35428 0.037596 0.78142
0.35549 0.037576 0.80251
0.34683 0.03757 0.81536
0.33595 0.037571 0.82297
0.35639 0.037563 0.82622
0.34651 0.037575 0.84414
0.34415 0.037571 0.86075
0.36366 0.037565 0.83792
0.36263 0.037562 0.86139
0.33828 0.037575 0.87914
0.34165 0.037571 0.89284
0.35476 0.037565 0.88751
0.34677 0.037572 0.90993
0.34001 0.037546 0.92715
0.35453 0.037569 0.91286
0.35449 0.037541 0.92413
0.34622 0.037501 0.93837
0.33783 0.03335 0.95843
0.36125 0.037496 0.93811
0.35311 0.033335 0.9626
0.37181 0.037567 0.035102
0.38171 0.037566 0.055873
0.39058 0.037561 0.040881
0.39215 0.03757 0.070148
0.3965 0.037572 0.09144
0.37195 0.037563 0.10297
0.38296 0.03755 0.1153
0.39611 0.037554 0.10677
0.3908 0.037551 0.11474
0.37091 0.037564 0.14216
0.37191 0.037579 0.1553
0.39582 0.037556 0.13535
0.37838 0.037581 0.16507
0.37274 0.037588 0.1771
0.39326 0.037601 0.18732
0.37326 0.037604 0.19548
0.37625 0.037608 0.21186
0.38822 0.037601 0.20038
0.38783 0.037605 0.21001
0.37124 0.037617 0.23653
0.36863 0.037641 0.24825
0.39485 0.037626 0.22805
0.39129 0.037657 0.251
0.36735 0.037653 0.26353
0.3665 0.037659 0.28616
0.39092 0.037667 0.26772
0.37923 0.037687 0.2827
0.37246 0.037681 0.30869
0.38568 0.037717 0.29544
0.38432 0.037728 0.30512
0.3613 0.037699 0.32569
0.36656 0.038019 0.34752
0.35996 0.038238 0.36939
0.37726 0.03818 0.35554
0.35878 0.038063 0.38505
0.36585 0.038149 0.38172
0.35987 0.037942 0.39757
0.34154 0.038107 0.43136
0.33561 0.03832 0.44224
0.35272 0.037945 0.42021
0.33877 0.038313 0.44565
0.3185 0.038694 0.4585
0.31844 0.038563 0.47461
0.30316 0.038702 0.50879
0.31416 0.038429 0.54098
0.31104 0.038782 0.50452
0.31808 0.038416 0.5425
0.32681 0.038181 0.56354
0.3299 0.038029 0.5766
0.33837 0.037955 0.59588
0.34486 0.0379 0.61339
0.35116 0.038002 0.59064
0.36622 0.038058 0.61546
0.35288 0.037843 0.63185
0.35426 0.037831 0.64006
0.3666 0.037887 0.63165
0.37384 0.037882 0.64191
0.35636 0.037767 0.6583
0.36121 0.037711 0.67776
0.38444 0.037835 0.65621
0.38724 0.03776 0.66655
0.36293 0.037664 0.68885
0.37966 0.037719 0.68086
0.38619 0.03768 0.7016
0.37935 0.03761 0.73382
0.39447 0.037652 0.71441
0.38846 0.037604 0.73418
0.37712 0.037572 0.75398
0.36841 0.037576 0.76013
0.38509 0.037579 0.75053
0.38102 0.03757 0.7822
0.37847 0.037559 0.80013
0.38766 0.037575 0.77714
0.37786 0.037559 0.80982
0.3714 0.037558 0.83118
0.37454 0.037559 0.839
0.37308 0.037554 0.85635
0.38879 0.037551 0.8391
0.39006 0.037549 0.86391
0.37553 0.037561 0.87593
0.37104 0.037559 0.89505
0.39291 0.037549 0.89834
0.37499 0.037559 0.90955
0.38185 0.037524 0.92831
0.38838 0.037552 0.90889
0.39549 0.037514 0.93087
0.37896 0.037491 0.94159
0.37298 0.033594 0.95403
0.39198 0.037489 0.9423
0.39811 0.033486 0.95482
0.41549 0.037559 0.036643
0.42102 0.037558 0.041408
0.42254 0.037566 0.064258
0.40672 0.037574 0.079965
0.42806 0.037565 0.073296
0.43527 0.037631 0.095548
0.41848 0.03755 0.10592
0.40828 0.037539 0.11564
0.42639 0.037601 0.10471
0.42768 0.037618 0.12139
0.41402 0.037558 0.13902
0.40756 0.03758 0.15531
0.42896 0.037578 0.14453
0.41064 0.037577 0.16393
0.40847 0.037591 0.18447
0.42158 0.03757 0.16945
0.42351 0.037569 0.17615
0.41183 0.037626 0.21913
0.42451 0.037581 0.1993
0.42951 0.037579 0.20625
0.39817 0.037629 0.23335
0.40897 0.037683 0.25057
0.4286 0.037632 0.22411
0.40707 0.037684 0.26549
0.40283 0.037687 0.27428
0.42535 0.037737 0.27675
0.40767 0.037729 0.29521
0.39841 0.037765 0.3077
0.42189 0.037746 0.28439
0.41628 0.037747 0.30022
0.39749 0.037811 0.32541
0.39985 0.037885 0.33878
0.41759 0.037843 0.31777
0.40738 0.03793 0.34143
0.38433 0.038255 0.36521
0.41249 0.037996 0.34754
0.37468 0.038231 0.37849
0.37134 0.037958 0.39875
0.39644 0.038109 0.37651
0.38792 0.037956 0.38973
0.37139 0.03785 0.41874
0.36389 0.037949 0.43542
0.38423 0.03791 0.40175
0.34391 0.038259 0.45298
0.32256 0.03842 0.47403
0.36175 0.037681 0.44846
0.3254 0.038084 0.48546
0.32049 0.038432 0.49495
0.32258 0.038522 0.52982
0.32458 0.037816 0.50158
0.33536 0.03802 0.54078
0.35353 0.037944 0.56785
0.37308 0.037955 0.57972
0.37391 0.038257 0.61005
0.40263 0.038145 0.62443
0.38448 0.038037 0.63028
0.39449 0.0379 0.64858
0.40606 0.038053 0.63245
0.3976 0.037805 0.65745
0.40498 0.037718 0.66823
0.41291 0.037778 0.6536
0.42284 0.037671 0.66358
0.39746 0.037702 0.68742
0.40484 0.03766 0.69539
0.42538 0.03769 0.68289
0.42683 0.03762 0.69835
0.41147 0.037617 0.71564
0.40616 0.037593 0.72815
0.42481 0.037568 0.72481
0.40589 0.037562 0.75888
0.4245 0.03755 0.74603
0.41903 0.037561 0.76161
0.41072 0.037554 0.77848
0.40281 0.037544 0.79825
0.42815 0.037534 0.77918
0.43124 0.037527 0.79473
0.41511 0.037527 0.81577
0.43222 0.037527 0.80754
0.41965 0.037524 0.82411
0.4055 0.037542 0.83923
0.42475 0.03753 0.86047
0.41329 0.037538 0.87971
0.40882 0.03754 0.89742
0.4282 0.03753 0.87993
0.42292 0.037529 0.88872
0.41047 0.037542 0.90747
0.40863 0.037512 0.93002
0.42783 0.037511 0.92749
0.40331 0.037482 0.94491
0.41895 0.037493 0.93796
0.42854 0.033336 0.96117
0.43864 0.037558 0.04165
0.44446 0.037557 0.062111
0.4572 0.037555 0.04534
0.43937 0.037556 0.072453
0.44127 0.037642 0.094655
0.46386 0.037544 0.081958
0.45771 0.037718 0.10006
0.44219 0.037887 0.11682
0.4602 0.037781 0.10614
0.44799 0.037824 0.12849
0.44031 0.037569 0.14564
0.45419 0.037826 0.12934
0.46269 0.037556 0.14694
0.44708 0.037517 0.15964
0.44341 0.037563 0.18148
0.46076 0.037529 0.16787
0.45845 0.037564 0.18489
0.44607 0.037567 0.1962
0.44044 0.037578 0.20788
0.45346 0.037601 0.21501
0.43686 0.037639 0.2281
0.43293 0.037678 0.24218
0.45086 0.037635 0.22657
0.43519 0.037713 0.25237
0.43478 0.037717 0.26717
0.45639 0.037724 0.26107
0.45968 0.037784 0.27285
0.43223 0.037772 0.28224
0.44712 0.037829 0.29098
0.45392 0.037926 0.30379
0.43094 0.037879 0.31626
0.42725 0.037901 0.33156
0.45024 0.037964 0.31099
0.44506 0.037936 0.32365
0.42731 0.037991 0.34282
0.41893 0.038081 0.36287
0.45076 0.038085 0.33887
0.44275 0.038178 0.35201
0.43545 0.038267 0.36983
0.39329 0.037305 0.40287
0.38948 0.037042 0.42383
0.42302 0.036857 0.38395
0.40804 0.035187 0.40738
0.37126 0.036862 0.44255
0.3429 0.036122 0.4707
0.35301 0.034274 0.48375
0.33102 0.036303 0.51226
0.34381 0.037045 0.54217
0.33887 0.035526 0.52
0.38677 0.03566 0.56391
0.38801 0.036954 0.58659
0.40023 0.037356 0.60162
0.39652 0.03618 0.58946
0.40902 0.036956 0.6018
0.41487 0.038449 0.61329
0.42269 0.038148 0.60891
0.4296 0.0384 0.62108
0.4237 0.038003 0.63816
0.44089 0.038188 0.62736
0.45136 0.037891 0.63903
0.43215 0.037661 0.65658
0.43167 0.037673 0.66673
0.45063 0.037713 0.65654
0.44922 0.037714 0.66496
0.43423 0.03765 0.68543
0.44289 0.037602 0.69905
0.46319 0.037546 0.69652
0.44014 0.037569 0.71422
0.44555 0.037548 0.7302
0.45512 0.03755 0.71187
0.45965 0.037526 0.73181
0.44832 0.037532 0.74094
0.43676 0.037537 0.76183
0.46097 0.037499 0.74522
0.45728 0.037514 0.76167
0.44112 0.037528 0.77626
0.44247 0.037523 0.79751
0.45539 0.03751 0.7794
0.46606 0.037516 0.79781
0.44412 0.037508 0.82057
0.45532 0.037502 0.81426
0.45508 0.037506 0.82361
0.44553 0.037524 0.83687
0.4383 0.037526 0.86022
0.46407 0.037516 0.83701
0.44047 0.037529 0.87029
0.44093 0.037524 0.89032
0.45346 0.03752 0.88059
0.46093 0.03752 0.89404
0.44735 0.03753 0.91361
0.44728 0.037508 0.9257
0.4605 0.037525 0.91419
0.4561 0.037495 0.93004
0.44438 0.037467 0.947
0.46426 0.037462 0.94329
0.46011 0.033334 0.96319
0.4058 0.037973 0.44287
0.37608 0.038294 0.466
0.37283 0.038164 0.52494
0.37485 0.036235 0.49484
0.48119 0.037547 0.046122
0.4776 0.037549 0.064793
0.49572 0.037541 0.038997
0.4876 0.037547 0.062561
0.46971 0.037545 0.081931
0.47202 0.037596 0.094306
0.49143 0.037544 0.073409
0.48979 0.037546 0.093595
0.47739 0.0376 0.10991
0.47128 0.037705 0.11527
0.48301 0.037544 0.10456
0.49297 0.037541 0.12272
0.47083 0.037671 0.13005
0.49132 0.037572 0.14637
0.46956 0.037546 0.16414
0.47726 0.037568 0.17828
0.48668 0.037579 0.16179
0.47864 0.037582 0.19427
0.47549 0.037601 0.2108
0.49044 0.037583 0.19214
0.49073 0.037594 0.20876
0.47234 0.03765 0.23178
0.47875 0.037665 0.23737
0.48795 0.037642 0.22429
0.49393 0.037654 0.23633
0.46719 0.03773 0.2613
0.48001 0.037746 0.26503
0.49378 0.037724 0.26025
0.49861 0.037793 0.2735
0.47121 0.037873 0.28868
0.47431 0.037955 0.29674
0.48633 0.037964 0.29724
0.46678 0.038067 0.31311
0.4705 0.038305 0.32527
0.48657 0.038122 0.31386
0.48971 0.038344 0.32454
0.46771 0.038403 0.33419
0.47064 0.038606 0.34084
0.48996 0.0388 0.34143
0.45568 0.038219 0.36232
0.47806 0.038562 0.34829
0.47927 0.037829 0.35244
0.43789 0.036155 0.38199
0.43331 0.034604 0.39426
0.46505 0.035617 0.36537
0.46491 0.03433 0.37218
0.42066 0.033582 0.42586
0.43871 0.033362 0.49076
0.397 0.033434 0.51298
0.40313 0.034382 0.57689
0.44748 0.033746 0.59883
0.43868 0.035454 0.60609
0.4824 0.034049 0.59531
0.49527 0.035425 0.60676
0.43968 0.037605 0.6128
0.45645 0.038041 0.61978
0.49132 0.036991 0.61517
0.50305 0.037839 0.6225
0.46119 0.038094 0.6271
0.46571 0.037812 0.64494
0.4835 0.03798 0.62998
0.49864 0.037831 0.64102
0.46352 0.037758 0.6497
0.46654 0.037659 0.66473
0.50002 0.037627 0.65018
0.47498 0.037618 0.67475
0.47322 0.037535 0.70058
0.48589 0.037546 0.67851
0.49316 0.037504 0.69213
0.47855 0.037507 0.71967
0.49332 0.03751 0.70321
0.49473 0.037491 0.72331
0.47882 0.037485 0.74108
0.48022 0.03749 0.75471
0.4959 0.037463 0.74265
0.4974 0.03748 0.75474
0.48191 0.037513 0.76813
0.47274 0.037509 0.79095
0.49348 0.037508 0.7968
0.48059 0.037497 0.82644
0.49552 0.037497 0.80778
0.49331 0.037494 0.82905
0.47858 0.037506 0.84109
0.48063 0.037504 0.85776
0.48747 0.037499 0.85493
0.47739 0.037516 0.87376
0.47464 0.037512 0.88493
0.49526 0.037511 0.87908
0.47035 0.037494 0.92687
0.49202 0.037518 0.90799
0.48714 0.037477 0.92919
0.47689 0.03745 0.94407
0.47683 0.03398 0.9523
0.48815 0.037454 0.93772
0.46457 0.03397 0.4264
0.41081 0.034194 0.48699
0.43603 0.033886 0.50344
0.45726 0.033982 0.55751
0.4599 0.036272 0.39022
0.46907 0.037105 0.38183
0.41283 0.036205 0.44337
0.39789 0.035312 0.46397
0.41379 0.037134 0.4301
0.40291 0.036717 0.45061
0.468 0.034919 0.41071
0.42314 0.03409 0.45419
0.46729 0.036109 0.38982
0.4319 0.033788 0.48574
0.41023 0.034425 0.52337
0.36696 0.03823 0.51994
0.42305 0.03744 0.57696
0.47977 0.03397 0.54504
0.44933 0.035848 0.58191
0.44016 0.033908 0.52832
0.43749 0.03631 0.58643
0.42704 0.037026 0.58222
0.47083 0.036952 0.38317
0.42883 0.036528 0.42416
0.41336 0.034962 0.46946
0.44474 0.035841 0.41705
0.40499 0.035301 0.4727
0.45077 0.037658 0.39452
0.42574 0.034361 0.47354
0.45742 0.035126 0.41915
0.45411 0.034759 0.45793
0.38944 0.036737 0.53449
0.40638 0.037118 0.55141
0.38133 0.036027 0.48823
0.42479 0.03501 0.54187
0.42295 0.034295 0.49796
0.46934 0.034292 0.55558
0.44994 0.034113 0.49793
0.43756 0.034634 0.55665
0.42824 0.036995 0.58186
0.4773 0.0373 0.58381
0.4446 0.034487 0.4427
0.45839 0.034593 0.51984
0.50748 0.037537 0.045515
0.52576 0.03753 0.047513
0.52474 0.037533 0.057293
0.5064 0.037539 0.071806
0.50629 0.037543 0.088578
0.53004 0.037531 0.067801
0.52385 0.037536 0.088618
0.50112 0.037536 0.10621
0.51143 0.037537 0.11596
0.52775 0.037527 0.10825
0.52282 0.037529 0.11467
0.5152 0.037551 0.13618
0.51333 0.037558 0.14655
0.51955 0.037545 0.13494
0.52189 0.037564 0.15707
0.51148 0.037568 0.16232
0.51676 0.037556 0.17677
0.53107 0.037544 0.17376
0.52091 0.037554 0.17771
0.51694 0.037572 0.2008
0.50406 0.037579 0.20699
0.53079 0.037556 0.19733
0.53389 0.037549 0.20941
0.51481 0.037637 0.2294
0.51323 0.037672 0.24241
0.52747 0.037621 0.23179
0.52395 0.037669 0.24531
0.50691 0.03776 0.27124
0.52903 0.037678 0.26011
0.52528 0.037689 0.26663
0.50747 0.037809 0.28292
0.51709 0.037856 0.29799
0.53527 0.037749 0.28396
0.53787 0.037825 0.30028
0.5055 0.038011 0.31115
0.53853 0.037938 0.31452
0.54125 0.037968 0.32152
0.49877 0.038691 0.33952
0.52709 0.038287 0.33019
0.54005 0.038244 0.35045
0.50493 0.038249 0.34533
0.50683 0.037857 0.34769
0.54152 0.037734 0.37691
0.52371 0.035695 0.36457
0.51404 0.034505 0.37027
0.53443 0.035829 0.38661
0.51176 0.034434 0.42689
0.49021 0.033418 0.43919
0.50175 0.033801 0.45003
0.50999 0.033438 0.47687
0.47038 0.03338 0.51876
0.53318 0.033616 0.58713
0.56642 0.033419 0.56023
0.57882 0.034185 0.58688
0.50785 0.035959 0.61167
0.55521 0.035675 0.59793
0.54995 0.036868 0.60628
0.5349 0.037427 0.61693
0.50983 0.038008 0.63492
0.52864 0.037922 0.62368
0.53692 0.037815 0.63492
0.51052 0.037671 0.64707
0.51689 0.037528 0.6585
0.53273 0.037579 0.65211
0.53648 0.037575 0.66085
0.51131 0.037545 0.67591
0.50503 0.037507 0.6895
0.52476 0.03758 0.67245
0.53549 0.03754 0.688
0.50418 0.037485 0.71358
0.51036 0.037483 0.72725
0.52129 0.037485 0.72817
0.509 0.037458 0.74101
0.51008 0.037465 0.75238
0.52823 0.03748 0.73383
0.52135 0.037467 0.75379
0.51618 0.037494 0.76778
0.50659 0.037497 0.79053
0.52815 0.037486 0.7784
0.53248 0.037495 0.79119
0.50789 0.037491 0.80836
0.51316 0.037479 0.81796
0.52474 0.037482 0.81252
0.52513 0.037485 0.82234
0.51179 0.037496 0.85199
0.53244 0.0375 0.85901
0.51008 0.037513 0.8762
0.51552 0.03751 0.89076
0.53115 0.037512 0.8753
0.53183 0.037509 0.89333
0.50247 0.037515 0.91384
0.52101 0.037517 0.91044
0.50482 0.034192 0.95178
0.52816 0.037395 0.9443
0.52606 0.033353 0.9579
0.46933 0.034058 0.5009
0.50613 0.033814 0.5435
0.48594 0.034547 0.40319
0.48517 0.033991 0.47827
0.52061 0.037292 0.40743
0.46666 0.033909 0.4427
0.5236 0.035239 0.51727
0.49165 0.037096 0.45055
0.54277 0.036553 0.51926
0.50641 0.033814 0.52597
0.50601 0.034935 0.57416
0.54993 0.034204 0.55932
0.54199 0.036775 0.57909
0.56877 0.034479 0.55842
0.56495 0.036082 0.58209
0.59085 0.038129 0.55608
0.58623 0.038349 0.57336
0.52366 0.03647 0.58682
0.51497 0.036904 0.39459
0.5159 0.036011 0.40169
0.46063 0.033941 0.47911
0.48846 0.034908 0.42523
0.48349 0.034773 0.46041
0.49089 0.037352 0.45035
0.51865 0.035524 0.49626
0.49709 0.034925 0.48326
0.52399 0.034282 0.53458
0.52368 0.036145 0.56033
0.48891 0.034564 0.5105
0.51412 0.034898 0.55153
0.58655 0.037673 0.56464
0.57753 0.037069 0.57695
0.55258 0.035649 0.53805
0.46886 0.034428 0.45138
0.47891 0.034497 0.46457
0.50015 0.034591 0.51817
0.5415 0.037528 0.054501
0.56398 0.03752 0.036706
0.55968 0.037523 0.063579
0.54361 0.037528 0.093198
0.55562 0.037524 0.071848
0.55635 0.037525 0.08925
0.54391 0.03752 0.10916
0.5486 0.037528 0.12496
0.55372 0.037516 0.1086
0.55395 0.037525 0.12528
0.54476 0.037529 0.13514
0.56479 0.03752 0.13718
0.55773 0.037525 0.14832
0.54864 0.037529 0.17175
0.56742 0.037519 0.17046
0.55104 0.037524 0.2015
0.54361 0.037551 0.21651
0.56892 0.03752 0.20008
0.56423 0.037546 0.22247
0.54874 0.037567 0.22826
0.55966 0.037558 0.22799
0.57284 0.03761 0.25568
0.55053 0.037625 0.26401
0.57248 0.037606 0.27072
0.57132 0.037617 0.27708
0.54933 0.037774 0.29869
0.57603 0.037639 0.29289
0.57046 0.037676 0.30171
0.55728 0.037868 0.31578
0.55503 0.037939 0.33224
0.56924 0.037725 0.32574
0.57093 0.037709 0.34323
0.5467 0.038079 0.33552
0.55123 0.038028 0.36628
0.56372 0.037815 0.35401
0.5397 0.037906 0.38897
0.54064 0.037594 0.40594
0.53709 0.037407 0.41145
0.51842 0.035175 0.4339
0.53876 0.036835 0.43475
0.52515 0.03409 0.46221
0.54463 0.033966 0.49417
0.58422 0.033899 0.53293
0.60596 0.036244 0.53834
0.60505 0.036845 0.56619
0.59346 0.035923 0.58508
0.57149 0.037335 0.59937
0.6 0.03696 0.58133
0.60407 0.037522 0.59026
0.57579 0.037753 0.60292
0.60162 0.037793 0.60803
0.58264 0.037938 0.61498
0.56358 0.037745 0.62242
0.54546 0.037771 0.63508
0.5809 0.037739 0.63982
0.55152 0.037713 0.64804
0.55067 0.037635 0.66617
0.57433 0.037714 0.64452
0.54296 0.037604 0.67292
0.55042 0.037562 0.69548
0.56647 0.037615 0.67665
0.55723 0.037569 0.69614
0.53832 0.037516 0.71105
0.54042 0.037506 0.72658
0.56078 0.037564 0.70453
0.54103 0.037481 0.73823
0.55408 0.037469 0.74708
0.56419 0.037483 0.7615
0.53957 0.037487 0.76875
0.54327 0.037498 0.79275
0.56459 0.037477 0.77996
0.56422 0.037505 0.79698
0.54832 0.037508 0.80415
0.54305 0.037493 0.82887
0.55492 0.037506 0.80663
0.55578 0.037494 0.82531
0.54009 0.037494 0.84746
0.55354 0.037496 0.8461
0.56042 0.037502 0.86158
0.54177 0.037506 0.88603
0.55662 0.037506 0.88041
0.56441 0.037508 0.88803
0.54688 0.037515 0.90792
0.53731 0.037461 0.92856
0.55913 0.037517 0.91124
0.55527 0.037469 0.92817
0.54391 0.037411 0.94349
0.54794 0.03334 0.95978
0.5633 0.037429 0.94066
0.55428 0.03381 0.95279
0.54906 0.036327 0.52426
0.56769 0.036489 0.53679
0.57674 0.037517 0.045175
0.58722 0.037515 0.040722
0.5954 0.037515 0.063231
0.57287 0.037516 0.095849
0.58962 0.037514 0.073688
0.59623 0.037512 0.095082
0.57221 0.037509 0.11152
0.57717 0.037517 0.12642
0.59496 0.037508 0.10599
0.58767 0.037509 0.11769
0.58336 0.037513 0.1446
0.60013 0.037508 0.13772
0.59482 0.037514 0.15547
0.58145 0.037506 0.17464
0.57459 0.037514 0.18436
0.59023 0.037499 0.17749
0.60046 0.037495 0.18471
0.5762 0.037533 0.21872
0.59581 0.03751 0.21095
0.58167 0.037562 0.23863
0.58172 0.0376 0.25623
0.60557 0.037527 0.23682
0.59851 0.037575 0.25801
0.58964 0.037616 0.26399
0.60098 0.037712 0.2734
0.60469 0.037894 0.28612
0.58244 0.037608 0.293
0.5866 0.037615 0.3074
0.60261 0.037729 0.30064
0.59755 0.037604 0.31152
0.58071 0.037623 0.33027
0.59652 0.037501 0.3438
0.59456 0.037479 0.35862
0.57257 0.037623 0.36402
0.56104 0.037407 0.39682
0.57905 0.037448 0.38377
0.55327 0.0371 0.41712
0.55156 0.03711 0.4317
0.57541 0.037421 0.4165
0.54511 0.037308 0.44336
0.54182 0.03738 0.46265
0.54761 0.037454 0.45168
0.54745 0.03726 0.46086
0.55271 0.036674 0.48835
0.57761 0.03736 0.50571
0.55465 0.03699 0.47875
0.58043 0.037528 0.50314
0.609 0.037592 0.53117
0.61682 0.038187 0.54918
0.60637 0.037622 0.52149
0.62129 0.038276 0.55213
0.61269 0.037885 0.56494
0.60608 0.037751 0.59595
0.62216 0.038163 0.56249
0.61787 0.037999 0.58223
0.6128 0.038059 0.61023
0.6193 0.03811 0.60616
0.62198 0.038128 0.62654
0.60345 0.037948 0.63404
0.59615 0.037806 0.64056
0.62187 0.038201 0.64677
0.58709 0.037682 0.65117
0.58019 0.037605 0.66878
0.62016 0.037993 0.65836
0.60234 0.037655 0.66875
0.58402 0.037605 0.67843
0.59469 0.037622 0.67645
0.59213 0.037606 0.69169
0.57245 0.03753 0.72326
0.59201 0.037543 0.72199
0.57324 0.037507 0.73547
0.59737 0.037483 0.74746
0.59252 0.037489 0.76329
0.57124 0.037485 0.78736
0.59179 0.037503 0.7972
0.57869 0.03751 0.80068
0.57704 0.037492 0.81812
0.59034 0.037498 0.8141
0.57795 0.037501 0.84305
0.59679 0.037507 0.84435
0.5734 0.037509 0.87098
0.59639 0.037516 0.89439
0.5736 0.037518 0.90984
0.59264 0.03752 0.9082
0.57379 0.037412 0.94672
0.57695 0.034143 0.95197
0.59116 0.037443 0.94214
0.58584 0.033334 0.96319
0.61091 0.037514 0.045429
0.6133 0.037513 0.062422
0.63121 0.037513 0.042711
0.63316 0.037513 0.053971
0.61677 0.037511 0.075974
0.60506 0.037514 0.088143
0.63354 0.037509 0.080481
0.62858 0.037512 0.086781
0.61261 0.037506 0.11243
0.61133 0.037508 0.12846
0.62415 0.037506 0.10585
0.63059 0.037503 0.12568
0.60557 0.037507 0.13309
0.61728 0.0375 0.16181
0.63057 0.037498 0.13608
0.63145 0.037494 0.1511
0.6104 0.037492 0.1737
0.61765 0.037487 0.18697
0.63044 0.037491 0.16927
0.61709 0.037488 0.20923
0.61171 0.037515 0.22779
0.62633 0.03748 0.2136
0.62696 0.037494 0.22685
0.61045 0.037496 0.25413
0.62576 0.03748 0.24688
0.62727 0.037507 0.25879
0.62386 0.037746 0.28231
0.61074 0.037484 0.31696
0.62026 0.037692 0.29993
0.62401 0.037425 0.33881
0.6173 0.037427 0.34598
0.61358 0.037339 0.37702
0.59035 0.0374 0.38386
0.58483 0.037499 0.40924
0.60255 0.037321 0.38442
0.59654 0.037559 0.40839
0.56773 0.037183 0.43917
0.5824 0.037138 0.43657
0.56714 0.036965 0.45129
0.56477 0.036826 0.47428
0.5766 0.036887 0.4576
0.58138 0.036919 0.46136
0.58921 0.037247 0.49609
0.59252 0.037088 0.48141
0.60839 0.037272 0.49902
0.61559 0.037616 0.51393
0.62785 0.03828 0.54399
0.6252 0.037557 0.51027
0.63369 0.037946 0.53463
0.63486 0.038212 0.55693
0.63496 0.038015 0.57934
0.64419 0.038084 0.5557
0.64178 0.038051 0.57452
0.63459 0.038011 0.5956
0.64497 0.037995 0.60479
0.63363 0.038214 0.64033
0.64848 0.037963 0.6405
0.62803 0.038218 0.65816
0.61702 0.03781 0.67013
0.63637 0.037835 0.67751
0.63723 0.037703 0.6857
0.60874 0.037607 0.70437
0.60661 0.037545 0.72196
0.62828 0.037534 0.72536
0.61093 0.037509 0.74097
0.60563 0.037483 0.75383
0.62536 0.0375 0.74438
0.62519 0.037486 0.75233
0.60956 0.037485 0.77956
0.61088 0.037487 0.78586
0.62626 0.037488 0.77955
0.62863 0.03749 0.78668
0.6035 0.037512 0.80227
0.6065 0.03751 0.83112
0.62884 0.037513 0.80539
0.63274 0.037516 0.82836
0.60716 0.037514 0.83834
0.60267 0.037506 0.85299
0.62527 0.037519 0.84263
0.623 0.037513 0.85656
0.60994 0.037515 0.86997
0.60487 0.037516 0.89049
0.61912 0.037519 0.87856
0.62906 0.037522 0.88838
0.60763 0.037523 0.90916
0.60843 0.037502 0.9265
0.62006 0.037505 0.92795
0.61022 0.037471 0.94513
0.62214 0.037487 0.93778
0.62825 0.033334 0.96438
0.64037 0.037512 0.047079
0.65524 0.037513 0.03841
0.65727 0.03751 0.064273
0.6478 0.037508 0.079893
0.64177 0.037506 0.096634
0.66499 0.037508 0.074315
0.66789 0.037508 0.086125
0.65741 0.037499 0.111
0.65004 0.037492 0.16206
0.65998 0.037492 0.14348
0.66137 0.037491 0.1617
0.64566 0.037485 0.17132
0.64725 0.037481 0.19567
0.66033 0.037475 0.17882
0.65691 0.03747 0.1861
0.64693 0.037477 0.20288
0.64424 0.037471 0.22045
0.6659 0.037467 0.206
0.66469 0.037466 0.22276
0.63937 0.03748 0.24445
0.64279 0.037478 0.26552
0.65486 0.037424 0.2696
0.63298 0.037564 0.28286
0.63188 0.03754 0.29638
0.66071 0.037366 0.28275
0.64901 0.037354 0.29277
0.6373 0.037407 0.31789
0.64873 0.037392 0.34014
0.62969 0.037414 0.34725
0.6229 0.037276 0.38023
0.64812 0.037359 0.35096
0.6438 0.037258 0.37605
0.61013 0.037399 0.41084
0.62109 0.037267 0.40623
0.60841 0.037181 0.43647
0.62268 0.03717 0.42554
0.62191 0.037169 0.43586
0.59895 0.037066 0.4546
0.61044 0.037054 0.46719
0.62501 0.03714 0.45277
0.618 0.037151 0.4856
0.62153 0.037189 0.49217
0.63033 0.037176 0.48401
0.64224 0.037296 0.49775
0.63318 0.037436 0.50673
0.64407 0.037722 0.52662
0.65158 0.037466 0.51155
0.66617 0.037613 0.52825
0.66631 0.037813 0.55346
0.66978 0.037808 0.57102
0.66174 0.0379 0.58318
0.66786 0.037818 0.60379
0.68235 0.037793 0.60453
0.66258 0.037783 0.63487
0.67873 0.037772 0.6179
0.66921 0.037768 0.63926
0.65496 0.037933 0.65272
0.67564 0.037714 0.65211
0.65178 0.037563 0.69179
0.65752 0.037724 0.67463
0.6585 0.037583 0.68676
0.6444 0.037473 0.70743
0.64146 0.037506 0.72435
0.65809 0.037464 0.71246
0.6676 0.037489 0.72492
0.64713 0.037502 0.73516
0.6415 0.03749 0.75403
0.66073 0.037499 0.74227
0.65737 0.037487 0.75254
0.63703 0.037491 0.77767
0.64648 0.037493 0.78996
0.65523 0.037492 0.77281
0.65532 0.037498 0.79401
0.64626 0.037509 0.80738
0.64292 0.037517 0.82841
0.66286 0.037515 0.81082
0.66465 0.037523 0.82992
0.64452 0.037522 0.83595
0.64408 0.037521 0.85273
0.65449 0.037528 0.84085
0.66 0.037529 0.86238
0.64811 0.037527 0.88003
0.64801 0.037527 0.88797
0.65483 0.037529 0.8812
0.66325 0.037534 0.8934
0.64417 0.037533 0.90752
0.63668 0.037499 0.92705
0.66294 0.037537 0.90254
0.65921 0.037528 0.9184
0.63553 0.037461 0.94165
0.6412 0.03366 0.95352
0.65649 0.037447 0.93958
0.66449 0.033498 0.95466
0.68241 0.037512 0.045174
0.68455 0.037511 0.052012
0.70099 0.037512 0.040702
0.69228 0.037511 0.059579
0.69988 0.03751 0.072554
0.69837 0.037508 0.093061
0.67238 0.037503 0.10319
0.67283 0.037499 0.12516
0.67636 0.037493 0.14308
0.67851 0.037492 0.16021
0.68174 0.037478 0.1728
0.69423 0.037472 0.1774
0.68108 0.037455 0.21152
0.67187 0.037461 0.22322
0.6956 0.037443 0.21842
0.68735 0.037439 0.23204
0.67498 0.037426 0.24698
0.68571 0.0374 0.25329
0.69132 0.037395 0.25839
0.67193 0.03735 0.2971
0.68979 0.037347 0.28692
0.68149 0.03734 0.2957
0.66263 0.037363 0.33484
0.68196 0.037336 0.32368
0.68069 0.037334 0.3306
0.66777 0.03729 0.35017
0.65897 0.037254 0.36481
0.6738 0.037259 0.35923
0.6676 0.037219 0.37372
0.64898 0.037175 0.3888
0.64279 0.037129 0.40104
0.66894 0.037189 0.39151
0.66795 0.037185 0.40102
0.64921 0.037128 0.41766
0.64293 0.037154 0.43801
0.66316 0.037179 0.41737
0.67118 0.037192 0.43235
0.64661 0.037153 0.46774
0.66901 0.037181 0.45214
0.6533 0.037214 0.48213
0.66607 0.037282 0.49321
0.68033 0.037263 0.47886
0.68682 0.037358 0.49727
0.66607 0.037491 0.51285
0.67241 0.037598 0.52952
0.69087 0.037498 0.52077
0.67636 0.037639 0.53901
0.68666 0.037674 0.56627
0.69297 0.037552 0.53721
0.70385 0.037611 0.56669
0.69163 0.037756 0.60671
0.70298 0.037636 0.57835
0.71615 0.037665 0.60228
0.69981 0.037696 0.61241
0.70979 0.03766 0.62004
0.7103 0.037633 0.63562
0.68777 0.037656 0.65254
0.68534 0.037629 0.66031
0.70279 0.037635 0.64483
0.7015 0.037591 0.65956
0.6772 0.037517 0.69365
0.69459 0.037513 0.68774
0.68274 0.03751 0.71167
0.67344 0.037495 0.72326
0.68926 0.037515 0.70315
0.67883 0.037501 0.74773
0.67201 0.037499 0.76327
0.6949 0.03751 0.73968
0.69861 0.037514 0.76147
0.6752 0.037504 0.77188
0.6773 0.037507 0.79092
0.69313 0.037515 0.7708
0.68719 0.037517 0.79857
0.67296 0.037517 0.80601
0.68643 0.037521 0.80418
0.68844 0.037528 0.82719
0.68045 0.037531 0.84822
0.69425 0.037535 0.83794
0.6873 0.037537 0.86478
0.68033 0.037537 0.87089
0.69077 0.03754 0.86989
0.69125 0.037543 0.89409
0.67885 0.037543 0.90809
0.66958 0.037482 0.93036
0.68947 0.037486 0.9296
0.68046 0.037431 0.94228
0.6818 0.033334 0.9634
0.6956 0.033361 0.95757
0.71075 0.037513 0.037484
0.70973 0.037512 0.055169
0.72631 0.037515 0.042707
0.72889 0.037513 0.06136
0.71239 0.037509 0.077126
0.72978 0.03751 0.076538
0.71261 0.037503 0.10267
0.70907 0.037496 0.12855
0.72756 0.037496 0.11419
0.73128 0.037494 0.12975
0.70671 0.037483 0.16081
0.7332 0.037489 0.14954
0.73082 0.037484 0.16225
0.70713 0.037469 0.17975
0.70475 0.037459 0.19753
0.72285 0.037477 0.17161
0.73152 0.037468 0.19056
0.70649 0.037452 0.20525
0.70536 0.037438 0.22499
0.72102 0.037445 0.21368
0.71066 0.037408 0.25263
0.72874 0.037395 0.25945
0.71148 0.037371 0.2767
0.70879 0.03735 0.29822
0.69478 0.037346 0.31556
0.69965 0.037316 0.33838
0.72187 0.037335 0.31578
0.70754 0.037309 0.33936
0.70005 0.037298 0.34511
0.69612 0.037247 0.36859
0.71255 0.037303 0.34525
0.7155 0.037281 0.36713
0.6953 0.03721 0.38728
0.68205 0.037205 0.39903
0.70621 0.037244 0.37916
0.69966 0.037214 0.40208
0.68637 0.037206 0.42052
0.71112 0.037267 0.40975
0.70032 0.037236 0.42726
0.69094 0.037202 0.44102
0.68504 0.037225 0.46462
0.7091 0.037287 0.44596
0.70598 0.037285 0.46105
0.69404 0.037252 0.47233
0.69779 0.037308 0.49017
0.70165 0.037273 0.47005
0.71233 0.037355 0.49143
0.71306 0.037399 0.5072
0.72179 0.037434 0.52051
0.7109 0.037533 0.54624
0.72786 0.037474 0.5446
0.73629 0.037493 0.56622
0.73154 0.037754 0.6045
0.73864 0.037502 0.5806
0.73653 0.037633 0.59304
0.72569 0.037682 0.63002
0.73783 0.037917 0.61145
0.74108 0.037815 0.62834
0.72087 0.037594 0.64855
0.72408 0.03757 0.65519
0.73387 0.037608 0.64238
0.7339 0.037566 0.66244
0.71773 0.037525 0.68299
0.71266 0.037523 0.69178
0.72945 0.037555 0.67446
0.73181 0.037536 0.68896
0.71833 0.037522 0.71127
0.70591 0.037515 0.72418
0.72273 0.037518 0.72058
0.70916 0.037518 0.74086
0.70837 0.037516 0.7553
0.73017 0.037524 0.73892
0.72594 0.03752 0.75787
0.71256 0.03753 0.77509
0.70334 0.037523 0.79127
0.72436 0.037532 0.77429
0.71266 0.037534 0.81449
0.70333 0.037533 0.82622
0.72531 0.037537 0.80325
0.71551 0.037543 0.83602
0.70325 0.037542 0.85874
0.7219 0.037545 0.83637
0.71021 0.037548 0.88091
0.70419 0.037546 0.88558
0.72035 0.037552 0.87232
0.73243 0.037559 0.89584
0.70314 0.037551 0.90875
0.71439 0.037547 0.91815
0.73069 0.037561 0.90546
0.70993 0.033341 0.95971
0.73196 0.037452 0.9403
0.74021 0.037517 0.043727
0.74285 0.037516 0.057838
0.76241 0.037517 0.059174
0.75724 0.037511 0.078095
0.75493 0.037508 0.09235
0.76533 0.037506 0.10621
0.75527 0.037501 0.11996
0.74337 0.03749 0.14888
0.73949 0.037489 0.15481
0.75657 0.037495 0.13669
0.76414 0.037484 0.16062
0.74041 0.037477 0.1745
0.74535 0.037461 0.1983
0.75593 0.037469 0.18146
0.754 0.037459 0.19656
0.74841 0.037448 0.2103
0.74157 0.037423 0.23583
0.75903 0.037432 0.22943
0.74018 0.037404 0.24966
0.7627 0.03742 0.24016
0.74281 0.037371 0.27504
0.73008 0.03735 0.29214
0.7569 0.037374 0.27823
0.73041 0.037328 0.33427
0.74573 0.037342 0.30883
0.74644 0.037334 0.33037
0.72651 0.037316 0.34657
0.72346 0.037289 0.37172
0.74544 0.037313 0.3515
0.74876 0.037307 0.36269
0.73249 0.037267 0.38516
0.72736 0.037266 0.39344
0.75075 0.037298 0.38062
0.73978 0.03727 0.39497
0.72425 0.037276 0.40795
0.72259 0.037287 0.43331
0.74563 0.037287 0.41561
0.7197 0.037297 0.44508
0.72163 0.037315 0.46295
0.74326 0.037291 0.44509
0.74747 0.037304 0.45525
0.73321 0.037305 0.46938
0.72634 0.037346 0.48768
0.7518 0.037335 0.47461
0.75129 0.037344 0.48465
0.75269 0.037377 0.50631
0.74974 0.037401 0.52872
0.73897 0.037448 0.54325
0.74265 0.037466 0.56278
0.75471 0.037425 0.53955
0.7644 0.037454 0.55543
0.75228 0.03747 0.58623
0.75659 0.037736 0.60448
0.75986 0.037754 0.60827
0.74643 0.037625 0.64154
0.74634 0.037573 0.66006
0.76319 0.0376 0.64256
0.74923 0.037585 0.67455
0.74587 0.037556 0.69448
0.76592 0.037563 0.68259
0.74885 0.037548 0.71382
0.74531 0.037536 0.73289
0.74466 0.037525 0.75027
0.74155 0.037525 0.75462
0.75982 0.037532 0.75745
0.74636 0.03754 0.77573
0.7452 0.037543 0.79449
0.75504 0.037537 0.77109
0.74944 0.037548 0.81462
0.74885 0.037552 0.83229
0.75706 0.037549 0.8058
0.76283 0.037553 0.824
0.73947 0.037556 0.85945
0.75721 0.037559 0.84752
0.74438 0.037559 0.86893
0.7404 0.037562 0.89775
0.75702 0.037564 0.87815
0.7564 0.037566 0.89298
0.74722 0.037566 0.90212
0.76265 0.037572 0.9092
0.75529 0.037523 0.92884
0.73768 0.037463 0.93922
0.73946 0.033361 0.95766
0.76421 0.033337 0.9607
0.77383 0.03752 0.044146
0.78216 0.03752 0.052831
0.79653 0.037523 0.047721
0.7994 0.037521 0.063889
0.77747 0.037516 0.069386
0.79151 0.037513 0.091517
0.78205 0.037506 0.11531
0.78099 0.037499 0.13115
0.7927 0.037508 0.11182
0.79624 0.037504 0.12632
0.78185 0.037491 0.14622
0.77896 0.037484 0.15981
0.78873 0.037495 0.139
0.78962 0.037482 0.16442
0.77861 0.03747 0.18034
0.79776 0.037482 0.17081
0.78595 0.03746 0.19906
0.77693 0.037452 0.21054
0.77881 0.037436 0.23225
0.79252 0.037453 0.21514
0.78786 0.037439 0.23099
0.76967 0.037421 0.24248
0.76756 0.037394 0.26861
0.7871 0.03743 0.2408
0.78653 0.037415 0.25898
0.78777 0.037401 0.28082
0.76063 0.03735 0.31921
0.76588 0.037348 0.3342
0.7919 0.037377 0.30624
0.77846 0.037345 0.32799
0.76544 0.037335 0.35051
0.76326 0.037325 0.36627
0.77653 0.037335 0.34286
0.77485 0.037325 0.36197
0.76527 0.037316 0.38102
0.76869 0.037308 0.39655
0.78381 0.03733 0.37886
0.78393 0.037328 0.39671
0.76666 0.037307 0.41077
0.76278 0.037307 0.42523
0.77519 0.037316 0.4079
0.78024 0.037326 0.43009
0.76227 0.037315 0.4452
0.77848 0.037328 0.44739
0.77606 0.037323 0.45173
0.75941 0.037336 0.47121
0.7668 0.037346 0.4864
0.77988 0.037342 0.46937
0.7897 0.037376 0.49086
0.77445 0.037371 0.51069
0.78383 0.037377 0.50711
0.79309 0.037413 0.52816
0.76996 0.037454 0.55915
0.78835 0.037414 0.53372
0.79296 0.037444 0.5613
0.77769 0.037459 0.57945
0.77506 0.037492 0.591
0.79156 0.037452 0.57727
0.78082 0.037477 0.60431
0.78938 0.037473 0.60559
0.77331 0.037602 0.6374
0.7746 0.037573 0.65819
0.7968 0.037556 0.64408
0.79216 0.037555 0.66494
0.77565 0.037559 0.68294
0.77742 0.037552 0.69122
0.79796 0.037548 0.68124
0.79745 0.037546 0.68646
0.78141 0.037541 0.71072
0.77122 0.037543 0.73198
0.78775 0.037543 0.73323
0.77776 0.037547 0.74174
0.78107 0.037543 0.76422
0.79806 0.037548 0.74183
0.79604 0.037558 0.79458
0.77143 0.037554 0.81572
0.77775 0.037559 0.83058
0.78799 0.037558 0.80625
0.79816 0.037566 0.83062
0.77675 0.037565 0.85304
0.78821 0.037566 0.84204
0.77855 0.037571 0.87711
0.77233 0.037572 0.89521
0.79591 0.037578 0.89206
0.77763 0.037531 0.93098
0.79213 0.037581 0.91298
0.78202 0.037485 0.94776
0.77312 0.033334 0.96304
0.79146 0.037498 0.94126
0.79663 0.033412 0.95606
0.80393 0.037525 0.046996
0.80454 0.037524 0.054474
0.82969 0.037529 0.047161
0.8321 0.037529 0.052485
0.8038 0.037519 0.077833
0.80525 0.037516 0.093451
0.82872 0.037524 0.073608
0.8216 0.037519 0.090572
0.81033 0.037514 0.10595
0.80891 0.037508 0.12413
0.8205 0.037515 0.1089
0.82735 0.03751 0.12639
0.8272 0.037504 0.14174
0.81913 0.037487 0.17639
0.8188 0.037481 0.18839
0.8089 0.037463 0.20967
0.80154 0.03745 0.22561
0.82971 0.037466 0.2153
0.82583 0.037458 0.22548
0.80197 0.037439 0.24139
0.80434 0.037428 0.26193
0.82621 0.037436 0.26125
0.81112 0.037416 0.28491
0.80561 0.037409 0.294
0.82716 0.037422 0.28126
0.81926 0.037406 0.2972
0.80876 0.03739 0.30676
0.80188 0.037366 0.32313
0.82049 0.037395 0.30777
0.81197 0.037366 0.33186
0.7977 0.03735 0.34754
0.80218 0.037349 0.35687
0.81222 0.037357 0.3494
0.79573 0.03734 0.38106
0.79412 0.037339 0.39908
0.82056 0.037348 0.38033
0.79436 0.037343 0.41099
0.79505 0.03735 0.4288
0.81387 0.037341 0.42353
0.79589 0.037353 0.44236
0.80606 0.037345 0.45368
0.82117 0.037351 0.43892
0.7987 0.037369 0.47103
0.79536 0.037385 0.49089
0.79716 0.0374 0.50974
0.80804 0.037393 0.51867
0.82004 0.03739 0.51865
0.8077 0.037437 0.55373
0.81748 0.037422 0.54957
0.81033 0.037471 0.59652
0.83008 0.037458 0.57612
0.82565 0.037466 0.59343
0.81329 0.037474 0.61208
0.81512 0.037496 0.62716
0.82805 0.037472 0.60656
0.82237 0.037485 0.62383
0.80882 0.03755 0.64591
0.80953 0.03755 0.65287
0.82311 0.037501 0.63506
0.81498 0.037541 0.66884
0.80793 0.037548 0.69882
0.82603 0.037539 0.68698
0.81029 0.037548 0.71044
0.82466 0.037543 0.70918
0.80675 0.03755 0.73702
0.80749 0.037554 0.76257
0.83287 0.037553 0.74099
0.83333 0.037557 0.75604
0.80441 0.037555 0.77563
0.80795 0.037562 0.79688
0.8319 0.037562 0.77914
0.82559 0.037563 0.79364
0.81061 0.037566 0.80629
0.82498 0.037574 0.82694
0.8047 0.037572 0.84689
0.81114 0.037577 0.85962
0.82993 0.037578 0.84285
0.82948 0.037582 0.86194
0.81502 0.037581 0.87196
0.80455 0.037581 0.89074
0.82659 0.037586 0.88073
0.80624 0.037584 0.90587
0.80527 0.037568 0.92106
0.81904 0.037588 0.90708
0.80529 0.037499 0.93768
0.813 0.033337 0.9611
0.82763 0.03746 0.94783
0.8213 0.033334 0.96336
0.8428 0.03753 0.044848
0.83971 0.037529 0.055102
0.86179 0.037532 0.045002
0.84558 0.037526 0.079549
0.84901 0.037524 0.091805
0.85249 0.037527 0.074671
0.85422 0.037525 0.090049
0.85573 0.037519 0.10876
0.85492 0.037512 0.13255
0.83961 0.037504 0.1476
0.84619 0.0375 0.16001
0.85891 0.037509 0.14291
0.85272 0.037504 0.15319
0.83672 0.037488 0.18246
0.83896 0.037483 0.19337
0.85622 0.037491 0.18229
0.8639 0.037484 0.19733
0.84757 0.037475 0.21012
0.83498 0.037458 0.23115
0.85897 0.037476 0.21198
0.8505 0.037462 0.23227
0.84489 0.037453 0.24651
0.85462 0.037455 0.24686
0.85639 0.03745 0.25746
0.85229 0.037433 0.27598
0.85364 0.03742 0.29626
0.83702 0.0374 0.31605
0.8298 0.037388 0.3255
0.85573 0.037415 0.30817
0.84997 0.037403 0.32069
0.83305 0.037378 0.35476
0.85082 0.037395 0.34236
0.85872 0.037392 0.36043
0.83601 0.037371 0.37978
0.84567 0.037377 0.37794
0.85483 0.037381 0.39
0.83973 0.037368 0.40898
0.84105 0.037366 0.42158
0.84583 0.037372 0.4038
0.85553 0.037378 0.42843
0.83312 0.037365 0.43997
0.82758 0.037361 0.45478
0.84811 0.037369 0.44383
0.85387 0.037377 0.45795
0.83183 0.037372 0.47468
0.83749 0.037381 0.48849
0.83764 0.037396 0.50947
0.8453 0.037409 0.52752
0.86162 0.037416 0.51856
0.84194 0.037422 0.53793
0.84383 0.037436 0.55334
0.86041 0.037429 0.53837
0.85821 0.037437 0.55123
0.8466 0.037451 0.57303
0.83972 0.037476 0.59288
0.8608 0.037451 0.57168
0.85357 0.037461 0.5886
0.84865 0.037486 0.61898
0.8585 0.037472 0.60011
0.85351 0.037491 0.62962
0.84866 0.037508 0.65889
0.86363 0.037498 0.63788
0.85793 0.03751 0.66248
0.84777 0.037523 0.67927
0.83915 0.037533 0.68884
0.86006 0.037516 0.67138
0.86275 0.03753 0.69683
0.84042 0.037539 0.70733
0.84685 0.037546 0.72555
0.85472 0.037531 0.70369
0.85542 0.037544 0.72835
0.84425 0.037552 0.73849
0.84141 0.03756 0.7649
0.85691 0.037558 0.76057
0.83777 0.037568 0.79556
0.86054 0.037563 0.77142
0.86461 0.03757 0.79062
0.84101 0.037574 0.81538
0.86319 0.037575 0.80508
0.86004 0.037579 0.82257
0.84291 0.037581 0.84305
0.85969 0.037583 0.83883
0.8607 0.037588 0.85642
0.84534 0.037591 0.87523
0.84087 0.037592 0.89615
0.85933 0.037592 0.86943
0.84428 0.037589 0.91817
0.86308 0.037598 0.90482
0.85459 0.037583 0.92123
0.84875 0.037537 0.93525
0.84186 0.033339 0.96034
0.86198 0.037549 0.93481
0.86025 0.033334 0.9635
0.86942 0.037533 0.039175
0.87113 0.037532 0.061333
0.88589 0.037535 0.03999
0.88736 0.037535 0.052109
0.88065 0.037532 0.076876
0.88113 0.037528 0.092654
0.89573 0.037533 0.078967
0.88989 0.037531 0.086455
0.88036 0.037523 0.10951
0.88103 0.037518 0.12843
0.88951 0.037522 0.1194
0.87408 0.037513 0.13888
0.8812 0.037507 0.15917
0.89283 0.037514 0.14855
0.88784 0.037506 0.16291
0.87498 0.037489 0.19217
0.89188 0.037503 0.17052
0.89582 0.037495 0.19053
0.87002 0.037482 0.20528
0.87527 0.037476 0.22106
0.88901 0.037483 0.21213
0.88468 0.037477 0.22346
0.86721 0.037464 0.23898
0.86921 0.037441 0.27639
0.87088 0.037433 0.29142
0.89514 0.037452 0.27037
0.88704 0.037438 0.29326
0.86602 0.03742 0.31615
0.87603 0.037426 0.3239
0.88366 0.037434 0.30433
0.88222 0.037428 0.3207
0.87249 0.037409 0.34578
0.88935 0.037417 0.34017
0.89443 0.037411 0.35344
0.87208 0.037393 0.38009
0.86409 0.037386 0.38782
0.88761 0.0374 0.37218
0.89056 0.037396 0.39242
0.86656 0.037388 0.40732
0.86897 0.03739 0.41958
0.89162 0.037396 0.41269
0.88684 0.037394 0.41838
0.87632 0.037393 0.4405
0.88093 0.037395 0.45018
0.87667 0.037406 0.47847
0.87514 0.037415 0.49309
0.88218 0.037413 0.49129
0.8659 0.037412 0.50285
0.87449 0.037435 0.52727
0.88584 0.037424 0.51067
0.8879 0.03743 0.52338
0.87098 0.037438 0.53724
0.8877 0.037437 0.53539
0.89236 0.037445 0.54956
0.87711 0.037458 0.57163
0.87542 0.037473 0.59448
0.88968 0.037455 0.57204
0.88698 0.03747 0.59529
0.87465 0.037479 0.60285
0.8805 0.037495 0.62864
0.8868 0.037477 0.60643
0.88654 0.037488 0.62378
0.879 0.037508 0.64665
0.88822 0.037501 0.64434
0.89152 0.037509 0.65667
0.8719 0.03752 0.6731
0.89823 0.037533 0.69582
0.87161 0.037541 0.71164
0.88039 0.03755 0.72895
0.89492 0.037537 0.70229
0.89031 0.037545 0.7215
0.87327 0.037554 0.74428
0.87185 0.037561 0.764
0.88715 0.037553 0.74211
0.89764 0.037561 0.76302
0.87424 0.037568 0.77943
0.87832 0.037574 0.7963
0.89002 0.03757 0.78702
0.87125 0.037579 0.81469
0.87734 0.037583 0.82382
0.88901 0.037577 0.80381
0.87657 0.037586 0.83957
0.88122 0.037594 0.86282
0.89433 0.037588 0.83861
0.88613 0.037592 0.85791
0.87434 0.037599 0.89039
0.8918 0.037596 0.86899
0.89478 0.037602 0.88903
0.87967 0.037602 0.90278
0.8809 0.037577 0.92841
0.89283 0.037604 0.90929
0.89637 0.037567 0.93002
0.87197 0.037543 0.94042
0.89779 0.033337 0.96101
0.9049 0.037538 0.037568
0.91179 0.037539 0.054426
0.92206 0.037519 0.038895
0.9148 0.037537 0.075909
0.9035 0.037532 0.0911
0.92832 0.037492 0.095335
0.91106 0.037528 0.10977
0.90914 0.037522 0.13044
0.92069 0.037516 0.10454
0.92316 0.037505 0.11918
0.90513 0.037519 0.13587
0.90742 0.037512 0.16002
0.92161 0.037502 0.14031
0.91277 0.037501 0.18956
0.92713 0.03748 0.17286
0.92977 0.037457 0.19774
0.91359 0.037493 0.20691
0.91099 0.037484 0.22409
0.92606 0.037454 0.21086
0.91772 0.037475 0.22801
0.90677 0.037467 0.24832
0.92652 0.037442 0.24462
0.92024 0.037451 0.25788
0.9063 0.037454 0.27195
0.92973 0.037412 0.28132
0.92858 0.037408 0.29551
0.90852 0.037429 0.32689
0.92108 0.037423 0.3039
0.91958 0.037417 0.32358
0.90037 0.037422 0.33769
0.90309 0.037411 0.36239
0.92664 0.0374 0.33819
0.91621 0.037411 0.35659
0.90177 0.037408 0.37264
0.9066 0.037406 0.39126
0.92153 0.037378 0.39557
0.9214 0.037375 0.40322
0.92753 0.037355 0.42958
0.90081 0.037402 0.45371
0.92373 0.037367 0.43436
0.90371 0.037417 0.47867
0.90111 0.037423 0.49429
0.92418 0.037372 0.47066
0.92149 0.037389 0.48447
0.90811 0.037429 0.50188
0.90937 0.037436 0.5215
0.92578 0.037386 0.51087
0.92319 0.037398 0.51789
0.92174 0.037411 0.53628
0.9239 0.037416 0.55286
0.91296 0.037477 0.594
0.9236 0.037447 0.57356
0.92758 0.037459 0.59343
0.90871 0.037482 0.60324
0.90379 0.037491 0.62052
0.92082 0.037474 0.6043
0.92259 0.037477 0.61678
0.90248 0.037502 0.6419
0.93122 0.037447 0.64562
0.92202 0.037491 0.6615
0.91254 0.037524 0.68641
0.92399 0.03749 0.67953
0.9273 0.037481 0.69445
0.91181 0.037535 0.70347
0.92187 0.037511 0.70756
0.90893 0.037552 0.73986
0.91237 0.037559 0.75925
0.91912 0.037537 0.7359
0.91859 0.037553 0.76442
0.91364 0.037564 0.77155
0.91268 0.03757 0.78812
0.92524 0.037538 0.77573
0.92599 0.037542 0.79539
0.90424 0.037581 0.81551
0.91159 0.037583 0.82197
0.9204 0.037561 0.80289
0.9181 0.037577 0.82584
0.90548 0.037591 0.84515
0.90588 0.037596 0.86186
0.92294 0.037556 0.83582
0.91863 0.037587 0.86139
0.91135 0.037599 0.87279
0.91867 0.037591 0.87144
0.93018 0.037557 0.88911
0.90703 0.037604 0.90941
0.90823 0.037564 0.92851
0.92016 0.03759 0.90843
0.9282 0.037526 0.92456
0.90673 0.037525 0.94064
0.91284 0.033345 0.95908
0.91863 0.037511 0.93914
0.92388 0.033339 0.96035
0.93744 0.037462 0.042277
0.9377 0.037461 0.05497
0.95388 0.033658 0.037316
0.95735 0.033369 0.061648
0.93463 0.03747 0.075178
0.95985 0.033341 0.088189
0.94652 0.037432 0.10685
0.95899 0.033345 0.12859
0.94629 0.037418 0.14639
0.94272 0.03743 0.15687
0.95823 0.033353 0.14188
0.95149 0.034712 0.15916
0.93559 0.037458 0.17287
0.94546 0.037414 0.19652
0.95463 0.033513 0.19796
0.93902 0.037414 0.20653
0.93898 0.037402 0.22936
0.96308 0.033334 0.21515
0.96077 0.033337 0.22219
0.93968 0.037409 0.24812
0.94593 0.037394 0.25354
0.96066 0.033337 0.23784
0.9518 0.03428 0.26465
0.94234 0.037388 0.27204
0.93854 0.037386 0.28895
0.95919 0.033343 0.27628
0.93994 0.037377 0.30283
0.9392 0.037376 0.33048
0.95397 0.033553 0.30242
0.96421 0.033334 0.32479
0.94394 0.037371 0.34224
0.94126 0.037367 0.35672
0.95789 0.033352 0.3594
0.93795 0.037355 0.36784
0.94552 0.037302 0.39649
0.96395 0.033334 0.37876
0.95062 0.034737 0.39525
0.94369 0.037305 0.40588
0.96315 0.033334 0.40869
0.95533 0.033416 0.42708
0.93912 0.03733 0.44312
0.94356 0.037321 0.44986
0.95217 0.033894 0.43391
0.95903 0.033342 0.45085
0.93682 0.037328 0.4705
0.96323 0.033334 0.47725
0.954 0.033518 0.49283
0.94438 0.037316 0.5065
0.94029 0.037335 0.51986
0.95169 0.034114 0.50954
0.95911 0.033342 0.52451
0.93489 0.037373 0.55216
0.96412 0.033334 0.53685
0.95777 0.033354 0.55492
0.94213 0.03744 0.59137
0.93908 0.037443 0.61045
0.93936 0.037438 0.61943
0.95925 0.033343 0.62467
0.94309 0.037411 0.63654
0.961 0.033337 0.63433
0.96342 0.033334 0.65685
0.94777 0.037397 0.67471
0.95967 0.033341 0.67287
0.95887 0.033346 0.69407
0.93987 0.037425 0.71243
0.93889 0.037433 0.72356
0.95372 0.033659 0.71425
0.95442 0.033543 0.71948
0.94284 0.037434 0.75491
0.95515 0.033468 0.74619
0.95941 0.033342 0.75517
0.94055 0.037497 0.77878
0.94059 0.037491 0.79865
0.95736 0.033368 0.78691
0.93903 0.037491 0.80376
0.95377 0.033671 0.812
0.9588 0.033347 0.83046
0.93749 0.037486 0.84593
0.96487 0.033334 0.85704
0.94224 0.03752 0.88591
0.95926 0.033344 0.87025
0.9373 0.037499 0.92179
0.95609 0.033413 0.9076
0.96453 0.033334 0.92034
0.93822 0.037446 0.93634
0.94187 0.033353 0.95828
0.9591 0.033345 0.94239
0.95402 0.033334 0.96273
