2635
1 1 1
0.034961 0.037707 0.044788
0.040933 0.037708 0.054066
0.062058 0.03771 0.035653
0.058135 0.03771 0.051311
0.045975 0.037711 0.06867
0.043457 0.037716 0.092825
0.059463 0.037714 0.080338
0.055943 0.037717 0.096474
0.038491 0.037719 0.10994
0.041139 0.037724 0.11982
0.062911 0.037718 0.10666
0.062285 0.037735 0.14208
0.040258 0.037739 0.18763
0.057836 0.037737 0.1776
0.060525 0.037741 0.19313
0.036098 0.037742 0.19793
0.040208 0.037751 0.22364
0.052844 0.037744 0.20294
0.055839 0.03775 0.21622
0.047434 0.037755 0.2326
0.042068 0.037763 0.25367
0.052413 0.037757 0.23892
0.06091 0.037763 0.25344
0.04687 0.037768 0.26546
0.046024 0.037777 0.28245
0.055049 0.037773 0.27441
0.062289 0.037779 0.28309
0.060972 0.037789 0.30405
0.056634 0.037796 0.31919
0.044679 0.037803 0.34052
0.061051 0.037801 0.34912
0.045683 0.037804 0.37064
0.044755 0.037807 0.38404
0.059685 0.037804 0.36846
0.055229 0.037811 0.39031
0.044122 0.037817 0.40098
0.037399 0.037826 0.42051
0.059403 0.037818 0.40377
0.053276 0.037826 0.41531
0.041968 0.037832 0.4438
0.057991 0.037833 0.44154
0.057162 0.037837 0.45789
0.041382 0.037838 0.47156
0.043154 0.037838 0.48657
0.051238 0.03784 0.47128
0.056644 0.037838 0.49023
0.038158 0.037828 0.50676
0.037869 0.037822 0.52821
0.053591 0.03783 0.50876
0.057709 0.037826 0.52725
0.044756 0.037822 0.5399
0.042545 0.037825 0.56601
0.059574 0.037826 0.5384
0.058283 0.037826 0.55947
0.036891 0.037826 0.57736
0.035804 0.037827 0.60008
0.050651 0.037828 0.57593
0.052498 0.037829 0.59634
0.043119 0.037827 0.60495
0.036115 0.037821 0.63244
0.050549 0.037828 0.61108
0.056293 0.037828 0.62401
0.050624 0.037816 0.65203
0.052523 0.037815 0.66408
0.046843 0.037812 0.67596
0.051661 0.037814 0.67415
0.057036 0.037812 0.69188
0.03591 0.037789 0.733
0.058869 0.037797 0.71634
0.051003 0.037792 0.72574
0.043138 0.037782 0.74918
0.036938 0.037776 0.7646
0.058119 0.037784 0.746
0.051409 0.037777 0.76274
0.040583 0.037771 0.77504
0.037123 0.03776 0.80107
0.057425 0.03777 0.78344
0.055583 0.037765 0.79308
0.039597 0.03775 0.82737
0.052327 0.037755 0.81561
0.057814 0.037748 0.83276
0.037945 0.037744 0.84414
0.03499 0.037737 0.86268
0.053245 0.037746 0.83859
0.055581 0.037738 0.86069
0.035537 0.037733 0.8723
0.044909 0.03773 0.89331
0.057545 0.03773 0.87958
0.056072 0.037729 0.8896
0.041777 0.037734 0.91254
0.03703 0.033797 0.9563
0.058209 0.037623 0.94496
0.060661 0.034298 0.95431
0.078663 0.037715 0.045186
0.074593 0.037714 0.059473
0.077532 0.037715 0.087866
0.093509 0.037717 0.073593
0.09086 0.037718 0.087804
0.070696 0.037717 0.10578
0.071659 0.037725 0.12846
0.084413 0.037717 0.10821
0.088494 0.037721 0.12156
0.069159 0.037731 0.13927
0.088517 0.037726 0.1356
0.091696 0.037732 0.15684
0.071129 0.037736 0.17474
0.067207 0.03774 0.18957
0.093044 0.037734 0.17445
0.093449 0.03774 0.18958
0.076176 0.037747 0.20439
0.074796 0.037753 0.22121
0.087383 0.037749 0.20941
0.095365 0.037753 0.22493
0.068649 0.037758 0.24225
0.071127 0.03776 0.24862
0.084056 0.037759 0.24276
0.088271 0.037762 0.25088
0.074618 0.037773 0.27137
0.073572 0.037782 0.2887
0.093468 0.037771 0.2713
0.066804 0.037789 0.30533
0.067059 0.037795 0.32443
0.090498 0.037782 0.30372
0.088353 0.037788 0.3249
0.069731 0.037797 0.34354
0.087415 0.037792 0.33931
0.086163 0.037797 0.35427
0.074131 0.037803 0.3774
0.089105 0.037802 0.37063
0.092631 0.037805 0.38242
0.067803 0.03782 0.40903
0.0716 0.037825 0.42237
0.090652 0.037821 0.41117
0.084028 0.037827 0.41783
0.067451 0.037833 0.44461
0.081426 0.037833 0.43644
0.082559 0.03784 0.45561
0.07201 0.037837 0.4737
0.075923 0.037838 0.48432
0.087267 0.037841 0.47956
0.086486 0.037841 0.49054
0.067375 0.037834 0.50232
0.082712 0.037838 0.51957
0.074978 0.037828 0.53654
0.070169 0.037826 0.56504
0.080085 0.037828 0.56273
0.071929 0.037826 0.57124
0.067737 0.037829 0.60007
0.082994 0.037832 0.57158
0.08559 0.037834 0.59551
0.072323 0.037832 0.63003
0.087079 0.037835 0.61329
0.091863 0.037831 0.62281
0.071135 0.037829 0.64316
0.089911 0.037825 0.66654
0.066712 0.037819 0.68296
0.083636 0.037829 0.67549
0.086797 0.037817 0.6951
0.07467 0.037801 0.71285
0.066479 0.037789 0.73367
0.088945 0.037798 0.72544
0.069865 0.037784 0.74624
0.074729 0.03778 0.75849
0.086281 0.037789 0.74245
0.083504 0.037781 0.76327
0.070282 0.037775 0.77429
0.071966 0.037764 0.79992
0.092457 0.037772 0.78586
0.071412 0.037754 0.81669
0.079099 0.037751 0.82411
0.09145 0.037761 0.80774
0.088796 0.037751 0.83302
0.07376 0.037747 0.84285
0.07371 0.037739 0.86211
0.088752 0.037738 0.86596
0.075867 0.037727 0.88301
0.087394 0.037733 0.87417
0.084272 0.037727 0.89066
0.070702 0.037732 0.90999
0.076215 0.037707 0.93104
0.087973 0.03773 0.90303
0.070745 0.037679 0.93877
0.085151 0.037695 0.94743
0.10965 0.037715 0.039008
0.10511 0.037717 0.057297
0.12549 0.037718 0.03786
0.121 0.037717 0.052143
0.10193 0.037718 0.068247
0.10625 0.037722 0.09409
0.12312 0.037724 0.096252
0.10465 0.03772 0.10998
0.11261 0.037724 0.12823
0.12399 0.037723 0.11786
0.10645 0.037727 0.14061
0.10149 0.037731 0.15521
0.12519 0.037733 0.15513
0.10637 0.037733 0.17202
0.10503 0.037737 0.1867
0.12597 0.037735 0.16608
0.11719 0.037739 0.19275
0.11113 0.037748 0.21578
0.11604 0.037742 0.19997
0.115 0.037753 0.22612
0.10399 0.037757 0.23732
0.098925 0.037763 0.25506
0.11861 0.037756 0.23645
0.10437 0.037767 0.27256
0.10388 0.03777 0.28526
0.11776 0.037764 0.27612
0.12553 0.03776 0.2826
0.10417 0.03777 0.30281
0.10462 0.037775 0.32526
0.1248 0.037763 0.30808
0.11357 0.037767 0.31692
0.10149 0.037781 0.33308
0.10246 0.03779 0.35774
0.11268 0.037785 0.35261
0.096903 0.037796 0.36481
0.11315 0.037795 0.3691
0.11877 0.03781 0.39295
0.099981 0.03781 0.39778
0.099527 0.037823 0.42488
0.11001 0.03782 0.42507
0.095783 0.03783 0.43735
0.096606 0.037833 0.44935
0.11041 0.037829 0.4439
0.11205 0.037833 0.45644
0.09592 0.037836 0.47026
0.10377 0.037831 0.4869
0.11306 0.037836 0.47159
0.1185 0.037839 0.48889
0.10015 0.03783 0.50316
0.095804 0.037831 0.52526
0.11533 0.037832 0.52559
0.10148 0.037832 0.53808
0.097339 0.037835 0.55985
0.11726 0.037836 0.5435
0.095619 0.037834 0.58283
0.097687 0.037832 0.596
0.11423 0.037841 0.5766
0.11572 0.03783 0.60204
0.10521 0.037821 0.61772
0.10537 0.037817 0.62767
0.12134 0.037808 0.6331
0.10266 0.037815 0.64671
0.10239 0.037813 0.65973
0.11525 0.03781 0.64146
0.11258 0.037804 0.66855
0.10151 0.03781 0.68504
0.11803 0.037801 0.68494
0.10487 0.037801 0.7302
0.12291 0.037799 0.70882
0.12455 0.037791 0.73621
0.099555 0.037793 0.74105
0.1036 0.037784 0.75743
0.11773 0.037779 0.7658
0.10522 0.037773 0.77655
0.12556 0.037766 0.78072
0.1157 0.037764 0.79263
0.10739 0.037754 0.83086
0.11584 0.037763 0.80643
0.11932 0.037754 0.8349
0.10877 0.03775 0.84066
0.12434 0.037749 0.84407
0.12429 0.037743 0.8575
0.10741 0.037736 0.87689
0.11113 0.037733 0.89327
0.12722 0.037738 0.8837
0.12092 0.037735 0.89811
0.10231 0.037732 0.91024
0.12031 0.037733 0.91258
0.11883 0.03771 0.92569
0.10398 0.037688 0.93863
0.12848 0.037646 0.9466
0.12693 0.033356 0.96459
0.14054 0.037723 0.039746
0.15578 0.037726 0.035251
0.15737 0.037726 0.053186
0.1332 0.037724 0.075984
0.13836 0.037723 0.09502
0.1511 0.037725 0.071684
0.15529 0.037725 0.090081
0.1379 0.037722 0.106
0.13942 0.037723 0.11726
0.14984 0.037723 0.11053
0.15402 0.037725 0.11602
0.13272 0.03773 0.13715
0.13346 0.037736 0.15869
0.15761 0.037736 0.15208
0.13184 0.037738 0.1774
0.15528 0.03774 0.17166
0.1539 0.037742 0.18322
0.13393 0.037745 0.20442
0.1394 0.037748 0.22413
0.15629 0.037742 0.20541
0.13251 0.037752 0.23677
0.14191 0.037749 0.25197
0.14802 0.037748 0.22966
0.15493 0.037745 0.25783
0.13441 0.037753 0.26629
0.1334 0.037755 0.28819
0.1521 0.037746 0.26577
0.14849 0.037749 0.28467
0.14061 0.037755 0.30194
0.12871 0.037762 0.31304
0.15361 0.037751 0.29587
0.14549 0.03776 0.31913
0.13069 0.037773 0.34143
0.13935 0.037769 0.34801
0.14993 0.037763 0.32958
0.13591 0.037782 0.37249
0.1304 0.037791 0.38146
0.15255 0.037773 0.37495
0.12643 0.037818 0.4202
0.13974 0.03781 0.42353
0.13306 0.037817 0.43937
0.12658 0.037828 0.45341
0.14441 0.037815 0.44189
0.14261 0.037821 0.45184
0.12727 0.037833 0.46918
0.12558 0.037836 0.48614
0.14412 0.037834 0.47149
0.13373 0.037812 0.5099
0.13303 0.037807 0.52442
0.14942 0.037817 0.50134
0.12725 0.037818 0.54606
0.13354 0.037805 0.56824
0.14044 0.037799 0.55065
0.14935 0.037806 0.55538
0.13438 0.037802 0.58472
0.1298 0.037809 0.59751
0.14859 0.037794 0.58487
0.14765 0.037793 0.59722
0.12936 0.037805 0.61462
0.1321 0.037799 0.63218
0.1498 0.03779 0.61967
0.14545 0.037793 0.62981
0.1355 0.037791 0.66353
0.15381 0.037787 0.64908
0.14471 0.037789 0.66503
0.13318 0.037791 0.67658
0.13907 0.037783 0.6971
0.14309 0.037784 0.68054
0.14569 0.037779 0.70474
0.12825 0.037793 0.70804
0.13945 0.037776 0.73592
0.15003 0.037778 0.71125
0.14606 0.037771 0.73586
0.13963 0.037772 0.75129
0.1338 0.037769 0.76847
0.15157 0.037769 0.74243
0.15532 0.037762 0.7588
0.13698 0.037759 0.79518
0.14988 0.037761 0.77888
0.15155 0.037758 0.80097
0.14241 0.037758 0.80899
0.14008 0.037753 0.8299
0.16038 0.037756 0.81665
0.15307 0.037752 0.83039
0.13843 0.037744 0.84878
0.145 0.037741 0.86375
0.15767 0.037744 0.84783
0.15792 0.037742 0.86317
0.13531 0.03774 0.87773
0.1549 0.037743 0.88203
0.15345 0.037743 0.89856
0.13361 0.037736 0.90963
0.13861 0.037698 0.92876
0.15556 0.037743 0.91179
0.15326 0.037709 0.92579
0.13495 0.035108 0.9527
0.157 0.037649 0.94105
0.15674 0.033405 0.9615
0.16929 0.037727 0.044739
0.17607 0.037728 0.060934
0.18527 0.03773 0.045412
0.18429 0.037729 0.054898
0.16894 0.037727 0.075961
0.17259 0.037729 0.091495
0.18773 0.037731 0.077417
0.18736 0.037733 0.092492
0.16795 0.037728 0.10534
0.17185 0.037731 0.12797
0.18204 0.037733 0.10668
0.18881 0.037736 0.11716
0.17029 0.037731 0.13981
0.17676 0.037731 0.1529
0.18487 0.037732 0.14418
0.18909 0.037735 0.14928
0.17588 0.037733 0.19204
0.1876 0.037733 0.17074
0.18288 0.037734 0.18731
0.17159 0.037734 0.22506
0.18403 0.037733 0.19991
0.18297 0.037733 0.21816
0.1692 0.037737 0.23743
0.17108 0.037735 0.25542
0.18288 0.037733 0.24704
0.18382 0.037728 0.26827
0.17921 0.037733 0.28656
0.16201 0.037745 0.29501
0.16788 0.037746 0.312
0.18113 0.037738 0.3061
0.18326 0.037737 0.32274
0.16025 0.037752 0.33947
0.16277 0.03775 0.3463
0.17698 0.037738 0.33455
0.17978 0.037738 0.34399
0.16825 0.037747 0.3689
0.17802 0.037742 0.3716
0.17451 0.03774 0.38869
0.16272 0.037759 0.42376
0.18204 0.037733 0.40052
0.18182 0.037737 0.4195
0.16223 0.037769 0.43679
0.16278 0.037778 0.4519
0.17742 0.037752 0.43325
0.17066 0.037773 0.45831
0.15876 0.037808 0.48648
0.17162 0.037797 0.4772
0.17423 0.037803 0.48557
0.15754 0.0378 0.50238
0.15729 0.037796 0.53073
0.17568 0.037798 0.50841
0.17328 0.037798 0.53056
0.15759 0.037799 0.54608
0.16931 0.037791 0.5639
0.16496 0.037775 0.5812
0.15631 0.037782 0.59417
0.17679 0.037778 0.58744
0.17172 0.037763 0.59975
0.16522 0.037764 0.61108
0.15973 0.037776 0.63262
0.17263 0.037759 0.60935
0.17298 0.037759 0.62851
0.16033 0.037781 0.65121
0.1624 0.037779 0.66122
0.18429 0.037782 0.65589
0.18499 0.037778 0.66755
0.16283 0.037777 0.67919
0.16213 0.037775 0.69503
0.175 0.037772 0.67729
0.17832 0.037772 0.69727
0.16869 0.037769 0.72215
0.16578 0.037765 0.73369
0.17836 0.03777 0.71018
0.17965 0.037759 0.73873
0.17254 0.037753 0.75291
0.16601 0.037756 0.76039
0.18112 0.037752 0.75242
0.16601 0.03776 0.79487
0.18566 0.037759 0.77544
0.18559 0.037761 0.8015
0.17139 0.037757 0.80945
0.18443 0.037757 0.81729
0.18629 0.037751 0.83183
0.17633 0.037745 0.84188
0.16767 0.037742 0.85799
0.18531 0.037745 0.8488
0.18354 0.037743 0.8557
0.16608 0.037744 0.87686
0.16614 0.037745 0.89297
0.19141 0.037744 0.87207
0.19085 0.037746 0.89121
0.16834 0.037698 0.92954
0.18328 0.037697 0.93059
0.178 0.034544 0.95375
0.18495 0.037659 0.93888
0.19011 0.033823 0.95624
0.19967 0.037735 0.044154
0.20781 0.037738 0.058142
0.22112 0.037744 0.034948
0.21921 0.037742 0.055908
0.20649 0.037736 0.068126
0.20318 0.037736 0.087655
0.2236 0.037742 0.070131
0.2201 0.037741 0.092193
0.20868 0.037738 0.099517
0.20254 0.03774 0.12527
0.22515 0.037744 0.0999
0.21687 0.037744 0.11971
0.20132 0.037741 0.14028
0.19653 0.037733 0.17143
0.20638 0.037734 0.18719
0.22262 0.03773 0.16989
0.22478 0.037724 0.18068
0.20154 0.037736 0.19785
0.21867 0.037733 0.19727
0.20632 0.037726 0.23517
0.2198 0.037731 0.22961
0.21666 0.037722 0.25319
0.19887 0.037708 0.27021
0.19396 0.037711 0.27854
0.21681 0.037711 0.26383
0.20989 0.037689 0.28228
0.20135 0.037692 0.30317
0.19889 0.037702 0.32306
0.2079 0.037677 0.3115
0.19242 0.037719 0.32895
0.19665 0.03771 0.35165
0.20839 0.037688 0.32813
0.21727 0.03769 0.3449
0.19985 0.037695 0.3614
0.19656 0.037694 0.37921
0.21165 0.037684 0.35963
0.20444 0.037672 0.38576
0.19409 0.037706 0.404
0.2026 0.037683 0.40066
0.19346 0.037725 0.42767
0.18438 0.037771 0.45494
0.2067 0.037721 0.42896
0.20595 0.037755 0.44777
0.18921 0.037786 0.46714
0.19134 0.037801 0.48842
0.19564 0.037794 0.47522
0.19939 0.037815 0.48882
0.18745 0.037803 0.51052
0.18929 0.037795 0.52433
0.19008 0.037788 0.54175
0.19107 0.037783 0.55641
0.20122 0.037785 0.5574
0.18921 0.037772 0.58736
0.18599 0.037774 0.59976
0.20495 0.037775 0.58543
0.20496 0.037776 0.59251
0.18694 0.03777 0.61244
0.18905 0.037776 0.63774
0.21176 0.03778 0.63852
0.1895 0.037779 0.65431
0.1986 0.03777 0.66111
0.21141 0.037778 0.64718
0.19938 0.037762 0.6794
0.19432 0.03776 0.70131
0.21009 0.037758 0.68103
0.20917 0.037748 0.70288
0.19367 0.037755 0.71495
0.19387 0.037748 0.73377
0.21017 0.037739 0.7171
0.21265 0.037732 0.72818
0.19822 0.037749 0.76525
0.21413 0.037742 0.75414
0.19787 0.037759 0.78643
0.20489 0.037757 0.79812
0.2153 0.037751 0.778
0.20033 0.037753 0.83574
0.22265 0.037763 0.8207
0.21971 0.037757 0.83486
0.20103 0.037747 0.84966
0.20462 0.037743 0.86282
0.21831 0.037755 0.84116
0.21993 0.037745 0.86215
0.20383 0.037741 0.87789
0.20643 0.037744 0.89489
0.21653 0.037739 0.87955
0.22157 0.037744 0.8978
0.21077 0.03771 0.92814
0.22158 0.037756 0.91502
0.19904 0.037621 0.94721
0.21045 0.03338 0.96269
0.21843 0.037646 0.94308
0.2189 0.03367 0.9573
0.23156 0.037748 0.034953
0.23512 0.037748 0.060697
0.24873 0.037754 0.042198
0.2568 0.037757 0.055435
0.2368 0.037747 0.066689
0.23308 0.037745 0.083109
0.25266 0.037751 0.074433
0.25589 0.037752 0.083586
0.2423 0.037753 0.11634
0.2522 0.037753 0.099013
0.24753 0.037752 0.1228
0.23169 0.037746 0.1411
0.25074 0.037747 0.13544
0.25632 0.037739 0.15144
0.23152 0.037724 0.17186
0.24124 0.037715 0.18642
0.24873 0.03772 0.17157
0.25439 0.03772 0.18077
0.23426 0.037719 0.20559
0.22752 0.037729 0.22352
0.25076 0.037715 0.20026
0.2267 0.037728 0.23838
0.23335 0.037729 0.2438
0.23479 0.037713 0.26674
0.23335 0.037695 0.28663
0.25314 0.037701 0.27554
0.2513 0.03768 0.29923
0.24751 0.037675 0.3141
0.22502 0.037671 0.3477
0.24358 0.037656 0.33536
0.24899 0.03765 0.35238
0.22819 0.037651 0.3594
0.2402 0.037632 0.36506
0.23564 0.037614 0.37929
0.21935 0.037665 0.39886
0.22862 0.037646 0.41225
0.23852 0.037623 0.39198
0.22269 0.037679 0.42647
0.21906 0.037726 0.4466
0.23923 0.037658 0.42978
0.23313 0.037701 0.44951
0.21214 0.037816 0.47261
0.22673 0.037775 0.467
0.23166 0.037849 0.48304
0.22184 0.037802 0.50479
0.22615 0.037812 0.53269
0.21734 0.0378 0.54917
0.21346 0.037796 0.56788
0.22268 0.037772 0.59591
0.23155 0.037763 0.6037
0.22718 0.037743 0.6156
0.22515 0.037735 0.64212
0.23343 0.037727 0.62023
0.23886 0.037705 0.63814
0.22214 0.037739 0.65655
0.23042 0.037713 0.66715
0.23986 0.037696 0.65925
0.2414 0.037706 0.67367
0.23102 0.037728 0.68989
0.24947 0.037711 0.69883
0.23233 0.037713 0.72503
0.24367 0.037708 0.71648
0.24568 0.037704 0.73553
0.23243 0.03772 0.74804
0.23008 0.03773 0.76509
0.24712 0.037713 0.75378
0.25614 0.037718 0.77043
0.22768 0.037749 0.78472
0.23626 0.037749 0.79712
0.25186 0.03773 0.77954
0.237 0.037757 0.81234
0.25468 0.03775 0.81431
0.24853 0.037757 0.83283
0.23869 0.037755 0.84797
0.23444 0.037747 0.86309
0.23317 0.03774 0.8808
0.23219 0.03774 0.88993
0.25482 0.037743 0.87947
0.24266 0.037752 0.91381
0.23349 0.037713 0.92945
0.24852 0.037748 0.90494
0.25732 0.037713 0.93164
0.24064 0.033408 0.96144
0.2526 0.037695 0.93696
0.27293 0.037762 0.055724
0.29308 0.037764 0.060044
0.27461 0.037755 0.078168
0.26781 0.037755 0.092634
0.29157 0.037761 0.072886
0.26872 0.037756 0.1071
0.28805 0.037758 0.10205
0.28315 0.037754 0.12045
0.26912 0.037744 0.13337
0.26626 0.037736 0.15368
0.29037 0.03774 0.13483
0.29165 0.037734 0.15438
0.26244 0.037729 0.16631
0.26745 0.037726 0.17886
0.2828 0.037731 0.18846
0.27019 0.037723 0.21134
0.28512 0.037726 0.1934
0.28248 0.037714 0.21818
0.26532 0.037698 0.2542
0.28267 0.037694 0.2324
0.28402 0.037687 0.25135
0.27855 0.03768 0.25909
0.25914 0.037659 0.30083
0.26141 0.037648 0.31012
0.28477 0.037613 0.31369
0.25721 0.037646 0.32968
0.26125 0.037625 0.35268
0.27094 0.037599 0.3357
0.27332 0.037601 0.34814
0.25947 0.037625 0.35872
0.25944 0.037603 0.37846
0.27529 0.037602 0.3692
0.2553 0.037613 0.39884
0.25133 0.037632 0.41383
0.27137 0.037593 0.40369
0.26512 0.037598 0.4188
0.24263 0.037722 0.45429
0.26232 0.037603 0.42684
0.26873 0.037626 0.44561
0.23889 0.037815 0.46875
0.24116 0.037864 0.48661
0.25536 0.037903 0.48145
0.23845 0.037847 0.50958
0.24962 0.037825 0.53569
0.24304 0.03782 0.54171
0.24679 0.037811 0.57436
0.25216 0.037802 0.55344
0.26247 0.037826 0.56534
0.25154 0.037795 0.58134
0.24782 0.037751 0.60904
0.25941 0.037779 0.58444
0.26158 0.037736 0.59789
0.25389 0.037701 0.62027
0.25524 0.037679 0.63926
0.27049 0.037635 0.63585
0.25854 0.037673 0.65746
0.25701 0.037689 0.67335
0.27139 0.037644 0.65772
0.27445 0.037654 0.67477
0.25685 0.037698 0.68175
0.26566 0.037657 0.70284
0.28119 0.037664 0.68435
0.27786 0.037632 0.70998
0.26422 0.037651 0.72347
0.26811 0.037648 0.73134
0.28614 0.037659 0.73574
0.27162 0.037703 0.75809
0.26806 0.037709 0.77421
0.28597 0.037702 0.75158
0.26239 0.037719 0.78162
0.27089 0.037717 0.79944
0.28815 0.037704 0.78694
0.28459 0.037716 0.80386
0.28662 0.037737 0.8204
0.27968 0.037748 0.83496
0.27263 0.037754 0.85151
0.29098 0.037749 0.84944
0.2834 0.037748 0.86372
0.26751 0.037742 0.88394
0.27739 0.037749 0.89606
0.28869 0.037744 0.88373
0.28193 0.03775 0.89716
0.29357 0.037761 0.91221
0.29123 0.037739 0.92785
0.27406 0.037656 0.94704
0.27683 0.033935 0.9558
0.29413 0.037715 0.93719
0.28231 0.03344 0.96047
0.29923 0.037766 0.044965
0.30264 0.037766 0.057632
0.32563 0.037766 0.043858
0.3267 0.037768 0.05741
0.30099 0.037762 0.078119
0.30492 0.037764 0.085326
0.3214 0.037768 0.068881
0.31722 0.037766 0.091593
0.30281 0.037758 0.10556
0.30049 0.037751 0.12276
0.32531 0.037763 0.10067
0.31562 0.037754 0.12039
0.29889 0.037734 0.14045
0.30186 0.037734 0.15141
0.31854 0.037734 0.13893
0.31929 0.037732 0.14798
0.29954 0.037727 0.1719
0.30218 0.037722 0.186
0.31942 0.037723 0.16592
0.30271 0.037698 0.21487
0.32326 0.037698 0.20077
0.32171 0.037694 0.2088
0.29355 0.037676 0.23537
0.29994 0.037664 0.24567
0.30974 0.03765 0.25022
0.2987 0.037652 0.25869
0.29276 0.03763 0.28173
0.30824 0.037638 0.25822
0.31363 0.037607 0.27551
0.29247 0.037597 0.30093
0.29189 0.037597 0.3099
0.30891 0.037569 0.30132
0.3091 0.037564 0.30875
0.29603 0.03758 0.32611
0.28612 0.037595 0.3499
0.30833 0.037539 0.33286
0.31469 0.037528 0.348
0.29062 0.03759 0.35479
0.28485 0.0376 0.38355
0.30156 0.037566 0.36369
0.30831 0.03761 0.3781
0.28288 0.037588 0.40233
0.29064 0.037559 0.41164
0.2986 0.037555 0.39891
0.30232 0.037547 0.41548
0.28219 0.037578 0.43254
0.27483 0.037646 0.45051
0.30225 0.03764 0.43184
0.30397 0.03776 0.44224
0.26939 0.037925 0.47817
0.28416 0.037794 0.46423
0.27215 0.037942 0.48864
0.26638 0.037969 0.50276
0.26015 0.037954 0.52149
0.2774 0.038072 0.50433
0.27317 0.037886 0.54349
0.2822 0.037815 0.57015
0.2725 0.037764 0.58664
0.29944 0.037643 0.60509
0.27956 0.037634 0.6275
0.28423 0.037621 0.64127
0.30892 0.03764 0.64074
0.30831 0.037663 0.66774
0.31163 0.037693 0.68218
0.31782 0.037681 0.71248
0.31926 0.037679 0.73055
0.31287 0.037696 0.74144
0.29825 0.037701 0.74922
0.30504 0.037693 0.76848
0.31634 0.037686 0.75702
0.31485 0.037691 0.7738
0.30553 0.037706 0.78757
0.2982 0.037709 0.8003
0.3128 0.037706 0.79198
0.31363 0.03771 0.80766
0.2971 0.037722 0.81311
0.31644 0.037716 0.83369
0.29985 0.037741 0.84694
0.30671 0.03774 0.86375
0.29974 0.037742 0.88614
0.30767 0.037745 0.8937
0.31933 0.037743 0.87602
0.31797 0.037748 0.89999
0.30132 0.03776 0.91543
0.31083 0.037747 0.93085
0.32739 0.037752 0.90889
0.31857 0.037749 0.92496
0.30255 0.037712 0.94644
0.32094 0.037726 0.94392
0.3371 0.037765 0.040405
0.33609 0.037767 0.054912
0.36095 0.037771 0.040461
0.35022 0.037767 0.050744
0.33632 0.037771 0.072024
0.33568 0.037775 0.083972
0.35128 0.037779 0.08176
0.33748 0.037765 0.10197
0.33218 0.037756 0.11885
0.35217 0.037756 0.1177
0.33479 0.037738 0.13516
0.33879 0.037731 0.14708
0.35111 0.037735 0.13679
0.35769 0.03773 0.14498
0.33903 0.037718 0.16432
0.33888 0.037709 0.17486
0.34627 0.037721 0.16004
0.35107 0.03771 0.17447
0.33103 0.037703 0.19401
0.32898 0.037693 0.21384
0.34674 0.037703 0.19299
0.33586 0.037668 0.22634
0.33056 0.037637 0.24946
0.34634 0.037663 0.2285
0.35291 0.037649 0.24367
0.33608 0.037579 0.2657
0.33356 0.037564 0.2762
0.3509 0.037601 0.26209
0.3435 0.037557 0.27095
0.32674 0.037565 0.2913
0.32782 0.037554 0.31468
0.34317 0.037538 0.2905
0.33873 0.037521 0.31445
0.33237 0.037545 0.32207
0.32302 0.037517 0.34178
0.33803 0.037549 0.33171
0.34973 0.037858 0.35956
0.34155 0.037678 0.3744
0.31705 0.037555 0.39778
0.31452 0.037535 0.41631
0.32843 0.037548 0.38898
0.31537 0.03774 0.43281
0.32559 0.037609 0.42787
0.29283 0.037894 0.46451
0.28698 0.038049 0.4905
0.30006 0.038062 0.4818
0.28762 0.038104 0.50265
0.29077 0.038112 0.50307
0.30158 0.038153 0.53614
0.29485 0.037822 0.57619
0.3044 0.038048 0.55234
0.3101 0.037782 0.57518
0.31405 0.037614 0.59993
0.31005 0.037627 0.61775
0.31229 0.037626 0.62605
0.31987 0.037636 0.64474
0.33384 0.037623 0.62596
0.34124 0.037618 0.64284
0.32914 0.037636 0.6694
0.3192 0.037685 0.68298
0.34232 0.037619 0.66561
0.33865 0.037622 0.68078
0.32474 0.037656 0.70826
0.34212 0.037612 0.69275
0.34963 0.037597 0.71534
0.32392 0.037675 0.72471
0.3327 0.037638 0.73737
0.34817 0.037614 0.72657
0.34287 0.037625 0.74691
0.33236 0.037648 0.75257
0.33458 0.037668 0.77786
0.34635 0.037616 0.75801
0.3499 0.037641 0.77392
0.34862 0.037682 0.78955
0.35028 0.03769 0.81003
0.34181 0.037699 0.82199
0.331 0.037705 0.82882
0.35169 0.037703 0.83283
0.34212 0.037732 0.84965
0.3401 0.037739 0.86547
0.35928 0.037716 0.84421
0.35875 0.037732 0.86664
0.33458 0.03775 0.8829
0.33821 0.037749 0.89608
0.35132 0.037749 0.89127
0.34362 0.037752 0.91253
0.33699 0.037727 0.92895
0.35144 0.037752 0.91543
0.3515 0.037727 0.9262
0.3433 0.037689 0.93973
0.335 0.033535 0.95881
0.3584 0.037688 0.93955
0.35036 0.033379 0.9628
0.36787 0.037774 0.035025
0.37768 0.037781 0.054764
0.38669 0.037781 0.040462
0.38773 0.037785 0.068109
0.39134 0.037779 0.088369
0.36707 0.037762 0.10038
0.37737 0.037744 0.11243
0.39029 0.037756 0.10343
0.38487 0.037744 0.11173
0.36595 0.037729 0.1392
0.36699 0.03773 0.15208
0.39001 0.037734 0.13276
0.37339 0.037722 0.16164
0.36781 0.037715 0.17338
0.3884 0.037716 0.18327
0.36825 0.037706 0.19125
0.37113 0.037685 0.20719
0.38328 0.037694 0.19588
0.38283 0.037681 0.20526
0.36565 0.037646 0.23135
0.36276 0.037645 0.24298
0.38975 0.037663 0.22275
0.38573 0.037644 0.24531
0.36126 0.037621 0.25812
0.36017 0.037572 0.28078
0.38525 0.037607 0.26179
0.37318 0.037594 0.27702
0.36605 0.037521 0.30336
0.37972 0.037579 0.28963
0.37827 0.037562 0.29941
0.35458 0.037504 0.32098
0.35988 0.037726 0.34345
0.35352 0.037889 0.36649
0.3709 0.037827 0.35165
0.35273 0.037689 0.38319
0.35978 0.037761 0.37965
0.35487 0.037532 0.39656
0.33819 0.037658 0.43228
0.33249 0.037857 0.44357
0.34924 0.037487 0.42057
0.33603 0.037835 0.44719
0.31533 0.038252 0.46029
0.31591 0.038129 0.47697
0.30029 0.038333 0.51175
0.31179 0.03808 0.54486
0.3086 0.038373 0.50755
0.3159 0.038053 0.54651
0.32424 0.037833 0.5682
0.32676 0.037706 0.58181
0.33432 0.037657 0.60215
0.33985 0.037634 0.62068
0.34785 0.037645 0.59719
0.36149 0.037724 0.62404
0.34736 0.037611 0.64029
0.34851 0.037619 0.64874
0.36139 0.037613 0.64084
0.36853 0.03762 0.65181
0.35024 0.0376 0.66747
0.35483 0.037586 0.68746
0.37908 0.037593 0.66726
0.38173 0.037549 0.67799
0.35658 0.037566 0.69875
0.37372 0.037566 0.69195
0.38042 0.037575 0.71324
0.37349 0.037596 0.74459
0.38892 0.037572 0.72637
0.38287 0.037585 0.74555
0.37137 0.0376 0.7641
0.36254 0.037618 0.76961
0.37952 0.037598 0.76122
0.37583 0.037645 0.79156
0.37359 0.037668 0.80865
0.38255 0.037638 0.78701
0.37316 0.037685 0.81782
0.36696 0.037703 0.83795
0.3703 0.037711 0.84551
0.36919 0.037719 0.86207
0.38471 0.037702 0.84601
0.38658 0.037721 0.86971
0.37213 0.037742 0.88071
0.36782 0.037746 0.89866
0.39005 0.037742 0.90215
0.37198 0.037749 0.91247
0.37904 0.037721 0.93032
0.38551 0.037748 0.91201
0.39281 0.037716 0.93286
0.37623 0.03769 0.9429
0.37029 0.034254 0.95468
0.38935 0.037692 0.94363
0.39559 0.034013 0.95549
0.41202 0.037792 0.036387
0.41772 0.037793 0.040744
0.41873 0.037787 0.061679
0.402 0.037783 0.076977
0.42399 0.03778 0.069762
0.42902 0.037771 0.089093
0.41134 0.037764 0.10153
0.40132 0.037752 0.11234
0.41885 0.037766 0.099322
0.41817 0.03776 0.11878
0.4076 0.037739 0.13695
0.40217 0.037733 0.15256
0.42268 0.037738 0.14366
0.40547 0.037721 0.16098
0.40377 0.03771 0.18065
0.41669 0.037708 0.16651
0.41887 0.037701 0.17292
0.4072 0.037676 0.21396
0.42021 0.037671 0.19482
0.42534 0.037654 0.20145
0.39303 0.037652 0.22787
0.40379 0.037661 0.2446
0.42436 0.037666 0.21862
0.40177 0.037619 0.25926
0.39737 0.037599 0.26807
0.42063 0.037625 0.27001
0.40236 0.03757 0.28887
0.39276 0.037573 0.30166
0.41705 0.037611 0.2777
0.41135 0.037561 0.29366
0.39176 0.037557 0.31965
0.39408 0.037575 0.33323
0.41285 0.037589 0.31127
0.40195 0.037599 0.33566
0.37823 0.037855 0.36171
0.40734 0.037633 0.34173
0.36868 0.037824 0.37617
0.36681 0.037513 0.39808
0.39055 0.037685 0.37355
0.38279 0.037507 0.38849
0.36874 0.037349 0.41938
0.36204 0.037428 0.4369
0.38048 0.037425 0.40156
0.34193 0.037759 0.45492
0.32023 0.037979 0.47644
0.36074 0.037176 0.45042
0.32362 0.037658 0.48823
0.31852 0.038003 0.49791
0.32078 0.038107 0.5336
0.32293 0.037423 0.50476
0.33419 0.037601 0.54499
0.35202 0.037521 0.57349
0.37146 0.037523 0.58722
0.36987 0.037869 0.61892
0.39927 0.037744 0.63517
0.38002 0.037698 0.64044
0.38959 0.03761 0.65984
0.40238 0.037678 0.64364
0.39259 0.037544 0.66917
0.39997 0.037485 0.68053
0.40855 0.037478 0.6659
0.41862 0.037396 0.67656
0.39202 0.037539 0.69963
0.39961 0.037511 0.70802
0.42095 0.037473 0.69628
0.42244 0.037454 0.71188
0.40649 0.037519 0.72844
0.40106 0.037536 0.74054
0.42042 0.037483 0.73805
0.40106 0.037577 0.77034
0.42022 0.037522 0.75867
0.41467 0.037571 0.77361
0.40627 0.037606 0.78944
0.39854 0.037639 0.808
0.42422 0.037582 0.79073
0.42771 0.037604 0.80569
0.41149 0.037646 0.82524
0.42896 0.037628 0.81785
0.41623 0.037658 0.83335
0.40169 0.037699 0.84686
0.42196 0.037708 0.86718
0.41068 0.037722 0.88509
0.40621 0.037735 0.90169
0.42582 0.037714 0.88553
0.42052 0.03772 0.89376
0.40792 0.037745 0.91114
0.40614 0.037719 0.9322
0.4257 0.037724 0.93007
0.40079 0.037687 0.94617
0.41667 0.037702 0.93974
0.42648 0.033406 0.96153
0.436 0.037791 0.040819
0.44195 0.037782 0.059075
0.45584 0.037791 0.044037
0.43592 0.037775 0.068437
0.43628 0.037768 0.087385
0.46392 0.037766 0.076492
0.45738 0.037764 0.091091
0.43228 0.037766 0.11338
0.46138 0.037764 0.097456
0.44311 0.037744 0.13165
0.43483 0.037735 0.14632
0.45217 0.03774 0.13345
0.46185 0.037735 0.14738
0.44341 0.037715 0.15896
0.43974 0.037699 0.17837
0.45872 0.037704 0.16549
0.45575 0.037697 0.18132
0.44258 0.03767 0.19199
0.43663 0.037651 0.20298
0.45017 0.037656 0.20968
0.43281 0.037662 0.22237
0.42859 0.037666 0.23601
0.44737 0.037659 0.22077
0.43082 0.037674 0.2459
0.43037 0.03763 0.26031
0.45295 0.037649 0.25389
0.45644 0.037667 0.26528
0.42773 0.037636 0.2753
0.44348 0.037646 0.28359
0.45107 0.037685 0.29608
0.42687 0.037613 0.30926
0.42306 0.037583 0.32474
0.44737 0.037692 0.30334
0.44222 0.037617 0.3161
0.42308 0.037627 0.33603
0.41334 0.037669 0.35718
0.44927 0.037698 0.33095
0.44058 0.037745 0.34366
0.42932 0.03762 0.36196
0.39004 0.036868 0.40313
0.38872 0.036582 0.42513
0.41511 0.036476 0.38182
0.40636 0.034963 0.40847
0.37069 0.03643 0.44441
0.34187 0.03583 0.47333
0.35366 0.034165 0.48688
0.32986 0.036025 0.51576
0.34329 0.036683 0.54656
0.3384 0.035306 0.52376
0.38757 0.035396 0.57126
0.38657 0.0366 0.59524
0.39828 0.036969 0.61129
0.39529 0.035893 0.59845
0.40753 0.036595 0.6117
0.41279 0.037963 0.62395
0.42133 0.037661 0.61948
0.42771 0.037915 0.63253
0.42043 0.037617 0.65026
0.43908 0.037725 0.63945
0.44928 0.037479 0.65195
0.42849 0.03735 0.66967
0.42771 0.037397 0.68004
0.4479 0.037375 0.67022
0.4462 0.037406 0.67876
0.43014 0.037432 0.69908
0.43919 0.037422 0.71296
0.46048 0.037344 0.7108
0.4363 0.037441 0.72795
0.44204 0.037465 0.74389
0.45192 0.037403 0.72597
0.45674 0.037438 0.74575
0.44498 0.037478 0.7544
0.433 0.037543 0.77433
0.45815 0.03745 0.75881
0.45435 0.037513 0.77469
0.43761 0.037568 0.78824
0.43936 0.037604 0.80854
0.45246 0.037555 0.79154
0.46379 0.037592 0.80915
0.44143 0.037633 0.83037
0.45291 0.037612 0.82455
0.45281 0.037636 0.83336
0.44312 0.037683 0.84565
0.4359 0.037704 0.86716
0.4623 0.03767 0.84593
0.43824 0.03771 0.87662
0.43887 0.037716 0.89544
0.45161 0.037704 0.88645
0.45929 0.037717 0.89913
0.44556 0.037743 0.91732
0.44551 0.037726 0.92862
0.45893 0.03774 0.91794
0.45452 0.037716 0.93273
0.44259 0.037688 0.94841
0.46292 0.037687 0.945
0.4587 0.033369 0.96344
0.40913 0.037349 0.44526
0.37793 0.037648 0.46871
0.3755 0.037563 0.52981
0.37793 0.035862 0.49864
0.48102 0.037797 0.044971
0.47775 0.037787 0.061883
0.49606 0.037794 0.038545
0.48795 0.03779 0.060064
0.4703 0.037769 0.076939
0.47377 0.03777 0.08822
0.49216 0.037781 0.070222
0.49126 0.037773 0.089142
0.48095 0.037759 0.10485
0.47619 0.037759 0.11096
0.48558 0.037763 0.099422
0.49537 0.037759 0.11878
0.4741 0.037748 0.12954
0.49176 0.037741 0.14271
0.46859 0.037715 0.16152
0.47577 0.037708 0.17405
0.48613 0.037726 0.15779
0.47669 0.037694 0.18893
0.47312 0.037672 0.20471
0.4889 0.0377 0.18629
0.48888 0.037672 0.20205
0.46964 0.037666 0.22492
0.47623 0.037667 0.23004
0.48578 0.037682 0.21708
0.49191 0.037663 0.22832
0.46423 0.037656 0.25374
0.47756 0.03766 0.25693
0.49179 0.03766 0.25171
0.49696 0.037681 0.26454
0.46872 0.037694 0.28063
0.47234 0.037739 0.28855
0.48495 0.037746 0.2887
0.46518 0.037777 0.30508
0.46998 0.037945 0.3172
0.48615 0.037824 0.30538
0.49021 0.037983 0.31606
0.46798 0.038003 0.32618
0.47174 0.038162 0.33295
0.49194 0.038332 0.33331
0.45854 0.037611 0.35329
0.48021 0.038087 0.34085
0.48207 0.037405 0.34533
0.43078 0.035665 0.37906
0.42879 0.034407 0.39677
0.4719 0.035337 0.35769
0.47429 0.034196 0.36531
0.42359 0.033548 0.42812
0.44973 0.033357 0.49401
0.40271 0.03342 0.51781
0.40338 0.034264 0.58528
0.44843 0.033697 0.60899
0.43838 0.035221 0.61669
0.48587 0.033953 0.60584
0.49807 0.03516 0.61791
0.43881 0.037156 0.62388
0.45582 0.03754 0.63169
0.49307 0.036551 0.62701
0.50517 0.037319 0.63466
0.46031 0.037604 0.63957
0.46405 0.0374 0.65824
0.48389 0.037471 0.64288
0.49956 0.037379 0.65418
0.46162 0.037372 0.66318
0.46446 0.037333 0.67866
0.50063 0.037229 0.66374
0.47316 0.037323 0.6889
0.47093 0.037341 0.715
0.48457 0.037262 0.6928
0.49195 0.037272 0.70668
0.4764 0.037372 0.73408
0.49193 0.037318 0.71775
0.49332 0.037363 0.73773
0.47676 0.037415 0.75508
0.47825 0.03746 0.76837
0.49459 0.037395 0.75666
0.49619 0.03745 0.76845
0.48007 0.037523 0.78126
0.47068 0.037571 0.80276
0.49246 0.037577 0.80844
0.47924 0.037623 0.83609
0.49473 0.037586 0.81875
0.49239 0.037624 0.83867
0.47727 0.037663 0.84984
0.47943 0.037677 0.86555
0.48642 0.037669 0.86293
0.47614 0.0377 0.88044
0.47333 0.037704 0.8908
0.49454 0.037697 0.88544
0.46904 0.037715 0.92975
0.49124 0.037731 0.91231
0.48626 0.037701 0.9319
0.47583 0.037677 0.9457
0.47579 0.034807 0.95334
0.48731 0.037679 0.93981
0.47702 0.033878 0.42738
0.41803 0.034072 0.49104
0.44656 0.033802 0.50732
0.46476 0.033887 0.56465
0.4732 0.035793 0.38984
0.48191 0.036606 0.37821
0.41698 0.035815 0.44588
0.40214 0.035043 0.46709
0.4164 0.036622 0.43203
0.40681 0.036258 0.45329
0.48041 0.034698 0.41128
0.42949 0.033982 0.45708
0.48069 0.035722 0.38823
0.442 0.033719 0.48909
0.41687 0.034269 0.52879
0.3693 0.037633 0.52444
0.42465 0.036937 0.5856
0.49129 0.033872 0.55057
0.45236 0.035517 0.59096
0.44965 0.033822 0.53364
0.43911 0.035944 0.59572
0.42831 0.036579 0.5912
0.48404 0.036495 0.37979
0.4326 0.036086 0.42699
0.4199 0.034735 0.47304
0.45211 0.035492 0.42139
0.41074 0.035029 0.47627
0.45831 0.036871 0.39877
0.43418 0.03421 0.47678
0.46841 0.034873 0.42136
0.46654 0.034535 0.45964
0.39315 0.036288 0.5402
0.41023 0.036614 0.55835
0.38501 0.03567 0.49187
0.43143 0.034769 0.54825
0.43182 0.034153 0.50196
0.4782 0.034148 0.56227
0.46232 0.033992 0.50097
0.44341 0.034451 0.56403
0.42963 0.036549 0.59083
0.482 0.036739 0.59318
0.45407 0.034308 0.44547
0.47068 0.034398 0.52405
0.50803 0.03779 0.044644
0.52647 0.037786 0.046602
0.52551 0.037786 0.055751
0.50728 0.037782 0.069098
0.50744 0.037779 0.084951
0.53091 0.037782 0.065603
0.5249 0.037778 0.085317
0.50271 0.03776 0.1017
0.51301 0.037753 0.11163
0.52888 0.037751 0.10407
0.52411 0.037748 0.11033
0.51599 0.037746 0.13145
0.51365 0.037742 0.14149
0.52034 0.037746 0.13011
0.52186 0.037742 0.15118
0.51124 0.03773 0.15669
0.51621 0.0377 0.17015
0.53077 0.037698 0.16676
0.52039 0.037699 0.17087
0.51594 0.037671 0.19306
0.50264 0.037663 0.19966
0.53013 0.037667 0.18909
0.5332 0.037633 0.20047
0.51342 0.037669 0.22059
0.51173 0.037668 0.23329
0.5264 0.03765 0.22227
0.52269 0.037662 0.2356
0.5055 0.03766 0.26195
0.52797 0.037631 0.24982
0.5243 0.037617 0.25645
0.50627 0.037665 0.27356
0.51712 0.03765 0.28818
0.53507 0.037627 0.27316
0.53888 0.037644 0.28951
0.50593 0.037735 0.3019
0.54075 0.037699 0.30379
0.5443 0.037706 0.31071
0.50098 0.038239 0.33093
0.53054 0.037937 0.32022
0.54727 0.037845 0.33977
0.5082 0.037809 0.33656
0.51052 0.037442 0.33884
0.55458 0.037304 0.36648
0.53261 0.035463 0.35461
0.52364 0.034382 0.36072
0.54919 0.035561 0.37702
0.52972 0.034275 0.42179
0.50725 0.033405 0.43735
0.52088 0.033729 0.4475
0.53066 0.033421 0.47516
0.48406 0.033373 0.52248
0.54104 0.033577 0.59595
0.57989 0.033408 0.56587
0.5892 0.034089 0.59472
0.51097 0.035631 0.62294
0.56308 0.035389 0.60727
0.55649 0.036437 0.61634
0.53938 0.036942 0.62805
0.51167 0.037518 0.64767
0.53227 0.037403 0.63541
0.54023 0.037359 0.64713
0.51179 0.037263 0.66044
0.51802 0.037175 0.67241
0.53492 0.03721 0.66541
0.53851 0.037241 0.6745
0.51146 0.037249 0.69024
0.50449 0.037263 0.70405
0.52577 0.037277 0.68659
0.53667 0.037303 0.7023
0.5032 0.037326 0.72802
0.50967 0.037367 0.74154
0.52108 0.037373 0.74237
0.50822 0.037387 0.75501
0.50938 0.037429 0.76612
0.52827 0.037389 0.74785
0.52111 0.037436 0.76741
0.51584 0.037506 0.78094
0.50606 0.037556 0.80254
0.52841 0.037524 0.79083
0.53297 0.037555 0.80293
0.50759 0.037579 0.81939
0.51302 0.037585 0.8285
0.52502 0.037577 0.82326
0.52542 0.037601 0.83255
0.51148 0.037663 0.86015
0.53288 0.037674 0.86654
0.50973 0.037694 0.88269
0.51532 0.037701 0.8963
0.53135 0.037695 0.88174
0.53202 0.037708 0.89859
0.50196 0.037732 0.91775
0.52096 0.03773 0.91459
0.50439 0.035035 0.95289
0.52832 0.037616 0.94594
0.52619 0.033545 0.95854
0.48401 0.033943 0.50336
0.51989 0.033742 0.54809
0.49985 0.034388 0.4007
0.50282 0.033887 0.47857
0.53709 0.036784 0.40014
0.48049 0.033822 0.44343
0.5421 0.034951 0.51817
0.50972 0.03652 0.44903
0.5619 0.036072 0.51955
0.52249 0.033741 0.52865
0.51403 0.034697 0.58209
0.56302 0.034083 0.565
0.55138 0.036306 0.58697
0.58258 0.034332 0.56379
0.57518 0.035745 0.58983
0.60552 0.037568 0.56089
0.59855 0.03778 0.57992
0.53095 0.036034 0.59577
0.52975 0.036475 0.3868
0.53149 0.035674 0.39439
0.4749 0.033844 0.48091
0.50418 0.034681 0.42307
0.50062 0.034549 0.46001
0.50886 0.036737 0.4489
0.53913 0.035184 0.4952
0.51634 0.034674 0.483
0.54005 0.03414 0.53751
0.53548 0.035734 0.56656
0.50526 0.034373 0.51264
0.52704 0.034666 0.55688
0.60001 0.037169 0.57049
0.589 0.036631 0.584
0.56921 0.035318 0.54073
0.48356 0.034259 0.45196
0.49544 0.034315 0.46464
0.51677 0.034399 0.52039
0.54233 0.037784 0.053178
0.56488 0.037778 0.036502
0.56057 0.037777 0.061741
0.54458 0.037766 0.089712
0.55652 0.037775 0.069522
0.55728 0.037769 0.085981
0.54489 0.037742 0.10493
0.54946 0.037737 0.12008
0.55465 0.037739 0.10436
0.55479 0.037736 0.12033
0.54544 0.037733 0.12991
0.56553 0.037729 0.13152
0.55832 0.037728 0.14208
0.5488 0.037694 0.16426
0.56807 0.037694 0.16264
0.55091 0.037632 0.19209
0.54311 0.037623 0.2068
0.56936 0.037642 0.19037
0.5642 0.037616 0.21156
0.54828 0.037613 0.21785
0.55949 0.037612 0.21702
0.57322 0.037611 0.24263
0.55017 0.037583 0.2523
0.57242 0.037582 0.25716
0.57118 0.037579 0.26405
0.55042 0.03762 0.28737
0.57615 0.037572 0.28111
0.57223 0.037557 0.29071
0.5604 0.037663 0.30459
0.5604 0.037664 0.32107
0.57441 0.037509 0.31456
0.57935 0.037427 0.33172
0.55209 0.037769 0.3245
0.56252 0.037618 0.35513
0.57335 0.037476 0.34249
0.55516 0.037419 0.37918
0.55856 0.037091 0.39684
0.55548 0.036902 0.40282
0.53763 0.034909 0.42842
0.56002 0.036363 0.42687
0.54707 0.033975 0.45756
0.56712 0.033872 0.49124
0.60237 0.033826 0.53505
0.6236 0.035919 0.54122
0.61892 0.036475 0.57173
0.60475 0.035651 0.59238
0.58012 0.036882 0.60836
0.61194 0.036588 0.58817
0.61513 0.037117 0.59768
0.58424 0.037268 0.61202
0.61064 0.037385 0.61681
0.59012 0.037475 0.62469
0.56939 0.037285 0.63316
0.54918 0.037324 0.64712
0.58568 0.037375 0.65108
0.55464 0.037331 0.66069
0.5531 0.037327 0.6797
0.57851 0.037356 0.65623
0.54483 0.037317 0.68678
0.55207 0.037362 0.70966
0.5692 0.037362 0.68992
0.55915 0.037376 0.7101
0.53912 0.037359 0.72531
0.5411 0.037397 0.74067
0.56269 0.0374 0.71835
0.54161 0.037408 0.75201
0.55526 0.037425 0.76032
0.56588 0.037479 0.77393
0.54022 0.037501 0.78146
0.54417 0.03756 0.80424
0.56634 0.037519 0.79154
0.56589 0.037578 0.80778
0.54941 0.037591 0.81495
0.54396 0.037625 0.8384
0.55624 0.037594 0.81715
0.55709 0.037618 0.83482
0.5409 0.037661 0.85576
0.55475 0.03766 0.85434
0.56161 0.037677 0.86876
0.54219 0.037701 0.8917
0.55744 0.037699 0.88634
0.5654 0.037706 0.89334
0.54743 0.037732 0.91203
0.53767 0.037682 0.93127
0.55996 0.037735 0.915
0.55599 0.03769 0.93077
0.54441 0.037632 0.94511
0.5485 0.033446 0.96025
0.56417 0.037648 0.94237
0.55496 0.034563 0.95372
0.56768 0.035887 0.52512
0.58486 0.036058 0.53921
0.57765 0.037773 0.044476
0.58814 0.037771 0.040289
0.59635 0.037766 0.061474
0.57377 0.037755 0.092187
0.59058 0.037764 0.071319
0.59721 0.037752 0.091456
0.57308 0.037733 0.10703
0.57805 0.037733 0.12112
0.59593 0.037741 0.10173
0.5886 0.037731 0.11278
0.58434 0.037724 0.13815
0.60131 0.037724 0.13165
0.59607 0.037721 0.14821
0.58243 0.03768 0.16627
0.57538 0.03767 0.17551
0.59144 0.037673 0.1688
0.60198 0.037664 0.17536
0.57687 0.037622 0.20754
0.59759 0.037631 0.19981
0.58253 0.037609 0.22569
0.58241 0.037608 0.2425
0.60811 0.037604 0.22342
0.59964 0.037581 0.24266
0.58974 0.037596 0.24917
0.59999 0.037553 0.25657
0.60327 0.03752 0.27343
0.58206 0.037557 0.28115
0.58922 0.037478 0.29705
0.60492 0.037464 0.29325
0.60158 0.037425 0.30247
0.58756 0.037411 0.31901
0.60748 0.037277 0.33197
0.60825 0.037214 0.34622
0.58515 0.037282 0.35199
0.57907 0.036984 0.38587
0.59629 0.037089 0.37153
0.57397 0.036652 0.40754
0.57371 0.036635 0.42291
0.59735 0.036988 0.40566
0.56785 0.036777 0.4356
0.56521 0.036799 0.45641
0.57133 0.036897 0.44438
0.57129 0.036715 0.45423
0.57634 0.036192 0.48455
0.5997 0.036821 0.50417
0.5788 0.036478 0.47367
0.60287 0.03698 0.50132
0.62783 0.037125 0.53333
0.63308 0.037691 0.55293
0.62671 0.03714 0.52245
0.63732 0.037793 0.55607
0.62696 0.037427 0.57018
0.61656 0.037339 0.60376
0.63699 0.03771 0.56733
0.63025 0.037574 0.58869
0.6218 0.037666 0.61891
0.62891 0.037725 0.6144
0.62928 0.037801 0.63626
0.60956 0.037603 0.6445
0.60137 0.037473 0.65151
0.6271 0.037926 0.65749
0.59134 0.037371 0.6629
0.58364 0.037341 0.6814
0.625 0.037756 0.66962
0.60648 0.037425 0.68077
0.58728 0.037375 0.69118
0.59837 0.037403 0.68885
0.59544 0.03743 0.70449
0.5746 0.037426 0.73659
0.59496 0.037454 0.73467
0.57536 0.037438 0.74848
0.60046 0.037465 0.75934
0.59534 0.037503 0.77484
0.57318 0.037541 0.79841
0.59426 0.037586 0.80735
0.58076 0.037592 0.81095
0.57895 0.037604 0.8276
0.59257 0.03761 0.82345
0.57983 0.03765 0.85116
0.59914 0.037657 0.85197
0.57481 0.03769 0.8774
0.59819 0.037716 0.899
0.57475 0.037731 0.91355
0.59421 0.03773 0.91192
0.57479 0.03763 0.94798
0.57797 0.034991 0.9529
0.59241 0.037659 0.94367
0.58692 0.033369 0.96341
0.61187 0.037766 0.044713
0.6143 0.037762 0.060698
0.63223 0.03776 0.042155
0.6342 0.037759 0.052747
0.61781 0.037755 0.073461
0.60609 0.037757 0.084927
0.63464 0.037747 0.077742
0.62967 0.03775 0.083683
0.61368 0.037737 0.1078
0.61255 0.037731 0.1229
0.62528 0.037741 0.10165
0.63198 0.037733 0.12021
0.60679 0.037727 0.12727
0.61918 0.037702 0.15391
0.63224 0.03772 0.12995
0.63355 0.037703 0.14393
0.61221 0.03768 0.16502
0.61987 0.037663 0.1772
0.63285 0.037684 0.16085
0.61986 0.037629 0.19777
0.61468 0.037615 0.21494
0.62968 0.037618 0.202
0.631 0.037606 0.21431
0.61394 0.037542 0.23819
0.63139 0.037549 0.23249
0.6347 0.037528 0.2431
0.63769 0.037475 0.26803
0.61993 0.037349 0.30882
0.63245 0.03741 0.29354
0.63872 0.037285 0.32689
0.63175 0.037249 0.33389
0.63195 0.037101 0.36402
0.60845 0.037079 0.3713
0.60619 0.0371 0.39764
0.62143 0.037041 0.3716
0.61822 0.037192 0.39647
0.59158 0.036729 0.43014
0.60669 0.036728 0.42706
0.59206 0.036523 0.44325
0.58932 0.036368 0.46838
0.60209 0.03647 0.45004
0.60687 0.036505 0.45418
0.61247 0.036773 0.4935
0.61712 0.03666 0.4769
0.63124 0.036853 0.49722
0.63698 0.037172 0.51402
0.64508 0.037817 0.54714
0.64686 0.037161 0.50998
0.65227 0.037539 0.53695
0.65056 0.037795 0.56103
0.64798 0.037645 0.58518
0.66014 0.037713 0.55952
0.65542 0.037697 0.57984
0.64564 0.037666 0.6027
0.65475 0.037701 0.6124
0.63955 0.037956 0.65061
0.65446 0.037764 0.65058
0.63303 0.037993 0.66925
0.62146 0.037605 0.68177
0.64105 0.037699 0.68873
0.64183 0.037593 0.69699
0.61242 0.037495 0.71663
0.61006 0.037476 0.73412
0.63236 0.037504 0.73674
0.61442 0.037492 0.75259
0.6089 0.037488 0.76529
0.6292 0.037506 0.75545
0.62894 0.037508 0.76322
0.61274 0.037547 0.79005
0.61402 0.037562 0.79609
0.6298 0.037562 0.78955
0.63216 0.037578 0.79635
0.60621 0.037612 0.81193
0.60906 0.037648 0.83917
0.6322 0.037634 0.81424
0.63585 0.037663 0.83595
0.6097 0.03766 0.84601
0.60504 0.037666 0.86002
0.62804 0.037675 0.84968
0.62559 0.037681 0.86299
0.61222 0.037695 0.87596
0.60686 0.037714 0.8953
0.62144 0.037708 0.88392
0.63141 0.037716 0.89303
0.60944 0.037735 0.91279
0.61008 0.037717 0.92905
0.62186 0.03772 0.93039
0.61173 0.037686 0.9465
0.62389 0.037701 0.93959
0.62994 0.033357 0.96452
0.64143 0.037756 0.046265
0.65637 0.03775 0.038119
0.65841 0.037745 0.062515
0.64891 0.037742 0.077211
0.64297 0.037742 0.093042
0.66613 0.03774 0.072065
0.66904 0.037741 0.083218
0.65893 0.037739 0.10654
0.65273 0.037689 0.15413
0.6624 0.037705 0.13683
0.66428 0.037687 0.15395
0.64843 0.037676 0.16278
0.65067 0.037652 0.18563
0.66353 0.037663 0.17002
0.66019 0.037654 0.1768
0.65061 0.037639 0.1924
0.64853 0.037609 0.20879
0.67021 0.037629 0.19568
0.66985 0.037606 0.21151
0.64582 0.037561 0.23105
0.65291 0.037526 0.25121
0.66566 0.037504 0.25596
0.64825 0.037463 0.26928
0.64787 0.037415 0.28622
0.67336 0.037447 0.27005
0.66367 0.037414 0.28068
0.65183 0.037337 0.30708
0.66531 0.037313 0.32764
0.64572 0.03727 0.33482
0.64222 0.037065 0.36738
0.66532 0.037261 0.33833
0.6632 0.037114 0.36333
0.63248 0.037083 0.3991
0.64317 0.037006 0.39429
0.63303 0.036834 0.42679
0.64653 0.036886 0.41512
0.64641 0.036865 0.42627
0.62484 0.036683 0.44694
0.63563 0.036691 0.46132
0.6504 0.036817 0.44542
0.642 0.03679 0.48229
0.64487 0.036831 0.48973
0.65416 0.036855 0.48078
0.66471 0.036997 0.49617
0.65504 0.037084 0.50609
0.66369 0.037379 0.52801
0.67274 0.03718 0.51132
0.68529 0.037367 0.52929
0.68254 0.03755 0.55653
0.68371 0.037568 0.57539
0.67432 0.037638 0.58876
0.67734 0.03762 0.61096
0.69112 0.037648 0.61157
0.66907 0.037623 0.64445
0.68599 0.037642 0.62603
0.67528 0.037637 0.64884
0.66047 0.037783 0.66306
0.68115 0.037622 0.662
0.65657 0.0375 0.7027
0.66259 0.037632 0.6853
0.66344 0.037521 0.69749
0.64895 0.037431 0.71846
0.64579 0.037493 0.73531
0.66282 0.037453 0.72307
0.67232 0.037512 0.73515
0.65146 0.037516 0.74574
0.64555 0.037531 0.76436
0.66521 0.037542 0.7523
0.6617 0.037542 0.76242
0.64077 0.03757 0.78739
0.65026 0.037598 0.79893
0.65931 0.037577 0.78213
0.65918 0.037614 0.80257
0.64986 0.037642 0.81563
0.64615 0.037669 0.83579
0.66663 0.037658 0.81847
0.66809 0.037682 0.83674
0.64764 0.037682 0.84294
0.64694 0.037693 0.85891
0.65762 0.037695 0.84739
0.66289 0.037707 0.86777
0.65069 0.037713 0.8848
0.65052 0.037717 0.89235
0.65745 0.037714 0.88578
0.66582 0.037724 0.89727
0.64644 0.037736 0.91092
0.6387 0.03771 0.9294
0.66542 0.037732 0.90596
0.66152 0.037731 0.92102
0.63744 0.037673 0.94315
0.64308 0.034357 0.95429
0.6586 0.037654 0.94107
0.66657 0.034035 0.9553
0.68359 0.03773 0.044591
0.68574 0.037729 0.051096
0.70217 0.037723 0.040346
0.69351 0.037729 0.058301
0.70122 0.03773 0.070621
0.69998 0.037735 0.089964
0.67393 0.03774 0.099289
0.6749 0.037734 0.11978
0.679 0.037705 0.13658
0.68162 0.037687 0.15277
0.68517 0.03767 0.16472
0.69796 0.037666 0.16939
0.68584 0.037614 0.20122
0.67715 0.037603 0.21214
0.70082 0.037603 0.20826
0.69356 0.037586 0.22103
0.68261 0.037553 0.23509
0.69394 0.037536 0.2416
0.7001 0.037532 0.24674
0.68575 0.037407 0.28508
0.70233 0.037452 0.27505
0.69497 0.037417 0.28368
0.67945 0.037334 0.3226
0.6981 0.037368 0.31171
0.69729 0.037354 0.3186
0.68541 0.03725 0.33794
0.67763 0.037168 0.35242
0.692 0.037219 0.34723
0.687 0.037144 0.36173
0.66971 0.037028 0.37672
0.66449 0.036949 0.38924
0.6897 0.037091 0.38033
0.68932 0.037071 0.39022
0.67218 0.036942 0.40726
0.66694 0.036911 0.42911
0.68572 0.03703 0.40753
0.69386 0.037042 0.42404
0.67055 0.03689 0.46295
0.69211 0.036996 0.4458
0.67658 0.036969 0.47892
0.6882 0.037072 0.49111
0.70256 0.037103 0.47531
0.70792 0.037207 0.49523
0.68677 0.037258 0.51253
0.69125 0.037376 0.53051
0.71014 0.037346 0.52056
0.69406 0.037427 0.54067
0.70075 0.037503 0.56961
0.7104 0.037409 0.53822
0.71726 0.037511 0.56918
0.69974 0.037649 0.6134
0.71478 0.037531 0.58174
0.72288 0.037627 0.60662
0.70673 0.03763 0.61941
0.71475 0.037629 0.62798
0.71521 0.037611 0.64536
0.69314 0.037595 0.66234
0.69068 0.037574 0.67034
0.70799 0.0376 0.65461
0.70672 0.037573 0.66962
0.68226 0.037501 0.70399
0.69979 0.037521 0.69776
0.68772 0.037534 0.72168
0.67824 0.037524 0.73337
0.69435 0.037536 0.71312
0.68347 0.037574 0.75712
0.67641 0.037584 0.77242
0.69977 0.037589 0.74879
0.70329 0.037618 0.76989
0.67954 0.037604 0.78064
0.68142 0.037631 0.79893
0.69767 0.037626 0.77907
0.69126 0.037654 0.80605
0.67685 0.037658 0.81358
0.69041 0.037664 0.81147
0.69205 0.03769 0.83356
0.68366 0.037707 0.85383
0.6977 0.037706 0.84373
0.69031 0.037716 0.86952
0.68322 0.037717 0.87549
0.69373 0.037719 0.87435
0.69394 0.037728 0.89747
0.68137 0.037737 0.91099
0.67186 0.037683 0.93225
0.69183 0.03768 0.93138
0.68267 0.037629 0.94348
0.6839 0.033367 0.96356
0.69775 0.033592 0.958
0.71193 0.03772 0.037286
0.71095 0.037722 0.054124
0.72751 0.037715 0.042271
0.73017 0.037717 0.060064
0.71377 0.037727 0.074996
0.73117 0.03772 0.074508
0.71449 0.037722 0.099221
0.7116 0.037712 0.12361
0.72977 0.037711 0.11024
0.73396 0.037705 0.12503
0.71014 0.037687 0.15406
0.73647 0.037693 0.14391
0.73447 0.037684 0.156
0.71108 0.037666 0.17197
0.70926 0.037644 0.18867
0.72672 0.037676 0.16472
0.73604 0.037656 0.18307
0.71131 0.037631 0.19604
0.71108 0.037599 0.21484
0.72628 0.03762 0.20467
0.71868 0.037556 0.2417
0.7372 0.037559 0.24921
0.72215 0.03751 0.26541
0.72184 0.037465 0.28695
0.71001 0.037411 0.30396
0.71637 0.037358 0.32718
0.73637 0.037446 0.30523
0.72408 0.037364 0.32849
0.7171 0.037332 0.33405
0.71468 0.037246 0.35785
0.72924 0.037362 0.33472
0.73331 0.037324 0.35725
0.71512 0.037188 0.37727
0.70294 0.037131 0.38885
0.72509 0.037257 0.36931
0.72002 0.037183 0.393
0.70819 0.037112 0.41202
0.73127 0.037253 0.40158
0.72158 0.037173 0.41992
0.7128 0.037098 0.43428
0.70719 0.037085 0.45983
0.73013 0.037234 0.4402
0.72718 0.037214 0.45627
0.71572 0.037138 0.46826
0.71888 0.037198 0.48745
0.72299 0.037184 0.46586
0.73269 0.037292 0.48879
0.73237 0.03733 0.50565
0.73974 0.037389 0.51992
0.72678 0.037459 0.54725
0.74334 0.037455 0.54513
0.7492 0.037509 0.56685
0.73635 0.0376 0.60614
0.74996 0.037534 0.58027
0.74531 0.037569 0.59239
0.72922 0.03762 0.64092
0.74133 0.037633 0.61522
0.74601 0.037647 0.64146
0.72591 0.037607 0.65886
0.72919 0.037599 0.66558
0.73838 0.037626 0.65392
0.73917 0.037627 0.67277
0.72313 0.037574 0.69278
0.71796 0.037572 0.70145
0.73488 0.037613 0.68442
0.73728 0.037614 0.69841
0.72355 0.037602 0.7204
0.71095 0.037589 0.73334
0.72789 0.037612 0.72934
0.71408 0.037612 0.7495
0.71315 0.037622 0.76359
0.73517 0.037637 0.7469
0.73072 0.037643 0.76548
0.71711 0.037658 0.78267
0.70761 0.03766 0.7986
0.72893 0.037667 0.78146
0.71652 0.037692 0.82078
0.70701 0.037697 0.8323
0.72936 0.037691 0.80945
0.71905 0.037714 0.84143
0.70641 0.03772 0.86344
0.72544 0.037715 0.84153
0.71304 0.037727 0.88457
0.70698 0.037726 0.88914
0.7233 0.037728 0.8761
0.73509 0.037734 0.89849
0.70572 0.037738 0.91134
0.71687 0.037732 0.92024
0.73327 0.037738 0.9078
0.71208 0.033456 0.96002
0.73426 0.037629 0.94131
0.74142 0.037712 0.043258
0.74411 0.037713 0.056738
0.76371 0.037706 0.058099
0.75871 0.03771 0.076132
0.75664 0.037711 0.089683
0.76739 0.037705 0.10303
0.75766 0.037708 0.11601
0.74654 0.037692 0.14345
0.74286 0.03769 0.14907
0.75936 0.037696 0.13203
0.76748 0.037678 0.15531
0.74437 0.037669 0.16798
0.75011 0.037642 0.1911
0.75996 0.037657 0.17517
0.75865 0.037642 0.1897
0.75368 0.037624 0.20274
0.74822 0.037597 0.22682
0.76529 0.037611 0.22145
0.74773 0.03758 0.24022
0.76947 0.037601 0.232
0.75243 0.037547 0.26521
0.74179 0.037504 0.2818
0.76633 0.037553 0.26911
0.74591 0.037435 0.3244
0.75856 0.037496 0.2993
0.76102 0.037472 0.32121
0.74281 0.037402 0.33675
0.74122 0.037346 0.36238
0.76113 0.037429 0.34273
0.76484 0.037419 0.35437
0.75055 0.037334 0.37676
0.74603 0.037313 0.38512
0.76765 0.037399 0.37295
0.75782 0.037343 0.38726
0.74363 0.037299 0.40015
0.74274 0.037284 0.42715
0.76387 0.037352 0.40921
0.74018 0.037279 0.43958
0.74205 0.037295 0.45864
0.76226 0.037341 0.44034
0.76633 0.037359 0.45119
0.7529 0.037321 0.46574
0.7462 0.037332 0.48502
0.7703 0.037393 0.47173
0.76976 0.037398 0.48232
0.76983 0.037425 0.50516
0.76577 0.037442 0.52855
0.75437 0.037465 0.54352
0.75625 0.037503 0.56301
0.77002 0.037483 0.53976
0.77878 0.037538 0.55603
0.76464 0.037533 0.58463
0.77027 0.037581 0.60278
0.77539 0.037601 0.60931
0.75282 0.037664 0.65435
0.75251 0.037666 0.67071
0.77219 0.037664 0.65277
0.75535 0.037676 0.68439
0.75157 0.037662 0.70345
0.77233 0.037676 0.69066
0.75429 0.037674 0.72198
0.75043 0.037663 0.74051
0.74955 0.037658 0.7574
0.74638 0.037658 0.76173
0.7646 0.037679 0.76364
0.7509 0.037693 0.78198
0.74938 0.037702 0.80014
0.75964 0.037692 0.77712
0.75321 0.037711 0.81946
0.75236 0.037716 0.83659
0.76097 0.037711 0.81067
0.76639 0.037714 0.82817
0.74261 0.037725 0.86318
0.76044 0.037723 0.85116
0.74731 0.037726 0.87221
0.74299 0.037734 0.90019
0.75969 0.037727 0.8809
0.75893 0.037732 0.8953
0.74973 0.037736 0.90429
0.76501 0.037738 0.91094
0.75753 0.037691 0.93003
0.73995 0.037638 0.94022
0.74158 0.033593 0.95798
0.76614 0.033423 0.96087
0.77504 0.037699 0.043721
0.78337 0.037697 0.052097
0.79767 0.037693 0.047201
0.8007 0.037695 0.062795
0.77887 0.037703 0.067983
0.79318 0.0377 0.089264
0.78421 0.037694 0.11205
0.78348 0.037688 0.12734
0.7947 0.037692 0.10884
0.79849 0.037688 0.12292
0.78464 0.037681 0.14191
0.78214 0.037676 0.15497
0.7913 0.037684 0.13506
0.79284 0.037675 0.15964
0.78243 0.037663 0.17476
0.80111 0.037674 0.16597
0.79048 0.037651 0.19298
0.7821 0.037638 0.20387
0.78494 0.03762 0.22502
0.7977 0.037642 0.20879
0.79378 0.037626 0.22409
0.77643 0.037603 0.23459
0.77594 0.037575 0.26008
0.79345 0.037616 0.23367
0.79377 0.0376 0.2515
0.79642 0.037581 0.27311
0.77386 0.037517 0.31054
0.77966 0.037511 0.32605
0.80226 0.037567 0.29858
0.79115 0.037531 0.32029
0.78006 0.037482 0.34272
0.77875 0.037455 0.35875
0.7901 0.037504 0.33541
0.78945 0.037474 0.35489
0.78134 0.037435 0.3741
0.78503 0.037421 0.3904
0.7986 0.037482 0.3726
0.79926 0.037471 0.39113
0.78342 0.037408 0.40513
0.78008 0.037396 0.4201
0.79132 0.037433 0.40248
0.79646 0.037447 0.42577
0.78002 0.037402 0.44105
0.7951 0.037445 0.44383
0.79293 0.037436 0.44831
0.77743 0.037411 0.46835
0.78415 0.037431 0.48458
0.79639 0.037457 0.46694
0.8051 0.037507 0.4899
0.79003 0.037467 0.51024
0.79894 0.037492 0.50677
0.80685 0.03755 0.52881
0.78397 0.037552 0.56001
0.80218 0.037541 0.53446
0.80584 0.037582 0.56292
0.79089 0.037568 0.58084
0.78858 0.037584 0.59206
0.80427 0.037587 0.5793
0.7944 0.0376 0.60677
0.80186 0.037608 0.60879
0.78346 0.037667 0.64587
0.7822 0.037676 0.66608
0.80488 0.037667 0.6505
0.79914 0.037676 0.67156
0.78197 0.03768 0.69019
0.7835 0.037682 0.69816
0.80409 0.037691 0.68737
0.80345 0.037691 0.69254
0.78695 0.037688 0.71696
0.77638 0.037687 0.73821
0.79272 0.037696 0.73871
0.78264 0.037695 0.74739
0.7855 0.037707 0.76921
0.8027 0.037711 0.74684
0.79966 0.037725 0.79856
0.77503 0.037713 0.81986
0.78103 0.037718 0.83419
0.79152 0.03772 0.81015
0.80117 0.037723 0.8338
0.77969 0.037725 0.85611
0.79118 0.037724 0.84515
0.78105 0.03773 0.87953
0.77472 0.037733 0.89724
0.79809 0.037729 0.89388
0.77968 0.037688 0.93193
0.7942 0.037735 0.91432
0.78388 0.037634 0.94825
0.77496 0.033372 0.96314
0.79329 0.037645 0.9419
0.7983 0.033804 0.95632
0.80505 0.037692 0.046513
0.80571 0.037693 0.053728
0.83072 0.037686 0.046721
0.83315 0.037686 0.051884
0.80525 0.037697 0.076229
0.8069 0.037695 0.091264
0.83001 0.037687 0.072325
0.82311 0.03769 0.088669
0.81211 0.03769 0.10339
0.81097 0.037688 0.121
0.82222 0.037688 0.1064
0.82926 0.037687 0.12345
0.8294 0.037687 0.13834
0.82238 0.037676 0.17179
0.82244 0.03767 0.18344
0.81353 0.037657 0.2039
0.80698 0.037643 0.21928
0.83406 0.03766 0.21005
0.83061 0.037654 0.21994
0.808 0.037631 0.23476
0.81128 0.037618 0.25508
0.83242 0.037631 0.25523
0.81929 0.0376 0.27811
0.81452 0.037595 0.28691
0.83457 0.037619 0.27513
0.8278 0.037601 0.29065
0.81831 0.037584 0.29977
0.81282 0.037566 0.31619
0.8295 0.037596 0.30132
0.82275 0.037568 0.32544
0.81024 0.037538 0.34094
0.81489 0.037541 0.35059
0.82393 0.037558 0.34333
0.80981 0.03752 0.37526
0.80879 0.037506 0.39393
0.83255 0.037561 0.37557
0.80926 0.037503 0.40634
0.81019 0.037505 0.42495
0.82736 0.037535 0.42015
0.81115 0.037511 0.43913
0.82059 0.037523 0.45128
0.83428 0.03755 0.43641
0.81371 0.037526 0.4692
0.81031 0.037529 0.49009
0.81128 0.037546 0.50984
0.82105 0.037561 0.51935
0.83216 0.037577 0.51971
0.81968 0.037602 0.55555
0.82883 0.037598 0.5516
0.821 0.037634 0.60049
0.83956 0.037643 0.57937
0.83506 0.037646 0.59738
0.82325 0.037632 0.61693
0.82392 0.037646 0.63265
0.83698 0.037652 0.61097
0.83097 0.037649 0.62898
0.81643 0.037672 0.65178
0.81673 0.037677 0.6587
0.83098 0.037659 0.64044
0.82126 0.037692 0.67439
0.81339 0.037708 0.70431
0.83132 0.037706 0.69202
0.81542 0.037714 0.71563
0.82949 0.037715 0.71397
0.81132 0.037718 0.74187
0.81149 0.037723 0.76695
0.83673 0.037728 0.74513
0.83688 0.03773 0.75993
0.80822 0.037725 0.77983
0.81133 0.037727 0.80057
0.83512 0.03773 0.78267
0.82871 0.037728 0.79704
0.81378 0.037729 0.80973
0.82761 0.03773 0.82972
0.80738 0.037728 0.8496
0.81354 0.037727 0.86197
0.83226 0.037728 0.84527
0.83159 0.037727 0.86402
0.8172 0.037725 0.874
0.80664 0.037727 0.89249
0.82853 0.037726 0.88247
0.80821 0.03773 0.90726
0.80714 0.037713 0.92212
0.82085 0.037727 0.90834
0.80702 0.03764 0.93836
0.8145 0.033411 0.96122
0.82908 0.037588 0.94822
0.82272 0.033368 0.96343
0.84376 0.037682 0.044506
0.84073 0.037683 0.054444
0.86264 0.037678 0.044682
0.8468 0.03768 0.078231
0.85031 0.03768 0.090205
0.8536 0.037677 0.073523
0.85546 0.037678 0.08852
0.85716 0.037683 0.10673
0.85666 0.037681 0.12977
0.84177 0.03768 0.1442
0.84856 0.037674 0.15639
0.86074 0.037676 0.13993
0.8548 0.037673 0.14985
0.83988 0.037671 0.1781
0.8424 0.037669 0.18881
0.85901 0.037672 0.17834
0.86684 0.037671 0.1932
0.85124 0.037664 0.20549
0.83969 0.037653 0.22584
0.86235 0.037666 0.20753
0.85474 0.037656 0.22743
0.84979 0.037647 0.24135
0.85922 0.037652 0.24192
0.86135 0.037651 0.25246
0.85826 0.037643 0.27078
0.86037 0.037637 0.2912
0.84545 0.037614 0.31054
0.83912 0.037599 0.31979
0.86275 0.037633 0.30326
0.85777 0.037623 0.31578
0.84357 0.037592 0.34993
0.85942 0.037616 0.33789
0.86727 0.037618 0.35676
0.84675 0.037584 0.3759
0.85565 0.037591 0.3745
0.86439 0.037603 0.3871
0.85085 0.037582 0.40618
0.85234 0.037581 0.41919
0.85638 0.037588 0.40106
0.86578 0.037602 0.42664
0.84529 0.037574 0.43788
0.84031 0.037564 0.45307
0.85913 0.037589 0.44232
0.86426 0.037599 0.45715
0.84381 0.037574 0.47395
0.84863 0.037587 0.48869
0.84845 0.037605 0.51073
0.85511 0.03762 0.52979
0.87013 0.037638 0.52057
0.85183 0.037625 0.54044
0.85321 0.037634 0.55626
0.8689 0.037644 0.54103
0.86669 0.037646 0.55418
0.85513 0.037647 0.57642
0.84815 0.037668 0.59669
0.86846 0.037659 0.57507
0.86121 0.037663 0.59229
0.85582 0.03769 0.62331
0.86553 0.037678 0.60399
0.85998 0.037695 0.63412
0.85429 0.037702 0.66354
0.86926 0.037703 0.64224
0.86306 0.037707 0.66694
0.85264 0.037701 0.68379
0.84404 0.037706 0.69348
0.86482 0.037711 0.67574
0.86676 0.037722 0.70097
0.84486 0.037716 0.71173
0.85069 0.037724 0.72959
0.85881 0.037715 0.70785
0.85896 0.037725 0.73224
0.84787 0.037728 0.74241
0.84463 0.037732 0.76846
0.85983 0.037732 0.76396
0.84062 0.037732 0.7987
0.8632 0.037734 0.7746
0.86693 0.037734 0.79347
0.84351 0.037733 0.81812
0.86537 0.037733 0.80772
0.86209 0.03773 0.82496
0.84502 0.037728 0.8453
0.86156 0.037727 0.84097
0.86239 0.037726 0.85827
0.84708 0.037728 0.8769
0.84251 0.037726 0.89747
0.86094 0.037727 0.87108
0.84572 0.037716 0.91907
0.86439 0.037721 0.90583
0.8559 0.037704 0.92203
0.85006 0.037657 0.93583
0.84312 0.033436 0.96046
0.86316 0.037666 0.93535
0.86134 0.033367 0.96355
0.87022 0.037676 0.039018
0.87199 0.037675 0.060589
0.88658 0.037673 0.039822
0.88805 0.037673 0.051637
0.88153 0.037673 0.075782
0.88214 0.037673 0.091194
0.89649 0.037672 0.077873
0.89075 0.037672 0.085172
0.88155 0.037676 0.10764
0.88241 0.037676 0.12612
0.89068 0.037675 0.11736
0.87567 0.037675 0.13622
0.88299 0.037674 0.15616
0.89426 0.037674 0.1459
0.8896 0.037675 0.15988
0.87756 0.037675 0.18833
0.89371 0.037676 0.16739
0.89789 0.037676 0.18711
0.87296 0.037671 0.20111
0.87835 0.037669 0.21676
0.89153 0.037672 0.20823
0.88752 0.037671 0.21931
0.87112 0.037664 0.23434
0.87438 0.037656 0.27169
0.87651 0.037651 0.28683
0.89873 0.037669 0.26624
0.89183 0.037659 0.28911
0.87268 0.037638 0.31164
0.88229 0.037645 0.31976
0.88894 0.037653 0.30016
0.88802 0.037648 0.31669
0.87954 0.037639 0.34198
0.89503 0.037651 0.3366
0.89992 0.037653 0.35028
0.88004 0.037633 0.37729
0.87291 0.037618 0.38507
0.89407 0.037647 0.36939
0.89721 0.037649 0.39026
0.8756 0.037621 0.4052
0.87805 0.037624 0.4179
0.89863 0.03765 0.41122
0.89436 0.037643 0.41705
0.88484 0.037631 0.43977
0.88905 0.037635 0.45002
0.88432 0.037634 0.47931
0.88271 0.037642 0.49439
0.88919 0.037643 0.49264
0.87415 0.037635 0.50435
0.88195 0.03766 0.52962
0.89246 0.03766 0.51258
0.89432 0.037668 0.52562
0.87868 0.037659 0.53986
0.89413 0.037672 0.53794
0.8984 0.037684 0.55245
0.88369 0.037678 0.57501
0.88153 0.037689 0.59822
0.89538 0.037685 0.5754
0.89236 0.037694 0.599
0.88062 0.037694 0.6067
0.88554 0.037706 0.63272
0.89195 0.0377 0.61025
0.89136 0.037707 0.62775
0.88371 0.037713 0.65071
0.89257 0.037715 0.64832
0.89536 0.037726 0.66061
0.87611 0.037727 0.67723
0.90079 0.037741 0.69954
0.87497 0.037735 0.71552
0.88318 0.03774 0.73252
0.89757 0.037742 0.706
0.8929 0.037741 0.72504
0.87602 0.037736 0.74772
0.87435 0.037735 0.76718
0.88954 0.037738 0.74543
0.8995 0.037735 0.76592
0.87647 0.037735 0.78235
0.88028 0.037733 0.79892
0.89181 0.037732 0.78966
0.87317 0.037732 0.8171
0.87906 0.037729 0.82603
0.89069 0.03773 0.80621
0.87816 0.037726 0.84154
0.88256 0.037724 0.86439
0.89564 0.037724 0.84045
0.88743 0.037723 0.85951
0.87561 0.037723 0.89157
0.89296 0.037722 0.87039
0.8958 0.03772 0.89011
0.8808 0.03772 0.90372
0.88189 0.03769 0.92898
0.89376 0.037716 0.91009
0.89717 0.037674 0.93053
0.87302 0.037657 0.94084
0.89846 0.033415 0.96109
0.90546 0.037672 0.037467
0.91231 0.037672 0.053935
0.92249 0.037651 0.038769
0.91536 0.037673 0.074943
0.90426 0.037673 0.089765
0.92882 0.037631 0.093994
0.91187 0.037673 0.10807
0.91015 0.037674 0.12829
0.92135 0.037659 0.10299
0.92387 0.037652 0.11735
0.90625 0.037674 0.13359
0.90877 0.037676 0.15728
0.92249 0.037658 0.13806
0.91436 0.037676 0.18645
0.92817 0.037649 0.1701
0.93093 0.037634 0.19469
0.91531 0.037673 0.20362
0.91297 0.037672 0.22056
0.92742 0.037634 0.20765
0.91951 0.037664 0.22458
0.90917 0.037671 0.2445
0.92812 0.03764 0.24113
0.92227 0.037658 0.25423
0.90937 0.037671 0.26804
0.93171 0.037634 0.27778
0.93091 0.037637 0.29206
0.91271 0.037668 0.32356
0.92406 0.037656 0.3005
0.92301 0.037659 0.32041
0.90523 0.03766 0.33431
0.90811 0.03766 0.35957
0.92967 0.037645 0.33529
0.92014 0.037663 0.35386
0.90708 0.037659 0.37004
0.91185 0.037665 0.38922
0.92549 0.03764 0.39386
0.92542 0.037641 0.40174
0.93094 0.037624 0.42925
0.9069 0.037664 0.45412
0.92752 0.037639 0.4342
0.90914 0.037669 0.47995
0.90661 0.037673 0.49586
0.92798 0.03764 0.47185
0.92553 0.037652 0.48594
0.91303 0.037687 0.50365
0.91408 0.037698 0.5237
0.92922 0.03766 0.51286
0.92679 0.037671 0.52002
0.92545 0.03768 0.5388
0.92738 0.037681 0.55575
0.91672 0.037721 0.59752
0.92692 0.037704 0.57682
0.93042 0.037714 0.59692
0.91258 0.037723 0.60686
0.90769 0.037726 0.62428
0.92393 0.037723 0.60788
0.92541 0.037725 0.62042
0.90616 0.037732 0.64577
0.9331 0.03769 0.64936
0.92419 0.037721 0.66534
0.91465 0.037734 0.69006
0.92577 0.037705 0.68318
0.92884 0.03769 0.69791
0.91383 0.03774 0.70693
0.92351 0.037714 0.7109
0.91071 0.037738 0.74295
0.91388 0.037734 0.76203
0.92064 0.037726 0.73895
0.9199 0.037725 0.76708
0.91502 0.037731 0.77415
0.91397 0.037728 0.79049
0.92633 0.037703 0.77819
0.92695 0.037697 0.79757
0.90552 0.037725 0.81758
0.91269 0.037722 0.82388
0.92143 0.037711 0.805
0.91907 0.037714 0.82765
0.90656 0.037721 0.8468
0.90688 0.03772 0.86326
0.92378 0.03769 0.83747
0.91945 0.037709 0.86271
0.91222 0.037719 0.874
0.91945 0.03771 0.87263
0.93074 0.03767 0.89004
0.90779 0.037712 0.91016
0.90891 0.037668 0.92901
0.92077 0.037695 0.90915
0.92866 0.037626 0.92508
0.9074 0.037627 0.94099
0.91337 0.033495 0.95918
0.91917 0.03761 0.93949
0.92431 0.033436 0.96043
0.93774 0.037592 0.042085
0.938 0.037592 0.054505
0.95401 0.034368 0.037234
0.95745 0.033633 0.061063
0.935 0.037604 0.074277
0.95993 0.033456 0.087096
0.94683 0.037574 0.10534
0.95914 0.033498 0.12675
0.94672 0.037578 0.14419
0.94327 0.037594 0.15447
0.9584 0.033548 0.13983
0.95184 0.035646 0.15678
0.93642 0.037628 0.17016
0.94612 0.037592 0.1936
0.95501 0.034071 0.19506
0.93994 0.037593 0.20346
0.94002 0.03759 0.22609
0.9632 0.033371 0.21216
0.96098 0.033417 0.21914
0.94079 0.03761 0.24473
0.94681 0.037598 0.25017
0.96089 0.03342 0.23469
0.9525 0.035156 0.26126
0.94355 0.037603 0.26855
0.94014 0.037611 0.28551
0.95958 0.033474 0.27295
0.94169 0.037607 0.29948
0.94129 0.037617 0.32761
0.9548 0.03413 0.29914
0.96439 0.033358 0.32201
0.9457 0.037616 0.33966
0.94328 0.037617 0.35441
0.9586 0.033533 0.35735
0.94032 0.037608 0.3657
0.94736 0.037559 0.39531
0.96419 0.03336 0.37725
0.95201 0.035453 0.39411
0.94569 0.037562 0.40493
0.96345 0.033367 0.40797
0.9563 0.033782 0.42686
0.94141 0.037594 0.4433
0.94547 0.037583 0.45023
0.9534 0.034615 0.43388
0.95966 0.033468 0.45124
0.93951 0.037596 0.47153
0.96355 0.033366 0.47837
0.95515 0.034036 0.49441
0.9463 0.037598 0.50842
0.94248 0.037617 0.52202
0.95297 0.034907 0.5115
0.95973 0.033468 0.52673
0.93749 0.037642 0.55497
0.96433 0.033359 0.5393
0.95849 0.033552 0.55767
0.94396 0.037706 0.59481
0.94095 0.037702 0.61407
0.94111 0.037694 0.62309
0.95971 0.033477 0.62833
0.94442 0.037658 0.64026
0.96133 0.033412 0.63799
0.96358 0.033367 0.6604
0.94861 0.037619 0.67823
0.95999 0.03346 0.67634
0.95918 0.033502 0.69735
0.94082 0.037628 0.71561
0.93983 0.037629 0.72661
0.95417 0.034374 0.71732
0.95485 0.034147 0.72247
0.94355 0.037612 0.75753
0.95551 0.03397 0.74884
0.95962 0.033475 0.75769
0.94123 0.037661 0.78111
0.94121 0.037647 0.80073
0.95759 0.033632 0.78904
0.93967 0.037645 0.80576
0.95405 0.034397 0.81381
0.95896 0.03351 0.83196
0.93806 0.037616 0.84736
0.9649 0.033354 0.8582
0.94262 0.037633 0.88685
0.95939 0.033484 0.87129
0.93766 0.037599 0.92232
0.95623 0.033803 0.90824
0.96455 0.033356 0.92082
0.93855 0.037542 0.93671
0.94213 0.033546 0.95838
0.95918 0.033491 0.94267
0.95415 0.033351 0.96278
