2635
1 1 1
0.034996 0.037605 0.044814
0.041097 0.037606 0.054113
0.062674 0.037606 0.035658
0.058668 0.037606 0.051347
0.046257 0.037607 0.06875
0.0437 0.037608 0.092949
0.060058 0.037608 0.08043
0.056495 0.037608 0.096599
0.038625 0.037608 0.11008
0.041353 0.03761 0.11996
0.063668 0.037608 0.10679
0.063202 0.037618 0.14219
0.040486 0.037611 0.18754
0.058636 0.037612 0.17758
0.061432 0.037613 0.19307
0.036191 0.037613 0.19781
0.040456 0.037617 0.22341
0.05351 0.037614 0.20281
0.056632 0.037617 0.21605
0.047956 0.037618 0.23234
0.042412 0.03762 0.25329
0.053132 0.037618 0.23862
0.061996 0.037621 0.2531
0.047424 0.037622 0.26501
0.046571 0.037626 0.28187
0.055963 0.037625 0.27391
0.063539 0.037627 0.28253
0.062301 0.037633 0.30327
0.057822 0.037636 0.31823
0.045248 0.037639 0.3393
0.062429 0.03764 0.34784
0.046208 0.037641 0.36912
0.045189 0.037644 0.38253
0.060826 0.037643 0.36701
0.056052 0.037649 0.3888
0.044521 0.037651 0.39946
0.037545 0.037658 0.41904
0.060364 0.037656 0.40224
0.053998 0.03766 0.41382
0.042272 0.037661 0.44242
0.05886 0.037665 0.44013
0.057981 0.037667 0.45656
0.041651 0.037665 0.47031
0.043471 0.037664 0.48543
0.051837 0.037667 0.47003
0.057387 0.037666 0.48912
0.038304 0.037653 0.50579
0.038004 0.037646 0.52748
0.054201 0.037656 0.50781
0.058433 0.037652 0.52649
0.045101 0.037645 0.53929
0.042836 0.037646 0.56567
0.060365 0.037651 0.53775
0.05906 0.037649 0.55904
0.037006 0.037647 0.57713
0.035888 0.037649 0.60004
0.051209 0.037649 0.57568
0.05315 0.037651 0.59626
0.04346 0.037649 0.60493
0.036216 0.037646 0.63255
0.051161 0.037651 0.61108
0.057125 0.037652 0.62405
0.05126 0.037642 0.6522
0.053246 0.037643 0.66428
0.047364 0.037642 0.67619
0.052366 0.037644 0.67437
0.057961 0.037644 0.69207
0.036006 0.03763 0.73321
0.059858 0.037634 0.71651
0.051676 0.037632 0.72595
0.043495 0.037628 0.74938
0.037065 0.037627 0.7648
0.059028 0.037629 0.74616
0.05205 0.037628 0.76292
0.040833 0.037626 0.77522
0.037248 0.037623 0.80123
0.058242 0.037626 0.78359
0.056327 0.037624 0.79322
0.039795 0.03762 0.82751
0.052941 0.037621 0.81574
0.05858 0.037619 0.83285
0.038086 0.037618 0.84425
0.035039 0.037615 0.86278
0.05386 0.037619 0.8387
0.056244 0.037615 0.86075
0.035602 0.037613 0.87238
0.045245 0.037613 0.89337
0.058251 0.037611 0.87962
0.056733 0.037611 0.88964
0.042022 0.037619 0.91255
0.037122 0.033347 0.95629
0.058884 0.037509 0.94494
0.061358 0.033418 0.95429
0.079672 0.037606 0.045202
0.075513 0.037607 0.059512
0.078565 0.037607 0.087957
0.094888 0.037606 0.073684
0.092204 0.037607 0.087915
0.071642 0.037607 0.10591
0.072751 0.037611 0.1286
0.0857 0.037607 0.10834
0.089959 0.037608 0.12172
0.070258 0.037615 0.1394
0.090094 0.037611 0.13578
0.093503 0.037613 0.15704
0.072361 0.037612 0.17481
0.068328 0.037613 0.18956
0.094975 0.037612 0.17464
0.095473 0.037613 0.18972
0.077662 0.037615 0.20436
0.076295 0.037617 0.22108
0.089301 0.037617 0.20941
0.09765 0.037618 0.22492
0.069992 0.037618 0.24199
0.072585 0.037619 0.24834
0.085978 0.037619 0.24256
0.090387 0.037621 0.25066
0.076365 0.037625 0.27096
0.075393 0.037629 0.2881
0.096058 0.037626 0.27094
0.068421 0.037633 0.30454
0.068765 0.037637 0.32341
0.093246 0.037632 0.30298
0.091044 0.037637 0.32392
0.07152 0.03764 0.34234
0.089986 0.037641 0.33819
0.088585 0.037645 0.35304
0.075801 0.037645 0.37598
0.091499 0.037649 0.3693
0.095072 0.037653 0.381
0.06906 0.03766 0.40751
0.072953 0.037665 0.42088
0.092701 0.037671 0.40961
0.085793 0.037674 0.4163
0.068645 0.037669 0.4432
0.083083 0.037675 0.43498
0.084213 0.03768 0.45423
0.073278 0.037673 0.47244
0.077273 0.037674 0.48314
0.088968 0.037684 0.47831
0.088126 0.037681 0.48938
0.068418 0.037664 0.50129
0.084167 0.037669 0.51868
0.076225 0.037656 0.53583
0.071323 0.037653 0.56463
0.081531 0.037657 0.56226
0.07315 0.037653 0.57088
0.068919 0.037654 0.59996
0.08455 0.037662 0.57118
0.087336 0.037663 0.59529
0.073751 0.037656 0.63004
0.088996 0.037663 0.61314
0.094003 0.037661 0.62266
0.072535 0.037652 0.6432
0.092104 0.037653 0.66647
0.068016 0.037648 0.68307
0.085587 0.037655 0.67548
0.088862 0.037648 0.6951
0.076258 0.037637 0.71294
0.067721 0.037631 0.7338
0.091032 0.037637 0.72543
0.0712 0.037629 0.74636
0.076211 0.037627 0.75859
0.088217 0.037632 0.74246
0.085294 0.037628 0.76333
0.071569 0.037627 0.77439
0.073252 0.037623 0.79997
0.09453 0.037625 0.78577
0.072638 0.03762 0.81673
0.080554 0.037618 0.82411
0.09336 0.037621 0.80765
0.090542 0.037618 0.83294
0.075008 0.037618 0.84286
0.074912 0.037615 0.86208
0.090388 0.037614 0.86583
0.077077 0.037609 0.88296
0.088951 0.037612 0.87406
0.085706 0.03761 0.89058
0.07178 0.037617 0.90996
0.077398 0.037593 0.93099
0.089511 0.037613 0.90294
0.071766 0.037565 0.93873
0.086505 0.037581 0.94739
0.11139 0.037603 0.03903
0.10676 0.037604 0.057382
0.12757 0.037602 0.037884
0.12298 0.037603 0.052235
0.10351 0.037605 0.068357
0.10801 0.037606 0.09426
0.12532 0.037604 0.096499
0.10644 0.037605 0.11018
0.11475 0.037607 0.12849
0.12631 0.037604 0.11817
0.10853 0.03761 0.14087
0.10356 0.037612 0.15545
0.12791 0.03761 0.15553
0.10869 0.037611 0.17228
0.10741 0.037612 0.18692
0.12881 0.03761 0.1665
0.11999 0.037614 0.19304
0.11393 0.037617 0.21596
0.11887 0.037615 0.20024
0.11802 0.037619 0.2263
0.10667 0.03762 0.23732
0.10151 0.037622 0.25486
0.12188 0.037622 0.23659
0.10746 0.037625 0.27221
0.10711 0.037626 0.28478
0.12147 0.037627 0.27578
0.12965 0.037627 0.28228
0.10752 0.037627 0.30215
0.10803 0.037633 0.32438
0.12905 0.037632 0.30751
0.11741 0.03763 0.31618
0.10472 0.037636 0.3321
0.10555 0.037645 0.35654
0.11626 0.037644 0.35151
0.099686 0.037648 0.36354
0.1166 0.037654 0.36783
0.12213 0.037675 0.39145
0.10254 0.037664 0.39624
0.10178 0.037679 0.42333
0.11258 0.037683 0.42349
0.097904 0.037682 0.43584
0.098736 0.037685 0.44789
0.11293 0.037692 0.44237
0.11455 0.037697 0.45495
0.097924 0.037686 0.46891
0.10589 0.037686 0.48565
0.11548 0.0377 0.47018
0.12096 0.037706 0.48758
0.10215 0.037678 0.50205
0.097654 0.037671 0.52437
0.11769 0.037686 0.5246
0.1035 0.037674 0.53727
0.099295 0.037673 0.55927
0.11969 0.03769 0.54265
0.097591 0.037668 0.58242
0.099832 0.037667 0.59566
0.11675 0.037683 0.57602
0.11848 0.037673 0.60155
0.10777 0.037659 0.61742
0.108 0.037655 0.62742
0.12452 0.037658 0.63272
0.10532 0.037649 0.64653
0.10506 0.037648 0.65957
0.1183 0.037653 0.64117
0.11563 0.037644 0.66834
0.10415 0.037645 0.68489
0.1213 0.037644 0.68464
0.10754 0.03764 0.73001
0.12634 0.037642 0.70843
0.12797 0.037636 0.73576
0.10198 0.037634 0.7409
0.10613 0.037629 0.75721
0.12075 0.037628 0.76537
0.10776 0.037625 0.77631
0.12874 0.037621 0.78023
0.11851 0.03762 0.79229
0.10974 0.037618 0.83057
0.11858 0.037621 0.80609
0.12204 0.037617 0.83447
0.11113 0.037617 0.84035
0.12717 0.037614 0.84359
0.12703 0.037611 0.85705
0.10951 0.03761 0.87662
0.11328 0.037609 0.89299
0.12983 0.037608 0.88328
0.12332 0.037609 0.89777
0.10422 0.037613 0.91007
0.12267 0.03761 0.91231
0.12111 0.037586 0.92548
0.10584 0.037566 0.93853
0.13096 0.037511 0.94647
0.12937 0.033333 0.96458
0.14295 0.037601 0.039785
0.15853 0.037599 0.035266
0.16018 0.037599 0.053336
0.13556 0.037603 0.07621
0.14092 0.037601 0.095353
0.15385 0.0376 0.071947
0.15822 0.0376 0.09049
0.14051 0.037601 0.10638
0.14211 0.037601 0.1177
0.15274 0.037599 0.11102
0.15705 0.037599 0.11658
0.13547 0.037606 0.13761
0.13646 0.037609 0.15917
0.16127 0.037607 0.15283
0.13496 0.03761 0.17786
0.15908 0.03761 0.1724
0.15779 0.037611 0.18393
0.13738 0.037615 0.20484
0.1433 0.037619 0.2245
0.16054 0.037615 0.20612
0.13636 0.037622 0.237
0.14634 0.037625 0.25213
0.15233 0.037621 0.23007
0.15991 0.037627 0.25814
0.13871 0.037625 0.26623
0.13788 0.037629 0.2879
0.15707 0.037628 0.26595
0.15352 0.037632 0.28457
0.14545 0.037633 0.30158
0.13315 0.037634 0.31245
0.15892 0.037638 0.29569
0.15061 0.037642 0.31862
0.13513 0.037646 0.34055
0.14411 0.037649 0.3471
0.15519 0.03765 0.32895
0.14027 0.03766 0.37126
0.13445 0.037665 0.38012
0.15753 0.037672 0.37372
0.12953 0.037697 0.41859
0.1432 0.037703 0.42185
0.13622 0.037705 0.43769
0.12949 0.037709 0.45181
0.1478 0.037717 0.44014
0.14586 0.037721 0.45014
0.13006 0.037714 0.46765
0.1282 0.037713 0.48475
0.14719 0.037735 0.46985
0.13651 0.037694 0.50862
0.1358 0.037687 0.52328
0.15243 0.037723 0.49984
0.12994 0.037686 0.54515
0.13656 0.037676 0.56745
0.14339 0.037685 0.54965
0.1525 0.037704 0.55433
0.13758 0.03767 0.58398
0.13297 0.037669 0.59686
0.15211 0.037681 0.58399
0.15125 0.037675 0.59639
0.13263 0.037663 0.61405
0.13561 0.037657 0.63165
0.15364 0.037668 0.61888
0.1493 0.037664 0.62911
0.13934 0.037648 0.663
0.15813 0.037662 0.64827
0.14884 0.037652 0.66437
0.137 0.037645 0.67608
0.1431 0.037639 0.69651
0.14724 0.037644 0.6799
0.14994 0.037638 0.70406
0.13189 0.03764 0.70758
0.14341 0.03763 0.73528
0.15442 0.037639 0.71048
0.15024 0.037629 0.73513
0.14355 0.037627 0.75064
0.13736 0.037623 0.76787
0.15592 0.037629 0.74161
0.15969 0.037622 0.75791
0.14047 0.037616 0.79455
0.1539 0.037619 0.77808
0.1555 0.037616 0.8001
0.14603 0.037616 0.80828
0.14349 0.037614 0.82923
0.16454 0.037613 0.81565
0.15687 0.037611 0.82955
0.14165 0.037609 0.84817
0.14828 0.037605 0.86311
0.16146 0.037604 0.84698
0.16157 0.037603 0.86237
0.13819 0.037608 0.87723
0.15829 0.037605 0.88136
0.1567 0.037606 0.89798
0.13629 0.037608 0.90926
0.14137 0.037565 0.92847
0.15879 0.037606 0.91128
0.15639 0.037572 0.92541
0.13758 0.033728 0.9526
0.16019 0.037507 0.94078
0.15986 0.033333 0.96144
0.17234 0.037597 0.044841
0.17931 0.037596 0.0612
0.18866 0.037594 0.045542
0.18768 0.037595 0.055127
0.17211 0.037598 0.076338
0.17592 0.037598 0.092036
0.19129 0.037595 0.077916
0.19101 0.037596 0.093162
0.17124 0.037599 0.10596
0.17549 0.037601 0.12877
0.18567 0.037599 0.10743
0.19268 0.037599 0.11807
0.17408 0.037602 0.14066
0.18091 0.037604 0.15392
0.18906 0.037602 0.14525
0.19346 0.037602 0.15047
0.18056 0.037612 0.19314
0.19229 0.037607 0.17206
0.1877 0.037613 0.18854
0.17666 0.037619 0.22597
0.18907 0.037617 0.20118
0.18826 0.037623 0.21934
0.17441 0.037621 0.23821
0.17665 0.037623 0.25606
0.18875 0.037625 0.24803
0.19011 0.037628 0.26905
0.18554 0.037637 0.28682
0.16763 0.037638 0.29493
0.17386 0.03765 0.31169
0.18762 0.037653 0.30598
0.18982 0.037663 0.32228
0.16587 0.037656 0.33871
0.16846 0.037659 0.34544
0.18323 0.037662 0.33388
0.18607 0.037671 0.34313
0.17385 0.037675 0.36767
0.18383 0.037691 0.37029
0.17987 0.037689 0.38721
0.16684 0.037692 0.42197
0.18719 0.037701 0.39888
0.18638 0.037708 0.41767
0.1661 0.037704 0.43492
0.1664 0.037716 0.45006
0.18157 0.037716 0.43131
0.17425 0.037727 0.45642
0.16193 0.037736 0.4848
0.17497 0.037752 0.47536
0.17748 0.037763 0.48377
0.16066 0.037722 0.50082
0.16044 0.037712 0.52942
0.17889 0.037756 0.50674
0.17655 0.037744 0.52909
0.1608 0.037713 0.54487
0.17287 0.037718 0.56267
0.16878 0.037689 0.58011
0.16008 0.037678 0.59324
0.18081 0.037707 0.58624
0.17583 0.037679 0.59867
0.16936 0.037666 0.6101
0.164 0.037662 0.63174
0.17686 0.037673 0.60827
0.1775 0.037663 0.62746
0.16487 0.037661 0.6503
0.16706 0.037658 0.66025
0.18954 0.037683 0.65452
0.19034 0.037675 0.66611
0.1676 0.037651 0.67819
0.16691 0.037645 0.69402
0.18012 0.037655 0.67606
0.18359 0.03765 0.69591
0.17368 0.037636 0.72099
0.17063 0.03763 0.7326
0.18363 0.037643 0.70882
0.18489 0.037628 0.73738
0.17751 0.037617 0.7517
0.17071 0.037617 0.75931
0.18635 0.037619 0.75103
0.17048 0.037616 0.79373
0.19096 0.037616 0.7739
0.19068 0.037614 0.79991
0.17594 0.037612 0.80822
0.1893 0.03761 0.81581
0.19106 0.037603 0.83038
0.18071 0.037601 0.8407
0.17165 0.037599 0.85703
0.18986 0.037598 0.84749
0.18798 0.037596 0.85448
0.16983 0.037601 0.87603
0.16976 0.037601 0.89223
0.1959 0.037593 0.87081
0.19515 0.037594 0.89016
0.17183 0.037553 0.92909
0.18712 0.037545 0.93007
0.18163 0.033488 0.95357
0.18879 0.037508 0.93846
0.19399 0.033349 0.95607
0.20335 0.037592 0.044299
0.21169 0.03759 0.05851
0.22522 0.037588 0.034976
0.2233 0.037589 0.056291
0.21038 0.037591 0.068633
0.20711 0.037592 0.088415
0.22783 0.037588 0.070786
0.22442 0.03759 0.093188
0.21284 0.037592 0.1005
0.20685 0.037597 0.12645
0.22966 0.03759 0.10108
0.22143 0.037594 0.12105
0.20583 0.037599 0.1416
0.20147 0.037604 0.17294
0.2118 0.037611 0.18902
0.2281 0.037596 0.17202
0.23048 0.037599 0.18296
0.20703 0.037618 0.19962
0.2245 0.037617 0.19954
0.21269 0.037631 0.23713
0.22639 0.03764 0.23207
0.22393 0.03765 0.25531
0.20585 0.037623 0.27136
0.20086 0.037624 0.27929
0.22452 0.037642 0.26583
0.21786 0.037622 0.28316
0.20872 0.037627 0.30319
0.20604 0.037649 0.32255
0.21553 0.037626 0.3113
0.19928 0.037662 0.32832
0.20342 0.037677 0.35058
0.21581 0.037652 0.32745
0.22459 0.037682 0.34363
0.20642 0.037674 0.36015
0.20262 0.037681 0.37773
0.21846 0.037682 0.35834
0.21039 0.037678 0.38416
0.19935 0.0377 0.40223
0.20804 0.037695 0.39887
0.19798 0.037728 0.42565
0.18809 0.037757 0.45292
0.21118 0.037757 0.42682
0.20979 0.037799 0.44554
0.19274 0.037785 0.46505
0.19459 0.037805 0.48641
0.19905 0.037811 0.47309
0.20258 0.037841 0.48669
0.19066 0.037789 0.50871
0.19255 0.037781 0.52259
0.19349 0.037766 0.54012
0.19465 0.037756 0.55484
0.20481 0.03778 0.55568
0.19335 0.037724 0.58594
0.19029 0.037712 0.59844
0.20916 0.03776 0.5837
0.20931 0.037756 0.59076
0.19144 0.037703 0.6111
0.1941 0.037695 0.6363
0.21721 0.037728 0.63633
0.19489 0.037688 0.65278
0.20426 0.037685 0.65929
0.21707 0.037718 0.645
0.20521 0.037665 0.67754
0.20005 0.037648 0.69955
0.21614 0.037669 0.67887
0.21528 0.037648 0.70076
0.19939 0.037637 0.7132
0.19954 0.037624 0.73199
0.21635 0.037633 0.71489
0.21891 0.03762 0.72585
0.20397 0.037613 0.76329
0.22042 0.037613 0.75165
0.20357 0.037613 0.78448
0.21065 0.037608 0.79597
0.22158 0.03761 0.77545
0.20545 0.0376 0.83394
0.22863 0.037601 0.81817
0.22538 0.037597 0.83255
0.20601 0.037595 0.84799
0.20954 0.037591 0.8612
0.22384 0.037596 0.83897
0.22521 0.037588 0.8602
0.20857 0.03759 0.87647
0.21106 0.03759 0.89366
0.22151 0.037587 0.87793
0.22646 0.037586 0.89641
0.2152 0.03755 0.92743
0.22631 0.037591 0.91396
0.20314 0.037468 0.94688
0.21468 0.033333 0.96262
0.22291 0.037486 0.94261
0.22331 0.033339 0.95711
0.23586 0.037586 0.034985
0.23952 0.037585 0.061251
0.25332 0.037583 0.042402
0.26155 0.037581 0.05598
0.24126 0.037585 0.067376
0.23754 0.037586 0.084077
0.25743 0.03758 0.075396
0.26077 0.03758 0.084778
0.24732 0.037591 0.11806
0.25719 0.037585 0.10051
0.25273 0.037591 0.12475
0.23692 0.037594 0.14306
0.25619 0.037591 0.13773
0.26212 0.037591 0.15421
0.23721 0.037593 0.17425
0.24733 0.0376 0.18921
0.25475 0.037591 0.17448
0.26068 0.037594 0.18407
0.24053 0.037617 0.20833
0.23413 0.037636 0.22616
0.25723 0.037606 0.20367
0.23378 0.037648 0.24099
0.24071 0.037657 0.2466
0.24406 0.037653 0.26918
0.24343 0.037648 0.28667
0.26609 0.037878 0.27879
0.26216 0.037772 0.29628
0.25615 0.037679 0.31194
0.23242 0.037679 0.34623
0.25126 0.03768 0.33348
0.25596 0.03771 0.35059
0.23522 0.037679 0.35783
0.2469 0.037692 0.36333
0.24196 0.037685 0.37746
0.22496 0.037713 0.39694
0.23374 0.037732 0.41011
0.24432 0.037714 0.38998
0.22724 0.037758 0.42422
0.22283 0.037805 0.44424
0.2434 0.037788 0.42737
0.23658 0.037827 0.44697
0.21537 0.03788 0.47026
0.22988 0.037885 0.46441
0.23432 0.037982 0.48033
0.22462 0.037889 0.50229
0.22901 0.037894 0.53013
0.22054 0.037839 0.54703
0.21721 0.037812 0.56604
0.22723 0.037786 0.59362
0.23634 0.037789 0.60111
0.23231 0.037743 0.61307
0.23088 0.037704 0.6395
0.2387 0.037735 0.61747
0.24459 0.037704 0.63511
0.22813 0.037689 0.65399
0.23667 0.037669 0.66426
0.24609 0.037676 0.65605
0.24789 0.037675 0.67032
0.23755 0.037665 0.68687
0.25638 0.037667 0.69496
0.23914 0.037623 0.72182
0.25063 0.037637 0.71277
0.25282 0.037617 0.73168
0.2393 0.03761 0.74476
0.23686 0.037605 0.76187
0.2544 0.03761 0.74982
0.26351 0.037604 0.76602
0.23431 0.037608 0.7817
0.24292 0.037602 0.79387
0.25905 0.037604 0.77543
0.24346 0.037598 0.80926
0.26149 0.037592 0.81052
0.25492 0.037589 0.8297
0.2446 0.037588 0.84538
0.24002 0.037583 0.86084
0.23846 0.03758 0.8789
0.23736 0.037579 0.88822
0.26052 0.037573 0.87702
0.24777 0.03758 0.91248
0.23834 0.037543 0.92858
0.25381 0.037575 0.9033
0.26255 0.037529 0.93057
0.24538 0.033333 0.9613
0.25771 0.037514 0.9361
0.27795 0.037576 0.05635
0.29844 0.03757 0.060883
0.27978 0.037573 0.079403
0.27299 0.037578 0.094161
0.29699 0.037569 0.074096
0.27406 0.037581 0.109
0.29364 0.037574 0.10404
0.28883 0.037578 0.12291
0.27479 0.037582 0.13595
0.27221 0.037586 0.15676
0.29625 0.037572 0.13777
0.29764 0.037577 0.15797
0.26861 0.037587 0.16962
0.2738 0.037588 0.18275
0.28893 0.037585 0.19336
0.27661 0.037589 0.21692
0.29116 0.037581 0.19855
0.28817 0.037578 0.225
0.27342 0.03775 0.26347
0.28784 0.03757 0.24047
0.28818 0.037729 0.26201
0.28362 0.03792 0.27114
0.26974 0.03783 0.29675
0.27032 0.037731 0.30645
0.28982 0.037695 0.31039
0.2651 0.037683 0.32766
0.26803 0.037714 0.35084
0.27769 0.037672 0.33368
0.27981 0.037712 0.34621
0.26611 0.037721 0.35691
0.26551 0.037735 0.37653
0.28118 0.037758 0.36732
0.26055 0.03776 0.39668
0.25596 0.037785 0.41151
0.27596 0.037796 0.40135
0.2692 0.037801 0.41628
0.2457 0.03788 0.45158
0.26611 0.037804 0.42423
0.2714 0.037869 0.4426
0.24169 0.037967 0.46595
0.24347 0.038029 0.4837
0.25729 0.038122 0.47821
0.24081 0.037989 0.50665
0.25192 0.037983 0.53233
0.24563 0.037949 0.53855
0.25019 0.037914 0.57097
0.25475 0.037952 0.54991
0.26516 0.037999 0.56149
0.25502 0.037904 0.57787
0.25257 0.037806 0.60587
0.26274 0.03791 0.58076
0.26554 0.03785 0.5942
0.25909 0.037755 0.61681
0.26105 0.037711 0.63566
0.27604 0.037707 0.63168
0.26491 0.037689 0.65363
0.2637 0.037685 0.66947
0.2777 0.037685 0.65344
0.28121 0.037676 0.67032
0.26372 0.037685 0.6778
0.27288 0.037633 0.69847
0.28822 0.037683 0.67932
0.28542 0.037618 0.70504
0.27167 0.037601 0.71886
0.27571 0.037592 0.72643
0.29422 0.037611 0.72947
0.27942 0.037613 0.7529
0.27565 0.0376 0.76924
0.29409 0.037627 0.74539
0.26979 0.037598 0.77699
0.27823 0.037583 0.7945
0.29604 0.03759 0.78094
0.29212 0.037583 0.79826
0.29389 0.037586 0.81508
0.28659 0.037585 0.83026
0.27916 0.037582 0.8476
0.29778 0.037576 0.84476
0.2898 0.037573 0.85971
0.27332 0.037569 0.88114
0.28314 0.037565 0.89328
0.2947 0.037563 0.88026
0.2877 0.037564 0.89428
0.29919 0.037562 0.90977
0.29673 0.037536 0.92614
0.27937 0.037462 0.9463
0.2821 0.03336 0.95538
0.29961 0.037511 0.93586
0.28758 0.033334 0.96022
0.30462 0.037568 0.045341
0.30812 0.037568 0.058428
0.33137 0.03756 0.044231
0.33253 0.037561 0.058265
0.30659 0.037568 0.07953
0.31063 0.037569 0.086971
0.32726 0.037563 0.070116
0.32319 0.037567 0.093505
0.30864 0.03757 0.10777
0.3064 0.037571 0.12544
0.33147 0.037563 0.10292
0.32173 0.037568 0.12314
0.30486 0.037568 0.14366
0.30787 0.037575 0.15501
0.32468 0.037563 0.14226
0.32541 0.037569 0.15159
0.30559 0.037576 0.17623
0.3081 0.037578 0.19096
0.32542 0.037569 0.17011
0.30791 0.037579 0.22115
0.32872 0.037578 0.20624
0.32702 0.037583 0.21452
0.29751 0.037575 0.24315
0.3033 0.0376 0.25356
0.31286 0.037608 0.25695
0.29968 0.037729 0.26771
0.29201 0.037999 0.28447
0.31027 0.037632 0.26536
0.31447 0.037612 0.27973
0.2943 0.037807 0.2978
0.29534 0.037715 0.30731
0.31151 0.03765 0.30144
0.31272 0.037652 0.30882
0.3007 0.037681 0.32485
0.29215 0.037734 0.3483
0.31328 0.037684 0.33231
0.32007 0.03773 0.34735
0.29638 0.037751 0.3533
0.29006 0.037811 0.38154
0.30684 0.037774 0.36236
0.31307 0.037873 0.37639
0.28715 0.037824 0.39996
0.29413 0.037834 0.40901
0.30252 0.037831 0.39653
0.30509 0.037868 0.41264
0.28495 0.037853 0.4296
0.27703 0.037917 0.4473
0.30417 0.03799 0.42858
0.30526 0.038139 0.43867
0.27089 0.038198 0.47459
0.28548 0.038112 0.46052
0.27329 0.038226 0.48483
0.26779 0.038227 0.49895
0.26186 0.038174 0.51781
0.27824 0.038379 0.50014
0.27467 0.038135 0.53929
0.28405 0.038051 0.56577
0.27544 0.037934 0.58255
0.30259 0.037857 0.59907
0.2846 0.037742 0.62294
0.28974 0.037718 0.63614
0.31402 0.037813 0.63281
0.31459 0.03778 0.65903
0.31842 0.037784 0.67282
0.32535 0.037699 0.7026
0.32713 0.03766 0.72093
0.32087 0.037649 0.73249
0.30654 0.037634 0.74186
0.31313 0.037602 0.76097
0.32433 0.037617 0.74832
0.32282 0.037596 0.76573
0.31352 0.037591 0.78054
0.306 0.037582 0.79399
0.32069 0.037588 0.78466
0.32128 0.037582 0.80082
0.30465 0.037584 0.80718
0.32364 0.037562 0.82754
0.30676 0.03757 0.84191
0.31329 0.037558 0.85915
0.30579 0.037557 0.88255
0.31365 0.037553 0.89025
0.32568 0.037552 0.87154
0.32388 0.03755 0.8966
0.30692 0.037559 0.91302
0.31636 0.037538 0.92902
0.33317 0.037547 0.90574
0.32414 0.037541 0.92274
0.30802 0.037503 0.94545
0.32641 0.03751 0.94265
0.34298 0.037557 0.040663
0.34201 0.037558 0.055698
0.36712 0.037552 0.040782
0.35628 0.037555 0.051408
0.34243 0.037559 0.073413
0.34189 0.037562 0.085752
0.35776 0.037557 0.083588
0.34385 0.037558 0.10434
0.33852 0.037562 0.12165
0.35894 0.037554 0.1206
0.34111 0.037561 0.13843
0.34508 0.037567 0.15072
0.35764 0.037558 0.14016
0.3642 0.037561 0.14856
0.34511 0.037567 0.16846
0.34483 0.037566 0.17932
0.35245 0.037568 0.16407
0.35709 0.037571 0.17887
0.33661 0.03758 0.19917
0.33412 0.037595 0.2195
0.35243 0.037586 0.19792
0.34065 0.037601 0.23205
0.33453 0.037613 0.25507
0.35126 0.037609 0.23395
0.35762 0.037632 0.24881
0.33992 0.037595 0.27051
0.33711 0.037598 0.28018
0.35532 0.037625 0.26681
0.34752 0.037597 0.27516
0.33033 0.037629 0.29358
0.33222 0.037687 0.31577
0.34729 0.037629 0.29365
0.34328 0.037675 0.31619
0.33699 0.03771 0.32311
0.32809 0.037718 0.34166
0.34279 0.037754 0.33263
0.35412 0.038187 0.35976
0.34566 0.038015 0.37357
0.32037 0.037883 0.39538
0.31663 0.037899 0.41331
0.33202 0.037884 0.38712
0.31653 0.038148 0.4293
0.32648 0.038035 0.42435
0.29376 0.038253 0.46059
0.28739 0.038398 0.48626
0.29993 0.038467 0.4774
0.28792 0.038455 0.4982
0.2909 0.038476 0.49855
0.3012 0.038532 0.53102
0.29633 0.038089 0.57105
0.30412 0.038407 0.54699
0.31082 0.0381 0.56921
0.31637 0.037886 0.59294
0.31387 0.037847 0.61045
0.31659 0.037837 0.61827
0.32506 0.03783 0.63583
0.33774 0.037899 0.61691
0.34589 0.037868 0.63265
0.33533 0.03779 0.65925
0.32596 0.037787 0.67315
0.34799 0.037809 0.65486
0.34501 0.037763 0.67003
0.33207 0.037698 0.698
0.34872 0.037724 0.68174
0.35663 0.037658 0.70387
0.33167 0.037673 0.71475
0.34036 0.03763 0.72717
0.35549 0.037648 0.71534
0.35045 0.037617 0.73629
0.34008 0.037613 0.7427
0.34235 0.037589 0.76842
0.35399 0.037593 0.7473
0.35749 0.037587 0.76322
0.35617 0.037593 0.77951
0.3576 0.037567 0.80072
0.34911 0.037557 0.81377
0.3383 0.037555 0.82158
0.35868 0.037547 0.8246
0.34889 0.037554 0.84277
0.34659 0.037547 0.85957
0.36595 0.037547 0.83636
0.36498 0.03754 0.86007
0.34079 0.037548 0.87819
0.34415 0.037543 0.89201
0.3572 0.037537 0.88655
0.34925 0.037542 0.90926
0.34251 0.037514 0.92668
0.35698 0.037539 0.9122
0.35694 0.037511 0.92359
0.34869 0.037469 0.93801
0.34034 0.033335 0.95833
0.36366 0.037464 0.93773
0.35556 0.033333 0.96255
0.37408 0.03755 0.035109
0.38397 0.037551 0.055958
0.39285 0.037546 0.04091
0.39436 0.037555 0.070292
0.39863 0.037558 0.091667
0.37404 0.037548 0.10327
0.38499 0.037537 0.11562
0.39817 0.037542 0.10704
0.39283 0.037539 0.11505
0.37266 0.037552 0.14261
0.37349 0.037568 0.1558
0.39765 0.037546 0.1357
0.3798 0.037572 0.16554
0.37395 0.037578 0.17763
0.39437 0.037596 0.18767
0.37408 0.037596 0.19599
0.37669 0.037602 0.21224
0.38902 0.037596 0.20072
0.3884 0.0376 0.21029
0.37081 0.037609 0.23674
0.36772 0.037633 0.24821
0.39503 0.03762 0.22819
0.39077 0.03765 0.25082
0.36605 0.037645 0.2631
0.36475 0.037651 0.28499
0.39008 0.037659 0.26726
0.37782 0.037679 0.28178
0.37076 0.037677 0.307
0.38432 0.037709 0.29434
0.38288 0.037721 0.3038
0.35927 0.037702 0.32327
0.36446 0.038023 0.34491
0.35764 0.038248 0.36643
0.37531 0.038182 0.35307
0.35628 0.038075 0.38196
0.3634 0.038158 0.3787
0.35703 0.037959 0.39439
0.33806 0.03814 0.42835
0.33203 0.038358 0.43937
0.34933 0.037972 0.4171
0.33508 0.038353 0.44279
0.31507 0.038736 0.45596
0.31486 0.038607 0.47228
0.29979 0.038749 0.50692
0.31088 0.038476 0.53932
0.30753 0.038829 0.50256
0.31476 0.038463 0.54082
0.3238 0.038229 0.56192
0.3272 0.038076 0.57497
0.33619 0.038002 0.59415
0.34323 0.037944 0.61153
0.3487 0.038054 0.5888
0.36456 0.038109 0.61336
0.35168 0.037885 0.62981
0.35324 0.037871 0.638
0.36532 0.037932 0.6295
0.37273 0.037926 0.63966
0.35574 0.037802 0.65619
0.36099 0.03774 0.67557
0.38363 0.037874 0.65378
0.38666 0.037795 0.66404
0.36298 0.037689 0.68661
0.37943 0.037749 0.67839
0.38647 0.037705 0.69898
0.38042 0.037624 0.73135
0.39504 0.037673 0.71172
0.38948 0.037618 0.73159
0.37859 0.037579 0.75164
0.37 0.037581 0.75793
0.38645 0.037587 0.74806
0.38277 0.037568 0.77996
0.38041 0.037552 0.79804
0.38931 0.037575 0.77477
0.3799 0.037549 0.80784
0.37362 0.037542 0.8295
0.37677 0.037542 0.83738
0.37536 0.037533 0.8549
0.39092 0.037535 0.83735
0.39224 0.037528 0.86241
0.37781 0.037537 0.87469
0.37339 0.037532 0.8941
0.39509 0.037523 0.89731
0.37732 0.037531 0.90878
0.38413 0.037495 0.92777
0.39062 0.037525 0.90804
0.39768 0.037485 0.93032
0.38126 0.037461 0.94125
0.37532 0.033421 0.95385
0.39419 0.037459 0.94194
0.40028 0.033375 0.95464
0.41774 0.037546 0.036656
0.42327 0.037545 0.041441
0.42475 0.037553 0.064385
0.4089 0.037561 0.080143
0.43024 0.037553 0.073456
0.43738 0.037621 0.09578
0.42055 0.03754 0.10617
0.41031 0.037529 0.11591
0.42847 0.037592 0.10496
0.42967 0.03761 0.12167
0.41583 0.03755 0.13932
0.40918 0.037573 0.15563
0.43074 0.037572 0.14484
0.41214 0.037571 0.16424
0.40969 0.037586 0.18477
0.42303 0.037565 0.16974
0.42487 0.037565 0.17644
0.41237 0.037622 0.21929
0.4255 0.037578 0.19956
0.4304 0.037577 0.2065
0.39826 0.037623 0.23346
0.40873 0.037678 0.25048
0.42914 0.03763 0.22431
0.40654 0.037677 0.26522
0.4021 0.037679 0.27384
0.4248 0.03773 0.27668
0.40669 0.03772 0.29459
0.39724 0.037756 0.30672
0.42116 0.037738 0.28419
0.41531 0.037738 0.29974
0.39619 0.037801 0.32422
0.39857 0.037874 0.33752
0.41644 0.037831 0.31731
0.40619 0.037913 0.34044
0.38242 0.038254 0.36265
0.41139 0.037974 0.34669
0.37238 0.038235 0.37558
0.36845 0.037971 0.39556
0.39463 0.038092 0.37422
0.3856 0.037955 0.38677
0.36785 0.037873 0.41553
0.36005 0.037983 0.43229
0.38135 0.03792 0.39851
0.34002 0.038301 0.45014
0.3189 0.038464 0.47165
0.35766 0.037719 0.44547
0.3216 0.038128 0.48319
0.3168 0.038477 0.49283
0.31902 0.038571 0.52802
0.32082 0.037858 0.49951
0.33175 0.038071 0.539
0.35031 0.037998 0.56606
0.37005 0.038009 0.57765
0.37197 0.038312 0.60787
0.40083 0.038197 0.62201
0.38301 0.038088 0.62799
0.39346 0.037943 0.64611
0.40449 0.038102 0.62998
0.39677 0.037844 0.6549
0.40438 0.037753 0.66556
0.41195 0.037818 0.65095
0.42208 0.037706 0.66081
0.39733 0.037731 0.68474
0.40488 0.037686 0.69261
0.42505 0.037719 0.68001
0.42687 0.037644 0.69538
0.41199 0.037637 0.71277
0.40695 0.03761 0.72535
0.42546 0.037584 0.72181
0.40722 0.037569 0.75617
0.42554 0.037561 0.74307
0.4203 0.037568 0.75874
0.41223 0.037555 0.7758
0.40454 0.037539 0.79582
0.42954 0.037535 0.77635
0.43272 0.037523 0.79201
0.41685 0.037518 0.81337
0.43376 0.037519 0.80493
0.4214 0.037513 0.82177
0.40749 0.037526 0.83726
0.4266 0.037509 0.85868
0.41526 0.037517 0.87826
0.41085 0.037515 0.89626
0.43003 0.037509 0.87843
0.42481 0.037507 0.88737
0.4125 0.037515 0.90647
0.4107 0.037484 0.92942
0.42969 0.037483 0.92677
0.40543 0.037453 0.94457
0.42091 0.037465 0.93746
0.4304 0.033333 0.96107
0.44087 0.037546 0.041685
0.44666 0.037545 0.062234
0.4594 0.037543 0.045395
0.44155 0.037545 0.072613
0.44338 0.037632 0.094887
0.466 0.037533 0.082178
0.45979 0.037709 0.10034
0.44422 0.037879 0.1171
0.46227 0.037773 0.10644
0.44991 0.037817 0.1288
0.44208 0.037564 0.14596
0.4561 0.03782 0.12967
0.46445 0.037552 0.14734
0.44869 0.037513 0.15998
0.44474 0.037561 0.1818
0.46228 0.037526 0.16829
0.45975 0.037563 0.1853
0.44715 0.037566 0.1965
0.44131 0.037577 0.20816
0.4542 0.037601 0.21538
0.43733 0.037638 0.22834
0.43311 0.037675 0.24236
0.45135 0.037635 0.2269
0.43515 0.03771 0.25255
0.43446 0.037712 0.26731
0.45608 0.03772 0.2616
0.45908 0.037777 0.27354
0.43164 0.037764 0.28234
0.44627 0.037818 0.29157
0.45278 0.037913 0.30474
0.42984 0.037865 0.31641
0.42625 0.037881 0.33161
0.44902 0.037948 0.31195
0.44392 0.037918 0.32458
0.4264 0.037966 0.34282
0.41814 0.038044 0.36216
0.44984 0.038059 0.34029
0.44219 0.038143 0.35299
0.43572 0.038192 0.37001
0.39043 0.037307 0.39965
0.38571 0.037061 0.42057
0.42292 0.036812 0.38219
0.40515 0.035185 0.4042
0.36714 0.036891 0.43945
0.33884 0.03615 0.46805
0.34855 0.034285 0.48122
0.32715 0.036334 0.51025
0.34006 0.037088 0.54036
0.33487 0.035551 0.51802
0.38303 0.035688 0.56174
0.38512 0.036996 0.58435
0.39773 0.037402 0.59928
0.39366 0.036213 0.58718
0.40646 0.036998 0.59943
0.41266 0.038505 0.61085
0.42028 0.0382 0.60647
0.42757 0.03845 0.61854
0.42223 0.038047 0.63553
0.43903 0.038233 0.62471
0.44985 0.03793 0.63623
0.43119 0.037696 0.6538
0.43095 0.037706 0.6639
0.44962 0.037746 0.65367
0.44843 0.037745 0.66205
0.43395 0.037677 0.68248
0.44293 0.037623 0.69595
0.46318 0.037562 0.69332
0.44053 0.037585 0.71111
0.44622 0.03756 0.72701
0.45544 0.037564 0.70866
0.46029 0.037533 0.72852
0.44914 0.03754 0.73775
0.43793 0.037542 0.75884
0.46178 0.037503 0.74196
0.4583 0.037515 0.75852
0.4424 0.037528 0.77333
0.44388 0.037517 0.79474
0.45659 0.037507 0.77639
0.46729 0.037507 0.79489
0.44562 0.037496 0.81803
0.45671 0.037491 0.81159
0.45649 0.037493 0.82105
0.44706 0.037506 0.83452
0.43999 0.037504 0.85836
0.46539 0.037497 0.8346
0.44216 0.037507 0.8686
0.44264 0.037502 0.88894
0.45503 0.037498 0.879
0.46244 0.037496 0.89263
0.44899 0.037503 0.91258
0.44892 0.03748 0.92487
0.46202 0.037497 0.91315
0.45764 0.037466 0.92928
0.44605 0.037437 0.94659
0.46569 0.037431 0.9428
0.4616 0.033333 0.96311
0.40112 0.038003 0.43961
0.37137 0.038344 0.46314
0.36816 0.038226 0.52277
0.36987 0.036269 0.49237
0.48334 0.037534 0.046193
0.47974 0.037537 0.064964
0.49784 0.037527 0.039034
0.48972 0.037534 0.062737
0.47184 0.037535 0.082161
0.4741 0.037587 0.094589
0.49354 0.037532 0.073654
0.49185 0.037536 0.093938
0.47942 0.037592 0.11026
0.4733 0.037698 0.11562
0.48504 0.037536 0.10491
0.49488 0.037534 0.12322
0.47272 0.037665 0.13045
0.49304 0.037567 0.14695
0.47112 0.037543 0.1646
0.47862 0.037566 0.17883
0.48822 0.037576 0.16237
0.47971 0.037582 0.1949
0.47626 0.037601 0.21144
0.4915 0.037582 0.19289
0.49148 0.037594 0.2096
0.47264 0.03765 0.23244
0.47888 0.037664 0.23816
0.48835 0.037642 0.22516
0.49399 0.037654 0.23734
0.46681 0.037726 0.26203
0.47941 0.037741 0.26602
0.49318 0.037723 0.26142
0.49755 0.037793 0.27489
0.47013 0.037864 0.28983
0.47297 0.037945 0.29807
0.48467 0.037956 0.29886
0.4653 0.038053 0.31469
0.46903 0.03829 0.32737
0.48435 0.038113 0.31611
0.48711 0.038341 0.32722
0.46661 0.038384 0.33642
0.46952 0.038585 0.34374
0.48696 0.038794 0.34545
0.45732 0.038188 0.36451
0.47645 0.038549 0.35254
0.47804 0.037873 0.35726
0.43916 0.036093 0.38084
0.43296 0.034585 0.39165
0.46856 0.035663 0.36909
0.46981 0.03436 0.3743
0.41676 0.033582 0.42254
0.43233 0.033362 0.48804
0.39166 0.033435 0.51056
0.39975 0.034394 0.57463
0.4446 0.033751 0.59643
0.43609 0.035476 0.60365
0.47926 0.034056 0.59288
0.49265 0.035443 0.60429
0.43734 0.037647 0.61029
0.45438 0.038084 0.61716
0.48909 0.03702 0.6126
0.50108 0.037865 0.61994
0.45934 0.038135 0.62441
0.46434 0.037846 0.64211
0.48174 0.038015 0.62726
0.49722 0.037851 0.63827
0.46229 0.03779 0.64684
0.46572 0.037685 0.66176
0.49888 0.03764 0.64733
0.47448 0.037636 0.67168
0.47332 0.037546 0.69729
0.48557 0.037558 0.67536
0.49321 0.037506 0.68882
0.47904 0.037511 0.71628
0.49357 0.03751 0.69978
0.49528 0.037486 0.71981
0.47953 0.037485 0.73767
0.48106 0.037487 0.75134
0.4966 0.037455 0.73913
0.49818 0.037471 0.75125
0.48284 0.037508 0.7648
0.47389 0.0375 0.78793
0.49445 0.037494 0.79372
0.48174 0.03748 0.82385
0.49648 0.037483 0.80482
0.49433 0.037476 0.82641
0.47976 0.037486 0.83871
0.48182 0.03748 0.85561
0.48859 0.037475 0.85271
0.47865 0.037492 0.87189
0.47597 0.037488 0.88329
0.49631 0.037487 0.87725
0.47173 0.037464 0.92605
0.49313 0.03749 0.90674
0.48829 0.037447 0.9284
0.47815 0.037418 0.9436
0.47808 0.033691 0.952
0.48928 0.037422 0.93711
0.46057 0.033972 0.4221
0.40498 0.034202 0.48422
0.42977 0.033892 0.50087
0.4524 0.03399 0.55524
0.46484 0.036315 0.38776
0.47492 0.037343 0.38145
0.40806 0.036221 0.44007
0.39273 0.03533 0.46099
0.40966 0.037147 0.42676
0.39795 0.036743 0.44745
0.46771 0.034941 0.40508
0.41773 0.034096 0.45098
0.47286 0.036247 0.38713
0.42562 0.033792 0.48294
0.40482 0.034439 0.52099
0.3623 0.038293 0.51778
0.41947 0.03749 0.57464
0.47407 0.033977 0.54288
0.44574 0.035878 0.57958
0.43434 0.033915 0.52597
0.43419 0.036345 0.58408
0.42365 0.03707 0.57989
0.47617 0.037212 0.38241
0.42507 0.036533 0.42068
0.40779 0.034976 0.46646
0.44171 0.035836 0.41326
0.39952 0.035319 0.46979
0.45289 0.037565 0.39178
0.41983 0.03437 0.47058
0.45417 0.035125 0.41497
0.44775 0.034772 0.4546
0.38473 0.03678 0.53227
0.40189 0.037166 0.54916
0.37617 0.036057 0.48564
0.41972 0.035031 0.53958
0.41695 0.034305 0.49527
0.46423 0.034304 0.55336
0.44336 0.034121 0.49535
0.43291 0.03465 0.55437
0.42483 0.037039 0.57953
0.47364 0.037345 0.58148
0.43943 0.034494 0.43902
0.45193 0.034606 0.51747
0.50956 0.037521 0.045607
0.52776 0.037513 0.047648
0.52673 0.037516 0.057518
0.50846 0.037525 0.07209
0.50831 0.037531 0.08898
0.53199 0.037514 0.068148
0.52579 0.037522 0.089122
0.5031 0.037526 0.1067
0.51334 0.037528 0.11658
0.5296 0.037515 0.10895
0.52467 0.037518 0.11538
0.51692 0.037542 0.13697
0.51497 0.037551 0.14738
0.52126 0.037536 0.13577
0.52337 0.037556 0.15805
0.51292 0.037562 0.16321
0.51799 0.037551 0.1778
0.53228 0.037538 0.17494
0.5221 0.037549 0.17878
0.5177 0.037572 0.20195
0.50477 0.037579 0.208
0.53154 0.037555 0.19865
0.53435 0.037549 0.21086
0.51491 0.037639 0.2307
0.513 0.037674 0.24377
0.52742 0.037624 0.23329
0.52357 0.037673 0.24685
0.50581 0.037763 0.27271
0.5281 0.037684 0.26186
0.52414 0.037695 0.26836
0.50597 0.037813 0.28456
0.51474 0.037868 0.29994
0.53332 0.037759 0.28607
0.53508 0.037839 0.3026
0.50275 0.038018 0.31331
0.53502 0.037956 0.31695
0.53734 0.03799 0.32401
0.49496 0.038703 0.34295
0.52289 0.038325 0.33268
0.53443 0.038289 0.35297
0.50029 0.038276 0.34891
0.50204 0.037888 0.3513
0.53334 0.037762 0.37862
0.51611 0.035717 0.36727
0.50493 0.034542 0.37332
0.52517 0.035843 0.38745
0.50307 0.034444 0.42463
0.48316 0.033418 0.4358
0.49374 0.033806 0.4477
0.50184 0.033439 0.47535
0.46368 0.033381 0.5165
0.52964 0.033618 0.58514
0.56188 0.033419 0.55915
0.5757 0.034185 0.58566
0.50547 0.035976 0.60924
0.55238 0.035681 0.59611
0.5475 0.036876 0.6043
0.53289 0.037439 0.6147
0.50831 0.038023 0.63229
0.52687 0.037933 0.62133
0.53569 0.03781 0.63257
0.50941 0.037677 0.64429
0.51626 0.037523 0.65558
0.53214 0.037561 0.64942
0.5363 0.037548 0.65803
0.51118 0.037539 0.67276
0.50517 0.037501 0.68618
0.52473 0.037561 0.66936
0.5362 0.0375 0.68452
0.50467 0.037476 0.71005
0.51101 0.03747 0.72363
0.52201 0.037465 0.72443
0.5097 0.037445 0.73738
0.51083 0.03745 0.7488
0.52899 0.037455 0.72997
0.5221 0.037447 0.75012
0.51694 0.037476 0.76423
0.50744 0.037481 0.7873
0.52885 0.037462 0.77488
0.53313 0.03747 0.78782
0.50874 0.037474 0.80535
0.51396 0.037461 0.81504
0.52545 0.03746 0.80948
0.52584 0.037463 0.81944
0.51266 0.037471 0.84963
0.53303 0.037472 0.85675
0.51095 0.037489 0.8743
0.51632 0.037484 0.8891
0.53176 0.037484 0.87336
0.53243 0.03748 0.89173
0.50343 0.037486 0.91268
0.52171 0.037488 0.90917
0.5057 0.033884 0.95145
0.5287 0.037363 0.94379
0.5266 0.033336 0.9577
0.46236 0.034065 0.49857
0.50016 0.033819 0.54164
0.48294 0.034631 0.39499
0.4776 0.033997 0.47576
0.51122 0.037344 0.40594
0.46088 0.033913 0.43904
0.51659 0.035258 0.51601
0.48406 0.037131 0.44757
0.53593 0.036582 0.51846
0.49972 0.033819 0.52425
0.50174 0.034951 0.57203
0.5451 0.034209 0.55796
0.53809 0.036795 0.57731
0.56418 0.034484 0.55743
0.56143 0.036089 0.58066
0.58654 0.038147 0.55562
0.5826 0.038355 0.57244
0.52011 0.036495 0.58471
0.50441 0.037022 0.39274
0.50595 0.036076 0.39891
0.45373 0.033947 0.47631
0.48225 0.034914 0.41996
0.47608 0.034785 0.45749
0.48333 0.037389 0.44732
0.51092 0.035546 0.49505
0.48919 0.034939 0.48121
0.51772 0.03429 0.53314
0.51865 0.036169 0.55849
0.48184 0.034575 0.50843
0.50854 0.034913 0.54969
0.58254 0.037685 0.56386
0.57393 0.037075 0.57582
0.54674 0.035665 0.53718
0.4621 0.034438 0.448
0.47162 0.034507 0.46171
0.49318 0.034603 0.51635
0.5434 0.037508 0.054748
0.56571 0.037497 0.036752
0.56143 0.0375 0.063986
0.54542 0.037511 0.093878
0.55739 0.037502 0.07235
0.5581 0.037505 0.089963
0.54567 0.037505 0.10999
0.55025 0.037514 0.12597
0.55543 0.037499 0.1095
0.55557 0.03751 0.12634
0.54636 0.037516 0.1362
0.56627 0.037504 0.13846
0.55916 0.037511 0.14962
0.54978 0.037521 0.17313
0.56846 0.037508 0.17208
0.55156 0.037523 0.20314
0.54384 0.037554 0.21814
0.56935 0.037515 0.20196
0.56411 0.037546 0.22447
0.54858 0.037572 0.23004
0.5594 0.03756 0.22997
0.57151 0.037612 0.25819
0.54918 0.037634 0.26625
0.57062 0.03761 0.27336
0.56925 0.037622 0.27975
0.54652 0.037788 0.3012
0.5733 0.037646 0.29573
0.56737 0.037685 0.3045
0.55363 0.037883 0.31839
0.5505 0.037962 0.33481
0.56503 0.037742 0.32847
0.56578 0.037732 0.34589
0.54199 0.038109 0.33807
0.54427 0.03806 0.3686
0.55791 0.037843 0.35653
0.53093 0.037934 0.38979
0.53173 0.037629 0.40599
0.52813 0.037444 0.41127
0.5098 0.035194 0.43255
0.52994 0.036868 0.43445
0.51679 0.034099 0.46145
0.53685 0.033972 0.49376
0.57856 0.033902 0.53281
0.60098 0.036258 0.53866
0.60143 0.036846 0.56593
0.59045 0.035917 0.58416
0.56888 0.03733 0.59785
0.59692 0.036952 0.58063
0.60145 0.0375 0.58944
0.5734 0.037739 0.60146
0.59971 0.037746 0.60705
0.58089 0.037903 0.61368
0.56208 0.037728 0.62065
0.5444 0.037758 0.63284
0.58075 0.037674 0.63853
0.55127 0.03768 0.64563
0.55125 0.037588 0.66336
0.57441 0.037652 0.64299
0.54351 0.037561 0.66988
0.5518 0.037508 0.6916
0.56829 0.037519 0.67406
0.55888 0.037498 0.69211
0.53919 0.03748 0.70709
0.54127 0.037472 0.72256
0.56234 0.037494 0.69991
0.54183 0.037448 0.73422
0.55485 0.037429 0.74292
0.56481 0.037439 0.75733
0.54024 0.037457 0.76503
0.54384 0.037469 0.78934
0.56507 0.037439 0.77614
0.56461 0.037469 0.79348
0.54884 0.037478 0.80088
0.54357 0.037464 0.82603
0.55538 0.037473 0.80337
0.55618 0.037461 0.82237
0.5406 0.037464 0.84497
0.55391 0.037464 0.84356
0.56069 0.037469 0.85933
0.54226 0.037475 0.8843
0.55692 0.037473 0.87856
0.5646 0.037474 0.88634
0.54725 0.037479 0.90665
0.53776 0.037427 0.92772
0.55934 0.03748 0.91006
0.5555 0.037431 0.92735
0.54425 0.037376 0.94299
0.54819 0.033334 0.95963
0.56341 0.037391 0.94013
0.55448 0.033563 0.95249
0.54251 0.036353 0.52354
0.56198 0.036509 0.53625
0.57836 0.037491 0.045348
0.58876 0.037486 0.040835
0.59686 0.037484 0.063716
0.57448 0.037494 0.096745
0.59112 0.037485 0.074321
0.59765 0.037484 0.096076
0.5738 0.03749 0.1126
0.57864 0.037498 0.12771
0.59639 0.037482 0.10713
0.58913 0.037486 0.11895
0.58465 0.037494 0.14617
0.60136 0.037483 0.13933
0.59591 0.037494 0.15728
0.58234 0.037493 0.17649
0.57536 0.037505 0.18618
0.59104 0.037485 0.17948
0.60108 0.037479 0.18692
0.57607 0.03753 0.22089
0.5957 0.0375 0.21336
0.58083 0.037559 0.24112
0.58029 0.0376 0.25889
0.60459 0.037518 0.23963
0.59687 0.037572 0.26087
0.58788 0.037616 0.26681
0.59881 0.037712 0.27639
0.60206 0.037898 0.28923
0.57968 0.037614 0.29593
0.58327 0.037622 0.31038
0.5995 0.037736 0.30381
0.59407 0.037612 0.31464
0.57624 0.037639 0.33309
0.59129 0.037519 0.34684
0.58846 0.037501 0.36158
0.56615 0.037649 0.36661
0.55267 0.037433 0.39807
0.57143 0.037476 0.38606
0.54436 0.03713 0.41766
0.54272 0.03714 0.43198
0.56669 0.03745 0.41799
0.53635 0.037343 0.44332
0.53331 0.037417 0.46246
0.53892 0.037489 0.45171
0.53892 0.037294 0.46087
0.54477 0.036702 0.48824
0.57054 0.037389 0.50595
0.54645 0.03702 0.4788
0.5733 0.037557 0.5035
0.60363 0.037614 0.53169
0.61264 0.038204 0.54958
0.6004 0.037648 0.52212
0.61734 0.03829 0.55262
0.60922 0.037884 0.56493
0.60374 0.037718 0.59504
0.6188 0.038162 0.56285
0.61543 0.037974 0.5819
0.61095 0.037993 0.60951
0.61737 0.038046 0.60534
0.62024 0.038021 0.62615
0.60298 0.037844 0.63367
0.59628 0.037706 0.64022
0.62024 0.038024 0.6485
0.58784 0.037589 0.65044
0.58287 0.037492 0.66757
0.61847 0.037958 0.66242
0.60574 0.037712 0.6716
0.5885 0.037502 0.67647
0.60043 0.037662 0.67622
0.59857 0.037643 0.68761
0.57357 0.037475 0.71826
0.59332 0.037465 0.71575
0.57415 0.037453 0.73051
0.59781 0.037413 0.7421
0.59274 0.037429 0.75864
0.57158 0.037445 0.7836
0.59185 0.037457 0.7935
0.57891 0.037469 0.79717
0.57725 0.037454 0.81496
0.59041 0.037455 0.8108
0.57804 0.037467 0.84039
0.59666 0.037468 0.84172
0.57349 0.037475 0.86891
0.59612 0.037477 0.89284
0.57363 0.037481 0.90865
0.59241 0.037481 0.90697
0.57378 0.037374 0.94632
0.57691 0.033821 0.95168
0.59097 0.037402 0.94165
0.5857 0.033333 0.96313
0.61224 0.037478 0.045643
0.61461 0.037477 0.062945
0.63236 0.037471 0.042893
0.63429 0.037471 0.054372
0.61805 0.037475 0.076733
0.60642 0.037482 0.089056
0.63469 0.037469 0.081361
0.62976 0.037473 0.087751
0.6139 0.037473 0.11374
0.61253 0.037478 0.13
0.62536 0.037469 0.10712
0.63166 0.037466 0.12734
0.60678 0.03748 0.13466
0.61809 0.037475 0.16396
0.63153 0.037463 0.13793
0.63225 0.037461 0.15322
0.61112 0.037472 0.17594
0.61806 0.037467 0.18948
0.63103 0.037462 0.17168
0.61689 0.03747 0.21199
0.61099 0.037502 0.23061
0.62597 0.037461 0.21648
0.62621 0.037477 0.22984
0.60889 0.037489 0.25709
0.62441 0.037468 0.24996
0.62548 0.037498 0.26193
0.62121 0.037746 0.28557
0.60695 0.037494 0.32029
0.61701 0.037698 0.30329
0.61895 0.037438 0.34242
0.61189 0.037443 0.34946
0.60645 0.037357 0.38022
0.58278 0.037428 0.38647
0.57643 0.037529 0.41127
0.59501 0.037344 0.3873
0.5883 0.037586 0.41078
0.55896 0.037211 0.44001
0.57374 0.037164 0.43798
0.55843 0.036991 0.452
0.55653 0.036851 0.47468
0.56807 0.036911 0.45857
0.57298 0.036942 0.46244
0.58192 0.037271 0.49678
0.58473 0.037109 0.48245
0.60148 0.037295 0.5001
0.60935 0.037642 0.51492
0.62353 0.038296 0.5449
0.61893 0.03758 0.51159
0.62889 0.037961 0.53593
0.63146 0.03821 0.55794
0.63297 0.037967 0.57916
0.64106 0.038079 0.55714
0.64032 0.038004 0.57489
0.63282 0.037949 0.59403
0.64387 0.037925 0.60192
0.63098 0.038079 0.63951
0.64579 0.037861 0.63793
0.62486 0.038143 0.66057
0.61598 0.038009 0.67461
0.62846 0.037918 0.67705
0.62799 0.03784 0.68289
0.61049 0.03773 0.69542
0.6073 0.037448 0.7143
0.62678 0.037426 0.718
0.61092 0.037419 0.73495
0.60564 0.037412 0.74855
0.62454 0.037411 0.73855
0.62455 0.037408 0.74688
0.60938 0.037426 0.77522
0.61067 0.037432 0.78169
0.62578 0.037425 0.77522
0.62815 0.037432 0.78257
0.60341 0.037462 0.79862
0.60632 0.037465 0.82821
0.62835 0.037457 0.80181
0.63219 0.037464 0.8254
0.60693 0.03747 0.83561
0.60243 0.037467 0.85054
0.62482 0.037472 0.84
0.62254 0.037469 0.85421
0.60957 0.037474 0.86789
0.60449 0.037476 0.88885
0.61862 0.037476 0.87667
0.62844 0.037476 0.88669
0.60723 0.03748 0.90791
0.60804 0.037457 0.92563
0.61955 0.037459 0.92708
0.60984 0.037426 0.94465
0.62162 0.03744 0.93713
0.62765 0.033333 0.96433
0.64144 0.037468 0.047353
0.65617 0.037464 0.038514
0.65823 0.037462 0.0649
0.64886 0.037463 0.080803
0.64285 0.037463 0.097813
0.66592 0.037457 0.075136
0.6688 0.037456 0.087192
0.65832 0.037449 0.11255
0.65056 0.037455 0.16458
0.66059 0.037447 0.14573
0.66181 0.03745 0.1643
0.64612 0.037452 0.17393
0.64727 0.037453 0.19862
0.66063 0.037438 0.18166
0.65711 0.037437 0.18901
0.64677 0.037451 0.2059
0.64364 0.037449 0.22356
0.66563 0.037434 0.20923
0.66402 0.037438 0.22608
0.63808 0.037463 0.24764
0.64069 0.037469 0.26882
0.65255 0.037412 0.27304
0.63024 0.037563 0.2862
0.62867 0.037542 0.2998
0.6578 0.037356 0.28634
0.64579 0.037353 0.29631
0.63321 0.037413 0.32155
0.64349 0.0374 0.34407
0.62418 0.037427 0.35092
0.61565 0.037291 0.38358
0.64238 0.037369 0.35489
0.6369 0.037268 0.37979
0.60199 0.037422 0.41349
0.61317 0.037286 0.40921
0.60003 0.037205 0.43863
0.61451 0.037191 0.42824
0.61369 0.037192 0.43837
0.59054 0.037089 0.45622
0.60251 0.037076 0.46887
0.61687 0.037164 0.45503
0.61069 0.037172 0.48714
0.61452 0.03721 0.49367
0.62312 0.037196 0.48585
0.63567 0.037311 0.49972
0.62687 0.037454 0.50834
0.63888 0.037732 0.52842
0.64558 0.037473 0.5137
0.66126 0.037607 0.53103
0.66379 0.037824 0.55744
0.67021 0.038003 0.57459
0.66478 0.038072 0.58256
0.66854 0.037919 0.5967
0.67921 0.038009 0.59502
0.66021 0.037691 0.63089
0.67584 0.037709 0.61023
0.6666 0.037674 0.6349
0.65181 0.037823 0.64983
0.67242 0.03763 0.6477
0.64453 0.037424 0.68716
0.65201 0.037569 0.67159
0.6518 0.037407 0.6825
0.63915 0.037409 0.70027
0.63931 0.03741 0.71789
0.65466 0.037355 0.70664
0.66542 0.037403 0.71963
0.64538 0.037416 0.72956
0.64053 0.037413 0.74897
0.65914 0.037419 0.73721
0.65615 0.037411 0.74772
0.63635 0.037427 0.77339
0.64579 0.037433 0.78608
0.65429 0.037425 0.76857
0.65453 0.037439 0.79031
0.64557 0.037452 0.80395
0.64228 0.037463 0.82547
0.66201 0.037458 0.80757
0.6638 0.037467 0.8271
0.64386 0.03747 0.83319
0.64344 0.037472 0.85034
0.65374 0.037475 0.83822
0.65919 0.037477 0.86024
0.64735 0.037479 0.87821
0.64724 0.037479 0.88629
0.65403 0.03748 0.8794
0.66238 0.037483 0.89186
0.64343 0.037483 0.90622
0.63601 0.03745 0.92617
0.66205 0.037484 0.90117
0.65834 0.037474 0.91736
0.63487 0.037412 0.94109
0.64048 0.033462 0.95323
0.65564 0.037395 0.93898
0.66354 0.033381 0.9544
0.68316 0.037455 0.045402
0.68529 0.037454 0.052375
0.70164 0.037448 0.04086
0.69298 0.037449 0.060114
0.70052 0.037443 0.073407
0.69898 0.037441 0.094401
0.67318 0.037448 0.10464
0.6735 0.037445 0.12712
0.67686 0.037442 0.14543
0.67886 0.037443 0.16291
0.68198 0.037432 0.17573
0.69437 0.037421 0.1805
0.6807 0.037418 0.21493
0.67119 0.03743 0.22662
0.69508 0.037401 0.22196
0.68643 0.037405 0.23565
0.67363 0.0374 0.25056
0.68411 0.037372 0.25703
0.6895 0.037365 0.26217
0.66838 0.037339 0.30086
0.68672 0.037324 0.29075
0.678 0.037324 0.29952
0.65753 0.037364 0.33884
0.67727 0.037327 0.32768
0.67574 0.037326 0.33464
0.66202 0.037291 0.35416
0.65264 0.037259 0.3688
0.66775 0.037258 0.3632
0.66097 0.037222 0.37761
0.64172 0.037184 0.39247
0.63521 0.037141 0.40446
0.66183 0.037193 0.39521
0.66064 0.037191 0.40461
0.64139 0.03714 0.42092
0.63496 0.037172 0.44085
0.65551 0.037188 0.42073
0.6636 0.037201 0.43551
0.63911 0.037171 0.4701
0.66143 0.037193 0.45501
0.64616 0.037231 0.4845
0.6594 0.037291 0.49574
0.67318 0.037271 0.48162
0.68009 0.037358 0.50012
0.66018 0.037492 0.51547
0.6675 0.037584 0.53264
0.68457 0.037488 0.52422
0.67169 0.03761 0.54301
0.68169 0.037972 0.57344
0.6867 0.037518 0.5414
0.69403 0.037757 0.5714
0.68612 0.037911 0.59729
0.6923 0.03789 0.57923
0.70804 0.037657 0.59718
0.69315 0.037708 0.60491
0.70407 0.037592 0.61452
0.70557 0.037568 0.63076
0.68431 0.037583 0.64752
0.68183 0.037544 0.65554
0.69858 0.037566 0.63993
0.69789 0.037519 0.65498
0.67305 0.03739 0.68874
0.69094 0.037405 0.68311
0.67997 0.037413 0.70657
0.67124 0.037409 0.7181
0.68617 0.037413 0.69814
0.67732 0.037427 0.74319
0.67078 0.037429 0.75898
0.69319 0.037436 0.73527
0.69725 0.037448 0.75752
0.67406 0.037438 0.76785
0.67631 0.037446 0.78733
0.69189 0.03745 0.76696
0.68615 0.037458 0.79524
0.67203 0.037459 0.80274
0.68541 0.037462 0.80096
0.68744 0.037472 0.82443
0.67951 0.037476 0.84583
0.69322 0.037478 0.83541
0.6863 0.037482 0.86274
0.67937 0.037483 0.86895
0.68975 0.037485 0.86797
0.69018 0.037488 0.89264
0.67785 0.037488 0.90689
0.66862 0.037427 0.92959
0.68839 0.037428 0.92885
0.67942 0.037375 0.94177
0.68072 0.033333 0.96334
0.69445 0.033337 0.95739
0.71134 0.037444 0.037578
0.71032 0.037443 0.05566
0.72681 0.037439 0.042938
0.72936 0.037435 0.062061
0.71295 0.037436 0.078144
0.73024 0.037429 0.077634
0.71309 0.037428 0.10433
0.70945 0.037426 0.13084
0.72788 0.037415 0.11624
0.73153 0.037415 0.13223
0.70692 0.037423 0.16376
0.73338 0.037414 0.15242
0.73099 0.037413 0.16537
0.70724 0.037414 0.18298
0.70462 0.037408 0.20098
0.72301 0.037412 0.17484
0.73157 0.037402 0.19406
0.70626 0.037402 0.20877
0.70469 0.037392 0.22863
0.72077 0.037388 0.21733
0.70917 0.037367 0.25644
0.72714 0.037345 0.26329
0.70903 0.037334 0.28054
0.70526 0.037322 0.30203
0.69036 0.037331 0.31948
0.69447 0.037303 0.3423
0.71755 0.037309 0.31954
0.70238 0.037294 0.34322
0.69465 0.037286 0.34901
0.6899 0.037241 0.37241
0.70724 0.037287 0.34904
0.70952 0.037268 0.37081
0.68853 0.037207 0.39093
0.67493 0.037207 0.40265
0.69973 0.037237 0.3828
0.69267 0.037211 0.40554
0.67898 0.03721 0.42386
0.70416 0.037262 0.41302
0.69306 0.037237 0.43041
0.68354 0.037207 0.4441
0.67773 0.037232 0.46745
0.70185 0.037287 0.44883
0.69874 0.037286 0.4638
0.68683 0.037256 0.47512
0.69077 0.037309 0.49291
0.69442 0.037275 0.47278
0.70533 0.037353 0.49396
0.70624 0.037398 0.50971
0.71507 0.037433 0.5227
0.70356 0.037509 0.54927
0.72102 0.037462 0.54609
0.72963 0.037469 0.56664
0.7253 0.037713 0.60071
0.73211 0.037473 0.57944
0.73023 0.037598 0.59053
0.72084 0.037633 0.62568
0.73235 0.03788 0.60788
0.73646 0.037774 0.62457
0.71701 0.03754 0.64413
0.7205 0.037514 0.6509
0.72975 0.03756 0.63825
0.73056 0.03751 0.65838
0.71471 0.037455 0.67873
0.70974 0.037443 0.68742
0.72639 0.037492 0.67036
0.72915 0.037469 0.68488
0.71612 0.037452 0.70706
0.70393 0.03744 0.71981
0.72083 0.03745 0.71652
0.70751 0.037451 0.73675
0.70696 0.037452 0.7514
0.72858 0.037462 0.73512
0.72458 0.037461 0.75425
0.71131 0.03747 0.77155
0.7022 0.037463 0.78792
0.7231 0.037472 0.77088
0.71153 0.037476 0.81163
0.70225 0.037476 0.82352
0.72413 0.037478 0.80032
0.71438 0.037484 0.83356
0.70217 0.037484 0.85666
0.72074 0.037486 0.83396
0.70906 0.037491 0.87929
0.70305 0.03749 0.88401
0.71917 0.037493 0.87059
0.73119 0.037497 0.89455
0.70199 0.037493 0.90761
0.71319 0.037486 0.91721
0.72945 0.037498 0.90434
0.7087 0.033334 0.95957
0.73067 0.037388 0.9398
0.74062 0.037436 0.044003
0.74323 0.037432 0.058497
0.76267 0.037425 0.059902
0.75754 0.037417 0.079367
0.75521 0.037415 0.09403
0.76552 0.03741 0.10832
0.75547 0.037411 0.12237
0.74358 0.037412 0.15181
0.73969 0.037413 0.15782
0.7568 0.037408 0.13949
0.76442 0.037397 0.16392
0.7406 0.037404 0.17783
0.74542 0.037391 0.20197
0.75618 0.03739 0.18499
0.75414 0.037384 0.20027
0.74841 0.037378 0.21408
0.74092 0.037361 0.23972
0.75881 0.037361 0.2334
0.73912 0.037345 0.25351
0.76233 0.03735 0.24406
0.74088 0.037318 0.27877
0.72709 0.03731 0.29587
0.75517 0.037318 0.28185
0.72558 0.037303 0.3379
0.74202 0.037305 0.31235
0.74194 0.037303 0.33381
0.72127 0.037296 0.35019
0.71743 0.037274 0.37526
0.7403 0.037285 0.3548
0.74336 0.03728 0.36585
0.72622 0.037251 0.38839
0.7209 0.037253 0.39668
0.74489 0.037273 0.38356
0.73348 0.037253 0.39797
0.7175 0.037266 0.41109
0.71557 0.037281 0.43616
0.73912 0.037273 0.41821
0.71257 0.037293 0.44787
0.71454 0.037311 0.46554
0.73644 0.037279 0.44734
0.74069 0.037291 0.45726
0.72623 0.037297 0.4716
0.7194 0.037342 0.48995
0.74512 0.037323 0.47625
0.74462 0.037334 0.48617
0.74633 0.037367 0.50744
0.74351 0.037391 0.52954
0.73243 0.037436 0.5442
0.7363 0.037448 0.56294
0.7487 0.037412 0.53985
0.75895 0.037437 0.55494
0.74668 0.03746 0.58454
0.75175 0.037713 0.60187
0.75527 0.037729 0.6056
0.74256 0.037582 0.63775
0.74314 0.03752 0.65621
0.75977 0.037557 0.63909
0.74648 0.037528 0.67072
0.74355 0.037494 0.6906
0.76362 0.037508 0.67901
0.74701 0.037488 0.71007
0.74371 0.037477 0.72924
0.74327 0.037468 0.74681
0.74018 0.037467 0.75116
0.75849 0.037476 0.75427
0.7451 0.03748 0.77262
0.74399 0.037483 0.79165
0.75377 0.037478 0.76801
0.74823 0.037489 0.81213
0.74763 0.037491 0.83007
0.75585 0.037488 0.80326
0.76161 0.037492 0.82178
0.73825 0.037494 0.85761
0.75598 0.037495 0.84559
0.74315 0.037496 0.86727
0.73915 0.037499 0.89652
0.75578 0.037499 0.8767
0.75516 0.0375 0.89175
0.74596 0.0375 0.901
0.76138 0.037502 0.90825
0.754 0.037454 0.9282
0.73638 0.037398 0.93872
0.73813 0.033337 0.95749
0.76286 0.033334 0.9606
0.77402 0.037426 0.044453
0.78231 0.037421 0.05339
0.79662 0.037419 0.048142
0.79946 0.037413 0.064788
0.77765 0.037414 0.070427
0.79161 0.037406 0.093316
0.78221 0.037407 0.11774
0.78122 0.037402 0.13397
0.79284 0.037404 0.11421
0.79646 0.037399 0.12909
0.78214 0.037394 0.14938
0.7793 0.03739 0.16324
0.789 0.037394 0.14206
0.79003 0.037382 0.16813
0.77902 0.037378 0.18409
0.79826 0.037378 0.17481
0.78647 0.037369 0.20319
0.77729 0.037368 0.21455
0.779 0.037358 0.23627
0.79322 0.03736 0.21941
0.78833 0.037355 0.23512
0.76943 0.037349 0.24635
0.76641 0.037333 0.2722
0.78747 0.03735 0.24472
0.78633 0.037345 0.26251
0.7866 0.037344 0.28409
0.75665 0.037306 0.3225
0.76157 0.037303 0.33727
0.78944 0.037309 0.30921
0.77465 0.037286 0.33089
0.76067 0.037295 0.35346
0.75801 0.037291 0.36914
0.77221 0.037285 0.34567
0.76995 0.037284 0.36467
0.75965 0.037286 0.3837
0.76291 0.037282 0.39901
0.77861 0.037292 0.38125
0.77844 0.037297 0.39892
0.76064 0.037285 0.41307
0.75652 0.037288 0.42738
0.76937 0.037291 0.4101
0.77431 0.037303 0.4319
0.75581 0.037297 0.44705
0.77236 0.037305 0.44892
0.76986 0.037302 0.45322
0.75286 0.037323 0.47271
0.76043 0.037334 0.48749
0.77377 0.037324 0.47046
0.78396 0.037358 0.49127
0.76865 0.037356 0.51109
0.77821 0.03736 0.50732
0.78811 0.037389 0.52766
0.76483 0.037436 0.55839
0.78333 0.037392 0.53321
0.78863 0.037419 0.55995
0.77326 0.037439 0.57786
0.77078 0.03747 0.58905
0.7875 0.037426 0.57556
0.77697 0.037449 0.60199
0.78582 0.037443 0.60326
0.76999 0.037561 0.63414
0.77185 0.037524 0.65482
0.7942 0.037514 0.64106
0.78985 0.037507 0.66174
0.77349 0.037506 0.67951
0.77542 0.037499 0.68782
0.79605 0.037498 0.67807
0.79562 0.037495 0.68329
0.77977 0.037488 0.70744
0.76974 0.037488 0.72869
0.78637 0.037488 0.73018
0.77639 0.037492 0.73864
0.77982 0.037485 0.76138
0.79678 0.037492 0.73893
0.79488 0.037494 0.79222
0.77022 0.037493 0.81346
0.77655 0.037496 0.82855
0.78682 0.037495 0.80401
0.79703 0.037499 0.8287
0.77553 0.037499 0.85131
0.78703 0.037499 0.84022
0.77733 0.037502 0.87573
0.77109 0.037502 0.89408
0.79472 0.037505 0.89096
0.77635 0.037459 0.93043
0.7909 0.037506 0.91218
0.78072 0.037413 0.94748
0.77178 0.033333 0.96298
0.7902 0.037424 0.94089
0.79536 0.033348 0.95591
0.80399 0.037418 0.047401
0.8046 0.037416 0.055101
0.82968 0.037413 0.047588
0.83208 0.037412 0.05308
0.80381 0.037407 0.079193
0.8053 0.037404 0.095331
0.82865 0.037407 0.074859
0.82158 0.037402 0.092369
0.81042 0.037402 0.10821
0.80908 0.037397 0.1269
0.82059 0.037398 0.11128
0.82746 0.03739 0.12938
0.82729 0.037384 0.14529
0.81983 0.037372 0.18094
0.81973 0.037367 0.19317
0.80999 0.037356 0.21435
0.80245 0.03735 0.23007
0.83157 0.037358 0.22061
0.82801 0.037346 0.23066
0.8029 0.037341 0.24543
0.80469 0.037341 0.26506
0.82816 0.037332 0.26406
0.81028 0.037346 0.28762
0.80417 0.037342 0.29679
0.82698 0.037348 0.28351
0.81798 0.037336 0.29963
0.80674 0.037323 0.30939
0.79895 0.037301 0.32573
0.8187 0.037328 0.31011
0.80893 0.037304 0.33424
0.79369 0.037294 0.34998
0.79798 0.037294 0.35918
0.80848 0.037298 0.35163
0.7907 0.037296 0.38322
0.7888 0.037302 0.40107
0.81623 0.037288 0.38205
0.78889 0.037309 0.4128
0.78947 0.037317 0.43035
0.80881 0.037294 0.42472
0.79026 0.037321 0.44365
0.80066 0.037308 0.45455
0.81625 0.037302 0.43972
0.79307 0.037342 0.47171
0.78977 0.037362 0.49119
0.79195 0.037374 0.50956
0.80332 0.037359 0.51803
0.81571 0.037348 0.51773
0.80369 0.037406 0.55232
0.81367 0.037387 0.54806
0.80718 0.037438 0.59416
0.82712 0.037422 0.57396
0.82283 0.037431 0.59102
0.81048 0.037441 0.60948
0.81258 0.03746 0.62439
0.82546 0.037436 0.60397
0.8199 0.037449 0.6211
0.80646 0.037509 0.64296
0.80728 0.037507 0.64989
0.82081 0.037463 0.63224
0.81308 0.037495 0.66582
0.80637 0.037495 0.69574
0.82455 0.037488 0.68401
0.80888 0.037494 0.70743
0.82336 0.03749 0.70626
0.8055 0.037493 0.73416
0.80633 0.037494 0.75993
0.8318 0.037493 0.73831
0.83231 0.037495 0.75349
0.80325 0.037494 0.77311
0.80684 0.037497 0.7946
0.83091 0.037497 0.77678
0.82457 0.037497 0.7914
0.80952 0.037499 0.80413
0.82396 0.037503 0.82508
0.80357 0.037503 0.8452
0.81004 0.037505 0.85813
0.82892 0.037506 0.84119
0.82846 0.037508 0.86051
0.81393 0.037507 0.87063
0.80339 0.037507 0.88964
0.82555 0.037509 0.87953
0.80507 0.037508 0.90498
0.80408 0.03749 0.92039
0.81793 0.03751 0.90623
0.80407 0.037423 0.93725
0.8118 0.033333 0.96101
0.82651 0.037381 0.94756
0.82013 0.033333 0.96331
0.84277 0.037409 0.045211
0.83966 0.037409 0.055785
0.86173 0.037405 0.045386
0.84546 0.037405 0.080998
0.84891 0.037398 0.093627
0.85238 0.037405 0.075983
0.8541 0.037399 0.091835
0.85561 0.037385 0.11125
0.85484 0.037382 0.13606
0.83962 0.037383 0.15151
0.84649 0.037377 0.16442
0.85883 0.037383 0.14678
0.85281 0.037381 0.15741
0.83767 0.037366 0.18748
0.84028 0.037366 0.1988
0.85706 0.037361 0.18772
0.8655 0.037356 0.2038
0.84959 0.037369 0.21604
0.83802 0.037341 0.23671
0.86127 0.037358 0.219
0.85526 0.037361 0.23865
0.85071 0.037317 0.25078
0.86225 0.037454 0.25131
0.86289 0.037454 0.25968
0.8543 0.037359 0.27717
0.85333 0.037348 0.2973
0.83516 0.037331 0.31776
0.82743 0.037322 0.32745
0.85469 0.037342 0.30916
0.84814 0.037331 0.32196
0.82971 0.037315 0.35644
0.84826 0.037325 0.34361
0.85584 0.037324 0.3615
0.83216 0.03731 0.38116
0.84209 0.037315 0.37912
0.85127 0.03732 0.39091
0.83558 0.037312 0.40994
0.83681 0.037311 0.42236
0.8419 0.037314 0.40473
0.85165 0.037322 0.4289
0.82852 0.037314 0.44058
0.8228 0.037313 0.45525
0.84394 0.037316 0.44417
0.84997 0.037325 0.45795
0.82732 0.037328 0.47467
0.83334 0.037337 0.48797
0.83377 0.037352 0.5084
0.84192 0.037367 0.5259
0.85866 0.03737 0.51695
0.83862 0.037382 0.53618
0.84077 0.0374 0.55135
0.85756 0.037388 0.53641
0.85541 0.037399 0.54912
0.84394 0.037414 0.57077
0.83722 0.037438 0.59043
0.85838 0.037412 0.56933
0.85128 0.037421 0.58614
0.84657 0.037443 0.61628
0.85641 0.03743 0.59753
0.85165 0.037445 0.62683
0.84708 0.037461 0.65599
0.86203 0.037451 0.63503
0.85651 0.037461 0.65958
0.84641 0.037475 0.67636
0.83782 0.037482 0.68593
0.85875 0.037465 0.66847
0.86168 0.037475 0.69398
0.83924 0.037485 0.70448
0.84582 0.037488 0.72282
0.85363 0.037477 0.70087
0.85448 0.037486 0.72566
0.84326 0.037492 0.73583
0.84046 0.037497 0.76244
0.85606 0.037494 0.75812
0.83681 0.0375 0.79337
0.85972 0.037497 0.76906
0.86384 0.0375 0.78845
0.84008 0.037503 0.81342
0.86241 0.037503 0.80305
0.85923 0.037505 0.82072
0.84198 0.037507 0.84141
0.85887 0.037508 0.83717
0.85988 0.03751 0.85496
0.84441 0.037511 0.87399
0.83989 0.037512 0.89517
0.8585 0.037512 0.86813
0.84329 0.037508 0.9175
0.86222 0.037515 0.90399
0.85366 0.0375 0.92061
0.84777 0.037455 0.93482
0.84079 0.033334 0.96025
0.86108 0.037464 0.93438
0.85928 0.033333 0.96346
0.86934 0.037403 0.03937
0.87103 0.037403 0.062274
0.88579 0.037401 0.04022
0.88725 0.037401 0.052756
0.88052 0.037401 0.078348
0.88096 0.037396 0.094638
0.8956 0.037399 0.080506
0.88974 0.037398 0.088243
0.88012 0.037387 0.11208
0.88079 0.037383 0.1317
0.88923 0.037385 0.1223
0.8739 0.037382 0.14257
0.88111 0.037375 0.16368
0.89253 0.037383 0.15251
0.88763 0.037373 0.1675
0.87575 0.037352 0.19879
0.89157 0.03737 0.17549
0.8952 0.037365 0.19665
0.87173 0.037347 0.21281
0.87743 0.037455 0.23125
0.88884 0.03734 0.22127
0.88494 0.037539 0.23524
0.87361 0.03761 0.24625
0.87166 0.037436 0.27498
0.87102 0.037347 0.29104
0.89208 0.037539 0.26765
0.88586 0.037343 0.29224
0.8646 0.037345 0.31689
0.87436 0.037347 0.32449
0.88244 0.037345 0.30415
0.8806 0.037348 0.32105
0.87023 0.037336 0.34666
0.88738 0.037341 0.34085
0.89235 0.037335 0.35415
0.86908 0.037324 0.38086
0.86077 0.037322 0.38863
0.88516 0.037326 0.37286
0.88797 0.037324 0.39287
0.86312 0.037326 0.40789
0.86552 0.037329 0.41994
0.88894 0.037328 0.41284
0.88397 0.037328 0.41848
0.87305 0.037337 0.44038
0.87782 0.037341 0.44974
0.87396 0.037358 0.47752
0.87252 0.037368 0.49188
0.87975 0.037366 0.49002
0.86303 0.037365 0.50152
0.87195 0.03739 0.52544
0.88356 0.037376 0.50906
0.88571 0.037383 0.52156
0.86839 0.037395 0.53526
0.88554 0.037391 0.53338
0.89035 0.0374 0.54734
0.87504 0.037415 0.5692
0.87359 0.03743 0.59186
0.88787 0.037411 0.56954
0.88537 0.037424 0.59261
0.87289 0.037435 0.60016
0.87906 0.037447 0.6258
0.88528 0.037431 0.60367
0.88516 0.037441 0.62094
0.87769 0.037459 0.64378
0.887 0.037451 0.64146
0.89045 0.037456 0.65378
0.87075 0.037467 0.67023
0.89757 0.037473 0.69296
0.87073 0.037482 0.70886
0.87965 0.037487 0.72627
0.89424 0.037476 0.69945
0.88963 0.037483 0.71879
0.87251 0.037491 0.74171
0.87111 0.037495 0.7616
0.88649 0.037488 0.73954
0.8971 0.037493 0.76062
0.87354 0.037499 0.77717
0.87765 0.037502 0.7942
0.88943 0.037499 0.78485
0.87052 0.037506 0.81278
0.87665 0.037507 0.82201
0.88842 0.037503 0.8018
0.87587 0.037509 0.83792
0.88053 0.037513 0.86145
0.89376 0.037509 0.83698
0.88548 0.037512 0.85649
0.87359 0.037515 0.88939
0.89118 0.037514 0.86771
0.89416 0.037516 0.88803
0.87893 0.037517 0.90195
0.88015 0.03749 0.92791
0.89218 0.037517 0.90855
0.89574 0.037479 0.92954
0.87114 0.037456 0.94007
0.89719 0.033334 0.96094
0.90477 0.037401 0.037712
0.91167 0.0374 0.055141
0.92194 0.037381 0.03908
0.91469 0.037399 0.077332
0.90333 0.037396 0.093025
0.92819 0.037352 0.097365
0.91082 0.03739 0.11227
0.90883 0.037387 0.13359
0.92051 0.037378 0.10686
0.92293 0.037369 0.12194
0.9048 0.037386 0.13923
0.90696 0.037384 0.16421
0.92128 0.03737 0.1437
0.91193 0.037386 0.19464
0.92659 0.037357 0.17712
0.92885 0.037348 0.20249
0.91232 0.037388 0.21249
0.90791 0.03741 0.23089
0.92483 0.037355 0.21577
0.91457 0.037369 0.23358
0.89885 0.037597 0.25221
0.92256 0.037308 0.24828
0.9156 0.037322 0.26001
0.90193 0.037437 0.27106
0.92794 0.037319 0.28252
0.92705 0.037321 0.29653
0.9069 0.037352 0.32765
0.91951 0.037341 0.30478
0.91819 0.037341 0.32446
0.89852 0.037344 0.33843
0.90111 0.037335 0.36309
0.9254 0.037321 0.339
0.91465 0.037332 0.35729
0.89966 0.037332 0.37325
0.90453 0.037332 0.39162
0.91997 0.037305 0.39576
0.91982 0.037304 0.40327
0.9262 0.037288 0.42908
0.8985 0.037342 0.45291
0.92226 0.0373 0.43378
0.9018 0.037362 0.47737
0.89922 0.037371 0.49281
0.92282 0.037312 0.46933
0.92008 0.037331 0.48297
0.90643 0.037375 0.50025
0.90777 0.037382 0.51959
0.9246 0.037328 0.50905
0.92197 0.03734 0.51598
0.9205 0.037356 0.53414
0.92272 0.037363 0.5505
0.91181 0.037428 0.59127
0.92253 0.037396 0.57095
0.9267 0.037407 0.59067
0.90754 0.037432 0.60045
0.90265 0.03744 0.61767
0.91988 0.037422 0.60148
0.92175 0.037422 0.6139
0.90143 0.037449 0.63898
0.93069 0.03739 0.64262
0.92142 0.037432 0.6585
0.912 0.037466 0.6835
0.92352 0.037432 0.67657
0.92691 0.037421 0.69156
0.91129 0.037474 0.70063
0.92145 0.037449 0.70474
0.90844 0.037486 0.73727
0.91193 0.037491 0.75682
0.91871 0.037471 0.73327
0.9182 0.037484 0.76203
0.91322 0.037495 0.76923
0.91226 0.037499 0.78596
0.92491 0.037467 0.77344
0.92567 0.037467 0.7933
0.90375 0.037505 0.81363
0.91115 0.037505 0.82016
0.92003 0.037486 0.80088
0.91771 0.037498 0.82408
0.90498 0.03751 0.84361
0.90537 0.037513 0.86052
0.92257 0.037476 0.83417
0.91822 0.037503 0.86006
0.91087 0.037514 0.8716
0.91825 0.037506 0.87024
0.92984 0.037469 0.88814
0.90649 0.037517 0.90868
0.9077 0.037477 0.92801
0.91973 0.037502 0.90769
0.92784 0.037439 0.92402
0.9062 0.037438 0.9403
0.91236 0.033334 0.95899
0.9182 0.037424 0.93878
0.92349 0.033334 0.96027
0.93735 0.037325 0.042563
0.93761 0.037323 0.055661
0.95384 0.033443 0.037441
0.95732 0.033338 0.062547
0.93455 0.03733 0.076533
0.95983 0.033334 0.089913
0.94644 0.037292 0.10921
0.95894 0.033334 0.13162
0.94607 0.03729 0.14983
0.94242 0.037304 0.16058
0.95815 0.033335 0.1452
0.95129 0.034262 0.16284
0.9351 0.037334 0.177
0.9449 0.0373 0.20089
0.9543 0.033386 0.20221
0.93812 0.037309 0.21105
0.93733 0.037291 0.23383
0.96294 0.033333 0.21923
0.96048 0.033334 0.22621
0.93728 0.037285 0.25126
0.94416 0.037279 0.25626
0.96022 0.033334 0.24145
0.95075 0.034035 0.26676
0.94084 0.037287 0.27369
0.93725 0.037296 0.29022
0.95877 0.033334 0.27811
0.93887 0.037291 0.3039
0.93829 0.037295 0.33133
0.95346 0.033413 0.30361
0.96412 0.033333 0.32575
0.94322 0.037291 0.34296
0.94045 0.037289 0.35731
0.95761 0.033336 0.35991
0.93701 0.037279 0.36833
0.94479 0.037233 0.39651
0.96386 0.033333 0.379
0.95007 0.034604 0.39525
0.9429 0.037237 0.40574
0.96303 0.033333 0.40848
0.95496 0.033353 0.42655
0.93825 0.037267 0.44234
0.94285 0.037259 0.44897
0.9517 0.033661 0.43326
0.9588 0.033334 0.44995
0.93586 0.037268 0.46924
0.96312 0.033333 0.47593
0.95359 0.033398 0.49126
0.94371 0.037254 0.50472
0.93954 0.037274 0.51792
0.95125 0.03385 0.50772
0.95889 0.033334 0.52251
0.934 0.037317 0.54981
0.96405 0.033333 0.5347
0.95752 0.033336 0.55258
0.94154 0.037385 0.5886
0.93851 0.037387 0.60756
0.93884 0.037381 0.61649
0.95912 0.033334 0.62164
0.9427 0.037354 0.63352
0.9609 0.033334 0.63126
0.96338 0.033333 0.6538
0.94755 0.037337 0.6717
0.95959 0.033334 0.66985
0.95879 0.033334 0.69113
0.93962 0.037363 0.70963
0.93865 0.037369 0.72084
0.9536 0.033451 0.71144
0.95432 0.033396 0.71671
0.94264 0.037365 0.75242
0.95505 0.033366 0.74361
0.95934 0.033334 0.75266
0.94033 0.037424 0.77651
0.94038 0.037414 0.79659
0.95728 0.033338 0.78471
0.9388 0.037414 0.80175
0.95367 0.033453 0.81008
0.95873 0.033335 0.82877
0.93723 0.037402 0.84441
0.96485 0.033333 0.85563
0.94201 0.03743 0.8849
0.95919 0.033334 0.86901
0.93702 0.037411 0.92121
0.95599 0.033348 0.90687
0.9645 0.033333 0.91975
0.93795 0.037358 0.93595
0.94164 0.033335 0.95817
0.95903 0.033334 0.94206
0.9539 0.033333 0.96268
