2635
1 1 1
0.034984 0.037636 0.044818
0.041039 0.037636 0.054121
0.062456 0.037637 0.035659
0.058479 0.037637 0.051357
0.046159 0.037638 0.068763
0.043618 0.037638 0.092978
0.059853 0.037638 0.080458
0.056309 0.037638 0.096636
0.038581 0.037638 0.11013
0.041283 0.037639 0.12002
0.063416 0.037637 0.10685
0.062917 0.037644 0.14231
0.040429 0.037636 0.18779
0.058426 0.037637 0.1778
0.06121 0.037637 0.19333
0.036169 0.037637 0.19808
0.040402 0.037638 0.22375
0.053354 0.037637 0.2031
0.056455 0.037638 0.21637
0.047847 0.037638 0.2327
0.042346 0.037638 0.25372
0.052986 0.037638 0.23901
0.061789 0.037638 0.25353
0.047325 0.037639 0.26547
0.046483 0.037641 0.28239
0.055809 0.037641 0.27441
0.063339 0.037642 0.28306
0.062118 0.037647 0.30387
0.057676 0.037649 0.31887
0.045191 0.03765 0.33999
0.062307 0.03765 0.34856
0.046177 0.037649 0.36986
0.045174 0.037651 0.38326
0.060755 0.037651 0.36775
0.056038 0.037655 0.38953
0.044526 0.037657 0.40019
0.037555 0.037662 0.4197
0.060384 0.037661 0.40297
0.054039 0.037664 0.4145
0.042303 0.037664 0.44299
0.058945 0.037668 0.44072
0.058079 0.037669 0.45708
0.041687 0.037666 0.47076
0.043517 0.037666 0.48581
0.051917 0.037669 0.47049
0.057496 0.037668 0.48948
0.038325 0.037655 0.50607
0.038023 0.037649 0.52765
0.05429 0.037658 0.50808
0.058534 0.037654 0.52668
0.045146 0.037648 0.53941
0.042868 0.03765 0.56567
0.06047 0.037653 0.53788
0.059151 0.037653 0.55907
0.037018 0.037651 0.57709
0.035894 0.037654 0.59991
0.051264 0.037653 0.57564
0.053196 0.037656 0.59614
0.04348 0.037654 0.60479
0.036218 0.037652 0.63234
0.05119 0.037656 0.61092
0.05715 0.037657 0.62386
0.051256 0.03765 0.65196
0.053231 0.037652 0.66401
0.047345 0.037652 0.67591
0.052342 0.037653 0.6741
0.057906 0.037655 0.69178
0.035995 0.037646 0.73293
0.059757 0.037648 0.71623
0.051602 0.037647 0.72567
0.043447 0.037646 0.74912
0.037046 0.037646 0.76454
0.058908 0.037646 0.74589
0.051954 0.037646 0.76266
0.040792 0.037646 0.77497
0.037224 0.037646 0.80101
0.058102 0.037647 0.78335
0.056189 0.037646 0.79299
0.039749 0.037645 0.82732
0.052806 0.037645 0.81554
0.058399 0.037644 0.83267
0.038051 0.037645 0.84408
0.035026 0.037643 0.86263
0.053711 0.037645 0.83852
0.056067 0.037643 0.86061
0.035584 0.037642 0.87224
0.045143 0.037643 0.89326
0.058046 0.03764 0.8795
0.056535 0.037641 0.88953
0.041944 0.037651 0.91248
0.037091 0.033377 0.95627
0.058659 0.03754 0.94491
0.061123 0.033523 0.95428
0.079317 0.037638 0.045213
0.075191 0.037637 0.059534
0.078215 0.037636 0.088002
0.094415 0.037636 0.073714
0.09175 0.037636 0.08796
0.071327 0.037636 0.10597
0.072404 0.037639 0.12869
0.085276 0.037635 0.10841
0.089489 0.037635 0.12181
0.069917 0.037642 0.13951
0.089609 0.037637 0.13588
0.092985 0.037637 0.15718
0.072033 0.037637 0.175
0.068051 0.037636 0.1898
0.094459 0.037635 0.17481
0.094965 0.037635 0.18994
0.077313 0.037637 0.20464
0.075966 0.037638 0.22142
0.088858 0.037638 0.2097
0.097156 0.037637 0.22525
0.069723 0.037637 0.24239
0.072301 0.037637 0.24876
0.085594 0.037637 0.24296
0.08998 0.037638 0.25109
0.076064 0.037641 0.27145
0.07511 0.037643 0.28865
0.09561 0.037641 0.27146
0.0682 0.037647 0.30515
0.068565 0.037648 0.32408
0.092861 0.037644 0.30362
0.090731 0.037647 0.32462
0.071351 0.037649 0.34305
0.089733 0.03765 0.33892
0.088393 0.037653 0.35379
0.07572 0.037652 0.37673
0.09136 0.037656 0.37007
0.094971 0.037659 0.38178
0.069107 0.037664 0.40822
0.073052 0.037668 0.42156
0.092795 0.037674 0.41036
0.085914 0.037676 0.41702
0.068769 0.037671 0.4438
0.083242 0.037677 0.43563
0.084417 0.037681 0.4548
0.073452 0.037674 0.47291
0.077474 0.037674 0.48356
0.089217 0.037684 0.47878
0.088376 0.037681 0.48979
0.068571 0.037665 0.50162
0.084394 0.03767 0.51893
0.076403 0.037659 0.53598
0.071454 0.037656 0.56463
0.081706 0.03766 0.56228
0.07328 0.037656 0.57086
0.068995 0.037658 0.59984
0.084721 0.037665 0.57116
0.087463 0.037667 0.59519
0.073783 0.037661 0.62984
0.089084 0.037667 0.61299
0.094075 0.037665 0.62248
0.072543 0.037659 0.64297
0.092056 0.037661 0.66621
0.067958 0.037658 0.68279
0.085522 0.037664 0.67521
0.088733 0.037659 0.69481
0.076109 0.03765 0.71265
0.067574 0.037646 0.73352
0.090807 0.037651 0.72515
0.071025 0.037646 0.74609
0.075998 0.037645 0.75832
0.087975 0.037648 0.74219
0.085027 0.037647 0.76307
0.071361 0.037646 0.77414
0.073 0.037645 0.79976
0.094163 0.037645 0.78555
0.072366 0.037643 0.81654
0.080223 0.037642 0.82393
0.092966 0.037644 0.80745
0.090132 0.037643 0.83277
0.074702 0.037644 0.8427
0.074591 0.037643 0.86195
0.089946 0.037641 0.86572
0.076723 0.037638 0.88286
0.088514 0.037639 0.87395
0.085277 0.037639 0.89049
0.071438 0.037647 0.90989
0.07701 0.037624 0.93095
0.089035 0.037642 0.90287
0.071428 0.037596 0.9387
0.08605 0.037612 0.94737
0.11079 0.037632 0.039032
0.10619 0.037634 0.057391
0.12686 0.03763 0.037885
0.1223 0.037631 0.052238
0.10297 0.037635 0.068375
0.10742 0.037635 0.094306
0.12459 0.037632 0.096536
0.10586 0.037633 0.11024
0.11409 0.037633 0.12858
0.12557 0.03763 0.11823
0.10791 0.037634 0.14097
0.10296 0.037635 0.15558
0.12715 0.037633 0.15564
0.10807 0.037633 0.17244
0.1068 0.037633 0.18712
0.12805 0.037632 0.16663
0.1193 0.037633 0.19325
0.1133 0.037635 0.21624
0.11819 0.037634 0.20047
0.11737 0.037636 0.22661
0.10611 0.037637 0.23769
0.10102 0.037638 0.25531
0.1212 0.037637 0.23695
0.10692 0.037639 0.27275
0.10659 0.037639 0.28537
0.12084 0.037639 0.27637
0.12897 0.037638 0.28291
0.10705 0.037639 0.30282
0.10764 0.037642 0.32511
0.12847 0.03764 0.30826
0.11693 0.037639 0.3169
0.10438 0.037645 0.33285
0.10532 0.037652 0.35733
0.11598 0.037651 0.35231
0.099504 0.037655 0.36432
0.11639 0.03766 0.36865
0.12209 0.037679 0.39232
0.10254 0.037668 0.39704
0.10197 0.03768 0.42405
0.11281 0.037683 0.42424
0.098117 0.037683 0.43651
0.09899 0.037685 0.44852
0.11323 0.037691 0.44304
0.11489 0.037696 0.45558
0.098202 0.037685 0.46944
0.10623 0.037685 0.48612
0.11585 0.037699 0.47074
0.12138 0.037705 0.48808
0.10247 0.037678 0.50243
0.097947 0.037672 0.52461
0.1181 0.037685 0.52488
0.10382 0.037675 0.53745
0.099551 0.037674 0.55932
0.1201 0.037689 0.54283
0.097776 0.03767 0.58238
0.099987 0.037669 0.59557
0.11704 0.037683 0.57602
0.11868 0.037675 0.60145
0.10788 0.037662 0.61727
0.10808 0.037659 0.62724
0.1246 0.037661 0.63253
0.10533 0.037655 0.64631
0.10503 0.037654 0.65933
0.11834 0.037658 0.64096
0.11556 0.037652 0.66808
0.10403 0.037654 0.68463
0.12116 0.037653 0.68439
0.10725 0.037654 0.72974
0.12607 0.037652 0.70817
0.12759 0.037649 0.73551
0.10168 0.03765 0.74064
0.10577 0.037646 0.75696
0.1203 0.037644 0.76515
0.10735 0.037644 0.77608
0.1282 0.037639 0.78002
0.11799 0.03764 0.79209
0.1092 0.037642 0.83042
0.11803 0.037642 0.8059
0.1214 0.037641 0.83434
0.11056 0.037641 0.84021
0.12648 0.037638 0.84348
0.12632 0.037636 0.85696
0.10892 0.037638 0.87653
0.11264 0.037638 0.89293
0.12908 0.037635 0.88322
0.1226 0.037637 0.89772
0.10362 0.037642 0.91001
0.12193 0.037639 0.91226
0.12038 0.037615 0.92544
0.10522 0.037596 0.93849
0.13013 0.037541 0.94645
0.12851 0.033333 0.96457
0.14214 0.037629 0.039786
0.15761 0.037626 0.035266
0.15925 0.037626 0.053336
0.13477 0.037631 0.076223
0.14009 0.037628 0.095375
0.15295 0.037627 0.071952
0.15728 0.037625 0.090492
0.13967 0.037627 0.10641
0.14126 0.037626 0.11774
0.15183 0.037624 0.11103
0.15611 0.037623 0.11659
0.13466 0.03763 0.13768
0.13563 0.037632 0.15928
0.16025 0.037629 0.15288
0.13415 0.037631 0.17801
0.15809 0.037629 0.1725
0.15681 0.037629 0.18407
0.13657 0.037632 0.20508
0.14245 0.037634 0.22482
0.15955 0.037629 0.20632
0.13555 0.037635 0.23737
0.14544 0.037635 0.2526
0.15139 0.037634 0.23041
0.15892 0.037635 0.25863
0.13791 0.037635 0.26678
0.13716 0.037637 0.28858
0.15612 0.037636 0.26649
0.15265 0.037638 0.28527
0.14474 0.037639 0.30237
0.13257 0.037641 0.31324
0.15807 0.037643 0.29651
0.14996 0.037646 0.31951
0.13471 0.037651 0.34145
0.1437 0.037654 0.34807
0.15459 0.037653 0.32995
0.14004 0.037664 0.37225
0.13428 0.037669 0.38106
0.15732 0.037673 0.37484
0.1298 0.037696 0.41943
0.14354 0.037702 0.42275
0.1366 0.037703 0.43849
0.12988 0.037707 0.45253
0.14824 0.037714 0.441
0.14633 0.037718 0.45094
0.13049 0.037711 0.46829
0.12866 0.03771 0.48529
0.14774 0.037732 0.47057
0.13704 0.037693 0.50904
0.13633 0.037685 0.5236
0.15308 0.03772 0.50037
0.1304 0.037684 0.54533
0.13697 0.037675 0.56752
0.14393 0.037683 0.54983
0.15307 0.037701 0.5545
0.13792 0.037669 0.58398
0.13323 0.037669 0.5968
0.15252 0.03768 0.58402
0.15159 0.037674 0.59637
0.13281 0.037664 0.61393
0.13571 0.03766 0.63148
0.15388 0.037668 0.61879
0.14945 0.037665 0.62897
0.13929 0.037653 0.66278
0.15817 0.037664 0.64811
0.14878 0.037657 0.66416
0.13687 0.037651 0.67585
0.14286 0.037646 0.69627
0.14709 0.03765 0.67968
0.14965 0.037646 0.70382
0.13161 0.03765 0.70733
0.14297 0.037642 0.73504
0.15409 0.037647 0.71025
0.14979 0.03764 0.73489
0.14304 0.03764 0.75041
0.13682 0.037638 0.76765
0.15541 0.03764 0.74139
0.15909 0.037635 0.75771
0.13982 0.037634 0.79438
0.15323 0.037634 0.7779
0.15475 0.037634 0.79996
0.1453 0.037635 0.80813
0.14272 0.037635 0.82911
0.16368 0.037632 0.81554
0.15602 0.037632 0.82944
0.14085 0.037633 0.84807
0.14742 0.03763 0.86304
0.16053 0.037627 0.8469
0.16062 0.037626 0.86232
0.13739 0.037634 0.87716
0.15734 0.03763 0.88132
0.15574 0.037632 0.89795
0.13547 0.037636 0.90922
0.14048 0.037594 0.92845
0.1578 0.037632 0.91126
0.1554 0.037599 0.9254
0.13668 0.033977 0.95259
0.15915 0.037535 0.94078
0.1588 0.033334 0.96144
0.17134 0.037622 0.044837
0.17827 0.037621 0.061186
0.18757 0.037619 0.045533
0.18659 0.037619 0.05511
0.17109 0.037623 0.076325
0.17487 0.037622 0.092014
0.19017 0.037619 0.077879
0.18988 0.03762 0.093115
0.17022 0.037623 0.10595
0.17442 0.037622 0.12877
0.18457 0.037621 0.10739
0.19153 0.03762 0.11802
0.173 0.037623 0.14067
0.17977 0.037623 0.15392
0.18789 0.037621 0.14522
0.19226 0.037621 0.15043
0.17943 0.037625 0.19323
0.19109 0.037622 0.17204
0.18653 0.037626 0.18858
0.17554 0.037628 0.22621
0.18789 0.037627 0.20126
0.18708 0.03763 0.2195
0.17329 0.037629 0.23853
0.17549 0.03763 0.25651
0.18749 0.037629 0.24836
0.18876 0.037632 0.26956
0.18428 0.037641 0.28766
0.16672 0.037643 0.29579
0.173 0.037651 0.31275
0.18656 0.037653 0.3071
0.18895 0.03766 0.32359
0.16531 0.037656 0.33986
0.16795 0.037659 0.34664
0.18254 0.03766 0.3352
0.18548 0.037668 0.34452
0.17358 0.037673 0.36898
0.1836 0.037686 0.37171
0.17986 0.037686 0.38856
0.16727 0.037691 0.42308
0.18739 0.037699 0.4003
0.18686 0.037708 0.41899
0.1666 0.037702 0.43597
0.16698 0.037712 0.45101
0.18214 0.037715 0.43252
0.17493 0.037724 0.45739
0.16265 0.037732 0.48549
0.17576 0.037748 0.47619
0.17833 0.037759 0.48455
0.16138 0.037719 0.50138
0.16113 0.037709 0.52977
0.17975 0.037753 0.50735
0.17736 0.037741 0.52953
0.16145 0.03771 0.54513
0.17352 0.037714 0.56285
0.16928 0.037686 0.58019
0.16048 0.037677 0.59325
0.18135 0.037702 0.58631
0.17626 0.037676 0.59867
0.1697 0.037665 0.61005
0.16417 0.037663 0.63161
0.17725 0.03767 0.60824
0.17774 0.037662 0.62737
0.1649 0.037663 0.65015
0.16703 0.037661 0.66009
0.18958 0.037683 0.65442
0.19031 0.037675 0.66598
0.16746 0.037655 0.67801
0.16667 0.03765 0.69382
0.18 0.037657 0.6759
0.18333 0.037654 0.69572
0.17324 0.037643 0.72079
0.17013 0.037639 0.73239
0.18327 0.037649 0.70863
0.18432 0.037636 0.73719
0.17687 0.037628 0.75152
0.17006 0.03763 0.75913
0.18568 0.037629 0.75087
0.16967 0.037632 0.7936
0.19014 0.037629 0.77379
0.18973 0.03763 0.79984
0.17504 0.03763 0.80812
0.1883 0.037627 0.81576
0.19 0.037622 0.83035
0.17968 0.037621 0.84065
0.17064 0.037622 0.85698
0.18877 0.037619 0.84746
0.18688 0.037617 0.85446
0.16881 0.037625 0.876
0.16872 0.037627 0.89221
0.19473 0.037616 0.87081
0.19395 0.037618 0.89017
0.17073 0.037579 0.92909
0.18592 0.03757 0.93008
0.18044 0.033635 0.95357
0.18757 0.037534 0.93848
0.19272 0.033382 0.95608
0.20219 0.037616 0.044285
0.21049 0.037614 0.058469
0.22398 0.037612 0.034972
0.22206 0.037612 0.056244
0.20918 0.037614 0.068579
0.20592 0.037615 0.088341
0.22657 0.03761 0.070703
0.22315 0.037612 0.093067
0.21161 0.037614 0.1004
0.20562 0.037617 0.12636
0.22836 0.037611 0.10093
0.22014 0.037615 0.1209
0.20458 0.037619 0.1415
0.20021 0.037619 0.17288
0.2105 0.037622 0.18893
0.22674 0.03761 0.17177
0.22911 0.03761 0.18269
0.20575 0.037627 0.19957
0.22318 0.037623 0.19935
0.2113 0.03763 0.23712
0.22497 0.037635 0.23187
0.22224 0.037642 0.25531
0.20424 0.037625 0.27182
0.19932 0.037628 0.27996
0.22259 0.037637 0.2659
0.21577 0.037621 0.28395
0.2073 0.037626 0.30445
0.20503 0.037644 0.32407
0.21415 0.037622 0.31275
0.19843 0.037657 0.32983
0.2029 0.037669 0.35227
0.21478 0.037645 0.32918
0.22389 0.037674 0.34588
0.20606 0.037668 0.36192
0.20254 0.037677 0.37941
0.21808 0.037674 0.36033
0.21046 0.037676 0.38592
0.19965 0.037698 0.40377
0.20835 0.037692 0.40053
0.1986 0.037726 0.42705
0.18888 0.037752 0.45403
0.21193 0.037753 0.42835
0.21073 0.037792 0.44691
0.19364 0.037779 0.4661
0.1956 0.037798 0.48729
0.20005 0.037804 0.47412
0.20367 0.037832 0.48764
0.19162 0.037784 0.50937
0.19351 0.037776 0.52315
0.19443 0.03776 0.54054
0.19554 0.037749 0.55515
0.20579 0.037772 0.55602
0.19397 0.037718 0.58605
0.19079 0.037708 0.59848
0.20989 0.037752 0.58388
0.20998 0.037748 0.59092
0.19186 0.0377 0.61111
0.19431 0.037693 0.63624
0.2175 0.037723 0.63636
0.19495 0.037686 0.6527
0.2043 0.037683 0.65923
0.21727 0.037713 0.645
0.20511 0.037665 0.67744
0.19976 0.037651 0.6994
0.21606 0.037668 0.6788
0.21498 0.03765 0.70063
0.19898 0.037642 0.71305
0.19898 0.037631 0.73185
0.2159 0.037637 0.71478
0.21834 0.037625 0.72577
0.20316 0.037623 0.76321
0.21962 0.037621 0.75163
0.20262 0.037627 0.78443
0.20962 0.037622 0.79596
0.22062 0.037621 0.77546
0.20431 0.037618 0.83395
0.22742 0.037617 0.81823
0.22415 0.037614 0.83261
0.20483 0.037615 0.84801
0.20832 0.037611 0.86123
0.2226 0.037613 0.83903
0.22391 0.037607 0.86026
0.20731 0.037611 0.8765
0.20976 0.037612 0.8937
0.22019 0.037607 0.87799
0.22509 0.037607 0.89647
0.21385 0.037574 0.92746
0.22491 0.037613 0.91402
0.20184 0.037493 0.94689
0.21331 0.033334 0.96262
0.22152 0.037509 0.94263
0.2219 0.033356 0.95712
0.23458 0.037609 0.03498
0.23823 0.037608 0.061176
0.25201 0.037605 0.042373
0.26022 0.037603 0.055901
0.23996 0.037607 0.067281
0.23624 0.037608 0.083943
0.2561 0.037602 0.075252
0.25943 0.037602 0.084594
0.24597 0.037612 0.11778
0.25585 0.037606 0.10027
0.25137 0.037612 0.12442
0.23554 0.037614 0.14276
0.25481 0.037611 0.13731
0.26071 0.037609 0.15364
0.23583 0.037606 0.17391
0.24594 0.037606 0.18878
0.25332 0.037604 0.17392
0.25922 0.037608 0.18331
0.23922 0.037615 0.20797
0.23273 0.03763 0.22587
0.25591 0.037612 0.20289
0.23223 0.037638 0.24073
0.23915 0.037643 0.24625
0.24108 0.037647 0.26916
0.23997 0.037649 0.28887
0.25985 0.037659 0.27839
0.25826 0.037671 0.30195
0.25458 0.037684 0.31649
0.23178 0.037675 0.34885
0.2506 0.037686 0.33729
0.25602 0.037715 0.35402
0.2349 0.037677 0.36043
0.24696 0.037695 0.36622
0.24221 0.037687 0.37998
0.22535 0.037711 0.39887
0.23444 0.037728 0.41205
0.24483 0.037716 0.39237
0.22809 0.037752 0.42594
0.22388 0.037799 0.44574
0.24449 0.037783 0.42924
0.23782 0.03782 0.44856
0.21655 0.03787 0.47147
0.23118 0.037875 0.46577
0.23581 0.037969 0.48157
0.22599 0.037878 0.50324
0.23037 0.037884 0.5308
0.22174 0.037829 0.5475
0.21819 0.037802 0.56634
0.22799 0.037777 0.59385
0.23708 0.037779 0.60134
0.23291 0.037736 0.61325
0.23119 0.037698 0.63959
0.23929 0.037728 0.61767
0.245 0.037697 0.63529
0.22828 0.037684 0.65404
0.23676 0.037664 0.66433
0.24628 0.037669 0.65619
0.24797 0.03767 0.67044
0.23744 0.037662 0.68691
0.25618 0.037664 0.6951
0.23857 0.037625 0.72187
0.25017 0.037637 0.71289
0.25213 0.03762 0.73182
0.2385 0.037616 0.74483
0.23594 0.037613 0.76195
0.25351 0.037615 0.74999
0.2625 0.03761 0.76626
0.23327 0.037619 0.78178
0.24179 0.037613 0.79399
0.258 0.037612 0.77565
0.24225 0.037611 0.80938
0.26023 0.037604 0.81075
0.2536 0.037604 0.82987
0.24326 0.037605 0.8455
0.23866 0.037602 0.86095
0.23706 0.0376 0.87899
0.23595 0.037599 0.88831
0.25904 0.037592 0.87719
0.24629 0.0376 0.91257
0.23688 0.037565 0.92863
0.25232 0.037595 0.90342
0.261 0.03755 0.93065
0.24388 0.033334 0.96131
0.25618 0.037535 0.93617
0.27659 0.037597 0.056259
0.29708 0.03759 0.060765
0.27843 0.037593 0.079212
0.27164 0.037599 0.093918
0.29563 0.03759 0.073917
0.27272 0.037602 0.10868
0.29232 0.037594 0.10371
0.28753 0.037598 0.12245
0.27344 0.037601 0.13545
0.27084 0.037605 0.15607
0.29504 0.037591 0.13717
0.29657 0.037597 0.15712
0.26717 0.037605 0.16884
0.27246 0.037609 0.18164
0.28817 0.037617 0.1917
0.27588 0.037627 0.21458
0.2906 0.037617 0.19676
0.28841 0.037628 0.22187
0.27192 0.037644 0.25753
0.28896 0.03763 0.23629
0.29077 0.037653 0.25529
0.28535 0.037652 0.26291
0.26622 0.037666 0.30371
0.26862 0.037674 0.31289
0.29219 0.037686 0.3169
0.26441 0.037695 0.33203
0.26842 0.03772 0.3545
0.27824 0.037685 0.33815
0.2806 0.037714 0.35026
0.26653 0.037727 0.36034
0.26618 0.037741 0.37947
0.28216 0.037766 0.37069
0.26144 0.037762 0.39914
0.25703 0.037783 0.41372
0.27721 0.037799 0.40388
0.27054 0.037799 0.41853
0.24711 0.037872 0.45319
0.26749 0.037801 0.42633
0.27307 0.037864 0.4445
0.24315 0.037957 0.46738
0.24508 0.038016 0.48496
0.25905 0.03811 0.47962
0.24239 0.037979 0.50767
0.25352 0.037973 0.53317
0.24712 0.037939 0.5393
0.25142 0.037902 0.57154
0.25624 0.03794 0.55064
0.26663 0.037985 0.5622
0.25623 0.037891 0.57841
0.25338 0.037796 0.60618
0.26401 0.037896 0.58131
0.26663 0.037837 0.59466
0.25977 0.037746 0.61713
0.26152 0.037703 0.63592
0.27665 0.037696 0.63203
0.26518 0.037681 0.65386
0.26382 0.037678 0.66966
0.27804 0.037675 0.65373
0.28138 0.037668 0.67059
0.26376 0.037679 0.67799
0.27264 0.037628 0.69868
0.28831 0.037674 0.67969
0.28505 0.037613 0.70535
0.27111 0.037599 0.71911
0.27506 0.037592 0.72673
0.2935 0.03761 0.72999
0.27848 0.037616 0.75324
0.2746 0.037605 0.76955
0.29322 0.037628 0.74589
0.2687 0.037605 0.77728
0.27702 0.037592 0.79486
0.29485 0.037596 0.78142
0.29085 0.037591 0.79871
0.29255 0.037596 0.81553
0.28519 0.037598 0.83065
0.27771 0.037597 0.84792
0.2963 0.03759 0.84518
0.2883 0.037588 0.86006
0.27179 0.037586 0.88137
0.28159 0.037583 0.89354
0.29314 0.037579 0.88058
0.28614 0.037582 0.89455
0.29761 0.03758 0.91
0.29513 0.037556 0.9263
0.27779 0.037483 0.94637
0.28051 0.033406 0.95542
0.29801 0.037531 0.93599
0.28598 0.033336 0.96024
0.30325 0.037588 0.045288
0.30676 0.037587 0.058318
0.32999 0.037578 0.044184
0.33116 0.037579 0.058159
0.30524 0.037587 0.079319
0.30929 0.037589 0.086719
0.32591 0.037582 0.069953
0.32188 0.037586 0.093217
0.30736 0.037589 0.1074
0.30518 0.037591 0.12494
0.33022 0.037582 0.10258
0.32055 0.037587 0.12264
0.30373 0.037587 0.14298
0.30685 0.037594 0.15419
0.32366 0.037582 0.1416
0.32448 0.037588 0.15084
0.30483 0.0376 0.17506
0.30771 0.037607 0.18947
0.32481 0.037592 0.16915
0.30869 0.037619 0.2188
0.32915 0.037609 0.20478
0.32771 0.037616 0.2129
0.3 0.037625 0.2394
0.3067 0.037634 0.2498
0.3166 0.037637 0.25448
0.30566 0.037645 0.26283
0.29999 0.037658 0.2856
0.31519 0.03764 0.26248
0.32079 0.037651 0.27975
0.29986 0.03766 0.30456
0.29934 0.037675 0.31333
0.31625 0.037659 0.30523
0.31649 0.03767 0.3125
0.30345 0.037699 0.32925
0.29338 0.037742 0.35215
0.31564 0.037698 0.33604
0.32186 0.037742 0.35065
0.29776 0.03776 0.35693
0.29135 0.037822 0.38454
0.30843 0.037786 0.36562
0.31472 0.037887 0.37938
0.28859 0.037828 0.40257
0.2958 0.037837 0.41149
0.3042 0.03784 0.39919
0.30695 0.037872 0.4151
0.28668 0.037851 0.43175
0.27882 0.037913 0.44918
0.30616 0.037992 0.43082
0.30734 0.03814 0.44079
0.27279 0.038188 0.47612
0.28747 0.038107 0.46229
0.27528 0.038216 0.48629
0.26971 0.038216 0.50024
0.26368 0.038164 0.51886
0.28027 0.038368 0.5015
0.27646 0.038121 0.54024
0.2857 0.038034 0.56652
0.27682 0.037918 0.58316
0.3039 0.037843 0.59988
0.28538 0.037729 0.6234
0.29038 0.037706 0.63664
0.31482 0.037799 0.63372
0.31501 0.037768 0.65994
0.31867 0.037774 0.67378
0.32511 0.037694 0.70357
0.32658 0.037658 0.72184
0.32018 0.037648 0.73331
0.30571 0.037635 0.7425
0.31215 0.037605 0.76165
0.32349 0.037618 0.74914
0.32181 0.037598 0.7665
0.31235 0.037596 0.78117
0.30474 0.037589 0.79452
0.31951 0.037593 0.78533
0.32 0.03759 0.80144
0.30333 0.037593 0.80768
0.32223 0.037572 0.82813
0.3053 0.037582 0.84237
0.31177 0.037572 0.85958
0.30422 0.037572 0.88289
0.31207 0.037568 0.89059
0.32413 0.037566 0.87199
0.3223 0.037565 0.89694
0.30533 0.037577 0.91326
0.31476 0.037556 0.92921
0.33159 0.037563 0.90607
0.32255 0.037558 0.92297
0.30641 0.037522 0.94555
0.32481 0.037528 0.94278
0.34161 0.037574 0.040632
0.34065 0.037576 0.055605
0.36575 0.037568 0.040755
0.3549 0.037572 0.051338
0.34109 0.037577 0.073241
0.34058 0.03758 0.085517
0.35645 0.037574 0.083379
0.34263 0.037577 0.10401
0.33739 0.037581 0.1212
0.35784 0.037571 0.12021
0.34013 0.037579 0.13786
0.34423 0.037585 0.15006
0.35672 0.037575 0.13964
0.36339 0.037579 0.14803
0.34458 0.037589 0.16767
0.34449 0.037591 0.17842
0.35186 0.037589 0.16336
0.35676 0.037594 0.17811
0.33685 0.037607 0.19794
0.33511 0.037625 0.21806
0.35258 0.03761 0.19699
0.34223 0.037628 0.23083
0.33741 0.037642 0.25401
0.3527 0.037633 0.23316
0.35951 0.037659 0.24853
0.34302 0.037626 0.27037
0.34061 0.037632 0.28075
0.35766 0.037655 0.26702
0.3504 0.037624 0.2757
0.33392 0.037661 0.29562
0.3351 0.037709 0.31855
0.35014 0.037654 0.29508
0.34585 0.037696 0.31847
0.33955 0.037731 0.32582
0.33019 0.037736 0.34477
0.34501 0.037777 0.33528
0.3559 0.038218 0.36212
0.34746 0.038038 0.37608
0.32223 0.037896 0.39804
0.31862 0.037904 0.41578
0.33393 0.037901 0.38976
0.31866 0.038152 0.43158
0.32869 0.038041 0.4267
0.29585 0.038249 0.4624
0.28954 0.038388 0.48779
0.30219 0.03846 0.47906
0.29007 0.038445 0.49962
0.29309 0.038466 0.49998
0.30339 0.038519 0.5322
0.29805 0.038073 0.5719
0.30622 0.038392 0.54807
0.31267 0.038086 0.5702
0.31786 0.037872 0.59393
0.31502 0.037833 0.61137
0.31761 0.037823 0.61923
0.32585 0.037816 0.63684
0.33886 0.037883 0.618
0.34679 0.037853 0.63381
0.33581 0.037778 0.66032
0.32623 0.037777 0.67415
0.34858 0.037795 0.65601
0.34538 0.037752 0.67114
0.33193 0.037691 0.69901
0.34894 0.037715 0.68286
0.35647 0.037651 0.70504
0.33122 0.03767 0.71571
0.33979 0.037627 0.72816
0.3551 0.037643 0.71647
0.34979 0.037615 0.73733
0.33934 0.037612 0.74366
0.34136 0.037591 0.76936
0.35321 0.037591 0.74836
0.35657 0.037587 0.7643
0.35511 0.037596 0.78052
0.35637 0.037572 0.80167
0.34777 0.037564 0.81461
0.33691 0.037564 0.8223
0.35731 0.037556 0.82546
0.34746 0.037565 0.8435
0.3451 0.03756 0.86019
0.36457 0.037557 0.83719
0.36354 0.037551 0.86077
0.33924 0.037562 0.87868
0.3426 0.037558 0.89244
0.35568 0.037551 0.88706
0.3477 0.037557 0.90961
0.34094 0.03753 0.92692
0.35544 0.037554 0.91255
0.3554 0.037527 0.92388
0.34713 0.037485 0.9382
0.33876 0.033341 0.95838
0.36214 0.03748 0.93794
0.35401 0.033334 0.96257
0.37271 0.037565 0.035103
0.3826 0.037566 0.055889
0.39147 0.03756 0.040888
0.39303 0.03757 0.07018
0.39738 0.037573 0.091486
0.37284 0.037565 0.103
0.38385 0.037554 0.11534
0.39699 0.037558 0.10682
0.39169 0.037555 0.11479
0.37179 0.03757 0.14217
0.37279 0.037586 0.1553
0.3967 0.037562 0.13539
0.37924 0.03759 0.16506
0.37359 0.037597 0.17707
0.39409 0.037614 0.18729
0.37408 0.037616 0.1954
0.37703 0.037624 0.21175
0.38902 0.037616 0.20031
0.3886 0.037621 0.20992
0.37192 0.037635 0.23634
0.36926 0.037661 0.24801
0.39554 0.037645 0.22792
0.39187 0.037681 0.25079
0.36789 0.037676 0.26324
0.3669 0.037685 0.28579
0.39139 0.037693 0.26745
0.37962 0.037714 0.28235
0.37263 0.037711 0.30825
0.38592 0.037748 0.29505
0.38448 0.037761 0.30469
0.36131 0.03773 0.32517
0.36623 0.038057 0.34693
0.35938 0.038279 0.36875
0.37678 0.038221 0.35493
0.35799 0.038104 0.38438
0.36507 0.038191 0.38104
0.35892 0.037983 0.39686
0.34039 0.038148 0.43069
0.33444 0.038362 0.44159
0.35156 0.037986 0.41951
0.33754 0.038357 0.44499
0.31739 0.038735 0.45792
0.31726 0.038603 0.47405
0.30207 0.038739 0.5083
0.3131 0.038464 0.54049
0.30989 0.038821 0.50401
0.317 0.038451 0.542
0.32585 0.038215 0.56302
0.32907 0.038061 0.57604
0.33775 0.037986 0.59524
0.34446 0.037929 0.61266
0.35042 0.038036 0.58996
0.3658 0.038091 0.61463
0.35264 0.03787 0.63101
0.35409 0.037856 0.6392
0.36633 0.037916 0.63076
0.37363 0.037911 0.64096
0.35634 0.037789 0.65739
0.36134 0.03773 0.67679
0.38433 0.037861 0.65517
0.38721 0.037784 0.66546
0.36316 0.037681 0.68785
0.37977 0.037739 0.67978
0.38647 0.037697 0.70044
0.37991 0.03762 0.7327
0.39485 0.037668 0.71321
0.38899 0.037615 0.73301
0.37781 0.037578 0.75291
0.36914 0.037581 0.75911
0.38574 0.037586 0.74941
0.38178 0.037571 0.78117
0.37928 0.037557 0.79916
0.38838 0.037577 0.77606
0.37869 0.037555 0.8089
0.37229 0.037551 0.8304
0.37542 0.037552 0.83825
0.37397 0.037544 0.85567
0.38963 0.037544 0.8383
0.39089 0.037539 0.86322
0.37639 0.037549 0.87536
0.37192 0.037546 0.89461
0.39371 0.037536 0.89787
0.37585 0.037545 0.90919
0.38268 0.037509 0.92806
0.3892 0.037539 0.9085
0.39628 0.0375 0.93062
0.37979 0.037476 0.94143
0.37383 0.033516 0.95395
0.39278 0.037474 0.94214
0.39889 0.033433 0.95474
0.41635 0.03756 0.036647
0.42188 0.037558 0.041419
0.42339 0.037567 0.064301
0.4076 0.037575 0.080012
0.4289 0.037566 0.073352
0.4361 0.037634 0.095633
0.41934 0.037554 0.10599
0.40915 0.037544 0.1157
0.42724 0.037605 0.10479
0.42853 0.037624 0.12147
0.41487 0.037565 0.13908
0.40841 0.037589 0.15535
0.4298 0.037586 0.14461
0.41147 0.037588 0.16396
0.40929 0.037604 0.18447
0.42239 0.037582 0.16949
0.42431 0.037582 0.17619
0.41253 0.037645 0.21905
0.42526 0.037597 0.1993
0.43023 0.037597 0.20625
0.39883 0.037649 0.23322
0.40951 0.037708 0.2504
0.42925 0.037653 0.22407
0.40751 0.037711 0.26527
0.40321 0.037715 0.27401
0.42566 0.037768 0.27655
0.40784 0.037761 0.29487
0.39848 0.037799 0.3073
0.42214 0.037777 0.28414
0.41636 0.037781 0.29988
0.39736 0.037848 0.32495
0.39952 0.037924 0.33829
0.41745 0.037881 0.31738
0.40696 0.03797 0.34094
0.38367 0.038298 0.36455
0.41197 0.038038 0.34705
0.37388 0.038275 0.3778
0.37028 0.038001 0.39802
0.39553 0.038154 0.37586
0.38686 0.038001 0.38903
0.37007 0.037894 0.41801
0.3625 0.037994 0.4347
0.38302 0.037955 0.40102
0.34259 0.038303 0.45231
0.32134 0.03846 0.47346
0.36029 0.037725 0.44776
0.32412 0.038122 0.48489
0.31926 0.03847 0.49441
0.3214 0.03856 0.52931
0.32332 0.037851 0.50104
0.33415 0.038058 0.54025
0.35247 0.037982 0.56725
0.37209 0.037993 0.57897
0.37338 0.038294 0.60919
0.40212 0.038181 0.62344
0.38411 0.038071 0.62934
0.39429 0.03793 0.64753
0.40564 0.038088 0.63142
0.39747 0.037832 0.65636
0.40493 0.037744 0.66708
0.41271 0.037807 0.65247
0.42269 0.037698 0.66239
0.39758 0.037723 0.68624
0.40502 0.037679 0.69417
0.42539 0.037714 0.68164
0.42696 0.03764 0.69705
0.4118 0.037633 0.71437
0.40659 0.037606 0.7269
0.42516 0.037583 0.72349
0.40649 0.037569 0.75766
0.42498 0.037561 0.74472
0.41959 0.037569 0.76033
0.41136 0.037558 0.77728
0.40352 0.037544 0.79715
0.42873 0.037539 0.77792
0.43184 0.037529 0.79352
0.4158 0.037524 0.81469
0.43283 0.037526 0.80638
0.42033 0.03752 0.82306
0.40627 0.037535 0.83834
0.42543 0.037521 0.85967
0.41401 0.037528 0.87906
0.40955 0.037528 0.8969
0.42886 0.037521 0.87926
0.4236 0.037519 0.88811
0.4112 0.037529 0.90702
0.40937 0.037498 0.92975
0.42848 0.037497 0.92717
0.40407 0.037468 0.94476
0.41964 0.037479 0.93773
0.42919 0.033334 0.96113
0.43947 0.037559 0.041663
0.44528 0.037558 0.062162
0.45799 0.037556 0.045364
0.4402 0.037558 0.072515
0.44209 0.037645 0.094745
0.46464 0.037546 0.082054
0.4585 0.037723 0.10018
0.44301 0.037893 0.11692
0.46099 0.037786 0.10627
0.44879 0.037831 0.12861
0.44112 0.037578 0.14574
0.45498 0.037834 0.12947
0.46346 0.037565 0.1471
0.44787 0.037527 0.15975
0.44417 0.037577 0.18155
0.46151 0.037541 0.16802
0.45917 0.037579 0.18502
0.44678 0.037584 0.19625
0.44113 0.037597 0.2079
0.45408 0.037621 0.21507
0.43746 0.037662 0.22808
0.43346 0.037703 0.2421
0.45142 0.037657 0.22659
0.43565 0.037741 0.25228
0.43512 0.037747 0.26704
0.45669 0.037754 0.26106
0.45985 0.037817 0.27284
0.43248 0.037804 0.28204
0.44718 0.037864 0.29085
0.45377 0.037965 0.30365
0.43074 0.037918 0.31595
0.42687 0.037942 0.33119
0.45001 0.038004 0.31081
0.44469 0.037977 0.3234
0.42676 0.038034 0.3424
0.4181 0.038127 0.36235
0.45014 0.03813 0.33859
0.44197 0.038225 0.35164
0.43437 0.038317 0.36936
0.39198 0.037345 0.40216
0.38792 0.037081 0.4231
0.42177 0.036894 0.3834
0.40652 0.035207 0.40673
0.36974 0.036899 0.44183
0.34149 0.036148 0.47004
0.35142 0.034283 0.48311
0.32971 0.036328 0.51172
0.34253 0.037077 0.54164
0.3375 0.035545 0.51946
0.38547 0.035681 0.56317
0.38707 0.036983 0.58576
0.39944 0.037389 0.60071
0.39558 0.036203 0.58861
0.40819 0.036986 0.60088
0.41417 0.03849 0.61231
0.4219 0.038188 0.60794
0.42896 0.03844 0.62005
0.42329 0.038037 0.63706
0.44029 0.038226 0.62627
0.45087 0.037926 0.63786
0.43191 0.03769 0.65539
0.43152 0.0377 0.66551
0.45033 0.037743 0.65532
0.449 0.037743 0.66371
0.43424 0.037674 0.68414
0.44299 0.037623 0.6977
0.46321 0.037569 0.69515
0.44037 0.037586 0.71286
0.44586 0.037563 0.72881
0.45528 0.037568 0.71049
0.45992 0.03754 0.73039
0.44867 0.037544 0.73955
0.43726 0.037545 0.76051
0.4613 0.03751 0.74382
0.45768 0.037522 0.76031
0.44164 0.037533 0.77497
0.44302 0.037524 0.79629
0.45586 0.037514 0.77809
0.46651 0.037517 0.79655
0.44468 0.037505 0.81945
0.45583 0.037501 0.81309
0.4556 0.037503 0.82249
0.44608 0.037518 0.83584
0.43891 0.037516 0.8594
0.46452 0.03751 0.83596
0.44107 0.037519 0.86953
0.44153 0.037514 0.8897
0.454 0.037511 0.87988
0.46144 0.037509 0.89342
0.44791 0.037517 0.91316
0.44783 0.037494 0.92533
0.461 0.037511 0.91373
0.45661 0.037481 0.92971
0.44495 0.037453 0.94682
0.46472 0.037447 0.94307
0.4606 0.033334 0.96316
0.40385 0.038024 0.4422
0.37432 0.038347 0.46533
0.37114 0.038212 0.52432
0.37301 0.036265 0.49421
0.48192 0.037547 0.046154
0.47835 0.03755 0.064871
0.49642 0.037541 0.039014
0.48832 0.037547 0.062642
0.47048 0.037548 0.082033
0.47278 0.0376 0.094431
0.49215 0.037545 0.073522
0.49051 0.037549 0.093751
0.47814 0.037604 0.11007
0.47204 0.037711 0.11542
0.48374 0.037548 0.10471
0.49366 0.037547 0.12294
0.47158 0.037679 0.13022
0.492 0.03758 0.14662
0.47029 0.037558 0.16432
0.47794 0.037581 0.1785
0.48735 0.03759 0.16203
0.47925 0.037598 0.1945
0.47605 0.03762 0.211
0.49101 0.037598 0.19243
0.49124 0.037612 0.20906
0.47279 0.037673 0.23194
0.47913 0.037689 0.23757
0.48838 0.037663 0.22457
0.49425 0.037678 0.23664
0.46743 0.03776 0.26137
0.48016 0.037776 0.26518
0.49392 0.037752 0.26052
0.49861 0.037825 0.27379
0.47117 0.037908 0.2887
0.47415 0.037992 0.29676
0.48609 0.038002 0.29735
0.46644 0.038108 0.31303
0.46996 0.03835 0.32518
0.4861 0.038165 0.31393
0.48908 0.038391 0.32461
0.46706 0.038451 0.33405
0.46988 0.038658 0.34068
0.48911 0.038854 0.34145
0.4546 0.03827 0.36197
0.47717 0.038615 0.34814
0.47829 0.037875 0.35227
0.43655 0.036185 0.38152
0.43179 0.034617 0.39375
0.46382 0.035641 0.36505
0.46353 0.034341 0.37185
0.41875 0.033585 0.42525
0.43619 0.033362 0.49017
0.39498 0.033435 0.51233
0.40197 0.034391 0.57608
0.44645 0.03375 0.5979
0.43779 0.035472 0.60513
0.48117 0.034056 0.59435
0.4942 0.035446 0.60574
0.43889 0.03764 0.6118
0.45573 0.038081 0.61872
0.49042 0.037026 0.6141
0.50219 0.037881 0.6214
0.46054 0.038134 0.62599
0.46523 0.037847 0.64374
0.4828 0.038021 0.62883
0.49798 0.037869 0.63983
0.4631 0.037791 0.64849
0.46626 0.03769 0.66346
0.49945 0.037661 0.64894
0.47477 0.037646 0.67344
0.47324 0.037557 0.69919
0.48569 0.037573 0.67718
0.49306 0.037528 0.69075
0.4787 0.037524 0.71824
0.49331 0.037531 0.7018
0.49484 0.037508 0.72188
0.47906 0.037498 0.73964
0.48051 0.0375 0.75328
0.49609 0.037476 0.74121
0.49762 0.037491 0.75331
0.48222 0.037521 0.76672
0.47315 0.037511 0.78965
0.49378 0.03751 0.79551
0.48098 0.037493 0.82533
0.49582 0.037498 0.80653
0.49363 0.037491 0.82793
0.47897 0.0375 0.84006
0.48101 0.037495 0.85683
0.48782 0.03749 0.85398
0.4778 0.037506 0.87295
0.47508 0.037502 0.88422
0.49558 0.037501 0.8783
0.4708 0.03748 0.92651
0.49236 0.037505 0.90745
0.48749 0.037463 0.92884
0.47728 0.037435 0.94386
0.47722 0.033862 0.95217
0.48849 0.037439 0.93745
0.46223 0.033977 0.42605
0.40856 0.034203 0.48632
0.43358 0.033892 0.50282
0.45539 0.033989 0.55676
0.45819 0.036305 0.38986
0.46742 0.037148 0.38153
0.41081 0.036236 0.44271
0.39586 0.035334 0.46329
0.41191 0.037175 0.42946
0.4009 0.036754 0.44994
0.46586 0.034937 0.41039
0.42093 0.034099 0.45356
0.46551 0.03614 0.38951
0.42942 0.033793 0.48513
0.40818 0.034437 0.5227
0.36528 0.038279 0.51934
0.42177 0.037479 0.57612
0.47751 0.033977 0.54437
0.448 0.035873 0.58106
0.43792 0.033914 0.52766
0.43631 0.036338 0.58556
0.42584 0.03706 0.58136
0.46913 0.036993 0.38288
0.42686 0.036563 0.42359
0.41115 0.03498 0.46878
0.44269 0.035868 0.41657
0.40285 0.035322 0.47203
0.44907 0.037705 0.3941
0.42338 0.034372 0.47291
0.45524 0.035146 0.41875
0.45155 0.034776 0.45747
0.38772 0.036771 0.53383
0.40474 0.037157 0.55068
0.3794 0.036055 0.48758
0.42287 0.035028 0.54116
0.42062 0.034305 0.49731
0.46735 0.034303 0.55486
0.44736 0.034122 0.49737
0.43581 0.034647 0.5559
0.42703 0.037029 0.58101
0.47588 0.037342 0.58293
0.44227 0.0345 0.44219
0.45587 0.034606 0.51923
0.50814 0.037536 0.045557
0.52636 0.037529 0.047574
0.52534 0.037532 0.057395
0.50707 0.037539 0.071936
0.50696 0.037545 0.088762
0.53062 0.03753 0.067958
0.52445 0.037537 0.088847
0.5018 0.037539 0.10643
0.51207 0.037541 0.11624
0.52832 0.03753 0.10856
0.52342 0.037532 0.11499
0.51581 0.037556 0.13653
0.51393 0.037565 0.14692
0.52014 0.037551 0.13531
0.52244 0.037572 0.1575
0.51205 0.037577 0.1627
0.51729 0.037568 0.17721
0.53154 0.037554 0.17427
0.52141 0.037566 0.17816
0.51736 0.037589 0.20127
0.50451 0.037597 0.20738
0.53116 0.037571 0.19788
0.53417 0.037566 0.21001
0.51507 0.037659 0.22988
0.51342 0.037696 0.24288
0.52765 0.037643 0.23236
0.52406 0.037694 0.24586
0.50687 0.037791 0.27162
0.52897 0.037705 0.26072
0.52517 0.037718 0.2672
0.50732 0.037843 0.28329
0.51664 0.037893 0.29847
0.53489 0.037782 0.28466
0.53724 0.03786 0.30103
0.50495 0.038053 0.31146
0.53767 0.037977 0.31526
0.54026 0.038007 0.32229
0.4979 0.038744 0.33967
0.52606 0.038334 0.33075
0.53855 0.03829 0.35118
0.50392 0.038299 0.34557
0.50577 0.037903 0.34796
0.5393 0.037777 0.3776
0.52198 0.035718 0.36512
0.51223 0.034517 0.37068
0.53203 0.035853 0.3872
0.50896 0.034446 0.42707
0.48745 0.033419 0.43906
0.49877 0.033806 0.44999
0.50691 0.033439 0.47678
0.46776 0.033381 0.5182
0.53157 0.033619 0.58625
0.56427 0.03342 0.55964
0.57707 0.034193 0.58611
0.50681 0.035985 0.61063
0.55371 0.035699 0.59702
0.54862 0.036904 0.60531
0.53383 0.037468 0.61589
0.50907 0.038048 0.63376
0.52768 0.037965 0.62261
0.53607 0.037855 0.63379
0.50989 0.037706 0.64585
0.51637 0.037559 0.65722
0.53211 0.037612 0.65089
0.53594 0.037607 0.65958
0.511 0.037574 0.67457
0.50488 0.037533 0.68813
0.52436 0.03761 0.67112
0.5352 0.037565 0.68662
0.50422 0.037505 0.71215
0.51044 0.0375 0.72581
0.52134 0.037501 0.72672
0.50913 0.037471 0.73956
0.51024 0.037476 0.75095
0.52827 0.037495 0.73238
0.52148 0.037477 0.75236
0.51634 0.037502 0.76636
0.50682 0.0375 0.7892
0.52828 0.037491 0.77702
0.5326 0.037497 0.78987
0.50812 0.037491 0.80711
0.51337 0.037478 0.81675
0.5249 0.037481 0.81128
0.52529 0.037482 0.82115
0.51203 0.037489 0.851
0.53255 0.037491 0.85807
0.51031 0.037504 0.8754
0.51573 0.037499 0.89006
0.53127 0.037502 0.87449
0.53195 0.037497 0.89266
0.50274 0.037502 0.91335
0.52118 0.037504 0.9099
0.50506 0.03407 0.95164
0.52825 0.037381 0.94408
0.52615 0.033343 0.95781
0.4666 0.034066 0.50042
0.50372 0.03382 0.5429
0.48371 0.034561 0.40302
0.48224 0.033999 0.47796
0.518 0.037335 0.40782
0.46408 0.033916 0.44235
0.52076 0.03526 0.51696
0.48876 0.037139 0.45039
0.53994 0.036589 0.51904
0.50375 0.033819 0.5255
0.50425 0.034952 0.57333
0.54776 0.034213 0.55871
0.5402 0.036811 0.57828
0.56659 0.034491 0.55787
0.56315 0.036109 0.58132
0.58863 0.038178 0.55562
0.58426 0.038398 0.57271
0.5221 0.036504 0.58593
0.51259 0.036942 0.39496
0.51341 0.036039 0.40206
0.45791 0.033948 0.47866
0.48587 0.034926 0.4251
0.48063 0.034789 0.46015
0.488 0.037398 0.45019
0.51563 0.035549 0.49609
0.49406 0.034943 0.48302
0.52141 0.034292 0.53412
0.52155 0.036175 0.55962
0.48614 0.034578 0.51006
0.51182 0.034915 0.55088
0.58446 0.037717 0.56406
0.57563 0.037105 0.57625
0.55005 0.035673 0.53769
0.46616 0.03444 0.45103
0.47608 0.03451 0.46427
0.49739 0.034605 0.51773
0.54203 0.037526 0.054613
0.5644 0.037516 0.036726
0.56012 0.037519 0.063758
0.54413 0.037528 0.093498
0.55608 0.037521 0.07207
0.55682 0.037524 0.089562
0.54442 0.037521 0.10952
0.54908 0.037531 0.12539
0.5542 0.037516 0.10899
0.55441 0.037528 0.12574
0.54525 0.037533 0.1356
0.56519 0.037522 0.13773
0.55814 0.037529 0.14887
0.54902 0.037539 0.17234
0.5677 0.037526 0.17115
0.55127 0.037539 0.2022
0.5438 0.03757 0.21718
0.56905 0.037533 0.20088
0.56424 0.037563 0.2233
0.5488 0.037588 0.22898
0.55965 0.037577 0.22881
0.57244 0.037631 0.2567
0.55024 0.037653 0.26487
0.57192 0.03763 0.27178
0.5707 0.037642 0.27814
0.54862 0.037808 0.29959
0.57519 0.037666 0.29401
0.56954 0.037706 0.30279
0.55627 0.037903 0.31674
0.55375 0.037977 0.33316
0.56798 0.037759 0.32679
0.56934 0.037745 0.34427
0.54542 0.03812 0.33635
0.54924 0.038071 0.36712
0.56196 0.037855 0.35498
0.53724 0.037951 0.38959
0.53792 0.037639 0.4065
0.53432 0.037451 0.41196
0.51551 0.035196 0.43413
0.53571 0.036874 0.43517
0.52201 0.034099 0.46235
0.54152 0.033974 0.49422
0.58163 0.033905 0.5327
0.60348 0.036274 0.53811
0.60297 0.036879 0.56567
0.59165 0.035947 0.58437
0.56996 0.037374 0.59849
0.59812 0.036994 0.58067
0.60233 0.037561 0.58953
0.57431 0.037795 0.60203
0.60016 0.037833 0.60715
0.58134 0.037981 0.61402
0.56245 0.037787 0.62139
0.54459 0.03781 0.63397
0.58 0.037775 0.6387
0.55081 0.037749 0.64686
0.55014 0.037665 0.66488
0.57352 0.037749 0.64336
0.54252 0.037633 0.6716
0.55015 0.037586 0.69408
0.56601 0.037642 0.67533
0.55695 0.037592 0.69474
0.53821 0.037536 0.70962
0.54039 0.037523 0.72514
0.56055 0.037585 0.70312
0.54103 0.037495 0.73679
0.55406 0.037481 0.74565
0.56415 0.037491 0.76011
0.53964 0.037494 0.76735
0.54334 0.0375 0.79144
0.56457 0.037482 0.77862
0.5642 0.037506 0.79569
0.54837 0.037508 0.80288
0.54312 0.037489 0.82773
0.55494 0.037505 0.80538
0.55579 0.037489 0.82416
0.54016 0.037486 0.84645
0.55355 0.037488 0.84508
0.56039 0.037492 0.86067
0.54184 0.037494 0.88531
0.55661 0.037494 0.87966
0.56436 0.037495 0.88734
0.5469 0.0375 0.90739
0.53737 0.037446 0.9282
0.55909 0.037502 0.91075
0.55524 0.037452 0.92783
0.54393 0.037395 0.94328
0.54792 0.033336 0.95972
0.56323 0.037412 0.94044
0.55424 0.033707 0.95266
0.5463 0.036361 0.52403
0.56515 0.036523 0.53647
0.57709 0.037512 0.045249
0.58752 0.037509 0.040769
0.59566 0.037508 0.063434
0.57325 0.037514 0.096233
0.58991 0.037509 0.073954
0.59649 0.037507 0.0955
0.57261 0.037509 0.11198
0.57752 0.037517 0.12697
0.59524 0.037505 0.10647
0.58799 0.037507 0.11822
0.58365 0.037514 0.14526
0.60035 0.037506 0.13839
0.59501 0.037516 0.15623
0.58164 0.037513 0.17542
0.57478 0.037523 0.18513
0.59036 0.037505 0.17833
0.60051 0.0375 0.18563
0.57615 0.037548 0.21964
0.59567 0.03752 0.21197
0.58138 0.037578 0.23968
0.58125 0.03762 0.25733
0.60513 0.037539 0.23801
0.5979 0.037592 0.2592
0.58903 0.037636 0.26515
0.60019 0.037732 0.27465
0.60373 0.037918 0.28741
0.58156 0.037634 0.29418
0.58552 0.037643 0.30861
0.60151 0.037755 0.30195
0.59636 0.037631 0.31281
0.57928 0.037656 0.3314
0.5947 0.037533 0.34508
0.59244 0.037513 0.35989
0.5705 0.037662 0.36508
0.55834 0.037448 0.39762
0.57646 0.037487 0.38483
0.5503 0.03714 0.41775
0.54846 0.03715 0.43227
0.57231 0.037463 0.41737
0.54194 0.037352 0.4438
0.53861 0.037425 0.46295
0.54436 0.037498 0.45209
0.54422 0.037303 0.46122
0.54953 0.036711 0.48852
0.57462 0.037404 0.50578
0.55141 0.037031 0.47901
0.57741 0.037574 0.50325
0.60639 0.037636 0.53101
0.6145 0.038235 0.54887
0.60361 0.037667 0.52144
0.61901 0.038324 0.5518
0.61059 0.037928 0.56446
0.60443 0.037791 0.59519
0.62002 0.038209 0.56207
0.61601 0.038042 0.58162
0.61138 0.0381 0.60936
0.61782 0.038151 0.60533
0.62082 0.038165 0.62553
0.60241 0.037985 0.63296
0.59523 0.03784 0.63944
0.62103 0.038234 0.64563
0.58635 0.037714 0.64999
0.57962 0.037633 0.66749
0.61945 0.038021 0.65715
0.60173 0.037681 0.66748
0.58353 0.037631 0.67712
0.59416 0.037647 0.67515
0.59172 0.037628 0.69033
0.57229 0.037547 0.72183
0.5918 0.037559 0.72058
0.57312 0.037521 0.73403
0.59719 0.037493 0.74606
0.59237 0.037496 0.76191
0.57119 0.037487 0.78604
0.59165 0.037503 0.79593
0.57861 0.03751 0.79942
0.57697 0.037489 0.81694
0.59021 0.037494 0.81291
0.57784 0.037494 0.84202
0.5966 0.037499 0.84335
0.57331 0.037498 0.87015
0.59616 0.037501 0.89377
0.57349 0.037503 0.90935
0.59243 0.037504 0.9077
0.57367 0.037395 0.94655
0.57681 0.034015 0.95185
0.59096 0.037425 0.94194
0.58566 0.033334 0.96317
0.61108 0.037505 0.045518
0.61347 0.037504 0.062638
0.63128 0.037502 0.042785
0.63323 0.037502 0.054133
0.61693 0.037502 0.076288
0.60528 0.037507 0.088524
0.63362 0.037499 0.080836
0.62868 0.037502 0.087175
0.6128 0.037499 0.11297
0.6115 0.037503 0.1291
0.62429 0.037498 0.10637
0.63067 0.037495 0.12635
0.60577 0.037504 0.13374
0.61732 0.037499 0.1627
0.63062 0.037492 0.13684
0.63143 0.037489 0.15197
0.61044 0.037495 0.17463
0.61757 0.03749 0.18802
0.63036 0.037489 0.17026
0.61683 0.037493 0.21039
0.61132 0.037525 0.22897
0.62599 0.037485 0.2148
0.6265 0.037501 0.2281
0.60982 0.03751 0.25537
0.62513 0.03749 0.24818
0.62649 0.037519 0.26012
0.6228 0.037765 0.28369
0.60936 0.03751 0.31836
0.61901 0.037715 0.30135
0.62209 0.037452 0.34036
0.61529 0.037456 0.34747
0.61094 0.03737 0.37841
0.58769 0.037437 0.38503
0.58181 0.03754 0.41026
0.59979 0.037355 0.38569
0.59349 0.037599 0.4095
0.56448 0.037223 0.43982
0.57913 0.037177 0.43736
0.56381 0.037003 0.45186
0.5615 0.036864 0.47465
0.57327 0.036924 0.45819
0.57806 0.036956 0.46195
0.58612 0.037289 0.4963
0.5893 0.037127 0.48182
0.60537 0.037312 0.49924
0.61274 0.037659 0.51399
0.62545 0.038327 0.54375
0.62233 0.037598 0.5104
0.63116 0.037989 0.5345
0.63265 0.038257 0.55659
0.63306 0.038055 0.57878
0.64197 0.038126 0.55539
0.63982 0.038091 0.57402
0.63295 0.038049 0.59489
0.6435 0.03803 0.604
0.63268 0.038246 0.63922
0.64754 0.037991 0.63937
0.6273 0.038247 0.65695
0.6164 0.037835 0.66886
0.63579 0.037856 0.67622
0.63671 0.037722 0.68438
0.60838 0.037625 0.70298
0.60635 0.037559 0.72056
0.62797 0.037546 0.72397
0.61069 0.037519 0.73958
0.60543 0.03749 0.75245
0.62508 0.037508 0.743
0.62492 0.037492 0.75096
0.60934 0.037487 0.77823
0.61067 0.037488 0.78456
0.626 0.037489 0.77824
0.62836 0.037489 0.78539
0.60331 0.037509 0.80102
0.60629 0.037502 0.83005
0.62854 0.037508 0.80419
0.63241 0.037506 0.82729
0.60693 0.037505 0.83732
0.60244 0.037496 0.85205
0.62497 0.037509 0.84165
0.62269 0.037501 0.85566
0.60966 0.037502 0.86915
0.6046 0.037501 0.88983
0.6188 0.037504 0.87782
0.62869 0.037505 0.88771
0.60734 0.037506 0.90865
0.60815 0.037483 0.92615
0.61974 0.037486 0.9276
0.60995 0.037452 0.94493
0.62181 0.037467 0.93751
0.6279 0.033333 0.96436
0.6404 0.0375 0.047189
0.65519 0.037499 0.038451
0.65724 0.037496 0.064517
0.64782 0.037496 0.080253
0.64181 0.037495 0.097105
0.66494 0.037493 0.074632
0.66783 0.037493 0.086538
0.65736 0.037486 0.11162
0.64988 0.037485 0.16309
0.65982 0.037481 0.14439
0.66115 0.037482 0.16275
0.64549 0.03748 0.17239
0.64695 0.037479 0.19688
0.66008 0.037468 0.17997
0.65664 0.037465 0.18728
0.64657 0.037477 0.20412
0.64376 0.037474 0.22174
0.66545 0.037462 0.20733
0.66412 0.037464 0.22414
0.6387 0.037487 0.24579
0.64184 0.037489 0.26694
0.65378 0.037433 0.27108
0.63184 0.037581 0.28429
0.63058 0.037559 0.29784
0.65941 0.037375 0.2843
0.64763 0.037369 0.29429
0.63566 0.037429 0.31945
0.64662 0.037414 0.34183
0.62757 0.037441 0.34882
0.62015 0.037306 0.38167
0.64583 0.037383 0.35265
0.64108 0.037283 0.37764
0.60702 0.037435 0.41202
0.61803 0.0373 0.40751
0.60511 0.037218 0.43742
0.61945 0.037204 0.42667
0.61863 0.037204 0.43689
0.59558 0.037103 0.45532
0.60717 0.037091 0.4678
0.62169 0.037177 0.4536
0.61487 0.037188 0.48601
0.61848 0.037226 0.4925
0.62723 0.037211 0.48446
0.6393 0.037331 0.49806
0.63029 0.037474 0.50692
0.64145 0.037761 0.52661
0.64879 0.0375 0.51173
0.66362 0.037646 0.52828
0.66409 0.037848 0.55322
0.66784 0.037841 0.57058
0.65996 0.037934 0.58261
0.66645 0.037848 0.60298
0.681 0.037821 0.60369
0.66159 0.037809 0.63378
0.67757 0.037798 0.61696
0.66828 0.037792 0.63816
0.65418 0.037957 0.65154
0.67485 0.037733 0.65096
0.65128 0.037578 0.69045
0.6569 0.037742 0.67336
0.65797 0.037599 0.68545
0.64398 0.037486 0.70606
0.64111 0.037517 0.72297
0.65767 0.037475 0.7111
0.66718 0.037497 0.72357
0.64678 0.03751 0.73378
0.64119 0.037494 0.75268
0.66035 0.037504 0.74092
0.65701 0.03749 0.75121
0.63672 0.037491 0.77637
0.64615 0.03749 0.78872
0.65487 0.037491 0.77152
0.65495 0.037494 0.79279
0.6459 0.037502 0.80621
0.64256 0.037506 0.82735
0.66245 0.037506 0.80969
0.66422 0.03751 0.8289
0.64415 0.037511 0.83493
0.64371 0.037507 0.85183
0.65408 0.037515 0.83988
0.65956 0.037513 0.86156
0.64768 0.03751 0.87932
0.64758 0.037509 0.88731
0.65439 0.037511 0.8805
0.66279 0.037515 0.89279
0.64376 0.037513 0.907
0.63629 0.037479 0.9267
0.66247 0.037516 0.902
0.65875 0.037506 0.91799
0.63515 0.03744 0.94142
0.64079 0.033573 0.9534
0.65604 0.037425 0.93934
0.664 0.033443 0.95455
0.68227 0.037494 0.045259
0.6844 0.037494 0.052147
0.70079 0.037491 0.040759
0.69211 0.037491 0.059776
0.69968 0.037488 0.072867
0.69815 0.037486 0.093559
0.67226 0.037487 0.10375
0.67267 0.037484 0.12593
0.67612 0.037479 0.14401
0.67822 0.037479 0.16128
0.68141 0.037466 0.17398
0.69383 0.037456 0.17863
0.68055 0.037447 0.21292
0.67127 0.037457 0.22463
0.69499 0.03743 0.21988
0.68663 0.037432 0.23355
0.67414 0.037424 0.24849
0.68477 0.037396 0.25487
0.69028 0.037389 0.25999
0.67034 0.037358 0.29874
0.68832 0.037346 0.28858
0.67989 0.037344 0.29737
0.6605 0.03738 0.33656
0.67992 0.037345 0.3254
0.67857 0.037344 0.33234
0.66539 0.037307 0.35188
0.65641 0.037275 0.3665
0.6713 0.037275 0.36092
0.6649 0.037239 0.37536
0.64608 0.037199 0.39035
0.63977 0.037156 0.40247
0.66604 0.03721 0.39303
0.66497 0.037207 0.40248
0.64605 0.037155 0.41896
0.63969 0.037186 0.43908
0.66004 0.037204 0.41868
0.66809 0.037217 0.43351
0.64346 0.037186 0.46841
0.6659 0.037209 0.45305
0.65025 0.037246 0.48264
0.66316 0.037312 0.49365
0.67737 0.03729 0.47949
0.68402 0.037385 0.49772
0.66334 0.037523 0.51306
0.66991 0.03763 0.52956
0.68834 0.037526 0.52094
0.674 0.037671 0.53895
0.68475 0.037703 0.56588
0.69068 0.03758 0.53718
0.70205 0.037636 0.5663
0.69033 0.037781 0.60586
0.70135 0.037662 0.57782
0.71489 0.037685 0.60148
0.69861 0.037718 0.61152
0.70871 0.037679 0.61912
0.70937 0.03765 0.6346
0.68699 0.037673 0.65141
0.68461 0.037646 0.65913
0.70194 0.037651 0.64376
0.70077 0.037606 0.65842
0.67669 0.03753 0.69235
0.69404 0.037525 0.68649
0.68227 0.03752 0.71035
0.67302 0.037503 0.72192
0.68876 0.037525 0.70185
0.67841 0.037504 0.74642
0.6716 0.037499 0.76198
0.69445 0.037513 0.73839
0.69815 0.037511 0.76023
0.67479 0.037502 0.77062
0.67687 0.037501 0.78972
0.69268 0.037511 0.76956
0.68673 0.037509 0.79742
0.67253 0.037509 0.80487
0.68597 0.037511 0.80305
0.68795 0.037515 0.82618
0.67997 0.037515 0.84732
0.69374 0.037519 0.837
0.68679 0.037519 0.86399
0.67983 0.037519 0.87014
0.69025 0.037521 0.86915
0.69071 0.037522 0.89351
0.67834 0.037521 0.90762
0.66908 0.037459 0.93005
0.68893 0.037462 0.9293
0.67994 0.037407 0.94207
0.68126 0.033334 0.96338
0.69504 0.033347 0.9575
0.71052 0.03749 0.037518
0.7095 0.03749 0.055346
0.72605 0.037489 0.042788
0.72861 0.037486 0.061606
0.71215 0.037485 0.077495
0.72949 0.037482 0.076925
0.71232 0.037477 0.10328
0.70873 0.037472 0.1294
0.7272 0.037467 0.11493
0.73087 0.037464 0.13065
0.70631 0.037462 0.16194
0.73274 0.037458 0.1506
0.73037 0.037455 0.16342
0.70669 0.037449 0.18101
0.70424 0.037441 0.19891
0.72241 0.037451 0.17284
0.73102 0.037438 0.19192
0.70595 0.037434 0.20667
0.70468 0.037422 0.22649
0.72045 0.037421 0.21515
0.7097 0.037393 0.25424
0.72771 0.037371 0.26107
0.71018 0.037359 0.27835
0.70712 0.037344 0.29989
0.6928 0.03735 0.31726
0.69739 0.037322 0.34007
0.7199 0.037328 0.31742
0.70528 0.037312 0.34103
0.69771 0.037305 0.34678
0.6935 0.037259 0.37021
0.71024 0.037306 0.34688
0.71295 0.037287 0.36869
0.69249 0.037224 0.38879
0.67913 0.037224 0.4005
0.7035 0.037255 0.38068
0.69677 0.037229 0.40347
0.68334 0.037227 0.42178
0.70824 0.037281 0.41103
0.69735 0.037255 0.42842
0.68793 0.037224 0.44206
0.68205 0.03725 0.46541
0.70618 0.037306 0.44691
0.70307 0.037306 0.46186
0.69111 0.037276 0.47303
0.69497 0.037332 0.49069
0.69874 0.037295 0.47078
0.7096 0.037376 0.49193
0.71051 0.037421 0.50753
0.71945 0.037455 0.52065
0.70884 0.037556 0.5461
0.72589 0.037494 0.54444
0.7347 0.037511 0.5658
0.73037 0.037772 0.60371
0.73728 0.03752 0.58004
0.73528 0.037651 0.59236
0.72474 0.037697 0.62906
0.73675 0.037935 0.61063
0.74015 0.03783 0.62742
0.72008 0.037607 0.64749
0.72334 0.037582 0.65411
0.73304 0.037621 0.64137
0.73321 0.037576 0.66135
0.71717 0.037535 0.68181
0.71212 0.037532 0.69057
0.72883 0.037564 0.67333
0.73126 0.037542 0.6878
0.71783 0.037527 0.71005
0.70543 0.037519 0.72292
0.72225 0.03752 0.71937
0.70869 0.037519 0.73961
0.7079 0.037514 0.75407
0.72968 0.037522 0.73773
0.72546 0.037516 0.75669
0.71208 0.037524 0.77391
0.70286 0.037515 0.79012
0.72387 0.037524 0.77314
0.71214 0.03752 0.81345
0.70282 0.037519 0.82523
0.72479 0.037524 0.8022
0.71497 0.037526 0.8351
0.70272 0.037523 0.85795
0.72135 0.037527 0.83546
0.70964 0.037527 0.88028
0.70363 0.037524 0.88496
0.71977 0.03753 0.87164
0.73183 0.037534 0.89533
0.70257 0.037528 0.90829
0.71381 0.037522 0.91777
0.73009 0.037535 0.90502
0.70934 0.033336 0.95965
0.73135 0.037425 0.9401
0.73991 0.037489 0.043822
0.74254 0.037486 0.058064
0.76206 0.037484 0.059418
0.7569 0.037477 0.078528
0.75457 0.037473 0.092927
0.76492 0.037467 0.10693
0.75485 0.037464 0.12081
0.74293 0.037457 0.14995
0.73904 0.037457 0.15592
0.75615 0.037457 0.1377
0.76374 0.03744 0.16183
0.73996 0.037443 0.17576
0.74488 0.037424 0.19972
0.75552 0.037427 0.1828
0.75356 0.037417 0.19799
0.74793 0.037408 0.21178
0.74088 0.037388 0.23742
0.75852 0.037384 0.23103
0.73935 0.037371 0.25126
0.76216 0.037369 0.24175
0.74169 0.037341 0.27663
0.72857 0.037332 0.29376
0.75588 0.037335 0.27975
0.72825 0.037321 0.33585
0.744 0.037322 0.31036
0.74441 0.03732 0.33187
0.72421 0.037314 0.34813
0.7209 0.037293 0.37322
0.74318 0.037304 0.35294
0.74642 0.0373 0.36407
0.72984 0.03727 0.38652
0.72465 0.037272 0.39477
0.74826 0.037293 0.38189
0.73714 0.037273 0.39623
0.72145 0.037286 0.40919
0.71973 0.037301 0.43433
0.74294 0.037293 0.41666
0.71683 0.037313 0.44602
0.7188 0.037332 0.46372
0.74052 0.037301 0.4459
0.74477 0.037313 0.45595
0.73046 0.037319 0.47003
0.72366 0.037363 0.48818
0.7492 0.037345 0.4751
0.74872 0.037355 0.48505
0.75039 0.037391 0.50649
0.74771 0.037418 0.52866
0.73706 0.037465 0.54307
0.74103 0.037483 0.56239
0.75285 0.03744 0.53936
0.76281 0.037466 0.55505
0.75104 0.037485 0.58562
0.75551 0.03775 0.60372
0.75882 0.037767 0.60749
0.74562 0.037636 0.64056
0.74566 0.037581 0.65901
0.76242 0.037608 0.64158
0.74864 0.03759 0.67346
0.74534 0.037559 0.69334
0.76539 0.037565 0.68152
0.74836 0.037549 0.71268
0.74482 0.037534 0.73173
0.74417 0.037519 0.74914
0.74106 0.037519 0.75348
0.75932 0.037523 0.75637
0.74586 0.037529 0.77466
0.74467 0.037529 0.79348
0.75454 0.037526 0.77003
0.74888 0.037531 0.81371
0.74828 0.037533 0.83146
0.75652 0.037532 0.80488
0.76226 0.037533 0.82317
0.73889 0.037534 0.85875
0.75663 0.037537 0.84679
0.74379 0.037536 0.86829
0.7398 0.037537 0.89727
0.75643 0.037539 0.87759
0.75581 0.037539 0.8925
0.74662 0.037539 0.90168
0.76205 0.037543 0.90882
0.75468 0.037494 0.92858
0.73706 0.037436 0.93902
0.73883 0.033347 0.95759
0.76359 0.033335 0.96066
0.77347 0.037485 0.044248
0.78179 0.037483 0.053016
0.79615 0.037484 0.047859
0.79901 0.037479 0.064184
0.7771 0.037477 0.069731
0.79111 0.037469 0.092116
0.78165 0.037462 0.11614
0.7806 0.037453 0.13213
0.7923 0.037462 0.11264
0.79588 0.037452 0.12728
0.78148 0.037441 0.14734
0.77861 0.037432 0.16105
0.78837 0.037443 0.14008
0.78933 0.037422 0.16578
0.7783 0.037412 0.18175
0.79753 0.037412 0.17232
0.78577 0.037392 0.20068
0.77668 0.037389 0.21212
0.77859 0.037371 0.23388
0.79252 0.037371 0.21689
0.78783 0.037363 0.23269
0.76922 0.037364 0.24405
0.76678 0.037345 0.27007
0.78708 0.037354 0.24239
0.78632 0.037345 0.26035
0.78717 0.03734 0.28206
0.75881 0.037323 0.32063
0.76393 0.037322 0.33554
0.79077 0.037319 0.30739
0.77674 0.037306 0.32923
0.76332 0.037316 0.3518
0.76098 0.037312 0.36753
0.7746 0.037305 0.34409
0.77271 0.037305 0.36317
0.76287 0.037307 0.38219
0.76625 0.037302 0.39762
0.78158 0.037313 0.37992
0.78162 0.037317 0.39769
0.76415 0.037305 0.41175
0.76021 0.037309 0.42612
0.77276 0.037311 0.40886
0.77781 0.037324 0.43086
0.75967 0.03732 0.44592
0.77601 0.037328 0.44801
0.77357 0.037325 0.45232
0.75684 0.037344 0.4717
0.76436 0.037355 0.4867
0.77748 0.037345 0.46978
0.78752 0.03738 0.49098
0.77237 0.03738 0.5107
0.78178 0.037383 0.5071
0.79136 0.037418 0.52791
0.76846 0.037465 0.55872
0.78665 0.03742 0.53345
0.79162 0.03745 0.56076
0.77648 0.037469 0.57884
0.77395 0.037501 0.59033
0.79039 0.037458 0.57664
0.77984 0.037484 0.60355
0.78844 0.037478 0.6048
0.77253 0.037608 0.63645
0.77396 0.037575 0.65718
0.79614 0.037557 0.64312
0.79158 0.037554 0.66393
0.77513 0.037558 0.68188
0.77691 0.037551 0.69016
0.79745 0.037544 0.68022
0.79696 0.037542 0.68544
0.78093 0.037537 0.70968
0.77074 0.037537 0.7309
0.78728 0.037534 0.73221
0.77728 0.037538 0.74071
0.78058 0.03753 0.76323
0.7976 0.037537 0.74084
0.79553 0.037538 0.79372
0.77087 0.037535 0.81488
0.77719 0.037538 0.82982
0.78746 0.037538 0.80543
0.79763 0.037542 0.8299
0.77617 0.03754 0.85238
0.78765 0.037541 0.84134
0.77797 0.037544 0.87657
0.77175 0.037543 0.89477
0.79536 0.037549 0.89163
0.77704 0.037501 0.93076
0.79156 0.03755 0.91266
0.78142 0.037455 0.94765
0.77251 0.033334 0.96302
0.79088 0.037467 0.94111
0.79605 0.033379 0.956
0.80355 0.037484 0.047129
0.80416 0.037482 0.054679
0.82933 0.037483 0.0473
0.83174 0.037482 0.052678
0.8034 0.037473 0.078283
0.80486 0.037468 0.094079
0.82834 0.037475 0.07402
0.82122 0.037468 0.091172
0.80996 0.037462 0.10672
0.80856 0.037452 0.1251
0.82014 0.037459 0.10972
0.82703 0.037445 0.12745
0.8269 0.037431 0.14306
0.81909 0.037396 0.17822
0.81893 0.037383 0.19038
0.80918 0.037361 0.21166
0.80178 0.037351 0.22752
0.83062 0.03734 0.21784
0.82714 0.037325 0.22796
0.80238 0.037333 0.24305
0.80461 0.037328 0.26296
0.82784 0.037298 0.26186
0.81085 0.03733 0.28574
0.805 0.037335 0.29494
0.82737 0.037316 0.28159
0.81881 0.037322 0.29789
0.80788 0.037322 0.30768
0.80056 0.037311 0.32415
0.81977 0.037319 0.30847
0.81063 0.037311 0.3328
0.79592 0.037312 0.34859
0.80035 0.037313 0.35787
0.81058 0.037312 0.35033
0.79358 0.037318 0.38203
0.79188 0.037324 0.39998
0.81872 0.037313 0.38112
0.79208 0.037332 0.4118
0.79275 0.037341 0.42949
0.81178 0.037324 0.42411
0.79359 0.037347 0.44293
0.80387 0.037337 0.45409
0.81914 0.037335 0.43936
0.79648 0.037367 0.47132
0.79323 0.037387 0.49099
0.79524 0.037402 0.50963
0.80632 0.037391 0.51841
0.81845 0.037385 0.51832
0.80638 0.037439 0.5532
0.81619 0.037421 0.54901
0.80942 0.037472 0.5957
0.82912 0.037456 0.57535
0.82479 0.037465 0.59258
0.81249 0.037474 0.61119
0.81441 0.037495 0.62622
0.82727 0.03747 0.60567
0.82166 0.037483 0.62289
0.8082 0.037549 0.64494
0.80893 0.037548 0.65189
0.82246 0.037498 0.6341
0.81446 0.037537 0.66785
0.80747 0.03754 0.69781
0.82559 0.03753 0.68598
0.80985 0.037539 0.70944
0.82424 0.037532 0.70818
0.80631 0.037537 0.73604
0.80703 0.037538 0.76164
0.83247 0.037536 0.74005
0.83292 0.037538 0.75513
0.80392 0.037538 0.77473
0.80746 0.037541 0.79605
0.83147 0.037541 0.77828
0.82514 0.037541 0.79281
0.81011 0.037543 0.80549
0.8245 0.037547 0.82624
0.80417 0.037546 0.84624
0.81062 0.037549 0.85904
0.82946 0.03755 0.84221
0.829 0.037552 0.86138
0.81451 0.037551 0.87144
0.80401 0.037551 0.89031
0.82611 0.037555 0.88026
0.80569 0.037553 0.90552
0.80472 0.037535 0.92079
0.81853 0.037555 0.90674
0.80473 0.037467 0.93751
0.81246 0.033335 0.96106
0.82713 0.037426 0.94772
0.82077 0.033334 0.96334
0.84246 0.037482 0.044965
0.83935 0.037481 0.055323
0.86149 0.037481 0.045125
0.84522 0.037474 0.080031
0.84866 0.037466 0.092422
0.85215 0.037475 0.075104
0.85387 0.037467 0.090654
0.85539 0.037452 0.10964
0.85461 0.037433 0.13386
0.83932 0.037423 0.14912
0.84606 0.037404 0.16183
0.85861 0.037423 0.14446
0.85249 0.037412 0.15493
0.8369 0.037376 0.1847
0.83946 0.037362 0.19593
0.85642 0.037363 0.18496
0.86479 0.037332 0.20096
0.84871 0.037338 0.21319
0.83714 0.037306 0.23402
0.86044 0.037316 0.21619
0.85443 0.037307 0.23593
0.8499 0.037258 0.24821
0.86146 0.037382 0.24877
0.86232 0.037383 0.25725
0.85429 0.0373 0.27504
0.85385 0.037303 0.29562
0.83627 0.037316 0.31631
0.82881 0.037317 0.32606
0.85545 0.037308 0.30768
0.84923 0.037312 0.32065
0.83161 0.037325 0.35539
0.84971 0.037321 0.34259
0.85746 0.03733 0.36076
0.83437 0.037331 0.3804
0.84414 0.037333 0.37845
0.85331 0.037341 0.39045
0.83799 0.03734 0.40949
0.83928 0.037341 0.42204
0.84417 0.03734 0.4043
0.85391 0.037352 0.42878
0.83122 0.037347 0.44035
0.82563 0.037347 0.45508
0.84639 0.037349 0.44412
0.85227 0.037359 0.4581
0.83004 0.037362 0.47478
0.83587 0.037371 0.48838
0.83617 0.037387 0.50912
0.84404 0.037401 0.52696
0.86049 0.037405 0.51803
0.84073 0.037416 0.53731
0.84274 0.037432 0.55263
0.85935 0.037421 0.5377
0.85719 0.037431 0.55049
0.8457 0.037447 0.57222
0.83892 0.037473 0.59201
0.85995 0.037445 0.57085
0.85281 0.037456 0.58772
0.848 0.03748 0.61802
0.85781 0.037465 0.59919
0.85293 0.037483 0.62863
0.84818 0.037499 0.65788
0.86312 0.037488 0.63687
0.85749 0.037499 0.66146
0.84735 0.037513 0.67826
0.83873 0.037523 0.68784
0.85964 0.037504 0.67035
0.86239 0.037515 0.69582
0.84003 0.037526 0.70634
0.84648 0.03753 0.72458
0.85436 0.037517 0.70269
0.85507 0.037527 0.72739
0.84387 0.037535 0.73754
0.84102 0.03754 0.76401
0.85656 0.037537 0.75968
0.83734 0.037544 0.79474
0.86019 0.03754 0.77055
0.86426 0.037545 0.78981
0.84058 0.037548 0.81464
0.86283 0.037548 0.80431
0.85966 0.03755 0.82186
0.84247 0.037552 0.84242
0.85931 0.037553 0.83819
0.86032 0.037556 0.85584
0.8449 0.037558 0.87474
0.84042 0.037559 0.89576
0.85894 0.037559 0.86892
0.84383 0.037555 0.9179
0.86269 0.037563 0.90448
0.85416 0.037548 0.92098
0.84831 0.037502 0.93508
0.84138 0.033335 0.96031
0.86157 0.037513 0.93464
0.85981 0.033334 0.96348
0.86913 0.037481 0.039237
0.87083 0.037478 0.061635
0.88563 0.03748 0.040064
0.88709 0.03748 0.052316
0.88036 0.037474 0.077366
0.88082 0.037465 0.093335
0.89547 0.037474 0.079479
0.88961 0.03747 0.087061
0.88004 0.037452 0.11044
0.88069 0.037435 0.1297
0.88917 0.037444 0.1205
0.87375 0.037425 0.14038
0.88087 0.037395 0.16126
0.89243 0.037416 0.15028
0.88741 0.037388 0.16507
0.87518 0.03733 0.19601
0.89133 0.037376 0.17301
0.89487 0.037342 0.19404
0.87101 0.037307 0.21001
0.87675 0.037388 0.22853
0.88828 0.037282 0.21861
0.88434 0.037463 0.23258
0.8729 0.037529 0.24367
0.87153 0.037363 0.27281
0.87127 0.037286 0.28922
0.89185 0.037454 0.26542
0.88608 0.037277 0.29047
0.86546 0.037314 0.31554
0.87525 0.037319 0.3233
0.88291 0.037292 0.30262
0.88138 0.037313 0.31981
0.87145 0.03733 0.34579
0.88834 0.037326 0.33998
0.89339 0.037334 0.35349
0.87078 0.037342 0.38041
0.86267 0.037343 0.38821
0.8865 0.037338 0.37241
0.88942 0.037347 0.39269
0.8651 0.037352 0.40768
0.86751 0.037359 0.41987
0.89047 0.037358 0.41291
0.88562 0.037359 0.41858
0.87496 0.037368 0.44063
0.87964 0.037373 0.45018
0.87558 0.03739 0.47825
0.8741 0.037401 0.49276
0.88121 0.037398 0.49095
0.86478 0.0374 0.50246
0.87352 0.037424 0.52667
0.88495 0.03741 0.51018
0.88705 0.037417 0.52279
0.87 0.037428 0.53657
0.88687 0.037425 0.53472
0.89159 0.037434 0.5488
0.87637 0.037449 0.57077
0.87479 0.037464 0.59354
0.88902 0.037445 0.57116
0.88642 0.037459 0.59434
0.87405 0.037469 0.60189
0.88002 0.037483 0.62762
0.88627 0.037466 0.60545
0.88607 0.037477 0.62276
0.87857 0.037496 0.64562
0.88781 0.037488 0.64331
0.89116 0.037494 0.65563
0.87152 0.037506 0.67208
0.89799 0.037514 0.69478
0.87129 0.037523 0.71064
0.88011 0.037529 0.72797
0.89468 0.037518 0.70126
0.89006 0.037525 0.72051
0.87296 0.037533 0.74334
0.87153 0.037538 0.76311
0.88688 0.037531 0.74116
0.89741 0.037536 0.76212
0.87393 0.037543 0.77859
0.87801 0.037547 0.7955
0.88975 0.037543 0.7862
0.87091 0.037551 0.81396
0.87702 0.037553 0.82312
0.88874 0.037548 0.80304
0.87624 0.037555 0.83893
0.8809 0.03756 0.86228
0.89406 0.037556 0.83797
0.88582 0.037559 0.85735
0.87399 0.037564 0.88999
0.89151 0.037562 0.86849
0.89449 0.037566 0.88863
0.87933 0.037566 0.90245
0.88056 0.03754 0.92821
0.89253 0.037567 0.90899
0.89608 0.03753 0.92982
0.8716 0.037506 0.94028
0.89752 0.033335 0.96098
0.90468 0.037482 0.037614
0.91159 0.037481 0.054654
0.92189 0.037462 0.038954
0.9146 0.037476 0.076377
0.90324 0.037468 0.091753
0.92813 0.037424 0.096019
0.91079 0.037455 0.11067
0.90881 0.037436 0.13166
0.92047 0.037445 0.10535
0.92291 0.037428 0.1202
0.90476 0.03743 0.13722
0.90687 0.037403 0.1619
0.92128 0.037411 0.14167
0.91173 0.037366 0.19222
0.92653 0.037362 0.17481
0.92872 0.037322 0.20013
0.91202 0.037344 0.21008
0.90756 0.037345 0.22849
0.92462 0.037311 0.21346
0.91429 0.037305 0.23128
0.89844 0.037507 0.2499
0.92238 0.037236 0.24618
0.91544 0.037246 0.25797
0.90179 0.037358 0.269
0.92797 0.037255 0.2809
0.9272 0.037269 0.29514
0.90752 0.037328 0.32666
0.91979 0.037295 0.30349
0.91868 0.037316 0.32348
0.89932 0.037329 0.33758
0.90211 0.037341 0.36259
0.9259 0.03731 0.33828
0.91541 0.037336 0.35677
0.90077 0.037345 0.37288
0.90568 0.037355 0.39151
0.92083 0.037328 0.39579
0.9207 0.03733 0.40341
0.92696 0.03732 0.4296
0.89985 0.037376 0.45359
0.92311 0.037333 0.43436
0.90293 0.037397 0.47834
0.90035 0.037405 0.49388
0.92362 0.037348 0.47035
0.92091 0.037367 0.48408
0.90744 0.037411 0.50142
0.90874 0.037419 0.52091
0.92531 0.037366 0.51034
0.92271 0.037378 0.51732
0.92126 0.037394 0.5356
0.92344 0.0374 0.55208
0.91254 0.037463 0.59304
0.92319 0.037433 0.57267
0.92725 0.037444 0.59246
0.90829 0.037469 0.60225
0.90339 0.037477 0.6195
0.92048 0.037459 0.6033
0.92228 0.03746 0.61575
0.90211 0.037487 0.64085
0.93103 0.037429 0.64453
0.92181 0.037472 0.66041
0.91235 0.037506 0.68535
0.92382 0.037471 0.67844
0.92716 0.037461 0.69339
0.91162 0.037515 0.70243
0.92172 0.037489 0.70652
0.90873 0.037529 0.73889
0.91218 0.037534 0.75833
0.91896 0.037513 0.73492
0.91842 0.037527 0.76352
0.91345 0.037538 0.77067
0.91249 0.037542 0.7873
0.9251 0.037511 0.77486
0.92584 0.037512 0.79459
0.90401 0.037551 0.81478
0.91138 0.037551 0.82126
0.92023 0.037531 0.80212
0.91791 0.037545 0.82516
0.90524 0.037558 0.84455
0.90564 0.037561 0.86133
0.92277 0.037523 0.83518
0.91844 0.037552 0.86086
0.91112 0.037564 0.87232
0.91848 0.037555 0.87096
0.93002 0.03752 0.88872
0.90678 0.037567 0.90912
0.90799 0.037527 0.92831
0.91997 0.037553 0.90813
0.92803 0.037489 0.92434
0.90649 0.037488 0.9405
0.91262 0.033339 0.95904
0.91844 0.037474 0.93899
0.92371 0.033335 0.96032
0.93733 0.037406 0.042369
0.93758 0.037403 0.055191
0.95383 0.033561 0.037355
0.95731 0.033352 0.061926
0.9345 0.037408 0.075621
0.95982 0.033336 0.088735
0.94641 0.037359 0.10766
0.95894 0.033339 0.12963
0.9461 0.037326 0.14774
0.94243 0.037329 0.1584
0.95815 0.033343 0.14308
0.95129 0.03452 0.16064
0.93507 0.037341 0.17472
0.94483 0.037281 0.19857
0.95426 0.033451 0.19987
0.93802 0.037275 0.20876
0.93724 0.037237 0.23165
0.96292 0.033334 0.21692
0.96046 0.033335 0.22395
0.93723 0.037219 0.24928
0.94413 0.037217 0.25438
0.9602 0.033335 0.23935
0.95074 0.034129 0.26507
0.94084 0.037228 0.27203
0.93732 0.037243 0.28878
0.95877 0.033337 0.27664
0.93904 0.03725 0.30269
0.93861 0.037278 0.33058
0.95354 0.033486 0.3025
0.96415 0.033333 0.32509
0.94351 0.037285 0.3424
0.94083 0.037293 0.35693
0.95774 0.033342 0.35968
0.93747 0.03729 0.36808
0.94518 0.037255 0.39667
0.96391 0.033333 0.37905
0.95037 0.034662 0.39542
0.94334 0.037262 0.40602
0.9631 0.033334 0.40886
0.95517 0.033385 0.42711
0.93875 0.0373 0.44304
0.94326 0.037293 0.44974
0.95197 0.033797 0.43389
0.95893 0.033337 0.45074
0.93642 0.037303 0.47022
0.96318 0.033334 0.47697
0.95383 0.033463 0.49243
0.94411 0.037294 0.506
0.93999 0.037314 0.51928
0.95151 0.034008 0.50902
0.95902 0.033337 0.52391
0.93454 0.037355 0.55138
0.9641 0.033333 0.53618
0.95767 0.033344 0.55416
0.94191 0.037423 0.5904
0.93887 0.037426 0.60942
0.93917 0.03742 0.61837
0.9592 0.033337 0.62357
0.94295 0.037393 0.63544
0.96096 0.033335 0.63321
0.9634 0.033334 0.65573
0.94769 0.037377 0.6736
0.95964 0.033337 0.67176
0.95884 0.033339 0.69298
0.93977 0.037403 0.71139
0.9388 0.03741 0.72255
0.95367 0.033567 0.7132
0.95438 0.033475 0.71844
0.94275 0.037407 0.75397
0.95511 0.033419 0.74522
0.95938 0.033337 0.75422
0.94045 0.037468 0.77791
0.94049 0.03746 0.79786
0.95732 0.033351 0.78606
0.93892 0.03746 0.80298
0.95372 0.033574 0.81126
0.95877 0.03334 0.8298
0.93737 0.037451 0.84533
0.96486 0.033333 0.85648
0.94213 0.037482 0.88551
0.95923 0.033338 0.86975
0.93717 0.037461 0.92155
0.95604 0.033379 0.9073
0.96452 0.033333 0.9201
0.9381 0.037408 0.93618
0.94177 0.033343 0.95824
0.95906 0.033338 0.94225
0.95397 0.033333 0.96271
