2635
1 1 1
0.034962 0.037711 0.044772
0.040937 0.037711 0.054038
0.062071 0.037713 0.035651
0.058146 0.037712 0.051289
0.045987 0.037713 0.068623
0.043474 0.037714 0.092748
0.059494 0.037713 0.080283
0.055983 0.037713 0.096398
0.038503 0.037713 0.10985
0.041161 0.037714 0.11973
0.062975 0.037711 0.10659
0.062423 0.037717 0.14199
0.040319 0.037704 0.18747
0.05803 0.037706 0.17746
0.060779 0.037703 0.19299
0.036125 0.037703 0.19776
0.040293 0.0377 0.22345
0.053045 0.037702 0.20277
0.0561 0.037701 0.21605
0.047621 0.037699 0.23241
0.042204 0.037697 0.25347
0.052679 0.037698 0.23873
0.061339 0.037696 0.25328
0.047101 0.037696 0.26525
0.04627 0.037696 0.28223
0.055446 0.037696 0.27422
0.062851 0.037696 0.28291
0.061619 0.037698 0.30382
0.05724 0.037699 0.3189
0.044991 0.037698 0.34015
0.06183 0.037695 0.34876
0.046006 0.037693 0.37018
0.045041 0.037692 0.3836
0.060381 0.037693 0.36804
0.055791 0.037695 0.38989
0.044411 0.037697 0.40056
0.037516 0.0377 0.42009
0.06011 0.037699 0.40335
0.053842 0.037702 0.41489
0.042226 0.037702 0.44338
0.058725 0.037704 0.44112
0.057878 0.037705 0.45747
0.041622 0.037704 0.47114
0.043442 0.037703 0.48617
0.051772 0.037706 0.47087
0.057319 0.037704 0.48984
0.03829 0.037694 0.5064
0.037989 0.037689 0.52794
0.054143 0.037696 0.50841
0.058351 0.037693 0.52697
0.045056 0.037689 0.53968
0.042784 0.037693 0.5659
0.060263 0.037693 0.53815
0.058932 0.037694 0.55931
0.036983 0.037696 0.5773
0.035866 0.037701 0.60011
0.051099 0.037697 0.57586
0.052987 0.037702 0.59635
0.043366 0.037702 0.60499
0.036182 0.037703 0.63256
0.050983 0.037705 0.61113
0.056857 0.037707 0.62408
0.051014 0.037704 0.6522
0.052949 0.037708 0.66428
0.047137 0.037709 0.67619
0.052061 0.03771 0.67437
0.057523 0.037714 0.6921
0.035951 0.037712 0.73332
0.05932 0.037711 0.71659
0.0513 0.037712 0.72604
0.043282 0.037714 0.74952
0.036986 0.037715 0.76496
0.05849 0.037713 0.7463
0.051653 0.037715 0.76308
0.040673 0.037716 0.77539
0.037161 0.037719 0.80142
0.057707 0.037718 0.78377
0.055824 0.037718 0.79342
0.039646 0.03772 0.8277
0.052492 0.03772 0.81594
0.057999 0.03772 0.83306
0.037976 0.037722 0.84444
0.034999 0.037722 0.86295
0.053387 0.037721 0.8389
0.055708 0.037722 0.86094
0.035548 0.037721 0.87254
0.044955 0.037725 0.89351
0.057655 0.03772 0.87979
0.056166 0.037722 0.8898
0.041804 0.037735 0.91267
0.037037 0.033528 0.95632
0.058266 0.037622 0.945
0.060713 0.033865 0.95433
0.078691 0.037715 0.045174
0.074625 0.037713 0.059446
0.077599 0.03771 0.087816
0.093584 0.037711 0.073574
0.090952 0.03771 0.087775
0.070776 0.037709 0.10572
0.071797 0.037711 0.12839
0.084531 0.037707 0.10816
0.088662 0.037706 0.12152
0.069321 0.037713 0.13919
0.08875 0.037706 0.13557
0.09205 0.037704 0.15682
0.071419 0.037705 0.17465
0.067512 0.037703 0.18945
0.093502 0.0377 0.17444
0.093998 0.037699 0.18957
0.076629 0.037701 0.2043
0.075305 0.037699 0.22111
0.08799 0.0377 0.20936
0.096162 0.037695 0.22493
0.069154 0.037695 0.24212
0.071692 0.037695 0.2485
0.084786 0.037694 0.24268
0.089107 0.037694 0.25083
0.075372 0.037696 0.27125
0.074412 0.037696 0.28854
0.094593 0.037692 0.27128
0.067595 0.037697 0.30512
0.067948 0.037696 0.32415
0.091851 0.03769 0.3036
0.08978 0.03769 0.3247
0.07073 0.037693 0.34322
0.088851 0.037691 0.33906
0.087587 0.037692 0.35399
0.075194 0.037691 0.37703
0.090595 0.037693 0.37034
0.094216 0.037693 0.38211
0.068758 0.0377 0.40862
0.072698 0.037702 0.42196
0.092249 0.037704 0.41078
0.085459 0.037707 0.41742
0.06847 0.037705 0.44419
0.082832 0.037709 0.43603
0.084024 0.037712 0.4552
0.073154 0.037707 0.47329
0.077165 0.037707 0.48393
0.088834 0.037713 0.47916
0.088006 0.037711 0.49016
0.068322 0.037701 0.50196
0.084051 0.037704 0.51925
0.076088 0.037695 0.53627
0.071127 0.037696 0.56486
0.081309 0.037698 0.56251
0.072928 0.037697 0.57109
0.068612 0.037704 0.60004
0.084277 0.037704 0.57139
0.086914 0.037708 0.5954
0.073275 0.037711 0.63007
0.088444 0.037712 0.61322
0.09334 0.037709 0.62273
0.072025 0.037711 0.64322
0.091203 0.037714 0.66653
0.067431 0.037716 0.68311
0.084747 0.03772 0.67555
0.087876 0.037717 0.69518
0.075418 0.037712 0.71303
0.067011 0.037711 0.73393
0.089887 0.037712 0.72557
0.070411 0.037712 0.74651
0.075307 0.037713 0.75875
0.087098 0.037712 0.74263
0.08419 0.037715 0.76351
0.070748 0.037716 0.77458
0.072362 0.037718 0.80021
0.093163 0.037715 0.78603
0.071741 0.037717 0.81697
0.079476 0.037716 0.82436
0.092011 0.037716 0.80793
0.089229 0.037718 0.83322
0.074045 0.037721 0.8431
0.073942 0.03772 0.86232
0.089064 0.037718 0.86611
0.076051 0.037715 0.88318
0.087664 0.037716 0.87432
0.084479 0.037717 0.8908
0.07083 0.037728 0.91011
0.07633 0.037705 0.9311
0.088172 0.037722 0.90314
0.070837 0.037678 0.93882
0.085256 0.037693 0.94745
0.10972 0.037707 0.039008
0.10518 0.037709 0.057296
0.12559 0.037704 0.037865
0.12109 0.037705 0.052157
0.10201 0.03771 0.068242
0.1064 0.037708 0.094097
0.12332 0.037704 0.096313
0.10483 0.037704 0.10999
0.11291 0.037701 0.12828
0.12426 0.037699 0.11795
0.10679 0.037702 0.14065
0.10189 0.037702 0.15523
0.12576 0.037697 0.15527
0.10692 0.037696 0.17207
0.10566 0.037695 0.18675
0.12663 0.037695 0.16625
0.11798 0.037692 0.19287
0.11207 0.037692 0.21589
0.11689 0.037692 0.20009
0.11607 0.037691 0.22626
0.10499 0.037692 0.23739
0.099971 0.037691 0.25508
0.11983 0.03769 0.23663
0.10572 0.037688 0.27259
0.10537 0.037685 0.28527
0.11943 0.037683 0.27624
0.12744 0.037677 0.2828
0.10583 0.037681 0.30279
0.10646 0.03768 0.32518
0.12698 0.037674 0.30825
0.11559 0.037676 0.31693
0.10327 0.037683 0.33296
0.10432 0.037686 0.35754
0.11483 0.037682 0.35249
0.098606 0.037689 0.36456
0.11532 0.037689 0.36892
0.12114 0.037701 0.39271
0.10181 0.037697 0.39744
0.10141 0.037705 0.42448
0.11219 0.037704 0.42468
0.097601 0.037709 0.43693
0.098487 0.037711 0.44893
0.11265 0.037712 0.44348
0.11434 0.037716 0.45602
0.097747 0.037711 0.46984
0.10577 0.037708 0.48651
0.11533 0.037718 0.47117
0.12088 0.037721 0.48849
0.10202 0.037703 0.50279
0.097511 0.037702 0.52493
0.11759 0.037707 0.52521
0.10333 0.037703 0.53775
0.099032 0.037706 0.55958
0.11954 0.037712 0.54313
0.097191 0.037707 0.58262
0.099316 0.037708 0.59581
0.11633 0.037714 0.57628
0.11782 0.037708 0.60173
0.10703 0.037701 0.61753
0.10718 0.0377 0.62751
0.12351 0.037696 0.63283
0.10435 0.0377 0.6466
0.10401 0.037702 0.65964
0.11726 0.037697 0.64126
0.11439 0.037697 0.66841
0.10296 0.037707 0.68499
0.11986 0.0377 0.68477
0.10607 0.037714 0.7302
0.12464 0.037703 0.70862
0.12608 0.037706 0.73603
0.10059 0.037713 0.7411
0.1046 0.037711 0.75747
0.1189 0.037708 0.76572
0.10614 0.03771 0.77661
0.1267 0.037702 0.7806
0.11664 0.037707 0.79264
0.108 0.037715 0.83093
0.11668 0.037712 0.80644
0.12001 0.037713 0.83488
0.10934 0.037716 0.84071
0.12502 0.037711 0.84402
0.12488 0.03771 0.85746
0.10777 0.037715 0.87694
0.11145 0.037716 0.89329
0.12766 0.037712 0.88365
0.12127 0.037715 0.89809
0.10254 0.037721 0.91028
0.12061 0.037717 0.91256
0.11908 0.037696 0.92567
0.10414 0.037679 0.93864
0.1287 0.037625 0.94658
0.12706 0.033336 0.96459
0.14068 0.037702 0.039759
0.15596 0.037698 0.035257
0.15757 0.037697 0.053251
0.13337 0.037703 0.076052
0.1386 0.037698 0.095139
0.15133 0.037698 0.071793
0.15559 0.037694 0.090258
0.13819 0.037696 0.10614
0.13975 0.037693 0.11743
0.15019 0.03769 0.11073
0.15442 0.037689 0.11627
0.13319 0.037697 0.13733
0.13412 0.037696 0.1589
0.15839 0.03769 0.15248
0.13264 0.037692 0.17763
0.15625 0.037687 0.17209
0.15497 0.037686 0.18366
0.13502 0.037687 0.20471
0.14079 0.037683 0.2245
0.15767 0.037679 0.20594
0.13396 0.037684 0.23708
0.1437 0.037676 0.25237
0.14961 0.03768 0.23011
0.15702 0.03767 0.25841
0.13627 0.037676 0.26661
0.13553 0.037672 0.28849
0.15426 0.037669 0.2663
0.15086 0.037668 0.28516
0.14306 0.037668 0.30233
0.13103 0.037673 0.31325
0.15624 0.037668 0.29645
0.14826 0.03767 0.31954
0.13328 0.037677 0.34158
0.14222 0.037674 0.34824
0.15291 0.037672 0.33003
0.13874 0.037681 0.37255
0.13307 0.037688 0.3814
0.15591 0.03768 0.37518
0.12909 0.03771 0.41988
0.14279 0.037708 0.42323
0.13592 0.037713 0.43899
0.12927 0.037719 0.453
0.14756 0.037717 0.44152
0.14569 0.037721 0.45146
0.12992 0.037723 0.46876
0.12814 0.037723 0.48572
0.14718 0.037734 0.47107
0.13651 0.037702 0.50945
0.13578 0.037697 0.52397
0.15258 0.037719 0.50084
0.1298 0.037701 0.54564
0.13621 0.037692 0.56781
0.14331 0.037693 0.55017
0.1524 0.037707 0.55485
0.13702 0.037689 0.58429
0.13228 0.037694 0.5971
0.15157 0.037691 0.58435
0.15057 0.037689 0.5967
0.13176 0.037692 0.61424
0.13453 0.03769 0.6318
0.15269 0.037686 0.61913
0.1482 0.037688 0.62931
0.13788 0.037688 0.66317
0.15667 0.037687 0.64851
0.14727 0.037688 0.66458
0.13542 0.03769 0.67626
0.14125 0.037688 0.69674
0.14551 0.037686 0.68013
0.14793 0.037686 0.70432
0.1301 0.037698 0.70779
0.14125 0.037692 0.7356
0.15229 0.037687 0.71078
0.14798 0.037688 0.73547
0.14128 0.037694 0.75099
0.13517 0.037697 0.76825
0.15351 0.037687 0.74199
0.15713 0.037685 0.75835
0.13814 0.037698 0.79499
0.15136 0.037691 0.77854
0.15285 0.037695 0.80064
0.14354 0.0377 0.80876
0.14101 0.037704 0.82972
0.16165 0.037696 0.81625
0.15412 0.037699 0.8301
0.13919 0.037704 0.84864
0.14569 0.037703 0.86359
0.15859 0.037696 0.84754
0.15871 0.037698 0.86291
0.13584 0.03771 0.87764
0.15553 0.037706 0.88183
0.15397 0.037709 0.8984
0.13396 0.037714 0.90956
0.13892 0.037674 0.92869
0.15602 0.037711 0.91164
0.15365 0.037679 0.92568
0.13516 0.03455 0.95268
0.15735 0.037616 0.94097
0.157 0.033348 0.96148
0.16951 0.037692 0.044786
0.17636 0.037688 0.06106
0.18557 0.037685 0.045476
0.1846 0.037686 0.055009
0.16924 0.03769 0.076138
0.17297 0.037688 0.091757
0.18812 0.037683 0.077668
0.18782 0.037683 0.092835
0.16836 0.037687 0.10564
0.17247 0.037683 0.12839
0.18255 0.037684 0.10707
0.18943 0.037681 0.11766
0.17103 0.037682 0.14027
0.17769 0.037677 0.15348
0.18576 0.037675 0.14479
0.19007 0.037674 0.14997
0.1773 0.037671 0.19278
0.18886 0.037671 0.17155
0.18432 0.037671 0.18812
0.17345 0.037666 0.22585
0.18566 0.037668 0.2008
0.18486 0.037666 0.21909
0.17122 0.037665 0.23821
0.1734 0.037659 0.25625
0.18526 0.037657 0.24805
0.18655 0.037652 0.26934
0.18216 0.037657 0.28756
0.16479 0.037664 0.29574
0.17107 0.037664 0.31278
0.1845 0.037661 0.30712
0.18697 0.037661 0.32371
0.16357 0.037666 0.34002
0.16623 0.037665 0.34684
0.18067 0.03766 0.33537
0.18366 0.037664 0.34476
0.17203 0.03767 0.36933
0.18207 0.037674 0.37209
0.17854 0.037673 0.389
0.16644 0.037683 0.42362
0.18625 0.037679 0.4008
0.186 0.037687 0.41958
0.16586 0.037692 0.43655
0.16634 0.037701 0.45159
0.18142 0.037695 0.43316
0.17438 0.037706 0.45799
0.16216 0.037723 0.48602
0.17532 0.03773 0.47677
0.17795 0.037739 0.48512
0.16089 0.037713 0.50187
0.16059 0.037706 0.53019
0.17937 0.037734 0.50788
0.1769 0.037726 0.53
0.16085 0.037708 0.54552
0.17279 0.037707 0.56323
0.16833 0.037685 0.58055
0.15944 0.037685 0.59359
0.18037 0.037696 0.58669
0.17517 0.037676 0.59903
0.16851 0.037671 0.61042
0.1628 0.037678 0.63199
0.17607 0.037672 0.60862
0.17636 0.037669 0.62777
0.16333 0.037683 0.65057
0.16538 0.037683 0.66055
0.18782 0.037693 0.65495
0.18845 0.037688 0.66656
0.16568 0.037682 0.67852
0.16481 0.037682 0.69436
0.17815 0.037678 0.67645
0.18132 0.03768 0.69634
0.17119 0.03768 0.72142
0.16807 0.03768 0.73303
0.18118 0.037679 0.70927
0.18211 0.037674 0.7379
0.17469 0.037672 0.75222
0.16796 0.037678 0.75981
0.18341 0.037671 0.75161
0.16756 0.03769 0.79435
0.18775 0.037678 0.77461
0.18735 0.037686 0.80072
0.17286 0.03769 0.8089
0.18595 0.037688 0.8166
0.18766 0.037685 0.83118
0.17749 0.037688 0.84139
0.16859 0.037693 0.85764
0.18647 0.037685 0.84823
0.18462 0.037686 0.85519
0.16683 0.0377 0.87657
0.16678 0.037704 0.89272
0.19241 0.037686 0.87153
0.19168 0.037693 0.89078
0.16879 0.03766 0.92939
0.18381 0.037651 0.93039
0.1784 0.034052 0.95368
0.18545 0.037613 0.93872
0.19055 0.03354 0.95617
0.20004 0.037681 0.044228
0.20826 0.037677 0.058333
0.22163 0.037674 0.034963
0.21973 0.037674 0.05611
0.20695 0.037677 0.068389
0.20369 0.037677 0.088057
0.22418 0.03767 0.070483
0.22077 0.03767 0.092734
0.20932 0.037673 0.10005
0.20335 0.037674 0.12593
0.22591 0.037668 0.10055
0.21773 0.037671 0.12046
0.20228 0.037673 0.14104
0.19787 0.037666 0.17238
0.20804 0.037662 0.1884
0.22415 0.037651 0.1712
0.22648 0.037646 0.18212
0.20333 0.037664 0.19906
0.2206 0.037655 0.19879
0.20883 0.037652 0.23671
0.22238 0.037654 0.23142
0.2197 0.037652 0.25499
0.20188 0.037636 0.2716
0.19702 0.037639 0.27981
0.22008 0.037642 0.26564
0.21336 0.037622 0.28382
0.20508 0.037624 0.30446
0.20296 0.037635 0.32422
0.21195 0.037612 0.31284
0.19643 0.03765 0.33
0.20106 0.03765 0.35259
0.21272 0.037628 0.32939
0.222 0.037644 0.34623
0.20437 0.037643 0.3623
0.20109 0.037649 0.37988
0.21638 0.037642 0.36073
0.20914 0.03764 0.38645
0.19857 0.037667 0.40435
0.20725 0.037654 0.40113
0.19784 0.037692 0.42773
0.18839 0.037723 0.45469
0.21129 0.037706 0.4291
0.21036 0.037743 0.44769
0.19326 0.037745 0.46679
0.19534 0.037762 0.48794
0.19977 0.037763 0.47484
0.20351 0.037787 0.48834
0.19132 0.037755 0.50995
0.19319 0.037746 0.52369
0.19404 0.037732 0.54103
0.19504 0.037723 0.5556
0.20536 0.037737 0.5565
0.19302 0.037702 0.58647
0.18971 0.037698 0.59889
0.20905 0.037722 0.58436
0.20905 0.037721 0.5914
0.19065 0.037692 0.61154
0.19275 0.037693 0.63675
0.21591 0.037709 0.63705
0.19317 0.037692 0.65327
0.20243 0.037686 0.65987
0.21555 0.037703 0.6457
0.20309 0.037673 0.67813
0.19759 0.03767 0.7001
0.21401 0.037671 0.67955
0.21271 0.037663 0.70141
0.19672 0.037667 0.71378
0.19663 0.037663 0.73264
0.21348 0.037655 0.71563
0.21584 0.037647 0.72668
0.20063 0.037665 0.76413
0.21694 0.037654 0.75266
0.20003 0.037676 0.78538
0.20697 0.037674 0.79698
0.21785 0.037664 0.77658
0.2018 0.037681 0.83489
0.22461 0.037674 0.81938
0.22142 0.037675 0.8337
0.20234 0.03768 0.84888
0.20583 0.037678 0.86207
0.21991 0.037675 0.84007
0.22127 0.037672 0.86121
0.20487 0.03768 0.87725
0.20734 0.037685 0.89436
0.21763 0.037674 0.8788
0.22254 0.037678 0.89717
0.21146 0.037651 0.92784
0.22241 0.037689 0.91455
0.19958 0.03757 0.94707
0.21095 0.033341 0.96266
0.21909 0.037585 0.94287
0.21948 0.033456 0.95722
0.23213 0.03767 0.03497
0.23576 0.037667 0.061001
0.24945 0.037663 0.042313
0.2576 0.037658 0.055747
0.23746 0.037665 0.067067
0.23376 0.037665 0.083643
0.25349 0.037656 0.074979
0.25679 0.037654 0.084267
0.24335 0.037662 0.11731
0.25319 0.037656 0.09986
0.2487 0.037659 0.12391
0.23293 0.037661 0.14223
0.25208 0.037653 0.13675
0.25791 0.037643 0.15303
0.23315 0.037643 0.17332
0.24319 0.037634 0.18816
0.25053 0.037634 0.17328
0.25639 0.037632 0.18266
0.2365 0.037637 0.2074
0.23006 0.037648 0.22538
0.25307 0.03763 0.20226
0.22958 0.03765 0.24032
0.23645 0.037649 0.24586
0.23845 0.037641 0.26892
0.23744 0.037633 0.28878
0.25719 0.037636 0.27821
0.2558 0.037637 0.30198
0.25226 0.037646 0.31667
0.22992 0.037637 0.34924
0.24862 0.037641 0.33767
0.25436 0.037657 0.35455
0.23323 0.037632 0.36091
0.24548 0.037638 0.3668
0.24092 0.037627 0.38063
0.22431 0.037659 0.39955
0.2337 0.037664 0.41285
0.24382 0.037649 0.39312
0.22754 0.037691 0.42676
0.22363 0.037737 0.44659
0.24422 0.037705 0.43015
0.23781 0.037743 0.44948
0.21649 0.037811 0.47229
0.23127 0.037803 0.46669
0.23617 0.037888 0.48249
0.2262 0.037811 0.50405
0.23054 0.03782 0.53154
0.22165 0.037778 0.5481
0.21773 0.03776 0.56684
0.22709 0.037736 0.59448
0.23613 0.037735 0.60205
0.2317 0.037701 0.61396
0.22955 0.037676 0.6404
0.23804 0.037691 0.61846
0.24348 0.037664 0.63618
0.22644 0.037671 0.65485
0.23482 0.037649 0.66525
0.24444 0.037645 0.65718
0.24595 0.03765 0.6715
0.23524 0.037656 0.68793
0.25382 0.03765 0.69638
0.23593 0.037635 0.72304
0.24757 0.037637 0.71419
0.24932 0.037628 0.73322
0.23566 0.037637 0.74609
0.23304 0.037644 0.76325
0.25051 0.037632 0.75149
0.25939 0.037634 0.76796
0.23033 0.03766 0.78305
0.23881 0.037658 0.79535
0.2549 0.037642 0.77726
0.23928 0.037663 0.8107
0.25714 0.037652 0.81231
0.2506 0.03766 0.83121
0.2404 0.037667 0.84665
0.23589 0.037666 0.86198
0.23437 0.037667 0.87989
0.23328 0.037667 0.88912
0.25618 0.037657 0.87827
0.24363 0.037674 0.91319
0.23431 0.037641 0.92906
0.2496 0.037667 0.90417
0.25828 0.037627 0.93114
0.24131 0.033349 0.96138
0.2535 0.037612 0.93657
0.27388 0.037648 0.056096
0.29427 0.037635 0.060561
0.27568 0.037641 0.0789
0.2689 0.037646 0.093526
0.29281 0.037633 0.073625
0.26994 0.037646 0.10821
0.28947 0.037633 0.10324
0.28467 0.037634 0.12189
0.27061 0.037637 0.13486
0.26798 0.037635 0.15544
0.29211 0.03762 0.13655
0.2936 0.037618 0.15644
0.26431 0.037632 0.16818
0.26955 0.037629 0.18098
0.28519 0.037627 0.19101
0.2729 0.03763 0.21396
0.28761 0.037623 0.19607
0.28541 0.037622 0.22125
0.26908 0.037628 0.25715
0.28599 0.037616 0.23573
0.28786 0.037627 0.25485
0.28251 0.037623 0.26252
0.26375 0.037626 0.30378
0.26624 0.037629 0.31306
0.28992 0.037621 0.31716
0.26236 0.037642 0.3324
0.26684 0.037651 0.35508
0.27637 0.037619 0.3386
0.27902 0.037638 0.35085
0.26505 0.037656 0.36097
0.26508 0.037658 0.38025
0.28109 0.037673 0.37149
0.26077 0.037676 0.40004
0.25665 0.037695 0.41465
0.27693 0.037694 0.40489
0.2705 0.037697 0.41956
0.24733 0.037786 0.45418
0.26755 0.0377 0.42738
0.27364 0.037754 0.44565
0.24349 0.037871 0.46836
0.24566 0.037925 0.48594
0.25988 0.038004 0.48073
0.24291 0.037896 0.50859
0.25408 0.037886 0.53415
0.2475 0.037861 0.54021
0.25132 0.037831 0.5725
0.25663 0.037855 0.55167
0.26698 0.037892 0.56329
0.25609 0.037817 0.57938
0.2525 0.037742 0.60705
0.26397 0.037815 0.58234
0.26625 0.037763 0.59568
0.25866 0.037693 0.61811
0.26006 0.037658 0.63698
0.27541 0.037637 0.63326
0.26342 0.037642 0.65502
0.26182 0.037647 0.67087
0.27638 0.037627 0.65503
0.27944 0.037626 0.67197
0.26164 0.037652 0.67924
0.27018 0.037607 0.70013
0.28624 0.037634 0.68136
0.28242 0.037589 0.70702
0.26832 0.037591 0.72073
0.27216 0.037586 0.72848
0.29045 0.037601 0.73226
0.27532 0.037627 0.75516
0.27141 0.037626 0.77144
0.29004 0.037631 0.74817
0.26553 0.037632 0.77907
0.2738 0.037625 0.79679
0.2915 0.037618 0.78369
0.28757 0.037623 0.80088
0.2893 0.037638 0.81761
0.28202 0.037647 0.83254
0.27462 0.037655 0.84953
0.29314 0.037644 0.84705
0.28524 0.037647 0.8617
0.26889 0.037651 0.88257
0.27871 0.037651 0.89472
0.29018 0.037642 0.882
0.28325 0.03765 0.89576
0.29478 0.037653 0.91102
0.29234 0.037631 0.92702
0.27503 0.03756 0.94669
0.27775 0.033603 0.9556
0.29522 0.037607 0.93655
0.28322 0.033359 0.96035
0.30043 0.037631 0.045199
0.30392 0.037629 0.058129
0.32714 0.037612 0.0441
0.3283 0.037612 0.057966
0.30238 0.037627 0.078987
0.30642 0.037626 0.086336
0.32303 0.037616 0.069673
0.31898 0.037617 0.092781
0.30445 0.037623 0.10689
0.30224 0.03762 0.12435
0.32729 0.037608 0.10208
0.3176 0.037611 0.12205
0.30076 0.037611 0.14233
0.30386 0.037612 0.1535
0.32067 0.037598 0.14092
0.32148 0.0376 0.15013
0.30181 0.037611 0.17435
0.30468 0.037609 0.18876
0.32178 0.037597 0.16841
0.30565 0.037605 0.21817
0.3261 0.037593 0.20407
0.32466 0.037596 0.21223
0.29702 0.037603 0.23886
0.30375 0.037602 0.24935
0.31369 0.037596 0.25407
0.30279 0.037604 0.26247
0.29729 0.037604 0.28551
0.31233 0.037594 0.26213
0.31806 0.037589 0.27961
0.29742 0.037596 0.3047
0.29704 0.037607 0.31356
0.31393 0.037583 0.3054
0.3143 0.037589 0.31275
0.30152 0.037618 0.32966
0.29194 0.037654 0.3528
0.314 0.037604 0.33655
0.32067 0.03763 0.3514
0.2965 0.037665 0.35766
0.29077 0.03771 0.3855
0.30757 0.037674 0.3665
0.31443 0.037756 0.38042
0.2885 0.037713 0.40365
0.29612 0.037712 0.41267
0.30433 0.037711 0.40036
0.30765 0.037734 0.41638
0.28728 0.03773 0.43295
0.27962 0.037795 0.45039
0.30722 0.037848 0.43219
0.30867 0.037988 0.44222
0.27389 0.038067 0.47737
0.28869 0.037975 0.46363
0.27654 0.038092 0.48758
0.27083 0.038099 0.50148
0.26462 0.038058 0.52
0.28168 0.038237 0.50287
0.27747 0.038005 0.5415
0.28647 0.037922 0.56778
0.27701 0.037826 0.58431
0.30399 0.037741 0.60173
0.28444 0.037658 0.62475
0.2892 0.037639 0.63823
0.31392 0.03771 0.63631
0.31348 0.037696 0.66289
0.31686 0.037711 0.677
0.32265 0.037657 0.70702
0.32379 0.037635 0.72523
0.31723 0.037637 0.73653
0.30255 0.037633 0.74519
0.30892 0.037613 0.76443
0.32042 0.037616 0.7523
0.31862 0.037608 0.76949
0.30902 0.037616 0.78381
0.3014 0.037617 0.79693
0.31621 0.037614 0.78808
0.31672 0.037617 0.80404
0.30002 0.037627 0.80998
0.31902 0.037612 0.83053
0.30211 0.037633 0.84437
0.30868 0.037628 0.86142
0.30125 0.037635 0.88435
0.30914 0.037633 0.89199
0.32112 0.037625 0.87377
0.31942 0.037631 0.89831
0.30253 0.037649 0.91425
0.31199 0.03763 0.92996
0.32877 0.037631 0.90733
0.31978 0.03763 0.92387
0.30363 0.0376 0.94596
0.32207 0.037604 0.9433
0.33876 0.037604 0.040576
0.33779 0.037606 0.055433
0.36294 0.03759 0.04069
0.35208 0.037597 0.051194
0.33821 0.037605 0.072934
0.33768 0.037607 0.085121
0.35358 0.037597 0.082975
0.33971 0.037598 0.10348
0.33443 0.037599 0.12057
0.35495 0.037583 0.11953
0.33715 0.037591 0.13714
0.34123 0.03759 0.14931
0.35377 0.03758 0.13887
0.36042 0.037578 0.14723
0.34156 0.037586 0.16688
0.34146 0.037583 0.17765
0.34885 0.037585 0.16256
0.35375 0.037582 0.17731
0.3338 0.037591 0.19721
0.33206 0.037598 0.21742
0.34956 0.037588 0.19624
0.33925 0.037589 0.23024
0.33454 0.03759 0.25363
0.34976 0.037588 0.23258
0.35666 0.0376 0.2481
0.3403 0.037559 0.27017
0.33796 0.03756 0.28066
0.35498 0.037583 0.26679
0.34777 0.03755 0.27557
0.33151 0.037581 0.2957
0.3332 0.03761 0.31895
0.34783 0.037565 0.29517
0.34403 0.037591 0.31892
0.33789 0.037622 0.32636
0.32892 0.037619 0.3455
0.3437 0.037653 0.336
0.35578 0.038051 0.36325
0.34773 0.037878 0.37734
0.32274 0.03775 0.39934
0.31966 0.037754 0.41717
0.33442 0.037749 0.39108
0.32009 0.03799 0.43307
0.33028 0.037874 0.42827
0.29727 0.038105 0.46381
0.29116 0.038247 0.48921
0.30408 0.038304 0.48057
0.29173 0.038302 0.50107
0.29483 0.03832 0.50145
0.3053 0.038368 0.53377
0.299 0.037954 0.57342
0.30803 0.038247 0.54969
0.31396 0.037955 0.57203
0.31836 0.037755 0.59612
0.31478 0.03773 0.61371
0.31712 0.037723 0.62173
0.32494 0.037721 0.63975
0.3386 0.037766 0.62091
0.34617 0.037744 0.63715
0.33438 0.037697 0.6637
0.32445 0.037711 0.67749
0.34741 0.037705 0.65958
0.34383 0.037676 0.67477
0.32963 0.037646 0.70258
0.34718 0.037649 0.68661
0.35428 0.037601 0.70903
0.32854 0.037641 0.71921
0.33705 0.037602 0.73176
0.35266 0.037602 0.72042
0.34703 0.03759 0.74111
0.33644 0.037598 0.7472
0.33828 0.037594 0.77283
0.35034 0.037573 0.75221
0.35363 0.037581 0.76818
0.35208 0.037603 0.78421
0.35331 0.037593 0.80513
0.34462 0.037595 0.81772
0.33372 0.0376 0.82507
0.35428 0.037592 0.82856
0.34444 0.037613 0.84614
0.34213 0.037615 0.86249
0.36165 0.037598 0.84016
0.36072 0.037604 0.86329
0.33631 0.037624 0.88054
0.33976 0.037622 0.89405
0.35291 0.037615 0.8889
0.34497 0.037625 0.9109
0.33823 0.037601 0.92783
0.35277 0.037622 0.91382
0.35276 0.037596 0.92491
0.34449 0.037559 0.93889
0.33609 0.033393 0.95858
0.35958 0.037553 0.93865
0.35142 0.033341 0.96268
0.36993 0.037586 0.035086
0.37988 0.037584 0.055663
0.38881 0.037578 0.040807
0.39036 0.037585 0.069782
0.39471 0.037583 0.090858
0.37002 0.037577 0.10237
0.38107 0.037557 0.11459
0.39428 0.037562 0.10607
0.38894 0.037557 0.11401
0.36886 0.037568 0.14135
0.36983 0.037578 0.15445
0.39391 0.037556 0.13449
0.3763 0.037575 0.16417
0.37062 0.037579 0.17621
0.3912 0.037584 0.18635
0.37112 0.037588 0.19457
0.37409 0.037584 0.21099
0.38612 0.037579 0.19943
0.38571 0.037579 0.2091
0.36906 0.03758 0.23576
0.36644 0.037597 0.24756
0.39276 0.037587 0.22718
0.3892 0.037605 0.25029
0.36523 0.037601 0.26295
0.36452 0.037592 0.28578
0.38896 0.037603 0.26714
0.3773 0.037616 0.28229
0.37081 0.037596 0.30855
0.38396 0.037635 0.29516
0.38273 0.037639 0.30495
0.35987 0.037607 0.32575
0.3657 0.0379 0.34787
0.35961 0.038106 0.36999
0.37677 0.038049 0.35603
0.35885 0.037929 0.38582
0.36595 0.03801 0.38248
0.36037 0.037805 0.39847
0.34248 0.037964 0.4324
0.33661 0.038174 0.44331
0.35372 0.0378 0.42126
0.33992 0.038164 0.44676
0.31939 0.038552 0.45951
0.31955 0.038425 0.47568
0.3041 0.038578 0.50985
0.31519 0.03831 0.54219
0.31215 0.038649 0.50561
0.31917 0.038294 0.54374
0.32765 0.038062 0.56494
0.33046 0.037916 0.57815
0.33846 0.037849 0.59775
0.34445 0.037802 0.61559
0.35156 0.037882 0.59259
0.36589 0.037942 0.618
0.35217 0.037754 0.63443
0.35341 0.037746 0.64272
0.36601 0.037787 0.63439
0.37315 0.037786 0.64485
0.35524 0.037695 0.66113
0.35983 0.037651 0.6808
0.3836 0.037745 0.65949
0.38627 0.037678 0.66999
0.36142 0.037611 0.69197
0.3784 0.037652 0.68427
0.38473 0.037626 0.70522
0.37751 0.037582 0.73731
0.39294 0.037606 0.71814
0.38671 0.037574 0.73783
0.37513 0.037558 0.75732
0.36632 0.037567 0.76329
0.38319 0.037561 0.75403
0.37903 0.037572 0.78538
0.37649 0.037573 0.80309
0.38574 0.037573 0.78046
0.37588 0.03758 0.81261
0.36941 0.037588 0.83357
0.37261 0.037592 0.84131
0.37121 0.037593 0.8584
0.38697 0.037582 0.84154
0.38836 0.037589 0.86599
0.37378 0.037606 0.87767
0.36931 0.03761 0.89638
0.39138 0.037599 0.89973
0.37333 0.037611 0.91062
0.38026 0.037579 0.92905
0.38682 0.037605 0.91003
0.394 0.037569 0.9316
0.37739 0.037548 0.94207
0.37139 0.033818 0.95427
0.39048 0.037546 0.94279
0.39667 0.033653 0.95506
0.41389 0.037575 0.036604
0.41947 0.037573 0.041311
0.42098 0.037579 0.063885
0.40503 0.037586 0.07947
0.42653 0.037576 0.072817
0.43373 0.037638 0.094824
0.41679 0.037554 0.10516
0.4065 0.037543 0.11484
0.42476 0.037606 0.10394
0.426 0.037619 0.12048
0.41218 0.037555 0.13807
0.40563 0.037573 0.15434
0.42718 0.037573 0.14349
0.4087 0.037567 0.16291
0.40647 0.037574 0.18345
0.41968 0.037557 0.16836
0.4216 0.037553 0.17505
0.4098 0.037589 0.21815
0.42256 0.037553 0.19818
0.42758 0.037548 0.20512
0.39609 0.037586 0.23249
0.40697 0.037627 0.24979
0.42667 0.03759 0.22305
0.40519 0.037618 0.26483
0.40099 0.037616 0.27372
0.42367 0.03766 0.27611
0.40613 0.037641 0.29488
0.397 0.037669 0.30754
0.42026 0.037663 0.28386
0.4149 0.037654 0.29993
0.39644 0.037702 0.32547
0.39916 0.037766 0.33902
0.41657 0.037733 0.31771
0.40686 0.037804 0.3417
0.38425 0.038113 0.36586
0.41221 0.037863 0.3479
0.37486 0.038086 0.37925
0.37213 0.037812 0.39972
0.39698 0.037957 0.37726
0.38876 0.037806 0.39065
0.37285 0.037697 0.41987
0.36549 0.037791 0.43662
0.38545 0.037756 0.4028
0.34534 0.038106 0.45417
0.32375 0.038281 0.47513
0.36357 0.03753 0.44969
0.3268 0.037951 0.48659
0.3218 0.038296 0.49607
0.32387 0.038387 0.53102
0.326 0.037692 0.50273
0.33683 0.037887 0.54208
0.35472 0.037809 0.56952
0.37415 0.037821 0.58188
0.37391 0.038127 0.61264
0.40271 0.038018 0.62749
0.38415 0.037921 0.63322
0.39385 0.0378 0.65186
0.40597 0.037934 0.63565
0.39685 0.037712 0.66088
0.40415 0.037633 0.67187
0.41238 0.037678 0.65715
0.42227 0.037578 0.66734
0.39629 0.037633 0.69111
0.40365 0.037596 0.69922
0.42455 0.03761 0.68683
0.42583 0.037553 0.70243
0.4101 0.037567 0.71959
0.40464 0.037554 0.73205
0.42352 0.037523 0.72891
0.4042 0.037544 0.76263
0.42307 0.037521 0.75006
0.41748 0.037543 0.76552
0.40904 0.037549 0.78212
0.40108 0.037553 0.80157
0.42666 0.037528 0.78298
0.42984 0.037531 0.79838
0.41359 0.037544 0.81899
0.43088 0.037538 0.81101
0.41819 0.037546 0.82725
0.40383 0.037573 0.8419
0.42341 0.037569 0.86283
0.41193 0.037582 0.88163
0.40743 0.037589 0.89897
0.42697 0.037573 0.88191
0.42167 0.037575 0.89052
0.4091 0.037594 0.90881
0.40726 0.037568 0.93082
0.42667 0.037567 0.92843
0.4019 0.037538 0.94537
0.41769 0.037549 0.93861
0.42738 0.033348 0.9613
0.43725 0.037573 0.041542
0.4431 0.03757 0.061729
0.456 0.037572 0.045172
0.43794 0.037567 0.071959
0.43978 0.037649 0.093922
0.46262 0.037556 0.081305
0.45635 0.037726 0.099219
0.44064 0.037889 0.11589
0.45884 0.037788 0.10523
0.44642 0.037823 0.12744
0.43859 0.037564 0.14453
0.45266 0.037826 0.12826
0.46112 0.037552 0.14567
0.44535 0.037507 0.15842
0.44158 0.037544 0.18025
0.45908 0.037516 0.16648
0.45669 0.037544 0.1835
0.44424 0.037541 0.19495
0.43857 0.037546 0.20669
0.45166 0.037564 0.21372
0.43499 0.037594 0.22699
0.43106 0.037623 0.24117
0.44908 0.03759 0.22535
0.43337 0.037651 0.25142
0.43308 0.037644 0.26633
0.45482 0.037653 0.25995
0.45825 0.037703 0.27177
0.43064 0.037688 0.28159
0.44584 0.037734 0.2903
0.45299 0.03782 0.30317
0.43002 0.037768 0.31605
0.42674 0.037778 0.3316
0.44942 0.037851 0.31053
0.44452 0.037816 0.32342
0.42712 0.037858 0.34302
0.4194 0.037931 0.36343
0.45076 0.037948 0.33882
0.44311 0.03803 0.35225
0.43659 0.038103 0.37037
0.39477 0.037167 0.40389
0.39163 0.036906 0.42501
0.42453 0.036734 0.38468
0.41015 0.035119 0.40836
0.37329 0.036733 0.4438
0.34462 0.036033 0.47195
0.35534 0.034241 0.48504
0.33261 0.036217 0.51346
0.34548 0.036932 0.54352
0.34067 0.035458 0.52124
0.38871 0.035582 0.566
0.38904 0.036847 0.58905
0.40096 0.037239 0.60437
0.39758 0.036094 0.59201
0.40987 0.036849 0.60459
0.41541 0.038305 0.61629
0.42348 0.038007 0.61187
0.43009 0.038258 0.62429
0.42365 0.037885 0.6416
0.44133 0.038054 0.63075
0.45161 0.03777 0.64266
0.43178 0.037561 0.66032
0.43115 0.037581 0.67059
0.4505 0.037608 0.6604
0.44893 0.037616 0.66891
0.43346 0.037571 0.68945
0.44206 0.037534 0.70323
0.46261 0.037475 0.70079
0.4391 0.037514 0.71842
0.44447 0.037506 0.73448
0.45426 0.037492 0.71616
0.45873 0.037483 0.73616
0.4472 0.037497 0.74518
0.43542 0.037518 0.76587
0.46 0.037466 0.7495
0.45621 0.037494 0.76584
0.43981 0.03752 0.78017
0.44122 0.037528 0.80119
0.45426 0.037504 0.78336
0.46511 0.03752 0.80157
0.44296 0.037528 0.82389
0.45428 0.037517 0.81772
0.45408 0.037527 0.82692
0.44443 0.037554 0.8399
0.43714 0.037565 0.86265
0.46324 0.037545 0.84006
0.43936 0.03757 0.8725
0.43985 0.03757 0.89213
0.45251 0.037562 0.88264
0.46007 0.037567 0.89583
0.44638 0.037584 0.91493
0.44632 0.037565 0.92675
0.45965 0.037579 0.91553
0.45523 0.037553 0.93101
0.44339 0.037527 0.94751
0.46352 0.037521 0.94391
0.45931 0.033339 0.96328
0.40916 0.037797 0.44403
0.37886 0.038106 0.46725
0.37562 0.03799 0.52645
0.37793 0.036128 0.49619
0.48023 0.037569 0.045929
0.47655 0.037567 0.064325
0.49491 0.037567 0.038906
0.48666 0.037568 0.062109
0.46853 0.037559 0.081264
0.4708 0.037607 0.093483
0.49048 0.037564 0.072788
0.48875 0.037562 0.0927
0.47617 0.037607 0.10889
0.46997 0.03771 0.11422
0.48186 0.037553 0.10358
0.49184 0.037549 0.12141
0.46943 0.037672 0.12886
0.49004 0.037573 0.14481
0.46796 0.037536 0.16268
0.47567 0.037554 0.17666
0.48527 0.037573 0.16016
0.47703 0.037561 0.19254
0.47385 0.037569 0.20909
0.48895 0.037564 0.1902
0.48922 0.037564 0.20675
0.47073 0.037603 0.23016
0.4772 0.037613 0.23564
0.48642 0.037601 0.22234
0.49248 0.037603 0.23423
0.46571 0.037659 0.25997
0.47864 0.037672 0.26349
0.49245 0.037652 0.25835
0.49743 0.037707 0.27162
0.47009 0.037778 0.28761
0.4734 0.037852 0.29574
0.48551 0.037859 0.29604
0.46619 0.03795 0.31245
0.4703 0.038172 0.32475
0.48619 0.038001 0.31291
0.48968 0.03821 0.32368
0.46777 0.038262 0.33384
0.47094 0.038455 0.34059
0.49044 0.038643 0.34084
0.45685 0.038061 0.36264
0.47866 0.038407 0.34811
0.48013 0.037693 0.35234
0.43972 0.036056 0.38259
0.43562 0.034558 0.39498
0.46661 0.035542 0.36567
0.46691 0.034296 0.37252
0.42393 0.033572 0.42682
0.44396 0.03336 0.49196
0.40075 0.03343 0.51453
0.40478 0.034348 0.57927
0.44899 0.033733 0.60166
0.43978 0.035389 0.60905
0.48454 0.034024 0.5982
0.49705 0.035357 0.60985
0.44053 0.037478 0.61589
0.45724 0.037902 0.62308
0.49267 0.036876 0.61843
0.50439 0.037703 0.62586
0.46184 0.037957 0.63056
0.46598 0.037693 0.64867
0.48439 0.037842 0.63354
0.4995 0.037708 0.6447
0.46367 0.037644 0.65349
0.46648 0.03756 0.66871
0.5007 0.037517 0.65399
0.47484 0.037527 0.67885
0.4727 0.037467 0.70491
0.48579 0.037459 0.68266
0.49294 0.037429 0.69642
0.4779 0.037454 0.72406
0.49298 0.037444 0.70757
0.49425 0.037441 0.72772
0.47809 0.037448 0.74546
0.47947 0.037463 0.75903
0.49537 0.037428 0.74703
0.49687 0.037455 0.75907
0.48118 0.037497 0.77237
0.47188 0.037509 0.79484
0.49298 0.037511 0.80065
0.47995 0.037518 0.8297
0.49509 0.037507 0.81143
0.49284 0.037516 0.8323
0.47794 0.037537 0.84407
0.48003 0.037541 0.86046
0.48694 0.037535 0.85769
0.47675 0.037558 0.8761
0.47396 0.037556 0.88699
0.49486 0.037553 0.88131
0.46964 0.037551 0.9279
0.49158 0.03757 0.90953
0.48664 0.037535 0.93016
0.47629 0.03751 0.94465
0.47625 0.034276 0.95267
0.48768 0.037512 0.93847
0.46939 0.033946 0.42689
0.41514 0.034161 0.48842
0.44111 0.033864 0.50479
0.46103 0.033958 0.5596
0.46283 0.036165 0.39066
0.47187 0.036968 0.38216
0.41642 0.036097 0.44449
0.40148 0.035236 0.46525
0.41697 0.03699 0.43111
0.40644 0.036587 0.45183
0.47225 0.03486 0.41111
0.42733 0.034061 0.45532
0.47044 0.036007 0.39019
0.43697 0.03377 0.48698
0.41417 0.034383 0.52504
0.3697 0.038055 0.52137
0.42506 0.0373 0.5794
0.48466 0.033945 0.5468
0.45159 0.03576 0.58445
0.44479 0.033885 0.52999
0.43934 0.03621 0.58904
0.42886 0.036902 0.58474
0.47378 0.036819 0.38348
0.43234 0.036406 0.42507
0.41755 0.034901 0.47082
0.44854 0.035746 0.41782
0.40897 0.035226 0.47405
0.45363 0.037502 0.39507
0.43042 0.034321 0.47477
0.4617 0.035058 0.41975
0.45956 0.0347 0.45869
0.39247 0.03661 0.5362
0.40932 0.036978 0.55341
0.38465 0.035925 0.48957
0.42853 0.034946 0.54376
0.42765 0.034257 0.49936
0.47347 0.034256 0.55759
0.45547 0.034082 0.49908
0.44094 0.034585 0.55878
0.4301 0.036872 0.58439
0.47992 0.037156 0.5864
0.44928 0.03444 0.44359
0.46379 0.034543 0.52127
0.5068 0.037565 0.045308
0.52526 0.037565 0.047242
0.52422 0.037566 0.056839
0.50562 0.037564 0.071154
0.50544 0.037565 0.087641
0.52955 0.037565 0.067118
0.52322 0.037565 0.087564
0.50014 0.037551 0.10504
0.51056 0.037553 0.11452
0.52712 0.037551 0.1068
0.52211 0.037549 0.11315
0.51424 0.037564 0.13436
0.51228 0.037569 0.14463
0.51865 0.03756 0.1331
0.52088 0.037573 0.15488
0.51033 0.03757 0.16023
0.51561 0.037553 0.17442
0.53009 0.037543 0.17119
0.5198 0.037551 0.17527
0.51573 0.03755 0.19822
0.50268 0.037551 0.20467
0.52976 0.037536 0.19443
0.53288 0.037517 0.20633
0.51355 0.03759 0.22675
0.51195 0.037613 0.23986
0.52633 0.037567 0.22877
0.52275 0.037602 0.24246
0.50577 0.037675 0.26912
0.52795 0.037591 0.25721
0.52424 0.037598 0.26392
0.50644 0.037712 0.28095
0.51653 0.037745 0.29597
0.53451 0.037623 0.28124
0.53756 0.037692 0.29786
0.50522 0.037891 0.30967
0.53861 0.037803 0.31235
0.54167 0.037831 0.3194
0.49926 0.038537 0.33866
0.52778 0.038145 0.32855
0.5422 0.038101 0.34857
0.50576 0.038104 0.34433
0.50781 0.037722 0.34664
0.546 0.037605 0.37506
0.52662 0.035623 0.36299
0.51718 0.034469 0.3689
0.53951 0.035752 0.38494
0.51814 0.034393 0.42614
0.49646 0.033415 0.43915
0.50871 0.033783 0.44985
0.51731 0.033434 0.47693
0.47609 0.033378 0.52009
0.53643 0.033606 0.5897
0.57121 0.033416 0.5619
0.58246 0.034162 0.58916
0.50958 0.035875 0.61482
0.55821 0.035605 0.60065
0.55251 0.03676 0.60919
0.5368 0.037303 0.62008
0.51095 0.037878 0.63848
0.53026 0.037788 0.62697
0.53831 0.037697 0.63837
0.51135 0.037561 0.65083
0.51753 0.037431 0.66245
0.53364 0.03748 0.65589
0.53726 0.037484 0.66477
0.51155 0.037457 0.68006
0.50498 0.037431 0.69376
0.52521 0.037493 0.67655
0.53581 0.037468 0.69222
0.50385 0.037428 0.71795
0.51004 0.037438 0.73166
0.52108 0.037441 0.73256
0.50862 0.037424 0.74538
0.5097 0.03744 0.75671
0.52808 0.037443 0.7382
0.52111 0.037444 0.75809
0.51592 0.037481 0.772
0.50626 0.037498 0.79446
0.52809 0.037482 0.78243
0.5325 0.037498 0.79505
0.50763 0.037501 0.81202
0.51298 0.037494 0.82149
0.52469 0.037495 0.8161
0.5251 0.037504 0.82577
0.51157 0.037532 0.85482
0.53254 0.037539 0.86164
0.50985 0.037554 0.87848
0.51537 0.037554 0.89273
0.53118 0.037555 0.87757
0.53188 0.037558 0.8952
0.50216 0.037569 0.91524
0.52095 0.03757 0.91193
0.50458 0.034495 0.95218
0.52823 0.037453 0.94489
0.52612 0.033399 0.95813
0.47535 0.034029 0.50189
0.51153 0.033797 0.54508
0.4905 0.034503 0.40321
0.49186 0.033965 0.47876
0.52634 0.037155 0.40616
0.47223 0.033887 0.4432
0.53025 0.03517 0.51794
0.49833 0.036948 0.45059
0.54948 0.036438 0.51967
0.5125 0.033796 0.5271
0.5096 0.034877 0.57651
0.55475 0.034175 0.56106
0.54572 0.036661 0.58143
0.57365 0.034444 0.56002
0.56871 0.036001 0.58436
0.59581 0.037994 0.55743
0.59046 0.038214 0.57526
0.52679 0.036362 0.58941
0.51993 0.036785 0.3933
0.52124 0.035919 0.40042
0.4666 0.033916 0.47994
0.49414 0.034849 0.42517
0.48998 0.034716 0.46071
0.49754 0.037194 0.45041
0.52583 0.035441 0.49649
0.50414 0.034861 0.48363
0.52992 0.034248 0.53573
0.52834 0.036047 0.56228
0.4952 0.034517 0.51148
0.51922 0.034843 0.5533
0.59116 0.037553 0.56631
0.58158 0.036964 0.57901
0.55845 0.035571 0.539
0.4748 0.034384 0.45187
0.4853 0.034451 0.46498
0.50646 0.034544 0.51918
0.54119 0.037567 0.054042
0.56397 0.037569 0.036627
0.55957 0.037569 0.062877
0.54321 0.037563 0.091922
0.55542 0.037568 0.070965
0.55611 0.037567 0.087988
0.54347 0.037549 0.10758
0.54814 0.037553 0.12308
0.55339 0.037548 0.10696
0.55356 0.037552 0.12335
0.5442 0.03755 0.13311
0.56451 0.037548 0.13491
0.55731 0.037547 0.14587
0.54802 0.037531 0.16891
0.56719 0.037526 0.16739
0.55039 0.037498 0.19802
0.54276 0.037511 0.21311
0.56866 0.037492 0.19643
0.56375 0.037486 0.21854
0.54795 0.03751 0.22464
0.55907 0.03749 0.2241
0.57253 0.037443 0.25139
0.54976 0.037514 0.26041
0.57213 0.037389 0.26652
0.57091 0.037384 0.27319
0.54907 0.03763 0.29599
0.576 0.037364 0.28962
0.5706 0.037448 0.29891
0.55768 0.037705 0.31334
0.55638 0.037789 0.33006
0.5705 0.037547 0.32339
0.5735 0.037548 0.34098
0.54808 0.037939 0.33348
0.55501 0.037889 0.3642
0.56677 0.037671 0.35178
0.54501 0.037768 0.38723
0.54679 0.037457 0.40428
0.54341 0.037272 0.4099
0.5252 0.035106 0.43307
0.54603 0.036715 0.43331
0.53275 0.034062 0.4616
0.55221 0.033944 0.49378
0.59032 0.033881 0.53358
0.61175 0.036166 0.53903
0.60958 0.036757 0.56768
0.59724 0.035858 0.58718
0.57457 0.037225 0.60199
0.60395 0.036872 0.58328
0.60763 0.037425 0.5924
0.57874 0.037634 0.60559
0.60444 0.037694 0.61064
0.58513 0.037822 0.61786
0.56568 0.037628 0.62554
0.54693 0.037655 0.63849
0.58241 0.037647 0.64321
0.55261 0.037613 0.65167
0.55143 0.03755 0.67013
0.57565 0.037623 0.64801
0.54356 0.037523 0.67698
0.55077 0.037501 0.69976
0.56714 0.037545 0.68066
0.55762 0.03751 0.7004
0.53838 0.037463 0.71539
0.54043 0.037465 0.73094
0.56112 0.037512 0.7088
0.54102 0.037449 0.74255
0.55421 0.037446 0.7513
0.56451 0.037471 0.76558
0.53961 0.037476 0.77286
0.54342 0.037503 0.79655
0.56499 0.037477 0.78382
0.56463 0.037515 0.80063
0.54855 0.03752 0.80777
0.54326 0.037519 0.83212
0.55523 0.03752 0.81018
0.55613 0.037519 0.82856
0.54031 0.037531 0.85033
0.55392 0.037533 0.84896
0.56085 0.037544 0.86411
0.54192 0.037554 0.88804
0.55695 0.037554 0.88252
0.56484 0.037559 0.88992
0.54712 0.037572 0.90939
0.53748 0.03752 0.92953
0.55952 0.037576 0.91258
0.55563 0.037529 0.9291
0.54416 0.037471 0.94407
0.54824 0.033361 0.95995
0.56375 0.03749 0.94127
0.55464 0.034078 0.95312
0.55556 0.036222 0.52476
0.57362 0.036386 0.53764
0.57687 0.037571 0.044898
0.58746 0.037574 0.040546
0.59571 0.037574 0.062504
0.5728 0.037561 0.094362
0.58984 0.03757 0.072711
0.59648 0.037566 0.093548
0.57208 0.037548 0.1097
0.57708 0.037552 0.12424
0.59515 0.037558 0.10419
0.58773 0.037551 0.11563
0.58337 0.037545 0.14194
0.60041 0.03755 0.13515
0.59505 0.037546 0.15245
0.58148 0.037513 0.17131
0.57451 0.03751 0.18093
0.59043 0.037506 0.17399
0.60088 0.037498 0.18093
0.57614 0.037474 0.21461
0.59644 0.037458 0.20672
0.58179 0.037431 0.23401
0.58179 0.037404 0.25167
0.60668 0.037348 0.23221
0.59925 0.037289 0.25364
0.58997 0.037341 0.25954
0.60175 0.037288 0.26936
0.60589 0.037314 0.28262
0.5826 0.037304 0.28964
0.58747 0.037331 0.30462
0.60407 0.037281 0.29768
0.59894 0.037271 0.30873
0.58272 0.037431 0.32792
0.60024 0.037307 0.34113
0.59935 0.037327 0.35585
0.57683 0.037482 0.36162
0.56726 0.037284 0.39467
0.58511 0.037322 0.38119
0.56034 0.03698 0.41525
0.55904 0.036987 0.42994
0.58296 0.037298 0.41416
0.55283 0.037175 0.44187
0.54973 0.037237 0.46154
0.55562 0.037315 0.45026
0.55545 0.037126 0.45959
0.56057 0.036557 0.48772
0.58494 0.037227 0.50545
0.56271 0.036864 0.47781
0.58784 0.037393 0.50279
0.61515 0.037478 0.53163
0.62205 0.038067 0.55007
0.61302 0.037503 0.52166
0.62639 0.03816 0.55305
0.61726 0.037774 0.5663
0.60939 0.037652 0.59823
0.62681 0.038055 0.56368
0.6217 0.037898 0.58401
0.61545 0.037963 0.61285
0.62208 0.038019 0.60862
0.62391 0.038052 0.62963
0.6052 0.037864 0.6373
0.59766 0.037724 0.64394
0.62302 0.038139 0.6503
0.58823 0.037604 0.65476
0.58104 0.037536 0.67266
0.62117 0.037938 0.66209
0.60326 0.037598 0.67262
0.58473 0.037543 0.68239
0.59548 0.037565 0.68039
0.59278 0.037557 0.69576
0.57281 0.037494 0.72749
0.59254 0.037514 0.72614
0.57361 0.037479 0.73968
0.59802 0.037471 0.75149
0.59317 0.037485 0.76724
0.57173 0.03749 0.7911
0.5925 0.037519 0.80075
0.57926 0.037525 0.80422
0.5776 0.037516 0.8214
0.59102 0.037523 0.81739
0.57859 0.037535 0.8459
0.59764 0.037545 0.84709
0.57397 0.037553 0.87327
0.59723 0.037571 0.89607
0.57415 0.037576 0.91118
0.59341 0.037579 0.90955
0.57433 0.037473 0.94717
0.57751 0.034457 0.95231
0.59184 0.037505 0.9427
0.58646 0.033339 0.96327
0.61138 0.037581 0.045122
0.6138 0.037579 0.061678
0.63189 0.037586 0.042468
0.63385 0.037587 0.053434
0.61729 0.037576 0.074887
0.60545 0.037573 0.086773
0.63422 0.037578 0.079283
0.6292 0.037579 0.085432
0.61299 0.037562 0.11044
0.61174 0.037558 0.12608
0.62468 0.037569 0.10402
0.63126 0.037563 0.12329
0.60592 0.037553 0.13061
0.618 0.037533 0.15842
0.63135 0.037554 0.13341
0.63241 0.037542 0.14798
0.61102 0.03751 0.17005
0.61851 0.037494 0.18291
0.63149 0.037522 0.16563
0.61822 0.037438 0.20474
0.61297 0.037386 0.22324
0.62773 0.037431 0.20907
0.62866 0.037391 0.22221
0.61197 0.037189 0.24985
0.62798 0.037251 0.24233
0.63008 0.037207 0.25439
0.62758 0.037225 0.27855
0.61363 0.037125 0.31407
0.62387 0.037205 0.29681
0.6292 0.037215 0.3356
0.62242 0.037232 0.34284
0.62023 0.037218 0.37382
0.59679 0.037279 0.38108
0.59222 0.037377 0.40665
0.60935 0.037208 0.38144
0.60414 0.037443 0.40564
0.57578 0.037064 0.43724
0.59057 0.037027 0.43437
0.57549 0.036852 0.44958
0.57294 0.036712 0.4731
0.58498 0.03678 0.45588
0.58975 0.036812 0.45968
0.59686 0.037129 0.49547
0.60062 0.03698 0.4803
0.61586 0.037167 0.49846
0.62255 0.037505 0.51381
0.63333 0.038169 0.54463
0.63223 0.037459 0.50996
0.6396 0.037848 0.53496
0.63971 0.038114 0.55783
0.6388 0.037931 0.58086
0.64902 0.037997 0.55646
0.64576 0.037971 0.57583
0.63769 0.037934 0.5976
0.64735 0.037934 0.60706
0.63495 0.038159 0.64385
0.64958 0.037926 0.64414
0.62901 0.038168 0.66194
0.61791 0.037761 0.67401
0.63719 0.037804 0.68153
0.63802 0.037678 0.68977
0.60941 0.037574 0.70848
0.60725 0.037522 0.72606
0.62909 0.037524 0.72943
0.61166 0.0375 0.74499
0.60637 0.037478 0.75779
0.6262 0.037498 0.74835
0.62605 0.037488 0.75624
0.61043 0.037495 0.78327
0.61178 0.037502 0.7895
0.62726 0.037504 0.78321
0.62967 0.03751 0.79024
0.60432 0.037534 0.80572
0.60739 0.037545 0.83404
0.62992 0.037544 0.80869
0.63388 0.037557 0.83123
0.60808 0.037552 0.84113
0.60359 0.037547 0.85554
0.62634 0.037563 0.84526
0.62407 0.03756 0.85896
0.61093 0.037564 0.87218
0.60581 0.037572 0.89226
0.62018 0.037573 0.88056
0.63019 0.03758 0.89015
0.60853 0.037584 0.9105
0.60929 0.037566 0.92745
0.62101 0.037571 0.92888
0.61105 0.037536 0.94564
0.62309 0.037553 0.93848
0.62923 0.033337 0.96443
0.64112 0.037588 0.04672
0.65611 0.037592 0.03828
0.65813 0.037588 0.063489
0.64857 0.037581 0.078709
0.6425 0.037577 0.095055
0.66588 0.037587 0.073308
0.66879 0.037588 0.08482
0.65835 0.037575 0.10901
0.65136 0.037537 0.15856
0.66129 0.037553 0.14051
0.66286 0.037541 0.15825
0.64698 0.037521 0.16759
0.64885 0.03749 0.1914
0.66192 0.037513 0.17496
0.65851 0.037502 0.18207
0.64863 0.037473 0.19846
0.64617 0.037431 0.21578
0.66802 0.037476 0.20159
0.66722 0.037449 0.21811
0.64207 0.037318 0.23965
0.6467 0.037245 0.26082
0.65945 0.037251 0.26485
0.63762 0.037159 0.27887
0.63675 0.037153 0.29285
0.66632 0.0372 0.27832
0.65452 0.037117 0.28873
0.64244 0.03717 0.31444
0.655 0.037262 0.33647
0.63557 0.037256 0.3439
0.62996 0.037173 0.37693
0.65467 0.037254 0.3473
0.65106 0.037175 0.3725
0.618 0.037296 0.40796
0.62896 0.037175 0.40317
0.6168 0.037082 0.43401
0.63099 0.037083 0.42279
0.63034 0.037079 0.43329
0.60754 0.036963 0.45269
0.61874 0.036958 0.46559
0.63358 0.03705 0.45072
0.62585 0.037058 0.48458
0.62916 0.037098 0.49133
0.63816 0.037092 0.48289
0.64956 0.03722 0.49696
0.64028 0.037348 0.50625
0.65029 0.03764 0.52663
0.65838 0.037395 0.51103
0.67213 0.037554 0.52791
0.67108 0.037755 0.55374
0.67351 0.037755 0.57175
0.66503 0.037842 0.58453
0.66962 0.037783 0.60598
0.68339 0.037773 0.60675
0.66355 0.037757 0.63849
0.67923 0.037759 0.62083
0.67 0.037749 0.643
0.65582 0.037907 0.6566
0.67625 0.037702 0.65616
0.6526 0.03755 0.69595
0.65831 0.037707 0.67877
0.6593 0.037572 0.69094
0.64524 0.037463 0.71156
0.64233 0.037503 0.72843
0.659 0.037463 0.71661
0.66861 0.037498 0.72903
0.64808 0.037505 0.73918
0.64249 0.037499 0.75789
0.6618 0.037511 0.74622
0.65847 0.037502 0.75639
0.63809 0.03751 0.7813
0.64765 0.037521 0.79339
0.6564 0.037515 0.77643
0.65656 0.037531 0.79734
0.64748 0.037546 0.81055
0.64413 0.037561 0.83125
0.6642 0.037558 0.81387
0.666 0.037572 0.83265
0.64574 0.037569 0.83865
0.64529 0.037573 0.85512
0.65577 0.037579 0.84343
0.6613 0.037586 0.86453
0.64934 0.037585 0.8819
0.64923 0.037587 0.8897
0.6561 0.037588 0.88302
0.66455 0.037597 0.89497
0.64534 0.037598 0.90886
0.63776 0.037566 0.92798
0.66422 0.037602 0.90393
0.66045 0.037596 0.91947
0.63658 0.037528 0.94224
0.64227 0.033903 0.95383
0.65768 0.037517 0.94018
0.66573 0.033672 0.95492
0.68342 0.037593 0.04491
0.68557 0.037593 0.051597
0.70206 0.037597 0.040537
0.69333 0.037595 0.058994
0.70101 0.037597 0.071657
0.6996 0.037596 0.091625
0.67344 0.037585 0.10143
0.67409 0.037577 0.12272
0.67786 0.03756 0.14014
0.68019 0.037549 0.15686
0.68356 0.037531 0.16917
0.69623 0.037528 0.17378
0.68347 0.037474 0.20708
0.67449 0.037453 0.2186
0.69826 0.037469 0.21402
0.69048 0.037445 0.2274
0.67867 0.037388 0.24223
0.68974 0.037384 0.24859
0.69566 0.037384 0.25372
0.67804 0.037254 0.29287
0.69573 0.037314 0.28247
0.68759 0.037287 0.29134
0.66925 0.037261 0.33101
0.68852 0.03728 0.3196
0.68735 0.037279 0.32658
0.67472 0.037223 0.34638
0.66617 0.037183 0.36112
0.68095 0.037208 0.35547
0.67507 0.037166 0.3701
0.65665 0.037107 0.38533
0.65068 0.037058 0.39771
0.67673 0.037142 0.38809
0.67588 0.037136 0.39771
0.65745 0.037064 0.41462
0.65128 0.03708 0.43543
0.67136 0.037125 0.41436
0.67929 0.037142 0.42966
0.65464 0.03708 0.46614
0.67706 0.037125 0.44996
0.66101 0.037147 0.48084
0.67336 0.037224 0.49205
0.68789 0.037216 0.47724
0.6938 0.037317 0.49595
0.6727 0.037432 0.51214
0.67825 0.037545 0.5291
0.69694 0.037463 0.51982
0.6817 0.037592 0.53874
0.69024 0.037638 0.56629
0.69821 0.037523 0.5365
0.70708 0.037593 0.56597
0.69209 0.037751 0.60866
0.70528 0.037617 0.57807
0.71489 0.037679 0.60227
0.69945 0.037709 0.61467
0.708 0.037682 0.62328
0.70956 0.037643 0.64052
0.68817 0.037651 0.65683
0.68588 0.037626 0.66468
0.70281 0.037636 0.64954
0.70185 0.037597 0.66442
0.67807 0.03752 0.69798
0.69543 0.037525 0.6923
0.68375 0.037522 0.71592
0.67448 0.037506 0.7274
0.69023 0.037528 0.70753
0.68006 0.037523 0.75161
0.67325 0.037524 0.76697
0.6962 0.037536 0.74365
0.70003 0.037548 0.76512
0.67649 0.037534 0.77545
0.67866 0.037545 0.7942
0.69454 0.037551 0.77433
0.68862 0.037561 0.8017
0.67434 0.03756 0.80909
0.68787 0.037566 0.80723
0.6899 0.037582 0.82986
0.68186 0.03759 0.85055
0.69573 0.037593 0.84039
0.68872 0.037599 0.86678
0.68172 0.037598 0.87282
0.69221 0.037603 0.87178
0.69266 0.03761 0.89553
0.6802 0.037611 0.9093
0.67086 0.037552 0.93114
0.69083 0.037557 0.93036
0.68176 0.037502 0.94278
0.68311 0.033338 0.96347
0.69694 0.033419 0.95775
0.71183 0.037599 0.037391
0.71083 0.037599 0.054678
0.72743 0.037603 0.042497
0.73004 0.037604 0.060734
0.71355 0.0376 0.076121
0.73098 0.037603 0.075559
0.71398 0.037592 0.10105
0.71068 0.037579 0.12624
0.72909 0.037587 0.1123
0.73301 0.037581 0.1275
0.70865 0.037553 0.1577
0.73516 0.037571 0.14687
0.73292 0.037561 0.15931
0.70927 0.037531 0.1762
0.70712 0.037509 0.19356
0.725 0.037548 0.1684
0.73395 0.037533 0.18709
0.709 0.037498 0.20115
0.70831 0.037469 0.2206
0.72373 0.037495 0.20964
0.71468 0.03743 0.24807
0.73297 0.037434 0.2551
0.71664 0.03739 0.27219
0.71477 0.037355 0.29402
0.70129 0.037315 0.31148
0.70648 0.037296 0.33451
0.72813 0.037347 0.31187
0.71432 0.037301 0.33555
0.70697 0.037279 0.34131
0.70345 0.037225 0.36497
0.71937 0.037301 0.34151
0.72262 0.037279 0.3636
0.70295 0.037187 0.38391
0.68988 0.037169 0.39574
0.71362 0.037232 0.37574
0.70739 0.037192 0.39894
0.69437 0.03717 0.41765
0.71876 0.037253 0.40683
0.70813 0.037211 0.4246
0.69881 0.037167 0.43859
0.69275 0.037183 0.4627
0.71674 0.037267 0.44367
0.71352 0.037262 0.45901
0.70157 0.037218 0.47052
0.70493 0.037278 0.48863
0.70913 0.037246 0.46818
0.71931 0.037338 0.48979
0.7195 0.037386 0.50575
0.72768 0.03743 0.51912
0.71565 0.037524 0.54513
0.73268 0.037483 0.54306
0.7398 0.037521 0.564
0.72845 0.037628 0.60205
0.74123 0.037543 0.57707
0.73699 0.037585 0.58879
0.7233 0.037633 0.63637
0.73389 0.03765 0.61113
0.74026 0.037631 0.63718
0.72085 0.037608 0.65416
0.72428 0.03759 0.66091
0.73326 0.037611 0.64946
0.73447 0.037597 0.66826
0.71876 0.03755 0.688
0.71371 0.037547 0.69657
0.73041 0.03758 0.67986
0.73307 0.037567 0.69394
0.71964 0.037554 0.71574
0.70717 0.037543 0.72838
0.72416 0.037554 0.72483
0.71058 0.037551 0.7448
0.70985 0.037552 0.75901
0.73176 0.037564 0.74276
0.72754 0.037563 0.76143
0.71409 0.037574 0.77848
0.70485 0.037569 0.79445
0.72595 0.03758 0.7776
0.71423 0.037589 0.81725
0.70486 0.03759 0.82883
0.72692 0.037592 0.80608
0.71707 0.037605 0.83841
0.70474 0.037606 0.86077
0.72348 0.037608 0.83868
0.71169 0.037614 0.88251
0.70565 0.037612 0.88712
0.72186 0.037619 0.87401
0.73391 0.03763 0.89707
0.70457 0.037621 0.90987
0.71581 0.037619 0.91908
0.73215 0.037633 0.90655
0.7113 0.033364 0.95985
0.73339 0.037526 0.94077
0.74135 0.037607 0.043497
0.74401 0.037607 0.057297
0.76359 0.03761 0.05863
0.75849 0.037607 0.077115
0.75628 0.037604 0.091028
0.76683 0.037601 0.10462
0.75689 0.037595 0.11802
0.7453 0.037574 0.14628
0.7415 0.037571 0.15208
0.75835 0.037584 0.13441
0.76614 0.037568 0.15802
0.74263 0.037551 0.17142
0.7479 0.037528 0.19491
0.75819 0.037545 0.17845
0.75651 0.03753 0.1933
0.75116 0.037511 0.20675
0.74494 0.037478 0.23175
0.7622 0.037496 0.22571
0.74396 0.037456 0.24551
0.76607 0.037484 0.2364
0.74741 0.037421 0.27093
0.73553 0.037383 0.28807
0.76134 0.037429 0.27435
0.73691 0.037345 0.3306
0.75141 0.037381 0.30508
0.75261 0.037367 0.32681
0.73324 0.037327 0.34297
0.73057 0.037294 0.36834
0.75195 0.037341 0.34814
0.75535 0.037336 0.35949
0.73965 0.037277 0.38206
0.73466 0.03727 0.39039
0.75753 0.037324 0.37765
0.74687 0.037285 0.39207
0.73169 0.037274 0.4051
0.73009 0.03728 0.4309
0.75272 0.037302 0.41309
0.72722 0.037287 0.44284
0.72899 0.037306 0.46099
0.75042 0.037302 0.44303
0.75452 0.037317 0.45337
0.74038 0.037306 0.46759
0.73334 0.037341 0.48604
0.75868 0.037351 0.47301
0.75811 0.037359 0.48313
0.75896 0.037396 0.50495
0.75544 0.037423 0.52721
0.74406 0.037468 0.54149
0.74687 0.037501 0.56036
0.76022 0.037453 0.53801
0.76991 0.037488 0.55386
0.7565 0.037512 0.58155
0.76289 0.037545 0.59945
0.76838 0.037552 0.60602
0.74789 0.037626 0.65015
0.74792 0.037618 0.66645
0.76749 0.037603 0.64914
0.75107 0.037617 0.68028
0.74758 0.037595 0.69931
0.76835 0.037598 0.68717
0.75063 0.037595 0.71811
0.74703 0.037582 0.73671
0.74638 0.037572 0.75379
0.74325 0.037572 0.75809
0.76161 0.037585 0.76061
0.74805 0.037596 0.7788
0.74687 0.037603 0.79725
0.75678 0.037594 0.77411
0.7511 0.03761 0.817
0.75048 0.037618 0.83439
0.75875 0.037612 0.80822
0.76449 0.037618 0.8261
0.74104 0.037624 0.86121
0.75881 0.037628 0.84932
0.74592 0.037628 0.8705
0.74187 0.037634 0.89891
0.7585 0.037634 0.87951
0.75786 0.037638 0.89413
0.74867 0.037639 0.90317
0.76407 0.037648 0.91007
0.7567 0.037599 0.92943
0.7391 0.037538 0.93969
0.74086 0.03342 0.95781
0.76557 0.033353 0.96078
0.77497 0.037612 0.043928
0.78329 0.037613 0.052449
0.79762 0.037616 0.047448
0.80055 0.037617 0.063313
0.77868 0.037612 0.068661
0.79282 0.037611 0.090346
0.78357 0.037599 0.11364
0.78264 0.037591 0.12921
0.79414 0.037603 0.11028
0.79778 0.037597 0.12456
0.78361 0.037581 0.14404
0.78088 0.037572 0.15739
0.7904 0.037587 0.13699
0.79154 0.037572 0.16201
0.78077 0.037554 0.17758
0.79972 0.037572 0.16835
0.7884 0.037542 0.19608
0.77965 0.037527 0.20733
0.7819 0.037506 0.22881
0.79522 0.037532 0.21204
0.79085 0.037513 0.22768
0.77303 0.037486 0.23882
0.77155 0.037453 0.26483
0.79025 0.037501 0.23742
0.79003 0.037482 0.25552
0.79178 0.037463 0.27735
0.76639 0.037397 0.3157
0.77176 0.037396 0.33089
0.79651 0.037442 0.30287
0.78393 0.037405 0.32475
0.77158 0.037377 0.34736
0.76963 0.037361 0.36326
0.78229 0.037388 0.33976
0.78092 0.03737 0.35905
0.77179 0.037349 0.37822
0.77523 0.03734 0.39398
0.78989 0.037375 0.37623
0.79013 0.037369 0.39431
0.7733 0.037334 0.40838
0.76954 0.037331 0.42304
0.78162 0.037349 0.40556
0.78662 0.037361 0.42812
0.76909 0.037338 0.44331
0.78493 0.037361 0.44567
0.78257 0.037355 0.45005
0.7662 0.037357 0.46966
0.77337 0.037371 0.48511
0.78625 0.037375 0.468
0.79571 0.037417 0.48994
0.78042 0.037402 0.50971
0.78971 0.037413 0.50629
0.79862 0.037459 0.52766
0.7755 0.037491 0.55777
0.79388 0.037456 0.53315
0.79845 0.037489 0.5609
0.78342 0.037496 0.57825
0.7814 0.037514 0.58927
0.79723 0.037493 0.57692
0.78787 0.037517 0.60384
0.79561 0.037515 0.60592
0.77858 0.037592 0.64254
0.7779 0.037597 0.66279
0.80058 0.037579 0.64756
0.7952 0.037584 0.66866
0.77811 0.037594 0.68704
0.77978 0.037592 0.6951
0.80052 0.037591 0.68467
0.79994 0.037591 0.68986
0.78355 0.037591 0.71418
0.77318 0.037595 0.73532
0.78973 0.037598 0.73625
0.77966 0.0376 0.74481
0.78287 0.037604 0.76693
0.79998 0.037609 0.74461
0.79769 0.037627 0.79673
0.7731 0.037619 0.81783
0.77934 0.037627 0.83244
0.78961 0.037626 0.80831
0.79967 0.037637 0.83235
0.77828 0.037636 0.85462
0.78972 0.037637 0.84369
0.77997 0.037644 0.87836
0.77374 0.037646 0.89625
0.79723 0.037654 0.89305
0.77897 0.037608 0.93147
0.79344 0.037659 0.91371
0.78331 0.037559 0.94802
0.77445 0.03334 0.96309
0.79272 0.037574 0.9416
0.79785 0.03353 0.9562
0.805 0.037619 0.046741
0.80563 0.037619 0.05408
0.83065 0.037623 0.046921
0.83307 0.037623 0.052155
0.805 0.037616 0.076986
0.80653 0.037613 0.092296
0.8298 0.03762 0.072907
0.82279 0.037616 0.089544
0.81165 0.03761 0.10459
0.81034 0.037603 0.12248
0.82176 0.03761 0.10756
0.82867 0.037607 0.1248
0.82864 0.037601 0.13991
0.82099 0.037579 0.174
0.82082 0.03757 0.18584
0.81135 0.037548 0.2068
0.80432 0.03753 0.22252
0.83199 0.037554 0.2126
0.82828 0.037545 0.22267
0.80496 0.037516 0.2382
0.80767 0.037501 0.25869
0.8292 0.037515 0.25827
0.81489 0.037484 0.2817
0.80966 0.037476 0.29071
0.83061 0.037497 0.27826
0.82314 0.037477 0.29407
0.81302 0.037459 0.30354
0.80665 0.037434 0.32
0.82453 0.037467 0.30471
0.81665 0.037434 0.32888
0.80303 0.037411 0.34464
0.80754 0.037411 0.35409
0.8172 0.037424 0.3466
0.80157 0.037395 0.37855
0.8001 0.03739 0.39683
0.82556 0.03742 0.37808
0.80038 0.037392 0.40892
0.80109 0.037397 0.42702
0.81932 0.037406 0.42191
0.80192 0.037401 0.44079
0.81181 0.037401 0.45239
0.82646 0.037417 0.43762
0.80462 0.037418 0.46991
0.80125 0.03743 0.49007
0.80279 0.037448 0.50918
0.81328 0.03745 0.51841
0.82495 0.037453 0.51865
0.81277 0.037491 0.55386
0.82226 0.037481 0.54995
0.81531 0.037515 0.59789
0.83427 0.037516 0.5773
0.82993 0.037521 0.59504
0.81801 0.037514 0.61425
0.81925 0.037535 0.62988
0.83214 0.037526 0.60855
0.82637 0.037531 0.62636
0.81233 0.037577 0.64903
0.81279 0.037579 0.65603
0.82674 0.037545 0.63783
0.81774 0.037585 0.67192
0.81022 0.037602 0.70191
0.82832 0.037595 0.68982
0.81243 0.037607 0.71336
0.82673 0.037606 0.71191
0.80866 0.037613 0.73974
0.80923 0.037621 0.76501
0.83459 0.037623 0.74339
0.83493 0.037629 0.75831
0.8061 0.037624 0.77796
0.80953 0.037633 0.79893
0.83341 0.037636 0.78121
0.82708 0.037637 0.79562
0.81213 0.037638 0.80822
0.82634 0.037649 0.82857
0.80612 0.037646 0.84839
0.81248 0.037651 0.86095
0.8312 0.037654 0.84429
0.83069 0.037658 0.86317
0.8163 0.037656 0.87313
0.80583 0.037656 0.89172
0.82777 0.037662 0.88176
0.80749 0.037661 0.90665
0.80651 0.037645 0.92165
0.82022 0.037665 0.90781
0.8065 0.037575 0.93805
0.81415 0.03335 0.96117
0.82871 0.037535 0.94806
0.82241 0.033339 0.9634
0.8437 0.037625 0.044657
0.84064 0.037624 0.054736
0.86258 0.037626 0.044816
0.84658 0.03762 0.078806
0.85003 0.037619 0.090895
0.85342 0.037621 0.074016
0.8552 0.037619 0.089172
0.85678 0.037618 0.1076
0.85609 0.037608 0.13098
0.841 0.037599 0.14574
0.84764 0.037593 0.15802
0.8601 0.037603 0.14122
0.85404 0.037596 0.15133
0.8385 0.037579 0.18013
0.84085 0.037574 0.19094
0.8578 0.037584 0.1801
0.86551 0.037578 0.19503
0.84952 0.037565 0.20763
0.83737 0.037544 0.22841
0.86077 0.037567 0.20955
0.85266 0.037549 0.2297
0.84731 0.037536 0.24382
0.8569 0.037541 0.24424
0.85881 0.037535 0.25482
0.85511 0.037519 0.27329
0.85673 0.037505 0.29367
0.84079 0.037478 0.31334
0.83391 0.037462 0.32273
0.85892 0.037499 0.30566
0.85346 0.037485 0.31822
0.83752 0.037451 0.35238
0.85456 0.037474 0.3401
0.86239 0.037471 0.35851
0.84051 0.037443 0.37782
0.84988 0.037449 0.37614
0.85886 0.037454 0.38843
0.84431 0.037438 0.40746
0.84566 0.037435 0.42025
0.8502 0.037442 0.4023
0.85974 0.03745 0.42736
0.83806 0.037433 0.4388
0.83271 0.037427 0.45377
0.8526 0.03744 0.44288
0.85809 0.037449 0.45731
0.83667 0.037438 0.47406
0.842 0.037447 0.48829
0.84205 0.037463 0.50972
0.84937 0.037475 0.52829
0.86514 0.037487 0.51928
0.84608 0.037486 0.53878
0.84783 0.037499 0.55444
0.86398 0.037498 0.53943
0.86183 0.037503 0.55244
0.85035 0.037514 0.57446
0.84351 0.037537 0.59455
0.86415 0.037518 0.57318
0.85698 0.037527 0.59028
0.85193 0.037553 0.62112
0.86166 0.03754 0.60196
0.85645 0.037558 0.63193
0.8512 0.037573 0.66143
0.86617 0.037567 0.6402
0.86024 0.037578 0.66495
0.84993 0.037584 0.68181
0.84129 0.037593 0.69148
0.86219 0.037584 0.67383
0.86454 0.037602 0.69924
0.84236 0.037604 0.70987
0.84854 0.037616 0.72792
0.85653 0.0376 0.70611
0.857 0.037617 0.73066
0.84587 0.037623 0.74081
0.8429 0.037634 0.76703
0.85827 0.037635 0.76265
0.83915 0.037643 0.79744
0.8618 0.037641 0.77339
0.86576 0.037649 0.79242
0.84229 0.037652 0.81705
0.86431 0.037653 0.80676
0.86113 0.037657 0.8241
0.84408 0.037658 0.84444
0.86074 0.037661 0.84021
0.86169 0.037666 0.85762
0.8464 0.037669 0.87628
0.84193 0.03767 0.89697
0.86031 0.03767 0.87051
0.84528 0.037667 0.91873
0.86397 0.037676 0.90549
0.85552 0.03766 0.92175
0.84971 0.037613 0.93562
0.84286 0.033358 0.96042
0.86285 0.037626 0.93517
0.86114 0.033339 0.96353
0.87016 0.037627 0.039082
0.87189 0.037626 0.06089
0.88652 0.037629 0.039887
0.88798 0.037629 0.051818
0.88139 0.037625 0.076211
0.88192 0.037622 0.091767
0.89636 0.037627 0.078288
0.89059 0.037625 0.085666
0.88123 0.037619 0.10838
0.88197 0.037614 0.12705
0.89033 0.037618 0.11816
0.87512 0.037608 0.13732
0.88229 0.037602 0.15739
0.89374 0.037609 0.14694
0.8889 0.037602 0.16111
0.87641 0.037585 0.18999
0.89295 0.0376 0.16865
0.89695 0.037592 0.1885
0.8716 0.037576 0.20295
0.87688 0.03757 0.21866
0.89035 0.037578 0.20988
0.88615 0.037572 0.22111
0.86918 0.037555 0.23647
0.87166 0.037531 0.27389
0.87349 0.037522 0.28899
0.89686 0.037547 0.26805
0.88925 0.037529 0.29098
0.86903 0.037504 0.3138
0.87885 0.03751 0.3217
0.88609 0.037522 0.30207
0.88484 0.037513 0.31855
0.87557 0.037492 0.34377
0.89188 0.037504 0.33822
0.89686 0.037499 0.35167
0.8755 0.037476 0.37853
0.86785 0.037465 0.38631
0.89042 0.037488 0.37061
0.8934 0.037484 0.39118
0.87035 0.037465 0.4061
0.87274 0.037467 0.41856
0.89457 0.037482 0.41178
0.88998 0.037477 0.41754
0.87984 0.037471 0.43993
0.88428 0.037472 0.44988
0.87974 0.037479 0.47863
0.87819 0.037488 0.49347
0.88501 0.037487 0.49172
0.86926 0.037484 0.50332
0.8776 0.037508 0.5282
0.88855 0.037501 0.5114
0.89056 0.037508 0.5243
0.87422 0.037509 0.53831
0.8904 0.037514 0.53648
0.89494 0.037523 0.55087
0.88 0.03753 0.5732
0.87815 0.037545 0.59631
0.89219 0.037531 0.57364
0.88939 0.037545 0.59715
0.87733 0.03755 0.60477
0.88278 0.037567 0.63082
0.88912 0.037553 0.60839
0.88872 0.037564 0.62589
0.88113 0.03758 0.64889
0.89019 0.037577 0.64654
0.89327 0.037588 0.6589
0.8738 0.037595 0.67545
0.89938 0.037616 0.69807
0.87311 0.037618 0.71395
0.88166 0.03763 0.73114
0.89611 0.03762 0.70455
0.89149 0.037627 0.72369
0.87453 0.037633 0.74641
0.87303 0.037641 0.766
0.88825 0.037635 0.7442
0.89854 0.037643 0.76492
0.87533 0.037648 0.7813
0.87931 0.037654 0.79801
0.89091 0.037651 0.78877
0.87226 0.037658 0.81627
0.87827 0.037662 0.8253
0.88988 0.037657 0.80543
0.87747 0.037665 0.84089
0.88203 0.037672 0.86391
0.89508 0.037667 0.8399
0.88691 0.037671 0.85903
0.87517 0.037678 0.8912
0.89252 0.037676 0.86999
0.89545 0.037681 0.88982
0.88044 0.03768 0.90345
0.88163 0.037656 0.92881
0.89349 0.037681 0.90987
0.89697 0.037644 0.93039
0.87276 0.037621 0.9407
0.89834 0.033351 0.96107
0.9054 0.037632 0.037505
0.91225 0.037633 0.054113
0.92244 0.037614 0.038814
0.91527 0.037632 0.075292
0.9041 0.037627 0.090263
0.9287 0.037588 0.094466
0.91165 0.037623 0.1087
0.90982 0.037618 0.12909
0.92118 0.037612 0.10354
0.92366 0.037602 0.118
0.90587 0.037615 0.13445
0.90823 0.037608 0.15833
0.92217 0.037599 0.13888
0.91364 0.037597 0.18764
0.92772 0.037577 0.17112
0.93039 0.037553 0.19582
0.91451 0.037588 0.20489
0.91201 0.037578 0.22195
0.92678 0.037548 0.20886
0.91864 0.037569 0.22591
0.90795 0.037562 0.24607
0.92731 0.037536 0.24248
0.92123 0.037545 0.25568
0.90776 0.037549 0.26969
0.93067 0.037508 0.27919
0.92967 0.037504 0.29344
0.91042 0.037522 0.32496
0.92246 0.037518 0.30187
0.92114 0.037513 0.3217
0.90255 0.037512 0.33579
0.9053 0.037503 0.36078
0.928 0.037495 0.33645
0.91795 0.037506 0.35499
0.90409 0.037498 0.37115
0.90885 0.037497 0.39007
0.92323 0.03747 0.39452
0.92312 0.037468 0.4023
0.92897 0.037447 0.42923
0.90333 0.037488 0.4537
0.92532 0.03746 0.43409
0.90591 0.037499 0.4791
0.90334 0.037505 0.49487
0.92573 0.037462 0.47107
0.92312 0.037477 0.48503
0.91012 0.037515 0.50259
0.91132 0.037524 0.52245
0.92719 0.037479 0.51173
0.92467 0.03749 0.51882
0.92331 0.037502 0.53744
0.9254 0.037506 0.55424
0.91465 0.037561 0.59584
0.92508 0.037535 0.5752
0.92887 0.037548 0.59527
0.91046 0.037566 0.60514
0.90556 0.037575 0.62255
0.92223 0.037563 0.60622
0.92387 0.037567 0.61877
0.90416 0.037586 0.64407
0.93208 0.037539 0.64779
0.92301 0.037579 0.66376
0.91349 0.037607 0.68864
0.92479 0.037575 0.68176
0.92799 0.037566 0.69662
0.91272 0.03762 0.70564
0.92261 0.037596 0.70969
0.90976 0.037636 0.74188
0.91309 0.037642 0.76113
0.91982 0.037621 0.73792
0.91922 0.037636 0.76625
0.91431 0.037646 0.77334
0.91333 0.037651 0.78978
0.92578 0.037621 0.77746
0.92649 0.037624 0.79697
0.90493 0.037661 0.81697
0.91219 0.037662 0.82335
0.92094 0.037642 0.80442
0.91863 0.037656 0.82718
0.90611 0.03767 0.84635
0.90649 0.037675 0.86289
0.92342 0.037637 0.83706
0.91913 0.037666 0.8624
0.9119 0.037679 0.8737
0.91917 0.037671 0.87235
0.93055 0.037637 0.88985
0.90757 0.037682 0.90997
0.90874 0.037641 0.92889
0.92059 0.037667 0.90899
0.92855 0.037602 0.92497
0.90724 0.037602 0.9409
0.91327 0.033379 0.95916
0.91905 0.037587 0.93941
0.92423 0.033358 0.96042
0.9377 0.037556 0.042151
0.93796 0.037555 0.054665
0.95399 0.033924 0.037261
0.95744 0.03344 0.061253
0.93493 0.037565 0.07459
0.95991 0.033364 0.087448
0.94675 0.037529 0.10585
0.95909 0.03338 0.12734
0.94656 0.037515 0.14494
0.94305 0.037527 0.15531
0.95834 0.033401 0.1405
0.9517 0.035115 0.1576
0.93606 0.037556 0.17114
0.94582 0.037511 0.19464
0.95483 0.033702 0.19607
0.93951 0.037509 0.20458
0.93951 0.037496 0.22731
0.96314 0.033339 0.21318
0.96088 0.033352 0.22019
0.94022 0.037504 0.24601
0.94636 0.037489 0.25143
0.96077 0.033353 0.23579
0.95214 0.034625 0.26252
0.94292 0.037483 0.2699
0.9393 0.037482 0.28686
0.95938 0.033371 0.27418
0.94076 0.037472 0.3008
0.94015 0.037471 0.32873
0.95435 0.033746 0.3004
0.96429 0.033337 0.32301
0.94473 0.037466 0.34064
0.94216 0.037461 0.35528
0.9582 0.033395 0.35806
0.93899 0.037448 0.36651
0.9463 0.037392 0.39566
0.96405 0.033337 0.37772
0.95122 0.034971 0.39443
0.94455 0.037394 0.40518
0.96328 0.033339 0.40809
0.95574 0.033523 0.42676
0.94007 0.03742 0.44303
0.94434 0.03741 0.44987
0.95268 0.034148 0.4337
0.95929 0.033369 0.45087
0.93792 0.037418 0.47085
0.96336 0.033338 0.47765
0.95447 0.033684 0.49347
0.94517 0.037412 0.50732
0.94119 0.037432 0.52082
0.95221 0.034395 0.51039
0.95937 0.033369 0.52552
0.93601 0.037465 0.55351
0.96421 0.033337 0.538
0.95808 0.033401 0.55626
0.94297 0.037534 0.59319
0.93994 0.037537 0.61244
0.94017 0.037532 0.62147
0.95946 0.033371 0.62679
0.9437 0.037504 0.63869
0.96115 0.03335 0.63649
0.96349 0.033338 0.65904
0.94815 0.037486 0.6769
0.95981 0.033365 0.67506
0.95901 0.033381 0.69621
0.9403 0.037511 0.71451
0.93932 0.037519 0.7256
0.95392 0.033915 0.7163
0.95461 0.033748 0.7215
0.94317 0.037518 0.75675
0.95532 0.03363 0.74806
0.95951 0.033371 0.75699
0.94089 0.037581 0.78046
0.94091 0.037575 0.80019
0.95748 0.033438 0.78851
0.93936 0.037575 0.80524
0.95392 0.033938 0.81339
0.95889 0.033385 0.83168
0.93783 0.037568 0.84705
0.96489 0.033336 0.85804
0.94249 0.0376 0.88667
0.95934 0.033375 0.87114
0.93757 0.037575 0.92222
0.95619 0.033532 0.90814
0.96455 0.033336 0.92077
0.93847 0.037521 0.93664
0.94208 0.0334 0.95836
0.95916 0.033378 0.94263
0.95412 0.033335 0.96277
