2635
1 1 1
0.034986 0.037631 0.044817
0.041048 0.037631 0.05412
0.062491 0.037632 0.035659
0.058509 0.037632 0.051356
0.046174 0.037633 0.068762
0.043631 0.037633 0.092976
0.059885 0.037633 0.080456
0.056338 0.037633 0.096633
0.038588 0.037633 0.11012
0.041294 0.037634 0.12002
0.063455 0.037632 0.10684
0.062961 0.03764 0.1423
0.040439 0.037631 0.18777
0.05846 0.037632 0.17778
0.061247 0.037632 0.1933
0.036172 0.037632 0.19806
0.040411 0.037633 0.22372
0.05338 0.037632 0.20307
0.056485 0.037633 0.21633
0.047866 0.037633 0.23267
0.042358 0.037634 0.25367
0.053012 0.037633 0.23897
0.061826 0.037634 0.25349
0.047343 0.037635 0.26543
0.0465 0.037638 0.28234
0.055837 0.037637 0.27436
0.063376 0.037638 0.283
0.062151 0.037643 0.30381
0.057701 0.037646 0.3188
0.045201 0.037647 0.33991
0.062327 0.037648 0.34848
0.046182 0.037648 0.36978
0.045176 0.03765 0.38318
0.060766 0.037649 0.36766
0.05604 0.037654 0.38945
0.044525 0.037656 0.40011
0.037553 0.037662 0.41963
0.060381 0.03766 0.40289
0.054033 0.037664 0.41443
0.042298 0.037664 0.44293
0.058933 0.037668 0.44066
0.058065 0.037669 0.45703
0.041681 0.037667 0.47072
0.04351 0.037666 0.48577
0.051905 0.037669 0.47044
0.05748 0.037668 0.48945
0.038322 0.037656 0.50604
0.03802 0.037649 0.52764
0.054278 0.037658 0.50806
0.058521 0.037655 0.52666
0.045141 0.037648 0.53941
0.042864 0.037649 0.56568
0.060456 0.037654 0.53787
0.05914 0.037652 0.55908
0.037016 0.037651 0.57709
0.035894 0.037653 0.59993
0.051259 0.037653 0.57565
0.053193 0.037655 0.59616
0.043479 0.037653 0.6048
0.036219 0.037651 0.63236
0.05119 0.037655 0.61094
0.057152 0.037656 0.62388
0.051261 0.037648 0.65198
0.053239 0.03765 0.66404
0.047352 0.03765 0.67594
0.052351 0.037651 0.67412
0.057922 0.037652 0.69181
0.035998 0.037643 0.73294
0.059782 0.037645 0.71625
0.051619 0.037644 0.72568
0.043458 0.037642 0.74913
0.03705 0.037642 0.76455
0.058935 0.037642 0.74591
0.051975 0.037642 0.76268
0.040801 0.037642 0.77498
0.037228 0.037641 0.80102
0.058131 0.037642 0.78336
0.056217 0.037641 0.793
0.039758 0.037639 0.82732
0.052832 0.03764 0.81554
0.058434 0.037639 0.83267
0.038058 0.037639 0.84409
0.035029 0.037637 0.86263
0.053739 0.037639 0.83853
0.056101 0.037637 0.86061
0.035587 0.037635 0.87224
0.045162 0.037637 0.89326
0.058084 0.037634 0.8795
0.056571 0.037635 0.88953
0.041958 0.037644 0.91248
0.037097 0.033369 0.95627
0.0587 0.037534 0.94491
0.061166 0.033501 0.95428
0.079373 0.037632 0.045212
0.075242 0.037632 0.059532
0.07827 0.037631 0.087997
0.09449 0.037631 0.073711
0.091822 0.037631 0.087955
0.071377 0.037631 0.10596
0.072459 0.037634 0.12868
0.085343 0.03763 0.1084
0.089563 0.03763 0.1218
0.06997 0.037637 0.1395
0.089686 0.037632 0.13587
0.093068 0.037632 0.15717
0.072086 0.037632 0.17498
0.068096 0.037631 0.18977
0.094544 0.037629 0.1748
0.095051 0.037629 0.18992
0.077374 0.037632 0.20461
0.076025 0.037632 0.22139
0.088937 0.037632 0.20968
0.09725 0.03763 0.22523
0.069772 0.037632 0.24235
0.072355 0.037632 0.24872
0.08567 0.037631 0.24292
0.090063 0.037632 0.25105
0.076123 0.037636 0.2714
0.075165 0.037639 0.28859
0.095704 0.037634 0.2714
0.068241 0.037643 0.30508
0.0686 0.037645 0.324
0.092941 0.037638 0.30355
0.090794 0.037642 0.32454
0.07138 0.037646 0.34297
0.089783 0.037646 0.33883
0.088429 0.03765 0.3537
0.075734 0.037651 0.37664
0.091386 0.037654 0.36998
0.094989 0.037657 0.38169
0.0691 0.037664 0.40814
0.073037 0.037668 0.42148
0.092782 0.037673 0.41028
0.085897 0.037676 0.41694
0.06875 0.037671 0.44373
0.083218 0.037677 0.43556
0.084386 0.037681 0.45474
0.073426 0.037674 0.47286
0.077444 0.037675 0.48352
0.08918 0.037685 0.47873
0.088339 0.037682 0.48975
0.068549 0.037666 0.50159
0.084363 0.037671 0.51891
0.07638 0.037659 0.53597
0.071439 0.037655 0.56464
0.081686 0.03766 0.56228
0.073267 0.037656 0.57087
0.068991 0.037658 0.59985
0.084703 0.037665 0.57117
0.087454 0.037666 0.5952
0.073789 0.03766 0.62986
0.089084 0.037666 0.61301
0.09408 0.037664 0.62251
0.072553 0.037658 0.64299
0.092082 0.037659 0.66624
0.067978 0.037656 0.68282
0.085548 0.037662 0.67524
0.088771 0.037656 0.69484
0.076147 0.037647 0.71267
0.067608 0.037643 0.73354
0.090861 0.037648 0.72517
0.071064 0.037642 0.7461
0.076044 0.037641 0.75834
0.08803 0.037644 0.74221
0.085085 0.037642 0.76308
0.071405 0.037642 0.77415
0.07305 0.037641 0.79976
0.094238 0.037641 0.78555
0.07242 0.037638 0.81654
0.080288 0.037637 0.82393
0.093044 0.037639 0.80746
0.090211 0.037637 0.83277
0.074761 0.037638 0.8427
0.074652 0.037637 0.86195
0.090029 0.037635 0.86571
0.076789 0.037632 0.88286
0.088596 0.037633 0.87395
0.085357 0.037633 0.89049
0.0715 0.03764 0.90989
0.077081 0.037617 0.93095
0.089122 0.037636 0.90287
0.07149 0.037589 0.9387
0.086134 0.037605 0.94737
0.11088 0.037627 0.039032
0.10628 0.037629 0.05739
0.12697 0.037626 0.037885
0.12241 0.037626 0.052238
0.10306 0.03763 0.068373
0.10752 0.037629 0.094301
0.12471 0.037627 0.096533
0.10595 0.037628 0.11024
0.11419 0.037627 0.12857
0.12569 0.037625 0.11823
0.10801 0.037629 0.14097
0.10306 0.03763 0.15557
0.12728 0.037626 0.15564
0.10817 0.037627 0.17244
0.10691 0.037627 0.18711
0.12818 0.037625 0.16663
0.11943 0.037626 0.19324
0.11343 0.037627 0.21623
0.11832 0.037626 0.20046
0.11751 0.037628 0.22659
0.10623 0.037629 0.23767
0.10113 0.03763 0.25527
0.12136 0.037627 0.23693
0.10705 0.03763 0.27269
0.10671 0.037631 0.28531
0.12101 0.037628 0.27631
0.12916 0.037624 0.28284
0.10716 0.037631 0.30274
0.10773 0.037636 0.32502
0.12863 0.037628 0.30816
0.11705 0.037631 0.31681
0.10445 0.037639 0.33276
0.10537 0.037648 0.35723
0.11605 0.037645 0.3522
0.099539 0.037651 0.36423
0.11644 0.037656 0.36855
0.1221 0.037676 0.39221
0.10254 0.037666 0.39695
0.10194 0.037679 0.42397
0.11278 0.037682 0.42416
0.098085 0.037683 0.43644
0.098951 0.037686 0.44845
0.11318 0.037691 0.44297
0.11484 0.037696 0.45551
0.09816 0.037686 0.46938
0.10618 0.037686 0.48607
0.11579 0.037699 0.47069
0.12131 0.037706 0.48803
0.10242 0.037678 0.50239
0.097907 0.037673 0.52459
0.11804 0.037686 0.52486
0.10378 0.037675 0.53744
0.099521 0.037674 0.55932
0.12004 0.03769 0.54282
0.097759 0.03767 0.58239
0.099976 0.037669 0.59558
0.11701 0.037684 0.57603
0.11866 0.037675 0.60146
0.10788 0.037662 0.61729
0.10809 0.037658 0.62726
0.12461 0.03766 0.63255
0.10535 0.037654 0.64633
0.10505 0.037653 0.65935
0.11836 0.037657 0.64098
0.11559 0.03765 0.66811
0.10407 0.037653 0.68465
0.12121 0.037651 0.68441
0.10732 0.037651 0.72976
0.12614 0.03765 0.70819
0.12768 0.037646 0.73552
0.10175 0.037646 0.74065
0.10585 0.037642 0.75697
0.12039 0.037641 0.76516
0.10743 0.037639 0.77609
0.12832 0.037635 0.78002
0.1181 0.037636 0.79209
0.10931 0.037637 0.83042
0.11814 0.037637 0.8059
0.12152 0.037635 0.83433
0.11067 0.037636 0.84021
0.12661 0.037633 0.84347
0.12645 0.037631 0.85695
0.10903 0.037632 0.87653
0.11276 0.037631 0.89292
0.12922 0.037629 0.88321
0.12273 0.037631 0.89771
0.10373 0.037635 0.91001
0.12207 0.037633 0.91226
0.12051 0.037609 0.92544
0.10534 0.037589 0.93849
0.13028 0.037535 0.94645
0.12867 0.033333 0.96457
0.14227 0.037624 0.039786
0.15776 0.037622 0.035266
0.1594 0.037621 0.053336
0.1349 0.037626 0.076221
0.14022 0.037623 0.095373
0.1531 0.037622 0.071951
0.15744 0.03762 0.090493
0.13981 0.037621 0.10641
0.1414 0.03762 0.11774
0.15198 0.037618 0.11104
0.15626 0.037618 0.1166
0.13479 0.037624 0.13768
0.13577 0.037625 0.15928
0.16043 0.03762 0.1529
0.1343 0.037623 0.17802
0.15828 0.037619 0.17252
0.15701 0.037618 0.18409
0.13675 0.037622 0.20508
0.14267 0.03762 0.22482
0.1598 0.037614 0.20636
0.13575 0.037622 0.23736
0.14572 0.037618 0.25257
0.15166 0.037617 0.23042
0.15928 0.03761 0.25862
0.13815 0.03762 0.26674
0.13738 0.037621 0.2885
0.15647 0.037612 0.26647
0.153 0.037616 0.28518
0.14499 0.037622 0.30225
0.13274 0.037628 0.31313
0.15842 0.037618 0.29638
0.1502 0.03763 0.31937
0.13483 0.037641 0.34131
0.14383 0.037643 0.34792
0.15482 0.037636 0.32977
0.14011 0.037657 0.37211
0.13432 0.037664 0.38093
0.1574 0.037664 0.37467
0.12977 0.037695 0.41933
0.1435 0.0377 0.42264
0.13654 0.037703 0.4384
0.12982 0.037707 0.45245
0.14818 0.037714 0.4409
0.14625 0.037718 0.45086
0.13042 0.037712 0.46823
0.12859 0.037711 0.48523
0.14765 0.037733 0.47049
0.13696 0.037694 0.509
0.13625 0.037686 0.52357
0.15298 0.037721 0.50032
0.13034 0.037685 0.54531
0.13692 0.037676 0.56752
0.14386 0.037685 0.54982
0.15299 0.037703 0.5545
0.13789 0.03767 0.58399
0.13321 0.03767 0.59681
0.15248 0.037681 0.58403
0.15156 0.037675 0.59638
0.1328 0.037665 0.61395
0.13572 0.03766 0.63151
0.15387 0.037669 0.6188
0.14945 0.037666 0.62899
0.13933 0.037652 0.6628
0.1582 0.037664 0.64813
0.14882 0.037656 0.66418
0.13692 0.03765 0.67587
0.14293 0.037645 0.69629
0.14715 0.037649 0.6797
0.14973 0.037644 0.70383
0.13169 0.037648 0.70735
0.14308 0.037639 0.73505
0.15418 0.037646 0.71027
0.14989 0.037638 0.73491
0.14315 0.037637 0.75042
0.13693 0.037635 0.76766
0.15553 0.037638 0.7414
0.15922 0.037632 0.75772
0.13995 0.03763 0.79437
0.15337 0.037631 0.7779
0.1549 0.03763 0.79995
0.14545 0.037631 0.80812
0.14287 0.03763 0.8291
0.16385 0.037628 0.81553
0.15618 0.037627 0.82943
0.141 0.037627 0.84806
0.14758 0.037625 0.86303
0.1607 0.037622 0.84689
0.1608 0.037621 0.8623
0.13754 0.037628 0.87715
0.15752 0.037624 0.88131
0.15592 0.037626 0.89794
0.13562 0.03763 0.90921
0.14064 0.037587 0.92844
0.15799 0.037626 0.91125
0.15558 0.037593 0.92539
0.13685 0.033929 0.95259
0.15934 0.037528 0.94077
0.15899 0.033334 0.96144
0.1715 0.037618 0.044837
0.17844 0.037616 0.061187
0.18775 0.037615 0.045534
0.18677 0.037615 0.055112
0.17126 0.037618 0.076328
0.17504 0.037617 0.092019
0.19036 0.037614 0.077885
0.19007 0.037614 0.093125
0.17038 0.037617 0.10595
0.1746 0.037615 0.12878
0.18475 0.037615 0.1074
0.19172 0.037614 0.11805
0.17319 0.037615 0.14069
0.17998 0.037612 0.15396
0.1881 0.037611 0.14526
0.19248 0.03761 0.15048
0.17971 0.037607 0.19331
0.19135 0.037607 0.17212
0.18682 0.037608 0.18868
0.17593 0.037602 0.2263
0.18823 0.037603 0.20138
0.1875 0.0376 0.21964
0.17371 0.0376 0.23861
0.17602 0.037594 0.25655
0.18811 0.037586 0.24849
0.18955 0.03758 0.26963
0.18504 0.037593 0.28753
0.16713 0.037611 0.29564
0.17343 0.037619 0.31252
0.18719 0.037608 0.30683
0.18947 0.037619 0.32325
0.16554 0.037636 0.33963
0.16816 0.037639 0.34641
0.18291 0.03763 0.3349
0.1858 0.03764 0.34421
0.17371 0.037658 0.36875
0.18375 0.03767 0.37145
0.17992 0.037675 0.38835
0.16721 0.037688 0.42294
0.1874 0.037689 0.40008
0.18681 0.037703 0.41881
0.16652 0.0377 0.43584
0.16689 0.037712 0.4509
0.18206 0.037712 0.43237
0.17483 0.037724 0.45728
0.16253 0.037733 0.48542
0.17564 0.037749 0.4761
0.1782 0.03776 0.48447
0.16127 0.037721 0.50133
0.16103 0.037711 0.52974
0.17962 0.037755 0.50729
0.17724 0.037743 0.52949
0.16136 0.037712 0.54511
0.17344 0.037716 0.56284
0.16922 0.037687 0.58019
0.16044 0.037678 0.59325
0.18129 0.037704 0.58631
0.17622 0.037678 0.59868
0.16967 0.037666 0.61006
0.16418 0.037663 0.63163
0.17721 0.037672 0.60825
0.17773 0.037663 0.62738
0.16493 0.037663 0.65016
0.16707 0.03766 0.6601
0.18961 0.037684 0.65442
0.19035 0.037675 0.66599
0.16752 0.037654 0.67802
0.16675 0.03765 0.69383
0.18006 0.037657 0.67591
0.18341 0.037653 0.69574
0.17335 0.037642 0.7208
0.17025 0.037637 0.7324
0.18337 0.037648 0.70864
0.18445 0.037634 0.7372
0.17701 0.037626 0.75153
0.1702 0.037627 0.75913
0.18583 0.037627 0.75087
0.16983 0.037629 0.79359
0.19031 0.037626 0.77378
0.18992 0.037626 0.79982
0.17522 0.037626 0.80811
0.18849 0.037623 0.81574
0.19021 0.037618 0.83033
0.17988 0.037617 0.84063
0.17083 0.037617 0.85697
0.18897 0.037614 0.84744
0.18709 0.037613 0.85444
0.169 0.03762 0.87598
0.16892 0.037621 0.89219
0.19495 0.037611 0.87079
0.19417 0.037612 0.89015
0.17093 0.037573 0.92908
0.18614 0.037565 0.93007
0.18066 0.033604 0.95357
0.1878 0.037528 0.93847
0.19295 0.033374 0.95607
0.20238 0.037612 0.044286
0.21069 0.03761 0.058474
0.22419 0.037608 0.034973
0.22227 0.037608 0.056249
0.20938 0.03761 0.068586
0.20611 0.03761 0.088354
0.22678 0.037606 0.070713
0.22336 0.037606 0.093088
0.21181 0.037608 0.10042
0.20584 0.037608 0.1264
0.22858 0.037605 0.10096
0.22036 0.037606 0.12094
0.20481 0.037607 0.14156
0.20049 0.037601 0.17299
0.21086 0.037595 0.18913
0.22705 0.037586 0.17196
0.22946 0.037581 0.18296
0.20616 0.037595 0.19979
0.22365 0.037583 0.19967
0.21212 0.037569 0.23755
0.22588 0.037564 0.2325
0.22363 0.037551 0.25592
0.20541 0.03755 0.27201
0.20037 0.037556 0.27997
0.22432 0.037534 0.26653
0.21767 0.037523 0.28393
0.20841 0.037552 0.30406
0.20576 0.037586 0.32361
0.2153 0.037544 0.31228
0.19897 0.03761 0.32939
0.20323 0.037634 0.35183
0.21561 0.037581 0.3286
0.22447 0.037616 0.34512
0.20633 0.037636 0.36149
0.20266 0.037656 0.37907
0.21841 0.037634 0.3598
0.21055 0.037655 0.38557
0.19965 0.037687 0.40353
0.20836 0.037677 0.40025
0.19852 0.03772 0.42686
0.18876 0.037752 0.4539
0.21183 0.037747 0.42813
0.21059 0.037791 0.44673
0.1935 0.03778 0.46598
0.19544 0.0378 0.48719
0.1999 0.037805 0.47401
0.2035 0.037835 0.48753
0.19147 0.037787 0.50931
0.19337 0.037778 0.52309
0.19429 0.037763 0.5405
0.19542 0.037752 0.55512
0.20565 0.037775 0.55599
0.1939 0.03772 0.58605
0.19074 0.03771 0.59849
0.2098 0.037755 0.58387
0.2099 0.03775 0.5909
0.19182 0.037701 0.61111
0.19431 0.037694 0.63625
0.21749 0.037725 0.63635
0.19498 0.037687 0.65271
0.20434 0.037684 0.65923
0.21728 0.037715 0.645
0.20517 0.037665 0.67744
0.19985 0.037651 0.6994
0.21612 0.037669 0.6788
0.21507 0.03765 0.70063
0.19909 0.037641 0.71305
0.19911 0.03763 0.73185
0.21602 0.037636 0.71478
0.21848 0.037625 0.72576
0.20333 0.037621 0.7632
0.2198 0.03762 0.7516
0.20282 0.037624 0.78441
0.20983 0.037619 0.79593
0.22082 0.037619 0.77543
0.20453 0.037614 0.83393
0.22766 0.037613 0.81819
0.22438 0.03761 0.83257
0.20505 0.03761 0.84798
0.20855 0.037607 0.8612
0.22284 0.037609 0.83899
0.22416 0.037603 0.86023
0.20755 0.037606 0.87647
0.21 0.037607 0.89368
0.22044 0.037602 0.87796
0.22534 0.037602 0.89644
0.21409 0.037568 0.92745
0.22516 0.037608 0.91399
0.20207 0.037487 0.94688
0.21356 0.033334 0.96262
0.22177 0.037504 0.94262
0.22215 0.033351 0.95712
0.23479 0.037605 0.034981
0.23845 0.037604 0.061184
0.25223 0.037602 0.042376
0.26045 0.037599 0.055908
0.24017 0.037603 0.067291
0.23646 0.037603 0.083961
0.25633 0.037597 0.075268
0.25966 0.037596 0.084617
0.2462 0.037603 0.11785
0.25608 0.037599 0.1003
0.25162 0.037601 0.1245
0.2358 0.037599 0.14288
0.25507 0.037596 0.13743
0.26099 0.037587 0.15385
0.23616 0.037579 0.17415
0.24635 0.037567 0.18917
0.25366 0.037572 0.17423
0.2596 0.037568 0.18377
0.23979 0.03756 0.20851
0.23359 0.037558 0.22655
0.25644 0.03755 0.20356
0.23344 0.037546 0.24153
0.24061 0.037531 0.24723
0.24428 0.037488 0.27008
0.24373 0.037473 0.28792
0.26695 0.037645 0.2795
0.26284 0.03757 0.29767
0.25656 0.037517 0.3137
0.23234 0.03761 0.34792
0.25155 0.037569 0.33559
0.25636 0.037634 0.35267
0.23528 0.037622 0.35961
0.24722 0.037636 0.36533
0.24233 0.037647 0.37932
0.22537 0.037691 0.39851
0.23438 0.037714 0.41171
0.24485 0.037685 0.39182
0.22798 0.037744 0.42567
0.22372 0.037796 0.44554
0.24433 0.037774 0.42894
0.23763 0.037817 0.44834
0.21636 0.037871 0.47133
0.23097 0.037876 0.46561
0.23557 0.037972 0.48142
0.22578 0.037882 0.50314
0.23016 0.037888 0.53073
0.22156 0.037833 0.54745
0.21805 0.037805 0.56631
0.22789 0.03778 0.59383
0.237 0.037783 0.60132
0.23284 0.037739 0.61323
0.23118 0.0377 0.63958
0.23923 0.037731 0.61764
0.24497 0.0377 0.63526
0.22829 0.037686 0.65402
0.23679 0.037666 0.66431
0.24629 0.037672 0.65616
0.248 0.037672 0.67041
0.23751 0.037664 0.68689
0.25626 0.037665 0.69506
0.23871 0.037625 0.72184
0.25029 0.037638 0.71285
0.2523 0.037619 0.73178
0.23868 0.037615 0.7448
0.23614 0.037612 0.76191
0.25371 0.037614 0.74994
0.26272 0.037609 0.76619
0.23349 0.037617 0.78174
0.24202 0.037611 0.79394
0.25822 0.03761 0.77558
0.24249 0.037608 0.80933
0.26048 0.037602 0.81068
0.25386 0.0376 0.82981
0.24352 0.037601 0.84545
0.23892 0.037598 0.8609
0.23732 0.037596 0.87896
0.23621 0.037594 0.88828
0.25931 0.037588 0.87714
0.24656 0.037596 0.91254
0.23714 0.03756 0.92861
0.2526 0.037591 0.90338
0.26128 0.037546 0.93063
0.24415 0.033334 0.96131
0.25646 0.03753 0.93615
0.27683 0.037593 0.056265
0.29732 0.037587 0.060772
0.27867 0.037589 0.079231
0.27187 0.037593 0.093949
0.29587 0.037586 0.073931
0.27295 0.037593 0.10873
0.29255 0.037587 0.10375
0.28777 0.037586 0.12254
0.27369 0.037585 0.13557
0.27112 0.03758 0.15632
0.29526 0.037576 0.13731
0.29676 0.037572 0.15738
0.2675 0.037572 0.16917
0.27278 0.037565 0.1822
0.28833 0.03755 0.19251
0.27625 0.037519 0.21621
0.2907 0.037541 0.19765
0.28832 0.037492 0.224
0.27427 0.03755 0.2634
0.28854 0.03744 0.23958
0.28928 0.037536 0.26158
0.28469 0.037684 0.271
0.27057 0.037614 0.29805
0.27108 0.037539 0.30798
0.29095 0.037513 0.31188
0.26568 0.037548 0.32962
0.26865 0.037633 0.35293
0.27848 0.037545 0.33567
0.28058 0.037618 0.34828
0.26674 0.03765 0.35903
0.26621 0.037692 0.3786
0.28204 0.037699 0.36953
0.26137 0.037733 0.39861
0.25689 0.037766 0.41331
0.27703 0.037772 0.40335
0.27034 0.037785 0.41811
0.24689 0.037871 0.45298
0.26728 0.03779 0.42598
0.2728 0.03786 0.44422
0.24292 0.037958 0.4672
0.24482 0.038019 0.48481
0.25876 0.038112 0.47945
0.24214 0.037982 0.50755
0.25326 0.037977 0.53308
0.24688 0.037943 0.53922
0.25124 0.037907 0.57147
0.25601 0.037945 0.55056
0.2664 0.037991 0.56211
0.25605 0.037896 0.57834
0.25328 0.0378 0.60614
0.26383 0.037901 0.58124
0.26648 0.037842 0.5946
0.2597 0.037749 0.61709
0.26148 0.037706 0.63588
0.27659 0.0377 0.63198
0.26518 0.037684 0.65381
0.26385 0.03768 0.66962
0.27803 0.037678 0.65368
0.2814 0.037671 0.67053
0.2638 0.037681 0.67794
0.27273 0.03763 0.69862
0.28834 0.037677 0.67961
0.28517 0.037615 0.70528
0.27125 0.0376 0.71905
0.27522 0.037592 0.72666
0.29367 0.037611 0.72987
0.27869 0.037616 0.75315
0.27482 0.037605 0.76947
0.29342 0.037628 0.74577
0.26893 0.037604 0.7772
0.27727 0.03759 0.79476
0.2951 0.037595 0.7813
0.29111 0.03759 0.7986
0.29281 0.037594 0.81542
0.28546 0.037595 0.83055
0.27799 0.037594 0.84784
0.29659 0.037587 0.84508
0.28858 0.037585 0.85997
0.27207 0.037582 0.88131
0.28187 0.037579 0.89348
0.29343 0.037575 0.8805
0.28642 0.037578 0.89448
0.29789 0.037576 0.90994
0.29542 0.037551 0.92626
0.27807 0.037478 0.94635
0.28079 0.033395 0.95541
0.2983 0.037526 0.93596
0.28627 0.033335 0.96024
0.3035 0.037585 0.045291
0.307 0.037584 0.058324
0.33025 0.037576 0.044186
0.33142 0.037577 0.058162
0.30548 0.037583 0.079336
0.30954 0.037584 0.086741
0.32616 0.037579 0.069961
0.32213 0.037581 0.09324
0.3076 0.037582 0.10744
0.3054 0.03758 0.12502
0.33046 0.037577 0.10261
0.32078 0.037578 0.12271
0.30393 0.037571 0.14314
0.30704 0.037573 0.1544
0.32386 0.037568 0.14172
0.32466 0.037571 0.151
0.30495 0.037562 0.17548
0.30772 0.037553 0.19008
0.32491 0.037564 0.1694
0.30826 0.037516 0.22017
0.32892 0.037547 0.20538
0.32739 0.037543 0.21367
0.29849 0.03745 0.24234
0.30459 0.03746 0.25299
0.31419 0.037477 0.25648
0.30098 0.037544 0.26746
0.29326 0.037749 0.285
0.31159 0.037478 0.26506
0.31578 0.037439 0.28008
0.29554 0.037602 0.29897
0.29659 0.037537 0.30872
0.31285 0.037495 0.30272
0.31408 0.037512 0.31028
0.30193 0.037552 0.32668
0.29306 0.037651 0.3504
0.31453 0.037587 0.33434
0.32125 0.037669 0.34943
0.29736 0.037679 0.35544
0.29111 0.037779 0.38369
0.30797 0.037722 0.36457
0.31431 0.037844 0.37859
0.28834 0.037801 0.40202
0.29549 0.037819 0.41102
0.30386 0.037812 0.39864
0.3066 0.037858 0.41466
0.28639 0.037842 0.43141
0.27852 0.03791 0.44892
0.3058 0.037984 0.43048
0.30697 0.038135 0.44049
0.27248 0.03819 0.47593
0.28713 0.038107 0.46206
0.27495 0.038219 0.48611
0.26939 0.03822 0.50009
0.26339 0.038169 0.51874
0.27993 0.038373 0.50133
0.27617 0.038127 0.54013
0.28544 0.038041 0.56643
0.27661 0.037924 0.58308
0.30371 0.037849 0.59975
0.28529 0.037734 0.62333
0.29031 0.03771 0.63655
0.31472 0.037804 0.63356
0.31498 0.037772 0.65977
0.31867 0.037778 0.67359
0.3252 0.037696 0.70337
0.32672 0.037659 0.72164
0.32035 0.037649 0.73313
0.3059 0.037635 0.74236
0.31236 0.037604 0.76149
0.32368 0.037619 0.74896
0.32203 0.037598 0.76633
0.31259 0.037596 0.78102
0.30499 0.037588 0.79439
0.31975 0.037592 0.78518
0.32025 0.037588 0.8013
0.30359 0.037591 0.80756
0.3225 0.03757 0.82799
0.30558 0.03758 0.84226
0.31205 0.037569 0.85948
0.30451 0.037569 0.88281
0.31235 0.037565 0.89051
0.32442 0.037563 0.87188
0.32259 0.037562 0.89686
0.30562 0.037573 0.9132
0.31505 0.037552 0.92916
0.33188 0.03756 0.90599
0.32283 0.037555 0.92292
0.3067 0.037518 0.94553
0.3251 0.037524 0.94275
0.34187 0.037573 0.040633
0.34091 0.037574 0.055608
0.36602 0.037567 0.040756
0.35517 0.03757 0.051339
0.34135 0.037574 0.073247
0.34083 0.037577 0.085529
0.3567 0.037572 0.083387
0.34287 0.037572 0.10403
0.33761 0.037574 0.12125
0.35807 0.037566 0.12024
0.34033 0.037569 0.13793
0.34441 0.037572 0.15016
0.35692 0.037567 0.1397
0.36358 0.03757 0.14809
0.34468 0.037568 0.16782
0.34455 0.037565 0.17864
0.35199 0.037572 0.16347
0.35684 0.037573 0.17826
0.33671 0.03756 0.19836
0.33469 0.037555 0.21876
0.35251 0.037576 0.19724
0.34152 0.037552 0.23149
0.33592 0.037527 0.25492
0.3521 0.03757 0.23357
0.35875 0.037591 0.24879
0.3412 0.037507 0.27084
0.33837 0.037493 0.28074
0.35651 0.037573 0.26719
0.34876 0.037526 0.27571
0.33166 0.037511 0.29453
0.33369 0.037599 0.31726
0.34856 0.03756 0.29458
0.34467 0.037611 0.3176
0.33839 0.037641 0.32473
0.32938 0.037661 0.34362
0.34411 0.037708 0.33438
0.35536 0.038182 0.36157
0.34696 0.03801 0.37554
0.32182 0.037872 0.39752
0.31824 0.037893 0.41536
0.33347 0.037877 0.38922
0.31826 0.038145 0.43124
0.32826 0.038035 0.42635
0.29549 0.03825 0.46216
0.28917 0.038393 0.4876
0.3018 0.038464 0.47886
0.2897 0.03845 0.49945
0.29272 0.038471 0.49981
0.30302 0.038526 0.53205
0.29778 0.03808 0.57178
0.30587 0.0384 0.54793
0.31237 0.038093 0.57007
0.31763 0.037879 0.59378
0.31486 0.037839 0.61122
0.31747 0.037828 0.61907
0.32575 0.037821 0.63665
0.3387 0.03789 0.61781
0.34667 0.037859 0.6336
0.33577 0.037783 0.66011
0.32623 0.037781 0.67396
0.34852 0.037801 0.6558
0.34536 0.037756 0.67093
0.332 0.037694 0.6988
0.34895 0.037719 0.68264
0.35654 0.037655 0.7048
0.33135 0.037672 0.71551
0.33993 0.037629 0.72795
0.35521 0.037646 0.71624
0.34995 0.037616 0.73711
0.33951 0.037613 0.74345
0.34157 0.037591 0.76916
0.35339 0.037593 0.74814
0.35676 0.037588 0.76407
0.35533 0.037596 0.78031
0.35662 0.037572 0.80146
0.34803 0.037563 0.81442
0.33718 0.037562 0.82214
0.35757 0.037554 0.82527
0.34773 0.037563 0.84334
0.34538 0.037557 0.86005
0.36483 0.037555 0.83701
0.36381 0.037549 0.86062
0.33953 0.037559 0.87857
0.34288 0.037554 0.89235
0.35596 0.037548 0.88695
0.34798 0.037554 0.90953
0.34122 0.037526 0.92687
0.35572 0.037551 0.91247
0.35567 0.037523 0.92381
0.34741 0.037482 0.93816
0.33904 0.03334 0.95837
0.36241 0.037477 0.93789
0.35428 0.033334 0.96257
0.37297 0.037565 0.035103
0.38287 0.037565 0.05589
0.39174 0.03756 0.040888
0.3933 0.03757 0.070182
0.39764 0.037573 0.091489
0.37309 0.037563 0.10301
0.38409 0.037551 0.11534
0.39724 0.037556 0.10682
0.39193 0.037553 0.11479
0.37199 0.037563 0.1422
0.37296 0.037577 0.15535
0.39692 0.037559 0.13541
0.37939 0.03758 0.16511
0.3737 0.037583 0.17715
0.3942 0.037603 0.18733
0.3741 0.037595 0.19552
0.37695 0.037597 0.21188
0.38905 0.0376 0.20037
0.38859 0.037602 0.20998
0.37156 0.037591 0.23654
0.36872 0.037605 0.24819
0.39545 0.037624 0.22797
0.39157 0.037649 0.25081
0.36716 0.037611 0.26335
0.36593 0.037611 0.28558
0.39097 0.037658 0.26742
0.37889 0.037663 0.2822
0.37191 0.037659 0.30783
0.38533 0.037709 0.29481
0.38389 0.037723 0.3044
0.36052 0.037674 0.32457
0.36566 0.03802 0.3464
0.35886 0.038251 0.36825
0.37629 0.038197 0.3545
0.35752 0.038087 0.38393
0.3646 0.038175 0.38061
0.35844 0.037973 0.39646
0.33993 0.038146 0.43036
0.33399 0.038362 0.4413
0.35108 0.037983 0.41917
0.33708 0.038358 0.44471
0.31697 0.038737 0.45766
0.31683 0.038607 0.47383
0.30169 0.038746 0.50813
0.31273 0.038471 0.54035
0.30948 0.038827 0.50384
0.31662 0.038458 0.54185
0.32551 0.038223 0.56287
0.32877 0.038069 0.57589
0.3375 0.037994 0.59507
0.34428 0.037935 0.61247
0.35014 0.038044 0.58978
0.36562 0.038099 0.61441
0.35251 0.037876 0.63079
0.35398 0.037863 0.63898
0.36618 0.037923 0.63053
0.3735 0.037917 0.64072
0.35627 0.037794 0.65716
0.36132 0.037734 0.67655
0.38423 0.037867 0.65491
0.38715 0.03779 0.66519
0.36317 0.037685 0.6876
0.37975 0.037744 0.67951
0.38651 0.037702 0.70014
0.38003 0.037623 0.73242
0.39491 0.037672 0.71291
0.38911 0.037618 0.73272
0.37798 0.03758 0.75264
0.36933 0.037582 0.75886
0.38589 0.037588 0.74913
0.38198 0.037571 0.78092
0.37951 0.037557 0.79893
0.38857 0.037578 0.77579
0.37893 0.037555 0.80868
0.37254 0.037549 0.8302
0.37567 0.03755 0.83806
0.37422 0.037542 0.85551
0.38987 0.037542 0.8381
0.39114 0.037537 0.86305
0.37665 0.037547 0.87521
0.37218 0.037543 0.8945
0.39395 0.037534 0.89775
0.37611 0.037542 0.9091
0.38293 0.037506 0.928
0.38945 0.037536 0.9084
0.39652 0.037496 0.93056
0.38005 0.037473 0.94139
0.37409 0.033496 0.95393
0.39302 0.037471 0.9421
0.39913 0.03342 0.95472
0.41662 0.03756 0.036647
0.42214 0.037559 0.04142
0.42365 0.037567 0.064303
0.40786 0.037575 0.080014
0.42916 0.037567 0.073356
0.43636 0.037635 0.095638
0.41959 0.037553 0.106
0.4094 0.037543 0.1157
0.42749 0.037605 0.1048
0.42877 0.037624 0.12148
0.4151 0.037564 0.13908
0.40861 0.037585 0.15536
0.43002 0.037585 0.14462
0.41166 0.037584 0.16397
0.40943 0.037598 0.18449
0.42257 0.037579 0.1695
0.42448 0.037579 0.17619
0.41256 0.037634 0.21906
0.42537 0.037592 0.1993
0.43034 0.037592 0.20624
0.39873 0.037628 0.23326
0.40937 0.03769 0.25038
0.4293 0.037647 0.22406
0.40728 0.037689 0.26521
0.40292 0.037689 0.27392
0.42549 0.037757 0.27645
0.40751 0.03774 0.29468
0.39809 0.037773 0.30704
0.42192 0.037764 0.28402
0.41607 0.037768 0.29969
0.39695 0.037826 0.32465
0.39913 0.037908 0.33798
0.41714 0.03787 0.31718
0.40659 0.037959 0.34067
0.3832 0.038283 0.36417
0.41159 0.038031 0.34679
0.37341 0.03826 0.3774
0.3698 0.037994 0.39766
0.39507 0.038148 0.37554
0.38637 0.037997 0.38869
0.36955 0.037894 0.41768
0.36199 0.037997 0.43441
0.38252 0.037953 0.40069
0.3421 0.038307 0.45203
0.32091 0.038464 0.47323
0.35977 0.037729 0.44749
0.32367 0.038128 0.48469
0.31883 0.038477 0.49422
0.321 0.038568 0.52915
0.32288 0.037857 0.50086
0.33373 0.038066 0.5401
0.3521 0.03799 0.56708
0.37175 0.038002 0.57877
0.37316 0.038302 0.60897
0.40191 0.03819 0.62319
0.38395 0.038079 0.6291
0.39417 0.037937 0.64727
0.40545 0.038096 0.63116
0.39738 0.037839 0.65608
0.40485 0.03775 0.66678
0.41259 0.037814 0.65218
0.42259 0.037705 0.66208
0.39757 0.037728 0.68595
0.40501 0.037684 0.69386
0.42534 0.03772 0.68132
0.42695 0.037645 0.69673
0.41185 0.037637 0.71405
0.40667 0.03761 0.72659
0.42522 0.037587 0.72316
0.40664 0.037571 0.75736
0.42509 0.037564 0.74439
0.41973 0.037571 0.76001
0.41153 0.037559 0.77698
0.40372 0.037544 0.79688
0.42888 0.03754 0.77761
0.432 0.037529 0.79322
0.41599 0.037524 0.81442
0.43299 0.037526 0.80609
0.42052 0.03752 0.8228
0.40649 0.037534 0.83811
0.42563 0.037519 0.85946
0.41423 0.037526 0.87889
0.40977 0.037525 0.89676
0.42906 0.037518 0.87909
0.4238 0.037516 0.88796
0.41142 0.037526 0.9069
0.4096 0.037495 0.92968
0.42869 0.037494 0.92709
0.40431 0.037464 0.94472
0.41986 0.037476 0.93767
0.42939 0.033334 0.96112
0.43973 0.037559 0.041664
0.44554 0.037559 0.062165
0.45825 0.037557 0.045366
0.44046 0.037558 0.07252
0.44234 0.037646 0.094751
0.46489 0.037547 0.082065
0.45875 0.037723 0.10019
0.44326 0.037894 0.11693
0.46124 0.037787 0.10628
0.44903 0.037832 0.12861
0.44135 0.037578 0.14575
0.45522 0.037835 0.12949
0.46369 0.037566 0.14711
0.44808 0.037528 0.15976
0.44435 0.037577 0.18156
0.46171 0.037542 0.16803
0.45935 0.03758 0.18503
0.44693 0.037583 0.19625
0.44124 0.037594 0.2079
0.45419 0.03762 0.21506
0.43752 0.037657 0.22806
0.43347 0.037696 0.24207
0.45149 0.037656 0.22657
0.43562 0.037734 0.25223
0.43504 0.03774 0.26698
0.45665 0.037753 0.26103
0.45979 0.037816 0.2728
0.43233 0.037796 0.28195
0.44703 0.037862 0.29076
0.45359 0.037965 0.30356
0.43048 0.037912 0.31578
0.42655 0.037937 0.33099
0.4498 0.038004 0.3107
0.44442 0.037977 0.32326
0.42642 0.038031 0.3422
0.41769 0.038126 0.36211
0.44982 0.038133 0.33846
0.44161 0.038228 0.35147
0.43394 0.03832 0.36917
0.39146 0.037345 0.40186
0.38736 0.037085 0.42282
0.42129 0.036897 0.38317
0.40597 0.035208 0.40647
0.3692 0.036902 0.44155
0.341 0.036151 0.4698
0.35088 0.034285 0.48289
0.32926 0.036333 0.51155
0.3421 0.037084 0.54148
0.33704 0.035549 0.51929
0.38504 0.035686 0.56296
0.38674 0.036991 0.58554
0.39915 0.037397 0.60048
0.39525 0.036209 0.58838
0.40789 0.036994 0.60064
0.41391 0.0385 0.61206
0.42161 0.038197 0.60769
0.42871 0.038449 0.61979
0.42311 0.038045 0.63678
0.44006 0.038235 0.62599
0.45067 0.037934 0.63756
0.43179 0.037697 0.65509
0.43143 0.037707 0.66521
0.45018 0.037751 0.65501
0.44888 0.03775 0.6634
0.43419 0.03768 0.68382
0.44297 0.037628 0.69737
0.46317 0.037574 0.6948
0.4404 0.037591 0.71252
0.44592 0.037566 0.72846
0.45529 0.037573 0.71014
0.45996 0.037544 0.73004
0.44875 0.037547 0.7392
0.43738 0.037547 0.76018
0.46137 0.037514 0.74346
0.45778 0.037524 0.75996
0.44178 0.037534 0.77464
0.44318 0.037525 0.79598
0.45598 0.037516 0.77776
0.46664 0.037518 0.79623
0.44484 0.037505 0.81916
0.45598 0.037501 0.81279
0.45575 0.037502 0.8222
0.44625 0.037517 0.83557
0.43909 0.037515 0.85919
0.46466 0.037509 0.83569
0.44126 0.037517 0.86934
0.44171 0.037512 0.88955
0.45417 0.037509 0.8797
0.4616 0.037506 0.89326
0.44809 0.037514 0.91304
0.44801 0.037491 0.92524
0.46117 0.037509 0.91362
0.45678 0.037478 0.92962
0.44513 0.037449 0.94677
0.46488 0.037444 0.94302
0.46076 0.033334 0.96315
0.40321 0.038032 0.44196
0.37374 0.038355 0.4651
0.3706 0.038223 0.52414
0.37241 0.036271 0.494
0.48217 0.037547 0.046159
0.4786 0.037551 0.064882
0.49666 0.037541 0.039017
0.48856 0.037548 0.062655
0.47073 0.037548 0.082045
0.47302 0.037601 0.094447
0.49239 0.037546 0.07354
0.49075 0.03755 0.093775
0.47838 0.037605 0.11009
0.47228 0.037712 0.11544
0.48398 0.037549 0.10474
0.49389 0.037548 0.12298
0.47182 0.03768 0.13024
0.49222 0.037582 0.14666
0.4705 0.037559 0.16434
0.47812 0.037583 0.17852
0.48755 0.037592 0.16207
0.47941 0.0376 0.19453
0.47618 0.037621 0.21102
0.49117 0.0376 0.19248
0.49136 0.037614 0.20911
0.47285 0.037675 0.23195
0.47918 0.037691 0.23759
0.48846 0.037666 0.22461
0.4943 0.037681 0.23669
0.46741 0.03776 0.26135
0.48013 0.037778 0.26518
0.4939 0.037756 0.26056
0.49856 0.037829 0.27384
0.47106 0.037911 0.28866
0.474 0.037995 0.29671
0.48594 0.038006 0.29733
0.46623 0.038111 0.31296
0.4697 0.038355 0.32511
0.48587 0.038171 0.3139
0.48881 0.038398 0.32459
0.46677 0.038457 0.33396
0.46956 0.038664 0.34059
0.48878 0.038863 0.34141
0.45418 0.038276 0.36182
0.47682 0.038623 0.34805
0.47792 0.037883 0.35218
0.43606 0.036188 0.38133
0.43125 0.034619 0.39355
0.46338 0.035645 0.36492
0.46305 0.034343 0.37172
0.41812 0.033585 0.42503
0.43542 0.033362 0.48999
0.39435 0.033435 0.51213
0.40157 0.034393 0.57586
0.4461 0.033751 0.59766
0.43748 0.035476 0.60488
0.48076 0.034058 0.5941
0.49384 0.035451 0.60547
0.4386 0.037649 0.61154
0.45546 0.03809 0.61844
0.49011 0.037034 0.61383
0.50189 0.037891 0.62112
0.4603 0.038143 0.6257
0.46504 0.037856 0.64344
0.48254 0.038031 0.62854
0.49774 0.037878 0.63953
0.46293 0.0378 0.64818
0.46613 0.037697 0.66314
0.49923 0.037669 0.64863
0.47466 0.037653 0.67311
0.47321 0.037562 0.69884
0.48559 0.03758 0.67684
0.49299 0.037534 0.6904
0.47872 0.037529 0.71788
0.49327 0.037537 0.70144
0.49485 0.037512 0.72151
0.4791 0.037502 0.73928
0.48057 0.037503 0.75292
0.49612 0.037479 0.74084
0.49766 0.037493 0.75295
0.4823 0.037523 0.76636
0.47327 0.037512 0.78932
0.49387 0.03751 0.79518
0.48109 0.037493 0.82505
0.4959 0.037498 0.80622
0.49373 0.03749 0.82764
0.47909 0.037499 0.8398
0.48114 0.037493 0.85659
0.48794 0.037489 0.85373
0.47793 0.037505 0.87274
0.47522 0.0375 0.88403
0.49568 0.037499 0.87809
0.47094 0.037477 0.92641
0.49247 0.037503 0.90731
0.48761 0.03746 0.92876
0.47742 0.037431 0.94381
0.47735 0.03383 0.95213
0.48861 0.037436 0.93738
0.46151 0.033979 0.42592
0.40785 0.034205 0.48611
0.43283 0.033894 0.50263
0.45481 0.033991 0.55656
0.45762 0.03631 0.38972
0.46688 0.037155 0.38141
0.41015 0.036241 0.44248
0.39521 0.035338 0.46307
0.41128 0.037181 0.42922
0.40025 0.036761 0.4497
0.46519 0.03494 0.41027
0.42023 0.0341 0.45335
0.46493 0.036146 0.38939
0.42866 0.033794 0.48494
0.40754 0.03444 0.5225
0.36474 0.038289 0.51915
0.42135 0.037488 0.5759
0.47683 0.033978 0.54418
0.44757 0.035879 0.58083
0.43723 0.033916 0.52747
0.43591 0.036345 0.58533
0.42544 0.037068 0.58113
0.46857 0.037001 0.38276
0.42622 0.036569 0.42338
0.41045 0.034983 0.46857
0.44203 0.035873 0.4164
0.40217 0.035326 0.47181
0.4485 0.037713 0.39395
0.42265 0.034375 0.4727
0.45455 0.03515 0.4186
0.45077 0.034779 0.45732
0.38716 0.036779 0.53364
0.40421 0.037165 0.55047
0.37878 0.036061 0.48737
0.42228 0.035032 0.54097
0.4199 0.034308 0.49711
0.46673 0.034305 0.55466
0.44658 0.034124 0.4972
0.43526 0.034651 0.55569
0.42663 0.037037 0.58078
0.47542 0.037352 0.5827
0.44155 0.034503 0.44201
0.45511 0.03461 0.51906
0.50838 0.037536 0.045565
0.52657 0.037529 0.047587
0.52556 0.037531 0.057416
0.5073 0.037539 0.07196
0.50719 0.037545 0.088796
0.53083 0.03753 0.067992
0.52466 0.037537 0.088894
0.50203 0.03754 0.10647
0.51229 0.037542 0.1163
0.52853 0.03753 0.10863
0.52363 0.037533 0.11506
0.51601 0.037557 0.1366
0.51413 0.037566 0.14699
0.52034 0.037552 0.13539
0.52262 0.037573 0.15758
0.51224 0.037579 0.16278
0.51745 0.037569 0.1773
0.5317 0.037556 0.17438
0.52157 0.037567 0.17826
0.51748 0.037591 0.20136
0.50463 0.037599 0.20745
0.53127 0.037574 0.198
0.53426 0.037569 0.21014
0.51513 0.037663 0.22998
0.51344 0.0377 0.24297
0.52769 0.037646 0.23249
0.52407 0.037698 0.24597
0.50682 0.037795 0.27168
0.52893 0.03771 0.26085
0.52511 0.037723 0.26732
0.50723 0.037848 0.28336
0.51646 0.0379 0.29857
0.53475 0.037787 0.28482
0.53702 0.037867 0.3012
0.50472 0.03806 0.31151
0.53739 0.037984 0.31543
0.53994 0.038015 0.32246
0.49758 0.038753 0.33967
0.52572 0.038343 0.33086
0.53808 0.038299 0.35134
0.50357 0.038308 0.34559
0.50541 0.037911 0.348
0.53864 0.037786 0.37775
0.52144 0.035723 0.36524
0.51167 0.03452 0.37075
0.53132 0.035858 0.38732
0.50813 0.034449 0.42709
0.48663 0.033419 0.439
0.4979 0.033808 0.44995
0.50601 0.033439 0.47673
0.46697 0.033381 0.51803
0.53106 0.033619 0.58603
0.56362 0.03342 0.55949
0.57654 0.034195 0.58592
0.50646 0.035991 0.61037
0.55324 0.035705 0.59678
0.54819 0.036913 0.60506
0.53348 0.037477 0.61563
0.5088 0.038058 0.63347
0.52736 0.037976 0.62233
0.53578 0.037865 0.63351
0.50966 0.037714 0.64554
0.51617 0.037567 0.65689
0.53188 0.03762 0.65057
0.53573 0.037614 0.65925
0.51087 0.037581 0.67422
0.50479 0.037539 0.68778
0.5242 0.037617 0.67078
0.53508 0.037572 0.68627
0.50419 0.037509 0.71179
0.51044 0.037504 0.72545
0.52133 0.037505 0.72636
0.50915 0.037475 0.73919
0.51028 0.037479 0.75058
0.52827 0.037499 0.73201
0.5215 0.03748 0.752
0.51638 0.037504 0.766
0.50689 0.037501 0.78886
0.52831 0.037493 0.77667
0.53263 0.037498 0.78953
0.5082 0.037492 0.80679
0.51344 0.037478 0.81644
0.52495 0.037481 0.81097
0.52535 0.037482 0.82085
0.51211 0.037487 0.85075
0.53261 0.03749 0.85783
0.5104 0.037502 0.87519
0.5158 0.037497 0.88988
0.53133 0.0375 0.87428
0.53201 0.037495 0.89249
0.50284 0.037499 0.91322
0.52124 0.037502 0.90976
0.50515 0.034035 0.9516
0.5283 0.037377 0.94403
0.5262 0.033341 0.95779
0.46578 0.034068 0.50027
0.50299 0.033821 0.54273
0.48302 0.034564 0.40294
0.48138 0.034001 0.47785
0.51723 0.037344 0.4079
0.4633 0.033917 0.44222
0.51993 0.035265 0.51686
0.48791 0.037149 0.45033
0.53911 0.036597 0.51898
0.50296 0.033821 0.52537
0.5037 0.034956 0.57312
0.54711 0.034215 0.55854
0.53965 0.036819 0.57807
0.56594 0.034493 0.55772
0.5626 0.036115 0.58112
0.58798 0.038189 0.55549
0.58367 0.03841 0.57255
0.5216 0.036512 0.5857
0.51188 0.03695 0.39503
0.51266 0.036046 0.40212
0.45709 0.03395 0.47851
0.4851 0.034929 0.42504
0.47978 0.034793 0.46005
0.48715 0.037408 0.45012
0.51475 0.035555 0.49602
0.49317 0.034947 0.48294
0.52065 0.034295 0.53399
0.52091 0.036182 0.55943
0.48531 0.034581 0.50992
0.51113 0.034919 0.55071
0.58383 0.037727 0.56392
0.57505 0.037114 0.57607
0.54931 0.035679 0.53758
0.46534 0.034443 0.45091
0.47524 0.034513 0.46416
0.49658 0.034608 0.5176
0.54223 0.037525 0.054638
0.56457 0.037515 0.036731
0.56031 0.037518 0.063801
0.54433 0.037527 0.093566
0.55627 0.03752 0.072123
0.557 0.037523 0.089635
0.54462 0.037521 0.1096
0.54926 0.037531 0.12549
0.55438 0.037516 0.10908
0.55459 0.037527 0.12584
0.54544 0.037533 0.1357
0.56535 0.037522 0.13786
0.55831 0.037529 0.149
0.54917 0.03754 0.17248
0.56782 0.037527 0.17132
0.55135 0.037541 0.20236
0.54386 0.037572 0.21733
0.56912 0.037534 0.20107
0.56426 0.037566 0.2235
0.54882 0.037591 0.22915
0.55965 0.03758 0.229
0.57234 0.037634 0.25695
0.55015 0.037658 0.26507
0.57177 0.037634 0.27204
0.57053 0.037646 0.2784
0.54839 0.037814 0.2998
0.57495 0.03767 0.29429
0.56928 0.037711 0.30305
0.55596 0.03791 0.31697
0.55336 0.037984 0.33338
0.5676 0.037765 0.32704
0.56887 0.037752 0.34452
0.54502 0.038128 0.33654
0.54864 0.03808 0.36731
0.56144 0.037863 0.35521
0.53652 0.037961 0.38973
0.53713 0.037648 0.40662
0.53351 0.03746 0.41207
0.51466 0.035201 0.43417
0.53483 0.036882 0.43526
0.5211 0.034101 0.46237
0.54062 0.033975 0.49422
0.58087 0.033906 0.53263
0.60275 0.036281 0.53804
0.60235 0.036887 0.56554
0.59111 0.035952 0.58418
0.56948 0.037383 0.59827
0.59756 0.037002 0.5805
0.6018 0.037569 0.58935
0.57384 0.037805 0.6018
0.59971 0.037842 0.60693
0.58093 0.037991 0.61378
0.56208 0.037797 0.62113
0.54429 0.03782 0.63369
0.5797 0.037783 0.63842
0.55056 0.037757 0.64656
0.54995 0.037672 0.66456
0.57324 0.037757 0.64307
0.54235 0.03764 0.67127
0.55004 0.037591 0.69372
0.56584 0.037649 0.67499
0.55683 0.037598 0.69439
0.53816 0.037541 0.70926
0.54036 0.037527 0.72477
0.56045 0.03759 0.70276
0.54102 0.037499 0.73642
0.55405 0.037484 0.74529
0.56414 0.037493 0.75975
0.53965 0.037496 0.76699
0.54336 0.0375 0.7911
0.56456 0.037483 0.77827
0.5642 0.037506 0.79536
0.5484 0.037508 0.80256
0.54316 0.037488 0.82744
0.55496 0.037505 0.80506
0.55581 0.037488 0.82386
0.5402 0.037484 0.84618
0.55358 0.037486 0.84482
0.56041 0.03749 0.86044
0.54188 0.037491 0.88513
0.55663 0.037492 0.87946
0.56436 0.037493 0.88716
0.54693 0.037496 0.90725
0.53741 0.037443 0.92811
0.5591 0.037498 0.91062
0.55525 0.037449 0.92774
0.54395 0.037392 0.94323
0.54794 0.033335 0.9597
0.56323 0.037409 0.94038
0.55425 0.033678 0.95263
0.5455 0.036368 0.52396
0.56441 0.036531 0.53638
0.57725 0.03751 0.045268
0.58767 0.037507 0.040782
0.5958 0.037506 0.063487
0.57342 0.037513 0.096329
0.59006 0.037506 0.074023
0.59663 0.037505 0.095609
0.57277 0.037508 0.1121
0.57768 0.037516 0.1271
0.59538 0.037502 0.1066
0.58814 0.037505 0.11836
0.58379 0.037513 0.14543
0.60048 0.037504 0.13857
0.59513 0.037514 0.15642
0.58174 0.037512 0.17562
0.57487 0.037524 0.18532
0.59046 0.037504 0.17854
0.60059 0.037499 0.18588
0.57617 0.03755 0.21986
0.59567 0.03752 0.21222
0.58132 0.03758 0.23993
0.58114 0.037622 0.2576
0.60505 0.037539 0.23831
0.59775 0.037593 0.25951
0.58888 0.037638 0.26545
0.59999 0.037734 0.27496
0.60349 0.03792 0.28774
0.58131 0.037638 0.29447
0.58522 0.037647 0.30891
0.60121 0.037758 0.30228
0.59603 0.037635 0.31313
0.57887 0.037662 0.33167
0.59419 0.037539 0.34539
0.59183 0.037519 0.36019
0.5699 0.037669 0.36533
0.55756 0.037456 0.3978
0.57572 0.037495 0.38508
0.54944 0.037149 0.41788
0.54757 0.037159 0.43239
0.57143 0.037471 0.41757
0.54103 0.037361 0.44389
0.53768 0.037435 0.463
0.54343 0.037508 0.45218
0.54329 0.037313 0.46129
0.54862 0.03672 0.48855
0.57376 0.037414 0.50579
0.55048 0.03704 0.47906
0.57655 0.037584 0.50327
0.60564 0.037645 0.53097
0.61383 0.038245 0.54879
0.60281 0.037677 0.52143
0.61835 0.038335 0.55172
0.60997 0.037938 0.56434
0.60393 0.0378 0.59499
0.6194 0.038219 0.56197
0.61545 0.038051 0.58146
0.61095 0.038109 0.60914
0.61737 0.03816 0.60512
0.62046 0.038173 0.62527
0.60208 0.037993 0.63269
0.59494 0.037848 0.63915
0.62076 0.038241 0.64534
0.5861 0.037721 0.64969
0.57942 0.03764 0.66717
0.61921 0.038028 0.65684
0.60152 0.037687 0.66716
0.58335 0.037637 0.67678
0.59397 0.037653 0.67482
0.59157 0.037633 0.68999
0.57223 0.037551 0.72147
0.59172 0.037563 0.72022
0.57307 0.037524 0.73367
0.59714 0.037495 0.7457
0.59233 0.037497 0.76156
0.57118 0.037488 0.7857
0.59163 0.037503 0.7956
0.5786 0.03751 0.7991
0.57696 0.037488 0.81664
0.59019 0.037493 0.8126
0.57783 0.037493 0.84175
0.59656 0.037497 0.84309
0.5733 0.037496 0.86993
0.59611 0.037498 0.89361
0.57348 0.0375 0.90922
0.59239 0.037501 0.90757
0.57365 0.037391 0.94651
0.5768 0.033978 0.95182
0.59093 0.037421 0.94189
0.58563 0.033334 0.96316
0.61121 0.037501 0.045542
0.6136 0.037501 0.062697
0.63138 0.037497 0.042805
0.63333 0.037497 0.054179
0.61705 0.037499 0.076373
0.60541 0.037504 0.088625
0.63373 0.037494 0.080937
0.62879 0.037498 0.087286
0.61293 0.037496 0.11312
0.61163 0.0375 0.12927
0.62441 0.037494 0.10651
0.63078 0.037491 0.12654
0.6059 0.037502 0.13392
0.61741 0.037496 0.16294
0.63072 0.037487 0.13705
0.63152 0.037485 0.15221
0.61052 0.037492 0.17488
0.61762 0.037488 0.1883
0.63043 0.037485 0.17054
0.61683 0.037492 0.21069
0.61127 0.037524 0.22928
0.62597 0.037482 0.21513
0.62644 0.037499 0.22843
0.60968 0.03751 0.25569
0.62501 0.037489 0.24852
0.62633 0.037518 0.26047
0.62255 0.037766 0.28404
0.60899 0.037513 0.31871
0.6187 0.037717 0.30171
0.62158 0.037456 0.34074
0.61474 0.037461 0.34784
0.6102 0.037376 0.37875
0.58693 0.037445 0.38531
0.58095 0.037549 0.4105
0.59902 0.037362 0.386
0.59263 0.037607 0.40976
0.56355 0.037232 0.43997
0.5782 0.037185 0.43755
0.56286 0.037012 0.45198
0.56057 0.036872 0.47472
0.57232 0.036932 0.45832
0.57712 0.036964 0.46209
0.58524 0.037299 0.49635
0.58838 0.037135 0.48191
0.60451 0.037321 0.49929
0.61192 0.037669 0.514
0.62475 0.038337 0.54369
0.62151 0.037607 0.51042
0.63043 0.037999 0.53446
0.632 0.038267 0.5565
0.63249 0.038063 0.57864
0.64133 0.038136 0.55531
0.63925 0.038099 0.5739
0.63245 0.038058 0.5947
0.64306 0.038038 0.6038
0.63238 0.038253 0.63893
0.64725 0.037997 0.63909
0.62706 0.038253 0.65665
0.6162 0.037841 0.66854
0.6356 0.03786 0.67589
0.63655 0.037726 0.68404
0.60826 0.037629 0.70263
0.60627 0.037562 0.7202
0.62788 0.037548 0.72361
0.61062 0.037521 0.73922
0.60537 0.037492 0.75209
0.62501 0.037509 0.74264
0.62485 0.037493 0.75061
0.60929 0.037488 0.77789
0.61062 0.037488 0.78422
0.62593 0.037489 0.77791
0.6283 0.037489 0.78506
0.60327 0.037509 0.8007
0.60625 0.037501 0.82977
0.62848 0.037507 0.80387
0.63234 0.037504 0.82702
0.60689 0.037504 0.83705
0.6024 0.037494 0.85181
0.6249 0.037506 0.84139
0.62263 0.037498 0.85543
0.60961 0.037499 0.86894
0.60454 0.037498 0.88966
0.61873 0.037501 0.87763
0.62861 0.037501 0.88754
0.60728 0.037502 0.90852
0.60809 0.037479 0.92605
0.61967 0.037482 0.92751
0.60989 0.037447 0.94488
0.62174 0.037463 0.93744
0.62782 0.033333 0.96435
0.64049 0.037495 0.047221
0.65527 0.037492 0.038463
0.65732 0.03749 0.064592
0.64792 0.03749 0.08036
0.64192 0.03749 0.097243
0.66502 0.037487 0.074731
0.66791 0.037486 0.086668
0.65745 0.037479 0.1118
0.64995 0.03748 0.16338
0.65989 0.037474 0.14466
0.66121 0.037475 0.16306
0.64555 0.037475 0.17269
0.64698 0.037475 0.19722
0.66013 0.037461 0.18031
0.65668 0.037459 0.18762
0.64658 0.037472 0.20447
0.64373 0.03747 0.22209
0.66546 0.037456 0.2077
0.66409 0.037459 0.22452
0.6386 0.037485 0.24615
0.64165 0.037488 0.2673
0.65358 0.03743 0.27146
0.63158 0.037581 0.28465
0.63027 0.03756 0.2982
0.65914 0.037373 0.28469
0.64732 0.037369 0.29467
0.63525 0.03743 0.31984
0.64608 0.037416 0.34225
0.62701 0.037445 0.34921
0.61939 0.037311 0.38202
0.64523 0.037385 0.35306
0.64035 0.037287 0.37803
0.60616 0.037443 0.4123
0.61718 0.037306 0.40782
0.60418 0.037226 0.43765
0.61855 0.03721 0.42694
0.61772 0.037211 0.43714
0.59464 0.037111 0.45548
0.60625 0.037099 0.46795
0.62077 0.037184 0.4538
0.61399 0.037196 0.48611
0.61761 0.037234 0.49258
0.62635 0.037219 0.48457
0.63847 0.037338 0.49813
0.62947 0.037482 0.50696
0.6407 0.037769 0.52661
0.64801 0.037507 0.51177
0.6629 0.037653 0.52829
0.66346 0.037855 0.55315
0.66728 0.037848 0.57046
0.65944 0.037941 0.58246
0.66603 0.037854 0.60277
0.6806 0.037826 0.60347
0.66128 0.037814 0.6335
0.67723 0.037803 0.61672
0.66799 0.037796 0.63788
0.65393 0.037962 0.65124
0.6746 0.037737 0.65066
0.65113 0.037581 0.69011
0.65671 0.037746 0.67303
0.65781 0.037602 0.68511
0.64386 0.037488 0.7057
0.64101 0.037519 0.72261
0.65755 0.037477 0.71074
0.66707 0.037498 0.72322
0.64668 0.037511 0.73343
0.64111 0.037495 0.75233
0.66025 0.037505 0.74057
0.65693 0.03749 0.75086
0.63665 0.037491 0.77604
0.64607 0.037489 0.7884
0.65479 0.037491 0.77119
0.65487 0.037492 0.79247
0.64582 0.0375 0.8059
0.64248 0.037504 0.82708
0.66236 0.037504 0.8094
0.66412 0.037507 0.82863
0.64407 0.037508 0.83467
0.64362 0.037504 0.85159
0.65399 0.037512 0.83962
0.65946 0.037509 0.86135
0.64759 0.037506 0.87913
0.64748 0.037505 0.88714
0.65429 0.037507 0.88031
0.66268 0.03751 0.89264
0.64366 0.037508 0.90686
0.6362 0.037474 0.9266
0.66235 0.037511 0.90186
0.65864 0.037501 0.91788
0.63506 0.037435 0.94136
0.6407 0.03355 0.95337
0.65593 0.03742 0.93927
0.66388 0.033429 0.95453
0.68232 0.037486 0.045287
0.68446 0.037486 0.052192
0.70084 0.037481 0.04078
0.69216 0.037482 0.059844
0.69973 0.037478 0.072977
0.6982 0.037475 0.093732
0.67234 0.037479 0.10393
0.67274 0.037475 0.12617
0.67619 0.03747 0.1443
0.67828 0.03747 0.16161
0.68147 0.037458 0.17433
0.6939 0.037446 0.17901
0.68057 0.03744 0.21332
0.67125 0.037451 0.22502
0.69502 0.037421 0.22029
0.6866 0.037424 0.23396
0.67406 0.037418 0.24889
0.68467 0.03739 0.25529
0.69017 0.037383 0.26041
0.67 0.037356 0.29914
0.68806 0.037341 0.28899
0.67957 0.03734 0.29778
0.65998 0.03738 0.33699
0.67945 0.037343 0.32583
0.67807 0.037342 0.33277
0.66479 0.037308 0.3523
0.65574 0.037276 0.36692
0.67067 0.037275 0.36133
0.66419 0.03724 0.37576
0.6453 0.037203 0.39072
0.63895 0.03716 0.40282
0.66527 0.037212 0.3934
0.66417 0.03721 0.40283
0.64519 0.03716 0.41928
0.6388 0.037192 0.43934
0.6592 0.037207 0.419
0.66725 0.037221 0.43379
0.64258 0.037192 0.46858
0.66505 0.037214 0.45328
0.6494 0.037253 0.48277
0.66235 0.037318 0.49375
0.67655 0.037295 0.47964
0.68325 0.03739 0.49783
0.66257 0.037529 0.51311
0.6692 0.037636 0.52956
0.68763 0.037532 0.52098
0.67333 0.037677 0.53893
0.6842 0.037709 0.56578
0.69004 0.037585 0.53717
0.70154 0.03764 0.56619
0.68995 0.037786 0.60563
0.70088 0.037666 0.57767
0.71453 0.037688 0.60126
0.69826 0.037722 0.61128
0.7084 0.037682 0.61886
0.7091 0.037652 0.63432
0.68675 0.037676 0.65111
0.68439 0.037649 0.65882
0.70169 0.037654 0.64347
0.70056 0.037609 0.65812
0.67654 0.037532 0.69201
0.69389 0.037528 0.68617
0.68215 0.037521 0.71
0.67291 0.037504 0.72158
0.68863 0.037527 0.70151
0.67831 0.037504 0.74608
0.67151 0.037498 0.76164
0.69434 0.037513 0.73805
0.69804 0.03751 0.7599
0.67469 0.037501 0.77029
0.67678 0.037499 0.78941
0.69258 0.03751 0.76924
0.68663 0.037506 0.79712
0.67243 0.037507 0.80458
0.68586 0.037509 0.80276
0.68784 0.037511 0.82592
0.67986 0.037511 0.84709
0.69363 0.037515 0.83675
0.68667 0.037514 0.86379
0.67972 0.037514 0.86995
0.69013 0.037516 0.86895
0.69058 0.037517 0.89337
0.67822 0.037516 0.90749
0.66896 0.037454 0.92997
0.6888 0.037456 0.92922
0.67981 0.037402 0.94202
0.68113 0.033333 0.96337
0.6949 0.033345 0.95748
0.71057 0.037479 0.03753
0.70955 0.037479 0.05541
0.72609 0.037477 0.04282
0.72865 0.037473 0.061702
0.7122 0.037473 0.077629
0.72953 0.037468 0.077076
0.71238 0.037465 0.1035
0.7088 0.03746 0.1297
0.72725 0.037453 0.11521
0.73094 0.03745 0.13099
0.70638 0.037451 0.16232
0.73283 0.037444 0.151
0.73047 0.037441 0.16384
0.70677 0.037438 0.18142
0.70431 0.037431 0.19933
0.72251 0.037438 0.17327
0.73115 0.037425 0.19237
0.70602 0.037424 0.2071
0.70471 0.037412 0.22692
0.72056 0.037409 0.21559
0.70965 0.037384 0.25466
0.72769 0.037361 0.26149
0.71002 0.037351 0.27876
0.70682 0.037337 0.30028
0.69237 0.037346 0.31767
0.69688 0.037318 0.34047
0.71951 0.037322 0.31779
0.70478 0.037309 0.34141
0.69717 0.037302 0.34718
0.69286 0.037257 0.37059
0.70972 0.037302 0.34726
0.71235 0.037283 0.36905
0.69177 0.037224 0.38914
0.67836 0.037226 0.40085
0.70282 0.037253 0.38103
0.69602 0.037229 0.40379
0.68253 0.037229 0.42208
0.7075 0.03728 0.41133
0.69656 0.037256 0.42869
0.68712 0.037227 0.44231
0.68123 0.037255 0.4656
0.7054 0.037307 0.44714
0.70229 0.037308 0.46205
0.69031 0.03728 0.4732
0.6942 0.037336 0.49081
0.69795 0.037298 0.47095
0.70886 0.037379 0.49204
0.70981 0.037425 0.5076
0.71881 0.037458 0.52067
0.70827 0.03756 0.54604
0.72535 0.037497 0.54438
0.73425 0.037513 0.56568
0.73004 0.037775 0.60349
0.7369 0.037523 0.57988
0.73493 0.037654 0.59216
0.72446 0.0377 0.62879
0.73644 0.037937 0.61039
0.73989 0.037832 0.62716
0.71985 0.037609 0.64721
0.72313 0.037583 0.65382
0.7328 0.037623 0.6411
0.73301 0.037577 0.66106
0.71701 0.037537 0.6815
0.71197 0.037533 0.69025
0.72866 0.037565 0.67303
0.73111 0.037543 0.68749
0.71771 0.037527 0.70973
0.70531 0.037519 0.72259
0.72213 0.03752 0.71905
0.70858 0.037518 0.73928
0.7078 0.037513 0.75375
0.72957 0.037521 0.73741
0.72535 0.037514 0.75638
0.71198 0.037522 0.7736
0.70276 0.037512 0.78982
0.72376 0.037522 0.77284
0.71202 0.037517 0.81318
0.7027 0.037515 0.82497
0.72467 0.03752 0.80193
0.71484 0.037521 0.83486
0.70259 0.037518 0.85774
0.72122 0.037523 0.83523
0.70951 0.037522 0.88011
0.70349 0.037519 0.8848
0.71963 0.037525 0.87147
0.73168 0.037528 0.8952
0.70243 0.037522 0.90818
0.71366 0.037516 0.91768
0.72994 0.037529 0.9049
0.70919 0.033336 0.95964
0.73119 0.037419 0.94005
0.73994 0.037475 0.043861
0.74257 0.037472 0.058158
0.76208 0.037467 0.059529
0.75693 0.03746 0.078717
0.75461 0.037456 0.093174
0.76498 0.03745 0.10725
0.75492 0.037448 0.12116
0.74303 0.037442 0.15036
0.73915 0.037442 0.15634
0.75625 0.037441 0.1381
0.7639 0.037425 0.16232
0.7401 0.03743 0.17621
0.74506 0.037411 0.2002
0.7557 0.037413 0.18329
0.75376 0.037404 0.19849
0.74813 0.037396 0.21226
0.741 0.037377 0.23787
0.75873 0.037375 0.2315
0.73942 0.037361 0.25168
0.76236 0.037363 0.2422
0.74164 0.037332 0.27701
0.72837 0.037324 0.29413
0.75589 0.037329 0.2801
0.7278 0.037316 0.33619
0.74372 0.037315 0.31068
0.74402 0.037314 0.33218
0.72371 0.037309 0.34848
0.72029 0.03729 0.37355
0.7427 0.037297 0.35323
0.7459 0.037293 0.36434
0.7292 0.037266 0.38681
0.72398 0.03727 0.39507
0.74767 0.037288 0.38213
0.73649 0.037269 0.39648
0.72074 0.037284 0.40947
0.71898 0.037301 0.43456
0.74226 0.03729 0.41687
0.71607 0.037314 0.44623
0.71805 0.037333 0.4639
0.73981 0.037299 0.44606
0.74406 0.037311 0.45608
0.72973 0.03732 0.47017
0.72294 0.037365 0.48828
0.74851 0.037344 0.47519
0.74805 0.037355 0.48512
0.74978 0.037393 0.5065
0.74716 0.037419 0.52862
0.73653 0.037468 0.543
0.74059 0.037485 0.56226
0.75235 0.037441 0.53928
0.76239 0.037467 0.55492
0.7507 0.037488 0.58543
0.75521 0.037752 0.6035
0.75853 0.037769 0.60727
0.74539 0.037637 0.64029
0.74547 0.037581 0.65872
0.76221 0.037608 0.64131
0.74847 0.03759 0.67316
0.7452 0.037559 0.69303
0.76524 0.037564 0.68122
0.74824 0.037548 0.71237
0.7447 0.037532 0.73142
0.74406 0.037517 0.74883
0.74095 0.037517 0.75318
0.75921 0.03752 0.75609
0.74575 0.037525 0.77437
0.74456 0.037526 0.79322
0.75443 0.037522 0.76975
0.74875 0.037526 0.81347
0.74815 0.037528 0.83124
0.75639 0.037528 0.80463
0.76213 0.037528 0.82296
0.73874 0.037528 0.85856
0.75649 0.037531 0.84659
0.74365 0.03753 0.86812
0.73965 0.03753 0.89714
0.75628 0.037532 0.87744
0.75566 0.037533 0.89237
0.74647 0.037533 0.90156
0.7619 0.037536 0.90872
0.75453 0.037487 0.92852
0.73691 0.037429 0.93897
0.73867 0.033344 0.95757
0.76342 0.033334 0.96065
0.77349 0.037468 0.044297
0.78181 0.037465 0.053106
0.79617 0.037464 0.04793
0.79903 0.037459 0.064335
0.77713 0.037459 0.069897
0.79116 0.037449 0.092412
0.78173 0.037445 0.11652
0.78072 0.037436 0.13257
0.79238 0.037443 0.11303
0.79599 0.037434 0.12775
0.78162 0.037425 0.14784
0.77879 0.037417 0.16158
0.7885 0.037426 0.14057
0.78953 0.037407 0.16639
0.77853 0.037399 0.18231
0.79777 0.0374 0.17299
0.78608 0.037384 0.20129
0.77698 0.037382 0.21267
0.77888 0.037367 0.23437
0.7929 0.037369 0.21748
0.78816 0.037363 0.23321
0.76944 0.037359 0.24449
0.76687 0.037341 0.27042
0.78739 0.037355 0.24285
0.78654 0.037348 0.2607
0.78726 0.037343 0.28233
0.75851 0.037316 0.3209
0.76359 0.037314 0.33576
0.79068 0.037317 0.30757
0.77646 0.037298 0.32941
0.76291 0.037308 0.35202
0.76049 0.037305 0.36775
0.77425 0.037297 0.34426
0.77227 0.037297 0.36334
0.76232 0.0373 0.38239
0.76568 0.037296 0.3978
0.78108 0.037305 0.38007
0.78108 0.03731 0.39783
0.76354 0.0373 0.41191
0.75956 0.037305 0.42627
0.77217 0.037306 0.40901
0.7772 0.037319 0.43097
0.759 0.037317 0.44604
0.77538 0.037324 0.4481
0.77293 0.037322 0.4524
0.75617 0.037343 0.47178
0.76373 0.037354 0.48673
0.77686 0.037343 0.46982
0.78695 0.037378 0.49096
0.77182 0.03738 0.51066
0.78124 0.037382 0.50706
0.79091 0.037416 0.5278
0.76805 0.037466 0.55858
0.78621 0.037419 0.53334
0.79127 0.037449 0.56059
0.77616 0.037469 0.57866
0.77365 0.037502 0.59012
0.79008 0.037457 0.57644
0.77957 0.037484 0.60332
0.78819 0.037478 0.60457
0.77232 0.037608 0.63618
0.77379 0.037575 0.6569
0.79596 0.037556 0.64284
0.79142 0.037553 0.66364
0.77499 0.037557 0.68159
0.77678 0.037549 0.68987
0.79732 0.037542 0.67993
0.79683 0.03754 0.68515
0.78082 0.037535 0.70938
0.77063 0.037535 0.73061
0.78718 0.037531 0.73193
0.77717 0.037535 0.74042
0.78047 0.037526 0.76296
0.79749 0.037533 0.74057
0.79541 0.037533 0.79349
0.77075 0.03753 0.81466
0.77706 0.037532 0.82961
0.78734 0.037533 0.8052
0.7975 0.037535 0.8297
0.77604 0.037534 0.8522
0.78752 0.037535 0.84116
0.77783 0.037537 0.87643
0.7716 0.037536 0.89465
0.79522 0.037541 0.89151
0.77688 0.037493 0.9307
0.79142 0.037542 0.91258
0.78127 0.037447 0.94762
0.77235 0.033334 0.96301
0.79073 0.037459 0.94107
0.7959 0.033372 0.95598
0.80356 0.037464 0.047197
0.80418 0.037462 0.054786
0.82933 0.037461 0.047377
0.83175 0.03746 0.052786
0.80342 0.037453 0.078514
0.8049 0.037447 0.0944
0.82835 0.037453 0.074247
0.82125 0.037446 0.091493
0.81002 0.037442 0.10711
0.80865 0.037433 0.12558
0.82021 0.037438 0.11015
0.8271 0.037425 0.12801
0.82697 0.037414 0.14372
0.81937 0.037388 0.17902
0.81927 0.03738 0.19119
0.8096 0.037364 0.21237
0.80219 0.037356 0.22812
0.83114 0.037359 0.21861
0.82767 0.037345 0.22867
0.80276 0.037342 0.24354
0.80489 0.037339 0.26326
0.82824 0.037325 0.26222
0.81095 0.037342 0.28592
0.80503 0.037341 0.29511
0.8275 0.03734 0.2818
0.81883 0.037334 0.29801
0.80783 0.037325 0.30781
0.8004 0.037308 0.32427
0.81972 0.037327 0.30857
0.81043 0.037309 0.33288
0.7956 0.037304 0.3487
0.8 0.037305 0.35796
0.81028 0.037306 0.3504
0.7931 0.03731 0.38213
0.79136 0.037316 0.40008
0.81832 0.037303 0.38114
0.79153 0.037324 0.41189
0.79218 0.037335 0.42956
0.81127 0.037315 0.42413
0.79302 0.037341 0.44298
0.80332 0.03733 0.4541
0.81865 0.037326 0.43934
0.79592 0.037363 0.47132
0.79268 0.037384 0.49095
0.79475 0.037399 0.50955
0.80588 0.037388 0.51829
0.81804 0.03738 0.51817
0.80603 0.037437 0.55301
0.81585 0.037418 0.54882
0.80917 0.037471 0.59545
0.82888 0.037454 0.57511
0.82456 0.037463 0.59233
0.81227 0.037473 0.61093
0.81422 0.037493 0.62595
0.82707 0.037468 0.6054
0.82147 0.037481 0.62262
0.80803 0.037547 0.64466
0.80878 0.037546 0.65161
0.82229 0.037497 0.63381
0.81432 0.037535 0.66756
0.80736 0.037538 0.69752
0.82549 0.037527 0.68569
0.80974 0.037536 0.70915
0.82415 0.037529 0.7079
0.8062 0.037534 0.73577
0.80692 0.037533 0.76138
0.83238 0.037532 0.73978
0.83283 0.037533 0.75487
0.80381 0.037533 0.77448
0.80734 0.037535 0.79582
0.83137 0.037535 0.77804
0.82503 0.037535 0.79259
0.81 0.037537 0.80527
0.82439 0.03754 0.82604
0.80404 0.037539 0.84607
0.8105 0.037541 0.85889
0.82935 0.037543 0.84204
0.82888 0.037544 0.86123
0.81439 0.037544 0.8713
0.80387 0.037543 0.89019
0.82598 0.037547 0.88013
0.80556 0.037544 0.90543
0.80458 0.037527 0.92072
0.8184 0.037547 0.90665
0.80459 0.037458 0.93746
0.81231 0.033334 0.96105
0.82699 0.037418 0.94769
0.82063 0.033333 0.96333
0.84247 0.037459 0.045033
0.83936 0.037458 0.05545
0.86148 0.037456 0.045201
0.84522 0.037451 0.080308
0.84867 0.037443 0.092776
0.85215 0.037451 0.075358
0.85388 0.037444 0.091003
0.8554 0.037428 0.11013
0.85463 0.037415 0.13455
0.83936 0.037409 0.14985
0.84619 0.037397 0.16264
0.85863 0.037409 0.14519
0.85256 0.037403 0.15571
0.83722 0.037377 0.18554
0.83984 0.037373 0.1968
0.85668 0.03737 0.18582
0.86511 0.037356 0.20185
0.84916 0.037367 0.21403
0.83769 0.037336 0.23472
0.86086 0.037352 0.21702
0.85494 0.037351 0.23666
0.85046 0.037305 0.24882
0.862 0.037438 0.24937
0.86277 0.037438 0.25778
0.85453 0.037345 0.27539
0.8539 0.037336 0.29573
0.83618 0.037328 0.31634
0.82867 0.037322 0.32608
0.85543 0.037332 0.30771
0.84912 0.037326 0.32061
0.83134 0.03732 0.35537
0.84951 0.037324 0.34249
0.8572 0.037326 0.36064
0.83402 0.037322 0.38036
0.84381 0.037325 0.37837
0.85297 0.037331 0.39034
0.83758 0.037329 0.40944
0.83886 0.037331 0.42198
0.84379 0.03733 0.40423
0.85352 0.037341 0.42869
0.83076 0.037337 0.4403
0.82515 0.037338 0.45504
0.84597 0.037339 0.44404
0.85188 0.037349 0.458
0.82959 0.037355 0.4747
0.83546 0.037364 0.48826
0.83579 0.037382 0.50896
0.84372 0.037397 0.52675
0.8602 0.0374 0.51782
0.84042 0.037412 0.53709
0.84246 0.037429 0.5524
0.85908 0.037417 0.53746
0.85693 0.037427 0.55024
0.84547 0.037444 0.57197
0.83872 0.03747 0.59175
0.85974 0.037441 0.57058
0.85262 0.037453 0.58745
0.84784 0.037477 0.61774
0.85764 0.037462 0.59891
0.85278 0.03748 0.62834
0.84806 0.037496 0.65758
0.86299 0.037485 0.63657
0.85738 0.037496 0.66116
0.84725 0.03751 0.67796
0.83863 0.037519 0.68755
0.85954 0.0375 0.67005
0.86231 0.037511 0.69552
0.83994 0.037522 0.70605
0.8464 0.037525 0.72431
0.85427 0.037512 0.7024
0.85499 0.037522 0.72711
0.84379 0.03753 0.73727
0.84093 0.037534 0.76376
0.85648 0.037531 0.75942
0.83724 0.037537 0.79452
0.86011 0.037534 0.7703
0.86419 0.037538 0.78958
0.84048 0.037541 0.81443
0.86275 0.03754 0.8041
0.85957 0.037543 0.82166
0.84237 0.037544 0.84225
0.85922 0.037545 0.83801
0.86022 0.037548 0.85569
0.84479 0.03755 0.87461
0.8403 0.03755 0.89566
0.85885 0.03755 0.86878
0.84371 0.037546 0.91783
0.86259 0.037554 0.9044
0.85405 0.037539 0.92092
0.84819 0.037493 0.93503
0.84125 0.033335 0.9603
0.86147 0.037503 0.93459
0.8597 0.033333 0.96348
0.86912 0.037455 0.039276
0.87082 0.037453 0.061823
0.88562 0.037454 0.040111
0.88708 0.037453 0.052449
0.88035 0.037448 0.077665
0.88081 0.03744 0.093738
0.89546 0.037447 0.079795
0.8896 0.037445 0.087426
0.88001 0.037428 0.11096
0.88067 0.037416 0.13034
0.88914 0.037422 0.12107
0.87375 0.03741 0.14108
0.88091 0.037392 0.16204
0.89241 0.037404 0.151
0.88745 0.037388 0.16586
0.87542 0.037353 0.19689
0.89137 0.037381 0.17381
0.89497 0.037364 0.19486
0.87135 0.037342 0.21086
0.87712 0.037442 0.2293
0.88853 0.037328 0.21939
0.88465 0.037523 0.23331
0.87334 0.037593 0.24432
0.87177 0.037418 0.2732
0.87137 0.037331 0.28943
0.89204 0.037517 0.26587
0.88615 0.037324 0.29067
0.86538 0.037335 0.31553
0.87515 0.037337 0.32324
0.88292 0.037328 0.30269
0.8813 0.037334 0.31978
0.87126 0.037333 0.34566
0.88819 0.037333 0.33984
0.8932 0.037332 0.35333
0.87049 0.037333 0.38027
0.86235 0.037332 0.38808
0.88626 0.037331 0.37224
0.88917 0.037336 0.39252
0.86476 0.037341 0.40756
0.86717 0.037347 0.41975
0.8902 0.037345 0.41274
0.88533 0.037346 0.41842
0.87462 0.037357 0.44048
0.87932 0.037361 0.45002
0.8753 0.037381 0.47808
0.87384 0.037394 0.49257
0.88097 0.037391 0.49075
0.86449 0.037393 0.50226
0.87327 0.037418 0.52644
0.88472 0.037403 0.50996
0.88684 0.037411 0.52256
0.86976 0.037423 0.53633
0.88666 0.037419 0.53448
0.8914 0.037429 0.54854
0.87618 0.037445 0.5705
0.87463 0.037461 0.59326
0.88885 0.03744 0.57088
0.88628 0.037455 0.59404
0.8739 0.037466 0.6016
0.8799 0.03748 0.62732
0.88614 0.037462 0.60515
0.88596 0.037473 0.62246
0.87846 0.037492 0.64532
0.88771 0.037484 0.643
0.89107 0.03749 0.65532
0.87143 0.037502 0.67178
0.89794 0.037509 0.69448
0.87122 0.037518 0.71035
0.88005 0.037524 0.72769
0.89462 0.037512 0.70096
0.89 0.037519 0.72022
0.8729 0.037527 0.74307
0.87146 0.037532 0.76286
0.88683 0.037525 0.74089
0.89736 0.03753 0.76186
0.87386 0.037536 0.77835
0.87794 0.03754 0.79528
0.88969 0.037536 0.78597
0.87083 0.037543 0.81376
0.87694 0.037545 0.82293
0.88868 0.037541 0.80283
0.87616 0.037547 0.83875
0.88082 0.037551 0.86213
0.894 0.037548 0.8378
0.88575 0.037551 0.85719
0.87391 0.037555 0.88989
0.89144 0.037553 0.86835
0.89442 0.037556 0.88852
0.87925 0.037556 0.90236
0.88047 0.037531 0.92815
0.89246 0.037557 0.90891
0.89601 0.03752 0.92977
0.8715 0.037496 0.94024
0.89745 0.033334 0.96097
0.90466 0.037454 0.037644
0.91157 0.037453 0.054802
0.92187 0.037434 0.038992
0.91459 0.037448 0.076671
0.90322 0.037442 0.092149
0.92812 0.037397 0.096438
0.91076 0.03743 0.11118
0.90877 0.037418 0.13228
0.92045 0.03742 0.10583
0.92288 0.037405 0.12076
0.90472 0.037414 0.13787
0.90685 0.037399 0.16264
0.92124 0.037395 0.14233
0.91176 0.037385 0.19296
0.9265 0.037364 0.17554
0.92872 0.037342 0.20083
0.91211 0.037378 0.21076
0.9077 0.037393 0.22911
0.92466 0.037343 0.21409
0.91439 0.037351 0.23185
0.89865 0.037574 0.25043
0.92243 0.037286 0.24661
0.91551 0.037298 0.25835
0.90191 0.037413 0.26937
0.92798 0.037294 0.28104
0.9272 0.037299 0.29517
0.90743 0.03734 0.32657
0.91977 0.037322 0.30348
0.91861 0.037328 0.32339
0.89919 0.037336 0.33744
0.90193 0.037336 0.36241
0.92582 0.037313 0.33813
0.91527 0.037331 0.35659
0.90057 0.037336 0.37269
0.90547 0.037342 0.39132
0.92067 0.037314 0.39559
0.92054 0.037315 0.40321
0.92681 0.037306 0.4294
0.8996 0.037364 0.4534
0.92295 0.037319 0.43416
0.90273 0.037387 0.47813
0.90016 0.037397 0.49366
0.92347 0.037337 0.47013
0.92077 0.037357 0.48385
0.90727 0.037402 0.50119
0.90858 0.037412 0.52067
0.92519 0.037358 0.51011
0.92258 0.03737 0.51707
0.92113 0.037387 0.53534
0.92333 0.037394 0.55181
0.91244 0.037459 0.59274
0.9231 0.037427 0.57238
0.92717 0.037439 0.59216
0.90819 0.037464 0.60194
0.90329 0.037473 0.61919
0.92039 0.037454 0.603
0.92221 0.037456 0.61544
0.90203 0.037483 0.64054
0.93099 0.037424 0.64421
0.92177 0.037467 0.66008
0.9123 0.0375 0.68504
0.92378 0.037466 0.67813
0.92713 0.037455 0.69308
0.91157 0.03751 0.70213
0.92168 0.037484 0.70622
0.90869 0.037522 0.73862
0.91214 0.037527 0.75807
0.91892 0.037507 0.73464
0.91838 0.03752 0.76326
0.91341 0.037531 0.77042
0.91245 0.037535 0.78706
0.92506 0.037504 0.77461
0.92581 0.037505 0.79436
0.90396 0.037543 0.81458
0.91134 0.037543 0.82107
0.92019 0.037523 0.8019
0.91787 0.037536 0.82497
0.90518 0.037549 0.84438
0.90558 0.037552 0.86118
0.92273 0.037515 0.835
0.91839 0.037543 0.86072
0.91107 0.037555 0.87219
0.91843 0.037546 0.87083
0.92999 0.03751 0.88861
0.90672 0.037558 0.90904
0.90793 0.037517 0.92825
0.91992 0.037543 0.90805
0.92799 0.037479 0.92429
0.90643 0.037478 0.94047
0.91257 0.033337 0.95903
0.91839 0.037464 0.93895
0.92366 0.033335 0.96031
0.93731 0.037378 0.042428
0.93756 0.037375 0.055333
0.95382 0.033536 0.037381
0.95731 0.033348 0.06211
0.93449 0.03738 0.0759
0.95981 0.033336 0.089092
0.9464 0.037332 0.10815
0.95893 0.033337 0.13026
0.94607 0.03731 0.14841
0.9424 0.037319 0.1591
0.95814 0.033341 0.14376
0.95127 0.034473 0.16135
0.93503 0.037341 0.17543
0.94482 0.037294 0.19926
0.95426 0.033437 0.20057
0.93802 0.037298 0.2094
0.93723 0.037272 0.23217
0.96293 0.033334 0.21756
0.96046 0.033334 0.22454
0.9372 0.037261 0.24965
0.94411 0.037255 0.25468
0.9602 0.033334 0.23982
0.95073 0.034119 0.26524
0.94083 0.037262 0.27219
0.93732 0.037273 0.28883
0.95877 0.033337 0.27669
0.93902 0.03727 0.30263
0.93856 0.037282 0.33041
0.95353 0.033471 0.30239
0.96415 0.033333 0.32485
0.94347 0.037282 0.34221
0.94076 0.037286 0.35673
0.95772 0.033341 0.35946
0.93739 0.03728 0.36787
0.94511 0.037241 0.39647
0.9639 0.033333 0.37883
0.95031 0.034644 0.39522
0.94326 0.037248 0.40582
0.96308 0.033333 0.40866
0.95513 0.033378 0.42691
0.93866 0.037287 0.44284
0.94319 0.037281 0.44954
0.95192 0.03377 0.43369
0.95891 0.033336 0.45055
0.93632 0.037292 0.47001
0.96317 0.033333 0.47677
0.95379 0.033449 0.49221
0.94404 0.037285 0.50576
0.93992 0.037306 0.51904
0.95147 0.033978 0.50879
0.959 0.033336 0.52367
0.93446 0.037349 0.55111
0.96409 0.033333 0.53594
0.95765 0.033342 0.5539
0.94186 0.037418 0.59009
0.93882 0.037421 0.6091
0.93912 0.037415 0.61805
0.95919 0.033336 0.62324
0.94291 0.037388 0.63512
0.96096 0.033334 0.63288
0.9634 0.033333 0.6554
0.94767 0.037372 0.67328
0.95963 0.033336 0.67143
0.95883 0.033338 0.69266
0.93975 0.037397 0.71109
0.93878 0.037404 0.72225
0.95366 0.033543 0.7129
0.95437 0.033458 0.71814
0.94273 0.037401 0.7537
0.9551 0.033407 0.74494
0.95937 0.033336 0.75395
0.94043 0.037461 0.77767
0.94047 0.037452 0.79764
0.95732 0.033348 0.78582
0.9389 0.037452 0.80276
0.95371 0.033549 0.81105
0.95876 0.033338 0.82961
0.93734 0.037442 0.84517
0.96486 0.033333 0.85632
0.9421 0.037472 0.88539
0.95922 0.033337 0.86962
0.93714 0.037451 0.92149
0.95603 0.033372 0.90722
0.96451 0.033333 0.92003
0.93807 0.037398 0.93614
0.94174 0.033341 0.95822
0.95906 0.033337 0.94222
0.95395 0.033333 0.9627
