2635
1 1 1
0.034981 0.0376 0.044936
0.041023 0.037601 0.054334
0.062403 0.037603 0.035683
0.058432 0.037603 0.051544
0.046124 0.037605 0.069127
0.043576 0.037613 0.093598
0.059764 0.03761 0.080944
0.056211 0.037615 0.09729
0.038554 0.037619 0.11091
0.041235 0.037625 0.1209
0.063269 0.03762 0.10759
0.062641 0.037643 0.14337
0.040331 0.037667 0.18931
0.058106 0.037662 0.17919
0.060798 0.037676 0.19481
0.036125 0.037676 0.19967
0.040264 0.037699 0.22549
0.053027 0.037682 0.2047
0.056031 0.037695 0.21803
0.047542 0.037708 0.2345
0.042125 0.037729 0.2556
0.052553 0.037715 0.24081
0.06109 0.037734 0.25533
0.046948 0.037742 0.2674
0.046084 0.037761 0.28438
0.055162 0.037756 0.27633
0.062425 0.03777 0.28497
0.061077 0.037795 0.30589
0.056702 0.037809 0.32098
0.044691 0.037823 0.34223
0.061058 0.037835 0.35076
0.045658 0.037842 0.37216
0.04472 0.037851 0.38547
0.059639 0.037848 0.36999
0.05516 0.037863 0.39169
0.044087 0.037868 0.4023
0.037386 0.037885 0.42164
0.05932 0.037879 0.40504
0.053212 0.037886 0.41648
0.041943 0.037899 0.44468
0.057919 0.037907 0.44244
0.057092 0.037913 0.4586
0.041357 0.037909 0.47209
0.043122 0.03791 0.48692
0.051183 0.037912 0.47182
0.056568 0.037916 0.49055
0.038142 0.037901 0.50684
0.037857 0.037893 0.52802
0.053525 0.037906 0.50883
0.057642 0.037904 0.52709
0.044731 0.037891 0.53956
0.042539 0.037884 0.56533
0.059515 0.037903 0.5381
0.058255 0.037895 0.5589
0.036892 0.037881 0.57655
0.035808 0.03787 0.599
0.050651 0.037883 0.57514
0.052525 0.037875 0.59531
0.043138 0.037867 0.60382
0.036125 0.037846 0.63104
0.050591 0.037865 0.60989
0.056368 0.037862 0.6227
0.050707 0.037831 0.65046
0.052635 0.037823 0.66241
0.046935 0.037809 0.67422
0.051784 0.037814 0.67242
0.057227 0.037803 0.69006
0.035935 0.037751 0.73102
0.059113 0.037774 0.71442
0.051176 0.037759 0.72378
0.043239 0.037735 0.74721
0.036976 0.03772 0.76264
0.058372 0.037742 0.74403
0.051598 0.037722 0.76077
0.04066 0.03771 0.77311
0.037165 0.037686 0.79926
0.057683 0.037706 0.78156
0.055826 0.037696 0.79124
0.039669 0.037664 0.82576
0.052542 0.037674 0.81391
0.058099 0.037662 0.83118
0.038 0.037652 0.84268
0.03501 0.03764 0.8614
0.053478 0.037657 0.83707
0.055848 0.037643 0.85939
0.035564 0.037634 0.87112
0.045049 0.037625 0.89238
0.057838 0.037631 0.87849
0.056348 0.037626 0.88862
0.041879 0.037621 0.91186
0.03707 0.034175 0.95618
0.058494 0.037524 0.94471
0.060959 0.034769 0.95416
0.079206 0.037608 0.04534
0.075081 0.037608 0.059811
0.07804 0.037615 0.088557
0.094203 0.037617 0.074103
0.091516 0.03762 0.088485
0.071141 0.037621 0.10669
0.07212 0.037634 0.12961
0.085005 0.037624 0.10913
0.08913 0.037633 0.12262
0.069593 0.037642 0.14052
0.089146 0.037643 0.1368
0.092336 0.037659 0.15822
0.071542 0.037664 0.1763
0.067555 0.037675 0.19122
0.093662 0.037671 0.17595
0.094024 0.037686 0.19116
0.076557 0.037693 0.2061
0.075121 0.037709 0.22298
0.087829 0.037704 0.21109
0.095801 0.037725 0.22662
0.068896 0.037725 0.2441
0.071371 0.037733 0.25047
0.084367 0.037734 0.24456
0.088572 0.037747 0.25266
0.074814 0.037764 0.27321
0.073722 0.037784 0.29052
0.093702 0.037777 0.27304
0.066928 0.037799 0.30715
0.067141 0.037817 0.32617
0.090582 0.037809 0.30542
0.088338 0.037829 0.32656
0.069737 0.037834 0.34519
0.087328 0.037842 0.34092
0.086012 0.037855 0.35583
0.073984 0.037864 0.37885
0.088866 0.037875 0.3721
0.092316 0.037891 0.38379
0.067685 0.03789 0.41024
0.071442 0.037904 0.42346
0.090292 0.037918 0.41232
0.083731 0.037915 0.41895
0.067348 0.037916 0.44548
0.081163 0.037925 0.4374
0.082284 0.037938 0.45637
0.071848 0.037928 0.47425
0.075713 0.037933 0.48476
0.086931 0.03795 0.48007
0.086167 0.037949 0.49093
0.067261 0.037922 0.50252
0.082466 0.037941 0.51957
0.074832 0.03792 0.5363
0.070122 0.037903 0.56441
0.079962 0.037915 0.56215
0.071886 0.037901 0.57055
0.067788 0.037885 0.59903
0.08288 0.037916 0.5709
0.085543 0.037908 0.59457
0.072434 0.037874 0.62871
0.087092 0.037901 0.61218
0.091905 0.037898 0.62162
0.07128 0.037863 0.64171
0.090167 0.037859 0.66494
0.06696 0.037822 0.68119
0.083915 0.037848 0.67379
0.087155 0.037825 0.69331
0.075019 0.037788 0.71095
0.066808 0.037759 0.73171
0.089392 0.037787 0.72355
0.070226 0.037748 0.74429
0.075136 0.037738 0.75655
0.086747 0.037764 0.74053
0.083986 0.037739 0.76135
0.070667 0.037721 0.77238
0.072384 0.037696 0.79811
0.093057 0.037722 0.78402
0.071835 0.037678 0.81499
0.079602 0.037674 0.82247
0.092059 0.037698 0.806
0.089401 0.037674 0.83145
0.074225 0.03766 0.84137
0.074182 0.037647 0.86082
0.089379 0.037649 0.86471
0.076367 0.037632 0.88195
0.08801 0.037642 0.87301
0.08486 0.037631 0.88969
0.071149 0.037625 0.90927
0.076716 0.037601 0.93061
0.088604 0.03763 0.90221
0.071179 0.037575 0.93844
0.085756 0.037591 0.9472
0.11054 0.037616 0.039079
0.10595 0.037617 0.057601
0.12654 0.037625 0.037917
0.122 0.037622 0.052378
0.10273 0.03762 0.06869
0.10708 0.037629 0.094829
0.12411 0.037638 0.096994
0.10545 0.037634 0.11089
0.11347 0.037648 0.1293
0.12496 0.037647 0.1188
0.10724 0.037654 0.14181
0.10222 0.037662 0.15654
0.12609 0.037677 0.15636
0.10709 0.037676 0.17345
0.1057 0.037688 0.18821
0.12683 0.037687 0.16739
0.11788 0.037703 0.19424
0.11166 0.037725 0.21737
0.11668 0.03771 0.20151
0.11547 0.037741 0.22771
0.1044 0.037745 0.23899
0.099245 0.037761 0.25676
0.11903 0.037757 0.23803
0.10459 0.037785 0.27421
0.10403 0.037798 0.2869
0.11788 0.0378 0.27766
0.12554 0.037813 0.28403
0.10419 0.037814 0.30441
0.10448 0.037838 0.3268
0.12454 0.03784 0.30946
0.11337 0.037834 0.31842
0.10135 0.037846 0.33462
0.10215 0.037875 0.3592
0.11219 0.037882 0.35403
0.096629 0.037877 0.36627
0.11257 0.037904 0.37047
0.11794 0.037945 0.39415
0.099562 0.037916 0.39902
0.099059 0.037941 0.42593
0.10928 0.037957 0.42611
0.095358 0.037945 0.4383
0.096172 0.037955 0.45019
0.10968 0.037972 0.44479
0.11128 0.037982 0.45723
0.095489 0.037958 0.47089
0.10322 0.037969 0.48737
0.11227 0.037989 0.47224
0.11759 0.038004 0.48937
0.099714 0.037963 0.50343
0.095456 0.037955 0.52524
0.1146 0.037991 0.52564
0.10111 0.037962 0.53792
0.097084 0.037949 0.5594
0.11655 0.037992 0.54335
0.095469 0.037933 0.58209
0.097584 0.037926 0.59511
0.11378 0.037975 0.57604
0.1154 0.037949 0.60117
0.10513 0.037912 0.61665
0.10536 0.037902 0.6265
0.12117 0.037915 0.63197
0.1028 0.037882 0.64535
0.10261 0.037869 0.65826
0.11522 0.037899 0.6402
0.11276 0.037866 0.66707
0.10188 0.037844 0.6834
0.11829 0.037857 0.68341
0.10539 0.037804 0.72839
0.1233 0.037843 0.70721
0.1251 0.037812 0.73449
0.1001 0.037782 0.73918
0.1042 0.037763 0.75557
0.11841 0.037765 0.76398
0.10589 0.03774 0.77472
0.12633 0.037749 0.77898
0.11645 0.037727 0.79086
0.10816 0.037688 0.82929
0.11662 0.037716 0.80471
0.12016 0.037692 0.83338
0.10956 0.03768 0.83918
0.12524 0.037686 0.84264
0.12521 0.037674 0.85619
0.10822 0.037651 0.87577
0.11198 0.037644 0.89233
0.1282 0.037659 0.88266
0.12186 0.037648 0.89723
0.10309 0.037634 0.90951
0.12126 0.037641 0.91188
0.11977 0.037617 0.92515
0.10479 0.03759 0.93827
0.12952 0.037558 0.94634
0.12803 0.033429 0.96456
0.14172 0.037634 0.039823
0.15708 0.037644 0.035273
0.15868 0.037646 0.053412
0.13431 0.037637 0.076492
0.13948 0.037645 0.095725
0.15235 0.037645 0.072129
0.15655 0.037654 0.090703
0.13901 0.037649 0.1068
0.14052 0.037655 0.11815
0.15102 0.037658 0.11134
0.15523 0.037665 0.11687
0.13373 0.037668 0.13823
0.1344 0.037687 0.1599
0.15869 0.037701 0.15314
0.13269 0.037702 0.17872
0.15621 0.037719 0.1728
0.15475 0.03773 0.1844
0.1346 0.037733 0.20581
0.13989 0.037761 0.22549
0.15691 0.037754 0.20661
0.13293 0.037769 0.23819
0.14211 0.037794 0.25327
0.1484 0.037776 0.23093
0.1549 0.037814 0.25896
0.13452 0.037802 0.26767
0.13328 0.037827 0.28951
0.15199 0.037819 0.26693
0.14816 0.037839 0.28582
0.14017 0.037852 0.30312
0.12834 0.037851 0.31436
0.153 0.037863 0.29688
0.14467 0.037886 0.3202
0.12995 0.037893 0.34265
0.1383 0.037913 0.34908
0.14883 0.037908 0.33055
0.13479 0.037942 0.37355
0.12937 0.037947 0.38258
0.15069 0.037973 0.37577
0.12527 0.037988 0.42123
0.13811 0.038012 0.42449
0.13174 0.038008 0.44029
0.12544 0.038006 0.45423
0.1426 0.038032 0.44278
0.1409 0.038035 0.45268
0.12612 0.038016 0.46987
0.12449 0.038018 0.48667
0.14235 0.038059 0.4722
0.1325 0.038015 0.51023
0.13187 0.038005 0.5246
0.14749 0.038057 0.50184
0.12633 0.037993 0.54596
0.13267 0.037981 0.56794
0.13917 0.038 0.5506
0.14779 0.038023 0.55534
0.13364 0.03797 0.58424
0.12923 0.037959 0.59683
0.14738 0.03799 0.58452
0.14658 0.037979 0.59673
0.12892 0.037942 0.61377
0.13178 0.037927 0.63119
0.14887 0.037966 0.61901
0.14477 0.03795 0.62901
0.13542 0.037897 0.66229
0.15318 0.037942 0.6482
0.14445 0.03791 0.66388
0.13326 0.03788 0.67524
0.13925 0.037863 0.69569
0.14303 0.037887 0.67927
0.14584 0.037862 0.70335
0.12862 0.037846 0.70648
0.13995 0.037818 0.73433
0.15019 0.037861 0.70986
0.14651 0.037822 0.73432
0.14026 0.037798 0.74966
0.13454 0.037771 0.76676
0.15204 0.037821 0.74093
0.15591 0.037802 0.7573
0.13781 0.037741 0.79354
0.15062 0.037772 0.7773
0.1524 0.037751 0.79941
0.1433 0.037734 0.80741
0.14103 0.037711 0.82841
0.16132 0.037744 0.81522
0.15405 0.037721 0.82896
0.13943 0.037689 0.84742
0.14605 0.037682 0.86251
0.15874 0.037704 0.84653
0.15903 0.037693 0.86196
0.13634 0.037668 0.87663
0.15603 0.03768 0.88099
0.1546 0.03767 0.89769
0.13467 0.037651 0.90889
0.13971 0.037613 0.92827
0.15676 0.037665 0.91109
0.15445 0.03763 0.92528
0.13605 0.03559 0.95252
0.15821 0.037574 0.94074
0.15799 0.033552 0.96143
0.17069 0.037652 0.044861
0.1775 0.037659 0.061217
0.18677 0.037663 0.04553
0.18577 0.037664 0.055109
0.17032 0.037658 0.076408
0.17396 0.037668 0.092082
0.18919 0.037673 0.077837
0.18878 0.037681 0.093047
0.16926 0.037672 0.10607
0.1731 0.03769 0.12884
0.1834 0.037686 0.10736
0.19015 0.0377 0.11789
0.17147 0.037698 0.14075
0.17787 0.037714 0.15385
0.18604 0.037715 0.14506
0.19024 0.037726 0.15014
0.17659 0.037754 0.19305
0.18853 0.037744 0.17165
0.18364 0.037757 0.18826
0.17188 0.037788 0.22605
0.1846 0.037772 0.20084
0.18327 0.037792 0.21903
0.16932 0.037803 0.23841
0.17088 0.037828 0.25628
0.18264 0.037834 0.24776
0.18313 0.037856 0.26882
0.17822 0.037877 0.28707
0.16125 0.03787 0.29584
0.16662 0.037904 0.31264
0.17954 0.037911 0.30647
0.18113 0.037936 0.32302
0.15867 0.037927 0.34021
0.16098 0.037937 0.34698
0.17484 0.037939 0.33495
0.17728 0.037956 0.34434
0.16584 0.037966 0.36946
0.17503 0.03798 0.37201
0.17139 0.037984 0.38919
0.15996 0.038006 0.42454
0.17831 0.037996 0.40093
0.17787 0.038011 0.42002
0.15957 0.03802 0.43761
0.16018 0.038035 0.45269
0.17384 0.038029 0.4339
0.16766 0.038048 0.45909
0.15635 0.038067 0.48713
0.16856 0.038079 0.47794
0.17102 0.038091 0.4863
0.15525 0.038055 0.50292
0.15521 0.038043 0.53102
0.17253 0.038086 0.50901
0.17045 0.038079 0.53097
0.15563 0.038041 0.54623
0.16711 0.038051 0.5641
0.16316 0.038013 0.58116
0.15493 0.03799 0.59385
0.17453 0.038042 0.58754
0.16984 0.038004 0.59963
0.16372 0.037981 0.61075
0.15871 0.03796 0.632
0.17081 0.037995 0.60915
0.17145 0.037977 0.62814
0.15959 0.037948 0.65043
0.16175 0.037941 0.66037
0.18281 0.037997 0.65548
0.18366 0.037983 0.66707
0.16238 0.037922 0.67823
0.16191 0.037901 0.69396
0.17418 0.037945 0.67657
0.17773 0.037929 0.69648
0.16875 0.037875 0.72101
0.16603 0.037851 0.73243
0.178 0.037911 0.7093
0.17974 0.037863 0.73765
0.17294 0.037826 0.75166
0.16655 0.037811 0.75902
0.18138 0.03784 0.75128
0.16682 0.037777 0.79345
0.18612 0.037827 0.77427
0.18632 0.037796 0.80026
0.17227 0.037765 0.80809
0.18532 0.037771 0.81604
0.18728 0.037754 0.8306
0.1774 0.037728 0.84063
0.16881 0.037704 0.85678
0.18642 0.03773 0.84762
0.18468 0.03772 0.85454
0.16726 0.037692 0.87579
0.16736 0.037683 0.89205
0.19261 0.037715 0.87104
0.19211 0.037701 0.89033
0.16961 0.037626 0.9291
0.18458 0.037632 0.9302
0.17931 0.035053 0.95361
0.18626 0.037597 0.93858
0.19148 0.034225 0.95612
0.20124 0.037676 0.044256
0.20939 0.037686 0.058369
0.22275 0.037697 0.034962
0.22082 0.037697 0.056107
0.20804 0.037687 0.068444
0.20467 0.037692 0.088128
0.22519 0.037705 0.070439
0.2216 0.037712 0.09265
0.21013 0.037705 0.10006
0.20385 0.037722 0.12596
0.22661 0.037724 0.10039
0.21821 0.037732 0.1203
0.20252 0.037737 0.14103
0.19743 0.037755 0.17224
0.20703 0.037785 0.1878
0.22342 0.03778 0.17039
0.22543 0.037788 0.18105
0.20203 0.037796 0.19848
0.21903 0.037816 0.19762
0.20598 0.037843 0.23538
0.21938 0.037863 0.22955
0.21563 0.037878 0.25292
0.19782 0.037863 0.2703
0.19281 0.03787 0.27873
0.21539 0.037885 0.26344
0.2081 0.037882 0.28201
0.19916 0.037901 0.30305
0.19609 0.037933 0.32293
0.20508 0.037912 0.31118
0.18973 0.037944 0.32898
0.19309 0.037968 0.35154
0.20497 0.037945 0.32772
0.21279 0.037982 0.34414
0.19589 0.037965 0.36116
0.19236 0.03797 0.37916
0.20701 0.037977 0.35898
0.19961 0.037969 0.3855
0.18955 0.037993 0.40417
0.1976 0.037987 0.40058
0.18876 0.038027 0.42809
0.18041 0.038075 0.45568
0.20103 0.038051 0.42925
0.20036 0.038092 0.44827
0.18496 0.038102 0.46794
0.1871 0.038125 0.4892
0.19102 0.038126 0.47599
0.19465 0.038161 0.48964
0.18363 0.038114 0.5112
0.18546 0.038112 0.52497
0.1863 0.038109 0.54238
0.18742 0.038103 0.55704
0.19697 0.038132 0.55831
0.18632 0.038067 0.58774
0.18343 0.03805 0.5999
0.20118 0.038112 0.58638
0.20131 0.038107 0.59345
0.18449 0.038038 0.6125
0.18702 0.038022 0.63763
0.20868 0.038081 0.63921
0.18779 0.038009 0.65408
0.19665 0.038017 0.66112
0.20857 0.038069 0.64776
0.19773 0.037994 0.67929
0.19335 0.037948 0.70089
0.20796 0.038018 0.68122
0.20772 0.037969 0.70285
0.19306 0.037921 0.71439
0.19361 0.037888 0.73303
0.20912 0.037936 0.71695
0.21177 0.037918 0.72799
0.19841 0.037853 0.76437
0.21381 0.037893 0.75372
0.19834 0.037833 0.78544
0.20543 0.037827 0.79717
0.21538 0.037867 0.77737
0.20132 0.037769 0.83466
0.22331 0.03783 0.81991
0.22056 0.037799 0.83397
0.20215 0.037748 0.84862
0.20578 0.037735 0.86183
0.21925 0.037786 0.84026
0.22104 0.037753 0.86128
0.20506 0.037718 0.87697
0.20771 0.037709 0.8941
0.21775 0.037726 0.87872
0.22283 0.03772 0.8971
0.21209 0.037661 0.92773
0.22287 0.037717 0.91448
0.2004 0.037567 0.947
0.21189 0.033493 0.96265
0.21979 0.0376 0.94283
0.22032 0.034015 0.9572
0.23321 0.037707 0.034966
0.23675 0.037714 0.060918
0.25038 0.037725 0.042264
0.25842 0.037736 0.055583
0.23841 0.037718 0.066955
0.23466 0.037719 0.08347
0.25423 0.037736 0.074698
0.25744 0.037744 0.083869
0.24364 0.03776 0.11676
0.25364 0.037755 0.099374
0.24879 0.037772 0.12319
0.2328 0.037772 0.14159
0.25184 0.037785 0.13578
0.2572 0.037802 0.15157
0.23225 0.037786 0.17221
0.24165 0.037808 0.18647
0.24933 0.037801 0.17166
0.25479 0.037821 0.18063
0.23429 0.037837 0.20554
0.22717 0.037865 0.22334
0.25069 0.037846 0.19998
0.22592 0.037883 0.23802
0.23228 0.037905 0.24318
0.23269 0.037926 0.26575
0.23036 0.037935 0.2855
0.24996 0.037957 0.27376
0.24709 0.03795 0.29712
0.2428 0.037949 0.31183
0.22001 0.037968 0.34647
0.23807 0.037942 0.33289
0.24242 0.037947 0.34946
0.2225 0.037958 0.35788
0.23345 0.037945 0.3627
0.22849 0.037942 0.37744
0.21291 0.038003 0.39832
0.22094 0.037999 0.41154
0.23062 0.037963 0.3902
0.21551 0.038035 0.42643
0.21234 0.038081 0.44698
0.23051 0.038021 0.429
0.22524 0.038067 0.44966
0.20618 0.038186 0.4733
0.21941 0.038156 0.46764
0.22388 0.038252 0.48409
0.21521 0.03821 0.506
0.2195 0.038223 0.53449
0.21167 0.038199 0.55057
0.20856 0.03817 0.56907
0.2178 0.038137 0.59751
0.22633 0.038128 0.60548
0.22266 0.038092 0.61711
0.22145 0.038059 0.64325
0.22868 0.038081 0.62187
0.23427 0.038055 0.6398
0.21893 0.038046 0.65741
0.22699 0.038024 0.66827
0.23572 0.038031 0.66085
0.23749 0.038029 0.67522
0.22816 0.038014 0.6908
0.24608 0.038015 0.70043
0.23073 0.037945 0.72553
0.24135 0.037978 0.71754
0.24395 0.037946 0.73633
0.23153 0.037916 0.74821
0.22963 0.037893 0.76495
0.24595 0.037927 0.75429
0.2552 0.037918 0.77094
0.22769 0.037875 0.7843
0.23635 0.037872 0.79672
0.25128 0.037906 0.77974
0.23736 0.037858 0.81182
0.25481 0.037876 0.8141
0.24907 0.037843 0.83229
0.23958 0.037804 0.84728
0.2355 0.037771 0.86234
0.23437 0.037742 0.88008
0.23342 0.037731 0.88924
0.25588 0.037767 0.87891
0.24391 0.037732 0.91332
0.23481 0.03768 0.92907
0.24972 0.03774 0.9044
0.25858 0.037697 0.93133
0.24207 0.033561 0.96138
0.25389 0.037673 0.93667
0.27452 0.037753 0.05584
0.29459 0.037773 0.06013
0.27614 0.037759 0.07835
0.26926 0.037765 0.092876
0.29305 0.037775 0.072994
0.27006 0.03778 0.10733
0.28935 0.037795 0.10215
0.28429 0.037807 0.12048
0.27017 0.037799 0.1335
0.26706 0.037814 0.15362
0.29131 0.037819 0.13467
0.2923 0.037842 0.15387
0.26302 0.03782 0.16618
0.26775 0.037844 0.17842
0.28271 0.037889 0.18743
0.26955 0.037904 0.21014
0.28486 0.037896 0.19221
0.28153 0.037925 0.21629
0.2629 0.03793 0.25208
0.28103 0.037914 0.23001
0.28146 0.037922 0.24823
0.27562 0.037922 0.25604
0.25459 0.03793 0.29807
0.25641 0.037919 0.30695
0.27878 0.037871 0.30851
0.25139 0.037926 0.32639
0.25394 0.037915 0.34892
0.2642 0.037869 0.33128
0.26565 0.037876 0.34353
0.25181 0.037925 0.35507
0.2503 0.037931 0.37501
0.26575 0.037896 0.36445
0.24548 0.037959 0.39617
0.24131 0.037989 0.41192
0.25976 0.037918 0.39984
0.25343 0.037938 0.41605
0.23369 0.0381 0.4545
0.25081 0.03795 0.42461
0.25606 0.037966 0.44459
0.23043 0.038207 0.46959
0.23247 0.038271 0.48795
0.24501 0.038306 0.48297
0.23023 0.038265 0.51138
0.24098 0.038229 0.5383
0.23518 0.038223 0.54407
0.23944 0.038202 0.57677
0.24389 0.038194 0.55613
0.25373 0.038221 0.56847
0.24403 0.038185 0.58385
0.24169 0.038129 0.61121
0.25147 0.038169 0.58727
0.25401 0.038127 0.60073
0.24768 0.03808 0.62257
0.24941 0.038056 0.64156
0.26341 0.038043 0.63916
0.253 0.038046 0.65996
0.25212 0.03804 0.67563
0.26494 0.038048 0.661
0.26852 0.03805 0.67801
0.25226 0.038039 0.68391
0.26169 0.037993 0.70512
0.27527 0.03807 0.68778
0.27365 0.037989 0.71268
0.26134 0.037951 0.72526
0.2654 0.037941 0.73312
0.28285 0.037979 0.73823
0.26986 0.037952 0.75944
0.26696 0.037922 0.77509
0.28347 0.037987 0.75368
0.26165 0.037909 0.78215
0.2704 0.03789 0.79988
0.28697 0.037928 0.78824
0.28395 0.037902 0.80463
0.28639 0.037895 0.82088
0.27987 0.037869 0.83503
0.27323 0.037837 0.85129
0.29138 0.037857 0.84954
0.28406 0.037824 0.86353
0.26855 0.037773 0.88351
0.27842 0.037776 0.8957
0.28959 0.037795 0.88351
0.28293 0.037781 0.89683
0.29455 0.037785 0.912
0.29229 0.037751 0.92767
0.27529 0.037648 0.94691
0.2781 0.034396 0.95573
0.29522 0.037726 0.93706
0.28359 0.033633 0.96044
0.30076 0.037774 0.044995
0.30412 0.03778 0.057685
0.32702 0.037791 0.043856
0.32807 0.037798 0.057401
0.30243 0.037787 0.078179
0.3063 0.037797 0.085353
0.32276 0.037802 0.06888
0.31847 0.037815 0.091533
0.30401 0.037812 0.10552
0.30152 0.037823 0.12259
0.32642 0.03783 0.10053
0.31659 0.037836 0.12008
0.29971 0.037829 0.14009
0.30252 0.037848 0.1508
0.31926 0.037846 0.13834
0.31988 0.037858 0.14718
0.29969 0.037876 0.17091
0.30196 0.037901 0.18451
0.31961 0.037883 0.16475
0.30166 0.037919 0.2124
0.32244 0.037918 0.1982
0.32062 0.037923 0.20594
0.29164 0.037907 0.23247
0.29743 0.037906 0.24213
0.30689 0.037903 0.24611
0.29549 0.037901 0.25469
0.28824 0.037897 0.27705
0.30496 0.037892 0.25383
0.30931 0.037861 0.2701
0.28689 0.037857 0.29546
0.28584 0.037851 0.30428
0.30295 0.037811 0.29486
0.30266 0.0378 0.30202
0.2888 0.037822 0.31997
0.27765 0.037859 0.34437
0.30012 0.03776 0.32566
0.30499 0.037731 0.34026
0.28153 0.037849 0.34896
0.27338 0.037897 0.37829
0.29099 0.037801 0.3571
0.296 0.037831 0.37105
0.27034 0.037892 0.39747
0.27682 0.037847 0.40644
0.28498 0.037816 0.39264
0.28715 0.037802 0.40871
0.26787 0.037885 0.42899
0.26108 0.037975 0.45003
0.28508 0.0378 0.42496
0.28488 0.037808 0.43753
0.25736 0.038293 0.48018
0.2694 0.038108 0.46624
0.26008 0.038308 0.4911
0.25508 0.038364 0.50538
0.24995 0.03837 0.52424
0.26512 0.038442 0.50741
0.26285 0.038282 0.54692
0.27204 0.038219 0.57417
0.26375 0.038165 0.59016
0.28888 0.038031 0.6103
0.2715 0.038059 0.63143
0.27609 0.038064 0.64545
0.2986 0.038044 0.6472
0.29963 0.038078 0.67417
0.30372 0.038109 0.68864
0.3119 0.038095 0.71854
0.31454 0.038064 0.73586
0.30903 0.038052 0.74573
0.2952 0.038014 0.75217
0.30271 0.037984 0.77107
0.31328 0.03802 0.76071
0.31259 0.037992 0.77663
0.304 0.037962 0.78949
0.2972 0.037923 0.80155
0.31128 0.037964 0.79398
0.31263 0.037931 0.80916
0.29651 0.037908 0.81402
0.31611 0.037889 0.83447
0.30009 0.037867 0.84723
0.30714 0.037845 0.86389
0.30056 0.037803 0.88604
0.30846 0.037804 0.89363
0.31982 0.037841 0.87622
0.31871 0.03781 0.89997
0.30227 0.037788 0.91528
0.31178 0.037773 0.93074
0.32812 0.037811 0.90895
0.31944 0.037785 0.92488
0.30362 0.037724 0.94635
0.32187 0.037752 0.94386
0.33843 0.037798 0.040395
0.33741 0.037803 0.054884
0.36212 0.03782 0.040436
0.35146 0.03781 0.050697
0.33757 0.037819 0.071954
0.33689 0.03783 0.083846
0.35237 0.037845 0.081571
0.3385 0.037844 0.10173
0.33306 0.037852 0.1184
0.35295 0.037867 0.11707
0.33544 0.037859 0.13442
0.33925 0.037873 0.146
0.35161 0.037873 0.1358
0.35802 0.037885 0.14367
0.33914 0.03789 0.16282
0.33875 0.037901 0.173
0.34641 0.037891 0.15852
0.35086 0.037909 0.1724
0.33039 0.037921 0.19155
0.32764 0.037936 0.21059
0.34604 0.037931 0.19026
0.33389 0.037926 0.22233
0.32751 0.037897 0.24454
0.34424 0.03793 0.22403
0.35006 0.037915 0.23813
0.3322 0.03783 0.25975
0.32918 0.037809 0.26983
0.34718 0.037854 0.25565
0.33936 0.037803 0.26439
0.32148 0.037803 0.28442
0.3208 0.037757 0.3067
0.33801 0.037766 0.28295
0.33165 0.0377 0.30601
0.32472 0.037725 0.31366
0.31358 0.037704 0.3333
0.32926 0.037694 0.32275
0.33781 0.037877 0.34989
0.32855 0.037734 0.36532
0.30312 0.037742 0.38984
0.29954 0.037746 0.40765
0.31481 0.037675 0.38056
0.29961 0.03776 0.4227
0.31157 0.037678 0.41747
0.2767 0.038145 0.46754
0.27363 0.038378 0.49367
0.28535 0.038349 0.48647
0.27447 0.038443 0.50614
0.27738 0.038443 0.5068
0.28836 0.038487 0.54059
0.28375 0.038206 0.58084
0.29154 0.038382 0.55712
0.29772 0.03809 0.5805
0.30205 0.037939 0.60598
0.29894 0.037997 0.62398
0.30121 0.038001 0.63268
0.30867 0.03802 0.65231
0.32063 0.037929 0.63456
0.32812 0.037939 0.65236
0.3192 0.038023 0.67778
0.31094 0.038096 0.69022
0.33127 0.037979 0.6752
0.32916 0.038012 0.68959
0.31823 0.038074 0.71501
0.33358 0.038016 0.70142
0.34286 0.038028 0.72328
0.31865 0.038074 0.73058
0.32815 0.038018 0.74308
0.34236 0.038024 0.73375
0.33882 0.037994 0.75265
0.32881 0.038002 0.75741
0.33214 0.037981 0.78153
0.34276 0.037968 0.76331
0.347 0.037973 0.77859
0.34641 0.037987 0.79337
0.34888 0.037959 0.81297
0.34087 0.037929 0.82409
0.33035 0.037905 0.83024
0.35092 0.037923 0.83482
0.34185 0.037903 0.85087
0.34016 0.037878 0.86621
0.35873 0.037917 0.84601
0.35868 0.037887 0.86772
0.33503 0.037851 0.88329
0.33874 0.037836 0.89635
0.3517 0.037855 0.89177
0.34425 0.037819 0.91272
0.33775 0.037776 0.92899
0.35204 0.037821 0.91567
0.35214 0.037789 0.92635
0.34405 0.037735 0.93977
0.3359 0.033818 0.95881
0.35903 0.037747 0.93967
0.35118 0.033495 0.96281
0.36899 0.037828 0.035018
0.37868 0.037845 0.05466
0.38764 0.037848 0.040423
0.38859 0.037865 0.067905
0.39207 0.037878 0.087898
0.36789 0.037861 0.099939
0.37803 0.037863 0.11165
0.39092 0.037874 0.10274
0.38548 0.037868 0.1109
0.36631 0.037883 0.13794
0.36714 0.037905 0.15039
0.39033 0.037896 0.1314
0.37331 0.037921 0.15951
0.3675 0.037928 0.17092
0.38786 0.037964 0.17979
0.36749 0.037949 0.18795
0.36982 0.037953 0.20299
0.38238 0.037954 0.19187
0.38164 0.037953 0.20075
0.36336 0.037924 0.22587
0.35993 0.037918 0.23697
0.38803 0.037956 0.21679
0.3829 0.037931 0.23796
0.35773 0.037884 0.25132
0.35557 0.037807 0.27282
0.38165 0.037877 0.25338
0.36879 0.037835 0.26843
0.36001 0.037694 0.29389
0.37478 0.037797 0.27996
0.37264 0.037744 0.28933
0.3471 0.03763 0.31164
0.34985 0.037747 0.33321
0.34112 0.037873 0.35664
0.36001 0.037758 0.34074
0.33906 0.037658 0.37359
0.34643 0.037681 0.36963
0.34077 0.037467 0.38707
0.3262 0.037606 0.42308
0.32268 0.037672 0.43699
0.33488 0.037446 0.41207
0.32695 0.037641 0.44283
0.29931 0.038118 0.46706
0.30122 0.03831 0.48421
0.28638 0.03864 0.51617
0.2982 0.038362 0.54987
0.29427 0.03864 0.5126
0.30215 0.038311 0.55171
0.31062 0.038061 0.57395
0.31325 0.037939 0.58811
0.32039 0.037907 0.60977
0.3259 0.03791 0.62965
0.33283 0.037822 0.60575
0.34604 0.03793 0.63565
0.33376 0.037909 0.6504
0.33547 0.037933 0.659
0.34698 0.037864 0.65259
0.35489 0.037862 0.66489
0.33906 0.037951 0.67766
0.34537 0.037975 0.69733
0.3672 0.03784 0.68181
0.37101 0.037834 0.69241
0.34813 0.037975 0.7083
0.36422 0.037922 0.70438
0.37307 0.03798 0.72493
0.36876 0.038009 0.75299
0.38283 0.037986 0.73789
0.37825 0.038012 0.75473
0.36765 0.037973 0.7708
0.3592 0.037971 0.77534
0.37571 0.037989 0.76874
0.37343 0.037976 0.79656
0.37192 0.037969 0.81251
0.38 0.037984 0.79269
0.37181 0.037968 0.82114
0.36617 0.037927 0.84013
0.36968 0.037919 0.84751
0.36894 0.037892 0.86348
0.38397 0.037924 0.84831
0.38635 0.037894 0.87123
0.37223 0.037881 0.88171
0.36814 0.037854 0.89921
0.39023 0.03786 0.90291
0.37239 0.037839 0.91291
0.37948 0.037801 0.93062
0.38581 0.037848 0.91258
0.39315 0.037804 0.9332
0.37674 0.03776 0.94308
0.37091 0.034824 0.95476
0.38976 0.03777 0.94386
0.39602 0.03453 0.95561
0.41273 0.03787 0.036364
0.41837 0.037874 0.040686
0.41934 0.037877 0.061455
0.4027 0.037876 0.076614
0.42452 0.037877 0.06944
0.42945 0.037888 0.088454
0.41183 0.037892 0.10077
0.40182 0.037888 0.11136
0.41931 0.037895 0.098559
0.41851 0.037918 0.11749
0.40779 0.03792 0.13525
0.40217 0.037938 0.15027
0.42275 0.03794 0.14149
0.40532 0.037942 0.15829
0.40327 0.037965 0.17696
0.41647 0.037946 0.16338
0.41856 0.037952 0.1694
0.40592 0.037969 0.20804
0.4195 0.037952 0.18986
0.42452 0.037943 0.19598
0.39108 0.037945 0.22143
0.40114 0.037955 0.23657
0.42314 0.03797 0.21187
0.39841 0.037901 0.25024
0.39358 0.03786 0.25863
0.41716 0.037889 0.25929
0.39765 0.037785 0.27788
0.38713 0.037738 0.29051
0.41317 0.037856 0.26662
0.40658 0.03776 0.28184
0.38486 0.037642 0.30789
0.38601 0.037568 0.32091
0.40702 0.037691 0.29832
0.39385 0.037563 0.32267
0.3666 0.037696 0.35037
0.39888 0.037545 0.3282
0.35566 0.037691 0.36557
0.35259 0.037362 0.38808
0.37844 0.037441 0.36157
0.36923 0.037278 0.37747
0.35366 0.037164 0.41046
0.34789 0.037276 0.42948
0.36623 0.037187 0.39106
0.33158 0.037622 0.45376
0.3059 0.038134 0.48433
0.3472 0.037041 0.4464
0.30935 0.037823 0.49478
0.30412 0.038211 0.50391
0.30663 0.038324 0.53888
0.30858 0.037573 0.51063
0.31953 0.037711 0.55099
0.33682 0.037583 0.58133
0.35471 0.037475 0.59761
0.35344 0.037984 0.63165
0.38366 0.037682 0.65392
0.36488 0.037827 0.65551
0.37699 0.037775 0.67654
0.38769 0.037647 0.66318
0.38131 0.037746 0.68584
0.38987 0.037727 0.69762
0.39743 0.03759 0.68566
0.40944 0.037563 0.69691
0.38368 0.037891 0.71407
0.39218 0.037892 0.7226
0.41357 0.037782 0.71496
0.41639 0.037834 0.72873
0.40089 0.03793 0.74167
0.39623 0.037964 0.75189
0.41622 0.037904 0.75149
0.39789 0.037963 0.77865
0.417 0.037933 0.76945
0.41195 0.037961 0.78256
0.40397 0.037965 0.79635
0.39682 0.037961 0.81306
0.42221 0.03795 0.79841
0.42616 0.037945 0.8122
0.41027 0.037942 0.82973
0.42772 0.037947 0.82342
0.41519 0.037941 0.83752
0.40081 0.037939 0.84972
0.42156 0.037917 0.86946
0.41061 0.037881 0.88661
0.40628 0.037867 0.90267
0.42568 0.03788 0.88725
0.42047 0.037872 0.89514
0.40806 0.037863 0.91196
0.40639 0.037816 0.93262
0.42583 0.037833 0.93063
0.40113 0.03777 0.9464
0.41689 0.037799 0.9401
0.42673 0.033564 0.96161
0.43646 0.037879 0.040751
0.44234 0.037879 0.058828
0.45609 0.037885 0.043925
0.43635 0.037876 0.068106
0.43666 0.037886 0.08675
0.46406 0.03788 0.075965
0.45756 0.037895 0.09033
0.43257 0.037925 0.11216
0.46152 0.037906 0.096573
0.44321 0.037938 0.12979
0.43485 0.037947 0.14389
0.45223 0.037941 0.13146
0.46182 0.037961 0.14468
0.4433 0.037952 0.15584
0.43943 0.037968 0.17421
0.45858 0.037958 0.16192
0.45549 0.037978 0.17677
0.4421 0.037957 0.18688
0.43588 0.037945 0.19723
0.4495 0.037964 0.20316
0.43156 0.037972 0.21514
0.42671 0.037972 0.22779
0.44647 0.037976 0.21334
0.42854 0.03798 0.23679
0.42749 0.037921 0.24996
0.45105 0.037961 0.24327
0.45426 0.037961 0.25346
0.42418 0.037891 0.26384
0.4401 0.037887 0.27063
0.44756 0.037881 0.28161
0.42165 0.037721 0.29543
0.41678 0.037593 0.31052
0.44338 0.037839 0.28849
0.43733 0.037679 0.30075
0.416 0.03756 0.32139
0.4039 0.03746 0.34297
0.44422 0.037647 0.31409
0.43404 0.037583 0.32703
0.42072 0.037341 0.3462
0.37601 0.036606 0.39226
0.37373 0.036312 0.41569
0.40369 0.036216 0.36755
0.39265 0.034802 0.39607
0.35555 0.036271 0.43841
0.32905 0.035785 0.4774
0.33855 0.034135 0.49087
0.31538 0.036088 0.52144
0.32835 0.036724 0.55316
0.32373 0.035326 0.52982
0.37154 0.035237 0.58191
0.36867 0.036486 0.60805
0.37953 0.036783 0.62781
0.37619 0.035764 0.61216
0.38833 0.036256 0.63121
0.39616 0.037534 0.64738
0.40765 0.037033 0.64639
0.41677 0.03748 0.65932
0.40899 0.037489 0.67353
0.43122 0.037452 0.66506
0.44206 0.03741 0.6776
0.41993 0.037457 0.69209
0.41959 0.037585 0.70106
0.4412 0.037514 0.69419
0.43967 0.03761 0.70164
0.42349 0.037766 0.71816
0.43419 0.03781 0.73055
0.45722 0.03773 0.72968
0.43211 0.037847 0.74337
0.43907 0.037888 0.75748
0.4486 0.037807 0.74229
0.4544 0.037862 0.75967
0.44243 0.037898 0.76674
0.43066 0.037944 0.784
0.45618 0.037869 0.77109
0.45262 0.037927 0.78505
0.43573 0.037951 0.79656
0.43803 0.037946 0.81509
0.451 0.03794 0.7999
0.46283 0.037941 0.81618
0.44051 0.037933 0.83517
0.45202 0.037927 0.83001
0.45202 0.037934 0.83816
0.44245 0.037954 0.84953
0.4355 0.03792 0.86965
0.46172 0.037944 0.85009
0.43796 0.037901 0.8788
0.43875 0.037873 0.89695
0.45141 0.03788 0.88843
0.45915 0.037877 0.90068
0.44556 0.037871 0.91831
0.44555 0.037844 0.92934
0.45888 0.037873 0.91899
0.45453 0.037834 0.93338
0.4427 0.037788 0.94873
0.46293 0.037799 0.94543
0.45879 0.03347 0.96351
0.39097 0.036752 0.43391
0.36088 0.037338 0.46895
0.36048 0.037274 0.538
0.36174 0.035656 0.50587
0.48102 0.037893 0.044837
0.47778 0.037891 0.061559
0.49592 0.03789 0.038486
0.48789 0.037893 0.059757
0.47039 0.037884 0.076391
0.47382 0.037897 0.087461
0.49205 0.037894 0.069776
0.49117 0.037904 0.088342
0.48096 0.037915 0.1037
0.47622 0.037924 0.10963
0.48555 0.03791 0.098428
0.4953 0.037937 0.11718
0.4741 0.037945 0.12758
0.49169 0.037965 0.14017
0.46849 0.037967 0.15807
0.47563 0.037986 0.16984
0.48605 0.037978 0.15446
0.4765 0.037997 0.18367
0.47282 0.03799 0.19838
0.4888 0.038005 0.18119
0.48875 0.037994 0.19583
0.4691 0.037998 0.21686
0.4757 0.038002 0.22146
0.48559 0.038022 0.20958
0.49173 0.038006 0.21988
0.46273 0.037976 0.24298
0.47651 0.037986 0.24564
0.49141 0.038 0.24099
0.49665 0.038009 0.25251
0.4665 0.037964 0.26702
0.47011 0.037994 0.27401
0.48353 0.038015 0.27374
0.46209 0.037932 0.28916
0.46692 0.038023 0.30011
0.4844 0.038006 0.28852
0.48851 0.0381 0.29822
0.46461 0.038005 0.30855
0.46844 0.038105 0.31465
0.49004 0.038306 0.31406
0.45316 0.037332 0.33484
0.47721 0.037947 0.32168
0.47902 0.037238 0.32592
0.42108 0.035437 0.36332
0.41812 0.034272 0.38172
0.46749 0.035189 0.33864
0.46941 0.034115 0.3462
0.41272 0.03352 0.41256
0.45733 0.033352 0.4972
0.39031 0.033408 0.52701
0.38562 0.034167 0.59526
0.44472 0.033636 0.63094
0.43281 0.034927 0.64336
0.48016 0.03386 0.62603
0.49057 0.034923 0.63763
0.43198 0.036682 0.65056
0.44873 0.037222 0.65709
0.48439 0.036303 0.64973
0.49445 0.036931 0.65875
0.45308 0.037398 0.66538
0.45771 0.037442 0.68416
0.47627 0.037384 0.66913
0.49382 0.037362 0.68242
0.45545 0.037463 0.68859
0.45937 0.037551 0.70241
0.49728 0.037363 0.69096
0.46959 0.037611 0.71139
0.46861 0.037735 0.73354
0.48208 0.037571 0.71484
0.49054 0.037652 0.72699
0.47466 0.037792 0.75028
0.4907 0.037723 0.73642
0.49254 0.03779 0.75366
0.47542 0.03784 0.76832
0.47714 0.037878 0.78009
0.49402 0.03782 0.76994
0.49568 0.037871 0.78039
0.47914 0.037936 0.79151
0.46976 0.037935 0.81051
0.49206 0.03793 0.81604
0.47872 0.037918 0.84114
0.4944 0.037917 0.8254
0.49201 0.037916 0.84368
0.4768 0.037931 0.85397
0.47908 0.037908 0.86871
0.48609 0.037907 0.86628
0.47589 0.037896 0.88291
0.47312 0.037881 0.8928
0.49434 0.037885 0.88775
0.46899 0.037842 0.93053
0.4911 0.037878 0.91364
0.48615 0.037832 0.93266
0.47578 0.037794 0.94614
0.47576 0.035473 0.95362
0.48721 0.037804 0.94039
0.47312 0.033763 0.41849
0.41011 0.033917 0.50421
0.45169 0.033704 0.51252
0.46421 0.033749 0.5741
0.46622 0.035328 0.37298
0.47626 0.036134 0.35944
0.40357 0.035375 0.43116
0.38124 0.034814 0.46529
0.40348 0.036174 0.41768
0.38651 0.035824 0.44599
0.47437 0.034392 0.39853
0.43259 0.033837 0.44916
0.47418 0.035273 0.37096
0.44977 0.03364 0.49265
0.40846 0.034112 0.53698
0.3541 0.0374 0.53219
0.41276 0.03627 0.59047
0.4949 0.03375 0.55657
0.4492 0.03506 0.60371
0.45009 0.033708 0.54041
0.43689 0.035406 0.60808
0.41814 0.035925 0.59598
0.47837 0.036014 0.36111
0.42384 0.035672 0.41268
0.41171 0.034416 0.47321
0.4449 0.035072 0.40966
0.39077 0.034721 0.47809
0.4504 0.036152 0.38356
0.44224 0.034023 0.47747
0.4622 0.03455 0.41062
0.47431 0.034281 0.45542
0.37943 0.035967 0.54918
0.39659 0.036158 0.56671
0.36762 0.035453 0.49835
0.42436 0.03449 0.55569
0.43506 0.033986 0.51118
0.47894 0.033955 0.57193
0.47057 0.033849 0.5031
0.43844 0.034194 0.57194
0.4202 0.035898 0.59596
0.47815 0.036101 0.61098
0.45674 0.034107 0.43875
0.47729 0.034158 0.52772
0.50777 0.037887 0.044517
0.52602 0.037882 0.04646
0.52507 0.037887 0.05551
0.50704 0.037895 0.068679
0.50722 0.037905 0.084234
0.53045 0.037889 0.065266
0.52452 0.037904 0.084616
0.50257 0.037911 0.10066
0.51281 0.037918 0.11028
0.52854 0.037901 0.103
0.52382 0.037908 0.10905
0.51581 0.037947 0.12949
0.5135 0.037963 0.13909
0.52013 0.037943 0.12821
0.5217 0.037982 0.14835
0.51113 0.037981 0.15353
0.51616 0.037978 0.16635
0.5307 0.03797 0.1632
0.52034 0.037978 0.16704
0.516 0.037989 0.18763
0.50264 0.037985 0.19368
0.53024 0.037979 0.18404
0.53342 0.037957 0.19466
0.51357 0.03802 0.21295
0.51189 0.038021 0.22456
0.52669 0.038002 0.21461
0.52303 0.038019 0.22677
0.50554 0.037998 0.25034
0.52853 0.037995 0.23964
0.52485 0.037975 0.24556
0.5063 0.037983 0.26076
0.51785 0.03795 0.27375
0.53646 0.037981 0.26049
0.54105 0.037983 0.27474
0.50566 0.037963 0.28559
0.54341 0.038013 0.28718
0.5475 0.038022 0.29319
0.4998 0.038256 0.31167
0.5324 0.038161 0.30141
0.55278 0.038125 0.31693
0.50762 0.037801 0.31659
0.51013 0.037424 0.31861
0.56723 0.037394 0.33769
0.53471 0.035502 0.33
0.52397 0.03436 0.33681
0.5612 0.035436 0.34427
0.55061 0.034162 0.4124
0.51787 0.033392 0.43529
0.53941 0.033678 0.44165
0.55147 0.033409 0.46984
0.49281 0.033364 0.52424
0.5383 0.033538 0.60892
0.58779 0.033394 0.55991
0.60955 0.034018 0.61432
0.50524 0.035282 0.63997
0.55591 0.035137 0.63207
0.55482 0.036224 0.64394
0.5439 0.036782 0.65246
0.50783 0.03728 0.67797
0.53956 0.03719 0.661
0.54571 0.037395 0.67532
0.51026 0.037337 0.68944
0.51848 0.037423 0.69948
0.5382 0.037421 0.69249
0.54176 0.037529 0.69979
0.51139 0.037577 0.71389
0.50394 0.037646 0.72508
0.52758 0.037606 0.71063
0.53945 0.037705 0.72348
0.50278 0.037744 0.74524
0.50969 0.037795 0.75689
0.52154 0.037803 0.75758
0.50813 0.037812 0.76855
0.50925 0.037851 0.77842
0.5289 0.037824 0.76229
0.52128 0.03786 0.77954
0.51581 0.037925 0.79158
0.50591 0.037922 0.81081
0.5287 0.037918 0.80003
0.53339 0.037912 0.81085
0.50749 0.037909 0.82609
0.51299 0.037898 0.8344
0.52524 0.037894 0.82952
0.52558 0.037902 0.83804
0.51131 0.037912 0.86366
0.53287 0.0379 0.8696
0.50954 0.037884 0.8851
0.51513 0.03787 0.89812
0.53118 0.037883 0.88416
0.5318 0.037871 0.90029
0.50181 0.037873 0.91893
0.52074 0.037872 0.91586
0.50421 0.035706 0.9532
0.52802 0.037735 0.9464
0.52587 0.033842 0.95873
0.4955 0.03381 0.5025
0.52662 0.033653 0.55008
0.49533 0.034165 0.38487
0.51945 0.033784 0.47467
0.54785 0.036275 0.3903
0.48525 0.033717 0.43763
0.56023 0.034641 0.51449
0.52541 0.03607 0.44611
0.58306 0.035618 0.51387
0.53461 0.033657 0.52732
0.51317 0.0344 0.59167
0.56934 0.033933 0.56329
0.54929 0.035761 0.59575
0.5919 0.034145 0.55658
0.57584 0.035323 0.59234
0.62811 0.036868 0.54779
0.60212 0.036948 0.58231
0.52977 0.035548 0.60812
0.52227 0.036113 0.36467
0.52725 0.03535 0.37616
0.4865 0.033729 0.47852
0.50201 0.034361 0.41474
0.51506 0.034345 0.45619
0.52425 0.036252 0.44614
0.56113 0.034874 0.49035
0.53637 0.034441 0.479
0.55216 0.033967 0.53613
0.53919 0.035203 0.57095
0.5188 0.034163 0.51053
0.53244 0.034373 0.55991
0.61372 0.036416 0.55844
0.59293 0.036089 0.58638
0.5853 0.034958 0.53528
0.49331 0.034071 0.44714
0.50894 0.034135 0.46056
0.53031 0.034183 0.51857
0.54171 0.03788 0.052981
0.564 0.037866 0.036473
0.55979 0.037875 0.061476
0.54405 0.037893 0.088984
0.55581 0.037881 0.069164
0.55662 0.037888 0.085349
0.54442 0.037887 0.1039
0.54902 0.037903 0.11865
0.55409 0.037881 0.10338
0.55432 0.037901 0.11892
0.54509 0.037925 0.12819
0.56509 0.037917 0.12986
0.558 0.037944 0.13993
0.54869 0.037961 0.1609
0.56792 0.03795 0.15956
0.55107 0.037945 0.18699
0.54342 0.037955 0.20062
0.56952 0.03795 0.18558
0.56468 0.037954 0.20517
0.54874 0.037959 0.2108
0.56002 0.037957 0.21012
0.57474 0.037988 0.23357
0.55144 0.037961 0.24194
0.57447 0.037971 0.24666
0.57361 0.037967 0.25285
0.55316 0.037984 0.27284
0.57975 0.037961 0.26822
0.57632 0.037933 0.27652
0.56482 0.038017 0.28825
0.56605 0.037996 0.30224
0.58068 0.037859 0.29744
0.58831 0.037739 0.31237
0.55693 0.038077 0.30463
0.57493 0.037876 0.33061
0.58408 0.037763 0.32133
0.57592 0.037218 0.34945
0.59267 0.036943 0.37996
0.58822 0.036688 0.39111
0.56049 0.034788 0.41733
0.59238 0.036267 0.41019
0.56639 0.033877 0.44558
0.5961 0.033802 0.48415
0.62798 0.033763 0.52685
0.65352 0.035615 0.53721
0.65352 0.036032 0.57113
0.62845 0.035652 0.62037
0.59113 0.036558 0.64367
0.63875 0.036371 0.61217
0.64056 0.037125 0.62127
0.59855 0.037082 0.64648
0.63024 0.037578 0.64173
0.60397 0.037617 0.65508
0.57555 0.037513 0.66375
0.55434 0.037474 0.67477
0.595 0.037693 0.67696
0.55956 0.03757 0.68716
0.55733 0.037664 0.70334
0.5861 0.037661 0.6826
0.54837 0.037666 0.70996
0.55549 0.037804 0.72922
0.57434 0.037753 0.71126
0.56293 0.03782 0.72916
0.54114 0.037797 0.74288
0.5425 0.03784 0.75607
0.56628 0.037849 0.73599
0.54274 0.037848 0.76575
0.55685 0.03786 0.77262
0.56754 0.0379 0.78412
0.54082 0.037922 0.79151
0.5448 0.037909 0.81177
0.56763 0.037896 0.79955
0.56685 0.037904 0.81442
0.55004 0.037908 0.82148
0.5443 0.037907 0.84324
0.55693 0.037904 0.82332
0.55757 0.037897 0.83966
0.54104 0.037911 0.85948
0.55497 0.037906 0.85803
0.56166 0.037887 0.87156
0.542 0.037872 0.89368
0.55728 0.037874 0.88847
0.56522 0.037867 0.8951
0.54716 0.037871 0.91334
0.53736 0.037808 0.93206
0.55966 0.037865 0.91615
0.55565 0.037809 0.93152
0.54405 0.037745 0.94557
0.54808 0.033652 0.96039
0.56376 0.037756 0.94285
0.55454 0.035182 0.95399
0.58842 0.035458 0.51891
0.60433 0.035635 0.53182
0.57666 0.037857 0.044375
0.58705 0.037851 0.040228
0.59523 0.037851 0.061237
0.57299 0.037877 0.091498
0.58955 0.03786 0.070966
0.59621 0.037863 0.090839
0.57238 0.037873 0.10605
0.57741 0.037892 0.11979
0.59501 0.037865 0.10096
0.58781 0.037873 0.11171
0.58387 0.037918 0.13635
0.60065 0.037894 0.13017
0.59567 0.037928 0.14605
0.5823 0.037937 0.16318
0.57536 0.037949 0.17179
0.59133 0.037927 0.16571
0.60198 0.037924 0.172
0.57741 0.037953 0.2016
0.59813 0.037938 0.19483
0.58359 0.037965 0.21819
0.58401 0.037987 0.23353
0.60935 0.03794 0.21694
0.60142 0.037952 0.23432
0.59162 0.037981 0.23984
0.60229 0.03794 0.24688
0.60705 0.037905 0.26217
0.58587 0.037948 0.26843
0.59465 0.037848 0.28275
0.61048 0.037833 0.28003
0.60816 0.037784 0.28818
0.59524 0.037755 0.30195
0.61836 0.03759 0.31475
0.62197 0.037504 0.32784
0.59895 0.037546 0.33081
0.60553 0.037159 0.36368
0.61581 0.037312 0.34999
0.606 0.036733 0.39029
0.60681 0.036642 0.40543
0.62621 0.037157 0.38746
0.60193 0.036658 0.41745
0.60166 0.036389 0.44022
0.60725 0.036713 0.42607
0.60905 0.036448 0.43769
0.60929 0.035896 0.47585
0.6291 0.036506 0.49638
0.61462 0.036235 0.46313
0.63276 0.036688 0.49362
0.65755 0.036786 0.52973
0.66351 0.037262 0.55281
0.65614 0.036877 0.51792
0.66771 0.03748 0.55707
0.66038 0.037078 0.57227
0.64051 0.037429 0.62691
0.66807 0.037531 0.57067
0.65993 0.037488 0.60272
0.64221 0.037888 0.64036
0.65051 0.037909 0.63359
0.64449 0.038191 0.65562
0.62227 0.037955 0.66705
0.61254 0.037818 0.67465
0.63868 0.038385 0.67596
0.60022 0.037707 0.68636
0.5904 0.037736 0.70273
0.63475 0.038211 0.6873
0.6147 0.03785 0.69978
0.59369 0.037789 0.71095
0.60569 0.037831 0.70777
0.60145 0.037887 0.72168
0.57783 0.037874 0.75115
0.59907 0.037904 0.74799
0.57814 0.037882 0.76141
0.60367 0.037884 0.7693
0.5979 0.037902 0.78356
0.57445 0.037891 0.80555
0.59553 0.037899 0.81313
0.58177 0.0379 0.81694
0.57967 0.037881 0.83242
0.59342 0.037886 0.82814
0.58018 0.037883 0.85462
0.59952 0.037869 0.85493
0.57476 0.037874 0.87969
0.59792 0.03785 0.90024
0.57442 0.037856 0.91466
0.59383 0.037847 0.91292
0.57433 0.03773 0.94834
0.57747 0.035628 0.95316
0.59189 0.037752 0.94406
0.58635 0.033469 0.96347
0.61058 0.037836 0.044625
0.61303 0.037838 0.06049
0.63078 0.037819 0.042094
0.63274 0.037819 0.052613
0.61656 0.037838 0.073129
0.60497 0.037855 0.08442
0.63328 0.037823 0.077385
0.62837 0.037833 0.083246
0.61267 0.03786 0.10695
0.6117 0.037877 0.12168
0.62414 0.03785 0.10097
0.63096 0.037863 0.11915
0.60603 0.037884 0.12593
0.61876 0.037901 0.15173
0.63138 0.037866 0.12867
0.6329 0.03787 0.14222
0.61201 0.037908 0.16233
0.61988 0.03791 0.17398
0.63252 0.037883 0.15855
0.62037 0.037913 0.19337
0.61566 0.037934 0.20928
0.6303 0.037901 0.19759
0.63196 0.037911 0.20912
0.61577 0.037896 0.23083
0.63314 0.037877 0.2261
0.63701 0.037865 0.23599
0.64165 0.037831 0.25887
0.62786 0.037693 0.29501
0.63855 0.037777 0.28193
0.64972 0.037611 0.3129
0.64379 0.03757 0.31867
0.64912 0.037406 0.34731
0.62781 0.037326 0.3515
0.6325 0.037328 0.37895
0.64048 0.037317 0.35332
0.64291 0.037457 0.37888
0.62482 0.036789 0.41329
0.63829 0.036864 0.41089
0.62674 0.036541 0.42706
0.6252 0.036282 0.4562
0.63617 0.036508 0.43556
0.64071 0.036545 0.44095
0.64311 0.036609 0.48581
0.64874 0.036624 0.46802
0.66078 0.0368 0.49123
0.66609 0.037066 0.50992
0.67457 0.037589 0.54755
0.67529 0.037169 0.50618
0.68076 0.03749 0.5363
0.67908 0.037743 0.56398
0.67456 0.037743 0.5948
0.68744 0.037787 0.56296
0.6823 0.037828 0.58734
0.66806 0.037879 0.61633
0.67404 0.038017 0.62549
0.65191 0.038458 0.66743
0.66633 0.038258 0.66484
0.64296 0.038495 0.68572
0.63008 0.038069 0.69864
0.64942 0.03821 0.70188
0.64955 0.038092 0.70929
0.61821 0.037987 0.73062
0.6146 0.03793 0.74629
0.63719 0.037931 0.74635
0.61808 0.037918 0.76234
0.61198 0.037893 0.77414
0.63296 0.037905 0.76367
0.63233 0.037894 0.7708
0.61487 0.0379 0.79648
0.61591 0.037898 0.80197
0.63204 0.037898 0.7951
0.63416 0.037894 0.80127
0.6074 0.037908 0.81697
0.60966 0.037878 0.84242
0.63354 0.037907 0.81811
0.63651 0.037879 0.83854
0.61014 0.037872 0.84895
0.60527 0.037858 0.86247
0.62832 0.037864 0.85199
0.62567 0.037849 0.86487
0.61215 0.037853 0.87773
0.60659 0.037847 0.89657
0.6212 0.037845 0.88531
0.63106 0.037832 0.89402
0.60901 0.037841 0.91366
0.60956 0.037808 0.9296
0.62131 0.037802 0.93083
0.61114 0.037763 0.94678
0.62329 0.037776 0.9399
0.62918 0.033434 0.96454
0.63994 0.037811 0.046178
0.65481 0.037796 0.03809
0.65687 0.037797 0.062342
0.64747 0.037809 0.076887
0.64166 0.037829 0.092532
0.66459 0.037793 0.07183
0.66753 0.037799 0.082883
0.65766 0.037834 0.10588
0.65217 0.037853 0.15225
0.66151 0.037836 0.13557
0.66366 0.03784 0.15222
0.64807 0.037863 0.16058
0.65076 0.037884 0.18248
0.66325 0.037849 0.1678
0.66006 0.037857 0.17423
0.6509 0.037884 0.18894
0.64929 0.037889 0.20441
0.67052 0.037855 0.19248
0.67063 0.037858 0.20753
0.64753 0.037873 0.22519
0.65579 0.03785 0.24414
0.66893 0.037825 0.24917
0.65235 0.037811 0.26059
0.65319 0.037783 0.27621
0.6775 0.037767 0.26276
0.66858 0.037751 0.2721
0.66008 0.037681 0.2958
0.67647 0.037647 0.31633
0.65792 0.037602 0.32092
0.65958 0.037379 0.35188
0.67773 0.037595 0.3265
0.67884 0.037442 0.35068
0.65628 0.037351 0.38335
0.66512 0.037299 0.37962
0.66122 0.037061 0.4134
0.67133 0.037164 0.40206
0.67266 0.037132 0.41414
0.65606 0.036814 0.43495
0.66579 0.036818 0.4522
0.67771 0.037046 0.43554
0.67087 0.036878 0.47588
0.67339 0.03691 0.4841
0.68171 0.037022 0.47505
0.69108 0.037197 0.49218
0.68262 0.037183 0.50239
0.6905 0.037496 0.52684
0.6982 0.037402 0.50893
0.70903 0.037644 0.52878
0.706 0.037823 0.55937
0.70588 0.037914 0.58067
0.69608 0.037986 0.59637
0.6941 0.038075 0.6202
0.70591 0.03811 0.61961
0.68082 0.038088 0.65604
0.69922 0.038107 0.63524
0.68614 0.038103 0.65924
0.67102 0.038284 0.67572
0.69069 0.038094 0.67136
0.66386 0.037972 0.71276
0.67131 0.038123 0.69594
0.67112 0.037989 0.70718
0.65506 0.037886 0.72784
0.65062 0.037907 0.74359
0.66848 0.037878 0.73096
0.67678 0.037905 0.74161
0.65546 0.037899 0.75289
0.64875 0.037892 0.77063
0.66872 0.037907 0.75817
0.6648 0.03789 0.76785
0.64302 0.037898 0.79247
0.652 0.037888 0.80279
0.66157 0.037893 0.78656
0.66071 0.037886 0.80589
0.65101 0.037896 0.81873
0.64674 0.037877 0.83811
0.66756 0.037884 0.82086
0.6685 0.037866 0.83842
0.648 0.03787 0.84498
0.64698 0.03785 0.86045
0.65779 0.037864 0.84903
0.66271 0.037834 0.86871
0.65032 0.037823 0.88565
0.65008 0.037818 0.89305
0.65704 0.037817 0.88651
0.66528 0.037805 0.89767
0.64588 0.037815 0.9114
0.63808 0.037782 0.92974
0.66481 0.037802 0.90629
0.66082 0.03779 0.92127
0.63677 0.037738 0.94335
0.64231 0.034931 0.95439
0.65781 0.037706 0.9412
0.66564 0.034534 0.95534
0.68194 0.03776 0.044539
0.68408 0.037758 0.051016
0.70048 0.037741 0.040322
0.69186 0.037757 0.058202
0.69959 0.03776 0.070477
0.69844 0.037779 0.089683
0.67254 0.037815 0.09882
0.67369 0.037833 0.11895
0.67804 0.037821 0.13547
0.68091 0.037821 0.15129
0.68469 0.037824 0.163
0.69753 0.037816 0.16773
0.68624 0.037828 0.19814
0.67791 0.037844 0.20834
0.70136 0.037811 0.20518
0.69455 0.037821 0.2172
0.68449 0.037827 0.23034
0.69612 0.037808 0.23679
0.7025 0.037804 0.24185
0.69082 0.037714 0.27756
0.70654 0.037742 0.26887
0.69987 0.037716 0.2767
0.6896 0.037671 0.31289
0.70632 0.037685 0.30364
0.70641 0.037677 0.31029
0.69698 0.037583 0.32815
0.69111 0.037498 0.34167
0.70421 0.037552 0.33785
0.70106 0.037479 0.35175
0.6868 0.037354 0.36489
0.68372 0.03727 0.3771
0.70565 0.037433 0.37074
0.70636 0.037417 0.38082
0.69293 0.037275 0.39652
0.69066 0.037228 0.41928
0.70493 0.037377 0.39824
0.71356 0.037388 0.41664
0.69553 0.037171 0.45668
0.71309 0.037337 0.43967
0.70114 0.037262 0.47437
0.71146 0.037401 0.48803
0.72328 0.037481 0.47192
0.72838 0.0376 0.49318
0.71046 0.037558 0.51087
0.71414 0.037688 0.53028
0.73048 0.03774 0.52014
0.71632 0.037754 0.54156
0.72045 0.037908 0.57369
0.73005 0.037806 0.5391
0.734 0.037956 0.57284
0.71342 0.038108 0.62073
0.73107 0.037992 0.58654
0.73496 0.038075 0.61231
0.71895 0.038086 0.62624
0.72518 0.038086 0.63432
0.72352 0.038066 0.65138
0.70192 0.038056 0.67032
0.69913 0.038035 0.6783
0.71621 0.038053 0.66103
0.7142 0.038021 0.67585
0.68864 0.037934 0.71132
0.70588 0.037939 0.70382
0.69265 0.037935 0.72772
0.68266 0.037915 0.73953
0.69955 0.037942 0.71901
0.68641 0.037914 0.76161
0.67885 0.037899 0.77651
0.70269 0.037918 0.7527
0.70536 0.037896 0.7727
0.6816 0.037898 0.78415
0.68281 0.037882 0.80147
0.69953 0.037893 0.78182
0.69228 0.037875 0.80803
0.67779 0.037881 0.8158
0.69125 0.037874 0.81331
0.69231 0.037854 0.8347
0.68354 0.037841 0.85466
0.69768 0.037842 0.84453
0.68991 0.037815 0.86992
0.68279 0.037811 0.87592
0.69324 0.037806 0.87466
0.6932 0.037785 0.89757
0.68061 0.037788 0.91114
0.67104 0.037728 0.93236
0.6909 0.03771 0.93138
0.68173 0.037661 0.94352
0.68282 0.033461 0.96357
0.69665 0.033905 0.95799
0.71025 0.037732 0.037275
0.70927 0.037737 0.054064
0.72583 0.037718 0.042255
0.72851 0.037723 0.06002
0.71216 0.03775 0.07486
0.72955 0.037731 0.074422
0.71301 0.037764 0.098952
0.71035 0.037782 0.12303
0.72836 0.037751 0.10993
0.7327 0.037757 0.12459
0.70935 0.037801 0.15292
0.73545 0.037766 0.14325
0.73366 0.037775 0.15513
0.71066 0.037809 0.17041
0.70923 0.037816 0.18652
0.72611 0.037789 0.16359
0.73579 0.037782 0.18166
0.71148 0.037812 0.19367
0.71178 0.037808 0.21169
0.72666 0.037793 0.20239
0.72059 0.037795 0.23762
0.7392 0.037786 0.24566
0.72537 0.037773 0.26057
0.72653 0.03775 0.28121
0.71687 0.037715 0.29685
0.72536 0.037673 0.32001
0.74245 0.037736 0.29972
0.73275 0.037677 0.32183
0.7266 0.037652 0.32682
0.72628 0.037586 0.35041
0.73806 0.037676 0.32832
0.74342 0.037649 0.3512
0.72844 0.037537 0.37007
0.71853 0.037484 0.38087
0.73681 0.037595 0.3627
0.73417 0.037534 0.38651
0.72521 0.037461 0.40533
0.74489 0.037605 0.39607
0.73755 0.037526 0.41456
0.73048 0.037453 0.42907
0.72667 0.037454 0.45571
0.7459 0.037608 0.43625
0.74389 0.037598 0.45283
0.73429 0.037523 0.46491
0.73764 0.037602 0.48524
0.74053 0.037572 0.46266
0.74961 0.03771 0.48704
0.74948 0.037754 0.50481
0.75563 0.037826 0.52024
0.74342 0.03789 0.54912
0.75762 0.037904 0.54701
0.7614 0.037954 0.56971
0.74723 0.038026 0.61103
0.76125 0.037976 0.58367
0.75635 0.038004 0.59655
0.73701 0.038052 0.64618
0.75095 0.038045 0.61983
0.75252 0.038055 0.64572
0.73261 0.038035 0.66399
0.73532 0.038016 0.67041
0.74451 0.038037 0.65845
0.74436 0.038019 0.67688
0.72823 0.037971 0.69725
0.72285 0.037963 0.70593
0.73976 0.038001 0.68848
0.74136 0.037976 0.70199
0.72715 0.037951 0.72392
0.71436 0.03793 0.7371
0.73089 0.037934 0.73234
0.71655 0.037915 0.75245
0.71518 0.037895 0.76608
0.73713 0.03791 0.74901
0.73224 0.037885 0.76719
0.71843 0.037884 0.78444
0.70863 0.037871 0.80024
0.73003 0.037879 0.78281
0.71675 0.037849 0.82163
0.70714 0.037845 0.83312
0.72968 0.03785 0.81014
0.71888 0.03783 0.84183
0.70599 0.037813 0.8637
0.72521 0.037822 0.84178
0.71228 0.037782 0.88457
0.70623 0.037781 0.88917
0.72259 0.037785 0.87603
0.73413 0.037754 0.89822
0.70482 0.03777 0.9113
0.71587 0.037748 0.92011
0.73226 0.037751 0.90756
0.7109 0.033664 0.96
0.73308 0.037623 0.94118
0.73976 0.037707 0.043248
0.74248 0.037708 0.056721
0.76213 0.037691 0.058113
0.75716 0.037704 0.076117
0.75514 0.037714 0.089627
0.766 0.037711 0.10299
0.75633 0.037732 0.11582
0.74551 0.037754 0.14289
0.7419 0.037762 0.14839
0.75818 0.037735 0.13173
0.76657 0.037733 0.15486
0.74377 0.037764 0.16706
0.75001 0.03776 0.18984
0.75943 0.037744 0.17435
0.75846 0.037749 0.1886
0.75391 0.037756 0.20131
0.74924 0.037773 0.2245
0.76604 0.037755 0.21977
0.74925 0.037778 0.23744
0.7705 0.037757 0.23019
0.75509 0.037778 0.26182
0.74567 0.037769 0.27736
0.76893 0.037769 0.26619
0.7531 0.037735 0.31927
0.76329 0.03776 0.29523
0.7672 0.03775 0.31709
0.75092 0.03771 0.33128
0.75112 0.037669 0.35694
0.76837 0.037717 0.33855
0.77245 0.037709 0.35047
0.76073 0.037658 0.3721
0.75719 0.037648 0.38029
0.77623 0.0377 0.36935
0.76805 0.037666 0.38326
0.7559 0.037646 0.39542
0.75652 0.037651 0.42337
0.77454 0.037688 0.40608
0.75475 0.037657 0.43613
0.75702 0.037691 0.45591
0.77432 0.037708 0.43805
0.77835 0.037734 0.44943
0.76666 0.037717 0.46374
0.76121 0.037753 0.48353
0.78217 0.037777 0.47075
0.78183 0.037788 0.48163
0.78162 0.037832 0.50524
0.77755 0.037863 0.52972
0.76707 0.037904 0.5453
0.76767 0.03794 0.56558
0.78095 0.037904 0.54136
0.78808 0.037953 0.55799
0.7739 0.037953 0.5876
0.77814 0.037985 0.60578
0.78254 0.037998 0.612
0.75793 0.038054 0.65807
0.75701 0.038038 0.67416
0.77615 0.038018 0.65535
0.75916 0.038026 0.68736
0.75481 0.037993 0.70615
0.77513 0.037981 0.69255
0.7567 0.03797 0.72398
0.75225 0.037924 0.74214
0.75087 0.037885 0.75859
0.74767 0.037882 0.76292
0.76546 0.037869 0.76417
0.75163 0.037872 0.78252
0.74965 0.037849 0.8003
0.76032 0.037867 0.77754
0.75297 0.037816 0.81933
0.75193 0.037795 0.83629
0.76081 0.037821 0.81053
0.76589 0.037788 0.82779
0.74194 0.037777 0.86291
0.75975 0.037771 0.85074
0.74651 0.037762 0.87185
0.742 0.037746 0.89986
0.75872 0.037742 0.88046
0.7579 0.037734 0.89488
0.74869 0.037738 0.90393
0.76389 0.037723 0.91057
0.75635 0.037673 0.92979
0.73877 0.037629 0.94007
0.74031 0.0339 0.95793
0.7648 0.033593 0.96083
0.77349 0.037676 0.043734
0.78186 0.03767 0.052132
0.79623 0.037659 0.047234
0.7993 0.037663 0.062868
0.77738 0.037682 0.068035
0.79181 0.03768 0.089349
0.78291 0.037694 0.11207
0.7823 0.037702 0.1273
0.79342 0.037684 0.10891
0.7973 0.037688 0.12298
0.78358 0.037708 0.14179
0.78123 0.037718 0.1547
0.7902 0.037699 0.13504
0.79201 0.037712 0.15944
0.78184 0.037727 0.17428
0.80038 0.037711 0.16579
0.79027 0.037729 0.19233
0.78221 0.037737 0.20293
0.78561 0.037744 0.22379
0.79782 0.037731 0.20803
0.79433 0.037739 0.22306
0.77746 0.037754 0.23296
0.77789 0.037765 0.25778
0.79426 0.037742 0.23249
0.79507 0.03775 0.24999
0.7985 0.037754 0.27133
0.77872 0.037768 0.30726
0.78506 0.037764 0.32313
0.80525 0.037759 0.2967
0.79565 0.037765 0.31788
0.78621 0.037744 0.33982
0.78577 0.03773 0.35577
0.79535 0.03775 0.33294
0.79561 0.037735 0.35238
0.78898 0.03772 0.37135
0.79309 0.037716 0.38807
0.80492 0.037749 0.3705
0.8062 0.037752 0.38928
0.79215 0.037717 0.40301
0.78966 0.037725 0.4182
0.79925 0.03773 0.40054
0.80467 0.037757 0.42444
0.79028 0.037753 0.43964
0.80391 0.037776 0.44287
0.80206 0.037774 0.44741
0.78849 0.037784 0.46756
0.79464 0.0378 0.48437
0.80545 0.037798 0.46658
0.81339 0.037842 0.49023
0.79922 0.037842 0.51081
0.80733 0.037846 0.50735
0.81406 0.037894 0.52983
0.7925 0.037957 0.56197
0.80968 0.037898 0.53562
0.81217 0.037938 0.56451
0.79775 0.037954 0.58291
0.79525 0.03797 0.59428
0.81008 0.037947 0.58104
0.80003 0.037964 0.60887
0.80689 0.037956 0.61069
0.78714 0.038007 0.64797
0.78524 0.037993 0.66788
0.80724 0.037938 0.65192
0.8012 0.037942 0.67274
0.78436 0.037966 0.69158
0.78562 0.037952 0.69935
0.80565 0.037928 0.68814
0.80494 0.037922 0.69325
0.78847 0.037923 0.71766
0.77758 0.0379 0.73883
0.79349 0.037877 0.73888
0.78342 0.037876 0.74761
0.7858 0.037854 0.76905
0.80306 0.037859 0.74672
0.79922 0.037802 0.79799
0.77454 0.037788 0.81944
0.78036 0.037766 0.83359
0.79103 0.03779 0.80961
0.80037 0.03775 0.83304
0.77884 0.037748 0.85551
0.79035 0.037748 0.84447
0.78003 0.037727 0.87896
0.77363 0.037721 0.89676
0.79699 0.037703 0.8933
0.77848 0.037655 0.93167
0.79304 0.037698 0.9139
0.78264 0.037595 0.94811
0.77363 0.033475 0.96311
0.79207 0.037603 0.9417
0.79705 0.034199 0.95623
0.80365 0.037654 0.046548
0.80432 0.037656 0.053782
0.8295 0.037638 0.04677
0.83195 0.037637 0.051953
0.8039 0.037666 0.07633
0.8056 0.03767 0.091391
0.82881 0.037645 0.07246
0.8219 0.037656 0.088835
0.81088 0.037668 0.10354
0.80982 0.037677 0.12113
0.82106 0.037661 0.10659
0.82821 0.037666 0.12366
0.82847 0.037677 0.13853
0.82177 0.0377 0.17176
0.82199 0.037705 0.18332
0.81346 0.037724 0.20347
0.80727 0.037734 0.21856
0.83399 0.037711 0.20991
0.83072 0.03772 0.21967
0.80866 0.037738 0.23388
0.81243 0.037743 0.25406
0.83321 0.037729 0.25472
0.82105 0.037736 0.27709
0.81669 0.037746 0.28568
0.83593 0.037736 0.27452
0.82977 0.037743 0.28974
0.82085 0.037751 0.29852
0.81618 0.037766 0.31471
0.83174 0.03775 0.30037
0.82606 0.037761 0.32426
0.81473 0.037765 0.3393
0.81955 0.037771 0.34912
0.82788 0.037767 0.34217
0.81555 0.037779 0.37362
0.81516 0.037779 0.39242
0.83693 0.037783 0.37483
0.81593 0.03778 0.40501
0.81726 0.037794 0.42399
0.83295 0.037795 0.41964
0.81845 0.037812 0.43848
0.82729 0.03782 0.45107
0.83967 0.037813 0.43629
0.82123 0.037841 0.46926
0.81813 0.037855 0.49054
0.81855 0.037874 0.51062
0.82729 0.037876 0.52025
0.83753 0.037875 0.52065
0.82513 0.037926 0.55684
0.83364 0.037901 0.5528
0.8249 0.037944 0.60195
0.84285 0.03791 0.58055
0.83812 0.037917 0.5986
0.82655 0.037923 0.61832
0.82649 0.037905 0.63399
0.83966 0.037909 0.6121
0.83333 0.0379 0.63018
0.81842 0.03791 0.65285
0.81855 0.037909 0.65961
0.83292 0.037892 0.64146
0.82257 0.037902 0.67492
0.81439 0.0379 0.70455
0.83199 0.037877 0.69211
0.81618 0.037887 0.71568
0.82992 0.037862 0.71381
0.81163 0.03786 0.74167
0.81138 0.037827 0.76646
0.83657 0.03782 0.74453
0.83655 0.037803 0.7592
0.80795 0.037816 0.77929
0.8108 0.037783 0.79984
0.83458 0.037776 0.78181
0.8281 0.037766 0.79616
0.81314 0.037769 0.80894
0.82678 0.037735 0.82878
0.80645 0.037731 0.84881
0.81257 0.037713 0.86117
0.83135 0.037714 0.84434
0.83061 0.037698 0.86315
0.81618 0.037699 0.87323
0.80555 0.037696 0.89188
0.82749 0.037685 0.88172
0.80709 0.037689 0.90675
0.80599 0.037667 0.92173
0.81976 0.037679 0.9078
0.80584 0.037591 0.93811
0.81328 0.033566 0.96117
0.82796 0.037528 0.94804
0.82152 0.033462 0.9634
0.84265 0.03763 0.044553
0.83959 0.037633 0.05453
0.86168 0.03762 0.044739
0.84572 0.037632 0.078416
0.84929 0.037635 0.090442
0.85258 0.037627 0.073703
0.85446 0.037631 0.088762
0.85624 0.037641 0.10703
0.85583 0.03765 0.13011
0.84094 0.037667 0.14445
0.84785 0.037666 0.15667
0.85998 0.03765 0.14029
0.85405 0.037656 0.15018
0.83938 0.037686 0.17823
0.84203 0.03769 0.18893
0.85853 0.037672 0.17866
0.86651 0.037678 0.19355
0.85106 0.037693 0.20567
0.83984 0.037713 0.22571
0.86216 0.037688 0.2078
0.85484 0.037701 0.22755
0.85014 0.03771 0.24134
0.85951 0.037707 0.24201
0.86178 0.037714 0.25251
0.85913 0.037729 0.27068
0.86161 0.03774 0.29104
0.84748 0.037756 0.31004
0.8416 0.03776 0.3191
0.86414 0.037743 0.30311
0.85954 0.037751 0.31554
0.84687 0.037773 0.34946
0.86169 0.037763 0.3377
0.86963 0.037771 0.35682
0.85042 0.037781 0.37573
0.85884 0.037774 0.37448
0.86733 0.037783 0.38728
0.85485 0.037798 0.40631
0.85647 0.037805 0.41939
0.85998 0.037791 0.40123
0.86927 0.037806 0.427
0.85007 0.03782 0.43805
0.84557 0.037827 0.45323
0.86316 0.037813 0.44268
0.86805 0.03782 0.45764
0.84895 0.037844 0.47437
0.85338 0.037855 0.48937
0.85286 0.037879 0.51165
0.85875 0.037872 0.53084
0.87306 0.037855 0.52152
0.8555 0.037881 0.54153
0.85645 0.037879 0.55733
0.87162 0.037858 0.542
0.86928 0.037861 0.55514
0.85773 0.037875 0.57743
0.85064 0.0379 0.59769
0.87049 0.03786 0.57593
0.86317 0.03787 0.59314
0.85742 0.03789 0.62403
0.8671 0.037869 0.60471
0.8612 0.037877 0.63468
0.85505 0.037865 0.6637
0.87008 0.037857 0.64254
0.86357 0.037848 0.66696
0.85305 0.037837 0.68366
0.84447 0.037848 0.69333
0.86515 0.037838 0.67562
0.86677 0.037818 0.70047
0.84507 0.037835 0.71134
0.85061 0.037811 0.72894
0.85887 0.037815 0.70734
0.85877 0.037797 0.73149
0.84767 0.037804 0.74168
0.8442 0.037782 0.76757
0.85937 0.037768 0.76297
0.83996 0.037754 0.7977
0.86266 0.037756 0.77354
0.86628 0.037734 0.79234
0.84274 0.037732 0.8171
0.86467 0.037722 0.80659
0.86131 0.037709 0.82386
0.84414 0.037703 0.84431
0.86074 0.037695 0.83991
0.86153 0.037681 0.85728
0.84614 0.037681 0.87606
0.84151 0.037671 0.89679
0.86006 0.037676 0.87017
0.84472 0.037652 0.91858
0.8635 0.037655 0.90521
0.85495 0.037636 0.92157
0.84906 0.037589 0.9355
0.84202 0.033617 0.9604
0.86224 0.037593 0.93502
0.86033 0.033458 0.96352
0.86933 0.037616 0.039049
0.87111 0.037617 0.060738
0.88583 0.037609 0.039861
0.88731 0.037609 0.051748
0.88073 0.037614 0.076021
0.88136 0.037619 0.091509
0.89582 0.03761 0.078136
0.89003 0.037613 0.085468
0.88081 0.037626 0.10803
0.88174 0.037633 0.12658
0.89004 0.037626 0.1178
0.87498 0.03764 0.13667
0.88243 0.037646 0.15667
0.89373 0.037635 0.14643
0.8891 0.037646 0.16042
0.87722 0.037671 0.18879
0.89328 0.03765 0.16796
0.89759 0.03766 0.18769
0.87271 0.03768 0.2015
0.87822 0.037686 0.21715
0.89135 0.037674 0.20876
0.88742 0.037683 0.21978
0.87123 0.037701 0.23461
0.87506 0.037724 0.27183
0.8774 0.037729 0.28696
0.89909 0.03771 0.26671
0.89253 0.037723 0.28947
0.874 0.03774 0.31167
0.88355 0.03774 0.31996
0.88982 0.037728 0.30047
0.88911 0.037735 0.31697
0.88125 0.037761 0.34216
0.89621 0.037751 0.33696
0.90111 0.03776 0.35073
0.88226 0.037784 0.37763
0.8755 0.037785 0.38534
0.89569 0.037774 0.36983
0.89897 0.037787 0.39075
0.87839 0.037797 0.40557
0.88092 0.037803 0.41834
0.90056 0.0378 0.41177
0.89654 0.037802 0.4176
0.88759 0.03781 0.44037
0.89167 0.037813 0.4507
0.88705 0.037821 0.48014
0.88539 0.03783 0.4953
0.89159 0.037823 0.49353
0.87711 0.037843 0.50527
0.88431 0.037846 0.53053
0.89457 0.037834 0.51346
0.89623 0.037838 0.52648
0.88105 0.037851 0.54076
0.89593 0.037841 0.53877
0.89988 0.037844 0.55318
0.88523 0.037848 0.57572
0.88277 0.03785 0.59878
0.89655 0.03784 0.57602
0.8933 0.037838 0.59944
0.88177 0.037851 0.60719
0.88621 0.037834 0.63289
0.89278 0.037837 0.61059
0.89199 0.037831 0.62792
0.88416 0.037826 0.65071
0.89291 0.037821 0.64827
0.89555 0.037819 0.6604
0.87631 0.037835 0.67698
0.90067 0.037794 0.6988
0.87483 0.037802 0.7148
0.8829 0.037779 0.73156
0.89742 0.037792 0.70522
0.89266 0.037777 0.72411
0.87564 0.037769 0.74673
0.87385 0.037752 0.76608
0.88918 0.03776 0.74437
0.89907 0.037731 0.76471
0.87591 0.037736 0.7812
0.87967 0.037717 0.79771
0.89128 0.037715 0.78844
0.87246 0.037707 0.81595
0.87836 0.037695 0.82487
0.8901 0.037703 0.80499
0.87742 0.037683 0.84044
0.88182 0.037666 0.8634
0.89501 0.037673 0.83932
0.88672 0.037666 0.85849
0.8748 0.037657 0.89082
0.89228 0.037658 0.86945
0.89513 0.037648 0.88935
0.88002 0.037648 0.90309
0.88112 0.037612 0.92859
0.89308 0.037639 0.90951
0.89653 0.037594 0.93015
0.87217 0.037579 0.94056
0.89785 0.033572 0.96103
0.90488 0.037604 0.037493
0.9118 0.037603 0.054066
0.92208 0.037581 0.038804
0.91488 0.037606 0.075202
0.90367 0.037612 0.090097
0.92847 0.037566 0.094375
0.91138 0.037615 0.10851
0.90969 0.037623 0.12883
0.92093 0.037598 0.10341
0.92349 0.037594 0.11785
0.90577 0.037627 0.13414
0.90838 0.037637 0.15789
0.92215 0.037609 0.13866
0.91414 0.03765 0.18713
0.92796 0.037614 0.17078
0.9308 0.037611 0.19544
0.91516 0.037658 0.20432
0.91289 0.037668 0.22125
0.92732 0.037619 0.2084
0.91946 0.037661 0.22531
0.90928 0.037688 0.24513
0.92818 0.037648 0.24189
0.92241 0.037677 0.25496
0.90968 0.037706 0.26864
0.93193 0.037667 0.27853
0.9312 0.03768 0.2928
0.91345 0.037742 0.32416
0.92448 0.037707 0.30121
0.92358 0.037724 0.32109
0.90618 0.037749 0.3348
0.90924 0.037765 0.36011
0.93021 0.037717 0.336
0.92097 0.037752 0.3545
0.90835 0.037772 0.37058
0.91318 0.037786 0.38981
0.92649 0.037754 0.39454
0.92645 0.03776 0.40242
0.93187 0.037752 0.43002
0.90874 0.037821 0.45491
0.92858 0.037771 0.43497
0.91085 0.037822 0.48081
0.90832 0.037829 0.49672
0.92909 0.037778 0.4727
0.92672 0.037791 0.48679
0.9145 0.037835 0.50447
0.91541 0.037843 0.52447
0.93018 0.037796 0.51364
0.92777 0.037807 0.52077
0.92635 0.037813 0.53948
0.92809 0.037807 0.55633
0.91722 0.037832 0.59776
0.92742 0.037822 0.57724
0.93072 0.037816 0.5971
0.91308 0.037833 0.60704
0.90811 0.037831 0.62435
0.92426 0.037822 0.60798
0.92565 0.037814 0.62039
0.90639 0.037824 0.64562
0.93315 0.037755 0.64896
0.92422 0.037779 0.66481
0.91459 0.037779 0.68934
0.92572 0.037747 0.68247
0.92877 0.037721 0.69704
0.91371 0.037771 0.70605
0.9234 0.037738 0.70994
0.91042 0.037744 0.74181
0.91355 0.037723 0.7608
0.92042 0.037729 0.73779
0.91959 0.037707 0.76581
0.91466 0.037711 0.77288
0.91356 0.037697 0.78922
0.92602 0.037676 0.77691
0.92663 0.037658 0.79631
0.905 0.037682 0.81637
0.91222 0.037673 0.82268
0.92106 0.03767 0.80374
0.91864 0.037661 0.82646
0.90599 0.037663 0.84571
0.9063 0.037655 0.86227
0.92338 0.037632 0.83631
0.91898 0.037641 0.86173
0.91169 0.037648 0.8731
0.91898 0.037638 0.87172
0.93037 0.037591 0.88928
0.90723 0.037633 0.90958
0.90837 0.037587 0.92862
0.92032 0.037615 0.90857
0.9283 0.037545 0.92465
0.90685 0.037546 0.94072
0.91289 0.033726 0.9591
0.91873 0.037528 0.9392
0.92392 0.033614 0.96037
0.93749 0.037526 0.042141
0.93775 0.037525 0.05464
0.9539 0.034842 0.037259
0.95737 0.033947 0.061251
0.9347 0.037537 0.074538
0.95987 0.033654 0.087465
0.94664 0.037509 0.10581
0.95907 0.033733 0.12737
0.94658 0.037535 0.14484
0.94313 0.037556 0.15514
0.95834 0.03382 0.1405
0.95176 0.036078 0.15748
0.93626 0.037594 0.17086
0.94605 0.037567 0.19437
0.95497 0.034534 0.19588
0.93986 0.037574 0.20424
0.94 0.037584 0.2269
0.96319 0.03347 0.21307
0.96097 0.03358 0.22004
0.94084 0.037619 0.24554
0.94686 0.03761 0.25101
0.96089 0.033587 0.23561
0.95255 0.035687 0.26213
0.94366 0.037627 0.26937
0.94033 0.037647 0.2863
0.95961 0.033697 0.27386
0.94192 0.037652 0.30026
0.94163 0.037679 0.32839
0.95491 0.034632 0.3
0.96442 0.033435 0.32294
0.94601 0.037682 0.34047
0.94368 0.037693 0.35521
0.95874 0.03381 0.35825
0.94083 0.037695 0.36648
0.94781 0.037662 0.39614
0.96424 0.033441 0.37818
0.95236 0.036036 0.39497
0.94619 0.037671 0.40575
0.96353 0.033464 0.40887
0.95656 0.034201 0.4277
0.94207 0.037716 0.44411
0.94602 0.037703 0.45104
0.95374 0.035206 0.4347
0.95985 0.033692 0.45208
0.94028 0.037726 0.47235
0.96364 0.033462 0.47918
0.95547 0.034555 0.49521
0.94683 0.037725 0.50919
0.94305 0.037743 0.52275
0.95331 0.035549 0.51226
0.95989 0.033696 0.5274
0.938 0.037759 0.55554
0.96438 0.033438 0.53989
0.95863 0.033853 0.55819
0.94414 0.0378 0.59496
0.94108 0.037785 0.61401
0.94122 0.03777 0.62293
0.95974 0.033713 0.62794
0.94448 0.037721 0.63989
0.96134 0.033575 0.63749
0.96358 0.033462 0.65966
0.94859 0.037652 0.67745
0.95998 0.033674 0.67549
0.95917 0.033752 0.69635
0.94076 0.037646 0.71457
0.93975 0.037639 0.72551
0.95415 0.034912 0.71622
0.95481 0.03465 0.72134
0.9434 0.037597 0.75628
0.95544 0.034426 0.74759
0.95958 0.033697 0.75639
0.94103 0.037628 0.77983
0.94099 0.037606 0.79947
0.95752 0.033958 0.78774
0.93944 0.037602 0.80451
0.95394 0.034898 0.81257
0.95889 0.033755 0.83075
0.93775 0.037549 0.84627
0.96488 0.03342 0.85712
0.94237 0.037553 0.88606
0.95931 0.033707 0.87033
0.93738 0.037518 0.92186
0.95613 0.034182 0.90765
0.96453 0.033428 0.92034
0.93828 0.037461 0.93639
0.9419 0.033808 0.95829
0.95911 0.033715 0.94239
0.95403 0.033411 0.96273
