2635
1 1 1
0.035 0.037501 0.045074
0.041115 0.037501 0.054585
0.062744 0.037501 0.035713
0.058728 0.037501 0.051768
0.046281 0.037501 0.069557
0.043718 0.037501 0.094345
0.0601 0.037501 0.081544
0.056535 0.037501 0.098096
0.038635 0.037501 0.11188
0.041369 0.037501 0.12199
0.063725 0.037501 0.10854
0.063237 0.037502 0.14481
0.040535 0.037503 0.19122
0.058783 0.037503 0.18105
0.06163 0.037503 0.19686
0.036212 0.037503 0.20169
0.040518 0.037504 0.22777
0.053659 0.037503 0.20679
0.05682 0.037504 0.22028
0.048098 0.037505 0.23687
0.042522 0.037506 0.25815
0.053338 0.037505 0.24326
0.062342 0.037507 0.25798
0.047615 0.037507 0.27005
0.046787 0.037508 0.28712
0.056294 0.037508 0.27908
0.06404 0.037509 0.28782
0.062955 0.037511 0.30878
0.058464 0.037512 0.3238
0.045639 0.037513 0.34484
0.063436 0.037516 0.35346
0.046705 0.037515 0.37452
0.045707 0.037516 0.38777
0.061876 0.037518 0.37253
0.057138 0.037519 0.39402
0.045134 0.037518 0.40447
0.037825 0.03752 0.42348
0.061894 0.037522 0.40724
0.05532 0.037521 0.41844
0.04296 0.037521 0.44601
0.060798 0.037525 0.44389
0.059958 0.037525 0.45962
0.042332 0.037522 0.47271
0.044308 0.037522 0.48715
0.053353 0.037523 0.47246
0.059353 0.037526 0.49074
0.038693 0.037522 0.5066
0.038357 0.037522 0.52736
0.055823 0.037524 0.50856
0.060332 0.037526 0.52642
0.045986 0.037522 0.53867
0.043521 0.03752 0.56393
0.0624 0.037526 0.53716
0.060947 0.037524 0.55752
0.037263 0.03752 0.57497
0.036054 0.037518 0.59707
0.052464 0.037521 0.57356
0.05445 0.03752 0.59339
0.044103 0.037518 0.60182
0.036373 0.037516 0.6287
0.052264 0.037518 0.60779
0.058506 0.037518 0.62037
0.052086 0.037515 0.648
0.054121 0.037514 0.65987
0.047954 0.037512 0.67169
0.053172 0.037513 0.66986
0.058905 0.037513 0.68735
0.036068 0.037509 0.72856
0.060582 0.037511 0.71174
0.052125 0.03751 0.72126
0.043695 0.037509 0.74487
0.037126 0.037508 0.76043
0.05955 0.037509 0.74158
0.052364 0.037508 0.75853
0.040939 0.037508 0.77099
0.037282 0.037508 0.79742
0.058549 0.037508 0.77947
0.056564 0.037508 0.78927
0.039824 0.037508 0.82426
0.053054 0.037508 0.81224
0.058684 0.037509 0.8297
0.038102 0.037509 0.84139
0.035042 0.037509 0.86034
0.053936 0.037509 0.83569
0.056286 0.037509 0.85827
0.035603 0.03751 0.87017
0.045225 0.037511 0.89167
0.058247 0.03751 0.87759
0.056703 0.03751 0.88786
0.041988 0.037512 0.9114
0.037094 0.035276 0.95613
0.058696 0.037455 0.94459
0.061146 0.035827 0.95409
0.079753 0.037501 0.045499
0.07559 0.037501 0.060158
0.078642 0.037501 0.089287
0.094986 0.037501 0.074685
0.092306 0.037501 0.089259
0.071712 0.037501 0.10765
0.072822 0.037502 0.13088
0.085793 0.037501 0.11017
0.090069 0.037502 0.12387
0.070313 0.037502 0.14194
0.09021 0.037502 0.13826
0.093683 0.037503 0.16002
0.072561 0.037503 0.1782
0.068569 0.037503 0.19326
0.095255 0.037504 0.17801
0.09583 0.037505 0.19344
0.077975 0.037504 0.20837
0.07665 0.037505 0.22543
0.089694 0.037505 0.21354
0.098174 0.037508 0.22938
0.070382 0.037506 0.24671
0.073031 0.037507 0.25317
0.08651 0.037508 0.24732
0.091041 0.037509 0.25558
0.076977 0.037509 0.27612
0.07614 0.037511 0.29349
0.096929 0.037513 0.27623
0.069233 0.037512 0.31008
0.069758 0.037514 0.32908
0.094478 0.037517 0.30867
0.09253 0.03752 0.32977
0.072798 0.037517 0.34805
0.091689 0.037522 0.34409
0.090477 0.037524 0.35893
0.077539 0.037523 0.38152
0.093777 0.037529 0.37513
0.097746 0.037534 0.38672
0.071229 0.037525 0.41241
0.075637 0.037528 0.42542
0.096318 0.037538 0.41471
0.089207 0.037534 0.4211
0.071408 0.037528 0.4469
0.086747 0.037534 0.43913
0.088258 0.037537 0.45759
0.076558 0.037532 0.47493
0.080889 0.037533 0.48522
0.093473 0.037543 0.48072
0.092582 0.037543 0.4913
0.071236 0.03753 0.50248
0.088269 0.037539 0.51907
0.079574 0.037532 0.53531
0.074112 0.037528 0.56277
0.085117 0.037533 0.56044
0.07602 0.037528 0.56875
0.07124 0.037524 0.59682
0.088246 0.037534 0.56893
0.090876 0.037533 0.59211
0.076015 0.037522 0.62609
0.092377 0.037531 0.60942
0.097527 0.037532 0.61863
0.074532 0.03752 0.63898
0.094753 0.037523 0.66163
0.069448 0.037515 0.67833
0.087812 0.03752 0.6706
0.090853 0.037518 0.69008
0.077478 0.037513 0.70804
0.068511 0.037511 0.72906
0.092383 0.037515 0.72047
0.071964 0.03751 0.74172
0.076955 0.03751 0.75405
0.089333 0.037512 0.73767
0.086125 0.037511 0.75878
0.072109 0.037509 0.77007
0.073602 0.037509 0.7961
0.095194 0.03751 0.78153
0.072855 0.037509 0.81321
0.080761 0.037509 0.82073
0.093779 0.03751 0.80385
0.090733 0.03751 0.82972
0.075131 0.037509 0.83993
0.074968 0.03751 0.85964
0.090423 0.03751 0.86348
0.077058 0.037511 0.88104
0.088958 0.037511 0.87192
0.085641 0.037511 0.88885
0.07165 0.037512 0.90873
0.077198 0.037501 0.93034
0.089381 0.037512 0.90151
0.071545 0.037486 0.93826
0.08629 0.037496 0.94704
0.11147 0.037501 0.039168
0.10685 0.037501 0.057969
0.12766 0.037501 0.037997
0.12307 0.037501 0.052698
0.10361 0.037501 0.069218
0.10812 0.037501 0.09577
0.12543 0.037502 0.098084
0.10656 0.037502 0.11207
0.11491 0.037502 0.13083
0.12646 0.037503 0.12028
0.10871 0.037503 0.14349
0.10377 0.037503 0.1584
0.12819 0.037505 0.1585
0.109 0.037504 0.17561
0.1078 0.037505 0.19058
0.12914 0.037506 0.16973
0.12045 0.037507 0.19688
0.11449 0.037508 0.22026
0.11936 0.037508 0.20423
0.11867 0.037511 0.23083
0.10733 0.03751 0.24204
0.10233 0.037512 0.25991
0.12261 0.037513 0.24137
0.10848 0.037516 0.2776
0.10828 0.037518 0.29036
0.12264 0.03752 0.28139
0.13098 0.037526 0.28809
0.10899 0.037521 0.30796
0.10991 0.037526 0.33042
0.13084 0.037534 0.31371
0.11922 0.037529 0.32224
0.10671 0.037527 0.33815
0.1081 0.037534 0.36264
0.11892 0.037539 0.35773
0.10217 0.037532 0.36955
0.11974 0.037545 0.37404
0.1265 0.037561 0.39759
0.10626 0.037542 0.40188
0.10653 0.037548 0.42812
0.11802 0.037558 0.42841
0.10268 0.037547 0.44014
0.10391 0.03755 0.45171
0.11901 0.037564 0.4466
0.12094 0.037569 0.45874
0.10311 0.037551 0.47185
0.11188 0.037559 0.48791
0.12208 0.037573 0.47333
0.12814 0.037585 0.48993
0.10791 0.037556 0.50347
0.10292 0.037551 0.52448
0.12477 0.037577 0.5247
0.10927 0.037555 0.53666
0.10436 0.037549 0.55748
0.1268 0.037578 0.54165
0.10204 0.037543 0.57961
0.10422 0.037542 0.59228
0.12287 0.037564 0.57326
0.12395 0.037558 0.59761
0.11218 0.037541 0.61328
0.1122 0.037539 0.62305
0.1293 0.037553 0.6279
0.10897 0.037533 0.64185
0.10844 0.03753 0.65471
0.12258 0.037543 0.63632
0.11916 0.037533 0.66325
0.10698 0.037524 0.67983
0.12463 0.037532 0.67938
0.10923 0.037518 0.72493
0.12906 0.037529 0.70308
0.12999 0.037523 0.7305
0.10339 0.037515 0.73596
0.10736 0.037514 0.75243
0.12201 0.037516 0.76057
0.10869 0.037513 0.77179
0.12977 0.037516 0.77565
0.11924 0.037513 0.788
0.10997 0.037511 0.82726
0.1191 0.037512 0.80211
0.12222 0.037512 0.83122
0.11128 0.037511 0.83729
0.12727 0.037512 0.84057
0.12703 0.037512 0.85439
0.10948 0.037512 0.87452
0.11316 0.037513 0.89132
0.12971 0.037513 0.88132
0.12315 0.037514 0.89621
0.10403 0.037514 0.90883
0.12243 0.037515 0.91112
0.12085 0.0375 0.92462
0.10563 0.037486 0.93798
0.13062 0.037455 0.94608
0.12904 0.034034 0.96454
0.14302 0.037501 0.039951
0.15856 0.037502 0.035316
0.16021 0.037502 0.053853
0.13566 0.037502 0.077293
0.14103 0.037502 0.096922
0.15392 0.037502 0.072951
0.15831 0.037503 0.091952
0.14063 0.037503 0.10821
0.14228 0.037503 0.11979
0.15288 0.037503 0.11296
0.15721 0.037504 0.11866
0.1357 0.037504 0.14016
0.13677 0.037506 0.16223
0.16153 0.037507 0.15581
0.13535 0.037507 0.18136
0.15945 0.03751 0.17585
0.15823 0.037511 0.18765
0.13797 0.037511 0.20899
0.14403 0.037516 0.22916
0.16109 0.037516 0.21042
0.13716 0.037517 0.2419
0.14727 0.037524 0.25745
0.15307 0.03752 0.23494
0.16091 0.037533 0.26373
0.13987 0.037525 0.27182
0.13941 0.037532 0.29393
0.15818 0.037534 0.27172
0.15496 0.03754 0.29077
0.14728 0.037542 0.30797
0.13509 0.037538 0.31879
0.16061 0.037552 0.30226
0.15285 0.037556 0.32537
0.13792 0.037552 0.3472
0.14726 0.037564 0.35398
0.1578 0.037569 0.33602
0.14438 0.037574 0.37805
0.13868 0.037572 0.38668
0.16205 0.037609 0.38101
0.13588 0.037585 0.42414
0.15059 0.037611 0.4277
0.14382 0.037603 0.44285
0.13689 0.037596 0.45624
0.15601 0.037633 0.44567
0.15436 0.037632 0.45523
0.13777 0.037601 0.47142
0.13597 0.0376 0.48739
0.15656 0.037646 0.47404
0.14551 0.037616 0.50975
0.14469 0.037612 0.52337
0.16279 0.03767 0.50187
0.13796 0.037596 0.5439
0.14461 0.037598 0.56485
0.15251 0.037624 0.54802
0.16204 0.037653 0.55233
0.14512 0.037592 0.58065
0.13961 0.037579 0.59301
0.16037 0.037628 0.58043
0.1589 0.037616 0.59235
0.13849 0.03757 0.60965
0.14102 0.037566 0.62672
0.16035 0.037604 0.61406
0.15539 0.037587 0.62406
0.14386 0.037554 0.65753
0.16372 0.03759 0.64269
0.15356 0.037564 0.65871
0.14106 0.037546 0.67057
0.14664 0.037542 0.69091
0.1514 0.037553 0.67422
0.15332 0.037544 0.69835
0.1348 0.037532 0.70216
0.1457 0.037528 0.72988
0.15764 0.037545 0.70472
0.15261 0.037532 0.72965
0.14541 0.037524 0.74545
0.13875 0.037519 0.76298
0.15815 0.037533 0.73614
0.16144 0.037529 0.75268
0.14123 0.037516 0.79024
0.15503 0.037522 0.77331
0.15613 0.037518 0.79587
0.14653 0.037515 0.8043
0.1437 0.037514 0.82579
0.16488 0.037518 0.81179
0.15705 0.037515 0.82606
0.14167 0.037513 0.84523
0.14817 0.037513 0.86054
0.16142 0.037514 0.84393
0.1614 0.037514 0.85971
0.13807 0.037513 0.87507
0.15803 0.037514 0.87924
0.15637 0.037515 0.89634
0.13604 0.037515 0.90797
0.14101 0.03749 0.9277
0.15839 0.037515 0.91003
0.15594 0.037496 0.92457
0.13719 0.036396 0.95233
0.15963 0.037459 0.94032
0.15928 0.034365 0.96135
0.17234 0.037502 0.045131
0.17931 0.037503 0.061892
0.18861 0.037503 0.045847
0.18764 0.037503 0.055668
0.17215 0.037503 0.077431
0.17597 0.037504 0.093534
0.19125 0.037504 0.07905
0.191 0.037504 0.0947
0.17136 0.037504 0.10782
0.17567 0.037506 0.13124
0.18572 0.037505 0.10935
0.19274 0.037507 0.12029
0.1743 0.037507 0.14342
0.18116 0.03751 0.15703
0.18925 0.03751 0.1482
0.19367 0.037511 0.15356
0.18101 0.037518 0.19722
0.1926 0.037516 0.17569
0.18811 0.037519 0.19257
0.17734 0.037528 0.23086
0.18953 0.037524 0.20555
0.18885 0.037531 0.22418
0.1752 0.037532 0.24339
0.17759 0.037542 0.26169
0.18952 0.037546 0.25357
0.19096 0.037562 0.2751
0.18678 0.037572 0.29343
0.16931 0.03756 0.30159
0.17604 0.03758 0.31879
0.18941 0.037595 0.31316
0.19214 0.037621 0.32994
0.16891 0.037592 0.3461
0.17181 0.037603 0.35296
0.1861 0.037619 0.34159
0.18926 0.037639 0.35108
0.17849 0.037639 0.37552
0.18854 0.037673 0.37847
0.18578 0.037682 0.39522
0.17524 0.037679 0.4291
0.19405 0.037735 0.40716
0.1947 0.037764 0.42583
0.17503 0.037688 0.44167
0.1762 0.037701 0.45613
0.19084 0.037759 0.43904
0.18512 0.037745 0.46254
0.17323 0.037706 0.48839
0.18726 0.03777 0.48022
0.19024 0.037792 0.48808
0.17182 0.037701 0.50308
0.17124 0.037694 0.52933
0.19175 0.037802 0.50914
0.18901 0.037776 0.5294
0.17128 0.037688 0.54361
0.18384 0.037722 0.56004
0.17828 0.037681 0.57653
0.16831 0.037642 0.58919
0.19042 0.03773 0.58224
0.18461 0.037685 0.59421
0.17729 0.037649 0.60535
0.17059 0.037615 0.62642
0.18513 0.037676 0.60348
0.18479 0.037652 0.62213
0.17063 0.0376 0.64462
0.17251 0.037595 0.65439
0.19579 0.037656 0.64832
0.19601 0.037641 0.65976
0.1723 0.037581 0.67217
0.17097 0.037567 0.68803
0.18517 0.037602 0.66989
0.18779 0.037588 0.68971
0.1768 0.037555 0.71511
0.17333 0.037546 0.72686
0.18729 0.037576 0.70268
0.18742 0.037554 0.73156
0.17952 0.037539 0.74625
0.17249 0.037533 0.75404
0.18835 0.037546 0.74548
0.17121 0.037523 0.78929
0.19212 0.037538 0.76887
0.19118 0.037529 0.79553
0.17638 0.037522 0.80412
0.18952 0.037523 0.81186
0.19106 0.037521 0.82683
0.18066 0.037517 0.83745
0.17147 0.037515 0.85421
0.18969 0.037518 0.84438
0.18772 0.037517 0.85154
0.16953 0.037515 0.87372
0.16937 0.037515 0.89039
0.19544 0.037517 0.86832
0.1945 0.037517 0.88821
0.17123 0.037488 0.9284
0.18632 0.037485 0.92945
0.18082 0.036036 0.95337
0.18794 0.037464 0.93803
0.19306 0.035323 0.9559
0.20327 0.037503 0.044581
0.21155 0.037504 0.059168
0.225 0.037504 0.03502
0.2231 0.037504 0.056913
0.21025 0.037504 0.069555
0.20702 0.037505 0.089844
0.2276 0.037505 0.071814
0.22424 0.037507 0.094791
0.21273 0.037507 0.10225
0.20688 0.037509 0.12888
0.22946 0.037508 0.10293
0.22132 0.03751 0.12336
0.20593 0.037512 0.14446
0.20175 0.037518 0.17663
0.21214 0.037528 0.1931
0.22822 0.037526 0.17575
0.2307 0.037532 0.18688
0.20743 0.037531 0.20395
0.22483 0.03754 0.20382
0.21332 0.037558 0.2423
0.22693 0.037569 0.237
0.22446 0.037591 0.26074
0.20652 0.037582 0.27735
0.20159 0.037584 0.28562
0.22477 0.037605 0.27144
0.21807 0.037614 0.28961
0.21007 0.037628 0.31045
0.20816 0.037659 0.33045
0.2168 0.037657 0.3189
0.20169 0.037653 0.3363
0.20674 0.037706 0.35899
0.21778 0.037698 0.33564
0.22701 0.037784 0.35275
0.21039 0.037735 0.36873
0.20773 0.037757 0.38637
0.22189 0.037791 0.36711
0.21596 0.037812 0.39295
0.20642 0.037801 0.41087
0.21489 0.037841 0.40769
0.20697 0.037847 0.43425
0.19916 0.037832 0.45996
0.22037 0.037961 0.43591
0.22096 0.038007 0.45391
0.20514 0.037883 0.47168
0.20855 0.037916 0.49139
0.21272 0.037947 0.47938
0.2174 0.038008 0.49206
0.20436 0.037886 0.51128
0.20635 0.037892 0.52362
0.20705 0.03788 0.53936
0.20769 0.037868 0.55285
0.21851 0.037967 0.55372
0.20336 0.037799 0.58191
0.19941 0.037758 0.59372
0.22011 0.037923 0.58003
0.21977 0.037903 0.58675
0.19982 0.03774 0.60592
0.20127 0.037704 0.63028
0.22487 0.037813 0.63014
0.20131 0.037676 0.64657
0.21055 0.037693 0.65297
0.22415 0.037784 0.63871
0.21051 0.03766 0.67115
0.20423 0.037614 0.69317
0.2213 0.037691 0.67244
0.2194 0.037643 0.69428
0.20296 0.037594 0.70696
0.20228 0.037574 0.726
0.21975 0.03762 0.7086
0.22168 0.037606 0.71971
0.20543 0.037553 0.75803
0.22201 0.037577 0.74612
0.20433 0.03754 0.77973
0.21112 0.037538 0.79149
0.22245 0.037558 0.77051
0.20533 0.037524 0.83052
0.22837 0.037536 0.81434
0.22503 0.03753 0.82912
0.20573 0.037521 0.84494
0.20906 0.03752 0.85851
0.22345 0.037527 0.83573
0.22457 0.037523 0.85753
0.20793 0.037518 0.87418
0.21021 0.037518 0.89184
0.22073 0.03752 0.87573
0.22542 0.037519 0.8947
0.21407 0.037486 0.92663
0.22509 0.037519 0.91276
0.20212 0.037434 0.94654
0.21357 0.034223 0.96255
0.2217 0.03744 0.94214
0.2221 0.035081 0.95693
0.23557 0.037505 0.035031
0.23921 0.037506 0.062048
0.25285 0.037506 0.042674
0.261 0.037507 0.056677
0.24092 0.037506 0.068355
0.23727 0.037507 0.085501
0.25692 0.037508 0.076662
0.26025 0.037509 0.086323
0.24702 0.037514 0.12047
0.25674 0.037512 0.1025
0.2524 0.037517 0.12738
0.23673 0.037519 0.14606
0.25586 0.037522 0.14072
0.26188 0.037531 0.1575
0.23733 0.037531 0.178
0.24761 0.037545 0.19315
0.25479 0.037538 0.17819
0.26083 0.03755 0.18781
0.24088 0.037556 0.21263
0.23461 0.037571 0.23083
0.25753 0.037567 0.20771
0.23431 0.037588 0.24594
0.24132 0.037606 0.25152
0.24304 0.037651 0.27487
0.24177 0.037693 0.29513
0.26083 0.037726 0.28458
0.25935 0.037802 0.30869
0.25592 0.03784 0.32317
0.23469 0.037835 0.35568
0.25262 0.037902 0.34378
0.25803 0.038031 0.36024
0.23795 0.037893 0.36717
0.24963 0.038009 0.37257
0.24525 0.038026 0.38665
0.23047 0.037975 0.40631
0.23958 0.038112 0.41952
0.24819 0.038128 0.39919
0.23506 0.038107 0.43387
0.23338 0.038143 0.45327
0.25065 0.038343 0.43661
0.24718 0.038361 0.45612
0.22935 0.038152 0.47756
0.24307 0.038342 0.47279
0.24962 0.03854 0.48764
0.24104 0.038347 0.50698
0.24509 0.038406 0.53135
0.23513 0.038205 0.54604
0.22988 0.03808 0.56321
0.2374 0.038062 0.5894
0.24624 0.038121 0.59625
0.24156 0.03801 0.6078
0.23827 0.037877 0.63349
0.24758 0.038043 0.6121
0.25195 0.037996 0.62952
0.23443 0.037806 0.64774
0.24239 0.03781 0.65811
0.25197 0.037894 0.65027
0.25303 0.03785 0.66436
0.24224 0.037746 0.68059
0.26011 0.037799 0.68897
0.24174 0.037655 0.71579
0.25349 0.037712 0.70678
0.25458 0.037664 0.72598
0.24089 0.037613 0.73919
0.23787 0.037585 0.75668
0.25532 0.037629 0.7445
0.26386 0.037617 0.76119
0.2349 0.037563 0.77696
0.24309 0.03756 0.78947
0.25934 0.037596 0.77071
0.24326 0.037549 0.80528
0.26099 0.037559 0.8067
0.25421 0.037542 0.82623
0.2439 0.037531 0.84237
0.23921 0.037526 0.85826
0.2375 0.037522 0.87681
0.23629 0.037521 0.88637
0.25924 0.037526 0.87498
0.24636 0.037521 0.9113
0.23696 0.037488 0.92778
0.2524 0.037522 0.90192
0.26093 0.037486 0.92985
0.24396 0.034381 0.96119
0.25613 0.037472 0.93548
0.27717 0.037508 0.057096
0.29734 0.03751 0.0618
0.279 0.03751 0.080853
0.27236 0.037513 0.096009
0.29594 0.037512 0.07543
0.27347 0.037516 0.11127
0.29278 0.037518 0.10625
0.28816 0.037524 0.12557
0.27433 0.037526 0.13893
0.27198 0.037537 0.16005
0.29566 0.037534 0.14087
0.29741 0.037551 0.16129
0.26854 0.037544 0.17314
0.27395 0.037558 0.18626
0.2895 0.037587 0.19671
0.27736 0.037607 0.21987
0.29189 0.037597 0.20191
0.28993 0.037643 0.22732
0.27329 0.0377 0.26309
0.29039 0.037679 0.24181
0.292 0.037747 0.26062
0.2863 0.037756 0.26832
0.26697 0.037844 0.31001
0.26936 0.037896 0.3189
0.29184 0.038073 0.32096
0.2657 0.037972 0.33818
0.26957 0.038144 0.36012
0.27888 0.038105 0.34292
0.28097 0.038236 0.35489
0.26758 0.038166 0.36609
0.26659 0.038293 0.38523
0.28137 0.038452 0.37525
0.26289 0.038381 0.40543
0.25971 0.038424 0.4204
0.27651 0.03868 0.4088
0.27114 0.038668 0.42447
0.25636 0.038575 0.46084
0.26927 0.038679 0.43269
0.27537 0.039021 0.45152
0.25501 0.038625 0.47474
0.25902 0.038772 0.49114
0.27089 0.03918 0.48675
0.25809 0.038748 0.51156
0.26748 0.03889 0.53477
0.26128 0.0387 0.53989
0.26221 0.038532 0.56905
0.26881 0.0388 0.55057
0.27741 0.038994 0.56147
0.26617 0.038554 0.57545
0.2615 0.03829 0.60096
0.27347 0.038689 0.57852
0.27477 0.038601 0.59101
0.26639 0.038266 0.61192
0.26704 0.038143 0.63045
0.2812 0.038354 0.628
0.26981 0.038054 0.64849
0.26822 0.037957 0.66396
0.28189 0.038179 0.64923
0.28491 0.038094 0.66584
0.268 0.037915 0.6722
0.27586 0.037856 0.69306
0.29125 0.0381 0.67495
0.2872 0.037891 0.70016
0.27335 0.037753 0.71362
0.27694 0.037736 0.72143
0.29442 0.037802 0.72509
0.27965 0.037672 0.74833
0.27573 0.03763 0.76478
0.29411 0.037739 0.7411
0.26985 0.037607 0.77255
0.27772 0.037588 0.79056
0.29534 0.037636 0.77711
0.29122 0.037598 0.79462
0.29268 0.037577 0.81188
0.28534 0.037557 0.8273
0.27784 0.037542 0.84498
0.29622 0.037551 0.84239
0.28821 0.037539 0.85752
0.27182 0.037527 0.8793
0.28141 0.037526 0.89177
0.29293 0.037531 0.87864
0.2859 0.037526 0.89282
0.29713 0.037526 0.90883
0.29465 0.037506 0.92554
0.27751 0.037444 0.94599
0.28023 0.035497 0.95522
0.2975 0.037488 0.93546
0.28568 0.034532 0.96013
0.30337 0.037509 0.045742
0.30684 0.037511 0.059267
0.32957 0.037512 0.044584
0.33075 0.037513 0.059069
0.30541 0.037514 0.081044
0.30942 0.037516 0.088723
0.32563 0.037515 0.071335
0.32176 0.037521 0.095509
0.30759 0.037523 0.11017
0.30557 0.037531 0.1283
0.32992 0.037526 0.10532
0.32058 0.037534 0.12607
0.30427 0.03754 0.14691
0.30753 0.037553 0.1584
0.32382 0.037548 0.14576
0.32476 0.037559 0.15522
0.30569 0.037576 0.17982
0.30871 0.037603 0.1945
0.32528 0.037585 0.17405
0.30999 0.03767 0.22399
0.33005 0.037669 0.2101
0.3287 0.03769 0.21814
0.30128 0.037713 0.2447
0.30781 0.037772 0.25474
0.31746 0.037828 0.25899
0.30635 0.03783 0.26751
0.29965 0.037922 0.29004
0.31573 0.037863 0.26679
0.32011 0.037992 0.28334
0.29921 0.038036 0.30836
0.29857 0.038097 0.31692
0.31479 0.038154 0.3075
0.31471 0.038223 0.31433
0.30203 0.038275 0.33199
0.29191 0.03841 0.3558
0.31251 0.038475 0.33681
0.31611 0.038798 0.35038
0.29536 0.038529 0.36035
0.28838 0.038744 0.3883
0.30366 0.038819 0.36811
0.30799 0.039229 0.38104
0.28597 0.038887 0.40628
0.29132 0.039116 0.41457
0.29817 0.039152 0.40145
0.29954 0.039439 0.41636
0.28472 0.039153 0.4363
0.28048 0.039243 0.45664
0.29766 0.03959 0.43183
0.29755 0.039777 0.44377
0.28229 0.039612 0.48437
0.29042 0.039822 0.4721
0.28567 0.039761 0.49407
0.28215 0.039651 0.50648
0.27746 0.03943 0.52264
0.29148 0.040182 0.50838
0.2879 0.039616 0.54273
0.29388 0.039548 0.56707
0.28523 0.038999 0.58167
0.30566 0.039374 0.60105
0.28913 0.038592 0.62061
0.29313 0.038522 0.63366
0.31453 0.038987 0.63442
0.31554 0.038605 0.65894
0.31923 0.038481 0.67241
0.32488 0.038189 0.7013
0.32606 0.038017 0.71878
0.32013 0.037908 0.72967
0.30622 0.037798 0.73816
0.31229 0.03773 0.75747
0.32324 0.03782 0.74536
0.32166 0.037736 0.76266
0.31239 0.037667 0.77719
0.30484 0.037623 0.79051
0.31928 0.037667 0.78148
0.31962 0.037629 0.79786
0.30336 0.037599 0.80401
0.32154 0.037583 0.82518
0.30508 0.037558 0.83965
0.31131 0.037547 0.85739
0.30384 0.037532 0.88116
0.31153 0.037532 0.88912
0.32348 0.037544 0.87031
0.32163 0.037532 0.89571
0.30475 0.037526 0.91222
0.31411 0.037514 0.92853
0.33081 0.037532 0.90513
0.32182 0.03752 0.92221
0.30585 0.037484 0.94518
0.3241 0.037493 0.94239
0.34096 0.037513 0.040891
0.34003 0.037514 0.056397
0.36461 0.037515 0.041004
0.35399 0.037514 0.051967
0.34047 0.037517 0.074718
0.34 0.037521 0.087522
0.35533 0.037522 0.085328
0.34194 0.037529 0.10689
0.337 0.037539 0.12483
0.35657 0.037545 0.12404
0.33989 0.037554 0.14228
0.34412 0.03757 0.15482
0.35604 0.037564 0.14442
0.36278 0.03758 0.15312
0.3447 0.037599 0.17286
0.34472 0.037619 0.18375
0.35179 0.037598 0.16854
0.35676 0.037633 0.18374
0.33758 0.037664 0.20326
0.33612 0.037729 0.22336
0.35298 0.037688 0.20251
0.34304 0.037808 0.23606
0.33789 0.037916 0.25846
0.35327 0.037856 0.23847
0.35974 0.037988 0.2533
0.3426 0.038046 0.27389
0.33958 0.03812 0.28355
0.35734 0.038125 0.27047
0.34961 0.038135 0.27865
0.33254 0.038221 0.29722
0.33183 0.038504 0.31804
0.34851 0.038355 0.29558
0.34189 0.038629 0.31664
0.33543 0.038667 0.32392
0.32356 0.03881 0.343
0.3389 0.038887 0.33134
0.33972 0.039688 0.3568
0.33235 0.039994 0.37422
0.3133 0.039686 0.39752
0.30928 0.039849 0.4143
0.32254 0.039857 0.38826
0.30851 0.040121 0.42863
0.31705 0.040447 0.42255
0.29604 0.040207 0.47331
0.29739 0.040502 0.4965
0.30553 0.041092 0.49028
0.2991 0.040645 0.50741
0.3014 0.040795 0.50804
0.30901 0.041182 0.53767
0.30286 0.039907 0.57365
0.31069 0.040963 0.55249
0.31389 0.040415 0.57429
0.31685 0.039804 0.59791
0.31427 0.039383 0.61377
0.31648 0.039279 0.62148
0.32386 0.039092 0.63874
0.33333 0.039729 0.62371
0.34144 0.039547 0.64001
0.33408 0.038855 0.66172
0.32605 0.038554 0.67345
0.34507 0.039138 0.66015
0.34322 0.038805 0.67332
0.33134 0.038285 0.6976
0.34672 0.038659 0.68448
0.35414 0.038392 0.70578
0.33039 0.038101 0.7133
0.33889 0.038025 0.72602
0.353 0.038236 0.71606
0.34862 0.037992 0.73568
0.33858 0.037906 0.74107
0.3406 0.037769 0.76662
0.35171 0.037916 0.7465
0.35509 0.037829 0.76243
0.3537 0.03775 0.77856
0.35495 0.037676 0.80002
0.34642 0.037628 0.81256
0.33578 0.037601 0.81982
0.35581 0.037614 0.8238
0.34623 0.03758 0.84178
0.34401 0.03756 0.8586
0.36304 0.037601 0.83596
0.36221 0.037567 0.85959
0.33841 0.037544 0.87736
0.3417 0.037538 0.89138
0.35462 0.037543 0.88611
0.34676 0.037533 0.9089
0.34006 0.037506 0.92639
0.35444 0.037533 0.91197
0.35439 0.037512 0.92345
0.34622 0.037472 0.93788
0.33795 0.034836 0.95827
0.36108 0.037479 0.93774
0.35309 0.034228 0.96254
0.37143 0.037516 0.03516
0.38104 0.037519 0.056593
0.38982 0.037518 0.041098
0.39088 0.037524 0.071254
0.39455 0.037534 0.093426
0.37095 0.037536 0.10597
0.38119 0.037547 0.11903
0.39379 0.037543 0.10976
0.38859 0.037548 0.11846
0.37074 0.037575 0.14724
0.37212 0.037602 0.16077
0.39408 0.03758 0.14097
0.37845 0.037631 0.17104
0.37318 0.037654 0.18321
0.39336 0.037726 0.19403
0.37399 0.037725 0.20161
0.37693 0.037807 0.21804
0.38863 0.037776 0.20698
0.38831 0.037826 0.21655
0.37208 0.037947 0.24161
0.36934 0.038034 0.25268
0.39553 0.037982 0.23352
0.39156 0.038192 0.25487
0.36772 0.038169 0.26666
0.36551 0.038428 0.2869
0.39064 0.038388 0.26965
0.3782 0.03852 0.28345
0.36958 0.038844 0.30543
0.38373 0.038796 0.29361
0.38162 0.038958 0.30163
0.35643 0.038985 0.32004
0.35732 0.039492 0.33616
0.34218 0.040031 0.36405
0.36747 0.040031 0.3417
0.34005 0.040485 0.38076
0.34688 0.040673 0.37706
0.34065 0.04077 0.3912
0.325 0.041043 0.42668
0.3218 0.041252 0.44025
0.33163 0.040973 0.41462
0.32354 0.041491 0.44574
0.31153 0.041371 0.47206
0.31644 0.042098 0.48785
0.30896 0.041584 0.51631
0.31594 0.041489 0.54635
0.31448 0.042119 0.51334
0.31877 0.041626 0.54822
0.32313 0.041157 0.56923
0.32443 0.040701 0.58275
0.3311 0.040341 0.60258
0.33737 0.040028 0.62037
0.34027 0.040889 0.60214
0.3546 0.040675 0.62816
0.34623 0.039745 0.63896
0.34809 0.039591 0.64641
0.35724 0.040048 0.64213
0.36483 0.039942 0.6529
0.35202 0.039221 0.66286
0.35753 0.0389 0.68082
0.37692 0.03968 0.66841
0.38031 0.03941 0.67746
0.35975 0.038715 0.69104
0.37443 0.039037 0.68756
0.38206 0.038693 0.70672
0.37723 0.038193 0.7347
0.39068 0.038548 0.71895
0.386 0.038231 0.73611
0.37525 0.037967 0.75308
0.36703 0.037895 0.75832
0.38292 0.038033 0.75053
0.3794 0.037797 0.78076
0.37721 0.037716 0.79851
0.38584 0.037842 0.77629
0.37669 0.037682 0.80809
0.37056 0.037619 0.82934
0.37373 0.037606 0.83735
0.37245 0.037576 0.85471
0.3877 0.037616 0.83783
0.38925 0.037575 0.86278
0.37506 0.037558 0.87468
0.3707 0.037543 0.89401
0.39229 0.037546 0.89771
0.37466 0.037537 0.90886
0.38146 0.037515 0.92799
0.38789 0.037539 0.90835
0.39497 0.037512 0.93066
0.37861 0.037489 0.94139
0.37272 0.035899 0.9539
0.39151 0.037493 0.94217
0.39763 0.035655 0.95477
0.41447 0.037521 0.036685
0.41999 0.037521 0.041476
0.42097 0.037525 0.064478
0.40475 0.037529 0.081093
0.42606 0.037529 0.073348
0.43114 0.037541 0.094361
0.41429 0.037548 0.10801
0.40479 0.037555 0.11939
0.42154 0.037548 0.10564
0.4213 0.037572 0.12657
0.41123 0.037597 0.14594
0.40622 0.037633 0.16227
0.42585 0.037621 0.15343
0.40948 0.03766 0.17132
0.4081 0.037736 0.19172
0.42037 0.037687 0.17757
0.42254 0.037715 0.18423
0.41208 0.037969 0.22528
0.42422 0.03784 0.20645
0.42921 0.037892 0.21334
0.39872 0.038039 0.23851
0.40892 0.038299 0.2544
0.42863 0.038066 0.22985
0.40662 0.038481 0.26735
0.40187 0.038591 0.2751
0.42377 0.038863 0.27658
0.4051 0.039042 0.29206
0.39497 0.039222 0.30258
0.4198 0.038995 0.28304
0.41319 0.03926 0.29534
0.39179 0.039653 0.31662
0.39204 0.040044 0.32588
0.41251 0.039794 0.30839
0.39884 0.040292 0.3265
0.37423 0.040707 0.35059
0.4026 0.040632 0.32989
0.35599 0.040939 0.37269
0.34915 0.041225 0.3901
0.38004 0.041427 0.35804
0.3656 0.041412 0.37512
0.34355 0.041465 0.40878
0.33665 0.04164 0.42911
0.35835 0.041368 0.38763
0.32533 0.041804 0.45599
0.31949 0.042138 0.48778
0.33424 0.041085 0.44633
0.3227 0.041792 0.49772
0.32045 0.042126 0.50594
0.32214 0.042169 0.53678
0.32405 0.041262 0.51186
0.32933 0.041639 0.54872
0.33904 0.041586 0.58125
0.35423 0.041525 0.60136
0.36002 0.041237 0.626
0.38612 0.041286 0.64783
0.37228 0.040648 0.64676
0.38475 0.040066 0.66491
0.39108 0.040824 0.65583
0.38908 0.039761 0.67281
0.39689 0.039516 0.68323
0.4029 0.039948 0.67567
0.41442 0.039749 0.68562
0.39196 0.039042 0.69687
0.39948 0.038908 0.70533
0.41899 0.039306 0.70072
0.42155 0.038977 0.71224
0.40721 0.038591 0.72336
0.40285 0.038368 0.73339
0.42118 0.038469 0.73353
0.40336 0.038012 0.76103
0.42132 0.038193 0.75131
0.41637 0.03802 0.76521
0.40832 0.037874 0.77983
0.40085 0.037755 0.79829
0.42559 0.037893 0.78188
0.429 0.037802 0.79691
0.41323 0.037692 0.816
0.43018 0.037741 0.80905
0.4179 0.037671 0.82431
0.40412 0.037626 0.83868
0.42348 0.037594 0.8604
0.41237 0.037563 0.87939
0.40804 0.037549 0.89703
0.42719 0.037566 0.87992
0.422 0.037557 0.88855
0.40976 0.037544 0.90721
0.40802 0.037514 0.92988
0.42713 0.03752 0.92748
0.40276 0.037488 0.94483
0.41832 0.0375 0.93791
0.42796 0.034396 0.96117
0.4377 0.037522 0.041561
0.44347 0.037526 0.061627
0.4569 0.037523 0.0451
0.43763 0.037529 0.071901
0.43812 0.037541 0.092461
0.46481 0.037534 0.080654
0.45849 0.037546 0.096444
0.43493 0.037567 0.12091
0.46232 0.037553 0.10343
0.44539 0.037604 0.14121
0.43761 0.037636 0.15651
0.45408 0.03761 0.14326
0.46369 0.037653 0.15783
0.44604 0.037684 0.16998
0.44272 0.03777 0.1901
0.46082 0.037718 0.17716
0.45811 0.037806 0.19333
0.44562 0.037858 0.20389
0.44 0.03793 0.21507
0.45295 0.038035 0.2217
0.43672 0.038135 0.23344
0.43257 0.038308 0.24653
0.45046 0.038161 0.23198
0.43449 0.038476 0.2556
0.43362 0.038708 0.26799
0.4551 0.038722 0.26207
0.4581 0.039029 0.27139
0.43011 0.039061 0.28072
0.44445 0.039431 0.28646
0.45094 0.039928 0.29451
0.42604 0.039965 0.30588
0.42008 0.040365 0.3171
0.44667 0.040109 0.2996
0.43977 0.040388 0.30873
0.41832 0.040771 0.32402
0.40331 0.041407 0.3399
0.44492 0.041165 0.31662
0.43328 0.041414 0.32527
0.41594 0.041875 0.34012
0.36599 0.040539 0.38351
0.35168 0.039888 0.41056
0.39743 0.039782 0.35647
0.37798 0.036917 0.3792
0.34078 0.039883 0.43575
0.32921 0.038418 0.48028
0.33647 0.035097 0.49659
0.32816 0.038705 0.52147
0.33383 0.040114 0.5519
0.33209 0.037399 0.52932
0.35843 0.037479 0.59205
0.36858 0.039783 0.61347
0.38029 0.040498 0.62839
0.37578 0.038578 0.61843
0.38755 0.03965 0.63193
0.39393 0.041658 0.64465
0.40386 0.04097 0.64635
0.41819 0.041187 0.66318
0.41234 0.040527 0.67031
0.43484 0.041188 0.67034
0.44494 0.040871 0.67872
0.42414 0.040022 0.68388
0.42413 0.039778 0.69025
0.44416 0.040242 0.6883
0.44283 0.03999 0.69344
0.4281 0.039288 0.70437
0.43787 0.039052 0.71521
0.45911 0.039141 0.71637
0.43591 0.038704 0.72681
0.44199 0.038442 0.74057
0.45111 0.038791 0.72701
0.45627 0.038436 0.74332
0.44499 0.038304 0.74943
0.43389 0.038045 0.76701
0.45792 0.038247 0.75428
0.45459 0.038072 0.76852
0.43847 0.037933 0.7801
0.44028 0.037799 0.80014
0.4529 0.037924 0.78371
0.46393 0.037813 0.8017
0.44221 0.037692 0.8218
0.45334 0.03772 0.81633
0.45321 0.037689 0.82523
0.44382 0.037651 0.83791
0.43695 0.037599 0.86048
0.46234 0.037655 0.83869
0.43929 0.037583 0.87061
0.43995 0.037558 0.89044
0.45237 0.037569 0.88105
0.45994 0.037558 0.89443
0.44654 0.037544 0.91381
0.44652 0.037524 0.92586
0.45968 0.037545 0.91454
0.45536 0.037517 0.93027
0.44372 0.037484 0.94708
0.4636 0.037496 0.9435
0.45952 0.034164 0.96322
0.36005 0.042606 0.43955
0.34659 0.043056 0.47223
0.34963 0.042768 0.54431
0.35212 0.039719 0.51511
0.48127 0.037524 0.046134
0.47816 0.037529 0.064735
0.49584 0.037524 0.03906
0.48803 0.037529 0.062726
0.471 0.037535 0.08116
0.47433 0.037545 0.093429
0.49214 0.037533 0.073877
0.49124 0.037546 0.094528
0.48114 0.037561 0.1116
0.47649 0.037569 0.11822
0.48566 0.037556 0.10576
0.49503 0.037586 0.12672
0.47487 0.037607 0.13844
0.49181 0.037643 0.15266
0.47023 0.037709 0.1729
0.47704 0.037777 0.18624
0.48665 0.037701 0.16883
0.47801 0.03788 0.20137
0.47472 0.03802 0.21754
0.48947 0.037866 0.19868
0.48954 0.037999 0.21498
0.47152 0.038265 0.23635
0.47763 0.038363 0.24138
0.48667 0.038188 0.22936
0.4924 0.038342 0.24001
0.4658 0.038769 0.26205
0.47855 0.0389 0.26471
0.4923 0.038797 0.26085
0.49747 0.039149 0.27124
0.46906 0.03958 0.28325
0.47228 0.039929 0.28877
0.48532 0.040022 0.28842
0.46418 0.040456 0.29924
0.46832 0.041207 0.3062
0.48617 0.040682 0.29803
0.49058 0.041335 0.30455
0.46504 0.041599 0.31154
0.46788 0.042054 0.31464
0.4927 0.042332 0.31405
0.45125 0.041562 0.32675
0.47737 0.041985 0.31755
0.47961 0.040825 0.32003
0.41205 0.03833 0.35018
0.40263 0.035503 0.36175
0.46499 0.037224 0.32889
0.467 0.035102 0.33415
0.38489 0.033852 0.39673
0.45821 0.033429 0.49191
0.37096 0.033541 0.54838
0.38023 0.0352 0.61188
0.44116 0.03417 0.64361
0.43106 0.037017 0.65069
0.47438 0.034775 0.65419
0.48829 0.037339 0.66324
0.43306 0.040438 0.65792
0.45168 0.041265 0.66837
0.48471 0.040249 0.66937
0.49346 0.041177 0.67427
0.45575 0.041397 0.67379
0.45956 0.040747 0.68427
0.47726 0.04144 0.67864
0.49356 0.040762 0.68601
0.45746 0.04055 0.68666
0.46117 0.039992 0.69649
0.497 0.040315 0.69119
0.47068 0.039677 0.70404
0.46968 0.039063 0.72047
0.48262 0.039522 0.70765
0.4906 0.039213 0.71639
0.47536 0.038628 0.73577
0.49065 0.038998 0.72423
0.49224 0.038569 0.73948
0.47605 0.038311 0.75216
0.47774 0.038141 0.76412
0.49364 0.038278 0.7543
0.49526 0.038137 0.76486
0.47962 0.038031 0.77582
0.47059 0.037857 0.79569
0.49171 0.037827 0.80202
0.4789 0.037687 0.82915
0.49392 0.037762 0.81202
0.49179 0.03768 0.83196
0.47698 0.037644 0.84308
0.47928 0.037608 0.85909
0.48613 0.037613 0.85644
0.47624 0.037582 0.87481
0.47358 0.037566 0.88569
0.49423 0.037575 0.8802
0.46959 0.037526 0.92724
0.49118 0.037551 0.90871
0.48639 0.037523 0.92969
0.47622 0.037499 0.94434
0.4762 0.036411 0.95247
0.48744 0.037508 0.93814
0.46016 0.034671 0.39412
0.38445 0.035163 0.51617
0.43336 0.034778 0.54963
0.45893 0.035115 0.59835
0.45956 0.039464 0.35025
0.47773 0.041291 0.34331
0.37126 0.038984 0.4251
0.35698 0.037826 0.47136
0.37949 0.041062 0.40252
0.35656 0.040697 0.4528
0.47574 0.036556 0.35908
0.39645 0.034842 0.43448
0.47111 0.039399 0.34757
0.45342 0.034763 0.49012
0.38323 0.035779 0.55463
0.34666 0.043118 0.53696
0.40444 0.041397 0.61759
0.48263 0.03485 0.59335
0.44145 0.038482 0.63365
0.44798 0.035154 0.57847
0.42941 0.039681 0.63198
0.41125 0.040909 0.62228
0.48052 0.041191 0.34385
0.3919 0.040047 0.39558
0.37068 0.036344 0.47543
0.41172 0.038338 0.38752
0.36256 0.037807 0.48224
0.43627 0.041166 0.35655
0.41466 0.035215 0.46957
0.43737 0.037108 0.38162
0.46187 0.035863 0.43203
0.3607 0.040639 0.56332
0.36915 0.041019 0.57962
0.35419 0.039178 0.50829
0.40417 0.036735 0.57619
0.4185 0.035353 0.53489
0.46777 0.03585 0.60155
0.47551 0.035533 0.51427
0.43777 0.036421 0.60013
0.41298 0.040925 0.62284
0.46702 0.041371 0.64381
0.44175 0.036006 0.42134
0.46328 0.036313 0.5716
0.50744 0.037524 0.045748
0.52531 0.037524 0.047897
0.52435 0.037527 0.057938
0.50675 0.037533 0.072622
0.50688 0.037543 0.090014
0.52952 0.037531 0.068784
0.52362 0.037543 0.09042
0.50219 0.037559 0.1084
0.51198 0.037572 0.11922
0.52726 0.03756 0.11094
0.52263 0.037568 0.11775
0.51489 0.037613 0.14079
0.5127 0.037638 0.15147
0.51907 0.03761 0.13925
0.52058 0.037672 0.16156
0.5104 0.037695 0.16747
0.51515 0.03775 0.18189
0.529 0.037726 0.17807
0.51911 0.037752 0.18257
0.51475 0.037907 0.20526
0.50243 0.037965 0.21235
0.52802 0.037862 0.20102
0.53063 0.037941 0.21281
0.51229 0.038223 0.23284
0.51081 0.038434 0.24507
0.52416 0.038222 0.23417
0.52092 0.038461 0.24716
0.50544 0.039054 0.26958
0.52593 0.0387 0.25967
0.52261 0.038844 0.26533
0.50642 0.03942 0.27902
0.51703 0.039903 0.29072
0.53296 0.039291 0.27916
0.53728 0.039766 0.29158
0.50666 0.040482 0.29828
0.53979 0.040291 0.30158
0.54363 0.040533 0.30651
0.50339 0.042249 0.31459
0.53118 0.041399 0.31174
0.54996 0.041848 0.32312
0.51073 0.04178 0.31909
0.51312 0.041216 0.32083
0.56508 0.041274 0.33516
0.53595 0.037701 0.32997
0.52853 0.035518 0.33302
0.56057 0.037743 0.33915
0.58924 0.035349 0.36308
0.54755 0.033507 0.38029
0.61572 0.034313 0.39815
0.6206 0.033552 0.45266
0.50814 0.033433 0.56048
0.5246 0.033953 0.64893
0.60674 0.033503 0.56511
0.61 0.034994 0.62306
0.50275 0.038203 0.66552
0.56028 0.037956 0.65578
0.55715 0.040186 0.6614
0.54354 0.041035 0.66881
0.50686 0.040831 0.68336
0.53849 0.041319 0.67355
0.54358 0.040781 0.68068
0.50921 0.040337 0.68983
0.5168 0.039932 0.69651
0.53538 0.040104 0.69088
0.5385 0.039881 0.69592
0.51024 0.039512 0.70726
0.50331 0.03924 0.71533
0.52499 0.0396 0.70446
0.53607 0.039216 0.71358
0.50195 0.038736 0.73238
0.50854 0.038501 0.74281
0.51986 0.038483 0.74357
0.50709 0.038294 0.75329
0.50818 0.038152 0.76316
0.52696 0.038395 0.74763
0.51971 0.038136 0.76447
0.51453 0.038025 0.77651
0.50497 0.037862 0.79647
0.52693 0.037934 0.78518
0.53149 0.037846 0.79687
0.5065 0.037756 0.81271
0.51191 0.03771 0.82149
0.52368 0.037729 0.81647
0.52408 0.037695 0.82564
0.51066 0.03762 0.85384
0.53155 0.037606 0.86068
0.50908 0.03758 0.87748
0.51462 0.037564 0.89172
0.53024 0.03758 0.87667
0.53098 0.037561 0.89427
0.50165 0.037547 0.91456
0.52019 0.03755 0.91126
0.50413 0.036563 0.95203
0.52738 0.037471 0.9447
0.5253 0.034887 0.95806
0.52071 0.034404 0.50327
0.53477 0.034641 0.57232
0.5163 0.035988 0.36272
0.58976 0.034592 0.45859
0.56235 0.041261 0.35808
0.50064 0.03469 0.41933
0.63909 0.037214 0.51868
0.60482 0.039958 0.3986
0.64842 0.040921 0.51467
0.55732 0.034617 0.56056
0.50697 0.036791 0.63404
0.58009 0.035433 0.58335
0.55934 0.040851 0.63485
0.61587 0.035668 0.56107
0.58926 0.039234 0.61616
0.64838 0.043291 0.55147
0.61709 0.042338 0.60372
0.51736 0.040441 0.64729
0.53655 0.040359 0.3511
0.5411 0.039002 0.35796
0.51309 0.035009 0.45813
0.52972 0.036738 0.37726
0.55119 0.036138 0.43197
0.60113 0.040192 0.39757
0.6288 0.037989 0.4688
0.61027 0.036798 0.45853
0.57326 0.035645 0.5632
0.54633 0.03878 0.63284
0.5496 0.035839 0.54062
0.52917 0.036275 0.60081
0.6381 0.041598 0.56579
0.60513 0.040899 0.60844
0.63175 0.038522 0.54639
0.5127 0.035879 0.41611
0.54283 0.035724 0.44073
0.5591 0.036533 0.55376
0.54062 0.037525 0.055147
0.56241 0.037522 0.036799
0.55822 0.037528 0.064459
0.54259 0.037545 0.095116
0.55428 0.037531 0.073043
0.55495 0.03754 0.090918
0.54276 0.037558 0.11162
0.5471 0.037582 0.12764
0.55226 0.037556 0.11087
0.55227 0.037581 0.12782
0.5432 0.037602 0.1383
0.56251 0.037598 0.13973
0.55547 0.037624 0.15118
0.54605 0.037705 0.17509
0.56425 0.037684 0.17297
0.54745 0.037855 0.20395
0.53981 0.037995 0.21898
0.56486 0.037819 0.20152
0.55964 0.038001 0.2229
0.54447 0.038109 0.22924
0.55501 0.038072 0.22815
0.56717 0.038383 0.25228
0.54611 0.038663 0.26122
0.56633 0.038623 0.26487
0.56539 0.038778 0.27083
0.5477 0.039581 0.29
0.57131 0.03911 0.28471
0.56823 0.03936 0.29178
0.55816 0.040049 0.30196
0.56038 0.040626 0.31269
0.57331 0.039959 0.30827
0.58171 0.0402 0.3184
0.55266 0.041047 0.31494
0.5712 0.041568 0.33064
0.57861 0.040707 0.32437
0.57744 0.041413 0.34115
0.60927 0.041043 0.35719
0.61289 0.041059 0.36416
0.6113 0.037069 0.37664
0.62658 0.040376 0.38303
0.6278 0.034986 0.42049
0.64517 0.034605 0.46599
0.65831 0.034601 0.52689
0.66872 0.038697 0.53318
0.65659 0.039452 0.57533
0.62367 0.038155 0.62163
0.58874 0.040157 0.64837
0.63442 0.039414 0.61254
0.63384 0.040525 0.61857
0.59391 0.040864 0.64794
0.62015 0.041018 0.63544
0.59687 0.0413 0.65211
0.57261 0.041278 0.66669
0.55205 0.04082 0.679
0.58719 0.040471 0.67193
0.55635 0.040351 0.6853
0.55329 0.039769 0.69723
0.57966 0.040304 0.67782
0.54449 0.03956 0.70321
0.55135 0.039078 0.71721
0.56861 0.039388 0.70174
0.5584 0.039037 0.71692
0.53804 0.038773 0.72993
0.53968 0.038495 0.74183
0.56159 0.038872 0.72284
0.54007 0.038327 0.75065
0.55338 0.038188 0.75753
0.56365 0.03803 0.76962
0.53849 0.038002 0.77671
0.54242 0.037829 0.79808
0.56411 0.03788 0.78548
0.56358 0.037787 0.80149
0.54753 0.037765 0.80852
0.54219 0.037672 0.8319
0.55419 0.037747 0.81066
0.55501 0.037677 0.82825
0.53925 0.037624 0.84962
0.55279 0.037623 0.84826
0.55969 0.037595 0.86318
0.54094 0.037565 0.88717
0.55587 0.037569 0.88166
0.56369 0.037562 0.88905
0.5461 0.037551 0.90879
0.53652 0.037513 0.9292
0.55839 0.037547 0.91203
0.55452 0.037515 0.92879
0.54314 0.037476 0.9439
0.54717 0.034576 0.9599
0.56257 0.037486 0.94109
0.55352 0.036187 0.95303
0.649 0.040512 0.52279
0.64657 0.041099 0.53599
0.57486 0.037521 0.04545
0.58511 0.037521 0.040867
0.59306 0.037524 0.063769
0.57093 0.037543 0.09738
0.58737 0.037528 0.074482
0.59368 0.037538 0.09616
0.57018 0.037555 0.11342
0.57478 0.037575 0.12837
0.59237 0.037546 0.10732
0.58519 0.037558 0.11929
0.5805 0.037602 0.14665
0.59701 0.037582 0.13918
0.59151 0.037619 0.15694
0.57798 0.037681 0.17657
0.57098 0.037728 0.18623
0.58662 0.037679 0.17895
0.59667 0.037692 0.18519
0.57176 0.037934 0.21873
0.59149 0.037827 0.21021
0.57641 0.038103 0.23608
0.57597 0.038332 0.25194
0.60087 0.037971 0.2326
0.5925 0.038223 0.25122
0.5829 0.038384 0.2574
0.59273 0.038404 0.26296
0.59698 0.038629 0.27678
0.57701 0.039032 0.28448
0.58534 0.039198 0.29554
0.60025 0.038883 0.29186
0.5982 0.039072 0.29887
0.58721 0.039711 0.31075
0.61118 0.039391 0.31819
0.61685 0.03954 0.32707
0.59445 0.040325 0.32952
0.6132 0.040544 0.34924
0.6179 0.040091 0.34173
0.62494 0.040706 0.36855
0.63388 0.040622 0.3841
0.63801 0.040324 0.37182
0.63707 0.040631 0.39532
0.64505 0.040735 0.43058
0.64772 0.040405 0.413
0.64992 0.040551 0.42854
0.65183 0.039812 0.45472
0.66785 0.041025 0.49299
0.65419 0.040602 0.44658
0.6701 0.041237 0.48899
0.67302 0.041131 0.52617
0.67031 0.041355 0.55297
0.67481 0.041523 0.51519
0.67131 0.041514 0.55745
0.66121 0.041191 0.57436
0.63276 0.040896 0.62266
0.66719 0.04146 0.57093
0.65305 0.041122 0.60012
0.6316 0.041124 0.63129
0.64023 0.041051 0.62518
0.63143 0.040828 0.64156
0.60928 0.040722 0.65662
0.60067 0.040459 0.66589
0.62079 0.040231 0.66075
0.59138 0.039977 0.6786
0.58296 0.039523 0.6931
0.6165 0.039704 0.67469
0.60314 0.039435 0.68855
0.58574 0.039232 0.69996
0.59618 0.039247 0.69641
0.59305 0.038917 0.70911
0.57241 0.038473 0.73695
0.59189 0.03842 0.73387
0.57306 0.038299 0.74676
0.5972 0.038071 0.75487
0.59233 0.037956 0.76963
0.57075 0.037827 0.79216
0.5913 0.037755 0.80085
0.57808 0.037754 0.80459
0.5764 0.037683 0.82091
0.58979 0.037686 0.81679
0.57728 0.03762 0.84502
0.59619 0.037608 0.84589
0.57271 0.037579 0.87232
0.59577 0.037553 0.89508
0.5729 0.037547 0.91059
0.59199 0.037546 0.90885
0.57305 0.037473 0.94702
0.5762 0.036489 0.9522
0.59042 0.037489 0.94248
0.58508 0.034158 0.96324
0.60837 0.037519 0.045607
0.61067 0.037522 0.062835
0.62838 0.037517 0.042802
0.63029 0.037518 0.054158
0.61403 0.037525 0.076522
0.60239 0.037532 0.08897
0.63058 0.037524 0.080856
0.62563 0.037527 0.087251
0.60968 0.037546 0.11336
0.60822 0.037565 0.12945
0.62112 0.037539 0.10653
0.62731 0.037553 0.12609
0.60246 0.037573 0.13427
0.61375 0.037615 0.16216
0.62722 0.037565 0.13646
0.62799 0.037582 0.15116
0.60679 0.037648 0.17418
0.61402 0.037676 0.18639
0.62692 0.037617 0.16888
0.61322 0.037762 0.20722
0.60755 0.037879 0.22411
0.62277 0.037757 0.21095
0.62371 0.037818 0.22261
0.60666 0.038063 0.24626
0.62396 0.037927 0.23984
0.62735 0.037991 0.24943
0.63113 0.038207 0.27101
0.61818 0.038857 0.30311
0.62774 0.038527 0.29157
0.64208 0.03878 0.31656
0.63687 0.038955 0.32087
0.64895 0.039226 0.34302
0.62934 0.039821 0.3437
0.64107 0.039987 0.3639
0.64199 0.03948 0.34618
0.65162 0.039611 0.36525
0.65348 0.040152 0.40504
0.66186 0.039949 0.40815
0.6587 0.040058 0.42048
0.66027 0.040176 0.44432
0.66482 0.039928 0.43059
0.66805 0.039879 0.43588
0.67515 0.040659 0.48018
0.67556 0.040134 0.46145
0.68206 0.040504 0.48922
0.6811 0.041036 0.5088
0.67763 0.041588 0.54688
0.6859 0.040686 0.50622
0.68304 0.041153 0.53608
0.67614 0.041369 0.56291
0.66585 0.040942 0.59042
0.68136 0.041052 0.56137
0.67306 0.040868 0.58291
0.65613 0.040806 0.60961
0.66045 0.040449 0.61614
0.63773 0.040252 0.6484
0.6537 0.039738 0.64713
0.6237 0.039687 0.67169
0.61527 0.039344 0.68729
0.63595 0.038789 0.69419
0.63705 0.038625 0.70101
0.60876 0.03864 0.71679
0.60632 0.038352 0.73222
0.62757 0.038189 0.73336
0.6107 0.038098 0.74813
0.60539 0.03799 0.76005
0.62504 0.038001 0.75027
0.62483 0.037936 0.75741
0.6093 0.037805 0.78336
0.61055 0.037773 0.78911
0.62598 0.037773 0.78264
0.62827 0.037739 0.78916
0.60295 0.037721 0.80518
0.60591 0.037633 0.8328
0.62832 0.037681 0.80722
0.6321 0.037621 0.82939
0.60652 0.037617 0.83981
0.60206 0.03759 0.85417
0.62457 0.037598 0.84362
0.62234 0.037578 0.85731
0.6093 0.037569 0.87086
0.60426 0.037554 0.89116
0.61849 0.037558 0.87921
0.62847 0.03755 0.88879
0.607 0.037544 0.90969
0.60778 0.037524 0.92691
0.61945 0.037522 0.92828
0.60954 0.037495 0.94536
0.62153 0.037506 0.93805
0.62762 0.034051 0.9644
0.63747 0.037516 0.047177
0.65226 0.037515 0.038431
0.65425 0.037518 0.064387
0.64477 0.037522 0.080088
0.63867 0.03753 0.096939
0.6619 0.037519 0.07437
0.66478 0.037521 0.0861
0.65425 0.037534 0.11097
0.64665 0.037586 0.16107
0.65674 0.037557 0.14292
0.6581 0.037578 0.16052
0.64226 0.037606 0.17024
0.644 0.037658 0.19334
0.65715 0.037603 0.17712
0.65375 0.037619 0.18404
0.6438 0.03768 0.20015
0.6414 0.03774 0.21648
0.66331 0.037655 0.20253
0.6627 0.0377 0.21801
0.6384 0.037866 0.2378
0.64578 0.037964 0.25587
0.65876 0.037925 0.25969
0.64193 0.038132 0.27195
0.6427 0.03829 0.2859
0.66746 0.037956 0.2721
0.65839 0.038089 0.28135
0.65069 0.038415 0.30254
0.66855 0.038427 0.32026
0.65121 0.038754 0.32326
0.66045 0.03901 0.34834
0.67147 0.038492 0.32935
0.67745 0.038651 0.35106
0.66898 0.039198 0.37709
0.67454 0.039018 0.37549
0.678 0.039489 0.41199
0.68312 0.039218 0.40115
0.68508 0.039342 0.41311
0.67675 0.039635 0.4323
0.6836 0.039566 0.44975
0.68945 0.039384 0.43471
0.68738 0.039925 0.47414
0.68889 0.040022 0.48322
0.69273 0.039781 0.47465
0.69647 0.039899 0.49329
0.68996 0.040341 0.50315
0.68998 0.040662 0.52727
0.69808 0.040036 0.51029
0.70238 0.039913 0.5295
0.69492 0.04022 0.55723
0.69161 0.040061 0.57596
0.68154 0.040249 0.59004
0.67694 0.039879 0.61046
0.68713 0.03954 0.60974
0.66633 0.039453 0.6408
0.68191 0.0394 0.62336
0.67149 0.039214 0.64395
0.66094 0.03921 0.6572
0.67744 0.03884 0.65531
0.65427 0.038323 0.70442
0.66518 0.038502 0.68405
0.6636 0.038306 0.69824
0.64489 0.038241 0.71803
0.64112 0.038111 0.73158
0.65934 0.038087 0.72019
0.66809 0.037958 0.72995
0.64676 0.037983 0.74115
0.64107 0.037872 0.75814
0.66053 0.037877 0.74648
0.65707 0.037828 0.75602
0.63668 0.037761 0.78045
0.64602 0.037698 0.79165
0.65482 0.037745 0.7752
0.65479 0.037674 0.79534
0.64564 0.037653 0.80859
0.64224 0.037613 0.8292
0.66217 0.037626 0.81154
0.66388 0.037594 0.83025
0.64379 0.037599 0.83664
0.64338 0.037574 0.85317
0.65371 0.037586 0.84127
0.65928 0.037561 0.86248
0.64745 0.03755 0.88025
0.64737 0.037546 0.88815
0.65417 0.037548 0.88134
0.66258 0.037542 0.89343
0.64355 0.03754 0.90775
0.63609 0.037516 0.92732
0.66227 0.037539 0.90262
0.65856 0.03753 0.91855
0.63496 0.037489 0.94185
0.64059 0.035978 0.95362
0.65584 0.037476 0.93974
0.66379 0.035631 0.95472
0.67939 0.037513 0.045156
0.68153 0.037513 0.051967
0.69801 0.037512 0.040666
0.68928 0.037514 0.059482
0.69691 0.037515 0.07236
0.69541 0.037519 0.092719
0.66927 0.037527 0.10303
0.66969 0.037539 0.12468
0.67328 0.037549 0.14225
0.6755 0.037564 0.15879
0.67896 0.037577 0.17094
0.69185 0.037572 0.17512
0.67912 0.037639 0.20732
0.67011 0.037684 0.21827
0.6943 0.037628 0.21362
0.68665 0.037674 0.2261
0.67564 0.037752 0.24002
0.68731 0.037733 0.24564
0.69366 0.037733 0.25028
0.68102 0.03795 0.28494
0.69715 0.037821 0.27637
0.69025 0.037887 0.28392
0.68101 0.038236 0.31734
0.69708 0.038016 0.30914
0.69733 0.038057 0.31532
0.68985 0.038241 0.33153
0.68659 0.038393 0.34362
0.6981 0.038223 0.34085
0.69707 0.03834 0.35374
0.68719 0.038612 0.36478
0.68748 0.038743 0.37643
0.70402 0.038407 0.37224
0.70605 0.038472 0.38243
0.69686 0.03881 0.39713
0.69728 0.039078 0.41972
0.70642 0.03864 0.3998
0.71411 0.038656 0.41877
0.70149 0.039293 0.45743
0.71374 0.038817 0.44186
0.7048 0.039426 0.47591
0.71057 0.039333 0.49048
0.71979 0.038978 0.47476
0.72142 0.039077 0.49596
0.70624 0.039701 0.51267
0.70588 0.03973 0.53105
0.71936 0.039243 0.52153
0.70575 0.039714 0.5412
0.70471 0.039504 0.56956
0.71661 0.039288 0.53905
0.7164 0.039108 0.56909
0.694 0.039277 0.61062
0.7124 0.039095 0.58102
0.7145 0.038781 0.60364
0.69954 0.038993 0.61554
0.70619 0.038729 0.62301
0.70625 0.038516 0.63886
0.68728 0.03863 0.65508
0.68585 0.038531 0.66284
0.70007 0.038508 0.64737
0.69944 0.038339 0.66132
0.67933 0.038142 0.69943
0.69445 0.038079 0.69105
0.68321 0.037967 0.7158
0.67386 0.03794 0.72783
0.68953 0.037995 0.70697
0.67851 0.037787 0.75018
0.67161 0.037747 0.76528
0.69442 0.037777 0.74143
0.698 0.037693 0.76214
0.67471 0.037709 0.77339
0.67671 0.037651 0.79161
0.69253 0.037678 0.77154
0.68646 0.037624 0.79895
0.67223 0.037626 0.80659
0.68566 0.037615 0.8045
0.68763 0.037581 0.8271
0.67966 0.037563 0.8481
0.69341 0.037567 0.83773
0.6865 0.03755 0.86454
0.67955 0.037549 0.87073
0.68996 0.037547 0.86965
0.69048 0.037538 0.8939
0.67813 0.037536 0.90807
0.66888 0.037492 0.9305
0.68873 0.037486 0.92965
0.67973 0.037446 0.94235
0.68104 0.034134 0.96341
0.69482 0.034946 0.95758
0.70784 0.037511 0.037459
0.70681 0.037512 0.055038
0.72352 0.03751 0.042633
0.72612 0.037511 0.061132
0.70951 0.037514 0.07683
0.72704 0.037513 0.076153
0.7098 0.037519 0.10215
0.70634 0.037529 0.12754
0.72503 0.03752 0.11325
0.72895 0.037524 0.12844
0.70427 0.037549 0.15889
0.73113 0.037531 0.14774
0.72891 0.037539 0.1601
0.70511 0.037565 0.17711
0.70309 0.037587 0.19397
0.72098 0.037548 0.16917
0.73023 0.037557 0.18746
0.70512 0.037596 0.2013
0.70473 0.037626 0.21967
0.72033 0.037589 0.20939
0.71266 0.037669 0.2453
0.73173 0.037647 0.2523
0.7168 0.037722 0.2676
0.71736 0.037786 0.28762
0.70756 0.037907 0.30286
0.71654 0.037955 0.32473
0.7335 0.037786 0.30532
0.72394 0.037913 0.32657
0.7183 0.037975 0.33121
0.71982 0.038089 0.35387
0.72966 0.03791 0.33291
0.73614 0.037966 0.35535
0.72337 0.038165 0.37309
0.71607 0.038335 0.38332
0.73055 0.038062 0.36629
0.72961 0.038196 0.38992
0.72244 0.038413 0.40817
0.73937 0.038148 0.40024
0.73318 0.038307 0.41824
0.72676 0.038472 0.43229
0.72283 0.038755 0.45869
0.73984 0.038325 0.44041
0.73743 0.038438 0.45666
0.72854 0.038674 0.46819
0.73004 0.038767 0.4883
0.73399 0.038544 0.46621
0.74015 0.038556 0.49035
0.73784 0.038652 0.50731
0.74161 0.038593 0.52163
0.72735 0.03894 0.54802
0.74079 0.03857 0.54621
0.74315 0.03843 0.56693
0.72713 0.038489 0.60304
0.74237 0.038381 0.5795
0.73718 0.038406 0.59081
0.71886 0.038351 0.63456
0.73087 0.038366 0.61105
0.7349 0.038147 0.63476
0.71633 0.038222 0.65142
0.71958 0.038124 0.6577
0.72785 0.038131 0.64663
0.7293 0.037996 0.66452
0.71541 0.037952 0.68452
0.71099 0.037937 0.69323
0.72572 0.037944 0.67605
0.7288 0.037852 0.68982
0.71696 0.037807 0.71213
0.70517 0.037805 0.72548
0.7213 0.037756 0.72099
0.70833 0.037731 0.74146
0.70762 0.037687 0.75553
0.72878 0.037685 0.73867
0.72487 0.037646 0.75741
0.71168 0.037636 0.77489
0.70253 0.037618 0.79118
0.72331 0.037621 0.77375
0.71174 0.037577 0.81404
0.70249 0.037572 0.82587
0.72424 0.037581 0.80253
0.71461 0.037558 0.83549
0.70242 0.037549 0.85833
0.72098 0.037555 0.83572
0.70936 0.037538 0.88054
0.70337 0.037537 0.88527
0.71947 0.037539 0.87182
0.73156 0.037533 0.89538
0.70234 0.037534 0.90858
0.71357 0.037526 0.91799
0.72983 0.037533 0.90511
0.70909 0.034581 0.95971
0.73107 0.037443 0.94022
0.73756 0.03751 0.043629
0.74024 0.03751 0.057601
0.76006 0.03751 0.058906
0.75487 0.037511 0.077583
0.75261 0.037513 0.091624
0.7633 0.037514 0.10527
0.75321 0.037517 0.11877
0.74142 0.037527 0.14707
0.73755 0.037531 0.15286
0.75468 0.037521 0.1352
0.76266 0.037526 0.15866
0.73889 0.037541 0.17206
0.74463 0.037553 0.19509
0.75479 0.037537 0.17887
0.75336 0.037546 0.19343
0.74831 0.037559 0.2066
0.7428 0.037592 0.23052
0.76021 0.037567 0.22494
0.7424 0.037612 0.2436
0.76452 0.037574 0.23539
0.74754 0.037646 0.26776
0.73723 0.037708 0.28343
0.7617 0.037626 0.2717
0.74426 0.0378 0.3243
0.75489 0.037697 0.30058
0.7584 0.037735 0.322
0.74257 0.037848 0.33604
0.74378 0.037934 0.36122
0.76002 0.03778 0.34311
0.76433 0.037791 0.35492
0.75323 0.037914 0.37634
0.75018 0.037972 0.38457
0.76819 0.037819 0.3737
0.76026 0.037906 0.3876
0.74919 0.038047 0.39981
0.74958 0.038157 0.42775
0.76653 0.037935 0.41048
0.74753 0.03823 0.44048
0.74862 0.038298 0.46005
0.76529 0.038036 0.44244
0.76868 0.038034 0.4537
0.75668 0.038208 0.46782
0.75062 0.038372 0.48708
0.77119 0.038057 0.47469
0.77027 0.038088 0.48531
0.76823 0.038126 0.50798
0.76202 0.038193 0.53061
0.74982 0.038384 0.54474
0.74945 0.038327 0.5633
0.76461 0.038148 0.54131
0.77129 0.03805 0.55655
0.75548 0.038147 0.58343
0.7603 0.038038 0.60017
0.76525 0.037977 0.60608
0.74187 0.038006 0.64706
0.74227 0.037921 0.66258
0.76101 0.037869 0.64615
0.74568 0.037837 0.67602
0.74304 0.037777 0.69463
0.76296 0.037737 0.68281
0.74674 0.037707 0.71334
0.74359 0.037668 0.73204
0.74333 0.037629 0.74923
0.74029 0.037627 0.75364
0.75831 0.037598 0.75614
0.74513 0.037593 0.7745
0.74397 0.037575 0.79318
0.7537 0.037589 0.76983
0.74824 0.037554 0.81342
0.74776 0.037546 0.83118
0.75575 0.037557 0.80457
0.76161 0.037544 0.82282
0.73854 0.037539 0.85867
0.75614 0.037538 0.84655
0.74345 0.037536 0.8682
0.73953 0.037532 0.89726
0.75607 0.037532 0.87746
0.75551 0.037531 0.89241
0.74633 0.037531 0.90165
0.76175 0.03753 0.90879
0.75438 0.037491 0.92864
0.73678 0.03745 0.93912
0.73852 0.034937 0.95762
0.76324 0.034449 0.96067
0.77161 0.037509 0.044035
0.78006 0.037509 0.052631
0.79461 0.037509 0.047569
0.7976 0.03751 0.063565
0.77538 0.03751 0.069006
0.78974 0.037511 0.090803
0.78031 0.037513 0.11424
0.77937 0.037516 0.12987
0.79106 0.037513 0.11084
0.79475 0.037514 0.12516
0.78038 0.037518 0.14468
0.77767 0.037522 0.15798
0.78727 0.037516 0.13762
0.78858 0.037522 0.16253
0.77781 0.037528 0.17798
0.79701 0.037522 0.16884
0.78594 0.037533 0.19616
0.77734 0.037542 0.20721
0.78025 0.037554 0.2283
0.79325 0.037537 0.21195
0.78924 0.037547 0.2273
0.77163 0.037569 0.23794
0.7713 0.037598 0.26298
0.78895 0.037554 0.23688
0.78933 0.037566 0.25454
0.79222 0.037583 0.27592
0.77052 0.037678 0.31215
0.77689 0.037686 0.32774
0.79843 0.037602 0.3012
0.78777 0.037647 0.32234
0.77811 0.037708 0.34426
0.77765 0.03774 0.36018
0.78738 0.037667 0.33728
0.7875 0.037694 0.35671
0.78077 0.037755 0.37566
0.78466 0.037764 0.39233
0.79671 0.037697 0.37478
0.79775 0.037721 0.39352
0.78353 0.037801 0.40726
0.78085 0.037853 0.4225
0.79043 0.037763 0.40476
0.79527 0.037783 0.42863
0.78055 0.037903 0.44387
0.79378 0.03782 0.4469
0.79171 0.037837 0.4514
0.77745 0.037984 0.47148
0.78252 0.037952 0.48775
0.79422 0.037846 0.47024
0.80149 0.037821 0.49305
0.78558 0.037927 0.51301
0.79441 0.037864 0.50961
0.8007 0.037825 0.5309
0.7759 0.037995 0.56025
0.79567 0.037854 0.53631
0.79742 0.037822 0.5631
0.78096 0.037903 0.57976
0.77858 0.037902 0.5903
0.79461 0.037815 0.57834
0.78423 0.037828 0.60406
0.79195 0.037784 0.60594
0.7724 0.037821 0.64008
0.77181 0.037769 0.6592
0.79457 0.037702 0.64541
0.78932 0.037682 0.66538
0.77271 0.037702 0.68275
0.77465 0.037679 0.69067
0.79515 0.037642 0.68107
0.79472 0.037636 0.68612
0.77905 0.037634 0.70969
0.76922 0.037622 0.73062
0.78565 0.037593 0.73192
0.77581 0.037598 0.74026
0.77939 0.037572 0.76277
0.79599 0.037576 0.74057
0.79454 0.037546 0.79327
0.77014 0.037545 0.81449
0.77654 0.037538 0.82941
0.78659 0.037544 0.805
0.79694 0.037534 0.82946
0.77567 0.037533 0.85206
0.78705 0.037533 0.84097
0.77759 0.03753 0.87635
0.77143 0.03753 0.89464
0.79501 0.037529 0.89144
0.77672 0.037492 0.93078
0.79125 0.037529 0.91259
0.78111 0.037454 0.94766
0.77216 0.034175 0.96302
0.79057 0.037462 0.94113
0.79573 0.035289 0.956
0.80212 0.037509 0.046851
0.80277 0.037509 0.05425
0.82827 0.03751 0.047025
0.83073 0.03751 0.0523
0.80214 0.03751 0.077337
0.80369 0.037511 0.092757
0.8274 0.03751 0.073211
0.82025 0.037511 0.089975
0.80889 0.037512 0.10513
0.80755 0.037513 0.12308
0.81919 0.037512 0.1081
0.82626 0.037513 0.12539
0.82632 0.037515 0.14052
0.8188 0.03752 0.17444
0.81875 0.037522 0.18621
0.8095 0.03753 0.20692
0.80271 0.037539 0.22238
0.83051 0.037526 0.21293
0.82694 0.03753 0.22288
0.8038 0.037546 0.23788
0.80719 0.037555 0.25812
0.82872 0.037541 0.25822
0.81539 0.03756 0.28109
0.81061 0.037573 0.28989
0.83085 0.037549 0.27813
0.82402 0.037562 0.29362
0.81456 0.037578 0.30272
0.80924 0.037601 0.31896
0.82581 0.037568 0.30425
0.8193 0.037592 0.32822
0.80726 0.03763 0.3435
0.81204 0.03763 0.35329
0.82074 0.037606 0.34608
0.80761 0.037672 0.37788
0.80687 0.037696 0.39663
0.82967 0.037621 0.37842
0.80737 0.037709 0.40916
0.80818 0.037728 0.42806
0.82435 0.037667 0.42323
0.80889 0.037742 0.44238
0.81757 0.037714 0.45451
0.83099 0.037662 0.43954
0.81052 0.037762 0.47252
0.80646 0.037794 0.49321
0.80618 0.037797 0.51251
0.81511 0.037745 0.52152
0.82608 0.037702 0.5216
0.81192 0.03775 0.55623
0.82131 0.037707 0.55235
0.81174 0.037707 0.59813
0.83172 0.037662 0.57867
0.8265 0.037661 0.5956
0.81394 0.037676 0.61393
0.81455 0.037655 0.62902
0.82833 0.037644 0.60863
0.82182 0.037639 0.62572
0.80672 0.03766 0.64701
0.80727 0.03765 0.65366
0.82182 0.037629 0.63669
0.81252 0.037619 0.66907
0.80551 0.037604 0.69811
0.82363 0.037587 0.6868
0.80803 0.037589 0.70958
0.82245 0.037573 0.70852
0.8047 0.037572 0.73586
0.8057 0.037555 0.76126
0.83102 0.037551 0.74002
0.83165 0.037545 0.75494
0.80275 0.03755 0.77432
0.80653 0.037541 0.79557
0.83042 0.037538 0.77794
0.82421 0.037536 0.79239
0.80927 0.037537 0.80502
0.82384 0.037531 0.8258
0.8036 0.037531 0.84585
0.81014 0.037529 0.85867
0.82891 0.037529 0.84182
0.82855 0.037529 0.86103
0.81409 0.037529 0.87111
0.80367 0.037529 0.8901
0.82573 0.037529 0.87999
0.80538 0.037529 0.90539
0.80442 0.037515 0.92074
0.81822 0.03753 0.90661
0.80443 0.037459 0.93751
0.81213 0.034391 0.96106
0.82681 0.03742 0.94771
0.82045 0.034137 0.96334
0.84157 0.03751 0.044743
0.83845 0.03751 0.0549
0.86082 0.037511 0.044905
0.84448 0.037511 0.07915
0.848 0.037511 0.091325
0.85146 0.037511 0.074321
0.85327 0.037512 0.089585
0.85491 0.037512 0.10812
0.85428 0.037513 0.13158
0.83898 0.037514 0.14635
0.84581 0.037515 0.15866
0.85841 0.037514 0.14186
0.85226 0.037514 0.15197
0.8367 0.037518 0.18069
0.8392 0.03752 0.19149
0.85631 0.037517 0.18079
0.86428 0.037518 0.19577
0.8482 0.037521 0.20823
0.83626 0.037529 0.22874
0.85962 0.037521 0.21022
0.8517 0.037525 0.23024
0.84657 0.037529 0.24427
0.85622 0.037527 0.2448
0.85832 0.037529 0.25536
0.85511 0.037535 0.27373
0.85723 0.037541 0.29412
0.84208 0.037558 0.31347
0.83569 0.03757 0.32268
0.85964 0.037544 0.30617
0.85457 0.037551 0.31869
0.84044 0.037583 0.35281
0.85632 0.037559 0.34078
0.86432 0.037561 0.35965
0.84382 0.037593 0.37883
0.85265 0.037577 0.37736
0.86127 0.037575 0.39
0.84769 0.037602 0.40916
0.84904 0.037605 0.42216
0.8532 0.037589 0.40401
0.86232 0.03759 0.42946
0.84187 0.037633 0.44094
0.83676 0.037656 0.45611
0.8555 0.037604 0.44513
0.86047 0.037602 0.45976
0.83983 0.037655 0.4767
0.84426 0.037644 0.49106
0.84313 0.037649 0.51251
0.84925 0.037626 0.53083
0.86517 0.0376 0.52177
0.84554 0.037635 0.54118
0.84648 0.037627 0.55646
0.86319 0.0376 0.54163
0.86047 0.037601 0.55438
0.84795 0.037616 0.57593
0.84036 0.037627 0.5953
0.8619 0.037594 0.5746
0.85404 0.037598 0.59125
0.84819 0.037595 0.62107
0.85851 0.037589 0.60255
0.85263 0.037583 0.6315
0.84693 0.037575 0.65976
0.86258 0.03757 0.63953
0.85627 0.037564 0.66336
0.84571 0.037565 0.67954
0.83703 0.03757 0.68874
0.85828 0.037559 0.67203
0.86098 0.037549 0.6968
0.83842 0.03756 0.70687
0.84506 0.037548 0.72486
0.85289 0.03755 0.70349
0.85377 0.037543 0.72771
0.84253 0.037545 0.73761
0.83991 0.037539 0.76377
0.85554 0.037535 0.7596
0.83649 0.037534 0.79435
0.85929 0.037533 0.7704
0.86355 0.037531 0.78957
0.8399 0.03753 0.81425
0.8622 0.03753 0.80401
0.85913 0.037529 0.82153
0.84198 0.037529 0.84205
0.85886 0.037529 0.83786
0.85996 0.037529 0.85554
0.84456 0.03753 0.87446
0.84012 0.03753 0.89557
0.85862 0.03753 0.86865
0.84359 0.037527 0.91781
0.86247 0.037532 0.90436
0.85395 0.03752 0.92092
0.84806 0.037479 0.93506
0.84108 0.034495 0.9603
0.86137 0.037488 0.93463
0.85957 0.034128 0.96348
0.86855 0.037512 0.039127
0.87029 0.037512 0.061108
0.88523 0.037513 0.039939
0.88672 0.037513 0.051967
0.87996 0.037513 0.076548
0.88051 0.037513 0.092216
0.89521 0.037514 0.078639
0.88932 0.037514 0.08607
0.87984 0.037514 0.10894
0.88064 0.037514 0.12771
0.88914 0.037514 0.11878
0.8737 0.037514 0.13801
0.88106 0.037515 0.15819
0.89267 0.037515 0.14773
0.88781 0.037515 0.16193
0.87531 0.037518 0.1908
0.89197 0.037516 0.16952
0.89617 0.037517 0.18942
0.87055 0.037519 0.20373
0.87602 0.037521 0.21947
0.8896 0.037519 0.2108
0.88544 0.03752 0.222
0.86849 0.037524 0.23718
0.87167 0.037531 0.27457
0.87379 0.037533 0.28973
0.8968 0.037524 0.26905
0.88949 0.037529 0.29198
0.8698 0.037541 0.31457
0.87964 0.037538 0.32272
0.8865 0.037531 0.30307
0.88549 0.037535 0.31962
0.87688 0.037547 0.34492
0.89272 0.037538 0.33951
0.89775 0.037539 0.35318
0.87733 0.037557 0.38017
0.87001 0.037566 0.38795
0.89169 0.037546 0.37227
0.89477 0.037549 0.39308
0.87257 0.03757 0.40801
0.87496 0.037571 0.42063
0.89601 0.037553 0.41387
0.89161 0.037556 0.41967
0.88173 0.037568 0.44223
0.88599 0.037566 0.45229
0.88091 0.037574 0.4812
0.87895 0.037578 0.49608
0.88567 0.037569 0.49429
0.86984 0.037593 0.50595
0.87723 0.03758 0.53046
0.88864 0.037568 0.5138
0.89025 0.037566 0.52653
0.87351 0.037585 0.54043
0.88973 0.037566 0.53854
0.89386 0.037563 0.55262
0.87799 0.037573 0.57453
0.87558 0.03757 0.59703
0.89031 0.037561 0.57492
0.88703 0.037559 0.59783
0.87461 0.037569 0.60524
0.87982 0.037557 0.63051
0.88662 0.037557 0.60876
0.886 0.037553 0.62577
0.8779 0.037553 0.64813
0.88723 0.037548 0.64589
0.89049 0.037545 0.65794
0.87039 0.037552 0.67383
0.89732 0.037538 0.6961
0.87014 0.037542 0.7114
0.87918 0.037536 0.72845
0.89392 0.037537 0.70241
0.88924 0.037535 0.72123
0.87202 0.037535 0.74356
0.8707 0.037533 0.76307
0.88611 0.037533 0.74152
0.89688 0.037531 0.76225
0.87324 0.037531 0.77846
0.87746 0.03753 0.79527
0.88926 0.037529 0.7861
0.87041 0.037529 0.81367
0.8766 0.037529 0.82283
0.88832 0.037529 0.80284
0.87589 0.037529 0.83863
0.88065 0.037531 0.86203
0.89381 0.03753 0.83773
0.88559 0.037531 0.8571
0.87379 0.037533 0.88983
0.89132 0.037532 0.86828
0.89437 0.037534 0.8885
0.87918 0.037534 0.90234
0.88044 0.037511 0.92819
0.89244 0.037535 0.90893
0.89604 0.037503 0.92983
0.87144 0.037481 0.94027
0.89753 0.034409 0.96099
0.90448 0.037515 0.037538
0.91147 0.037515 0.054277
0.92187 0.037503 0.038856
0.9145 0.037516 0.07562
0.90311 0.037515 0.090703
0.92818 0.037482 0.094952
0.91082 0.037516 0.10928
0.909 0.037515 0.12985
0.92051 0.037505 0.1041
0.92304 0.037499 0.11869
0.90499 0.037515 0.13523
0.90748 0.037516 0.1592
0.92161 0.037505 0.13971
0.91311 0.037517 0.18864
0.92737 0.037501 0.17207
0.93014 0.037489 0.19689
0.91405 0.037518 0.20595
0.91162 0.037519 0.22304
0.9265 0.037488 0.20997
0.91835 0.037513 0.22705
0.90776 0.03752 0.24719
0.92722 0.037498 0.24372
0.92118 0.037512 0.25694
0.90777 0.037523 0.27085
0.9308 0.037496 0.28056
0.92987 0.037498 0.29486
0.91092 0.03753 0.32641
0.92272 0.037513 0.3033
0.92155 0.037518 0.32323
0.90323 0.037534 0.33719
0.90618 0.037538 0.36246
0.92843 0.037508 0.3381
0.9186 0.037529 0.35672
0.90509 0.03754 0.37291
0.90994 0.037542 0.39203
0.92409 0.037519 0.39658
0.92401 0.03752 0.40439
0.92975 0.037509 0.43151
0.90447 0.037554 0.45613
0.92616 0.037519 0.43641
0.90658 0.037555 0.4816
0.90374 0.037557 0.49735
0.92628 0.037517 0.47354
0.92358 0.037525 0.48746
0.91037 0.037553 0.50496
0.91119 0.037552 0.52459
0.92734 0.03752 0.51394
0.92469 0.037526 0.52096
0.92296 0.037526 0.53933
0.92474 0.037519 0.55583
0.91298 0.037546 0.59647
0.9239 0.037534 0.57633
0.92758 0.037529 0.59587
0.90862 0.037546 0.60557
0.90343 0.037546 0.62256
0.92072 0.037535 0.6066
0.92236 0.037529 0.61886
0.90174 0.037544 0.64349
0.93089 0.037487 0.64709
0.92152 0.037518 0.66261
0.91191 0.037535 0.687
0.92352 0.03751 0.68028
0.92695 0.0375 0.69494
0.91118 0.037533 0.7037
0.92147 0.037517 0.70778
0.90829 0.037531 0.73942
0.91183 0.03753 0.7586
0.91867 0.037523 0.73557
0.91816 0.037525 0.76376
0.91315 0.037529 0.77082
0.91223 0.037529 0.78732
0.92493 0.037509 0.77503
0.92573 0.037508 0.79464
0.90377 0.03753 0.81463
0.91122 0.03753 0.82112
0.92009 0.03752 0.8021
0.91781 0.037526 0.82502
0.90508 0.037532 0.84435
0.90551 0.037533 0.86114
0.92271 0.037508 0.83501
0.91838 0.037526 0.8607
0.91104 0.037534 0.87216
0.91843 0.037528 0.87082
0.93006 0.037499 0.88863
0.90676 0.037536 0.90906
0.908 0.037502 0.92832
0.91999 0.037525 0.90809
0.92812 0.037474 0.92436
0.90652 0.037469 0.94052
0.91268 0.03469 0.95905
0.9185 0.03746 0.93902
0.92379 0.034491 0.96033
0.9374 0.037467 0.042216
0.93765 0.037465 0.05482
0.95386 0.035878 0.037289
0.95733 0.035007 0.061462
0.93454 0.037464 0.074905
0.95983 0.034567 0.087898
0.94648 0.037435 0.10646
0.959 0.034704 0.12816
0.94637 0.037456 0.14582
0.94285 0.037469 0.15622
0.95825 0.034838 0.14139
0.95157 0.036706 0.15852
0.93583 0.037489 0.1721
0.94568 0.037459 0.19574
0.95476 0.035625 0.19722
0.93935 0.037456 0.20571
0.93941 0.037455 0.22853
0.96312 0.034161 0.21447
0.96085 0.034422 0.22149
0.9402 0.037477 0.24731
0.94636 0.037471 0.25279
0.96076 0.034441 0.23715
0.95216 0.036484 0.26395
0.94298 0.037475 0.2713
0.93943 0.03748 0.2883
0.9594 0.03465 0.27569
0.94093 0.037476 0.30229
0.94043 0.037482 0.3304
0.95444 0.035724 0.30196
0.96431 0.034055 0.32478
0.945 0.037479 0.34243
0.94249 0.037484 0.35719
0.95833 0.034829 0.36009
0.93943 0.037484 0.36849
0.94673 0.037459 0.39784
0.9641 0.034073 0.37988
0.95153 0.036731 0.39662
0.94502 0.037464 0.40739
0.96335 0.034146 0.41035
0.95597 0.035324 0.42906
0.9406 0.037484 0.44538
0.94476 0.037473 0.45224
0.95297 0.036197 0.43601
0.95943 0.034646 0.45322
0.93833 0.037479 0.47327
0.9634 0.034139 0.47997
0.95459 0.035678 0.49575
0.9453 0.03747 0.50952
0.94122 0.037479 0.52289
0.95229 0.036444 0.51253
0.95936 0.034651 0.52745
0.93555 0.037479 0.55509
0.9642 0.034064 0.53976
0.95794 0.034892 0.55779
0.94215 0.03751 0.59379
0.93898 0.0375 0.61258
0.93922 0.03749 0.62139
0.95921 0.034674 0.62639
0.94291 0.037458 0.63817
0.96096 0.034414 0.63589
0.96339 0.034135 0.65798
0.94759 0.037429 0.67558
0.95961 0.0346 0.67373
0.95881 0.034733 0.69457
0.93975 0.037465 0.71261
0.93877 0.037465 0.72353
0.95367 0.035941 0.71441
0.95437 0.035728 0.71954
0.9427 0.037446 0.75443
0.95508 0.035519 0.74583
0.95936 0.034643 0.75469
0.94038 0.037477 0.77812
0.94046 0.037474 0.79795
0.9573 0.035022 0.78625
0.93891 0.037475 0.80303
0.95372 0.035918 0.81126
0.95877 0.034733 0.82963
0.93738 0.037444 0.84517
0.96486 0.034001 0.8563
0.94216 0.037468 0.88541
0.95924 0.034654 0.8696
0.93726 0.037453 0.92156
0.95607 0.035271 0.90728
0.96452 0.034032 0.92011
0.93819 0.03741 0.93622
0.94185 0.034805 0.95825
0.95909 0.034662 0.94228
0.95401 0.033964 0.96271
