2635
1 1 1
0.034959 0.037723 0.044762
0.040922 0.037724 0.054019
0.062017 0.037725 0.035648
0.0581 0.037725 0.051272
0.045962 0.037726 0.068591
0.043451 0.037727 0.092694
0.05944 0.037726 0.080239
0.055932 0.037727 0.09634
0.03849 0.037727 0.10978
0.04114 0.037729 0.11965
0.062903 0.037725 0.10652
0.062329 0.037733 0.14189
0.040291 0.037722 0.18737
0.057933 0.037724 0.17736
0.060663 0.037722 0.19288
0.036113 0.037722 0.19766
0.040259 0.037721 0.22335
0.052958 0.037722 0.20267
0.055993 0.037722 0.21595
0.047549 0.03772 0.2323
0.042154 0.03772 0.25337
0.052578 0.03772 0.23862
0.061182 0.037719 0.25317
0.047019 0.03772 0.26516
0.046185 0.037721 0.28215
0.055308 0.037721 0.27413
0.062659 0.037722 0.28282
0.061406 0.037725 0.30376
0.057045 0.037726 0.31887
0.044894 0.037726 0.34016
0.061591 0.037723 0.34877
0.045911 0.037722 0.37024
0.044959 0.037721 0.38366
0.060175 0.037722 0.36809
0.055632 0.037724 0.38995
0.044331 0.037727 0.40063
0.037484 0.037731 0.42017
0.059914 0.037728 0.40343
0.053688 0.037732 0.41496
0.042157 0.037733 0.44348
0.058528 0.037735 0.44121
0.057688 0.037737 0.45757
0.041558 0.037736 0.47125
0.043366 0.037736 0.48628
0.051631 0.037738 0.47098
0.057142 0.037736 0.48995
0.038255 0.037726 0.50651
0.037957 0.037721 0.52804
0.053998 0.037728 0.50852
0.058181 0.037725 0.52707
0.044975 0.037721 0.53978
0.042718 0.037726 0.56598
0.060078 0.037725 0.53825
0.058755 0.037726 0.5594
0.036958 0.037728 0.57738
0.035848 0.037733 0.60018
0.050974 0.03773 0.57594
0.052847 0.037735 0.59642
0.043294 0.037734 0.60505
0.036161 0.037735 0.63263
0.050855 0.037737 0.6112
0.056687 0.037739 0.62415
0.050891 0.037735 0.65227
0.052812 0.037738 0.66434
0.04704 0.037739 0.67626
0.05193 0.037741 0.67444
0.057357 0.037744 0.69218
0.035935 0.037739 0.73339
0.059155 0.037739 0.71668
0.05119 0.037739 0.72611
0.043226 0.037739 0.74959
0.036967 0.037739 0.76502
0.058347 0.037738 0.74638
0.051556 0.037739 0.76315
0.040636 0.037739 0.77546
0.037144 0.037739 0.80148
0.057589 0.03774 0.78384
0.055719 0.03774 0.79348
0.039621 0.037739 0.82775
0.052412 0.037739 0.816
0.057903 0.037739 0.83312
0.037959 0.03774 0.84449
0.034994 0.037738 0.86299
0.053311 0.037739 0.83895
0.055631 0.037738 0.86099
0.035541 0.037737 0.87258
0.04492 0.037739 0.89354
0.057578 0.037735 0.87984
0.056096 0.037736 0.88983
0.04178 0.037748 0.9127
0.037028 0.033599 0.95632
0.058203 0.037636 0.94502
0.060648 0.033993 0.95434
0.078602 0.037729 0.045163
0.074543 0.037727 0.059421
0.077504 0.037724 0.087764
0.093457 0.037726 0.073531
0.090826 0.037725 0.087719
0.070687 0.037724 0.10565
0.071687 0.037726 0.1283
0.084407 0.037722 0.10809
0.088515 0.037722 0.12144
0.069208 0.03773 0.13909
0.088586 0.037723 0.13546
0.091847 0.037722 0.1567
0.071272 0.037723 0.17453
0.06737 0.037721 0.18934
0.093271 0.037718 0.17431
0.093744 0.037718 0.18944
0.076435 0.037721 0.20417
0.075101 0.037721 0.22099
0.087736 0.037721 0.20923
0.095849 0.037717 0.22479
0.068964 0.037718 0.242
0.071483 0.037717 0.24839
0.084514 0.037717 0.24256
0.088802 0.037717 0.25071
0.075109 0.03772 0.27114
0.074129 0.037722 0.28845
0.094204 0.037717 0.27116
0.067335 0.037724 0.30506
0.067664 0.037723 0.32413
0.091412 0.037716 0.30352
0.089333 0.037716 0.32466
0.070422 0.037721 0.34322
0.088412 0.037717 0.33904
0.087162 0.037718 0.35399
0.074887 0.037719 0.37707
0.090162 0.03772 0.37036
0.093763 0.03772 0.38214
0.068495 0.037729 0.40869
0.072402 0.037732 0.42204
0.091819 0.037731 0.41085
0.085077 0.037736 0.4175
0.068198 0.037736 0.44429
0.08246 0.037738 0.43612
0.083641 0.037741 0.4553
0.072855 0.037737 0.4734
0.076843 0.037737 0.48404
0.08843 0.037742 0.47927
0.087614 0.037741 0.49027
0.068073 0.037732 0.50207
0.083702 0.037735 0.51936
0.075794 0.037727 0.53637
0.070865 0.037727 0.56496
0.080977 0.037729 0.56262
0.072653 0.037728 0.57118
0.068359 0.037735 0.60012
0.083926 0.037735 0.57149
0.086539 0.037739 0.5955
0.072987 0.037743 0.63015
0.088047 0.037742 0.61332
0.092904 0.03774 0.62283
0.071749 0.037743 0.64331
0.09079 0.037744 0.66665
0.067192 0.037747 0.6832
0.084385 0.037751 0.67566
0.087511 0.037746 0.6953
0.075152 0.037739 0.71313
0.066812 0.037737 0.73402
0.089547 0.037739 0.72568
0.070202 0.037737 0.74659
0.075081 0.037738 0.75884
0.086792 0.037738 0.74273
0.08392 0.037739 0.7636
0.070558 0.03774 0.77466
0.072186 0.037739 0.80028
0.092868 0.037738 0.78614
0.071582 0.037737 0.81704
0.079291 0.037736 0.82444
0.091756 0.037737 0.80803
0.08901 0.037737 0.83331
0.073892 0.037739 0.84316
0.073803 0.037737 0.86238
0.088877 0.037735 0.86618
0.075921 0.037731 0.88323
0.08749 0.037732 0.87439
0.084327 0.037732 0.89085
0.070722 0.037743 0.91014
0.076216 0.037719 0.93113
0.088015 0.037736 0.90319
0.07074 0.037692 0.93884
0.085129 0.037707 0.94747
0.10956 0.037722 0.039001
0.10503 0.037724 0.057267
0.1254 0.037721 0.037858
0.12091 0.037722 0.05213
0.10187 0.037726 0.068201
0.10623 0.037725 0.094026
0.1231 0.037722 0.096227
0.10465 0.037721 0.10991
0.11269 0.037719 0.12817
0.12402 0.037717 0.11784
0.10657 0.037719 0.14053
0.10166 0.03772 0.1551
0.12544 0.037717 0.15512
0.10664 0.037715 0.17193
0.10536 0.037715 0.1866
0.12629 0.037715 0.16608
0.11763 0.037713 0.19271
0.11169 0.037713 0.21572
0.11653 0.037712 0.19993
0.11565 0.037713 0.22609
0.10461 0.037714 0.23723
0.099595 0.037714 0.25494
0.11938 0.037712 0.23645
0.10526 0.037712 0.27247
0.10487 0.03771 0.28516
0.11887 0.037706 0.2761
0.12681 0.0377 0.28265
0.10529 0.037706 0.30269
0.10589 0.037705 0.32511
0.1263 0.037697 0.30812
0.11496 0.037699 0.31684
0.10273 0.037708 0.3329
0.10377 0.037711 0.35753
0.1142 0.037707 0.35246
0.098107 0.037715 0.36456
0.1147 0.037714 0.36891
0.12049 0.037725 0.39274
0.1013 0.037723 0.3975
0.10091 0.037731 0.42456
0.11163 0.037729 0.42476
0.097124 0.037736 0.43703
0.097996 0.037739 0.44903
0.11208 0.037737 0.44358
0.11375 0.037741 0.45612
0.097275 0.037739 0.46995
0.10527 0.037735 0.48662
0.11476 0.037743 0.47128
0.12029 0.037746 0.4886
0.10154 0.037731 0.5029
0.097067 0.037731 0.52504
0.11702 0.037733 0.52533
0.10285 0.037732 0.53786
0.09858 0.037736 0.55969
0.11896 0.037738 0.54325
0.096756 0.037737 0.58273
0.098856 0.037737 0.59592
0.11577 0.037742 0.57641
0.11723 0.037736 0.60187
0.1065 0.03773 0.61766
0.10664 0.037728 0.62764
0.12288 0.037722 0.63298
0.10383 0.037729 0.64672
0.1035 0.03773 0.65977
0.11666 0.037724 0.6414
0.11382 0.037725 0.66856
0.10248 0.037736 0.68513
0.11927 0.037727 0.68493
0.10564 0.037741 0.73035
0.12405 0.03773 0.7088
0.12553 0.037731 0.73622
0.10021 0.037739 0.74124
0.10422 0.037736 0.75761
0.11845 0.037732 0.7659
0.10577 0.037734 0.77675
0.12624 0.037724 0.78079
0.11625 0.037729 0.79279
0.1077 0.037735 0.83105
0.11631 0.037733 0.80659
0.11967 0.037733 0.83503
0.10905 0.037735 0.84083
0.12468 0.03773 0.84416
0.12456 0.037729 0.8576
0.10754 0.037731 0.87703
0.11123 0.037732 0.89337
0.12737 0.03773 0.88377
0.12102 0.037732 0.89818
0.10235 0.037736 0.91034
0.12037 0.037734 0.91264
0.11885 0.037712 0.92573
0.10396 0.037694 0.93867
0.12847 0.037643 0.94661
0.12685 0.03334 0.96459
0.14044 0.037722 0.039748
0.15568 0.03772 0.035254
0.15728 0.037719 0.053211
0.13314 0.037722 0.075985
0.13834 0.037718 0.09504
0.15104 0.037719 0.071721
0.15528 0.037715 0.090151
0.13792 0.037715 0.10602
0.13947 0.037713 0.1173
0.14988 0.037711 0.1106
0.15409 0.03771 0.11612
0.13289 0.037716 0.13718
0.13376 0.037716 0.15873
0.15796 0.037712 0.15227
0.13225 0.037712 0.17745
0.15577 0.03771 0.17186
0.15447 0.037709 0.18343
0.13456 0.037709 0.2045
0.14025 0.037705 0.22428
0.1571 0.037701 0.20569
0.13342 0.037706 0.23688
0.14307 0.037698 0.25216
0.14901 0.037702 0.22988
0.1563 0.037691 0.25816
0.13563 0.037698 0.26642
0.13484 0.037694 0.28832
0.15353 0.03769 0.26607
0.15009 0.037689 0.28494
0.14229 0.03769 0.30215
0.13031 0.037695 0.31311
0.15542 0.037688 0.29623
0.14743 0.03769 0.31937
0.13252 0.037699 0.34148
0.14139 0.037695 0.34814
0.15203 0.037692 0.32986
0.13795 0.037703 0.3725
0.13232 0.03771 0.38138
0.15499 0.037698 0.3751
0.12841 0.037732 0.41995
0.14202 0.037728 0.4233
0.1352 0.037733 0.43908
0.12859 0.037741 0.4531
0.14678 0.037736 0.44161
0.14493 0.03774 0.45156
0.12926 0.037745 0.46887
0.12751 0.037745 0.48583
0.14643 0.037752 0.47119
0.13583 0.037723 0.50958
0.1351 0.037718 0.5241
0.15182 0.037736 0.50098
0.12916 0.037725 0.54578
0.13551 0.037715 0.56796
0.1426 0.037713 0.55032
0.15165 0.037724 0.55501
0.13631 0.037712 0.58444
0.1316 0.037719 0.59726
0.15079 0.03771 0.58452
0.14979 0.037709 0.59688
0.13109 0.037716 0.6144
0.13383 0.037714 0.63198
0.15189 0.037706 0.61932
0.14742 0.03771 0.6295
0.13716 0.037712 0.66336
0.15584 0.037708 0.64873
0.1465 0.037711 0.66479
0.13472 0.037715 0.67645
0.14055 0.037711 0.69695
0.14476 0.037709 0.68034
0.1472 0.037709 0.70455
0.12948 0.037724 0.70799
0.14061 0.037715 0.73582
0.15155 0.03771 0.71103
0.14731 0.03771 0.73571
0.14068 0.037717 0.75121
0.13464 0.03772 0.76846
0.15283 0.03771 0.74225
0.15647 0.037707 0.75861
0.13766 0.037719 0.79519
0.15079 0.037713 0.77878
0.15232 0.037717 0.80087
0.14306 0.037721 0.80897
0.14057 0.037725 0.82991
0.16111 0.037717 0.8165
0.15364 0.03772 0.83032
0.1388 0.037724 0.84881
0.14532 0.037722 0.86376
0.15813 0.037717 0.84775
0.15829 0.037718 0.8631
0.13552 0.037728 0.87777
0.15516 0.037725 0.88199
0.15363 0.037728 0.89853
0.13369 0.037732 0.90965
0.13865 0.037692 0.92876
0.15569 0.037731 0.91175
0.15334 0.037699 0.92577
0.13492 0.034728 0.9527
0.15705 0.037636 0.94103
0.15672 0.033359 0.96149
0.1692 0.037715 0.044761
0.17601 0.037713 0.060998
0.1852 0.037711 0.045447
0.18422 0.037711 0.054958
0.1689 0.037714 0.076047
0.1726 0.037712 0.091629
0.18772 0.03771 0.077558
0.1874 0.037709 0.092687
0.168 0.03771 0.10549
0.17205 0.037707 0.1282
0.18214 0.037709 0.10689
0.18897 0.037707 0.11745
0.17058 0.037705 0.14005
0.17718 0.0377 0.15323
0.18524 0.0377 0.14454
0.18953 0.037699 0.1497
0.17668 0.037694 0.19248
0.18825 0.037695 0.17123
0.18368 0.037694 0.1878
0.17275 0.037687 0.22554
0.18498 0.03769 0.20046
0.18413 0.037687 0.21875
0.17048 0.037686 0.23791
0.1726 0.03768 0.25595
0.18442 0.037677 0.2477
0.18565 0.037671 0.269
0.18123 0.037675 0.28725
0.16392 0.037683 0.29548
0.17012 0.037682 0.31254
0.18349 0.037677 0.30683
0.1859 0.037676 0.32344
0.16262 0.037684 0.33984
0.16525 0.037682 0.34668
0.17962 0.037675 0.33514
0.18258 0.037677 0.34455
0.17101 0.037683 0.36922
0.181 0.037685 0.37197
0.1775 0.037683 0.38892
0.16553 0.037695 0.42366
0.1852 0.037685 0.40074
0.185 0.037692 0.41958
0.16497 0.037705 0.43662
0.16548 0.037713 0.45168
0.18046 0.037702 0.4332
0.1735 0.037715 0.45809
0.16136 0.037736 0.48615
0.17446 0.037738 0.4769
0.17709 0.037746 0.48525
0.1601 0.037727 0.50202
0.15981 0.03772 0.53035
0.17853 0.037741 0.50803
0.17607 0.037735 0.53016
0.16007 0.037723 0.54568
0.17194 0.037719 0.56341
0.16747 0.037699 0.58074
0.15861 0.037702 0.59377
0.17947 0.037707 0.5869
0.17428 0.037689 0.59925
0.16764 0.037687 0.61063
0.16194 0.037697 0.6322
0.17517 0.037685 0.60884
0.17544 0.037684 0.62801
0.16246 0.037703 0.65081
0.1645 0.037702 0.6608
0.18682 0.037708 0.65525
0.18746 0.037704 0.66688
0.16482 0.037702 0.67878
0.16397 0.037703 0.69464
0.17722 0.037696 0.67675
0.18041 0.037699 0.69667
0.17037 0.037701 0.72172
0.1673 0.037701 0.73333
0.18029 0.037698 0.70961
0.18128 0.037694 0.73823
0.17393 0.037693 0.75253
0.16725 0.037699 0.7601
0.18261 0.037691 0.75194
0.16694 0.037712 0.79463
0.18699 0.037699 0.77496
0.18666 0.037708 0.80107
0.17225 0.037712 0.80919
0.18532 0.03771 0.81692
0.18706 0.037707 0.83149
0.17695 0.037709 0.84166
0.16812 0.037713 0.85786
0.18592 0.037707 0.84851
0.18409 0.037707 0.85545
0.16641 0.03772 0.87676
0.16639 0.037725 0.89288
0.1919 0.037709 0.87179
0.19121 0.037715 0.89099
0.16845 0.037681 0.92948
0.18343 0.037673 0.9305
0.17806 0.034199 0.95372
0.18508 0.037635 0.9388
0.19019 0.033615 0.9562
0.19961 0.03771 0.044198
0.20779 0.037708 0.058257
0.22112 0.037707 0.034957
0.21921 0.037707 0.056035
0.20649 0.037707 0.068285
0.20322 0.037706 0.087899
0.22364 0.037704 0.070355
0.22022 0.037702 0.092537
0.2088 0.037703 0.099845
0.20281 0.037703 0.12568
0.22533 0.037701 0.10032
0.21715 0.037702 0.12019
0.20172 0.037701 0.14076
0.19723 0.037691 0.17203
0.2073 0.037687 0.188
0.22341 0.037679 0.17078
0.2257 0.037673 0.18167
0.20258 0.037688 0.19865
0.21979 0.03768 0.19832
0.20793 0.037672 0.23624
0.22143 0.037675 0.23089
0.21867 0.037669 0.25448
0.2009 0.037653 0.27119
0.19603 0.037655 0.27944
0.21901 0.037658 0.26514
0.21227 0.037636 0.28339
0.20397 0.037636 0.30411
0.20181 0.037646 0.32392
0.21078 0.037623 0.31249
0.1953 0.037662 0.32973
0.19987 0.037658 0.35237
0.21152 0.037636 0.32908
0.22074 0.037647 0.34593
0.20318 0.037649 0.3621
0.19993 0.037653 0.37974
0.21515 0.037644 0.3605
0.20797 0.03764 0.38631
0.19747 0.037669 0.40429
0.20612 0.037653 0.40106
0.19681 0.037692 0.42775
0.18746 0.037727 0.45478
0.21023 0.037701 0.42912
0.20937 0.037737 0.44776
0.19233 0.037747 0.46691
0.19445 0.037762 0.48809
0.19885 0.037761 0.47497
0.2026 0.037784 0.4885
0.19045 0.037757 0.51012
0.19232 0.037748 0.52387
0.19315 0.037736 0.54123
0.19413 0.037728 0.55581
0.20445 0.037738 0.55673
0.19209 0.037709 0.58671
0.18878 0.037707 0.59913
0.20808 0.037724 0.58463
0.20807 0.037723 0.59168
0.1897 0.037702 0.6118
0.19175 0.037705 0.63705
0.21483 0.037715 0.63745
0.19214 0.037706 0.65359
0.20136 0.037698 0.66024
0.21445 0.037711 0.64611
0.20203 0.037687 0.67852
0.1966 0.037687 0.70049
0.21291 0.037684 0.67998
0.21166 0.037677 0.70186
0.19576 0.037684 0.71418
0.19573 0.037681 0.73304
0.21247 0.03767 0.71608
0.21484 0.037663 0.72715
0.19979 0.037685 0.76455
0.216 0.037673 0.75315
0.19923 0.037698 0.78579
0.20619 0.037697 0.79742
0.21695 0.037684 0.77707
0.20116 0.037704 0.83525
0.22384 0.037699 0.81986
0.22071 0.037699 0.83413
0.20174 0.037702 0.84922
0.20525 0.0377 0.86239
0.21923 0.037699 0.84049
0.22065 0.037696 0.86158
0.20433 0.037703 0.87753
0.20684 0.037708 0.89459
0.21707 0.037697 0.87911
0.22201 0.037702 0.89743
0.21102 0.037675 0.92797
0.22192 0.037715 0.91475
0.19918 0.037593 0.94714
0.21055 0.033348 0.96268
0.21865 0.03761 0.94296
0.21905 0.033509 0.95726
0.23157 0.037705 0.034964
0.23517 0.037703 0.060896
0.24881 0.037702 0.042275
0.25692 0.037698 0.055648
0.23687 0.037701 0.066937
0.23318 0.0377 0.08346
0.25281 0.037695 0.074804
0.25608 0.037693 0.084054
0.24266 0.037698 0.117
0.25248 0.037694 0.099593
0.24797 0.037694 0.12356
0.23222 0.037693 0.14186
0.25131 0.037687 0.13635
0.25707 0.037676 0.15257
0.23237 0.037671 0.17287
0.24232 0.03766 0.18764
0.24968 0.037663 0.17277
0.25548 0.03766 0.18212
0.23559 0.037662 0.20687
0.22911 0.03767 0.22485
0.25211 0.037655 0.20169
0.22856 0.03767 0.23978
0.23538 0.037669 0.2453
0.23729 0.037656 0.26836
0.23622 0.037643 0.28824
0.25594 0.037646 0.27757
0.25449 0.03764 0.30135
0.25092 0.037645 0.3161
0.22863 0.037637 0.34892
0.24728 0.037636 0.33719
0.253 0.037645 0.35414
0.23194 0.037628 0.36061
0.24416 0.037627 0.36648
0.23965 0.037614 0.3804
0.22312 0.037652 0.39945
0.23253 0.037651 0.41279
0.24258 0.037632 0.39296
0.22644 0.037679 0.42676
0.22262 0.037725 0.44667
0.24313 0.037684 0.43017
0.2368 0.037724 0.44958
0.21555 0.037802 0.47243
0.23031 0.037786 0.46685
0.23527 0.037868 0.48269
0.22532 0.037798 0.50427
0.22966 0.037806 0.53183
0.22076 0.03777 0.54837
0.21679 0.037756 0.56709
0.22607 0.037733 0.59483
0.23507 0.037729 0.60244
0.23061 0.037699 0.61437
0.22842 0.037679 0.64085
0.23693 0.037687 0.6189
0.24234 0.037662 0.63668
0.2253 0.037677 0.65531
0.23365 0.037653 0.66576
0.24326 0.037645 0.65772
0.24476 0.037652 0.67208
0.23408 0.037663 0.68847
0.25263 0.037654 0.69704
0.23483 0.037647 0.72362
0.24643 0.037645 0.71484
0.2482 0.037639 0.7339
0.23462 0.037652 0.7467
0.23204 0.037662 0.76384
0.24942 0.037646 0.75218
0.25832 0.03765 0.76871
0.2294 0.037681 0.78361
0.23789 0.03768 0.79594
0.25387 0.03766 0.77798
0.23843 0.037687 0.81126
0.25624 0.037676 0.81297
0.24979 0.037686 0.83177
0.23968 0.037692 0.84712
0.23523 0.037691 0.86239
0.23377 0.037691 0.88023
0.23272 0.037692 0.88943
0.25554 0.037683 0.8787
0.2431 0.037701 0.91343
0.23381 0.037668 0.92922
0.24903 0.037693 0.90446
0.25775 0.037656 0.93133
0.24085 0.03336 0.9614
0.25298 0.037641 0.93672
0.27311 0.037692 0.055984
0.29338 0.037679 0.060416
0.27488 0.037683 0.078685
0.26811 0.037686 0.093261
0.29192 0.037676 0.073419
0.26913 0.037685 0.10789
0.28856 0.037674 0.10291
0.28376 0.037673 0.1215
0.26975 0.037674 0.13443
0.26709 0.037668 0.15494
0.29115 0.037656 0.13609
0.2926 0.037651 0.15591
0.2634 0.037663 0.16766
0.26859 0.037659 0.1804
0.28416 0.037655 0.19036
0.27183 0.037654 0.21328
0.28655 0.03765 0.1954
0.28428 0.037644 0.22049
0.26784 0.037641 0.25643
0.2848 0.037632 0.23493
0.28659 0.037636 0.25404
0.28123 0.037631 0.26171
0.26242 0.037626 0.30313
0.26487 0.037624 0.31244
0.2885 0.037607 0.31647
0.26098 0.037633 0.33185
0.26544 0.037633 0.35465
0.27496 0.037602 0.33805
0.2776 0.037617 0.35037
0.26367 0.037637 0.36057
0.26376 0.037633 0.37997
0.27974 0.037643 0.37113
0.25954 0.03765 0.39991
0.25548 0.03767 0.41459
0.27574 0.037658 0.40479
0.26937 0.037662 0.41954
0.24636 0.037761 0.4543
0.26646 0.037666 0.4274
0.27268 0.037714 0.44578
0.24256 0.037847 0.46854
0.2448 0.0379 0.48617
0.25906 0.037969 0.48099
0.24207 0.037873 0.50887
0.25326 0.037859 0.53454
0.24666 0.037839 0.54058
0.25041 0.037813 0.57295
0.25579 0.03783 0.55209
0.26614 0.037863 0.56378
0.25517 0.037798 0.57984
0.25144 0.03773 0.60753
0.26306 0.037792 0.58284
0.26527 0.037742 0.5962
0.25756 0.037681 0.61864
0.25891 0.037649 0.63755
0.27428 0.037623 0.63389
0.26221 0.037636 0.65564
0.2606 0.037645 0.67151
0.27518 0.037617 0.65569
0.27821 0.037619 0.67267
0.2604 0.037651 0.6799
0.26895 0.037608 0.70085
0.28498 0.037627 0.68215
0.28117 0.037587 0.70781
0.26713 0.037595 0.7215
0.27096 0.037592 0.72929
0.28919 0.037605 0.73325
0.27416 0.037639 0.75602
0.27031 0.037641 0.77228
0.28881 0.03764 0.74915
0.26447 0.03765 0.77985
0.2728 0.037645 0.79761
0.2904 0.037633 0.78466
0.28655 0.037642 0.80179
0.28835 0.03766 0.81847
0.28114 0.037672 0.83332
0.27381 0.037681 0.85018
0.2923 0.03767 0.84781
0.28447 0.037674 0.86236
0.26824 0.037678 0.88304
0.27808 0.03768 0.89517
0.2895 0.03767 0.88257
0.28262 0.037679 0.89623
0.29418 0.037685 0.91142
0.29177 0.037664 0.9273
0.27449 0.037591 0.94681
0.27722 0.033691 0.95567
0.29465 0.03764 0.93677
0.28269 0.033375 0.96039
0.29952 0.037676 0.045134
0.30299 0.037672 0.057994
0.32612 0.037652 0.044039
0.32726 0.037651 0.057826
0.30143 0.037669 0.078753
0.30544 0.037667 0.086069
0.32199 0.037655 0.06947
0.31793 0.037656 0.092479
0.30346 0.037661 0.10654
0.30124 0.037657 0.12394
0.32619 0.037643 0.10173
0.31654 0.037646 0.12163
0.29975 0.037645 0.14185
0.30283 0.037644 0.15298
0.31959 0.037629 0.14044
0.32039 0.03763 0.14962
0.30076 0.03764 0.17375
0.30359 0.037637 0.1881
0.32068 0.037624 0.16782
0.30449 0.037625 0.2174
0.32494 0.037613 0.20333
0.32349 0.037614 0.21147
0.29579 0.037617 0.23805
0.30246 0.037611 0.24852
0.31239 0.037601 0.25323
0.30147 0.037608 0.26163
0.29592 0.0376 0.2847
0.31102 0.037595 0.26128
0.31671 0.037582 0.27876
0.29602 0.037584 0.30394
0.29561 0.037592 0.31284
0.31253 0.037565 0.3046
0.3129 0.037567 0.31198
0.30009 0.037594 0.32899
0.29053 0.037625 0.3523
0.3126 0.03757 0.33589
0.31929 0.037585 0.35084
0.2951 0.037631 0.35718
0.28948 0.037668 0.38524
0.30622 0.03763 0.36607
0.31316 0.0377 0.38012
0.28732 0.037669 0.40354
0.29503 0.037661 0.41263
0.30317 0.037657 0.40024
0.30666 0.037674 0.41639
0.2863 0.037683 0.43303
0.27872 0.03775 0.45057
0.30634 0.037785 0.43232
0.30788 0.037921 0.44242
0.27311 0.038023 0.47766
0.28791 0.037922 0.46391
0.27582 0.038046 0.48792
0.27009 0.038057 0.50186
0.26386 0.038021 0.5204
0.28102 0.038187 0.50329
0.27678 0.037964 0.54199
0.28575 0.037882 0.56833
0.27615 0.037796 0.58485
0.30313 0.037703 0.60256
0.28337 0.037637 0.62541
0.28808 0.037619 0.63899
0.31285 0.037678 0.63745
0.31229 0.037673 0.66417
0.31562 0.037692 0.67839
0.32139 0.03765 0.7085
0.32255 0.037635 0.72669
0.31599 0.037641 0.73791
0.30129 0.03764 0.74635
0.30773 0.037625 0.7656
0.31922 0.037623 0.75364
0.31747 0.03762 0.77074
0.3079 0.037632 0.78491
0.30033 0.037634 0.79794
0.31511 0.03763 0.78923
0.31569 0.037635 0.80512
0.29901 0.037647 0.81093
0.3181 0.037635 0.83151
0.30125 0.037659 0.84518
0.30789 0.037656 0.86216
0.30057 0.037664 0.88493
0.30848 0.037664 0.89254
0.32039 0.037655 0.87448
0.31877 0.037663 0.89885
0.30193 0.037682 0.91464
0.31142 0.037664 0.93026
0.32815 0.037664 0.90783
0.3192 0.037664 0.92423
0.30307 0.037634 0.94612
0.32151 0.037639 0.9435
0.3377 0.03764 0.040534
0.33672 0.037642 0.055306
0.36184 0.037615 0.040638
0.35099 0.037628 0.051088
0.3371 0.03764 0.072714
0.33655 0.037641 0.084845
0.35242 0.037625 0.082694
0.33857 0.037628 0.10312
0.33329 0.037628 0.12016
0.35376 0.037602 0.11911
0.33601 0.037616 0.13668
0.3401 0.037612 0.14879
0.35261 0.037597 0.1384
0.35927 0.037589 0.14672
0.34043 0.037606 0.1663
0.34033 0.037603 0.17702
0.34772 0.037603 0.162
0.35262 0.037597 0.17669
0.33264 0.037611 0.19649
0.33087 0.037614 0.21663
0.34842 0.037603 0.19553
0.33803 0.037598 0.2294
0.33324 0.037591 0.25275
0.34855 0.037593 0.23172
0.35541 0.037597 0.24721
0.339 0.03755 0.26927
0.33664 0.037545 0.27978
0.35372 0.037571 0.26586
0.34648 0.037535 0.27467
0.33016 0.03756 0.29484
0.33182 0.037576 0.31819
0.34654 0.037539 0.2943
0.34271 0.037551 0.31814
0.33654 0.037581 0.32562
0.32755 0.037571 0.3449
0.3424 0.037601 0.33531
0.35466 0.037969 0.3628
0.34662 0.037799 0.37703
0.32168 0.037683 0.39923
0.31876 0.037685 0.4172
0.33332 0.037677 0.39089
0.31933 0.037915 0.43324
0.32955 0.037793 0.42842
0.29654 0.038044 0.46412
0.29053 0.03819 0.48962
0.30353 0.038236 0.48098
0.29114 0.038244 0.50153
0.29426 0.03826 0.50192
0.30486 0.038306 0.53437
0.29834 0.037909 0.57409
0.3076 0.038188 0.55035
0.31341 0.037901 0.5728
0.31761 0.037708 0.59707
0.31384 0.037691 0.61473
0.31614 0.037685 0.62283
0.32386 0.037686 0.64103
0.33768 0.037719 0.62219
0.34518 0.0377 0.63861
0.33321 0.037668 0.66519
0.32322 0.037691 0.67895
0.34632 0.037671 0.66114
0.34266 0.03765 0.67635
0.32839 0.037636 0.70412
0.34599 0.037627 0.68824
0.35312 0.037586 0.71074
0.3273 0.037637 0.72071
0.33586 0.037599 0.73331
0.35149 0.037592 0.7221
0.34587 0.037588 0.74272
0.33527 0.0376 0.74871
0.33716 0.037603 0.77428
0.3492 0.037573 0.75383
0.35253 0.037586 0.76981
0.35102 0.037614 0.78575
0.35233 0.037611 0.80656
0.34368 0.037616 0.81899
0.33277 0.037622 0.8262
0.3534 0.037615 0.82983
0.3436 0.03764 0.84721
0.34136 0.037645 0.86341
0.36083 0.037624 0.84137
0.35998 0.037634 0.86431
0.33559 0.037656 0.88127
0.3391 0.037656 0.89469
0.35225 0.037649 0.88963
0.34437 0.037659 0.91141
0.33765 0.037636 0.92819
0.35218 0.037656 0.91432
0.35219 0.037632 0.92531
0.34393 0.037595 0.93916
0.33555 0.033425 0.95865
0.35904 0.03759 0.93893
0.3509 0.033348 0.96272
0.36884 0.037608 0.035073
0.37883 0.037598 0.055467
0.38783 0.037588 0.040738
0.38933 0.037586 0.069457
0.39363 0.037571 0.090424
0.36881 0.037586 0.10194
0.37989 0.037553 0.1141
0.39316 0.037545 0.10558
0.38778 0.037544 0.11352
0.36771 0.037573 0.14084
0.3687 0.037582 0.15391
0.39281 0.037539 0.13399
0.3752 0.037576 0.1636
0.3695 0.037586 0.17559
0.39017 0.037581 0.18573
0.37 0.037594 0.19389
0.37299 0.037588 0.21024
0.38507 0.037579 0.19874
0.38465 0.037578 0.20836
0.36788 0.037578 0.23489
0.36522 0.037592 0.24667
0.39171 0.037581 0.22637
0.38809 0.037593 0.24939
0.36399 0.037587 0.26202
0.36329 0.037565 0.28487
0.38786 0.03758 0.26619
0.37614 0.037587 0.28136
0.36963 0.03755 0.3077
0.38287 0.037592 0.29425
0.38164 0.037589 0.30406
0.35864 0.037554 0.32499
0.36455 0.037822 0.34728
0.35855 0.038017 0.36961
0.37578 0.037955 0.35552
0.35791 0.037837 0.38559
0.36503 0.037912 0.38223
0.35961 0.037708 0.39838
0.34193 0.037871 0.43263
0.33609 0.038081 0.4436
0.3532 0.037701 0.42139
0.33947 0.038069 0.44708
0.31883 0.038468 0.45986
0.31913 0.038344 0.47612
0.30364 0.038509 0.51037
0.31483 0.038244 0.54286
0.31177 0.038573 0.50615
0.31885 0.038225 0.54443
0.32726 0.037995 0.56574
0.32996 0.037854 0.57906
0.33779 0.037791 0.59885
0.34359 0.037749 0.61687
0.35104 0.037814 0.59374
0.3651 0.037877 0.61951
0.35122 0.037706 0.63593
0.35243 0.037702 0.64427
0.36513 0.037733 0.63602
0.37226 0.037734 0.6466
0.35417 0.037659 0.66278
0.3587 0.037622 0.68255
0.38269 0.037696 0.66144
0.38533 0.037635 0.67202
0.36029 0.037587 0.69377
0.37736 0.037618 0.68625
0.38371 0.037601 0.70732
0.37644 0.037573 0.73929
0.39195 0.037585 0.7203
0.3857 0.037564 0.7399
0.37407 0.037557 0.75919
0.36523 0.03757 0.76506
0.38217 0.037559 0.756
0.37807 0.037581 0.78713
0.37558 0.037589 0.80469
0.38479 0.037579 0.7823
0.375 0.037599 0.81412
0.36858 0.037611 0.83487
0.37181 0.037617 0.84255
0.37048 0.037621 0.8595
0.38621 0.037607 0.84286
0.38771 0.037619 0.8671
0.37313 0.037639 0.87859
0.3687 0.037644 0.89708
0.39084 0.037634 0.90046
0.37275 0.037647 0.91119
0.37973 0.037616 0.92943
0.38628 0.037641 0.91063
0.39349 0.037607 0.93198
0.37687 0.037586 0.94233
0.37088 0.033937 0.95439
0.38999 0.037584 0.94305
0.39619 0.033748 0.95519
0.41315 0.037565 0.036574
0.4188 0.03756 0.041237
0.42028 0.037556 0.063601
0.40406 0.037568 0.079094
0.42586 0.037545 0.07248
0.43307 0.03759 0.094389
0.41589 0.037512 0.10468
0.40545 0.037509 0.11436
0.42396 0.037559 0.10347
0.42516 0.037567 0.12003
0.41121 0.03752 0.1376
0.40463 0.037549 0.15384
0.42635 0.037529 0.14304
0.40774 0.037544 0.16243
0.40553 0.037561 0.18289
0.41882 0.037529 0.16791
0.42077 0.037529 0.17457
0.40889 0.03758 0.21742
0.42177 0.037537 0.19759
0.42684 0.037532 0.20448
0.39506 0.037578 0.23165
0.40598 0.03761 0.24889
0.42591 0.037576 0.22229
0.4042 0.037592 0.26387
0.39997 0.037585 0.27277
0.42285 0.037622 0.27513
0.4052 0.037592 0.29395
0.39603 0.037612 0.30667
0.41942 0.037621 0.28291
0.41408 0.037597 0.29901
0.39552 0.037629 0.3247
0.39833 0.037678 0.33836
0.41583 0.037658 0.3169
0.40614 0.03771 0.34108
0.38344 0.038006 0.36545
0.4116 0.037759 0.34734
0.37403 0.03798 0.37898
0.37154 0.037705 0.39966
0.39643 0.037838 0.37699
0.38828 0.03769 0.39051
0.37257 0.037585 0.42003
0.36528 0.03768 0.43693
0.38511 0.037639 0.40279
0.34504 0.038006 0.45456
0.32338 0.038198 0.47558
0.36349 0.037426 0.45008
0.32654 0.037871 0.4871
0.3215 0.038216 0.4966
0.32362 0.03831 0.53167
0.32577 0.037619 0.50329
0.33671 0.037809 0.5428
0.35453 0.03773 0.57051
0.37395 0.037741 0.5832
0.37326 0.038053 0.6142
0.40219 0.037943 0.62936
0.38342 0.037856 0.635
0.39303 0.037743 0.65384
0.40539 0.037863 0.6376
0.39601 0.03766 0.66294
0.40331 0.037586 0.67403
0.41167 0.03762 0.6593
0.42158 0.037525 0.66961
0.39534 0.037598 0.69327
0.40273 0.037563 0.70147
0.4238 0.037566 0.68918
0.42507 0.037518 0.70481
0.40922 0.037543 0.72188
0.40373 0.037537 0.73429
0.42274 0.037502 0.73128
0.40332 0.037541 0.76473
0.4223 0.03751 0.75235
0.41669 0.037539 0.76772
0.40822 0.037553 0.78414
0.4003 0.037566 0.80339
0.42595 0.037532 0.78509
0.4292 0.03754 0.80039
0.41293 0.037562 0.82076
0.43029 0.037552 0.81291
0.41756 0.037567 0.82897
0.40313 0.037598 0.84334
0.4229 0.037599 0.8641
0.41145 0.037615 0.88265
0.40695 0.037625 0.89979
0.42654 0.037606 0.88297
0.42123 0.037609 0.89148
0.40863 0.037631 0.90951
0.40679 0.037606 0.93123
0.42628 0.037606 0.92892
0.40142 0.037577 0.94561
0.41726 0.037588 0.93895
0.427 0.033359 0.96137
0.43681 0.037551 0.041467
0.44272 0.037537 0.061472
0.45586 0.037546 0.045063
0.43743 0.03753 0.071631
0.43923 0.037597 0.093498
0.4625 0.037514 0.080917
0.45602 0.037667 0.098768
0.43998 0.037822 0.11546
0.45852 0.037727 0.10478
0.44583 0.037758 0.12704
0.43788 0.037515 0.14411
0.45216 0.03776 0.12786
0.46073 0.037502 0.1452
0.44475 0.037464 0.158
0.44098 0.037517 0.17974
0.45867 0.03748 0.16598
0.45627 0.03752 0.18293
0.44368 0.037519 0.19436
0.43794 0.037528 0.20603
0.45118 0.037547 0.213
0.4343 0.037578 0.2262
0.4303 0.037604 0.2403
0.44855 0.037572 0.22456
0.43262 0.037629 0.25049
0.43233 0.037612 0.26533
0.45431 0.037624 0.25891
0.45777 0.037666 0.27068
0.42988 0.037645 0.28061
0.44527 0.03768 0.28928
0.45256 0.037752 0.30215
0.42941 0.037691 0.3152
0.4262 0.037687 0.33087
0.44899 0.037775 0.30959
0.44413 0.037728 0.32259
0.42667 0.037753 0.3424
0.41908 0.03781 0.36304
0.45061 0.03784 0.33811
0.44299 0.037907 0.35171
0.43672 0.037967 0.37002
0.3946 0.03706 0.40388
0.39179 0.036803 0.42521
0.42464 0.036631 0.38446
0.41042 0.035064 0.40836
0.37335 0.036642 0.44415
0.34452 0.035977 0.47245
0.35556 0.034221 0.48561
0.33249 0.036165 0.51407
0.34548 0.036865 0.54427
0.34069 0.035418 0.52189
0.38897 0.035534 0.56729
0.38888 0.036782 0.59056
0.4007 0.037168 0.60605
0.39745 0.036042 0.59357
0.4097 0.036783 0.60631
0.41513 0.038216 0.61814
0.42333 0.037919 0.6137
0.42985 0.03817 0.62626
0.42315 0.037813 0.6437
0.4411 0.03797 0.63283
0.45133 0.037695 0.64488
0.4312 0.037502 0.66258
0.43051 0.037527 0.67291
0.45009 0.037545 0.66275
0.44847 0.037557 0.67131
0.43277 0.037527 0.69184
0.44142 0.037496 0.70568
0.46215 0.037434 0.70329
0.43842 0.037485 0.72085
0.44384 0.037485 0.73692
0.4537 0.03746 0.71865
0.45821 0.037462 0.73864
0.44661 0.037482 0.7476
0.43475 0.037514 0.76814
0.4595 0.037452 0.75194
0.4557 0.037488 0.7682
0.43918 0.037522 0.78236
0.44066 0.037538 0.80321
0.45374 0.037506 0.78557
0.46471 0.037529 0.80365
0.44248 0.037546 0.82571
0.45386 0.037532 0.81962
0.45367 0.037547 0.82872
0.444 0.03758 0.84154
0.43671 0.037596 0.86396
0.46294 0.037569 0.84172
0.43896 0.037601 0.8737
0.43948 0.037604 0.8931
0.45218 0.037594 0.88374
0.45978 0.037602 0.8968
0.44605 0.037623 0.91564
0.446 0.037604 0.92731
0.45937 0.037618 0.91624
0.45495 0.037593 0.93153
0.44307 0.037568 0.94778
0.46328 0.037563 0.94423
0.45906 0.033344 0.96333
0.41006 0.037661 0.44432
0.37935 0.037975 0.46773
0.37621 0.037879 0.52731
0.37863 0.036056 0.49686
0.48044 0.037558 0.045796
0.47667 0.037545 0.064004
0.4953 0.037567 0.038848
0.48691 0.037554 0.061804
0.4685 0.03752 0.080862
0.47073 0.037563 0.093018
0.49076 0.037548 0.072399
0.48892 0.037532 0.092195
0.47608 0.037558 0.10837
0.46976 0.037653 0.11371
0.48187 0.037511 0.10304
0.4919 0.037513 0.12078
0.46917 0.037618 0.12835
0.49001 0.037539 0.14411
0.46767 0.0375 0.16212
0.47547 0.03753 0.17597
0.48516 0.037541 0.15946
0.47683 0.037545 0.19174
0.47359 0.037557 0.20822
0.48886 0.037553 0.1893
0.48911 0.037557 0.20574
0.47041 0.03759 0.22917
0.47693 0.037601 0.23457
0.48625 0.037594 0.22126
0.49234 0.037598 0.233
0.46532 0.037633 0.25886
0.47836 0.037647 0.26226
0.49228 0.037639 0.25702
0.49729 0.03769 0.2702
0.46975 0.037731 0.28645
0.47314 0.037797 0.29456
0.48536 0.037808 0.29477
0.46595 0.037874 0.31141
0.47023 0.03808 0.32375
0.48617 0.037931 0.3117
0.4898 0.038126 0.32248
0.46779 0.038157 0.33292
0.47106 0.038339 0.33973
0.49076 0.038531 0.33976
0.45723 0.03793 0.36216
0.47896 0.038286 0.3473
0.48053 0.037585 0.35158
0.44016 0.035972 0.38231
0.43624 0.034519 0.3948
0.46726 0.03548 0.36517
0.46777 0.034268 0.37207
0.42488 0.033565 0.4269
0.44605 0.03336 0.49247
0.40189 0.033427 0.51538
0.40494 0.034326 0.58073
0.44927 0.033724 0.60341
0.43983 0.035347 0.61087
0.48527 0.034007 0.59996
0.49764 0.03531 0.61173
0.44046 0.037398 0.6178
0.45722 0.037813 0.62511
0.49306 0.036798 0.62042
0.50483 0.037611 0.6279
0.46178 0.037869 0.63269
0.46576 0.037617 0.65094
0.48454 0.037751 0.63572
0.49973 0.037627 0.64693
0.4634 0.037572 0.65579
0.46617 0.037498 0.67111
0.50086 0.037444 0.65629
0.47456 0.037471 0.68129
0.47231 0.037427 0.70743
0.48559 0.037406 0.68513
0.49276 0.037384 0.69895
0.47753 0.037424 0.7266
0.49276 0.037405 0.71011
0.49401 0.037412 0.73026
0.47772 0.037429 0.74795
0.47914 0.037451 0.76148
0.49514 0.03741 0.74952
0.49667 0.037443 0.76152
0.48087 0.037492 0.77474
0.47153 0.037515 0.79699
0.49282 0.037518 0.80276
0.47973 0.037537 0.83148
0.49498 0.037518 0.81343
0.49271 0.037536 0.83407
0.47772 0.037562 0.84569
0.47983 0.03757 0.8619
0.48677 0.037563 0.85917
0.47653 0.037589 0.87735
0.47373 0.03759 0.88809
0.49475 0.037585 0.8825
0.4694 0.037591 0.92845
0.49145 0.037608 0.91034
0.4865 0.037575 0.93067
0.47611 0.037552 0.94496
0.47607 0.034424 0.95287
0.48754 0.037553 0.93886
0.47157 0.033926 0.42672
0.41659 0.034137 0.4891
0.4431 0.033849 0.50545
0.46248 0.033941 0.56085
0.46407 0.036076 0.39033
0.47313 0.036857 0.38174
0.41747 0.036012 0.44476
0.40247 0.035181 0.46575
0.41782 0.036875 0.43122
0.40741 0.03649 0.45221
0.47421 0.034811 0.41083
0.42873 0.034038 0.45565
0.47187 0.035924 0.38981
0.43891 0.033756 0.4875
0.41548 0.034354 0.526
0.37023 0.037945 0.52216
0.42547 0.03721 0.5809
0.48682 0.033928 0.54778
0.45224 0.035701 0.58602
0.44659 0.03387 0.53093
0.43975 0.036145 0.59064
0.4292 0.036822 0.5863
0.47514 0.036712 0.38306
0.43347 0.036305 0.42511
0.41893 0.034855 0.47137
0.45001 0.035665 0.41776
0.4102 0.035171 0.47462
0.45472 0.037368 0.39481
0.43212 0.034291 0.47524
0.46355 0.035001 0.4196
0.46189 0.034654 0.4588
0.39324 0.036528 0.53721
0.41013 0.036886 0.55464
0.38546 0.035856 0.49021
0.42983 0.034902 0.54489
0.42937 0.03423 0.50005
0.47517 0.034231 0.55875
0.45776 0.034059 0.4996
0.44211 0.034553 0.56006
0.43047 0.036792 0.58594
0.48087 0.037058 0.58797
0.45115 0.034402 0.44371
0.46606 0.034508 0.52202
0.50729 0.037575 0.045186
0.52587 0.037588 0.047103
0.52481 0.037587 0.056604
0.50605 0.037563 0.070779
0.50582 0.037557 0.087145
0.53015 0.037586 0.066781
0.52374 0.037574 0.087054
0.5004 0.037529 0.10444
0.51086 0.03754 0.11383
0.52759 0.037558 0.10613
0.52251 0.037549 0.11244
0.51449 0.037557 0.13352
0.51247 0.037561 0.14374
0.51894 0.037558 0.13224
0.52109 0.037576 0.15387
0.51046 0.037564 0.15926
0.51575 0.037555 0.17331
0.53033 0.037556 0.17
0.51996 0.037556 0.17412
0.51581 0.037557 0.19695
0.50268 0.037551 0.20352
0.52992 0.037553 0.19305
0.53303 0.037538 0.20483
0.51353 0.037597 0.22531
0.51189 0.037619 0.23837
0.52636 0.037586 0.22717
0.5227 0.037619 0.24083
0.50565 0.037666 0.26761
0.52786 0.037615 0.25544
0.52414 0.037615 0.26217
0.50631 0.037697 0.27945
0.51658 0.037721 0.29438
0.53438 0.037661 0.27939
0.53764 0.037713 0.29612
0.50536 0.037839 0.30823
0.53901 0.037802 0.3106
0.54224 0.037824 0.31761
0.49966 0.038436 0.3374
0.52848 0.038095 0.32689
0.54358 0.038042 0.34672
0.50635 0.038009 0.34297
0.50847 0.037633 0.34525
0.54842 0.037528 0.3732
0.52828 0.035577 0.36126
0.51888 0.034442 0.36726
0.54221 0.0357 0.38322
0.52143 0.03436 0.42521
0.49958 0.033412 0.43874
0.51222 0.033768 0.44941
0.52101 0.033431 0.47671
0.47859 0.033377 0.52076
0.53793 0.0336 0.5912
0.5737 0.033414 0.5629
0.5844 0.034145 0.59052
0.5102 0.035818 0.61671
0.5597 0.035554 0.60225
0.55376 0.036684 0.6109
0.53766 0.037217 0.62195
0.51134 0.037791 0.64063
0.53097 0.037696 0.62894
0.53896 0.037615 0.64042
0.51163 0.037487 0.65309
0.51777 0.037366 0.66481
0.53407 0.037413 0.65813
0.53765 0.037422 0.66708
0.51159 0.037401 0.68251
0.50491 0.037383 0.69628
0.52541 0.037435 0.67896
0.53603 0.037421 0.69467
0.50369 0.037395 0.72048
0.50993 0.037412 0.73418
0.52107 0.037416 0.73506
0.50849 0.037405 0.74786
0.50959 0.037427 0.75915
0.52812 0.03742 0.74067
0.52109 0.037432 0.7605
0.51589 0.037477 0.77436
0.5062 0.037503 0.79663
0.52818 0.037483 0.78466
0.53263 0.037503 0.79716
0.50761 0.037512 0.81403
0.51299 0.037508 0.82341
0.52478 0.037507 0.81805
0.52519 0.03752 0.82763
0.51155 0.037559 0.85633
0.53266 0.037568 0.86303
0.50981 0.037585 0.87969
0.51536 0.037587 0.89377
0.53125 0.037585 0.87876
0.53194 0.037592 0.89618
0.50209 0.037608 0.91597
0.52096 0.037608 0.91271
0.50452 0.034645 0.95239
0.52828 0.037493 0.9452
0.52617 0.033432 0.95825
0.47802 0.034007 0.50233
0.51408 0.033784 0.54592
0.49279 0.034467 0.40261
0.49503 0.033945 0.4788
0.52933 0.03705 0.40478
0.47475 0.033868 0.4431
0.53359 0.035119 0.51816
0.50165 0.036831 0.45027
0.55293 0.036353 0.51976
0.51542 0.033784 0.52763
0.51115 0.034836 0.57788
0.55717 0.034154 0.56205
0.5475 0.036581 0.58279
0.5762 0.034418 0.56097
0.57063 0.035942 0.5857
0.59851 0.037895 0.55829
0.59276 0.038113 0.57641
0.5282 0.036287 0.59094
0.52253 0.036693 0.39184
0.52403 0.035848 0.39902
0.46922 0.033897 0.48018
0.497 0.0348 0.42466
0.49309 0.034671 0.46058
0.50084 0.037069 0.4501
0.52948 0.03538 0.49639
0.50757 0.034814 0.48363
0.53286 0.034223 0.53628
0.53055 0.035976 0.56337
0.49816 0.034482 0.5119
0.52163 0.034803 0.55425
0.59365 0.037463 0.56735
0.58373 0.036888 0.58024
0.56147 0.035513 0.53951
0.47751 0.034349 0.4518
0.4883 0.034414 0.46492
0.50946 0.03451 0.51963
0.54184 0.037602 0.053837
0.56463 0.037616 0.036595
0.56021 0.037611 0.062586
0.5438 0.037589 0.091372
0.55606 0.037607 0.070597
0.55672 0.037603 0.087468
0.544 0.03757 0.1069
0.54864 0.037577 0.12227
0.55395 0.037578 0.10628
0.55407 0.037579 0.12253
0.54464 0.037571 0.13223
0.56501 0.037582 0.13396
0.55775 0.037578 0.14482
0.54834 0.037557 0.16764
0.5676 0.037565 0.16605
0.5506 0.037531 0.19641
0.5429 0.037541 0.21145
0.56894 0.037542 0.1947
0.56384 0.037544 0.21651
0.54801 0.03755 0.22283
0.55912 0.037548 0.22208
0.57221 0.03758 0.24855
0.54947 0.037576 0.25825
0.57107 0.037574 0.26341
0.56968 0.037584 0.27045
0.54889 0.037681 0.29414
0.57407 0.037604 0.28788
0.56995 0.037611 0.29766
0.55803 0.037756 0.31165
0.55731 0.037796 0.32824
0.57122 0.037612 0.32183
0.57494 0.037567 0.33921
0.54907 0.037919 0.33159
0.55712 0.03783 0.36223
0.56855 0.037648 0.34986
0.54784 0.037675 0.38546
0.55006 0.037362 0.40263
0.54676 0.037175 0.40834
0.52872 0.035053 0.43211
0.54988 0.036627 0.4319
0.53673 0.034041 0.46087
0.5562 0.033926 0.49332
0.5936 0.033868 0.53398
0.61496 0.036107 0.53955
0.61216 0.03669 0.56866
0.59936 0.035809 0.58846
0.5762 0.037145 0.60354
0.60618 0.036805 0.58448
0.60971 0.037351 0.5937
0.58034 0.037548 0.60715
0.60616 0.037619 0.61216
0.58655 0.037739 0.61951
0.56679 0.037545 0.62736
0.54765 0.037574 0.64052
0.58334 0.03758 0.64511
0.55321 0.037543 0.6538
0.55188 0.037492 0.67242
0.57644 0.037557 0.64998
0.54391 0.037468 0.67933
0.55107 0.03746 0.7022
0.56763 0.037496 0.68291
0.55798 0.03747 0.70279
0.53853 0.037429 0.71786
0.54058 0.03744 0.7334
0.56148 0.037476 0.71117
0.54115 0.03743 0.74497
0.55446 0.037431 0.75362
0.56486 0.037463 0.76776
0.53977 0.037472 0.77511
0.54363 0.037508 0.79862
0.56536 0.037479 0.78588
0.56499 0.037523 0.80257
0.54879 0.03753 0.80971
0.54347 0.037538 0.83386
0.55552 0.037531 0.81208
0.55642 0.037537 0.83028
0.54051 0.037558 0.85186
0.55419 0.037559 0.85047
0.56111 0.037573 0.86543
0.54203 0.037587 0.88909
0.55714 0.037587 0.88361
0.56506 0.037593 0.89091
0.54725 0.03761 0.91015
0.53757 0.037559 0.93004
0.55971 0.037615 0.91328
0.55579 0.037569 0.92959
0.54428 0.037511 0.94438
0.54838 0.033378 0.96004
0.56394 0.037529 0.94159
0.5548 0.034213 0.9533
0.55893 0.036145 0.52496
0.57674 0.036311 0.53811
0.5775 0.037623 0.044784
0.58806 0.037628 0.040474
0.59629 0.037629 0.062212
0.5734 0.037604 0.093771
0.59043 0.037623 0.07232
0.59704 0.037617 0.09295
0.57265 0.037587 0.10896
0.57762 0.037593 0.12336
0.59571 0.037607 0.10349
0.58828 0.037596 0.11482
0.58388 0.037591 0.14085
0.60094 0.037599 0.13412
0.59556 0.037595 0.15119
0.58192 0.037561 0.16985
0.57491 0.037554 0.17937
0.59089 0.037558 0.17245
0.60136 0.037556 0.1792
0.57633 0.037545 0.21246
0.59678 0.037544 0.20445
0.58167 0.037554 0.23129
0.58128 0.037573 0.24852
0.60691 0.037543 0.22869
0.59827 0.037544 0.24853
0.58837 0.037569 0.25528
0.5982 0.037536 0.26276
0.60078 0.037528 0.28
0.57983 0.037585 0.28795
0.58621 0.037535 0.30418
0.60158 0.037506 0.30028
0.59798 0.037487 0.3097
0.58363 0.037515 0.32645
0.60197 0.037387 0.33978
0.60178 0.037344 0.35407
0.57913 0.037458 0.35959
0.57056 0.037212 0.39273
0.58824 0.037276 0.37908
0.56411 0.036896 0.41355
0.56304 0.036899 0.42839
0.58691 0.037221 0.41225
0.55692 0.037076 0.44051
0.55391 0.037131 0.46048
0.55989 0.037212 0.44901
0.55971 0.037025 0.45847
0.56475 0.036469 0.48711
0.58886 0.03713 0.50522
0.56701 0.03677 0.47699
0.59183 0.037293 0.5025
0.61856 0.037392 0.53203
0.62503 0.037976 0.55076
0.61668 0.037415 0.52185
0.62933 0.03807 0.55378
0.6199 0.037691 0.56724
0.61137 0.037576 0.59959
0.62956 0.037971 0.56456
0.62403 0.037819 0.58516
0.61719 0.03789 0.61435
0.62394 0.037946 0.61006
0.62536 0.037988 0.63128
0.6064 0.037799 0.63907
0.59869 0.037661 0.64579
0.62408 0.038083 0.6521
0.58905 0.037545 0.65673
0.58169 0.037484 0.67479
0.62214 0.037889 0.66397
0.60405 0.037551 0.67464
0.58533 0.037497 0.68455
0.59617 0.03752 0.68248
0.5934 0.037519 0.69793
0.57323 0.037469 0.72979
0.59311 0.03749 0.72831
0.57403 0.03746 0.74193
0.59863 0.03746 0.75354
0.59374 0.03748 0.76926
0.57213 0.037494 0.79307
0.593 0.037528 0.80256
0.57969 0.037534 0.80606
0.578 0.037532 0.82311
0.59148 0.037538 0.81907
0.57899 0.037558 0.84738
0.59813 0.037568 0.84848
0.57428 0.037583 0.87445
0.59761 0.037606 0.89693
0.5744 0.037614 0.91186
0.59374 0.037616 0.91024
0.57455 0.037513 0.94741
0.57774 0.034608 0.95248
0.5921 0.037544 0.94298
0.58669 0.033344 0.96331
0.61191 0.037638 0.045002
0.61432 0.037636 0.061389
0.63235 0.037643 0.042373
0.63431 0.037643 0.053224
0.6178 0.037632 0.074463
0.60599 0.037626 0.086236
0.63469 0.037633 0.078812
0.62968 0.037633 0.084901
0.61351 0.037614 0.10966
0.61227 0.03761 0.12513
0.62518 0.037622 0.10331
0.63177 0.037617 0.12235
0.60646 0.037603 0.12963
0.61858 0.03759 0.15703
0.6319 0.037606 0.13235
0.633 0.037594 0.14672
0.61157 0.03757 0.16849
0.6191 0.03756 0.18104
0.63213 0.03758 0.16412
0.61889 0.037541 0.20226
0.61356 0.037543 0.21991
0.62859 0.037533 0.20651
0.62976 0.037529 0.21913
0.61241 0.037497 0.24378
0.62973 0.037492 0.2378
0.63273 0.037481 0.24869
0.63461 0.037452 0.27427
0.61532 0.037413 0.3162
0.62817 0.03743 0.30035
0.63241 0.037346 0.33444
0.62526 0.03733 0.34163
0.62359 0.037217 0.37174
0.60006 0.037243 0.37897
0.59607 0.037312 0.40462
0.61277 0.037183 0.37935
0.60804 0.037385 0.40358
0.58005 0.036981 0.43568
0.59492 0.036952 0.43271
0.57995 0.036771 0.44821
0.57731 0.036628 0.47214
0.5895 0.036703 0.45458
0.59428 0.036735 0.45845
0.601 0.037043 0.49506
0.605 0.036901 0.47955
0.61994 0.037089 0.49819
0.62639 0.037423 0.51386
0.63649 0.038081 0.54523
0.63613 0.037384 0.50995
0.64299 0.03777 0.53543
0.64262 0.038033 0.5586
0.64127 0.037859 0.58192
0.65199 0.037924 0.55721
0.64834 0.037901 0.57682
0.63983 0.037867 0.59887
0.64932 0.037874 0.6084
0.63618 0.038105 0.64556
0.65087 0.037881 0.6458
0.63002 0.03812 0.66378
0.61878 0.037717 0.67596
0.63813 0.037771 0.68339
0.63894 0.037649 0.69164
0.61011 0.037546 0.71055
0.60792 0.037502 0.72813
0.62988 0.037511 0.73136
0.61234 0.037489 0.74699
0.60702 0.037471 0.75977
0.62695 0.037492 0.75024
0.62679 0.037484 0.75811
0.61107 0.0375 0.78512
0.6124 0.037508 0.79131
0.62796 0.03751 0.78496
0.63037 0.03752 0.79194
0.60487 0.037546 0.80744
0.60792 0.037566 0.8355
0.6306 0.03756 0.81027
0.63452 0.037579 0.8326
0.60861 0.037574 0.84252
0.60409 0.037573 0.85683
0.62692 0.037588 0.84654
0.62461 0.037588 0.86013
0.6114 0.037594 0.87328
0.60622 0.037606 0.89315
0.62067 0.037605 0.88155
0.63067 0.037613 0.89101
0.60891 0.037622 0.91118
0.60964 0.037605 0.92793
0.62139 0.03761 0.92934
0.61137 0.037575 0.9459
0.62346 0.037592 0.93882
0.62959 0.03334 0.96446
0.64156 0.037644 0.046579
0.65652 0.037646 0.038229
0.65854 0.037642 0.06318
0.649 0.037635 0.078239
0.64296 0.03763 0.094431
0.66626 0.037639 0.07291
0.66917 0.03764 0.084307
0.65882 0.037629 0.10822
0.65201 0.03759 0.15715
0.66188 0.037603 0.13934
0.66352 0.037591 0.15687
0.64764 0.037577 0.16606
0.64965 0.037558 0.18949
0.66263 0.037567 0.17335
0.65924 0.037559 0.18034
0.6495 0.037547 0.19644
0.64722 0.037524 0.2133
0.66896 0.03754 0.19963
0.66834 0.037524 0.21586
0.64401 0.037495 0.23622
0.65038 0.037475 0.2569
0.66274 0.03745 0.26152
0.645 0.037432 0.27548
0.64376 0.037403 0.2927
0.66982 0.037404 0.27576
0.65977 0.037386 0.28679
0.64627 0.037354 0.31392
0.65837 0.037335 0.3346
0.63885 0.03733 0.34232
0.63352 0.037167 0.37482
0.65796 0.037295 0.34531
0.65462 0.037177 0.37031
0.62202 0.037247 0.40591
0.63295 0.037138 0.40107
0.6212 0.037018 0.43229
0.63527 0.037032 0.42096
0.63473 0.037023 0.4316
0.61215 0.036891 0.45137
0.62321 0.036889 0.46458
0.63812 0.036988 0.44945
0.63013 0.03699 0.48403
0.63332 0.037029 0.49094
0.64241 0.03703 0.48236
0.65359 0.03716 0.49674
0.64421 0.03728 0.50619
0.65386 0.037572 0.52695
0.6622 0.037336 0.51107
0.67564 0.0375 0.52824
0.67414 0.037698 0.55445
0.67622 0.037702 0.57269
0.6675 0.037787 0.58561
0.67166 0.037736 0.60729
0.68543 0.037735 0.60805
0.66501 0.037719 0.64006
0.68101 0.037723 0.62222
0.6714 0.037715 0.64455
0.657 0.03787 0.65828
0.67751 0.037676 0.65774
0.65356 0.03753 0.69774
0.65936 0.037681 0.6805
0.66031 0.037552 0.69269
0.64614 0.037447 0.7134
0.64319 0.037492 0.73027
0.65994 0.037452 0.71836
0.66955 0.037493 0.73072
0.64893 0.0375 0.74097
0.64329 0.037499 0.75966
0.66269 0.037511 0.74791
0.65932 0.037504 0.75807
0.63883 0.037517 0.783
0.64841 0.037533 0.79497
0.6572 0.037523 0.77804
0.65733 0.037546 0.79885
0.6482 0.037564 0.81202
0.64479 0.037584 0.83258
0.66496 0.037578 0.81522
0.6667 0.037597 0.83388
0.64638 0.037594 0.83991
0.64588 0.037601 0.85624
0.65641 0.037606 0.84461
0.6619 0.037615 0.86552
0.64988 0.037617 0.88278
0.64975 0.03762 0.89051
0.65664 0.03762 0.88387
0.66507 0.037631 0.89569
0.64581 0.037634 0.9095
0.63818 0.037604 0.92842
0.66473 0.037637 0.90457
0.66093 0.037633 0.91996
0.63698 0.037567 0.94252
0.64266 0.034029 0.95397
0.65812 0.037554 0.94046
0.66616 0.033769 0.95504
0.68377 0.037642 0.044805
0.68591 0.037642 0.051432
0.70236 0.037642 0.040473
0.69367 0.037643 0.058764
0.70134 0.037645 0.071309
0.69998 0.037644 0.091072
0.67387 0.037637 0.10074
0.6746 0.037628 0.12178
0.67845 0.037608 0.139
0.68085 0.037596 0.15554
0.68427 0.037578 0.16772
0.69697 0.037574 0.17233
0.68444 0.037529 0.20516
0.67561 0.037522 0.21643
0.69927 0.037519 0.21213
0.69173 0.037506 0.22531
0.68036 0.037476 0.23983
0.69145 0.03746 0.24632
0.69742 0.037456 0.25147
0.68134 0.037373 0.29082
0.69833 0.037398 0.28027
0.69058 0.037375 0.2892
0.67258 0.037327 0.32905
0.69164 0.037333 0.31752
0.69052 0.037324 0.32448
0.67799 0.037252 0.34429
0.66961 0.037196 0.35897
0.68427 0.037222 0.35332
0.67858 0.037168 0.36795
0.6604 0.037093 0.3832
0.65458 0.037035 0.3956
0.68046 0.037128 0.38607
0.6797 0.037117 0.39575
0.66154 0.037031 0.41277
0.65555 0.037033 0.43385
0.67538 0.037096 0.4126
0.68332 0.037109 0.42817
0.65891 0.037026 0.46533
0.68118 0.037084 0.44886
0.66518 0.037096 0.48032
0.67734 0.037178 0.49176
0.69187 0.037179 0.47671
0.69761 0.03728 0.49573
0.67645 0.037381 0.5122
0.68171 0.037495 0.52944
0.70048 0.037425 0.52001
0.68499 0.037543 0.53923
0.69302 0.037597 0.56717
0.70148 0.037485 0.53695
0.7098 0.037563 0.56684
0.69412 0.037718 0.60995
0.7078 0.037586 0.57907
0.71701 0.037657 0.60349
0.70138 0.037682 0.61598
0.7098 0.03766 0.6246
0.71106 0.037627 0.6419
0.68945 0.03763 0.65835
0.6871 0.037606 0.66624
0.70416 0.03762 0.65097
0.70311 0.037583 0.66589
0.67911 0.037507 0.69963
0.69653 0.037515 0.69384
0.68475 0.037516 0.71753
0.67544 0.037502 0.72906
0.69127 0.037522 0.70911
0.68097 0.037528 0.75318
0.67412 0.037532 0.76853
0.69716 0.037542 0.74514
0.70095 0.037559 0.76653
0.67735 0.037545 0.77696
0.67949 0.037561 0.7956
0.69543 0.037564 0.77573
0.68944 0.03758 0.80301
0.67513 0.03758 0.81043
0.68867 0.037586 0.8085
0.69063 0.037607 0.83099
0.68252 0.037619 0.85157
0.69643 0.03762 0.84143
0.68934 0.037629 0.86765
0.68231 0.037629 0.87366
0.69282 0.037633 0.8726
0.69321 0.037643 0.89616
0.68072 0.037646 0.90984
0.67133 0.037588 0.9315
0.69131 0.037593 0.93069
0.68221 0.037539 0.94301
0.68354 0.033343 0.9635
0.69739 0.03346 0.95783
0.71213 0.037643 0.037355
0.71113 0.037644 0.054489
0.72771 0.037645 0.042418
0.73033 0.037646 0.060499
0.71388 0.037646 0.075737
0.73128 0.037646 0.075191
0.71438 0.037638 0.10042
0.7112 0.037624 0.12535
0.72954 0.03763 0.11159
0.73353 0.037624 0.12664
0.70932 0.037597 0.15648
0.73578 0.037611 0.14585
0.7336 0.037601 0.15818
0.71002 0.037575 0.1748
0.70798 0.037554 0.19195
0.72573 0.037589 0.16715
0.73477 0.037572 0.18573
0.70991 0.037543 0.19947
0.70939 0.037516 0.21872
0.72469 0.037535 0.20799
0.71617 0.037477 0.24604
0.73449 0.037475 0.25321
0.71864 0.037437 0.27009
0.71723 0.0374 0.29195
0.70417 0.037365 0.30942
0.70951 0.037321 0.33247
0.73075 0.037379 0.30993
0.7173 0.037321 0.33354
0.71004 0.037299 0.33929
0.70677 0.03723 0.363
0.72235 0.037317 0.33957
0.72578 0.037286 0.36178
0.70648 0.037182 0.38208
0.6936 0.037155 0.39388
0.71698 0.037233 0.37393
0.71101 0.037182 0.39727
0.69826 0.037147 0.41612
0.72234 0.037243 0.40536
0.71191 0.037191 0.4233
0.7027 0.03714 0.43741
0.69671 0.037149 0.46191
0.72048 0.037248 0.4427
0.7173 0.037239 0.45824
0.70545 0.037188 0.46989
0.70873 0.037247 0.4883
0.71294 0.03722 0.46753
0.72297 0.037315 0.4895
0.72299 0.037361 0.50571
0.73094 0.037408 0.51933
0.71864 0.037499 0.5457
0.73557 0.037466 0.54363
0.74234 0.037508 0.56481
0.73056 0.037612 0.60322
0.74358 0.037531 0.57799
0.73922 0.037571 0.58982
0.72488 0.037621 0.63768
0.73588 0.037636 0.61231
0.74182 0.037627 0.63844
0.72218 0.0376 0.65552
0.72557 0.037584 0.66227
0.73463 0.037607 0.65077
0.73572 0.037597 0.6696
0.7199 0.037548 0.6894
0.71481 0.037545 0.698
0.73158 0.03758 0.68121
0.73419 0.037571 0.69527
0.72067 0.037559 0.71712
0.70817 0.037547 0.72983
0.72516 0.037562 0.72619
0.71154 0.037559 0.7462
0.71078 0.037563 0.76038
0.73272 0.037577 0.74403
0.72847 0.037578 0.76268
0.71499 0.037591 0.77976
0.7057 0.037588 0.79571
0.72685 0.037598 0.7788
0.715 0.037613 0.81835
0.7056 0.037615 0.82991
0.72773 0.037615 0.80716
0.71778 0.037632 0.83938
0.70539 0.037636 0.86163
0.72419 0.037636 0.83961
0.71227 0.037646 0.88319
0.70623 0.037644 0.88778
0.72246 0.03765 0.8747
0.73446 0.037661 0.89756
0.7051 0.037656 0.91036
0.71633 0.037654 0.91947
0.73268 0.037665 0.90698
0.71175 0.033384 0.95991
0.73386 0.037559 0.94096
0.74161 0.037647 0.043411
0.74428 0.037648 0.057096
0.76385 0.037648 0.058433
0.75878 0.037647 0.076755
0.75662 0.037644 0.09054
0.76722 0.03764 0.10403
0.75735 0.037635 0.1173
0.74589 0.037614 0.14529
0.74213 0.03761 0.15104
0.75887 0.037623 0.13356
0.76675 0.037605 0.15705
0.74336 0.037589 0.17023
0.74875 0.037564 0.1936
0.75891 0.037581 0.1773
0.75734 0.037565 0.19205
0.7521 0.037546 0.20537
0.74612 0.037514 0.2301
0.7633 0.03753 0.22425
0.7453 0.037494 0.24377
0.76726 0.037518 0.23489
0.74912 0.037458 0.26911
0.73762 0.037422 0.28615
0.763 0.037463 0.27266
0.73966 0.037367 0.32877
0.7537 0.037411 0.30332
0.7552 0.037391 0.32512
0.73613 0.037344 0.34116
0.73372 0.037301 0.36662
0.75473 0.037358 0.34652
0.7582 0.037351 0.35794
0.74285 0.037284 0.38052
0.73797 0.037272 0.38888
0.76054 0.037336 0.37624
0.75007 0.037291 0.39066
0.73514 0.03727 0.40371
0.73368 0.03727 0.42984
0.75597 0.037305 0.41195
0.73087 0.037273 0.44192
0.73264 0.037291 0.46033
0.7538 0.037301 0.44225
0.75788 0.037316 0.45274
0.7439 0.037297 0.46708
0.73691 0.037326 0.48575
0.76198 0.03735 0.47264
0.76141 0.037357 0.4829
0.762 0.037391 0.50502
0.75829 0.037416 0.5276
0.74686 0.037456 0.54206
0.74942 0.037491 0.56112
0.76291 0.037449 0.53853
0.77236 0.037489 0.55452
0.7587 0.037507 0.58246
0.76489 0.037545 0.60046
0.77029 0.037555 0.60703
0.74923 0.037627 0.65141
0.74916 0.037622 0.66773
0.7688 0.03761 0.65028
0.75222 0.037624 0.68154
0.74866 0.037604 0.70058
0.76945 0.037611 0.68828
0.75164 0.037609 0.71932
0.748 0.037597 0.7379
0.74731 0.037589 0.75494
0.74417 0.037589 0.75924
0.76251 0.037606 0.76162
0.74893 0.037618 0.77984
0.74769 0.037627 0.79821
0.75766 0.037616 0.77511
0.75185 0.037636 0.81784
0.75118 0.037645 0.83515
0.75952 0.037637 0.80906
0.7652 0.037645 0.82683
0.74168 0.037653 0.86189
0.75946 0.037656 0.84997
0.74651 0.037657 0.8711
0.7424 0.037665 0.89936
0.75904 0.037664 0.88001
0.75837 0.037669 0.89456
0.74919 0.037671 0.90358
0.76456 0.037679 0.9104
0.75716 0.03763 0.92966
0.73957 0.037571 0.93988
0.7413 0.033461 0.95787
0.76597 0.033367 0.96082
0.77521 0.037648 0.043849
0.78352 0.037648 0.052313
0.79783 0.03765 0.047351
0.8008 0.03765 0.063109
0.77895 0.037649 0.068402
0.79313 0.037647 0.089927
0.78397 0.037635 0.11304
0.7831 0.037626 0.12851
0.79451 0.037638 0.10972
0.79819 0.037632 0.12393
0.78412 0.037616 0.14325
0.78146 0.037607 0.15649
0.79087 0.037623 0.13626
0.79212 0.037607 0.16112
0.78146 0.03759 0.17655
0.80033 0.037607 0.16745
0.78921 0.037576 0.19495
0.78056 0.037561 0.2061
0.78298 0.037539 0.22748
0.79614 0.037566 0.21087
0.79189 0.037547 0.22641
0.77422 0.03752 0.23737
0.77303 0.037486 0.26325
0.79137 0.037534 0.2361
0.79131 0.037514 0.25413
0.79332 0.037493 0.27591
0.76875 0.037427 0.31409
0.77421 0.037422 0.32937
0.79837 0.037473 0.30143
0.78619 0.037435 0.32331
0.77418 0.037399 0.34591
0.77239 0.037379 0.36186
0.78471 0.037414 0.33837
0.78352 0.03739 0.35773
0.77465 0.037364 0.37694
0.77814 0.037352 0.39285
0.79254 0.037395 0.37507
0.79287 0.037387 0.3933
0.77628 0.037343 0.40736
0.77262 0.037337 0.42214
0.7845 0.037361 0.40459
0.78951 0.037373 0.42738
0.77225 0.037344 0.44262
0.78789 0.037372 0.44509
0.78557 0.037364 0.44951
0.76941 0.037359 0.46927
0.77645 0.037374 0.48495
0.78918 0.037385 0.46767
0.79842 0.03743 0.48993
0.78313 0.037407 0.50988
0.79235 0.037423 0.50644
0.80096 0.037473 0.52804
0.77784 0.037495 0.55846
0.79622 0.037468 0.53357
0.80052 0.037503 0.56156
0.78549 0.037504 0.57906
0.78337 0.037522 0.59014
0.7992 0.037508 0.57769
0.78967 0.037529 0.60477
0.79734 0.037531 0.60685
0.77996 0.037603 0.64362
0.77911 0.03761 0.66386
0.80183 0.037596 0.64854
0.79633 0.037602 0.66964
0.77919 0.03761 0.68808
0.78083 0.037609 0.69612
0.80155 0.037612 0.68561
0.80096 0.037612 0.69079
0.78452 0.037611 0.71513
0.77412 0.037614 0.7363
0.79062 0.037621 0.73712
0.78056 0.037622 0.74571
0.7837 0.037629 0.76774
0.80082 0.037633 0.74542
0.79839 0.037654 0.79741
0.77381 0.037645 0.81856
0.78 0.037654 0.83309
0.79031 0.037653 0.80899
0.80027 0.037664 0.83291
0.77887 0.037664 0.85518
0.79032 0.037664 0.84425
0.78048 0.037673 0.87881
0.77423 0.037676 0.89663
0.79768 0.037682 0.89339
0.77939 0.037638 0.93165
0.79387 0.037688 0.91396
0.7837 0.037588 0.94811
0.77483 0.033346 0.96311
0.79311 0.037602 0.94172
0.7982 0.033601 0.95625
0.80521 0.037651 0.046651
0.80585 0.037651 0.05394
0.83084 0.037654 0.046838
0.83326 0.037653 0.052042
0.80527 0.037651 0.076687
0.80684 0.037647 0.091888
0.83004 0.037651 0.072666
0.82307 0.037649 0.089187
0.81198 0.037643 0.10411
0.81072 0.037637 0.1219
0.82208 0.037643 0.10709
0.82902 0.03764 0.12425
0.82904 0.037635 0.13927
0.82158 0.037613 0.17314
0.82148 0.037604 0.18492
0.81217 0.037583 0.20572
0.80529 0.037564 0.22134
0.83277 0.037589 0.21161
0.82914 0.037579 0.22163
0.80603 0.037549 0.23696
0.8089 0.037534 0.2574
0.83032 0.037548 0.25714
0.81635 0.037515 0.28041
0.81125 0.037507 0.28938
0.83195 0.037531 0.27711
0.82467 0.03751 0.29284
0.81474 0.037491 0.30222
0.80861 0.037466 0.3187
0.82615 0.0375 0.30349
0.81859 0.037466 0.32767
0.80528 0.03744 0.3434
0.80982 0.03744 0.35291
0.81931 0.037455 0.34546
0.8041 0.037421 0.37748
0.80273 0.037412 0.39589
0.82772 0.037452 0.3772
0.80305 0.037412 0.40809
0.8038 0.037417 0.42635
0.82174 0.037433 0.42131
0.80465 0.037421 0.44025
0.81441 0.037424 0.45202
0.82881 0.037445 0.4372
0.80727 0.037437 0.46968
0.80387 0.037446 0.49007
0.80523 0.037464 0.5094
0.81551 0.037471 0.51872
0.82703 0.037478 0.519
0.81472 0.037511 0.55443
0.82413 0.037504 0.5505
0.81692 0.037538 0.59876
0.83579 0.037543 0.57801
0.8314 0.037547 0.59584
0.8195 0.037537 0.61515
0.8206 0.037558 0.63082
0.83354 0.037553 0.60939
0.8277 0.037556 0.62726
0.81353 0.037596 0.64998
0.81394 0.0376 0.65696
0.82798 0.037569 0.63873
0.81878 0.037609 0.6728
0.81115 0.037626 0.70277
0.82922 0.037622 0.69064
0.81332 0.037632 0.71419
0.82756 0.037633 0.71269
0.80949 0.037639 0.74053
0.80998 0.037648 0.76574
0.83528 0.037651 0.74409
0.83559 0.037658 0.75897
0.80683 0.037652 0.77867
0.81018 0.037661 0.79957
0.83402 0.037664 0.78182
0.82768 0.037665 0.79621
0.81275 0.037666 0.80882
0.82686 0.037677 0.82906
0.80666 0.037674 0.84888
0.81297 0.037679 0.86138
0.83167 0.037681 0.84473
0.83113 0.037685 0.86356
0.81674 0.037683 0.8735
0.80626 0.037684 0.89205
0.82817 0.037689 0.88208
0.8079 0.037689 0.90691
0.8069 0.037673 0.92185
0.82059 0.037692 0.90805
0.80686 0.037602 0.93818
0.81446 0.033362 0.96119
0.82901 0.03756 0.94813
0.82271 0.033344 0.96341
0.84387 0.037654 0.044592
0.84083 0.037653 0.054612
0.86273 0.037654 0.044755
0.8468 0.037649 0.078557
0.85027 0.037648 0.090593
0.85363 0.037649 0.073798
0.85543 0.037648 0.088883
0.85704 0.037648 0.10721
0.85641 0.03764 0.13045
0.84139 0.037632 0.14511
0.84807 0.037625 0.15734
0.86044 0.037635 0.14066
0.85442 0.037628 0.1507
0.83908 0.037613 0.17931
0.84147 0.037607 0.19009
0.8583 0.037617 0.17936
0.86604 0.037612 0.19425
0.85018 0.037599 0.20676
0.83822 0.037579 0.22741
0.86138 0.037602 0.20871
0.85342 0.037584 0.22878
0.84819 0.03757 0.24284
0.85773 0.037576 0.24331
0.8597 0.037571 0.25387
0.85619 0.037555 0.27231
0.85795 0.037542 0.29271
0.84231 0.037514 0.3123
0.8356 0.037497 0.32166
0.8602 0.037536 0.30473
0.85488 0.037522 0.31729
0.83943 0.037486 0.35148
0.85613 0.037511 0.33926
0.86395 0.037508 0.35783
0.84246 0.037476 0.3771
0.8517 0.037483 0.37551
0.86061 0.03749 0.3879
0.84632 0.03747 0.40695
0.8477 0.037467 0.41983
0.85212 0.037476 0.40181
0.86159 0.037485 0.42706
0.84024 0.037464 0.43845
0.83499 0.037456 0.45351
0.85459 0.037474 0.44264
0.85995 0.037483 0.45722
0.83878 0.037466 0.47401
0.84394 0.037476 0.48841
0.84392 0.037493 0.51006
0.85104 0.037506 0.5288
0.86661 0.037522 0.51972
0.84775 0.037515 0.53935
0.84939 0.037527 0.55506
0.86543 0.03753 0.53999
0.86326 0.037535 0.55305
0.85174 0.037543 0.57514
0.84486 0.037565 0.5953
0.86542 0.03755 0.57385
0.85822 0.037558 0.59099
0.85308 0.037585 0.62191
0.8628 0.037572 0.60269
0.85751 0.037591 0.63272
0.85213 0.037604 0.66223
0.86711 0.037601 0.64097
0.8611 0.03761 0.66572
0.85076 0.037613 0.68258
0.84213 0.037621 0.69225
0.863 0.037616 0.67458
0.86524 0.037634 0.69995
0.84313 0.037633 0.7106
0.84923 0.037645 0.72861
0.85724 0.03763 0.70682
0.85763 0.037647 0.73133
0.84652 0.037653 0.74147
0.8435 0.037663 0.76764
0.85881 0.037665 0.76324
0.8397 0.037672 0.79799
0.86231 0.037671 0.77395
0.86621 0.037678 0.79293
0.84278 0.03768 0.81754
0.86474 0.037682 0.80724
0.86154 0.037685 0.82453
0.84451 0.037685 0.84485
0.86112 0.037688 0.84061
0.86204 0.037692 0.85796
0.84676 0.037695 0.87659
0.84227 0.037696 0.89722
0.86064 0.037696 0.87082
0.84558 0.037691 0.9189
0.86424 0.0377 0.90569
0.85579 0.037684 0.9219
0.84998 0.037637 0.93573
0.84312 0.033374 0.96044
0.8631 0.037649 0.93527
0.86137 0.033343 0.96354
0.8703 0.037655 0.039052
0.87204 0.037653 0.060749
0.88665 0.037656 0.039855
0.88811 0.037656 0.051729
0.88155 0.037651 0.076003
0.8821 0.03765 0.091491
0.8965 0.037654 0.07808
0.89075 0.037652 0.085423
0.88145 0.037648 0.10803
0.88222 0.037644 0.12661
0.89054 0.037647 0.11777
0.87542 0.037639 0.13682
0.88262 0.037633 0.15682
0.894 0.037639 0.14644
0.88922 0.037634 0.16053
0.87688 0.037619 0.18926
0.89328 0.037632 0.16806
0.89734 0.037625 0.18785
0.87214 0.03761 0.20216
0.87744 0.037605 0.21785
0.89081 0.037613 0.20914
0.88667 0.037607 0.22032
0.86989 0.037591 0.23558
0.8726 0.037569 0.273
0.87451 0.03756 0.28811
0.89752 0.037586 0.26726
0.89013 0.037568 0.29019
0.87025 0.037541 0.31295
0.87999 0.037548 0.32091
0.88705 0.037561 0.30128
0.88591 0.037552 0.31778
0.87686 0.037532 0.34305
0.89292 0.037545 0.33754
0.89787 0.037542 0.35107
0.87696 0.037516 0.37802
0.86946 0.037503 0.3858
0.8916 0.03753 0.37009
0.89463 0.037527 0.39078
0.872 0.037503 0.40572
0.87439 0.037505 0.41827
0.89585 0.037525 0.41152
0.89136 0.037519 0.41731
0.88139 0.037509 0.43982
0.88575 0.037511 0.44989
0.8811 0.037515 0.47883
0.87952 0.037524 0.49376
0.88624 0.037524 0.49201
0.8707 0.037519 0.50366
0.87889 0.037544 0.52869
0.88971 0.037539 0.5118
0.89168 0.037547 0.52476
0.87554 0.037544 0.53886
0.89151 0.037552 0.537
0.89598 0.037563 0.55143
0.8811 0.037565 0.57386
0.87916 0.03758 0.59701
0.89315 0.037569 0.57429
0.89029 0.037582 0.59784
0.87831 0.037585 0.60549
0.88362 0.037602 0.63155
0.88997 0.03759 0.6091
0.88953 0.0376 0.62661
0.88192 0.037614 0.64961
0.89093 0.037613 0.64726
0.89392 0.037625 0.6596
0.87452 0.03763 0.67617
0.89983 0.037652 0.69873
0.87371 0.037651 0.71463
0.88216 0.037663 0.73177
0.89658 0.037655 0.7052
0.89195 0.037661 0.72432
0.87504 0.037665 0.74701
0.8735 0.037671 0.76656
0.88869 0.037667 0.74478
0.89889 0.037674 0.76544
0.87576 0.037677 0.78182
0.87969 0.037683 0.79848
0.89126 0.03768 0.78924
0.87264 0.037686 0.8167
0.87861 0.037689 0.8257
0.89021 0.037685 0.80586
0.87779 0.037691 0.84126
0.88231 0.037697 0.86421
0.89534 0.037692 0.84024
0.88717 0.037696 0.85933
0.87543 0.037703 0.89143
0.89276 0.0377 0.87026
0.89567 0.037704 0.89002
0.88067 0.037703 0.90362
0.88183 0.037678 0.92892
0.89368 0.037704 0.91002
0.89714 0.037666 0.93049
0.87298 0.037644 0.94078
0.89848 0.033364 0.96109
0.9055 0.037658 0.037486
0.91235 0.037659 0.05402
0.92251 0.037639 0.03879
0.91537 0.037658 0.075109
0.90424 0.037654 0.09001
0.9288 0.037614 0.094213
0.9118 0.037651 0.10837
0.91 0.037647 0.12869
0.9213 0.037639 0.10325
0.92379 0.037629 0.11766
0.90607 0.037645 0.13401
0.90848 0.037639 0.15781
0.92233 0.037629 0.13845
0.91394 0.03763 0.18705
0.92791 0.037609 0.17059
0.93061 0.037586 0.19524
0.91482 0.037621 0.20426
0.91238 0.037613 0.22128
0.92703 0.037582 0.20825
0.91896 0.037604 0.22526
0.90839 0.037599 0.24534
0.92761 0.037573 0.24182
0.9216 0.037584 0.25499
0.90833 0.037589 0.26894
0.93104 0.037549 0.27851
0.9301 0.037546 0.29278
0.91119 0.037565 0.32432
0.92301 0.037561 0.30122
0.92177 0.037556 0.32109
0.90345 0.037554 0.33514
0.90622 0.037546 0.36025
0.92856 0.037539 0.3359
0.91868 0.037551 0.35447
0.90506 0.037542 0.37066
0.90982 0.037542 0.38969
0.92396 0.037516 0.3942
0.92386 0.037515 0.40202
0.92959 0.037494 0.42918
0.90443 0.037532 0.4538
0.92602 0.037507 0.43408
0.90687 0.037542 0.47937
0.90431 0.037547 0.4952
0.92641 0.037508 0.47132
0.92384 0.037522 0.48533
0.91098 0.037558 0.50295
0.91214 0.037568 0.52289
0.9278 0.037526 0.51212
0.9253 0.037537 0.51924
0.92395 0.037548 0.53793
0.92601 0.037551 0.5548
0.91529 0.037603 0.59649
0.92565 0.037579 0.57582
0.92936 0.037592 0.59592
0.91111 0.037607 0.60582
0.90622 0.037615 0.62324
0.92276 0.037605 0.60688
0.92435 0.03761 0.61944
0.90479 0.037625 0.64476
0.9324 0.037581 0.64847
0.92339 0.037619 0.66445
0.91386 0.037644 0.68929
0.9251 0.037613 0.68241
0.92827 0.037603 0.69724
0.91308 0.037656 0.70626
0.9229 0.037632 0.71028
0.91009 0.037669 0.74244
0.91338 0.037674 0.76163
0.9201 0.037655 0.73846
0.91947 0.037667 0.76673
0.91457 0.037677 0.77381
0.91358 0.03768 0.79021
0.92598 0.037651 0.7779
0.92667 0.037653 0.79737
0.90518 0.037688 0.81735
0.91241 0.037689 0.82371
0.92114 0.03767 0.8048
0.91883 0.037683 0.82752
0.90633 0.037694 0.84666
0.9067 0.037699 0.86316
0.92359 0.037662 0.83737
0.9193 0.03769 0.86265
0.91208 0.037702 0.87393
0.91933 0.037694 0.87258
0.93067 0.037659 0.89003
0.90773 0.037703 0.91012
0.90888 0.037662 0.92898
0.92072 0.037688 0.90913
0.92864 0.037623 0.92507
0.90738 0.037623 0.94097
0.91339 0.033405 0.95918
0.91916 0.037607 0.93948
0.92432 0.033374 0.96043
0.93776 0.037581 0.042115
0.93801 0.03758 0.054578
0.95402 0.034057 0.037245
0.95745 0.033488 0.061143
0.935 0.037591 0.074419
0.95993 0.033384 0.087241
0.94681 0.037556 0.10556
0.95912 0.033407 0.127
0.94664 0.037545 0.14453
0.94315 0.037558 0.15486
0.95837 0.033435 0.14011
0.95177 0.035287 0.15715
0.93621 0.037588 0.17063
0.94594 0.037545 0.19409
0.9549 0.033804 0.19552
0.93968 0.037543 0.20399
0.9397 0.037531 0.22668
0.96316 0.033345 0.21262
0.96092 0.033365 0.21962
0.94043 0.037541 0.24536
0.94652 0.037527 0.25079
0.96082 0.033366 0.23519
0.95227 0.034785 0.26187
0.94314 0.037523 0.26923
0.93959 0.037523 0.2862
0.95945 0.033393 0.27354
0.94108 0.037514 0.30015
0.94053 0.037515 0.32818
0.95451 0.033851 0.29977
0.96432 0.03334 0.32248
0.94506 0.037511 0.34015
0.94253 0.037506 0.35484
0.95833 0.033426 0.35767
0.93943 0.037494 0.3661
0.94664 0.037438 0.39544
0.9641 0.033341 0.37742
0.95147 0.035101 0.39421
0.94491 0.03744 0.405
0.96334 0.033344 0.40795
0.95592 0.033589 0.42673
0.94049 0.037466 0.44308
0.94469 0.037455 0.44996
0.95291 0.034278 0.4337
0.9594 0.03339 0.45096
0.93841 0.037465 0.47106
0.96342 0.033343 0.47788
0.95468 0.033776 0.49379
0.94551 0.037461 0.5077
0.94158 0.037481 0.52124
0.95244 0.034537 0.51078
0.95948 0.03339 0.52595
0.93647 0.037512 0.55405
0.96425 0.03334 0.53847
0.95821 0.033436 0.55678
0.94328 0.03758 0.59383
0.94026 0.037582 0.61311
0.94046 0.037577 0.62215
0.95954 0.033394 0.62746
0.94393 0.037547 0.63938
0.9612 0.033362 0.63716
0.96352 0.033343 0.65969
0.9483 0.037525 0.67754
0.95987 0.033385 0.67569
0.95906 0.033408 0.6968
0.94047 0.037547 0.71508
0.93949 0.037554 0.72614
0.95401 0.034046 0.71685
0.95469 0.033858 0.72204
0.94331 0.037551 0.75722
0.95538 0.033722 0.74854
0.95955 0.033393 0.75745
0.94102 0.037612 0.78088
0.94103 0.037604 0.80056
0.95752 0.033485 0.7889
0.93949 0.037604 0.80561
0.95398 0.034072 0.81373
0.95892 0.033413 0.83196
0.93794 0.037593 0.84732
0.96489 0.033339 0.85826
0.94257 0.037623 0.88685
0.95937 0.033399 0.87133
0.93764 0.037596 0.92232
0.95622 0.033604 0.90827
0.96455 0.03334 0.92086
0.93854 0.037541 0.93671
0.94213 0.033435 0.95838
0.95918 0.033403 0.94268
0.95415 0.033338 0.96278
