2635
1 1 1
0.034981 0.037631 0.044847
0.041028 0.03763 0.054173
0.062417 0.037627 0.035667
0.058445 0.037628 0.051415
0.046134 0.037626 0.06886
0.043596 0.03762 0.093228
0.059791 0.037621 0.080654
0.056264 0.037617 0.096923
0.038573 0.037615 0.11049
0.041275 0.037612 0.12046
0.063368 0.037613 0.10722
0.062927 0.037596 0.14298
0.04045 0.037576 0.18896
0.058477 0.037578 0.17887
0.061309 0.037567 0.19457
0.03618 0.037568 0.19936
0.040452 0.037549 0.22537
0.053448 0.037563 0.20444
0.056599 0.037552 0.2179
0.047965 0.037541 0.23444
0.042445 0.037524 0.25579
0.05316 0.037535 0.24085
0.062101 0.037518 0.25563
0.047507 0.037513 0.26773
0.046691 0.037498 0.28495
0.056134 0.037502 0.27684
0.063821 0.037488 0.28568
0.062801 0.037468 0.30687
0.058364 0.037456 0.32212
0.045581 0.03744 0.34355
0.063306 0.037423 0.35241
0.046713 0.037413 0.37395
0.045746 0.037401 0.38753
0.061878 0.037406 0.37195
0.057241 0.03739 0.39398
0.045207 0.037383 0.40465
0.037872 0.037363 0.4242
0.06209 0.037372 0.40761
0.055518 0.037367 0.41905
0.043133 0.037346 0.44733
0.061274 0.037341 0.44526
0.060605 0.03733 0.46138
0.042614 0.037327 0.47462
0.044725 0.037319 0.48925
0.053977 0.037329 0.47439
0.060369 0.037311 0.49301
0.038927 0.037312 0.50892
0.038608 0.037306 0.52983
0.056818 0.037309 0.51095
0.061674 0.037298 0.52893
0.046663 0.037303 0.54116
0.044097 0.037302 0.5664
0.063941 0.037293 0.53968
0.062504 0.037293 0.55998
0.037487 0.037303 0.57742
0.0362 0.037308 0.59946
0.053552 0.037304 0.57601
0.055598 0.037306 0.59579
0.04467 0.037309 0.60422
0.036513 0.037321 0.63112
0.053241 0.037312 0.6102
0.059718 0.03731 0.62273
0.052867 0.037331 0.65048
0.054912 0.037334 0.66237
0.048454 0.037344 0.67433
0.053861 0.037341 0.67244
0.059627 0.037343 0.69003
0.03611 0.037368 0.73199
0.061107 0.037353 0.71481
0.052447 0.037364 0.72456
0.043815 0.037375 0.74865
0.037163 0.037381 0.76454
0.059873 0.037369 0.74525
0.052551 0.03738 0.76259
0.041003 0.037385 0.77534
0.037312 0.03739 0.80234
0.058742 0.037384 0.78399
0.056742 0.037386 0.79401
0.039886 0.037393 0.82974
0.053199 0.037392 0.81747
0.05895 0.03739 0.83532
0.038161 0.037393 0.84714
0.035071 0.037388 0.86638
0.054173 0.037392 0.84139
0.056669 0.037387 0.86436
0.035648 0.037383 0.87631
0.045455 0.037395 0.89804
0.058795 0.037379 0.88392
0.057181 0.037384 0.89427
0.042102 0.037439 0.91791
0.036783 0.033489 0.95801
0.056911 0.038375 0.94846
0.058868 0.033725 0.95628
0.079251 0.037623 0.045274
0.075124 0.037622 0.059659
0.078131 0.037615 0.088289
0.094316 0.037613 0.07395
0.091656 0.03761 0.08828
0.07127 0.037611 0.10635
0.072388 0.037601 0.12925
0.085214 0.037606 0.10884
0.089453 0.037599 0.12236
0.069924 0.037596 0.14016
0.089619 0.037592 0.13655
0.093078 0.037577 0.1581
0.072117 0.037575 0.17606
0.068159 0.037567 0.19101
0.094645 0.037565 0.17593
0.095243 0.037554 0.19124
0.077559 0.037551 0.20605
0.076285 0.037537 0.22306
0.089233 0.03754 0.21122
0.097722 0.037521 0.22706
0.070065 0.037523 0.24434
0.07271 0.037517 0.25081
0.086148 0.037515 0.24496
0.090669 0.037504 0.25326
0.076703 0.037491 0.27389
0.075897 0.037474 0.29142
0.096628 0.037477 0.27403
0.069039 0.037463 0.30821
0.06959 0.037443 0.32753
0.094293 0.037447 0.30681
0.092422 0.037427 0.32828
0.072621 0.037421 0.34691
0.091619 0.037413 0.34289
0.090477 0.037399 0.35806
0.077651 0.03738 0.38128
0.093938 0.037376 0.37471
0.098046 0.037359 0.38674
0.0715 0.037358 0.41303
0.076136 0.037341 0.42646
0.097119 0.037336 0.41571
0.089964 0.037341 0.42218
0.072066 0.037327 0.44847
0.087755 0.037323 0.44068
0.08972 0.037308 0.45967
0.078002 0.037299 0.47722
0.08279 0.037287 0.48772
0.095902 0.037284 0.48342
0.095289 0.03728 0.49415
0.072833 0.037291 0.50505
0.091399 0.037272 0.52178
0.082213 0.037271 0.53787
0.076449 0.037277 0.56519
0.088293 0.037267 0.56285
0.078499 0.037275 0.57117
0.073265 0.037286 0.5992
0.091633 0.037271 0.57133
0.09437 0.03727 0.59439
0.078157 0.03729 0.62829
0.095928 0.03727 0.61154
0.10133 0.037265 0.62055
0.076438 0.037298 0.64118
0.097384 0.037289 0.66352
0.0706 0.037326 0.6808
0.089883 0.037303 0.67276
0.092566 0.037313 0.69242
0.078408 0.037338 0.7109
0.06904 0.037357 0.73241
0.093483 0.037333 0.7234
0.072451 0.037361 0.74533
0.077437 0.037364 0.7579
0.090168 0.037348 0.74105
0.086697 0.037361 0.76269
0.072441 0.037372 0.77433
0.073901 0.03738 0.80101
0.095652 0.037363 0.78601
0.073153 0.037385 0.81852
0.081172 0.037381 0.82624
0.094221 0.037372 0.80899
0.091267 0.037376 0.83555
0.0756 0.037382 0.84585
0.075654 0.037381 0.86601
0.091416 0.037376 0.87021
0.078077 0.037376 0.88766
0.090101 0.037376 0.87869
0.086997 0.037369 0.89569
0.072405 0.037381 0.91524
0.076985 0.037623 0.93633
0.091085 0.037361 0.90844
0.070059 0.037876 0.94309
0.086184 0.037661 0.95033
0.11067 0.037611 0.039066
0.10608 0.037611 0.057534
0.12673 0.037603 0.037916
0.12218 0.037605 0.052362
0.10286 0.03761 0.068582
0.10734 0.037601 0.094713
0.12453 0.03759 0.097017
0.1058 0.037596 0.11077
0.11412 0.037583 0.12927
0.12558 0.037582 0.1189
0.10797 0.037579 0.14176
0.10307 0.037573 0.15652
0.12738 0.037557 0.1567
0.10831 0.037558 0.17359
0.10714 0.037549 0.18844
0.12838 0.037547 0.16782
0.11981 0.037536 0.19472
0.11399 0.037518 0.21801
0.11877 0.03753 0.20202
0.11822 0.037505 0.22856
0.1069 0.037502 0.23975
0.10193 0.03749 0.25765
0.12224 0.037492 0.23912
0.10819 0.037466 0.27546
0.10803 0.037452 0.28833
0.12252 0.037453 0.27929
0.13099 0.037434 0.28609
0.10882 0.037433 0.30613
0.10985 0.037409 0.32895
0.13101 0.037408 0.31198
0.11926 0.037412 0.32065
0.10664 0.037403 0.33684
0.10818 0.037374 0.36188
0.11921 0.037369 0.35687
0.10232 0.037373 0.36895
0.12013 0.037352 0.37364
0.12734 0.037327 0.39819
0.10683 0.037334 0.40252
0.1077 0.037308 0.42983
0.11954 0.037292 0.43043
0.10414 0.037302 0.44215
0.10564 0.03729 0.45408
0.12122 0.037275 0.44928
0.12381 0.037265 0.46184
0.10562 0.037274 0.47469
0.11549 0.037248 0.49129
0.12577 0.037254 0.47681
0.13335 0.037239 0.49401
0.1119 0.037247 0.50682
0.10722 0.037247 0.52741
0.1315 0.037228 0.52802
0.1142 0.037233 0.53952
0.10894 0.037241 0.56003
0.13395 0.037219 0.54459
0.10637 0.037247 0.58188
0.10861 0.037247 0.59435
0.12952 0.037222 0.5755
0.13045 0.037229 0.59925
0.11725 0.03724 0.61496
0.117 0.037245 0.62461
0.13554 0.037226 0.62883
0.11297 0.03726 0.64343
0.112 0.037268 0.6563
0.1279 0.037246 0.63756
0.12314 0.037264 0.66455
0.1096 0.037287 0.68169
0.12823 0.037269 0.6807
0.11065 0.037316 0.72758
0.13184 0.037273 0.70464
0.13181 0.037295 0.73276
0.10448 0.037331 0.73902
0.10828 0.037338 0.75592
0.12296 0.03733 0.76415
0.10933 0.037348 0.77589
0.1305 0.037332 0.77966
0.11982 0.037349 0.7926
0.11055 0.037365 0.83327
0.11962 0.037353 0.80722
0.12281 0.03736 0.83756
0.11191 0.037367 0.84367
0.12789 0.037359 0.84741
0.12808 0.037358 0.86189
0.11106 0.037365 0.88193
0.11552 0.037359 0.89917
0.13201 0.037351 0.89013
0.12613 0.037358 0.90488
0.10666 0.037357 0.91619
0.12625 0.037373 0.91914
0.12474 0.037592 0.93209
0.10817 0.037743 0.94341
0.13563 0.038079 0.94996
0.13328 0.033335 0.96494
0.14201 0.037593 0.039839
0.1575 0.037583 0.035284
0.15914 0.037581 0.053526
0.13466 0.037591 0.076558
0.14004 0.037581 0.095898
0.15286 0.037581 0.0723
0.15726 0.037571 0.091036
0.13967 0.037577 0.10703
0.14132 0.037571 0.11848
0.15188 0.037567 0.11176
0.1562 0.037561 0.11741
0.13481 0.037562 0.13858
0.13594 0.037546 0.16045
0.16072 0.03753 0.15422
0.13462 0.037532 0.17942
0.15878 0.037513 0.17408
0.15761 0.037504 0.18582
0.13741 0.037505 0.20692
0.14368 0.037479 0.22712
0.16076 0.037478 0.20851
0.13683 0.037473 0.23979
0.14726 0.037445 0.25544
0.15294 0.037464 0.23298
0.16132 0.037424 0.26179
0.1398 0.037438 0.26976
0.1395 0.037416 0.29201
0.15862 0.03742 0.26972
0.15548 0.037404 0.28887
0.14769 0.037387 0.30623
0.13534 0.037396 0.31716
0.16142 0.037383 0.30043
0.15358 0.037361 0.32393
0.13844 0.037358 0.34617
0.14801 0.037333 0.35324
0.1588 0.037348 0.3347
0.14501 0.037312 0.37818
0.13937 0.037314 0.38711
0.16328 0.037297 0.38162
0.13772 0.037277 0.42655
0.15283 0.037244 0.43095
0.14675 0.03724 0.44655
0.14055 0.037243 0.46008
0.15999 0.037225 0.45011
0.159 0.037215 0.46004
0.14239 0.037225 0.47571
0.14163 0.037216 0.49186
0.16306 0.037194 0.47954
0.15423 0.037177 0.51427
0.1538 0.037173 0.52714
0.17414 0.037176 0.50817
0.14644 0.037184 0.54682
0.15368 0.037167 0.56707
0.16316 0.037154 0.5507
0.17459 0.037165 0.55454
0.1542 0.037168 0.58239
0.14778 0.037186 0.5945
0.17227 0.037166 0.58168
0.17035 0.037168 0.5933
0.14622 0.037192 0.61066
0.14831 0.037194 0.62708
0.17163 0.037168 0.61401
0.16507 0.03717 0.6238
0.14989 0.037206 0.65756
0.17302 0.03716 0.64169
0.16049 0.037191 0.65825
0.146 0.037225 0.67089
0.15082 0.037231 0.69143
0.15691 0.037207 0.67409
0.15745 0.037231 0.69876
0.13785 0.037263 0.70347
0.14794 0.037271 0.73164
0.1616 0.037233 0.70515
0.15507 0.037263 0.73119
0.14697 0.037287 0.74789
0.1398 0.03731 0.76631
0.16043 0.037262 0.73778
0.1631 0.03727 0.75499
0.14186 0.037325 0.79473
0.15597 0.0373 0.77682
0.15667 0.037314 0.80051
0.14698 0.037328 0.80945
0.14408 0.037341 0.83207
0.16507 0.037316 0.81726
0.15717 0.03733 0.83242
0.14214 0.037351 0.85272
0.14912 0.037341 0.86935
0.16124 0.037336 0.8516
0.16194 0.037335 0.86855
0.13994 0.037344 0.8842
0.16007 0.037374 0.88986
0.16234 0.03756 0.90706
0.14074 0.037355 0.91679
0.14673 0.037716 0.9345
0.16794 0.037856 0.9169
0.16373 0.037896 0.92859
0.14219 0.034099 0.95497
0.16593 0.038187 0.94171
0.16408 0.033344 0.96172
0.17123 0.037572 0.044957
0.17821 0.037564 0.061493
0.18749 0.03756 0.045678
0.18653 0.03756 0.055367
0.17105 0.037564 0.07678
0.17491 0.037555 0.092662
0.19021 0.037547 0.078432
0.18999 0.037541 0.093869
0.1703 0.037552 0.10674
0.17473 0.037534 0.12991
0.18474 0.037538 0.1083
0.19181 0.037525 0.11917
0.17344 0.037526 0.14198
0.18044 0.03751 0.15554
0.18851 0.037509 0.14679
0.19299 0.037501 0.15216
0.18077 0.037468 0.19551
0.19226 0.037478 0.17416
0.18792 0.037468 0.19091
0.17752 0.037437 0.2291
0.18958 0.037453 0.20383
0.18915 0.037437 0.22245
0.17559 0.037424 0.24161
0.17839 0.037398 0.25996
0.19065 0.037396 0.25187
0.19265 0.037369 0.27348
0.18853 0.037352 0.2919
0.17037 0.037367 0.29987
0.17742 0.037334 0.31735
0.19164 0.037329 0.3118
0.19462 0.037309 0.3287
0.17036 0.037315 0.3452
0.17332 0.037302 0.35239
0.18808 0.037291 0.34065
0.19139 0.037282 0.3506
0.17991 0.037265 0.37615
0.19052 0.037253 0.37946
0.18771 0.037232 0.39723
0.17869 0.037209 0.43332
0.19703 0.037229 0.41015
0.19878 0.037211 0.43055
0.17969 0.037192 0.44686
0.18249 0.037173 0.46247
0.19595 0.037181 0.44485
0.19243 0.037148 0.47
0.18375 0.037158 0.49617
0.19724 0.03713 0.48891
0.20351 0.03713 0.49749
0.18536 0.037141 0.51017
0.18638 0.037122 0.53273
0.21456 0.037246 0.51738
0.2097 0.037115 0.53425
0.18593 0.037122 0.54612
0.19987 0.03707 0.56171
0.19279 0.037095 0.57738
0.18128 0.037139 0.58999
0.20776 0.03711 0.58242
0.2005 0.037089 0.59393
0.19144 0.0371 0.60481
0.18229 0.037132 0.62499
0.2015 0.037102 0.60214
0.19975 0.037099 0.61919
0.18056 0.037138 0.64307
0.18186 0.037139 0.65258
0.20946 0.037086 0.64313
0.20822 0.037095 0.65514
0.17967 0.037161 0.67048
0.17684 0.03718 0.6869
0.19426 0.037126 0.66693
0.1948 0.037146 0.68724
0.1809 0.037196 0.71481
0.17654 0.03722 0.72739
0.19293 0.037162 0.70089
0.1908 0.037202 0.73166
0.18174 0.037234 0.74755
0.17425 0.037252 0.75603
0.19083 0.037222 0.7464
0.17186 0.037288 0.79332
0.19356 0.037237 0.77105
0.19164 0.037269 0.79957
0.17664 0.037296 0.80901
0.18947 0.03729 0.81708
0.19059 0.037297 0.83301
0.18009 0.037314 0.84458
0.17145 0.037331 0.86264
0.18874 0.037318 0.85196
0.18677 0.037321 0.85977
0.17048 0.037341 0.88435
0.17413 0.037762 0.90294
0.19345 0.03732 0.87822
0.19219 0.037806 0.90148
0.17688 0.03835 0.92707
0.18639 0.038622 0.92559
0.18097 0.034146 0.95121
0.18688 0.038534 0.93362
0.18934 0.033533 0.95498
0.20214 0.037546 0.044429
0.21052 0.037535 0.058822
0.22404 0.037524 0.034999
0.22213 0.037524 0.056606
0.20925 0.037532 0.069072
0.20607 0.037527 0.089146
0.22671 0.037513 0.071349
0.22343 0.037507 0.094122
0.21188 0.037514 0.10145
0.20612 0.037502 0.12781
0.22875 0.037495 0.10222
0.22069 0.037492 0.12245
0.20529 0.03749 0.14324
0.20154 0.037463 0.1752
0.21241 0.037434 0.19181
0.22856 0.037426 0.17474
0.23132 0.037413 0.18605
0.20779 0.037426 0.20257
0.22569 0.0374 0.20281
0.21505 0.037366 0.24127
0.22911 0.037354 0.23646
0.22747 0.037345 0.26003
0.20889 0.037338 0.27616
0.20407 0.037339 0.2843
0.22831 0.037331 0.27082
0.22177 0.037304 0.28874
0.21343 0.037295 0.30923
0.21155 0.03728 0.32919
0.2211 0.037276 0.31776
0.20474 0.037288 0.33504
0.20966 0.03725 0.35871
0.22184 0.037257 0.33439
0.23166 0.037247 0.35161
0.21342 0.03723 0.36894
0.21084 0.03722 0.38798
0.22556 0.037228 0.36708
0.21929 0.037196 0.39533
0.21024 0.037202 0.41465
0.21866 0.037178 0.4116
0.21289 0.037172 0.44062
0.20813 0.037154 0.46815
0.22695 0.037154 0.4438
0.23064 0.037139 0.46431
0.21671 0.037124 0.48159
0.22766 0.037384 0.50483
0.22653 0.037132 0.49189
0.23551 0.037551 0.508
0.23084 0.037762 0.52105
0.2325 0.037601 0.53062
0.23259 0.037259 0.54398
0.23225 0.037125 0.55643
0.2452 0.037098 0.55698
0.22532 0.037194 0.58263
0.22027 0.037312 0.59303
0.24458 0.037327 0.58117
0.24194 0.037462 0.58748
0.2213 0.037464 0.60197
0.21873 0.037312 0.62108
0.23919 0.037599 0.61391
0.2158 0.037076 0.63958
0.22485 0.037028 0.64427
0.23829 0.037315 0.62307
0.22195 0.037061 0.66486
0.21209 0.037109 0.68947
0.23314 0.037036 0.66467
0.22805 0.037076 0.68918
0.20891 0.037134 0.70428
0.20658 0.037159 0.72479
0.22646 0.037106 0.70456
0.22751 0.037109 0.71645
0.20764 0.037198 0.75881
0.22546 0.037151 0.74497
0.20534 0.03723 0.78208
0.21175 0.037232 0.79438
0.22427 0.037191 0.77129
0.2045 0.037283 0.83646
0.22815 0.037237 0.81815
0.22419 0.037258 0.83419
0.20432 0.0373 0.85195
0.20677 0.037301 0.8664
0.22234 0.037269 0.84132
0.22219 0.037285 0.86464
0.20465 0.037317 0.88393
0.20466 0.037591 0.90327
0.2172 0.037302 0.88436
0.22006 0.037321 0.90433
0.20639 0.038099 0.93196
0.21794 0.037401 0.92207
0.1956 0.038596 0.94692
0.20597 0.033339 0.96319
0.21358 0.038522 0.94765
0.21417 0.033414 0.95916
0.23468 0.037513 0.035012
0.23839 0.037505 0.061735
0.25216 0.037495 0.042588
0.26043 0.037484 0.056508
0.24014 0.0375 0.067976
0.23648 0.037498 0.08498
0.25638 0.037478 0.076321
0.25978 0.037471 0.08597
0.24668 0.037462 0.11985
0.25639 0.037462 0.102
0.25227 0.037449 0.12681
0.23666 0.037448 0.14527
0.25601 0.03743 0.14019
0.26241 0.037406 0.15736
0.23791 0.037409 0.17732
0.24878 0.037382 0.19305
0.25579 0.037387 0.17807
0.26223 0.037371 0.18817
0.24245 0.037361 0.21244
0.23677 0.037348 0.23063
0.2596 0.037353 0.20826
0.23745 0.037327 0.24574
0.24517 0.037301 0.25167
0.24842 0.037282 0.27507
0.24842 0.037274 0.29351
0.27168 0.037724 0.28587
0.27021 0.037481 0.30382
0.26536 0.037261 0.31953
0.24007 0.03724 0.35417
0.26011 0.037218 0.3411
0.26531 0.037237 0.35831
0.24319 0.037227 0.36616
0.25511 0.037199 0.37157
0.25017 0.037204 0.3877
0.23534 0.037203 0.41048
0.24574 0.037198 0.42597
0.25323 0.037201 0.40214
0.24312 0.037174 0.44252
0.24471 0.037154 0.46465
0.26029 0.037186 0.4467
0.26029 0.037157 0.46792
0.24357 0.037165 0.49301
0.25756 0.03716 0.48733
0.26689 0.037305 0.50405
0.25646 0.037624 0.5206
0.27386 0.037075 0.53919
0.26798 0.037118 0.55158
0.26011 0.037341 0.5663
0.25921 0.037639 0.58555
0.26414 0.037581 0.58839
0.25412 0.037577 0.59867
0.25061 0.037265 0.61753
0.2599 0.03734 0.60044
0.26578 0.037033 0.61348
0.24843 0.036995 0.63412
0.25614 0.03694 0.64617
0.26695 0.036923 0.63639
0.26774 0.036935 0.65261
0.25445 0.036982 0.67147
0.27417 0.036973 0.67834
0.24917 0.037049 0.70998
0.26305 0.037026 0.69821
0.2615 0.037045 0.71987
0.24556 0.037102 0.73588
0.241 0.037134 0.75543
0.26002 0.037086 0.7406
0.26746 0.037094 0.7585
0.23652 0.037178 0.77758
0.24422 0.037176 0.79071
0.26203 0.037125 0.76928
0.24354 0.037204 0.80766
0.26158 0.037181 0.8082
0.2537 0.037214 0.82964
0.24248 0.03725 0.84738
0.23668 0.037273 0.86466
0.23367 0.037295 0.88436
0.23187 0.037295 0.8946
0.25597 0.037279 0.88094
0.24062 0.037308 0.91925
0.22976 0.037805 0.93609
0.24751 0.037283 0.90929
0.25513 0.037691 0.93686
0.23636 0.033344 0.96238
0.24978 0.037805 0.94175
0.27681 0.037465 0.057018
0.2973 0.03744 0.06182
0.2788 0.037449 0.080738
0.27217 0.037448 0.095787
0.29599 0.037432 0.075462
0.27349 0.037434 0.11106
0.29311 0.037414 0.10632
0.28865 0.037404 0.12574
0.27477 0.037406 0.13883
0.27276 0.037388 0.16027
0.29658 0.037374 0.14131
0.29873 0.037353 0.16234
0.26969 0.037372 0.17343
0.27558 0.037346 0.18721
0.29175 0.037311 0.19881
0.28056 0.037298 0.22261
0.29443 0.037298 0.20434
0.29355 0.037275 0.23148
0.27974 0.037559 0.27003
0.29507 0.037244 0.24749
0.29542 0.037527 0.26947
0.29013 0.037886 0.27856
0.27857 0.037638 0.30375
0.28047 0.037447 0.31309
0.30132 0.037375 0.31559
0.27587 0.037258 0.3347
0.27916 0.037264 0.35786
0.28962 0.037238 0.3403
0.29222 0.037233 0.35273
0.27644 0.037269 0.36414
0.27359 0.037212 0.38497
0.29173 0.037268 0.37347
0.26869 0.037186 0.40934
0.26643 0.037192 0.42792
0.28425 0.037209 0.41355
0.28075 0.037195 0.43286
0.2711 0.037154 0.47224
0.28152 0.037155 0.44242
0.2982 0.037203 0.46052
0.27087 0.037143 0.48808
0.27878 0.037104 0.50619
0.29385 0.036966 0.49643
0.28408 0.036909 0.52467
0.31276 0.036836 0.54567
0.30597 0.037022 0.55076
0.29057 0.037449 0.57233
0.30597 0.037186 0.56124
0.31997 0.037156 0.57195
0.29384 0.037399 0.57643
0.2825 0.037083 0.58983
0.3093 0.037188 0.58007
0.31139 0.036901 0.5867
0.29109 0.036815 0.59858
0.28651 0.036859 0.61522
0.30929 0.036741 0.61122
0.28809 0.036868 0.6343
0.28546 0.03689 0.65143
0.30358 0.036828 0.63461
0.30599 0.036992 0.65426
0.28485 0.036913 0.66047
0.29246 0.03702 0.68101
0.31188 0.037301 0.66596
0.30379 0.037261 0.68634
0.28348 0.036987 0.70327
0.28542 0.036983 0.71204
0.30361 0.036975 0.71407
0.28483 0.037021 0.74241
0.27937 0.037076 0.7613
0.30088 0.037006 0.73284
0.27271 0.037111 0.77038
0.27973 0.037123 0.78959
0.29883 0.03708 0.77339
0.29338 0.037115 0.79306
0.2938 0.037146 0.81177
0.28544 0.037179 0.82894
0.27678 0.037215 0.84814
0.29585 0.037193 0.84434
0.28679 0.03722 0.86079
0.2687 0.037264 0.88458
0.27807 0.03726 0.89691
0.29052 0.037242 0.88258
0.28266 0.037258 0.8977
0.29352 0.037266 0.91368
0.29004 0.037577 0.93099
0.27196 0.038149 0.94951
0.27468 0.033514 0.95712
0.29234 0.037765 0.94001
0.28015 0.033351 0.96117
0.30333 0.037439 0.045762
0.30693 0.037431 0.059325
0.32999 0.037411 0.04467
0.33127 0.037405 0.059274
0.30566 0.037417 0.081179
0.30983 0.037409 0.088948
0.32618 0.0374 0.071571
0.32253 0.037388 0.095945
0.30828 0.037391 0.11051
0.30647 0.037377 0.12886
0.33105 0.037368 0.10594
0.32182 0.037363 0.12689
0.30548 0.037353 0.14773
0.30896 0.037345 0.15968
0.3255 0.037327 0.14698
0.3266 0.037321 0.15684
0.30783 0.037306 0.18173
0.31128 0.03729 0.1975
0.32759 0.037289 0.1763
0.31381 0.037252 0.22921
0.33372 0.037236 0.21505
0.33285 0.037229 0.2238
0.3057 0.037221 0.25125
0.31228 0.037248 0.26256
0.32293 0.037205 0.26729
0.30789 0.037459 0.2761
0.29943 0.037871 0.29127
0.32022 0.037233 0.27495
0.3273 0.037217 0.28918
0.30402 0.037536 0.30314
0.30678 0.037392 0.3124
0.32537 0.037228 0.30878
0.32722 0.037249 0.31623
0.31444 0.03735 0.32946
0.30579 0.037299 0.35392
0.3277 0.037413 0.33826
0.3364 0.037616 0.35453
0.31068 0.037346 0.3587
0.29863 0.037305 0.38715
0.32273 0.037418 0.367
0.32651 0.03756 0.37834
0.29445 0.037243 0.4101
0.30163 0.037319 0.4224
0.30737 0.037445 0.40182
0.31156 0.03743 0.4273
0.30572 0.037179 0.44822
0.30778 0.037316 0.46434
0.324 0.037351 0.44924
0.33809 0.037295 0.45965
0.31216 0.036783 0.48598
0.33106 0.036982 0.47384
0.31808 0.036788 0.49351
0.31622 0.036754 0.50887
0.3233 0.036461 0.53051
0.33024 0.036809 0.50555
0.34166 0.036358 0.5572
0.36601 0.037188 0.58749
0.34346 0.036848 0.59077
0.42384 0.043459 0.48681
0.33241 0.036774 0.60555
0.3229 0.036879 0.61636
0.35615 0.036829 0.61238
0.33685 0.036849 0.64525
0.33343 0.037142 0.6632
0.33191 0.037399 0.68517
0.33499 0.03701 0.70288
0.32886 0.036933 0.71649
0.3136 0.036984 0.72824
0.31828 0.036992 0.74997
0.33099 0.03696 0.73508
0.32778 0.036993 0.75499
0.31662 0.037043 0.77211
0.3077 0.03708 0.7876
0.32367 0.037035 0.77644
0.32258 0.037077 0.79453
0.30519 0.037118 0.80241
0.32282 0.037125 0.8246
0.30511 0.037177 0.84096
0.31065 0.037194 0.85967
0.3017 0.037231 0.88477
0.30938 0.03723 0.89277
0.32259 0.037205 0.87265
0.31966 0.037228 0.89927
0.30127 0.037269 0.91683
0.31033 0.037436 0.93309
0.32892 0.037229 0.90883
0.3189 0.03733 0.92641
0.30038 0.037809 0.94811
0.32074 0.037561 0.9453
0.34156 0.0374 0.040976
0.34068 0.037397 0.056649
0.36559 0.037376 0.041171
0.35481 0.037388 0.052256
0.34136 0.03738 0.075173
0.34103 0.037373 0.088148
0.35674 0.037357 0.086191
0.34345 0.03735 0.10774
0.33864 0.037343 0.1259
0.35897 0.037324 0.1255
0.34194 0.037311 0.14363
0.34648 0.037294 0.15684
0.35868 0.037289 0.14614
0.36574 0.037271 0.1554
0.34744 0.037263 0.17562
0.34776 0.037241 0.18721
0.35464 0.037264 0.17137
0.36017 0.03723 0.18749
0.34106 0.037237 0.2081
0.34065 0.037223 0.22995
0.35687 0.037222 0.20785
0.34879 0.037202 0.24475
0.34652 0.0372 0.27002
0.35932 0.037185 0.2483
0.36761 0.037193 0.26652
0.35463 0.037201 0.28876
0.35334 0.03721 0.29798
0.36935 0.037259 0.28836
0.36382 0.037205 0.29634
0.34716 0.03729 0.30818
0.35075 0.037404 0.33008
0.36699 0.03728 0.31532
0.36378 0.037358 0.33455
0.35675 0.037487 0.33788
0.34408 0.037653 0.35059
0.36335 0.037572 0.34763
0.37147 0.037993 0.37291
0.36563 0.038123 0.38874
0.32364 0.037857 0.39586
0.31952 0.037788 0.42679
0.34255 0.038056 0.39091
0.33872 0.037669 0.44917
0.33892 0.038375 0.44224
0.34973 0.036704 0.47348
0.33983 0.036539 0.49156
0.37076 0.035561 0.48505
0.34171 0.036716 0.50271
0.34639 0.036651 0.5038
0.36493 0.037895 0.56394
0.39418 0.038551 0.55389
0.37414 0.038361 0.57714
0.41696 0.050319 0.481
0.41987 0.06046 0.4754
0.42722 0.041207 0.49182
0.41741 0.037055 0.51342
0.36217 0.03665 0.6159
0.42069 0.036737 0.51339
0.3808 0.036293 0.61643
0.35871 0.036743 0.64532
0.3416 0.037014 0.66261
0.37546 0.03672 0.64036
0.36729 0.036837 0.65565
0.33958 0.037261 0.68184
0.37013 0.036858 0.66507
0.37318 0.036918 0.68362
0.33944 0.037071 0.69578
0.34978 0.036881 0.7089
0.36897 0.036885 0.69505
0.3595 0.036905 0.71846
0.34781 0.036928 0.72675
0.3475 0.036978 0.75629
0.36177 0.036918 0.73091
0.36336 0.03695 0.74913
0.35995 0.036986 0.76853
0.35899 0.037039 0.79335
0.34924 0.037078 0.80842
0.33781 0.037097 0.81749
0.3582 0.037085 0.82031
0.34733 0.037135 0.84069
0.34431 0.037163 0.85933
0.36482 0.037108 0.83321
0.36279 0.037147 0.85945
0.33774 0.037205 0.8795
0.34064 0.037207 0.89432
0.35398 0.03719 0.88832
0.34519 0.037222 0.9127
0.33811 0.037474 0.93104
0.35293 0.037235 0.91588
0.3527 0.037473 0.92808
0.34421 0.037738 0.94166
0.33589 0.033376 0.95934
0.35926 0.03779 0.94141
0.35113 0.033339 0.96309
0.37247 0.037369 0.035207
0.38228 0.037357 0.057328
0.39099 0.037352 0.041387
0.39261 0.037339 0.072717
0.39731 0.037318 0.096296
0.37344 0.037327 0.10766
0.38478 0.037311 0.12118
0.39757 0.037292 0.11273
0.3926 0.037297 0.12092
0.37397 0.037266 0.14937
0.37542 0.037258 0.16362
0.39858 0.037249 0.14285
0.38212 0.037227 0.17451
0.37697 0.037209 0.18749
0.3975 0.037198 0.20058
0.37834 0.037207 0.20821
0.38209 0.037175 0.22662
0.39329 0.037181 0.21509
0.39338 0.037168 0.22582
0.37844 0.037169 0.25422
0.37701 0.037186 0.26703
0.40112 0.037183 0.24778
0.39967 0.037195 0.27325
0.37845 0.037257 0.28534
0.38386 0.037272 0.31143
0.40173 0.037284 0.29232
0.3944 0.037251 0.30897
0.39203 0.038055 0.34112
0.40111 0.037489 0.32524
0.39897 0.038082 0.33906
0.38448 0.037838 0.35034
0.39514 0.037905 0.37009
0.3777 0.038102 0.38237
0.41091 0.038201 0.37791
0.36687 0.038949 0.39812
0.37915 0.038853 0.39742
0.35365 0.039581 0.40448
0.35441 0.03942 0.4436
0.37794 0.041137 0.43291
0.33439 0.039995 0.42809
0.39006 0.043074 0.4271
0.40335 0.039078 0.43645
0.38612 0.035874 0.47334
0.36419 0.036948 0.51871
0.37047 0.038592 0.57486
0.36927 0.036869 0.51824
0.37655 0.038942 0.57234
0.4129 0.058987 0.47634
0.41353 0.066559 0.47109
0.4346 0.058129 0.48626
0.42926 0.038395 0.50163
0.44266 0.050859 0.49232
0.40115 0.036093 0.58695
0.38629 0.036254 0.61469
0.38497 0.036487 0.62484
0.40005 0.03647 0.61843
0.41978 0.036912 0.6123
0.3873 0.036802 0.63994
0.39013 0.036931 0.65369
0.4389 0.036567 0.54709
0.43642 0.036725 0.58633
0.38807 0.036964 0.66342
0.41991 0.037011 0.63807
0.41055 0.036912 0.66519
0.39274 0.036891 0.70884
0.41272 0.036882 0.68196
0.4016 0.036901 0.70771
0.38658 0.036886 0.73379
0.37688 0.036919 0.74195
0.39491 0.03688 0.72879
0.38616 0.03696 0.76759
0.38186 0.037005 0.78908
0.3932 0.036953 0.76094
0.38045 0.037031 0.80052
0.37293 0.037081 0.82546
0.37561 0.037102 0.83416
0.37345 0.037126 0.85358
0.38984 0.037092 0.83393
0.39017 0.037128 0.86161
0.37515 0.037165 0.87514
0.37009 0.037187 0.89633
0.39192 0.037179 0.89964
0.37363 0.037211 0.91198
0.38004 0.037574 0.93211
0.38713 0.037206 0.91108
0.39354 0.037573 0.93438
0.37686 0.037869 0.94427
0.37085 0.033675 0.95541
0.38971 0.037835 0.94478
0.39562 0.033562 0.956
0.41552 0.037337 0.036886
0.42095 0.037333 0.042002
0.42203 0.037326 0.066523
0.40669 0.037325 0.083903
0.42702 0.037315 0.076371
0.43553 0.037488 0.10025
0.42013 0.037262 0.11262
0.41045 0.037252 0.12261
0.42794 0.037422 0.11048
0.43062 0.037476 0.12699
0.4172 0.037214 0.14742
0.41078 0.03722 0.16506
0.43235 0.037236 0.15212
0.41378 0.037198 0.17468
0.41201 0.037185 0.19817
0.42432 0.037176 0.18116
0.42609 0.037167 0.18889
0.41682 0.037175 0.23934
0.42779 0.037145 0.21632
0.43269 0.037125 0.22459
0.40476 0.037164 0.25428
0.41733 0.037202 0.2764
0.43264 0.037181 0.24677
0.41783 0.037287 0.29474
0.415 0.0373 0.30368
0.43264 0.037294 0.31688
0.41631 0.037782 0.33541
0.40771 0.038071 0.34432
0.42788 0.037384 0.32712
0.41778 0.038014 0.34882
0.40765 0.038162 0.35425
0.41337 0.038182 0.36072
0.43501 0.036547 0.37812
0.42808 0.037573 0.3746
0.4244 0.038198 0.39507
0.46427 0.036417 0.41768
0.39533 0.038031 0.39627
0.36217 0.040663 0.4083
0.43306 0.037648 0.41151
0.40684 0.037389 0.40367
0.33798 0.041108 0.41838
0.36456 0.041807 0.43443
0.37634 0.039864 0.40709
0.42406 0.043764 0.43303
0.38926 0.036099 0.47179
0.40228 0.042326 0.42539
0.39459 0.035143 0.50049
0.37955 0.03609 0.51818
0.37483 0.039414 0.5588
0.3782 0.036455 0.527
0.3863 0.039409 0.55681
0.43398 0.079067 0.48131
0.44023 0.042865 0.50097
0.40426 0.036263 0.58541
0.50883 0.047718 0.46094
0.42993 0.03608 0.56038
0.46166 0.040228 0.50963
0.50991 0.050376 0.45766
0.44778 0.038095 0.52315
0.43977 0.036949 0.59178
0.44492 0.036892 0.54428
0.44479 0.036949 0.61318
0.42826 0.036964 0.63992
0.42848 0.036952 0.65441
0.44831 0.037054 0.6411
0.44621 0.036995 0.66079
0.42686 0.036947 0.68356
0.41927 0.036938 0.69941
0.43763 0.036966 0.69371
0.41337 0.036913 0.73845
0.43299 0.036896 0.72146
0.42542 0.036931 0.74156
0.41519 0.036938 0.76267
0.40555 0.036989 0.7863
0.43192 0.036927 0.76318
0.43343 0.036971 0.78156
0.41647 0.037019 0.80695
0.43355 0.037004 0.79679
0.42064 0.037035 0.81652
0.40647 0.03708 0.83395
0.42484 0.037104 0.85821
0.41288 0.037147 0.87928
0.408 0.03716 0.89854
0.42802 0.037139 0.87943
0.42252 0.03714 0.88907
0.40951 0.03717 0.90937
0.40692 0.037468 0.9334
0.427 0.037336 0.93066
0.40083 0.037766 0.94703
0.41752 0.037499 0.94056
0.42744 0.033344 0.96165
0.43831 0.037331 0.042223
0.44366 0.037317 0.06405
0.45672 0.037325 0.046139
0.43812 0.037306 0.075124
0.44141 0.037536 0.098733
0.46295 0.037282 0.084891
0.45872 0.037733 0.10364
0.44508 0.038102 0.12019
0.46193 0.037858 0.10976
0.45011 0.037876 0.13049
0.44253 0.037238 0.15225
0.45583 0.037863 0.13174
0.46163 0.037208 0.15427
0.4481 0.037162 0.16933
0.44475 0.03716 0.19542
0.46021 0.037146 0.17933
0.45862 0.037155 0.19988
0.44765 0.037143 0.21341
0.44278 0.037124 0.22691
0.45473 0.037147 0.23592
0.44021 0.037188 0.25211
0.43747 0.037178 0.2692
0.45246 0.037188 0.25079
0.43982 0.037227 0.28235
0.44006 0.037276 0.30314
0.45881 0.037219 0.29341
0.46292 0.037131 0.30656
0.4352 0.037264 0.32461
0.44321 0.036893 0.33089
0.44717 0.036412 0.34191
0.45192 0.035875 0.39966
0.47396 0.041932 0.43933
0.43372 0.036856 0.34682
0.43028 0.036729 0.36336
0.46164 0.046533 0.45529
0.46489 0.037941 0.43307
0.44007 0.03626 0.37126
0.46267 0.049695 0.45491
0.45626 0.054821 0.47025
0.39775 0.036825 0.40512
0.34332 0.040116 0.42189
0.45429 0.036592 0.42305
0.44245 0.034198 0.42248
0.37967 0.041126 0.42558
0.40155 0.035182 0.45258
0.40408 0.034417 0.47191
0.37976 0.036373 0.54009
0.40256 0.038676 0.51837
0.3833 0.035962 0.54129
0.45033 0.039645 0.50394
0.41093 0.035748 0.55289
0.43227 0.037065 0.53198
0.41259 0.035243 0.57175
0.50644 0.044494 0.4641
0.50524 0.067101 0.46501
0.49669 0.067479 0.47449
0.46357 0.037543 0.51701
0.44915 0.037086 0.53481
0.45716 0.036268 0.5534
0.48266 0.036599 0.52794
0.45269 0.037022 0.60774
0.45439 0.03712 0.619
0.47744 0.036076 0.54447
0.45863 0.036614 0.56613
0.45709 0.037117 0.6394
0.46293 0.036998 0.64854
0.47399 0.036997 0.63402
0.45552 0.036988 0.67388
0.45543 0.036931 0.69536
0.4683 0.036956 0.66331
0.46617 0.036925 0.69676
0.45504 0.03691 0.71022
0.44212 0.036929 0.73988
0.46458 0.036902 0.71597
0.45988 0.036927 0.73799
0.44442 0.036923 0.75868
0.44394 0.036982 0.7844
0.45704 0.036911 0.76189
0.46626 0.036979 0.78523
0.44459 0.03701 0.81176
0.45561 0.036989 0.80432
0.45519 0.037012 0.81502
0.44556 0.037051 0.83044
0.43832 0.037094 0.85755
0.46368 0.037047 0.83094
0.44045 0.037124 0.86865
0.44082 0.037131 0.8907
0.45342 0.037121 0.87986
0.46114 0.037134 0.89486
0.44742 0.037155 0.91559
0.44747 0.037261 0.9285
0.46111 0.037184 0.91654
0.45691 0.037337 0.93312
0.44453 0.03744 0.94862
0.46606 0.037603 0.94558
0.46142 0.033337 0.96351
0.43653 0.038148 0.42849
0.41688 0.037704 0.46376
0.4129 0.038447 0.49396
0.42888 0.040843 0.47897
0.48049 0.037313 0.047017
0.47687 0.0373 0.066977
0.49486 0.037311 0.039379
0.48684 0.037301 0.064598
0.46891 0.03728 0.084964
0.47237 0.037419 0.098087
0.49067 0.037287 0.076112
0.48968 0.037287 0.097683
0.47885 0.037463 0.11519
0.47322 0.037704 0.12026
0.4838 0.037315 0.10972
0.49273 0.037278 0.13038
0.47091 0.037515 0.13564
0.48917 0.037194 0.15633
0.46799 0.037161 0.17548
0.47602 0.037148 0.19201
0.48473 0.037182 0.17364
0.47801 0.037156 0.21093
0.47514 0.037141 0.22985
0.48942 0.03716 0.20799
0.49002 0.037134 0.22652
0.47118 0.037199 0.25537
0.47746 0.037219 0.26108
0.48681 0.037197 0.24475
0.49236 0.037212 0.25722
0.46885 0.037217 0.29048
0.48131 0.037278 0.29213
0.49344 0.037233 0.28142
0.49734 0.037325 0.29528
0.47798 0.036993 0.32418
0.48272 0.036743 0.33455
0.49732 0.037087 0.33392
0.46727 0.03616 0.34487
0.4757 0.036096 0.3485
0.5127 0.037 0.34273
0.52311 0.037402 0.34828
0.4632 0.035954 0.35202
0.4741 0.035977 0.35174
0.52675 0.037694 0.37648
0.45526 0.035366 0.39118
0.51367 0.036429 0.35549
0.51697 0.036016 0.36388
0.45693 0.041416 0.46365
0.45743 0.03477 0.44036
0.46046 0.034243 0.36005
0.46624 0.033662 0.36207
0.4477 0.033499 0.47588
0.45756 0.033351 0.4809
0.41958 0.033452 0.47198
0.41495 0.033943 0.55696
0.5137 0.033788 0.45621
0.47583 0.034634 0.51011
0.5134 0.033942 0.58006
0.48454 0.034844 0.57168
0.4642 0.035582 0.53234
0.51337 0.037147 0.4725
0.47664 0.036079 0.56524
0.47906 0.036136 0.58093
0.5078 0.037246 0.48273
0.49553 0.037162 0.5562
0.47922 0.036928 0.5609
0.48763 0.036549 0.59963
0.49558 0.036992 0.55746
0.47613 0.036268 0.5536
0.49627 0.036706 0.61101
0.47406 0.037125 0.61583
0.47963 0.037013 0.65131
0.48819 0.036979 0.6346
0.49561 0.037017 0.65449
0.48094 0.036988 0.68768
0.49482 0.037024 0.66937
0.49426 0.036972 0.69705
0.47921 0.036964 0.71553
0.48005 0.036964 0.73342
0.49466 0.036981 0.71956
0.49611 0.036955 0.73476
0.48156 0.036931 0.75112
0.47268 0.036955 0.77753
0.49279 0.036979 0.78587
0.48008 0.03702 0.81968
0.49482 0.036987 0.79918
0.49264 0.037031 0.82325
0.47799 0.037047 0.83636
0.48018 0.037069 0.85517
0.48699 0.037062 0.85232
0.47723 0.037106 0.87286
0.47474 0.037117 0.88524
0.49526 0.037103 0.87935
0.47171 0.037427 0.93068
0.49247 0.037186 0.91098
0.48855 0.037601 0.93372
0.47893 0.03781 0.94664
0.47895 0.033987 0.95393
0.48995 0.037789 0.9413
0.44918 0.038396 0.48305
0.47697 0.036326 0.46991
0.48286 0.034304 0.47851
0.51114 0.034552 0.44801
0.47736 0.037878 0.43954
0.49213 0.034775 0.39304
0.40605 0.03647 0.42011
0.42055 0.035041 0.46314
0.41541 0.034095 0.41489
0.44424 0.036332 0.43827
0.45736 0.036277 0.47404
0.44885 0.034096 0.45126
0.49109 0.034002 0.38225
0.45923 0.033837 0.48214
0.49021 0.034242 0.46196
0.41242 0.040117 0.48903
0.47294 0.055116 0.46869
0.51716 0.034613 0.47527
0.50647 0.037206 0.45124
0.50374 0.034632 0.44876
0.49492 0.049067 0.45489
0.46531 0.052475 0.47341
0.48624 0.035653 0.41007
0.43932 0.038322 0.47527
0.43754 0.035555 0.46671
0.46499 0.042311 0.47135
0.42556 0.036079 0.46496
0.4363 0.064421 0.47639
0.4293 0.036079 0.46789
0.46109 0.03951 0.47424
0.47502 0.035559 0.46195
0.45116 0.044652 0.49199
0.49899 0.045996 0.46019
0.48258 0.036726 0.4712
0.48579 0.037572 0.45557
0.48103 0.03516 0.47951
0.52633 0.034503 0.44785
0.48899 0.033974 0.45332
0.485 0.036035 0.45794
0.4679 0.05082 0.4712
0.52126 0.035741 0.46046
0.42796 0.03646 0.46982
0.5186 0.033941 0.44011
0.50653 0.037309 0.046298
0.52472 0.037309 0.048384
0.5237 0.037306 0.058764
0.50557 0.037292 0.074322
0.50568 0.037287 0.092362
0.52893 0.037297 0.069928
0.52288 0.037286 0.092384
0.5011 0.037277 0.11164
0.51101 0.037265 0.12261
0.52679 0.03726 0.11374
0.52202 0.037254 0.12101
0.51355 0.037215 0.14485
0.51118 0.037189 0.15615
0.51792 0.037216 0.14347
0.51967 0.037199 0.16768
0.50929 0.037188 0.17366
0.51485 0.037151 0.18922
0.52916 0.037165 0.18578
0.51907 0.037154 0.19015
0.51644 0.037151 0.21556
0.50317 0.037127 0.22326
0.53059 0.037162 0.2127
0.53413 0.037127 0.22714
0.51453 0.037226 0.24623
0.51363 0.037288 0.2593
0.52899 0.037465 0.25168
0.52729 0.037598 0.2622
0.50666 0.037231 0.28722
0.53527 0.037607 0.27379
0.53119 0.037425 0.2782
0.50657 0.0373 0.29983
0.52589 0.037364 0.306
0.54539 0.03723 0.30744
0.55133 0.036879 0.33627
0.51184 0.037508 0.31799
0.55115 0.03695 0.36712
0.55589 0.037536 0.38049
0.52946 0.037734 0.35153
0.54636 0.037527 0.37089
0.55928 0.040339 0.40338
0.52943 0.037624 0.33548
0.53117 0.037454 0.33425
0.57647 0.040085 0.38357
0.54163 0.037006 0.40784
0.53911 0.035072 0.40271
0.57103 0.03692 0.38827
0.49566 0.035493 0.40725
0.4846 0.033449 0.43926
0.53907 0.033649 0.43019
0.54447 0.033369 0.45416
0.50602 0.033464 0.44281
0.50913 0.033461 0.5677
0.52218 0.033348 0.50707
0.52033 0.033936 0.5348
0.50151 0.035642 0.58928
0.52048 0.039516 0.56516
0.53052 0.039243 0.55944
0.52911 0.037724 0.56964
0.50644 0.037337 0.60362
0.52632 0.036918 0.5759
0.5327 0.036961 0.57822
0.51226 0.03715 0.61343
0.52249 0.037087 0.62404
0.53767 0.036647 0.59605
0.54283 0.036605 0.60876
0.51418 0.037165 0.63984
0.50695 0.037114 0.65225
0.52963 0.036985 0.63656
0.53562 0.036888 0.65343
0.50325 0.036974 0.68405
0.50808 0.036952 0.70183
0.51792 0.036947 0.70364
0.50661 0.036947 0.71767
0.50778 0.036947 0.73197
0.52418 0.036938 0.71098
0.51824 0.036943 0.73428
0.51392 0.036925 0.75199
0.50535 0.036958 0.77868
0.52557 0.036919 0.76526
0.53005 0.036968 0.78057
0.50684 0.036988 0.80036
0.51207 0.036999 0.81148
0.52324 0.03699 0.8058
0.52388 0.037014 0.81671
0.51128 0.037058 0.85024
0.53213 0.037077 0.85819
0.51007 0.037106 0.87669
0.51577 0.037111 0.89298
0.53127 0.037109 0.87623
0.53223 0.037118 0.89616
0.50304 0.037243 0.91775
0.52158 0.037154 0.91468
0.50696 0.034146 0.95384
0.5292 0.038211 0.94791
0.52721 0.033379 0.95929
0.51452 0.034304 0.43317
0.52927 0.033782 0.45583
0.48531 0.035472 0.43258
0.49472 0.034071 0.43795
0.55189 0.036738 0.42821
0.45393 0.036147 0.47893
0.52802 0.036185 0.43316
0.49147 0.035436 0.43372
0.53085 0.036238 0.49428
0.52559 0.033789 0.47302
0.51653 0.034296 0.47561
0.49731 0.033884 0.50401
0.48843 0.037022 0.5206
0.52435 0.033725 0.49736
0.49524 0.037549 0.5442
0.6423 0.037104 0.55317
0.51308 0.048915 0.4974
0.48831 0.033731 0.52871
0.49146 0.035267 0.40322
0.48216 0.03751 0.44031
0.49533 0.035342 0.44822
0.46862 0.034237 0.45979
0.47339 0.03588 0.45035
0.48728 0.03557 0.43926
0.54025 0.035055 0.47174
0.51777 0.033611 0.41909
0.52008 0.033984 0.48157
0.50055 0.03542 0.49534
0.5306 0.034431 0.44671
0.5048 0.034548 0.49062
0.55442 0.038176 0.53148
0.50648 0.037788 0.50518
0.53103 0.036169 0.47857
0.46861 0.03507 0.46562
0.48302 0.035256 0.45354
0.52842 0.034724 0.47373
0.54035 0.03731 0.055807
0.56267 0.037316 0.036894
0.55833 0.037305 0.065322
0.54229 0.037279 0.097196
0.55426 0.037295 0.074157
0.5549 0.037285 0.092786
0.54252 0.03726 0.11447
0.54682 0.037258 0.13169
0.55216 0.037261 0.11364
0.55207 0.037258 0.13183
0.54279 0.037226 0.14284
0.56241 0.037228 0.14425
0.55518 0.037204 0.15678
0.54592 0.037178 0.18322
0.56385 0.03719 0.1808
0.5486 0.037142 0.21891
0.54182 0.037249 0.23759
0.56407 0.037152 0.21523
0.55736 0.037363 0.24395
0.54516 0.037784 0.25371
0.5527 0.037653 0.25179
0.55766 0.037715 0.27201
0.54693 0.037793 0.27809
0.55941 0.037438 0.28509
0.56242 0.037202 0.29524
0.55897 0.036816 0.33918
0.57752 0.037055 0.31534
0.57745 0.037023 0.3297
0.56603 0.037175 0.35639
0.56884 0.038197 0.36833
0.58533 0.037298 0.35596
0.59404 0.038164 0.36941
0.56241 0.038797 0.38246
0.58246 0.04008 0.38275
0.58956 0.038919 0.37872
0.57467 0.040286 0.40356
0.51795 0.039284 0.40703
0.51679 0.039184 0.40748
0.49215 0.03695 0.41441
0.58277 0.03711 0.44743
0.55346 0.034563 0.46395
0.54373 0.034343 0.49556
0.6476 0.033456 0.54275
0.65731 0.03448 0.53555
0.58335 0.049551 0.54283
0.57584 0.036372 0.55548
0.51014 0.0451 0.56308
0.5116 0.042859 0.50888
0.57257 0.041485 0.5459
0.5072 0.045488 0.55892
0.57084 0.037237 0.56031
0.50543 0.043487 0.55152
0.53369 0.038922 0.55182
0.54262 0.037376 0.57242
0.53904 0.037279 0.54716
0.55139 0.037033 0.58721
0.55139 0.036838 0.61413
0.55884 0.037611 0.57255
0.54431 0.036658 0.63147
0.54621 0.036828 0.66222
0.56158 0.037016 0.63511
0.55168 0.036847 0.66215
0.53384 0.036927 0.68323
0.53545 0.036943 0.70415
0.55407 0.036934 0.67338
0.5361 0.036931 0.71741
0.54878 0.036934 0.72851
0.55915 0.036949 0.74651
0.53613 0.036927 0.75507
0.54076 0.036977 0.78299
0.56114 0.036932 0.76896
0.5617 0.036999 0.78862
0.54619 0.036995 0.79656
0.54181 0.037033 0.82444
0.55285 0.036999 0.7996
0.55436 0.037026 0.82072
0.53941 0.037052 0.84554
0.55277 0.037056 0.84419
0.56007 0.037091 0.86144
0.54199 0.037109 0.88841
0.55668 0.037109 0.88235
0.56443 0.037124 0.89082
0.54725 0.037147 0.91286
0.53805 0.037722 0.93495
0.5593 0.037194 0.9163
0.55587 0.037718 0.93482
0.54476 0.038199 0.94763
0.54869 0.033351 0.96104
0.56409 0.038088 0.94497
0.5551 0.033788 0.95526
0.54476 0.034396 0.51527
0.59507 0.034224 0.5415
0.57541 0.03732 0.045765
0.58591 0.037324 0.041057
0.59394 0.03732 0.064519
0.57117 0.037283 0.099485
0.58806 0.037307 0.075572
0.59435 0.037295 0.09807
0.57034 0.037262 0.11629
0.57493 0.037258 0.13224
0.59295 0.03728 0.1096
0.58555 0.037266 0.12243
0.58054 0.037218 0.15157
0.59732 0.037244 0.14318
0.5915 0.037226 0.16279
0.57739 0.037182 0.18465
0.57029 0.037175 0.19595
0.58582 0.03718 0.18705
0.59535 0.037182 0.194
0.56938 0.037162 0.2367
0.58858 0.037147 0.224
0.56982 0.037385 0.25872
0.56641 0.037419 0.27337
0.59493 0.037158 0.25125
0.58634 0.037158 0.27464
0.57619 0.037153 0.28088
0.59112 0.037375 0.28662
0.60035 0.037688 0.29684
0.58279 0.037135 0.31375
0.5934 0.037355 0.32591
0.60315 0.037588 0.31131
0.60247 0.037289 0.32729
0.59926 0.037515 0.35518
0.60476 0.037462 0.38299
0.59415 0.037884 0.40561
0.58246 0.039179 0.40519
0.5491 0.038266 0.4356
0.57323 0.038127 0.43296
0.57388 0.038079 0.44655
0.60634 0.037687 0.44596
0.60887 0.038008 0.43743
0.5971 0.037349 0.45385
0.5501 0.039158 0.47175
0.56682 0.038284 0.46915
0.55044 0.038541 0.47889
0.613 0.036958 0.50413
0.53624 0.04276 0.50064
0.5953 0.037135 0.49995
0.53522 0.045213 0.49763
0.64625 0.03467 0.53582
0.64195 0.041071 0.55966
0.61182 0.035787 0.54144
0.63235 0.043506 0.55948
0.59931 0.055524 0.55028
0.58052 0.039445 0.55606
0.61204 0.05044 0.55669
0.51141 0.065238 0.50857
0.58628 0.036916 0.57997
0.58322 0.040185 0.55713
0.59376 0.03684 0.59986
0.52142 0.036592 0.53889
0.51737 0.037065 0.54189
0.58311 0.036288 0.59777
0.55815 0.037257 0.56158
0.57431 0.037368 0.62725
0.58489 0.036412 0.60907
0.58343 0.03718 0.62418
0.57767 0.037404 0.63946
0.58448 0.03752 0.6371
0.58274 0.037415 0.65462
0.56448 0.036917 0.69819
0.58095 0.036915 0.69408
0.5659 0.036939 0.71472
0.58795 0.036916 0.72803
0.58559 0.036956 0.74836
0.56805 0.036961 0.77762
0.58871 0.037011 0.78934
0.57608 0.037009 0.79344
0.5753 0.037014 0.81354
0.58834 0.037014 0.80916
0.57711 0.037076 0.84132
0.59611 0.037091 0.84299
0.57336 0.037116 0.872
0.59703 0.037147 0.89747
0.57386 0.037175 0.91427
0.59345 0.037165 0.91208
0.57438 0.038256 0.94972
0.57734 0.034071 0.95412
0.59116 0.037877 0.94541
0.58581 0.033337 0.96367
0.60969 0.037337 0.045895
0.61194 0.03733 0.063522
0.63012 0.037349 0.042995
0.63204 0.037349 0.054575
0.61525 0.03732 0.077573
0.60328 0.037309 0.09053
0.6321 0.037329 0.081874
0.62701 0.037326 0.088511
0.61054 0.037282 0.11578
0.60886 0.037269 0.13279
0.62226 0.037299 0.1084
0.62833 0.037287 0.12886
0.60293 0.037256 0.13799
0.6137 0.037234 0.16794
0.62795 0.037268 0.13971
0.62832 0.037247 0.15537
0.60614 0.0372 0.18119
0.61265 0.037192 0.19466
0.62657 0.037226 0.17458
0.61028 0.037159 0.21841
0.60257 0.037158 0.2393
0.61947 0.037153 0.22156
0.61906 0.037159 0.23517
0.59999 0.0372 0.26663
0.6172 0.037136 0.25483
0.61963 0.037255 0.26477
0.61943 0.037823 0.28618
0.61412 0.037468 0.32842
0.61859 0.037756 0.30434
0.62538 0.037237 0.34877
0.62127 0.037249 0.36402
0.62521 0.037324 0.38869
0.5939 0.037815 0.42168
0.61106 0.037959 0.42858
0.61287 0.037377 0.40672
0.61972 0.037792 0.41892
0.58505 0.038116 0.46272
0.58847 0.038003 0.46667
0.56444 0.03767 0.4793
0.60001 0.037217 0.49609
0.57581 0.037118 0.48356
0.59301 0.037105 0.48967
0.54202 0.041064 0.50114
0.62147 0.038057 0.50617
0.54841 0.039108 0.50766
0.60095 0.037818 0.53684
0.65511 0.038249 0.56282
0.60277 0.038159 0.53577
0.67062 0.035918 0.53684
0.62474 0.044937 0.56097
0.51953 0.043836 0.51691
0.62891 0.043072 0.56367
0.59669 0.053747 0.55
0.51683 0.063284 0.50387
0.51707 0.05296 0.50373
0.60354 0.036855 0.61356
0.61626 0.036998 0.61854
0.595 0.036588 0.62301
0.59101 0.037145 0.63249
0.60286 0.037477 0.64852
0.60487 0.037705 0.65654
0.59198 0.037186 0.66985
0.59306 0.036876 0.69345
0.61358 0.036905 0.70455
0.59915 0.03693 0.71988
0.59582 0.036927 0.73605
0.6127 0.036929 0.72747
0.61355 0.036933 0.73703
0.60372 0.036967 0.76868
0.60585 0.036982 0.77606
0.61976 0.036988 0.77006
0.62316 0.037003 0.77858
0.6004 0.037023 0.7952
0.60522 0.037074 0.8283
0.62544 0.037048 0.79996
0.63111 0.03709 0.82618
0.60627 0.037095 0.83637
0.60233 0.037103 0.85267
0.62457 0.037111 0.84166
0.62295 0.037124 0.85702
0.61025 0.037143 0.87111
0.6057 0.037146 0.89327
0.61991 0.037157 0.88057
0.63058 0.03717 0.8916
0.6091 0.037157 0.91284
0.60983 0.037302 0.931
0.62265 0.037357 0.93284
0.61163 0.037448 0.94774
0.62523 0.037521 0.94171
0.63259 0.033336 0.96472
0.6394 0.037354 0.047436
0.6545 0.037366 0.03851
0.65644 0.037359 0.064859
0.64664 0.037341 0.080941
0.64025 0.037324 0.098283
0.6642 0.037357 0.074979
0.66703 0.037353 0.086949
0.65596 0.03732 0.11252
0.6471 0.03726 0.16526
0.65788 0.037282 0.1456
0.65883 0.037271 0.16411
0.64218 0.037234 0.17515
0.64279 0.037211 0.20013
0.65712 0.037232 0.18151
0.65328 0.037216 0.18926
0.64212 0.037196 0.20755
0.63845 0.037157 0.22531
0.66236 0.037206 0.20831
0.66097 0.037183 0.22491
0.63311 0.037142 0.24932
0.63807 0.0372 0.26843
0.65211 0.037131 0.27143
0.62952 0.037471 0.28572
0.62947 0.037441 0.29952
0.65929 0.037109 0.28365
0.64689 0.037086 0.29456
0.63652 0.037205 0.32168
0.65243 0.037184 0.3378
0.63266 0.037215 0.35239
0.63618 0.037325 0.38226
0.65395 0.037212 0.34778
0.65629 0.037207 0.37156
0.62963 0.037691 0.41854
0.6391 0.037407 0.408
0.61217 0.037988 0.47301
0.63404 0.037566 0.43552
0.62974 0.037644 0.45133
0.60611 0.037385 0.48553
0.63966 0.037505 0.4661
0.63908 0.037481 0.45199
0.59829 0.038687 0.52261
0.57591 0.037488 0.51807
0.60745 0.039246 0.52573
0.60005 0.038977 0.53069
0.60324 0.038435 0.53468
0.64472 0.036064 0.52521
0.63066 0.036682 0.52331
0.6623 0.036166 0.52003
0.64609 0.038862 0.57013
0.62751 0.040572 0.57822
0.59904 0.049021 0.55235
0.53823 0.038794 0.52942
0.5963 0.043541 0.55351
0.61892 0.037127 0.6066
0.59326 0.041808 0.55425
0.62748 0.037078 0.61495
0.62445 0.03697 0.63396
0.64501 0.036978 0.63668
0.62286 0.037066 0.66884
0.62552 0.036906 0.65497
0.62931 0.036906 0.66604
0.62446 0.036863 0.68722
0.62639 0.036911 0.70773
0.63984 0.036864 0.69788
0.65287 0.036931 0.71486
0.63345 0.036929 0.72208
0.63013 0.036956 0.74255
0.64859 0.036954 0.73279
0.64653 0.03696 0.74348
0.63014 0.037001 0.76907
0.64146 0.037027 0.78407
0.64782 0.037016 0.76548
0.65082 0.037047 0.78927
0.64312 0.03707 0.80356
0.64138 0.037101 0.82675
0.66015 0.037095 0.80847
0.6634 0.037127 0.82951
0.64356 0.037121 0.83512
0.64404 0.037135 0.85359
0.65395 0.037139 0.84099
0.66058 0.037169 0.86473
0.6494 0.037177 0.88337
0.64967 0.037192 0.89198
0.65624 0.037185 0.8849
0.66526 0.037212 0.89843
0.64671 0.037234 0.91284
0.64011 0.037637 0.93322
0.66532 0.037229 0.90831
0.66207 0.037507 0.92525
0.6396 0.037977 0.94569
0.64533 0.033703 0.95578
0.65991 0.038225 0.94477
0.66806 0.033543 0.95709
0.68217 0.037391 0.04529
0.68434 0.037392 0.052185
0.70112 0.037402 0.040727
0.69218 0.037391 0.05975
0.69989 0.037386 0.072702
0.69827 0.037372 0.093355
0.67141 0.03734 0.10416
0.67157 0.037321 0.12638
0.67489 0.0373 0.14429
0.67683 0.037293 0.16142
0.67997 0.037271 0.17383
0.6932 0.037273 0.17785
0.67867 0.037211 0.21199
0.66872 0.037192 0.22447
0.69417 0.037211 0.21829
0.68565 0.037201 0.23211
0.67283 0.037171 0.24756
0.68464 0.037164 0.25308
0.69105 0.037168 0.2577
0.673 0.037111 0.29597
0.6924 0.037141 0.28482
0.68371 0.03711 0.29362
0.66798 0.03711 0.33145
0.68891 0.037106 0.31874
0.68809 0.037105 0.32525
0.67611 0.037096 0.34483
0.66954 0.037103 0.35919
0.68396 0.037113 0.35252
0.67965 0.037153 0.3671
0.66403 0.03717 0.38415
0.65808 0.0372 0.39863
0.6816 0.037146 0.38661
0.68049 0.03715 0.39715
0.66234 0.037278 0.41538
0.65237 0.037252 0.43487
0.6754 0.037184 0.41533
0.68278 0.037118 0.4319
0.65583 0.037038 0.47256
0.68039 0.03709 0.45277
0.62478 0.038201 0.51742
0.62648 0.038211 0.52056
0.66594 0.03707 0.48402
0.66546 0.037125 0.49265
0.65319 0.036365 0.50533
0.67088 0.036318 0.52128
0.68674 0.036761 0.51476
0.68614 0.036507 0.54195
0.65095 0.038076 0.57997
0.69464 0.036774 0.53602
0.67581 0.03702 0.57784
0.61045 0.038626 0.57446
0.66759 0.037439 0.58711
0.6718 0.037216 0.60082
0.63102 0.037515 0.59515
0.6583 0.037032 0.60991
0.67328 0.036913 0.62715
0.65706 0.036905 0.6394
0.65953 0.036862 0.64939
0.66908 0.036907 0.63461
0.67576 0.03696 0.6524
0.65341 0.036941 0.68089
0.67327 0.036886 0.67995
0.66531 0.036952 0.70283
0.65873 0.036946 0.71427
0.66967 0.036942 0.69428
0.66907 0.03699 0.74158
0.66385 0.037018 0.75701
0.6856 0.037014 0.73444
0.69212 0.037054 0.75772
0.66851 0.037045 0.76677
0.67294 0.037072 0.78769
0.68742 0.037068 0.7672
0.68394 0.037103 0.79665
0.67008 0.037105 0.80385
0.68372 0.037116 0.80271
0.68736 0.037149 0.82769
0.68052 0.037172 0.85024
0.69394 0.037175 0.83955
0.68823 0.037203 0.8683
0.68151 0.037207 0.87472
0.69198 0.037214 0.8739
0.69322 0.037232 0.90001
0.68136 0.03724 0.91501
0.67273 0.03795 0.93786
0.69244 0.037968 0.93777
0.6838 0.038413 0.94771
0.68533 0.033337 0.96413
0.69904 0.033389 0.95962
0.71114 0.037408 0.037483
0.71008 0.037406 0.055173
0.72713 0.037419 0.042663
0.72974 0.037415 0.061214
0.71274 0.037394 0.077101
0.73062 0.037407 0.076319
0.71292 0.037377 0.10267
0.70914 0.037353 0.1286
0.72837 0.037379 0.11387
0.73217 0.037369 0.12931
0.70642 0.037311 0.16088
0.73406 0.037348 0.14901
0.73161 0.037333 0.16174
0.70679 0.037282 0.1797
0.70416 0.03726 0.19741
0.7233 0.037311 0.17123
0.73243 0.037301 0.18996
0.70594 0.037249 0.20501
0.70472 0.037221 0.22441
0.72143 0.037253 0.213
0.71179 0.037195 0.25125
0.7319 0.037206 0.25778
0.71539 0.037173 0.27452
0.71561 0.037145 0.29381
0.70263 0.037141 0.30999
0.71024 0.037104 0.3303
0.73509 0.03712 0.30583
0.71872 0.037099 0.33029
0.71107 0.03709 0.33664
0.70772 0.037067 0.3614
0.72378 0.037097 0.33554
0.72585 0.037087 0.35896
0.70652 0.037051 0.38229
0.69432 0.037085 0.395
0.71671 0.037063 0.37274
0.70977 0.037064 0.39827
0.69656 0.037055 0.41911
0.72014 0.037075 0.40668
0.70839 0.037092 0.42644
0.69823 0.037093 0.4415
0.68897 0.036994 0.469
0.71606 0.03707 0.44699
0.71158 0.037038 0.46425
0.69212 0.037025 0.47759
0.68619 0.037085 0.48903
0.70297 0.037017 0.47502
0.71075 0.037041 0.49327
0.71275 0.03708 0.507
0.72115 0.037151 0.52056
0.70819 0.036948 0.55008
0.72539 0.037053 0.5472
0.7225 0.03702 0.56929
0.69485 0.037007 0.6013
0.72074 0.037006 0.58088
0.71208 0.037013 0.59118
0.69173 0.036936 0.62626
0.7021 0.036986 0.60786
0.71477 0.036991 0.62976
0.69366 0.036914 0.6423
0.69974 0.036919 0.6496
0.70787 0.036947 0.63988
0.71355 0.036969 0.65867
0.69978 0.03696 0.67805
0.69551 0.036966 0.68653
0.71126 0.03698 0.67028
0.71675 0.036992 0.68534
0.7055 0.036994 0.70657
0.69414 0.037001 0.71877
0.71222 0.037014 0.71648
0.70105 0.037047 0.73684
0.70185 0.037059 0.7521
0.7234 0.037072 0.7364
0.7209 0.037087 0.75596
0.70836 0.037106 0.77326
0.69999 0.037113 0.78985
0.72081 0.037121 0.77313
0.71141 0.037167 0.81516
0.70249 0.037168 0.82728
0.72382 0.037169 0.80378
0.71546 0.037199 0.83825
0.70406 0.037212 0.86232
0.72198 0.037206 0.83883
0.71192 0.03724 0.88624
0.70597 0.037234 0.89112
0.72191 0.037249 0.87719
0.73453 0.037271 0.90239
0.70544 0.03726 0.91606
0.7169 0.037524 0.92629
0.73294 0.037276 0.91269
0.71313 0.033356 0.9613
0.73475 0.038418 0.94634
0.74142 0.037428 0.043646
0.74413 0.037427 0.057634
0.76429 0.037438 0.05891
0.75893 0.037425 0.077652
0.75655 0.037416 0.091784
0.76729 0.037414 0.10546
0.75694 0.037399 0.11922
0.74457 0.03736 0.14817
0.74055 0.037351 0.15416
0.75824 0.037384 0.13586
0.76606 0.037368 0.15966
0.74158 0.037329 0.17378
0.74692 0.037307 0.19752
0.7577 0.037333 0.18056
0.75592 0.037314 0.19571
0.75032 0.037289 0.20942
0.74392 0.037256 0.23461
0.76196 0.037282 0.22868
0.74331 0.037235 0.2483
0.76594 0.03727 0.2397
0.75154 0.037342 0.27449
0.7414 0.037199 0.2871
0.76644 0.037762 0.28007
0.74333 0.037153 0.32231
0.76253 0.037833 0.2979
0.7593 0.037298 0.31689
0.73799 0.037103 0.33584
0.7333 0.037083 0.36429
0.75486 0.037109 0.34198
0.75671 0.037127 0.3546
0.74202 0.037052 0.3796
0.73722 0.03705 0.38858
0.75876 0.037108 0.37467
0.74847 0.037062 0.39023
0.7335 0.037048 0.4045
0.72986 0.037034 0.43245
0.75298 0.037065 0.41289
0.7269 0.037047 0.44531
0.72675 0.037039 0.46492
0.74923 0.037056 0.44418
0.75305 0.037057 0.45485
0.73631 0.037022 0.47088
0.72678 0.037024 0.48934
0.75547 0.037037 0.47491
0.75378 0.037027 0.48507
0.75458 0.037019 0.50682
0.7492 0.037006 0.52966
0.73597 0.037081 0.5451
0.73175 0.037038 0.56567
0.75306 0.037007 0.54139
0.76074 0.037015 0.55818
0.73782 0.036987 0.58426
0.74484 0.036993 0.60016
0.75148 0.037005 0.60593
0.72665 0.036987 0.64297
0.72927 0.036998 0.65884
0.75105 0.037005 0.64494
0.73523 0.037016 0.67327
0.73402 0.037033 0.69229
0.7562 0.037052 0.68229
0.74029 0.037062 0.71212
0.73894 0.037091 0.73132
0.74024 0.037113 0.7493
0.73726 0.037114 0.75363
0.75706 0.037146 0.75762
0.74407 0.037162 0.77593
0.74395 0.037185 0.79559
0.75288 0.037161 0.77152
0.7494 0.037216 0.81688
0.74946 0.037233 0.83539
0.75696 0.037217 0.80793
0.76359 0.037241 0.82712
0.74081 0.037255 0.86388
0.75856 0.037259 0.85158
0.74613 0.037271 0.87395
0.74259 0.037279 0.90445
0.7592 0.037286 0.88376
0.75867 0.03729 0.8994
0.7495 0.03729 0.90915
0.76503 0.037315 0.91638
0.75781 0.037915 0.93696
0.74039 0.038382 0.94551
0.74209 0.03339 0.95972
0.76635 0.033347 0.96198
0.77605 0.037449 0.044029
0.78461 0.037452 0.052616
0.79938 0.037459 0.047543
0.80236 0.037455 0.063502
0.77979 0.037441 0.068986
0.79426 0.037438 0.090795
0.7845 0.037421 0.11441
0.78339 0.037409 0.13016
0.79545 0.037429 0.1109
0.79906 0.037423 0.12528
0.78423 0.037396 0.14516
0.78129 0.037383 0.15871
0.79132 0.037406 0.13791
0.79226 0.037383 0.1632
0.78103 0.037358 0.17922
0.80064 0.037383 0.16944
0.78868 0.037344 0.19791
0.77963 0.037324 0.20966
0.78144 0.037296 0.23203
0.79536 0.037332 0.2141
0.79033 0.037306 0.23046
0.77258 0.037274 0.24242
0.77265 0.03766 0.27236
0.78907 0.037286 0.24056
0.78783 0.037319 0.2604
0.78751 0.037796 0.2813
0.77175 0.037888 0.30356
0.7743 0.037169 0.3231
0.79296 0.037602 0.29862
0.78456 0.03726 0.31839
0.77274 0.037148 0.34285
0.77052 0.037144 0.35967
0.78285 0.037151 0.33563
0.78168 0.037153 0.35598
0.77298 0.03711 0.37596
0.77667 0.037083 0.39281
0.79094 0.037137 0.37422
0.79127 0.037114 0.39318
0.77455 0.037068 0.40817
0.77038 0.037059 0.42334
0.7827 0.037083 0.40512
0.78741 0.037081 0.4284
0.76957 0.037044 0.44427
0.78545 0.037061 0.44652
0.78296 0.037047 0.45103
0.76445 0.03703 0.47128
0.77103 0.037016 0.48662
0.78544 0.037047 0.46941
0.79429 0.037069 0.49183
0.7777 0.036994 0.51175
0.78748 0.037032 0.50844
0.79568 0.037055 0.53077
0.76648 0.037015 0.56202
0.78984 0.037026 0.53634
0.79191 0.037043 0.56406
0.77254 0.03702 0.58084
0.76936 0.037022 0.59096
0.78857 0.037039 0.5795
0.7763 0.037017 0.60467
0.78532 0.037039 0.60694
0.76468 0.037036 0.63997
0.76486 0.037048 0.65903
0.79138 0.037089 0.64672
0.78583 0.037084 0.66642
0.76734 0.037081 0.68318
0.77012 0.037094 0.69142
0.79259 0.03712 0.68283
0.79238 0.037124 0.68795
0.77636 0.037125 0.71119
0.76718 0.03714 0.73209
0.78523 0.037165 0.73432
0.7752 0.037171 0.74256
0.78001 0.03719 0.76585
0.79697 0.037195 0.74361
0.79719 0.037251 0.79757
0.77228 0.037247 0.81877
0.77929 0.037267 0.83433
0.78925 0.037257 0.80944
0.80049 0.037286 0.83477
0.7788 0.037284 0.85762
0.79045 0.037286 0.84639
0.78117 0.037302 0.8827
0.77489 0.03731 0.90164
0.7991 0.037326 0.89838
0.78088 0.037761 0.93802
0.79549 0.037374 0.91991
0.7859 0.03695 0.95149
0.77584 0.033338 0.96378
0.79596 0.038135 0.94631
0.80149 0.033455 0.95818
0.80698 0.037463 0.046817
0.80763 0.037461 0.054195
0.8335 0.03747 0.046937
0.83599 0.03747 0.052168
0.80692 0.037451 0.077247
0.8084 0.037445 0.092655
0.83257 0.037463 0.072977
0.82524 0.037454 0.089752
0.81357 0.037443 0.105
0.81206 0.037433 0.12305
0.824 0.037445 0.10788
0.83102 0.037438 0.12513
0.83094 0.037427 0.14032
0.82261 0.037394 0.17474
0.82226 0.037384 0.18672
0.81208 0.037355 0.20819
0.80442 0.03733 0.22452
0.83334 0.037364 0.21337
0.82924 0.037351 0.22364
0.80404 0.037306 0.24053
0.80575 0.037309 0.26093
0.82924 0.037313 0.25885
0.81261 0.037257 0.28174
0.8062 0.037346 0.28984
0.83084 0.037293 0.27799
0.8227 0.037267 0.29265
0.81185 0.037247 0.30104
0.80685 0.03723 0.31721
0.82496 0.037261 0.30243
0.81777 0.037222 0.3266
0.80402 0.037197 0.34215
0.80893 0.037191 0.35201
0.81881 0.037204 0.34468
0.80309 0.037156 0.37688
0.80163 0.037132 0.39583
0.82788 0.037183 0.37711
0.80195 0.037123 0.40845
0.80269 0.03711 0.42713
0.82177 0.037126 0.42187
0.80353 0.037101 0.44136
0.81407 0.037087 0.45322
0.82899 0.03713 0.43808
0.8052 0.037082 0.47134
0.80042 0.037074 0.49197
0.80168 0.037069 0.51161
0.81269 0.037059 0.5209
0.82477 0.037083 0.52098
0.80929 0.037072 0.55686
0.81987 0.037082 0.55278
0.80879 0.037087 0.59986
0.83094 0.037125 0.57986
0.82536 0.037117 0.59733
0.81152 0.037098 0.6158
0.81312 0.037112 0.63109
0.82733 0.037128 0.61062
0.82119 0.03712 0.62788
0.80512 0.037132 0.64915
0.80577 0.037133 0.65591
0.82181 0.037127 0.63917
0.81179 0.037143 0.67173
0.80485 0.037167 0.70082
0.82449 0.037182 0.69007
0.80816 0.037185 0.71256
0.8239 0.037203 0.71197
0.80602 0.037203 0.73912
0.80798 0.037234 0.76502
0.83441 0.037248 0.74422
0.83532 0.03726 0.75945
0.80524 0.037244 0.77832
0.80973 0.037269 0.8002
0.83434 0.037278 0.78278
0.82809 0.037281 0.79732
0.81284 0.037281 0.80996
0.82828 0.037306 0.83146
0.8076 0.037304 0.85167
0.81442 0.037316 0.86489
0.83373 0.037319 0.84782
0.83339 0.037327 0.86737
0.81855 0.037324 0.87761
0.80795 0.037331 0.89705
0.83053 0.037333 0.88663
0.80984 0.037349 0.91265
0.80922 0.03765 0.92829
0.82299 0.037355 0.9138
0.80973 0.038263 0.9435
0.81687 0.033346 0.96222
0.83077 0.037331 0.95146
0.8246 0.033338 0.96401
0.84704 0.037473 0.044639
0.84385 0.037471 0.054717
0.86667 0.037478 0.044759
0.84993 0.037467 0.078756
0.85342 0.037464 0.090851
0.85704 0.03747 0.073912
0.85879 0.037466 0.089085
0.86029 0.037458 0.10752
0.85941 0.037446 0.13093
0.84372 0.037432 0.14597
0.85047 0.037428 0.15824
0.86349 0.037441 0.14118
0.85715 0.037434 0.15144
0.84067 0.037402 0.18059
0.84297 0.037394 0.19139
0.86077 0.037411 0.18031
0.86869 0.037402 0.19516
0.85184 0.037383 0.2079
0.83863 0.037354 0.22897
0.86365 0.037388 0.20967
0.85478 0.037365 0.22977
0.84876 0.03735 0.24374
0.85897 0.037353 0.24406
0.86087 0.037345 0.2544
0.85703 0.03733 0.27256
0.85897 0.037312 0.29265
0.8424 0.037277 0.31189
0.83543 0.037255 0.32107
0.86143 0.0373 0.30457
0.85581 0.037279 0.31711
0.83999 0.037232 0.3513
0.85749 0.037258 0.33919
0.86592 0.037247 0.35802
0.84351 0.037209 0.37728
0.85331 0.037213 0.37579
0.86274 0.037213 0.3884
0.84784 0.037181 0.4076
0.84939 0.037167 0.42063
0.854 0.037189 0.40243
0.86405 0.037181 0.42793
0.84133 0.037152 0.43942
0.83547 0.037134 0.45469
0.85684 0.037161 0.44369
0.86221 0.037165 0.45843
0.83892 0.037129 0.47541
0.84418 0.037125 0.48977
0.84358 0.037119 0.51157
0.85073 0.037126 0.53045
0.86776 0.037163 0.52112
0.84666 0.037127 0.54113
0.84768 0.037132 0.55686
0.86576 0.037165 0.5415
0.86287 0.037162 0.55466
0.84903 0.037139 0.57696
0.84054 0.037152 0.59703
0.864 0.037169 0.5756
0.85571 0.037159 0.59286
0.84958 0.03717 0.62349
0.86041 0.037178 0.60461
0.85484 0.037187 0.6344
0.8494 0.037201 0.6636
0.86551 0.037219 0.64295
0.85956 0.037222 0.66742
0.84828 0.037222 0.68357
0.83901 0.037214 0.69258
0.86184 0.037231 0.67621
0.8651 0.03725 0.70123
0.841 0.037231 0.71088
0.84867 0.037255 0.72917
0.85654 0.037244 0.70777
0.85801 0.037264 0.73221
0.84642 0.037264 0.74214
0.84412 0.037278 0.76873
0.86048 0.037289 0.76465
0.84094 0.037295 0.7996
0.86457 0.0373 0.77563
0.86914 0.037315 0.79508
0.84478 0.037311 0.8199
0.86785 0.037321 0.80972
0.86481 0.037327 0.82751
0.84726 0.037327 0.84817
0.8647 0.037334 0.84407
0.86595 0.037342 0.862
0.85004 0.037342 0.88096
0.84553 0.037345 0.90227
0.86463 0.037348 0.87517
0.84909 0.037442 0.92454
0.8689 0.03735 0.91085
0.85986 0.037475 0.92745
0.85325 0.037772 0.94083
0.84502 0.033351 0.9615
0.86739 0.037669 0.9402
0.86424 0.033338 0.96404
0.87455 0.03748 0.039046
0.87627 0.037478 0.060713
0.89164 0.037481 0.039827
0.89314 0.037481 0.051644
0.88601 0.037477 0.075944
0.88644 0.037472 0.091504
0.90152 0.037478 0.077871
0.89545 0.037474 0.085296
0.88565 0.037466 0.10812
0.88626 0.037456 0.12675
0.89505 0.037458 0.11778
0.87905 0.037447 0.13709
0.8863 0.037434 0.15729
0.89818 0.037452 0.14668
0.89314 0.037438 0.16099
0.88011 0.03741 0.19
0.89735 0.037436 0.16855
0.90159 0.037425 0.18819
0.87503 0.0374 0.203
0.8805 0.037394 0.21854
0.89467 0.037402 0.20953
0.89024 0.037389 0.22076
0.87214 0.037366 0.2363
0.87458 0.037333 0.27307
0.87653 0.037323 0.28812
0.90128 0.03737 0.2674
0.89312 0.037342 0.29015
0.87204 0.037301 0.31289
0.88244 0.037303 0.32093
0.88987 0.037323 0.3012
0.88869 0.037306 0.31775
0.87937 0.03728 0.34318
0.8963 0.03729 0.33756
0.90148 0.037278 0.35142
0.88 0.037244 0.37855
0.87211 0.037228 0.38634
0.89543 0.037256 0.37079
0.89903 0.037246 0.39174
0.87508 0.037211 0.40644
0.87783 0.0372 0.41908
0.90079 0.037248 0.41247
0.89615 0.037233 0.41818
0.88535 0.037194 0.44075
0.89002 0.037193 0.45086
0.88474 0.03718 0.48005
0.8827 0.037179 0.49503
0.89011 0.037182 0.49316
0.87276 0.037176 0.50502
0.88095 0.037182 0.5299
0.89352 0.037187 0.51281
0.89519 0.037186 0.52567
0.87687 0.037189 0.5402
0.89448 0.03718 0.53792
0.89856 0.037187 0.55236
0.88102 0.037197 0.57544
0.87826 0.03721 0.59903
0.89407 0.03721 0.57565
0.89033 0.037216 0.59981
0.87722 0.037214 0.60759
0.8833 0.037233 0.63395
0.88986 0.037218 0.61126
0.88963 0.037227 0.62905
0.88188 0.03725 0.65206
0.89164 0.03724 0.64987
0.8955 0.037256 0.66232
0.87462 0.037249 0.67823
0.9035 0.037297 0.70158
0.87497 0.037272 0.71614
0.88484 0.03729 0.73351
0.90007 0.037295 0.70775
0.89536 0.037298 0.72644
0.87756 0.037296 0.74861
0.87635 0.037307 0.76829
0.89239 0.037304 0.74674
0.90369 0.037314 0.76764
0.87913 0.037318 0.78391
0.88356 0.037327 0.80102
0.89577 0.037322 0.79189
0.87635 0.037331 0.81964
0.88284 0.037338 0.82904
0.89481 0.037335 0.8089
0.88229 0.037343 0.84505
0.8875 0.037353 0.86875
0.90083 0.037343 0.84451
0.89259 0.037348 0.8639
0.88069 0.037356 0.8964
0.89872 0.037355 0.87521
0.90235 0.037356 0.89556
0.8866 0.037352 0.90877
0.88835 0.037496 0.93412
0.90092 0.037358 0.91568
0.90549 0.037679 0.93623
0.87838 0.037668 0.94467
0.90722 0.033347 0.96201
0.9114 0.037496 0.03745
0.9185 0.03751 0.053808
0.92921 0.037815 0.038697
0.92133 0.037526 0.074676
0.90947 0.037473 0.089699
0.93504 0.037827 0.093797
0.91721 0.037457 0.10801
0.91502 0.037458 0.12857
0.92715 0.037625 0.10287
0.92953 0.03767 0.11755
0.91086 0.03746 0.134
0.91312 0.037463 0.15806
0.92753 0.037675 0.13859
0.91921 0.037469 0.18708
0.93361 0.037831 0.17056
0.93663 0.037919 0.1952
0.92018 0.037468 0.20403
0.9175 0.037403 0.22086
0.93318 0.037834 0.20797
0.92437 0.037554 0.22472
0.91289 0.037377 0.24515
0.93285 0.037715 0.24122
0.92635 0.037555 0.25483
0.91255 0.037397 0.26915
0.93609 0.037834 0.27829
0.93529 0.037797 0.29237
0.91536 0.037321 0.32409
0.92792 0.0376 0.30077
0.92648 0.037508 0.32087
0.90724 0.037302 0.33505
0.9104 0.037277 0.36091
0.93339 0.037616 0.33595
0.92314 0.037402 0.35507
0.90951 0.037268 0.37157
0.91517 0.037269 0.3909
0.93047 0.037675 0.39519
0.93074 0.037697 0.40296
0.93666 0.037882 0.42951
0.90997 0.037228 0.45456
0.9334 0.037751 0.43438
0.91265 0.037225 0.48015
0.90965 0.037217 0.49598
0.9337 0.037741 0.47209
0.93111 0.037686 0.48602
0.91684 0.037269 0.50357
0.91762 0.037286 0.52335
0.93483 0.037858 0.51246
0.93223 0.037745 0.51949
0.92985 0.037584 0.53807
0.93086 0.037528 0.55514
0.91675 0.03727 0.59832
0.92821 0.037397 0.5768
0.93155 0.037426 0.59787
0.91233 0.037248 0.60798
0.90747 0.037244 0.62588
0.92464 0.037356 0.60917
0.92664 0.037399 0.62216
0.90664 0.037248 0.64764
0.93657 0.037645 0.65196
0.92763 0.037464 0.66784
0.91847 0.037336 0.69283
0.93017 0.037532 0.6865
0.93443 0.037794 0.70202
0.91829 0.037367 0.70958
0.92933 0.037737 0.71416
0.91573 0.037332 0.74495
0.9193 0.037361 0.76401
0.92662 0.037676 0.74128
0.92579 0.037523 0.76895
0.92045 0.03736 0.77647
0.91938 0.037357 0.7935
0.9325 0.037618 0.78051
0.93319 0.037691 0.80114
0.91069 0.037356 0.8212
0.9184 0.037371 0.82795
0.92738 0.037572 0.80862
0.92523 0.03751 0.83194
0.91256 0.037345 0.85147
0.91335 0.037353 0.86843
0.93052 0.037642 0.84229
0.92672 0.037553 0.86829
0.91927 0.037374 0.87959
0.92693 0.037569 0.8784
0.93893 0.038063 0.89666
0.91606 0.037376 0.91632
0.91786 0.03778 0.93526
0.92996 0.037744 0.91586
0.93814 0.038529 0.93221
0.91661 0.038059 0.94544
0.92242 0.033368 0.96053
0.92878 0.038508 0.94457
0.93339 0.033353 0.96163
0.9433 0.038342 0.041889
0.94347 0.038315 0.054029
0.95644 0.03372 0.037127
0.95919 0.033409 0.060309
0.94081 0.038067 0.073702
0.96113 0.033357 0.086754
0.95021 0.038206 0.10549
0.96032 0.033367 0.12736
0.94959 0.038323 0.14472
0.94663 0.038249 0.15477
0.95962 0.033381 0.14045
0.95399 0.034508 0.15693
0.94109 0.038045 0.17042
0.94948 0.038339 0.1941
0.95692 0.033569 0.19559
0.94432 0.038205 0.20387
0.94409 0.038151 0.22589
0.96377 0.033338 0.21228
0.96189 0.033347 0.21903
0.94418 0.037979 0.24463
0.94929 0.038055 0.25007
0.96172 0.033347 0.23419
0.95428 0.034164 0.26133
0.94647 0.038055 0.26891
0.94355 0.038037 0.28578
0.96047 0.033358 0.27316
0.94475 0.037998 0.29959
0.94407 0.037868 0.32818
0.95625 0.033593 0.29924
0.96465 0.033335 0.32267
0.94788 0.037921 0.34051
0.94573 0.037891 0.35572
0.95947 0.033375 0.35875
0.9434 0.037947 0.36732
0.95021 0.038326 0.39592
0.96451 0.033336 0.37846
0.95416 0.034275 0.39474
0.94901 0.038381 0.4054
0.96397 0.033337 0.40841
0.95801 0.033445 0.427
0.94533 0.038123 0.44339
0.94868 0.03819 0.45037
0.95553 0.033795 0.43386
0.96073 0.033356 0.45144
0.94374 0.0381 0.47181
0.96404 0.033337 0.47859
0.95696 0.033534 0.49443
0.94947 0.038491 0.508
0.9461 0.038295 0.52117
0.95509 0.033937 0.51098
0.96074 0.033356 0.52561
0.94053 0.037742 0.55422
0.96464 0.033336 0.53798
0.95929 0.03338 0.55676
0.94476 0.037583 0.5958
0.94203 0.037607 0.61579
0.94259 0.03766 0.6251
0.96018 0.033361 0.63059
0.94646 0.037829 0.64292
0.96179 0.033346 0.64057
0.96393 0.033338 0.66345
0.95087 0.036618 0.6825
0.96081 0.033356 0.68032
0.96038 0.033366 0.70249
0.94546 0.03847 0.7197
0.94469 0.038475 0.73025
0.95641 0.033707 0.72161
0.95696 0.033605 0.72657
0.94789 0.038623 0.75911
0.95764 0.033532 0.75116
0.96094 0.033361 0.7592
0.94567 0.037927 0.78343
0.94569 0.038085 0.80455
0.95918 0.033401 0.79187
0.94443 0.038083 0.80967
0.95628 0.033712 0.8179
0.96041 0.033369 0.83669
0.94387 0.038112 0.85281
0.96527 0.033336 0.86375
0.94812 0.038494 0.89356
0.96097 0.033361 0.87719
0.94517 0.038857 0.92967
0.95888 0.033445 0.91538
0.9651 0.033336 0.92774
0.94581 0.039442 0.94279
0.94806 0.033392 0.96008
0.96111 0.03337 0.94733
0.95709 0.033335 0.96356
