2635
1 1 1
0.034968 0.037688 0.044787
0.040967 0.037687 0.054065
0.062187 0.037686 0.035654
0.058246 0.037686 0.051315
0.046034 0.037685 0.068673
0.043512 0.037682 0.092888
0.059587 0.037682 0.080382
0.05607 0.037681 0.096553
0.038525 0.03768 0.11005
0.041197 0.037678 0.11996
0.063097 0.037678 0.10678
0.06259 0.037669 0.14233
0.040345 0.037658 0.18811
0.058122 0.037659 0.17804
0.060886 0.037652 0.19366
0.036136 0.037653 0.19847
0.040329 0.037641 0.22436
0.053132 0.03765 0.20352
0.056214 0.037643 0.2169
0.047699 0.037636 0.23339
0.042263 0.037625 0.25467
0.052787 0.037632 0.23977
0.061523 0.037619 0.25447
0.047213 0.037617 0.26657
0.0464 0.037607 0.28373
0.055649 0.037608 0.27563
0.063153 0.037597 0.28441
0.062053 0.037582 0.30556
0.057674 0.037573 0.3208
0.045219 0.037562 0.34226
0.062402 0.037546 0.35106
0.046328 0.037539 0.37267
0.045387 0.037529 0.38622
0.061053 0.037531 0.37061
0.056515 0.037518 0.39264
0.044818 0.037513 0.40333
0.037708 0.037494 0.42296
0.061129 0.0375 0.40629
0.054724 0.037497 0.41779
0.042755 0.037477 0.44624
0.060201 0.037471 0.44412
0.059531 0.037459 0.46036
0.042243 0.037458 0.47375
0.044262 0.037449 0.48851
0.053151 0.037459 0.47351
0.059268 0.03744 0.49228
0.038696 0.037441 0.50837
0.038388 0.037435 0.5295
0.055848 0.037437 0.51042
0.060491 0.037425 0.52859
0.046103 0.037433 0.54096
0.043647 0.037431 0.56647
0.062657 0.037419 0.53948
0.061279 0.03742 0.56001
0.037314 0.037431 0.5776
0.036085 0.037437 0.59989
0.052709 0.037432 0.57619
0.054697 0.037434 0.59618
0.044221 0.037438 0.60468
0.0364 0.03745 0.63178
0.052462 0.037441 0.61071
0.058733 0.037438 0.62334
0.052242 0.037459 0.65119
0.054237 0.037462 0.6631
0.04799 0.037471 0.67503
0.05323 0.037468 0.67317
0.058851 0.03747 0.6908
0.036039 0.037491 0.73258
0.060349 0.037479 0.71552
0.051944 0.037489 0.72519
0.043566 0.037496 0.74915
0.037081 0.037498 0.76495
0.059234 0.03749 0.74581
0.052134 0.037497 0.76302
0.040852 0.037499 0.77567
0.037247 0.037497 0.80244
0.058273 0.037496 0.78427
0.056336 0.037495 0.7942
0.039792 0.037491 0.82956
0.052903 0.037494 0.81742
0.058586 0.037486 0.83511
0.038095 0.037485 0.84682
0.035049 0.037473 0.86589
0.053882 0.037486 0.84111
0.056364 0.037473 0.86389
0.035619 0.037465 0.87575
0.045318 0.037472 0.89733
0.058481 0.037458 0.8833
0.056906 0.037461 0.89357
0.042019 0.037507 0.91704
0.036816 0.033577 0.95775
0.05705 0.03825 0.94792
0.059094 0.033891 0.95598
0.07889 0.037684 0.045198
0.074794 0.037683 0.059495
0.077763 0.037679 0.08795
0.093822 0.037677 0.073674
0.091167 0.037676 0.087918
0.070929 0.037677 0.10591
0.071983 0.037671 0.12866
0.084739 0.037674 0.10837
0.088901 0.037669 0.12178
0.069517 0.037668 0.13952
0.089012 0.037665 0.13588
0.092346 0.037655 0.15728
0.071583 0.037655 0.17521
0.06764 0.037651 0.1901
0.093811 0.037646 0.175
0.094327 0.037639 0.19021
0.076855 0.037639 0.20503
0.075546 0.03763 0.22198
0.088316 0.03763 0.21013
0.096585 0.037613 0.22584
0.069362 0.037621 0.24319
0.071935 0.037616 0.24963
0.085143 0.037612 0.24375
0.08954 0.037603 0.25199
0.075778 0.037596 0.27261
0.074915 0.037583 0.29011
0.095258 0.03758 0.27266
0.068128 0.037576 0.30688
0.068579 0.03756 0.32616
0.092773 0.037556 0.30539
0.090828 0.037541 0.32682
0.071464 0.037542 0.34551
0.089976 0.03753 0.34141
0.088807 0.037518 0.35656
0.076347 0.037505 0.37987
0.092117 0.037497 0.37321
0.096039 0.037479 0.38525
0.070184 0.037485 0.41172
0.074593 0.037469 0.42518
0.094932 0.037457 0.41432
0.087972 0.037465 0.42083
0.070575 0.037455 0.44733
0.085728 0.037448 0.43943
0.08753 0.037432 0.45854
0.076215 0.037426 0.47629
0.080783 0.037412 0.48688
0.09338 0.037405 0.48247
0.09275 0.0374 0.49332
0.071202 0.037417 0.50441
0.088943 0.037392 0.52135
0.080155 0.037393 0.53767
0.074656 0.037401 0.56531
0.086014 0.037388 0.56298
0.076632 0.037399 0.57135
0.071672 0.037412 0.59963
0.089243 0.037391 0.57156
0.09195 0.03739 0.59484
0.076514 0.037417 0.62895
0.093509 0.037391 0.61215
0.098756 0.037385 0.62126
0.074947 0.037425 0.64192
0.095262 0.037414 0.6645
0.069466 0.037453 0.68165
0.088081 0.037429 0.67373
0.09082 0.037439 0.69342
0.07718 0.037464 0.71175
0.068135 0.03748 0.73311
0.091951 0.037457 0.72431
0.071519 0.037482 0.74595
0.076466 0.037482 0.75846
0.088818 0.037469 0.74182
0.085568 0.037478 0.76326
0.071668 0.037487 0.77474
0.073232 0.037487 0.80119
0.094532 0.037475 0.78645
0.072568 0.037486 0.8185
0.080497 0.037479 0.82616
0.093288 0.037475 0.80917
0.090492 0.03747 0.83542
0.075038 0.037474 0.84556
0.075125 0.037465 0.86551
0.09073 0.037457 0.86968
0.077556 0.037452 0.88697
0.089445 0.037454 0.87808
0.086385 0.037442 0.89492
0.071996 0.037453 0.91439
0.07672 0.037648 0.93547
0.090425 0.03743 0.90757
0.070065 0.037854 0.94241
0.085766 0.037708 0.94985
0.11008 0.037675 0.039024
0.10551 0.037676 0.057359
0.12601 0.03767 0.037878
0.12149 0.037672 0.052211
0.1023 0.037675 0.068332
0.1067 0.03767 0.094273
0.12373 0.037662 0.096509
0.10513 0.037666 0.11022
0.11329 0.037657 0.12856
0.1247 0.037656 0.11822
0.10715 0.037654 0.14099
0.10223 0.037651 0.15567
0.12625 0.037636 0.15572
0.10732 0.037639 0.17261
0.10608 0.037633 0.18737
0.12716 0.037629 0.16676
0.11853 0.037621 0.19354
0.11264 0.037607 0.21674
0.11746 0.037616 0.20081
0.11673 0.037596 0.22721
0.10554 0.037596 0.23843
0.10055 0.037588 0.25629
0.1206 0.037584 0.23769
0.10656 0.037567 0.27402
0.10632 0.037556 0.28686
0.12056 0.037551 0.27775
0.12879 0.037531 0.28445
0.10697 0.03754 0.30462
0.10782 0.037518 0.3274
0.12859 0.037508 0.31029
0.11706 0.037518 0.31905
0.10464 0.037515 0.33529
0.106 0.037488 0.36031
0.11675 0.037479 0.35525
0.10026 0.03749 0.3674
0.11755 0.037463 0.37202
0.12437 0.037436 0.39656
0.10444 0.037451 0.40103
0.10506 0.037424 0.42842
0.11653 0.037404 0.42897
0.10152 0.03742 0.44082
0.10289 0.037407 0.45283
0.11797 0.037386 0.44791
0.12037 0.037375 0.46052
0.10276 0.037391 0.47361
0.11216 0.03736 0.49034
0.12214 0.037362 0.47561
0.12928 0.037343 0.49296
0.10861 0.037359 0.50609
0.10409 0.03736 0.52703
0.1273 0.037331 0.52762
0.11077 0.037344 0.53933
0.10579 0.037354 0.56017
0.12966 0.037321 0.54452
0.10344 0.037362 0.58228
0.10565 0.037363 0.5949
0.12563 0.037328 0.57595
0.12669 0.037339 0.59999
0.11406 0.037356 0.61573
0.11389 0.037362 0.62546
0.13181 0.037339 0.62987
0.11015 0.037379 0.64437
0.10931 0.037389 0.65731
0.12451 0.037362 0.6386
0.12016 0.037383 0.66572
0.10722 0.03741 0.68277
0.12523 0.03739 0.682
0.10871 0.037438 0.72864
0.12905 0.037394 0.70603
0.12941 0.037415 0.73407
0.1028 0.037452 0.73996
0.10666 0.037455 0.75676
0.12115 0.037446 0.76508
0.10789 0.037462 0.77655
0.12877 0.037444 0.7805
0.11839 0.037457 0.79315
0.10956 0.037459 0.83328
0.11833 0.037457 0.8076
0.12173 0.037451 0.83759
0.11096 0.037456 0.84355
0.12685 0.037445 0.84735
0.12713 0.037437 0.8616
0.11027 0.037437 0.8813
0.11474 0.037425 0.8983
0.13118 0.037418 0.88938
0.12536 0.037422 0.90389
0.10588 0.03742 0.91513
0.12548 0.037424 0.91793
0.12372 0.037577 0.93069
0.10718 0.037705 0.94248
0.13406 0.037926 0.94924
0.13181 0.033338 0.96487
0.14118 0.037664 0.039779
0.15656 0.037657 0.035264
0.15817 0.037656 0.053321
0.13383 0.037662 0.076184
0.13911 0.037655 0.095343
0.1519 0.037655 0.071918
0.15619 0.037648 0.090463
0.13871 0.037651 0.10638
0.14029 0.037647 0.11773
0.15079 0.037643 0.11102
0.15505 0.037638 0.1166
0.13371 0.03764 0.1377
0.13468 0.037627 0.15939
0.15924 0.037611 0.15303
0.13325 0.037615 0.17824
0.15716 0.037595 0.17275
0.15591 0.037587 0.18441
0.13579 0.037591 0.20554
0.14179 0.037566 0.22558
0.1588 0.037562 0.20692
0.13493 0.037563 0.23824
0.14503 0.037534 0.25375
0.15084 0.03755 0.23132
0.15879 0.037508 0.25994
0.13757 0.03753 0.26809
0.13708 0.03751 0.29027
0.15606 0.037506 0.26788
0.1528 0.037492 0.28699
0.14497 0.03748 0.30438
0.13278 0.037494 0.31542
0.15849 0.037468 0.29844
0.15057 0.037452 0.322
0.13557 0.037459 0.34438
0.14485 0.037431 0.35137
0.15556 0.037437 0.33272
0.14172 0.037411 0.37637
0.13616 0.037416 0.38536
0.1595 0.037386 0.37961
0.13418 0.037382 0.42491
0.14883 0.037342 0.42921
0.14274 0.037341 0.44492
0.13656 0.037345 0.45857
0.15556 0.037318 0.44834
0.15444 0.037306 0.45831
0.13816 0.037325 0.47433
0.13725 0.037315 0.49071
0.15802 0.03728 0.47794
0.14901 0.037268 0.51349
0.14857 0.037264 0.5267
0.1681 0.037244 0.50694
0.14157 0.03728 0.54684
0.14874 0.037262 0.56761
0.15753 0.037238 0.55095
0.16849 0.037241 0.55505
0.14946 0.037266 0.58311
0.14335 0.037289 0.59529
0.1669 0.037251 0.58266
0.16511 0.037257 0.59434
0.14195 0.0373 0.61161
0.14407 0.037304 0.62821
0.16646 0.037262 0.61521
0.16017 0.037271 0.62503
0.14586 0.037321 0.65908
0.16789 0.037262 0.64322
0.15607 0.037302 0.65992
0.1423 0.037342 0.67246
0.14728 0.037349 0.6931
0.1529 0.037322 0.67584
0.15385 0.037348 0.70058
0.13487 0.037383 0.70495
0.14514 0.037391 0.73318
0.15799 0.037351 0.70702
0.15211 0.037382 0.73285
0.14447 0.037407 0.74927
0.13773 0.037425 0.76743
0.15747 0.037381 0.73948
0.16041 0.037388 0.75657
0.14014 0.037433 0.79552
0.15381 0.037413 0.77803
0.15484 0.037419 0.80142
0.14537 0.037431 0.8101
0.14277 0.037433 0.83238
0.16337 0.037416 0.81806
0.15578 0.037422 0.83288
0.14108 0.037432 0.85267
0.14822 0.037414 0.86906
0.16013 0.037419 0.85183
0.16106 0.037412 0.86854
0.13912 0.037411 0.88357
0.15936 0.037439 0.88948
0.16154 0.037606 0.90664
0.13999 0.037419 0.91561
0.14554 0.037661 0.93314
0.16705 0.037871 0.91686
0.16263 0.03785 0.92831
0.14063 0.034352 0.95447
0.16455 0.038047 0.94165
0.16249 0.033355 0.96168
0.17019 0.037649 0.044835
0.17708 0.037643 0.061189
0.18633 0.03764 0.045536
0.18536 0.03764 0.055117
0.16993 0.037643 0.076314
0.1737 0.037635 0.092001
0.18895 0.03763 0.077886
0.18868 0.037624 0.093124
0.16907 0.037631 0.10594
0.17331 0.037615 0.12885
0.18339 0.03762 0.10741
0.19034 0.037608 0.11811
0.17194 0.037607 0.14081
0.17876 0.037592 0.15418
0.18684 0.037591 0.14545
0.19123 0.037582 0.15073
0.17869 0.037549 0.19382
0.19026 0.037559 0.1725
0.1858 0.037549 0.18917
0.17511 0.037517 0.22719
0.18732 0.037531 0.20197
0.18669 0.037514 0.22045
0.17304 0.037503 0.23967
0.1756 0.037475 0.25794
0.18774 0.037468 0.24975
0.18954 0.037436 0.2713
0.18528 0.037421 0.28965
0.16729 0.037448 0.29778
0.174 0.037412 0.31517
0.18806 0.037395 0.30947
0.19078 0.037373 0.32632
0.16676 0.037397 0.34309
0.16959 0.037382 0.35025
0.18422 0.03736 0.33834
0.18737 0.037348 0.34825
0.17583 0.037343 0.37394
0.18618 0.037324 0.37714
0.18323 0.037306 0.39497
0.174 0.037289 0.43127
0.1922 0.037296 0.40781
0.19369 0.037277 0.42822
0.17483 0.03727 0.44482
0.17728 0.037246 0.46043
0.19077 0.037248 0.4426
0.18683 0.037213 0.46789
0.17764 0.037219 0.4944
0.19098 0.03719 0.48694
0.19659 0.037193 0.49557
0.17869 0.037196 0.50886
0.17946 0.03718 0.53251
0.20599 0.037328 0.51599
0.20141 0.037185 0.53355
0.17909 0.037186 0.54643
0.19287 0.037135 0.56261
0.18675 0.037164 0.57861
0.17575 0.037219 0.59114
0.20148 0.037177 0.58391
0.19452 0.037164 0.5955
0.18572 0.037181 0.60624
0.17682 0.037223 0.62636
0.1955 0.037181 0.60385
0.19378 0.037186 0.62096
0.17511 0.037236 0.64469
0.17643 0.03724 0.6544
0.20283 0.037172 0.64546
0.20176 0.037183 0.65764
0.17478 0.037267 0.67258
0.17244 0.037291 0.68904
0.18871 0.037224 0.66929
0.18982 0.03725 0.68977
0.17697 0.037313 0.71704
0.17301 0.037337 0.72949
0.18835 0.037272 0.70345
0.18705 0.037317 0.73405
0.17856 0.037351 0.74957
0.17138 0.037369 0.75781
0.18746 0.037339 0.74863
0.16973 0.037397 0.79458
0.19071 0.037352 0.77303
0.18938 0.037377 0.80111
0.17471 0.0374 0.81012
0.18756 0.037392 0.81828
0.18893 0.037392 0.83397
0.17872 0.037403 0.84523
0.17043 0.037413 0.86291
0.18738 0.037406 0.85267
0.1855 0.037408 0.86036
0.16976 0.037416 0.88442
0.17321 0.037795 0.90309
0.19218 0.037405 0.87874
0.19091 0.037848 0.90191
0.17592 0.038277 0.92781
0.18552 0.038545 0.92665
0.18058 0.034193 0.95176
0.18633 0.038421 0.93474
0.18971 0.0336 0.95529
0.20088 0.037629 0.044283
0.20918 0.03762 0.058459
0.22265 0.037612 0.034973
0.22074 0.037612 0.056243
0.2079 0.037618 0.068569
0.20467 0.037613 0.088379
0.22526 0.037602 0.070742
0.22189 0.037594 0.09319
0.21038 0.037599 0.10048
0.20447 0.037586 0.12655
0.22712 0.037582 0.10113
0.21898 0.037577 0.12115
0.20351 0.037572 0.1418
0.19944 0.037543 0.17343
0.21004 0.03751 0.18975
0.22627 0.037503 0.17268
0.22888 0.037487 0.18383
0.20536 0.0375 0.20046
0.2231 0.037469 0.20048
0.21191 0.037427 0.23889
0.22586 0.03741 0.23391
0.22394 0.037394 0.25762
0.2056 0.037391 0.27388
0.20075 0.037393 0.28199
0.22485 0.037378 0.26841
0.21835 0.037344 0.28623
0.20967 0.037338 0.30669
0.2075 0.037326 0.3266
0.21716 0.037308 0.31508
0.20067 0.037342 0.33252
0.20526 0.037303 0.35616
0.21763 0.037294 0.33166
0.22704 0.037276 0.34884
0.20884 0.037281 0.36636
0.20605 0.037273 0.38545
0.22084 0.037266 0.36441
0.21431 0.037243 0.39273
0.20514 0.03726 0.41216
0.2135 0.037229 0.409
0.20744 0.037227 0.43813
0.20221 0.037213 0.46586
0.22121 0.037195 0.44109
0.22431 0.037179 0.46167
0.21022 0.037182 0.47939
0.21934 0.037441 0.50285
0.21917 0.037185 0.4897
0.22665 0.037583 0.50592
0.22141 0.037812 0.51939
0.22283 0.037644 0.52912
0.22268 0.037301 0.54338
0.22276 0.037167 0.55685
0.23469 0.037115 0.55746
0.21818 0.03725 0.58438
0.21349 0.037386 0.59505
0.23638 0.037352 0.58322
0.23408 0.037496 0.58975
0.21457 0.037548 0.60425
0.21213 0.037405 0.62345
0.23202 0.037656 0.61686
0.20901 0.03716 0.64204
0.21767 0.037103 0.64711
0.23103 0.037373 0.62615
0.21537 0.037141 0.66787
0.20665 0.037204 0.69244
0.22619 0.037102 0.66802
0.22212 0.037156 0.69267
0.20399 0.037237 0.70723
0.20231 0.037269 0.72761
0.22111 0.037197 0.70805
0.22254 0.037204 0.71993
0.20429 0.037313 0.76128
0.22149 0.037261 0.74812
0.20257 0.037344 0.78417
0.20917 0.037344 0.79643
0.22099 0.037306 0.77402
0.20277 0.03738 0.83762
0.22597 0.037345 0.82008
0.22229 0.03736 0.83572
0.2028 0.037391 0.85287
0.20531 0.037389 0.86714
0.22057 0.037367 0.84269
0.22071 0.037376 0.86557
0.20326 0.037401 0.88436
0.20325 0.037655 0.90341
0.2159 0.037386 0.88474
0.21884 0.03741 0.90416
0.2061 0.038077 0.93151
0.21704 0.037469 0.9212
0.19625 0.038446 0.94715
0.20725 0.033347 0.96314
0.21431 0.038427 0.94701
0.21523 0.033473 0.95889
0.23324 0.037603 0.034984
0.2369 0.037595 0.061244
0.25067 0.037588 0.042415
0.25888 0.037577 0.056058
0.23863 0.037591 0.067372
0.23492 0.037588 0.084115
0.25477 0.037571 0.07551
0.25811 0.037564 0.084968
0.24485 0.037549 0.11836
0.25463 0.037552 0.10073
0.25035 0.037534 0.12515
0.23466 0.03753 0.14349
0.25397 0.037513 0.13828
0.26015 0.037484 0.15513
0.23553 0.037484 0.17513
0.24612 0.03745 0.19058
0.25327 0.037459 0.17565
0.25952 0.037436 0.18554
0.23961 0.037421 0.20989
0.23357 0.037402 0.22802
0.25668 0.037406 0.20548
0.23383 0.037374 0.24315
0.24131 0.037342 0.24904
0.24499 0.037328 0.27232
0.24494 0.037313 0.29039
0.26867 0.037662 0.28234
0.26645 0.03745 0.3002
0.26103 0.037252 0.31613
0.23533 0.037257 0.35135
0.25545 0.037212 0.33799
0.26041 0.037228 0.35527
0.23831 0.037244 0.36338
0.25014 0.037203 0.36873
0.24506 0.03722 0.38484
0.23 0.037235 0.40768
0.24019 0.037218 0.42292
0.24802 0.037214 0.39923
0.23721 0.037195 0.43949
0.23813 0.037177 0.46176
0.25419 0.037193 0.44333
0.25339 0.037164 0.46475
0.23569 0.037188 0.49051
0.24988 0.03717 0.48435
0.25806 0.03729 0.50058
0.24655 0.037577 0.5182
0.2611 0.037091 0.53733
0.25468 0.037135 0.55157
0.24941 0.037346 0.56809
0.25057 0.037649 0.58821
0.25538 0.037592 0.59139
0.24607 0.037596 0.60172
0.24309 0.037296 0.62091
0.2517 0.037358 0.60377
0.25781 0.037056 0.61723
0.24077 0.037036 0.63775
0.2482 0.036978 0.6501
0.25887 0.03694 0.6404
0.25969 0.036937 0.65683
0.24721 0.037018 0.67563
0.26663 0.036893 0.68337
0.24363 0.03712 0.71433
0.25677 0.037043 0.70327
0.25624 0.037105 0.72464
0.24102 0.037195 0.73985
0.23713 0.037241 0.75894
0.25553 0.037174 0.74501
0.26349 0.037192 0.76282
0.23324 0.037293 0.78054
0.24125 0.037292 0.79357
0.25841 0.037233 0.77319
0.24103 0.037316 0.81011
0.25901 0.037295 0.81107
0.25162 0.037325 0.83179
0.24074 0.037353 0.8489
0.2352 0.037368 0.86571
0.23247 0.037382 0.8849
0.23074 0.037383 0.89487
0.25474 0.037375 0.88184
0.23978 0.03739 0.91894
0.22966 0.037825 0.93516
0.24653 0.037371 0.90937
0.25481 0.037748 0.9365
0.23709 0.033356 0.96227
0.24967 0.037856 0.9414
0.27522 0.03756 0.056524
0.29566 0.037535 0.061163
0.27711 0.037544 0.079749
0.2704 0.03754 0.094528
0.2943 0.037528 0.074503
0.27161 0.037523 0.10951
0.29123 0.037504 0.10471
0.28663 0.037489 0.12378
0.27267 0.037487 0.13677
0.27042 0.037463 0.15788
0.29441 0.037453 0.13899
0.29634 0.037422 0.15963
0.26715 0.037442 0.17088
0.27286 0.037407 0.18439
0.28893 0.037356 0.19557
0.27736 0.037329 0.2193
0.29154 0.037337 0.201
0.29011 0.037296 0.22792
0.2764 0.037512 0.26635
0.29117 0.037259 0.24377
0.29237 0.037483 0.26555
0.28744 0.037789 0.27475
0.27492 0.037579 0.3
0.27637 0.037408 0.30941
0.29712 0.037325 0.3126
0.27123 0.03724 0.33128
0.27417 0.037245 0.35464
0.28483 0.037209 0.33692
0.28719 0.037201 0.3495
0.27142 0.037251 0.36102
0.26846 0.037197 0.38209
0.28652 0.037232 0.37044
0.26353 0.037182 0.40635
0.26089 0.037194 0.42445
0.27975 0.03719 0.41039
0.27533 0.03719 0.42891
0.26395 0.037149 0.4688
0.27554 0.037155 0.43845
0.29152 0.037191 0.45644
0.26302 0.037132 0.48442
0.26963 0.037097 0.50198
0.2858 0.036953 0.49147
0.27248 0.036927 0.52125
0.29374 0.036766 0.54438
0.28674 0.036995 0.55027
0.27819 0.037466 0.57506
0.2893 0.037147 0.56236
0.30493 0.037051 0.57384
0.28201 0.037398 0.57937
0.27303 0.037093 0.59369
0.29704 0.037129 0.58293
0.30011 0.036845 0.59006
0.28191 0.036822 0.60309
0.27851 0.036879 0.61952
0.30119 0.036712 0.61545
0.27984 0.036851 0.63849
0.27717 0.03684 0.65599
0.29528 0.036727 0.63877
0.29777 0.036737 0.65855
0.27685 0.036833 0.66523
0.28527 0.036762 0.68653
0.30507 0.036795 0.67028
0.29716 0.036819 0.69203
0.27758 0.03694 0.7092
0.28007 0.036966 0.71795
0.29866 0.036894 0.72026
0.28046 0.037095 0.74772
0.27551 0.037172 0.76593
0.29638 0.037018 0.73883
0.2691 0.037215 0.77457
0.27666 0.037233 0.79347
0.29537 0.037177 0.77826
0.29041 0.037225 0.79721
0.29129 0.037265 0.81535
0.2833 0.037298 0.83182
0.27503 0.03733 0.85031
0.294 0.037312 0.84695
0.28523 0.037335 0.8628
0.26752 0.037365 0.88563
0.27703 0.037365 0.89783
0.28931 0.037353 0.88405
0.28163 0.037365 0.89868
0.29271 0.037376 0.91433
0.28951 0.037649 0.93111
0.27175 0.038157 0.94942
0.27455 0.033618 0.95708
0.29198 0.037819 0.94009
0.28007 0.033369 0.96116
0.30175 0.037536 0.045466
0.30531 0.037527 0.058695
0.32847 0.037508 0.044372
0.32971 0.037501 0.058592
0.30395 0.037512 0.080041
0.30807 0.037503 0.087607
0.32454 0.037496 0.07058
0.32074 0.037479 0.094362
0.30637 0.037479 0.1087
0.30441 0.03746 0.12668
0.3292 0.037456 0.10407
0.31979 0.037445 0.12461
0.30326 0.037429 0.14521
0.30662 0.037414 0.15691
0.32329 0.037402 0.14427
0.3243 0.03739 0.15393
0.30524 0.037362 0.1786
0.30852 0.037331 0.19407
0.32512 0.037345 0.17304
0.31052 0.037266 0.22549
0.33082 0.037254 0.21124
0.32978 0.037239 0.21993
0.30178 0.03723 0.24741
0.3088 0.037241 0.25858
0.31942 0.037194 0.26315
0.30511 0.037423 0.2724
0.29694 0.037786 0.28791
0.31696 0.03722 0.27119
0.32386 0.037182 0.28583
0.30067 0.037475 0.30028
0.30283 0.037338 0.30968
0.32163 0.03717 0.30615
0.32336 0.037178 0.31349
0.31016 0.03729 0.32706
0.30082 0.037248 0.35092
0.32379 0.037333 0.3355
0.33249 0.037522 0.35133
0.30572 0.037288 0.35571
0.29339 0.037258 0.38474
0.31746 0.037349 0.36387
0.32032 0.037502 0.37566
0.29026 0.03721 0.40737
0.29782 0.037282 0.41875
0.30335 0.037391 0.40036
0.3084 0.037378 0.42302
0.29923 0.037148 0.4436
0.30118 0.037303 0.46017
0.31727 0.037308 0.44422
0.33084 0.037289 0.45487
0.30628 0.036814 0.48114
0.32499 0.03694 0.46958
0.31085 0.036812 0.48829
0.30567 0.03673 0.5038
0.30716 0.036397 0.52793
0.31964 0.036786 0.50238
0.3215 0.036551 0.55637
0.35 0.037107 0.58534
0.33082 0.036777 0.59014
0.41788 0.039192 0.51205
0.32331 0.0367 0.60811
0.31539 0.036803 0.62032
0.34564 0.03671 0.61309
0.33123 0.036643 0.64943
0.32948 0.036711 0.6674
0.32955 0.036828 0.69161
0.33182 0.036784 0.71057
0.32481 0.036838 0.7236
0.30926 0.036942 0.73463
0.3144 0.037044 0.75601
0.32709 0.036962 0.74207
0.3241 0.037056 0.76125
0.31323 0.037134 0.77752
0.30464 0.037188 0.79229
0.32041 0.037134 0.78189
0.31979 0.037188 0.79934
0.30248 0.037233 0.80657
0.32072 0.037245 0.82829
0.3032 0.037296 0.8438
0.30906 0.037313 0.86201
0.30052 0.037346 0.8863
0.30828 0.037347 0.89418
0.32118 0.037326 0.87476
0.3186 0.037347 0.9006
0.30052 0.03738 0.9175
0.30977 0.03754 0.93347
0.32795 0.037351 0.90999
0.31819 0.037447 0.92706
0.30018 0.03787 0.94823
0.32025 0.037677 0.94561
0.34008 0.037496 0.040771
0.33917 0.037493 0.056024
0.36422 0.037472 0.040938
0.35338 0.037484 0.051726
0.33975 0.037475 0.074048
0.33935 0.037466 0.086672
0.35517 0.037448 0.084667
0.34163 0.037437 0.10573
0.33664 0.037425 0.12349
0.35706 0.037401 0.12291
0.33979 0.037385 0.14081
0.34422 0.037361 0.15372
0.35655 0.037358 0.14312
0.36354 0.037335 0.15215
0.34502 0.037316 0.17217
0.34524 0.037286 0.18359
0.35227 0.037319 0.16791
0.35768 0.037271 0.18375
0.33827 0.03726 0.20427
0.33751 0.037225 0.22595
0.35416 0.037243 0.20387
0.34552 0.037183 0.24047
0.34298 0.037157 0.26542
0.35623 0.037157 0.24386
0.36455 0.037143 0.2618
0.35114 0.037132 0.28405
0.34978 0.03713 0.29327
0.3661 0.037184 0.28361
0.3604 0.037122 0.2916
0.3435 0.037203 0.30396
0.34716 0.037294 0.32609
0.36341 0.037169 0.31082
0.36033 0.037226 0.33046
0.35327 0.03736 0.3339
0.34056 0.037539 0.34716
0.36003 0.03742 0.34338
0.36649 0.037855 0.36775
0.36014 0.038051 0.38439
0.31938 0.037793 0.39426
0.31745 0.037725 0.42247
0.33709 0.038053 0.38746
0.3319 0.037697 0.4443
0.33412 0.038393 0.43733
0.3424 0.036581 0.46943
0.33227 0.036439 0.48964
0.36001 0.035362 0.48875
0.33062 0.036667 0.50222
0.33419 0.036605 0.50455
0.34726 0.038438 0.56047
0.37964 0.038412 0.56247
0.35681 0.038358 0.57618
0.41081 0.042554 0.50639
0.41868 0.046895 0.49617
0.42019 0.038199 0.51716
0.40599 0.036613 0.54064
0.35154 0.036509 0.6178
0.41021 0.036309 0.54157
0.36918 0.03612 0.6208
0.3534 0.036631 0.64998
0.33789 0.036689 0.66693
0.36928 0.036591 0.6461
0.36286 0.036697 0.66119
0.33767 0.036784 0.68841
0.36605 0.03671 0.67123
0.36974 0.036799 0.69134
0.33676 0.036789 0.70386
0.34659 0.036832 0.71764
0.36588 0.036803 0.70364
0.3565 0.036911 0.72699
0.34441 0.036935 0.73492
0.34427 0.037052 0.76319
0.35881 0.036952 0.73908
0.36047 0.03702 0.75654
0.35722 0.037077 0.7751
0.3566 0.037148 0.79875
0.347 0.037192 0.81311
0.33572 0.037215 0.8217
0.35619 0.037203 0.82474
0.34556 0.037261 0.84426
0.34276 0.03729 0.86218
0.36301 0.037231 0.83725
0.36131 0.037275 0.86253
0.33641 0.037328 0.8816
0.33948 0.037331 0.89599
0.35278 0.037315 0.89031
0.34422 0.03735 0.91386
0.33733 0.037593 0.93164
0.35198 0.037366 0.91698
0.35185 0.037594 0.92881
0.3435 0.037849 0.94207
0.33536 0.03341 0.95946
0.35849 0.037893 0.94184
0.35057 0.033347 0.96315
0.37116 0.037464 0.03515
0.38106 0.037449 0.056549
0.38987 0.037445 0.041126
0.3915 0.037425 0.071405
0.39606 0.037398 0.094035
0.37179 0.037405 0.10533
0.38303 0.037378 0.11842
0.39603 0.037372 0.11
0.39089 0.037371 0.11807
0.37183 0.03733 0.14616
0.37319 0.037313 0.16016
0.39658 0.037312 0.13951
0.37987 0.037271 0.17081
0.3746 0.037245 0.18359
0.39522 0.037215 0.19627
0.37579 0.037224 0.20397
0.37945 0.037171 0.22213
0.39083 0.037188 0.21061
0.39088 0.037161 0.22119
0.37568 0.037127 0.24956
0.37411 0.037132 0.26228
0.39871 0.037141 0.24288
0.39714 0.037122 0.26837
0.37542 0.037183 0.28056
0.38062 0.037157 0.30676
0.39907 0.037179 0.2877
0.3914 0.037127 0.30449
0.39096 0.037824 0.33676
0.39894 0.03731 0.32132
0.39834 0.037839 0.33514
0.38331 0.03761 0.34498
0.39118 0.03767 0.36425
0.37151 0.037949 0.37737
0.40655 0.037935 0.37265
0.36378 0.038789 0.39398
0.3749 0.038574 0.39355
0.3519 0.039534 0.39999
0.34895 0.039497 0.4396
0.37365 0.040647 0.4364
0.3337 0.039949 0.42357
0.3859 0.042146 0.43137
0.39631 0.038348 0.44263
0.37811 0.035606 0.48094
0.34597 0.037007 0.52454
0.35329 0.038721 0.57251
0.35068 0.03685 0.52454
0.35931 0.039006 0.57187
0.40874 0.047214 0.49818
0.41171 0.050654 0.49369
0.43434 0.047132 0.50297
0.42023 0.036924 0.52809
0.43956 0.04375 0.5099
0.38614 0.035934 0.59431
0.37445 0.036069 0.61963
0.37544 0.036315 0.63047
0.38944 0.036254 0.62484
0.41149 0.036605 0.6205
0.38122 0.036659 0.64648
0.38573 0.036819 0.66074
0.43631 0.036361 0.56737
0.43051 0.036488 0.59796
0.38394 0.036872 0.67073
0.41427 0.036843 0.64496
0.40641 0.03683 0.67315
0.38989 0.036902 0.71694
0.40908 0.036833 0.6902
0.39867 0.036913 0.71591
0.38393 0.036936 0.7417
0.37419 0.036982 0.74963
0.39226 0.036922 0.73684
0.38385 0.037048 0.77446
0.37972 0.037108 0.79506
0.39089 0.037035 0.76809
0.3784 0.03714 0.80603
0.37107 0.037201 0.82987
0.37388 0.037225 0.83827
0.37194 0.037254 0.85698
0.3882 0.037214 0.83821
0.38882 0.037256 0.86488
0.3739 0.037292 0.87777
0.36898 0.037317 0.89814
0.39094 0.037311 0.90146
0.37264 0.037344 0.91326
0.37921 0.037678 0.9327
0.38618 0.03734 0.91245
0.39278 0.037685 0.93499
0.37612 0.037949 0.94464
0.37017 0.033818 0.9556
0.38902 0.037921 0.94517
0.39504 0.033668 0.9562
0.41465 0.037425 0.036774
0.42014 0.03742 0.041732
0.42145 0.037407 0.065493
0.40589 0.037401 0.0821
0.42672 0.037396 0.075009
0.43473 0.037564 0.098336
0.41872 0.037351 0.10983
0.40875 0.037339 0.11951
0.42665 0.0375 0.10813
0.42881 0.037543 0.12465
0.41505 0.037271 0.14385
0.40869 0.037263 0.16138
0.43006 0.037289 0.14919
0.41179 0.037232 0.17082
0.40998 0.037201 0.19381
0.42254 0.037202 0.17719
0.42437 0.037186 0.18472
0.41468 0.03714 0.23424
0.42591 0.037137 0.21151
0.43088 0.037103 0.21959
0.40241 0.037111 0.24932
0.41486 0.037111 0.27148
0.43076 0.03713 0.24145
0.41518 0.03716 0.29034
0.41228 0.037157 0.29951
0.43003 0.037119 0.31223
0.41627 0.037531 0.33237
0.40843 0.037794 0.34065
0.42681 0.037218 0.32305
0.42005 0.037744 0.34537
0.40886 0.037861 0.35025
0.41359 0.037879 0.35692
0.43534 0.036454 0.37251
0.42773 0.037409 0.36972
0.41922 0.037874 0.38736
0.4544 0.036059 0.41133
0.38924 0.037733 0.39122
0.36165 0.040434 0.40479
0.42382 0.037251 0.40421
0.40077 0.037058 0.3974
0.33966 0.041027 0.41428
0.36123 0.041576 0.43392
0.37455 0.039465 0.40473
0.41502 0.042037 0.43638
0.38163 0.035732 0.48039
0.39718 0.041294 0.42843
0.37973 0.03492 0.51187
0.36181 0.035953 0.52552
0.35789 0.039878 0.5594
0.36082 0.03644 0.53462
0.37068 0.039421 0.56128
0.4371 0.06068 0.49828
0.4341 0.039622 0.52306
0.38955 0.036112 0.59365
0.49683 0.047455 0.4906
0.42324 0.036037 0.57819
0.45906 0.038518 0.53072
0.49799 0.049539 0.48739
0.44533 0.037141 0.54574
0.43525 0.036662 0.60194
0.4444 0.036534 0.56462
0.44068 0.036716 0.62166
0.42301 0.036816 0.64747
0.4238 0.036852 0.66267
0.44331 0.036913 0.65006
0.44181 0.036906 0.67027
0.42336 0.036905 0.69236
0.41616 0.036933 0.7079
0.43448 0.036948 0.70315
0.41094 0.036966 0.74632
0.43043 0.036925 0.7302
0.42311 0.036984 0.74957
0.41312 0.037016 0.76996
0.40368 0.037088 0.79263
0.43002 0.036999 0.77071
0.43185 0.037063 0.78838
0.41491 0.037122 0.81261
0.43211 0.0371 0.803
0.41921 0.03714 0.82185
0.40497 0.037199 0.83844
0.42372 0.037231 0.86179
0.41189 0.037276 0.882
0.40707 0.037295 0.90053
0.42708 0.037267 0.88219
0.4216 0.037271 0.89148
0.40861 0.037309 0.91098
0.40615 0.037599 0.93413
0.42614 0.037484 0.93161
0.4002 0.037875 0.94743
0.41672 0.037646 0.9412
0.42669 0.033356 0.96178
0.43767 0.037414 0.041964
0.44326 0.037405 0.063177
0.45623 0.037406 0.045775
0.43792 0.037395 0.073942
0.44058 0.037611 0.097072
0.46254 0.037373 0.083627
0.45729 0.0378 0.10219
0.44322 0.038146 0.11885
0.46008 0.037919 0.10821
0.44838 0.037918 0.12967
0.44075 0.037293 0.14979
0.45419 0.037909 0.13057
0.46107 0.037257 0.15141
0.44688 0.037196 0.16599
0.4435 0.037165 0.19106
0.45963 0.037165 0.17535
0.45781 0.037151 0.19521
0.44633 0.037126 0.20854
0.44125 0.037095 0.22179
0.45357 0.037101 0.23054
0.43854 0.037128 0.24661
0.43534 0.037088 0.26356
0.45123 0.037126 0.24514
0.4375 0.03711 0.27671
0.43763 0.037124 0.29762
0.45712 0.037073 0.28752
0.46118 0.036966 0.30099
0.43376 0.037115 0.31996
0.44281 0.036823 0.3258
0.44839 0.036462 0.33678
0.44928 0.035757 0.39053
0.47464 0.039402 0.43664
0.4366 0.036827 0.34252
0.43224 0.036646 0.35931
0.46524 0.042066 0.45349
0.46011 0.0369 0.42596
0.44174 0.03623 0.36658
0.46668 0.044195 0.45381
0.45809 0.046873 0.47051
0.39285 0.036543 0.40083
0.34444 0.040062 0.4175
0.44381 0.036242 0.41353
0.43072 0.034097 0.41566
0.37712 0.040541 0.42827
0.39406 0.034841 0.46156
0.39873 0.034039 0.486
0.36341 0.03649 0.54576
0.38785 0.038135 0.53566
0.36751 0.036001 0.54733
0.44513 0.037438 0.52288
0.39964 0.03579 0.56897
0.42755 0.036878 0.55597
0.40034 0.035221 0.58441
0.49465 0.044556 0.49305
0.49274 0.072922 0.48636
0.48823 0.080676 0.48826
0.46306 0.036675 0.53773
0.44924 0.036567 0.55594
0.46097 0.03592 0.57093
0.49284 0.036223 0.54245
0.44983 0.036779 0.61655
0.4503 0.036924 0.62821
0.48544 0.035749 0.55883
0.46395 0.036264 0.58194
0.45222 0.03697 0.64951
0.45809 0.03688 0.65974
0.46997 0.036843 0.64762
0.45176 0.036932 0.6842
0.4526 0.036915 0.70565
0.46418 0.036872 0.6751
0.46359 0.036906 0.70739
0.45282 0.036918 0.72006
0.44006 0.036972 0.74839
0.46277 0.036914 0.72581
0.4583 0.036962 0.74689
0.44273 0.036986 0.76657
0.4426 0.037072 0.79123
0.45572 0.036972 0.76981
0.46538 0.037061 0.79221
0.44344 0.037108 0.81747
0.45459 0.037082 0.81041
0.45422 0.037111 0.82067
0.44455 0.037162 0.83542
0.43734 0.03722 0.86121
0.46296 0.037157 0.83593
0.43953 0.037252 0.87183
0.43994 0.037262 0.89308
0.45262 0.037249 0.88267
0.46029 0.037265 0.89709
0.4465 0.037295 0.91713
0.44649 0.037412 0.92961
0.46014 0.03732 0.91793
0.45584 0.037472 0.93396
0.4435 0.037606 0.94913
0.46482 0.037684 0.94599
0.46029 0.033342 0.96358
0.42556 0.037386 0.42499
0.41331 0.035793 0.47933
0.39977 0.036953 0.51813
0.4295 0.03718 0.49476
0.48022 0.037399 0.046589
0.47652 0.037384 0.065941
0.49475 0.0374 0.039191
0.48657 0.037384 0.063615
0.46844 0.037368 0.083649
0.4712 0.037497 0.096512
0.49035 0.037368 0.074837
0.48883 0.037366 0.095903
0.47698 0.037538 0.11283
0.47115 0.03777 0.118
0.48234 0.037396 0.10745
0.49181 0.037343 0.12683
0.46972 0.037572 0.13303
0.48914 0.037233 0.15211
0.46773 0.037182 0.1714
0.47578 0.037149 0.18728
0.48471 0.037202 0.16911
0.47752 0.037136 0.20583
0.47455 0.037097 0.22454
0.48917 0.037141 0.20285
0.48973 0.037091 0.22124
0.47058 0.037116 0.24969
0.47692 0.03712 0.25534
0.48671 0.037124 0.23927
0.4924 0.037119 0.25165
0.46755 0.037071 0.28491
0.48009 0.03712 0.28703
0.49247 0.037085 0.27612
0.49628 0.037147 0.29043
0.47629 0.03689 0.31974
0.47999 0.036826 0.3306
0.49239 0.037049 0.33148
0.46766 0.036327 0.34176
0.47394 0.03635 0.34711
0.50399 0.036803 0.34296
0.51362 0.036998 0.34873
0.46478 0.036161 0.34945
0.47302 0.03624 0.35085
0.51961 0.037798 0.37624
0.45638 0.035345 0.38561
0.50426 0.036337 0.35697
0.50899 0.03599 0.36575
0.45858 0.038543 0.45991
0.45362 0.034393 0.43223
0.46295 0.034305 0.35806
0.4687 0.03369 0.36181
0.44893 0.033424 0.47318
0.45787 0.033345 0.4912
0.41779 0.033393 0.49104
0.40446 0.033957 0.57363
0.5028 0.033765 0.48755
0.48107 0.034442 0.53166
0.5183 0.033815 0.58767
0.49109 0.034746 0.58461
0.46751 0.035264 0.55061
0.50686 0.037514 0.50064
0.48378 0.035905 0.5793
0.48469 0.036063 0.59643
0.5062 0.03765 0.508
0.50545 0.036647 0.56449
0.48661 0.036643 0.57411
0.48847 0.036376 0.61605
0.5052 0.036502 0.56565
0.48353 0.035975 0.56773
0.49572 0.036529 0.62633
0.47098 0.036921 0.62994
0.47619 0.036901 0.66514
0.48565 0.036829 0.65019
0.49408 0.03691 0.66869
0.47907 0.036946 0.69939
0.49372 0.036951 0.68262
0.49373 0.036947 0.70837
0.47811 0.036971 0.72567
0.47915 0.036989 0.74269
0.49439 0.03699 0.72967
0.49589 0.036979 0.74411
0.48084 0.036974 0.75964
0.47191 0.037028 0.78488
0.49251 0.037055 0.79291
0.47959 0.037121 0.82519
0.49463 0.037072 0.80561
0.49242 0.037132 0.82858
0.47753 0.037158 0.84111
0.47975 0.037188 0.85915
0.48665 0.037179 0.85642
0.47667 0.037233 0.87606
0.47408 0.037247 0.88788
0.4949 0.03723 0.8822
0.47069 0.037519 0.93132
0.49201 0.037317 0.91235
0.48785 0.037644 0.93398
0.47791 0.037806 0.94686
0.47793 0.034173 0.95408
0.48921 0.037789 0.9415
0.45016 0.036099 0.48809
0.47371 0.035898 0.48842
0.47869 0.034295 0.50566
0.50213 0.03438 0.47696
0.47848 0.036507 0.4384
0.49355 0.034765 0.39958
0.40108 0.036114 0.42069
0.41708 0.034309 0.47621
0.40861 0.034011 0.41221
0.43566 0.035656 0.4324
0.45874 0.035191 0.47813
0.44553 0.033844 0.44246
0.49022 0.034086 0.38802
0.45898 0.03367 0.4949
0.48312 0.034171 0.48545
0.40142 0.037814 0.51263
0.47189 0.050727 0.48375
0.51398 0.034773 0.5022
0.49678 0.03669 0.47841
0.49596 0.034406 0.4732
0.48821 0.046694 0.47706
0.46633 0.04721 0.48501
0.48867 0.035239 0.41455
0.44086 0.035959 0.47928
0.43579 0.03464 0.4658
0.46631 0.039741 0.48109
0.42294 0.034894 0.4744
0.43967 0.049173 0.48475
0.42808 0.03485 0.47555
0.46228 0.037472 0.48228
0.47426 0.035052 0.47423
0.44876 0.040148 0.50639
0.48894 0.045182 0.48645
0.4774 0.036563 0.49467
0.48255 0.036748 0.47234
0.47727 0.035095 0.50594
0.51807 0.034344 0.47637
0.48532 0.033842 0.47054
0.48125 0.035584 0.47602
0.46817 0.04638 0.48334
0.51326 0.035701 0.49175
0.42756 0.034989 0.47993
0.51141 0.033846 0.47119
0.50652 0.037401 0.045902
0.52484 0.037404 0.047913
0.5238 0.037399 0.057972
0.50538 0.037376 0.073062
0.50525 0.037365 0.090533
0.52907 0.037387 0.068751
0.52282 0.037366 0.090422
0.50014 0.03735 0.10904
0.51037 0.037328 0.11933
0.52663 0.037329 0.11089
0.52171 0.037316 0.1178
0.51355 0.037263 0.14071
0.51138 0.03723 0.15179
0.51796 0.037265 0.13936
0.52005 0.037228 0.16307
0.5096 0.03721 0.16898
0.51527 0.037156 0.18425
0.5298 0.037174 0.18096
0.51953 0.037158 0.18519
0.51646 0.037117 0.21036
0.50308 0.037088 0.21804
0.53082 0.037136 0.20756
0.53455 0.037082 0.22185
0.51517 0.037163 0.24096
0.51411 0.037194 0.25397
0.53005 0.03738 0.24649
0.52796 0.037473 0.25708
0.50568 0.037054 0.28219
0.53571 0.037432 0.26888
0.53128 0.037245 0.27321
0.50543 0.037116 0.29513
0.52367 0.037163 0.30166
0.543 0.037005 0.30244
0.54636 0.036688 0.33235
0.50986 0.037311 0.31553
0.54502 0.036837 0.35995
0.54997 0.037442 0.37164
0.52035 0.037349 0.35077
0.53952 0.03742 0.3648
0.55441 0.040018 0.3928
0.52284 0.037312 0.33471
0.52479 0.037167 0.33325
0.5723 0.039966 0.37262
0.53537 0.036807 0.40336
0.53232 0.035004 0.3985
0.56635 0.036837 0.37758
0.50316 0.035209 0.41418
0.48606 0.033414 0.44214
0.53134 0.033609 0.43484
0.5362 0.033363 0.4596
0.50047 0.033437 0.46616
0.51826 0.033438 0.57263
0.54292 0.033348 0.51731
0.5421 0.033935 0.54447
0.50436 0.035388 0.60188
0.53159 0.038611 0.57337
0.5438 0.03874 0.57251
0.53785 0.037131 0.58193
0.50694 0.037056 0.61716
0.53233 0.036324 0.58726
0.53816 0.03644 0.59195
0.51156 0.036983 0.62685
0.52165 0.036937 0.63788
0.5395 0.036359 0.61134
0.54307 0.036428 0.62418
0.51339 0.037015 0.65379
0.50622 0.036998 0.66631
0.52925 0.036851 0.65037
0.53652 0.036795 0.66636
0.50326 0.036932 0.69628
0.50854 0.036937 0.713
0.51899 0.036936 0.71474
0.50699 0.036953 0.72799
0.50812 0.036965 0.74154
0.52559 0.036937 0.72153
0.51907 0.036963 0.74378
0.5144 0.036963 0.76063
0.50539 0.03703 0.786
0.52641 0.036974 0.77315
0.5309 0.037042 0.78769
0.50694 0.037072 0.80664
0.51227 0.037086 0.81727
0.52369 0.037074 0.81178
0.52428 0.037104 0.82223
0.5113 0.037174 0.85431
0.53247 0.037195 0.86179
0.50994 0.037231 0.87955
0.51568 0.03724 0.89506
0.53146 0.037232 0.879
0.53234 0.037246 0.89801
0.50275 0.037371 0.91874
0.52152 0.03729 0.91574
0.50647 0.034365 0.95394
0.52902 0.038185 0.94798
0.527 0.033415 0.95932
0.51067 0.034134 0.45916
0.52179 0.033738 0.48086
0.4867 0.034897 0.43119
0.49563 0.033875 0.44972
0.54615 0.036411 0.4184
0.45531 0.034989 0.48424
0.52184 0.035769 0.45271
0.49361 0.034895 0.43968
0.54136 0.036222 0.5026
0.52241 0.033807 0.49584
0.51328 0.034416 0.50247
0.51189 0.033896 0.52272
0.50249 0.036741 0.53572
0.53778 0.03374 0.50868
0.50841 0.037053 0.55332
0.65319 0.036662 0.55241
0.52485 0.050818 0.51405
0.50118 0.033694 0.54147
0.49557 0.035059 0.40943
0.48366 0.036201 0.44205
0.49121 0.034884 0.46644
0.47082 0.033974 0.4649
0.47621 0.035054 0.4543
0.4887 0.034909 0.4448
0.53687 0.034924 0.48084
0.517 0.033574 0.43984
0.52159 0.034066 0.504
0.50856 0.035517 0.51695
0.52233 0.034268 0.46981
0.50947 0.034643 0.5132
0.57014 0.037532 0.54184
0.524 0.038178 0.52106
0.53115 0.036217 0.49406
0.4696 0.034606 0.47469
0.4816 0.03479 0.46636
0.52572 0.034748 0.49372
0.54061 0.037406 0.055051
0.56318 0.037416 0.036772
0.5588 0.037401 0.064221
0.54256 0.037363 0.095034
0.55469 0.03739 0.072751
0.55534 0.037374 0.090766
0.54273 0.037335 0.11166
0.54721 0.037323 0.12826
0.55254 0.037339 0.1109
0.55255 0.037324 0.12844
0.54322 0.037282 0.13904
0.56315 0.037286 0.14056
0.55591 0.037249 0.15272
0.54676 0.037191 0.17858
0.56488 0.037211 0.17627
0.5492 0.037113 0.21372
0.54264 0.037183 0.23218
0.5651 0.037125 0.21008
0.55839 0.037284 0.23846
0.54629 0.037666 0.24868
0.55381 0.037546 0.24659
0.55924 0.037554 0.26665
0.54798 0.037588 0.27327
0.5614 0.037258 0.2794
0.56307 0.037015 0.28931
0.55475 0.036658 0.33375
0.576 0.036843 0.30818
0.57515 0.036848 0.32187
0.56258 0.037097 0.34831
0.56505 0.038113 0.35894
0.58327 0.037299 0.34572
0.59176 0.038073 0.35953
0.55707 0.038686 0.37289
0.57874 0.039973 0.37127
0.58651 0.038815 0.36771
0.57107 0.039971 0.39175
0.51873 0.038743 0.41707
0.51811 0.03862 0.41867
0.4994 0.036269 0.42063
0.5759 0.036674 0.43753
0.54654 0.03436 0.45833
0.55094 0.03425 0.49567
0.65885 0.033446 0.54061
0.66912 0.034431 0.53406
0.59595 0.043816 0.54914
0.58855 0.035662 0.57149
0.52126 0.043121 0.56746
0.53274 0.043801 0.52201
0.58545 0.039012 0.55767
0.51919 0.043553 0.56385
0.58301 0.036634 0.5778
0.5196 0.042007 0.55749
0.54951 0.03872 0.56623
0.55062 0.036985 0.58985
0.55534 0.037276 0.56279
0.55721 0.036766 0.60447
0.55264 0.036672 0.62962
0.56873 0.037322 0.59009
0.54523 0.036539 0.64566
0.54856 0.036761 0.67403
0.5649 0.036893 0.6482
0.55448 0.03678 0.67376
0.53612 0.036892 0.69475
0.53752 0.036934 0.71469
0.55733 0.036884 0.68447
0.53802 0.036937 0.72739
0.55098 0.036951 0.73783
0.56148 0.036985 0.75479
0.53748 0.03697 0.76334
0.54187 0.037051 0.78995
0.56303 0.03699 0.77623
0.56325 0.037074 0.79507
0.54727 0.037076 0.8029
0.54253 0.03713 0.82954
0.55405 0.037081 0.80574
0.55538 0.037122 0.82589
0.53997 0.037164 0.84969
0.55358 0.037167 0.84831
0.56084 0.037208 0.86474
0.54228 0.037235 0.89056
0.5572 0.037233 0.88471
0.56506 0.037249 0.89275
0.54756 0.037279 0.91381
0.53806 0.037768 0.93498
0.5598 0.037325 0.91706
0.5561 0.037752 0.93476
0.54474 0.038166 0.94761
0.54869 0.033369 0.96103
0.56428 0.038034 0.94495
0.55514 0.033968 0.95524
0.56419 0.034267 0.52027
0.6071 0.033944 0.54231
0.57604 0.037422 0.045355
0.58662 0.037428 0.040808
0.59475 0.037422 0.063528
0.57181 0.03737 0.097261
0.58884 0.037406 0.0742
0.59526 0.037386 0.095972
0.571 0.037341 0.11351
0.57575 0.037326 0.12894
0.59387 0.037366 0.10714
0.58643 0.037344 0.11951
0.58156 0.037274 0.14778
0.59851 0.037309 0.13976
0.59276 0.037273 0.15879
0.57862 0.037203 0.18008
0.57145 0.037176 0.19117
0.5872 0.037201 0.18247
0.59697 0.037195 0.18935
0.57062 0.037106 0.23107
0.59054 0.03711 0.2187
0.57141 0.037294 0.25255
0.56844 0.037287 0.26721
0.59816 0.03711 0.24545
0.58901 0.037064 0.26755
0.5787 0.03704 0.27395
0.59374 0.037234 0.28033
0.60254 0.037492 0.29178
0.58216 0.03693 0.30625
0.59323 0.03716 0.31878
0.60477 0.037379 0.30627
0.60324 0.037112 0.32142
0.598 0.037438 0.34703
0.60261 0.037279 0.37393
0.59143 0.037638 0.39425
0.57925 0.038904 0.39273
0.54174 0.037632 0.42939
0.56878 0.037665 0.42188
0.56673 0.037466 0.43635
0.60139 0.037278 0.43587
0.60546 0.037611 0.42781
0.59043 0.036918 0.44393
0.5454 0.038362 0.46991
0.56115 0.037579 0.46192
0.54742 0.037911 0.4763
0.62218 0.036433 0.49442
0.54909 0.042153 0.50472
0.60282 0.036534 0.48872
0.54641 0.044661 0.50241
0.65846 0.03458 0.53256
0.65384 0.040172 0.56015
0.62391 0.035138 0.53647
0.64471 0.041855 0.56085
0.61215 0.048384 0.55385
0.59351 0.037927 0.57101
0.62483 0.04596 0.5593
0.524 0.076909 0.51599
0.59933 0.036768 0.59357
0.59639 0.038524 0.57147
0.60257 0.036691 0.61163
0.54261 0.036561 0.54884
0.53787 0.036938 0.5506
0.59113 0.036211 0.61082
0.56941 0.036897 0.57982
0.57848 0.037229 0.63972
0.59036 0.036318 0.62139
0.58821 0.037053 0.63587
0.58229 0.037262 0.6513
0.58948 0.037373 0.64837
0.58785 0.037296 0.66566
0.56779 0.036903 0.70812
0.5851 0.036898 0.70372
0.56887 0.036947 0.72406
0.59147 0.036942 0.73627
0.58871 0.037002 0.75592
0.56991 0.037027 0.7844
0.59082 0.037087 0.79526
0.57786 0.037087 0.79943
0.57678 0.037107 0.81873
0.59008 0.037105 0.81433
0.57833 0.037183 0.84536
0.59756 0.0372 0.84674
0.57423 0.037237 0.87476
0.59808 0.037272 0.89904
0.57456 0.037301 0.91512
0.59439 0.037291 0.91308
0.57477 0.038132 0.94973
0.57782 0.034281 0.95413
0.5921 0.037841 0.9455
0.58647 0.033342 0.96367
0.61054 0.037443 0.045506
0.61286 0.037434 0.062593
0.63106 0.037456 0.042703
0.63301 0.037456 0.053936
0.61625 0.037422 0.07622
0.60426 0.037405 0.088724
0.63321 0.037432 0.080453
0.62812 0.037426 0.086882
0.61163 0.037369 0.11325
0.61007 0.037345 0.12976
0.6234 0.037391 0.10617
0.62966 0.037368 0.12612
0.60413 0.037327 0.13476
0.61528 0.037283 0.16401
0.6294 0.037343 0.13667
0.62995 0.037312 0.15195
0.60774 0.037234 0.1769
0.61455 0.037211 0.19012
0.62839 0.037275 0.17067
0.6126 0.037144 0.21349
0.60556 0.037124 0.23401
0.62199 0.037142 0.21675
0.62188 0.03714 0.23024
0.60322 0.037109 0.26093
0.62043 0.037096 0.25032
0.62286 0.03717 0.2605
0.62269 0.037617 0.2824
0.61579 0.037289 0.32426
0.62132 0.037557 0.3009
0.62767 0.037095 0.34404
0.62214 0.037067 0.35807
0.6251 0.037081 0.38212
0.5913 0.037492 0.41088
0.60898 0.037606 0.41926
0.6117 0.037111 0.39812
0.61949 0.03749 0.41078
0.57966 0.037527 0.45395
0.58483 0.037444 0.4577
0.561 0.037113 0.47276
0.60756 0.036663 0.48495
0.57494 0.036637 0.47506
0.59849 0.036602 0.47867
0.55332 0.0403 0.502
0.63175 0.037471 0.49784
0.56246 0.038325 0.50821
0.61258 0.036568 0.53287
0.66686 0.037908 0.56308
0.61439 0.036856 0.53076
0.68202 0.035882 0.53726
0.63762 0.042722 0.5637
0.54363 0.044251 0.52728
0.64204 0.041459 0.56671
0.60962 0.047122 0.55461
0.52656 0.070788 0.51381
0.53218 0.054738 0.51582
0.61028 0.03672 0.62351
0.62419 0.036859 0.62679
0.60067 0.036476 0.63336
0.59642 0.037015 0.64302
0.60914 0.037362 0.65734
0.61104 0.037618 0.66508
0.59757 0.037137 0.67948
0.59778 0.03687 0.70243
0.61813 0.036918 0.71217
0.60314 0.03695 0.7279
0.59948 0.036963 0.74372
0.61675 0.036961 0.73477
0.61749 0.036976 0.74405
0.60664 0.037031 0.775
0.60855 0.03705 0.78209
0.62283 0.037056 0.77595
0.62598 0.037077 0.78414
0.60261 0.037104 0.80071
0.60694 0.037176 0.83249
0.62786 0.037136 0.80483
0.63314 0.037192 0.83004
0.60789 0.037202 0.84024
0.60374 0.037216 0.85597
0.62629 0.037221 0.84508
0.62446 0.037238 0.85992
0.61156 0.03726 0.87365
0.60682 0.03727 0.89502
0.62118 0.037276 0.8827
0.63176 0.03729 0.89323
0.61008 0.037287 0.91391
0.6108 0.037421 0.93147
0.62347 0.037475 0.93322
0.61257 0.037565 0.94798
0.62594 0.037616 0.94195
0.63276 0.033339 0.96473
0.64038 0.037462 0.047014
0.65554 0.037473 0.038362
0.65751 0.037465 0.063976
0.64774 0.037445 0.079597
0.64143 0.037422 0.096468
0.66529 0.037461 0.073894
0.66815 0.037455 0.085579
0.65726 0.037412 0.11045
0.64897 0.037324 0.16182
0.65956 0.037362 0.14274
0.66074 0.03734 0.16085
0.64413 0.037289 0.17144
0.64512 0.03724 0.19595
0.65923 0.037288 0.17791
0.65548 0.037263 0.18546
0.64458 0.037215 0.20329
0.64116 0.037155 0.22089
0.66488 0.037238 0.20442
0.66372 0.037198 0.2209
0.63606 0.037121 0.24488
0.64139 0.037148 0.2642
0.65561 0.037108 0.26718
0.63307 0.037336 0.28175
0.63283 0.037298 0.29575
0.66315 0.037083 0.27944
0.65058 0.037031 0.29028
0.63985 0.037079 0.31773
0.6559 0.037093 0.33393
0.6357 0.037088 0.34784
0.63728 0.037119 0.37702
0.6574 0.037124 0.344
0.65904 0.037079 0.36788
0.63061 0.037426 0.41173
0.64061 0.037188 0.40255
0.61373 0.037501 0.46014
0.63532 0.037274 0.42893
0.62987 0.037288 0.44262
0.61167 0.03692 0.47377
0.64357 0.037175 0.45873
0.64081 0.037164 0.44514
0.6084 0.037518 0.51599
0.58799 0.036686 0.51342
0.61891 0.037943 0.51812
0.61111 0.037547 0.52542
0.61481 0.037086 0.52924
0.65828 0.035921 0.5212
0.64462 0.036327 0.51721
0.67598 0.036084 0.51812
0.65939 0.038313 0.57189
0.64268 0.039639 0.58358
0.61208 0.044262 0.55742
0.55768 0.038655 0.54176
0.60953 0.040551 0.56038
0.62892 0.036916 0.61529
0.60656 0.039397 0.56286
0.63692 0.036951 0.62269
0.63214 0.036876 0.64131
0.65277 0.036936 0.6436
0.62881 0.037047 0.67637
0.63204 0.036859 0.66241
0.6354 0.036882 0.67347
0.6297 0.03687 0.69459
0.63095 0.036928 0.71477
0.64492 0.036874 0.70453
0.65744 0.03697 0.72081
0.63782 0.036963 0.72862
0.63424 0.03701 0.74885
0.65284 0.037003 0.73859
0.65062 0.037017 0.7492
0.63338 0.037071 0.77475
0.6443 0.037111 0.78905
0.65126 0.037089 0.77083
0.65362 0.037135 0.79388
0.64562 0.037162 0.80793
0.64346 0.037204 0.83041
0.66266 0.037192 0.81234
0.66555 0.037231 0.83271
0.64551 0.037228 0.83848
0.64571 0.037248 0.85631
0.65586 0.037248 0.84399
0.66218 0.037283 0.86687
0.65073 0.037294 0.88505
0.65094 0.037309 0.89338
0.65758 0.037301 0.88645
0.66655 0.037328 0.89947
0.64778 0.037353 0.91353
0.64093 0.037681 0.93327
0.66657 0.037346 0.90901
0.66325 0.037578 0.92537
0.64028 0.037956 0.94573
0.64602 0.033854 0.95576
0.66108 0.038162 0.94466
0.66931 0.033657 0.95704
0.6832 0.037496 0.045025
0.68537 0.037496 0.051771
0.70209 0.037505 0.040568
0.69322 0.037494 0.059175
0.70098 0.037488 0.07185
0.69947 0.037471 0.092029
0.67268 0.037436 0.10239
0.67305 0.03741 0.1241
0.67659 0.037383 0.14165
0.67873 0.037368 0.15846
0.68201 0.037339 0.17071
0.69526 0.037343 0.17487
0.68126 0.037252 0.20837
0.67148 0.037215 0.22057
0.69687 0.037258 0.21482
0.68857 0.037232 0.22838
0.67594 0.037178 0.24354
0.68793 0.037176 0.24913
0.69447 0.037183 0.25382
0.6769 0.03708 0.2919
0.69632 0.037135 0.28095
0.68762 0.037091 0.28965
0.67168 0.037046 0.32757
0.69275 0.037084 0.31497
0.69193 0.037077 0.32151
0.67983 0.037036 0.34106
0.67304 0.037023 0.3555
0.68774 0.037058 0.34882
0.68327 0.03708 0.36346
0.66685 0.037039 0.38023
0.66056 0.037043 0.39443
0.68517 0.037064 0.38265
0.68415 0.037056 0.39299
0.66513 0.037121 0.41096
0.65514 0.037031 0.43058
0.67897 0.037062 0.41072
0.6874 0.036994 0.42666
0.6624 0.0368 0.46725
0.68582 0.036934 0.44737
0.63795 0.037612 0.51027
0.64028 0.037636 0.5138
0.67447 0.03687 0.47941
0.67529 0.036944 0.48855
0.66515 0.036228 0.50119
0.68369 0.036249 0.52055
0.69805 0.03666 0.51323
0.69727 0.0365 0.54244
0.66567 0.03765 0.58289
0.7057 0.036711 0.53611
0.68822 0.036925 0.57893
0.62512 0.037827 0.58211
0.68069 0.03725 0.59014
0.68305 0.03711 0.6055
0.644 0.037176 0.60253
0.66891 0.036932 0.61568
0.68193 0.036874 0.63277
0.66458 0.036876 0.64583
0.66635 0.036849 0.65576
0.67709 0.036876 0.6405
0.6826 0.036957 0.65793
0.65954 0.036932 0.68737
0.67958 0.0369 0.68563
0.67054 0.036986 0.70866
0.66335 0.036989 0.72008
0.67532 0.03697 0.70011
0.67316 0.037055 0.74673
0.66757 0.03709 0.76208
0.68978 0.037084 0.73928
0.69573 0.037136 0.76209
0.67196 0.037125 0.77156
0.67587 0.037164 0.79184
0.69082 0.037153 0.77152
0.6867 0.0372 0.80035
0.67271 0.037201 0.80765
0.68637 0.037215 0.80626
0.68956 0.037254 0.83055
0.68235 0.037282 0.85257
0.69595 0.037283 0.842
0.68984 0.037315 0.87001
0.68302 0.03732 0.87631
0.69352 0.037325 0.87542
0.69458 0.037345 0.90078
0.68262 0.037356 0.91537
0.674 0.037969 0.93768
0.69367 0.038017 0.93758
0.68505 0.038414 0.94757
0.68639 0.033342 0.96411
0.70007 0.033435 0.95958
0.71208 0.03751 0.037396
0.71104 0.037507 0.05471
0.72801 0.037518 0.042482
0.73065 0.037513 0.060682
0.71378 0.037494 0.076196
0.73157 0.037504 0.075514
0.71411 0.037474 0.10128
0.71057 0.037444 0.12668
0.72955 0.037472 0.11238
0.73351 0.037459 0.12757
0.70826 0.037392 0.15836
0.73565 0.037435 0.14698
0.73337 0.037417 0.15951
0.70883 0.037355 0.17688
0.70648 0.037323 0.1943
0.7252 0.037391 0.16876
0.73453 0.037378 0.18736
0.70838 0.037309 0.20183
0.7075 0.03727 0.22103
0.72391 0.037316 0.20997
0.71506 0.037237 0.24778
0.73519 0.037258 0.25462
0.71906 0.037199 0.27101
0.71941 0.037161 0.29032
0.70648 0.037138 0.30637
0.71409 0.037103 0.32697
0.73862 0.037158 0.303
0.72254 0.037109 0.32713
0.71498 0.037088 0.33335
0.71186 0.037047 0.3579
0.72767 0.037111 0.33251
0.73018 0.037094 0.35571
0.71088 0.037014 0.37853
0.69861 0.03702 0.39097
0.72113 0.037049 0.3692
0.71457 0.037023 0.3943
0.70159 0.036978 0.4146
0.72537 0.037049 0.40279
0.71393 0.037032 0.4221
0.70401 0.036994 0.43668
0.69579 0.036864 0.46391
0.72239 0.037008 0.44283
0.71849 0.036952 0.45992
0.69942 0.036899 0.47305
0.69455 0.036953 0.48514
0.71019 0.03691 0.4706
0.71912 0.036933 0.48938
0.72211 0.036961 0.50373
0.73101 0.037049 0.51866
0.71891 0.036838 0.55014
0.73548 0.03697 0.54726
0.73216 0.036972 0.57073
0.7047 0.036962 0.60509
0.73013 0.036983 0.58293
0.72152 0.036987 0.59388
0.70028 0.036913 0.63125
0.71135 0.036956 0.61173
0.72247 0.037 0.6343
0.70111 0.036917 0.64745
0.70674 0.036936 0.65465
0.71522 0.036962 0.64474
0.72003 0.037005 0.66356
0.70578 0.036998 0.68315
0.70123 0.037007 0.69173
0.7174 0.037023 0.67524
0.72234 0.037049 0.6901
0.71041 0.037057 0.71143
0.69869 0.037068 0.72369
0.71678 0.037085 0.72104
0.70513 0.037124 0.74132
0.70555 0.037143 0.75634
0.72737 0.037158 0.74038
0.72439 0.037179 0.75971
0.71155 0.037201 0.77698
0.70288 0.03721 0.79339
0.72393 0.037218 0.77658
0.71376 0.037269 0.81794
0.70469 0.037273 0.82992
0.72633 0.037271 0.80657
0.71745 0.037306 0.84043
0.70575 0.037322 0.86403
0.72395 0.037313 0.84089
0.71331 0.037349 0.88726
0.70736 0.037345 0.89205
0.72337 0.037357 0.87834
0.73578 0.037377 0.90287
0.70673 0.037372 0.91634
0.71808 0.037612 0.92631
0.73415 0.037384 0.91297
0.71404 0.033377 0.96127
0.73566 0.038452 0.94624
0.74224 0.037523 0.043466
0.74495 0.037521 0.057219
0.76499 0.037527 0.058528
0.75973 0.037516 0.076959
0.75744 0.037507 0.090849
0.76823 0.037503 0.10438
0.75803 0.037488 0.11784
0.74606 0.037447 0.14625
0.74214 0.037438 0.15212
0.75949 0.037472 0.13423
0.76748 0.037453 0.15785
0.7434 0.037411 0.17151
0.749 0.037385 0.19505
0.75945 0.037416 0.17842
0.75788 0.037395 0.19339
0.75253 0.037366 0.20688
0.74663 0.037324 0.23173
0.76436 0.037358 0.22614
0.74628 0.037298 0.24536
0.76849 0.037345 0.23715
0.75462 0.037407 0.2717
0.74485 0.03725 0.2843
0.76914 0.037841 0.27747
0.74683 0.037196 0.31972
0.76548 0.037909 0.29538
0.76251 0.037361 0.31435
0.74188 0.037133 0.3331
0.73782 0.037098 0.36108
0.75895 0.037155 0.33931
0.76119 0.03717 0.35178
0.74684 0.037076 0.37636
0.74222 0.037063 0.38518
0.7635 0.037153 0.37171
0.75347 0.037094 0.38703
0.73888 0.037045 0.40091
0.736 0.03701 0.42873
0.75844 0.037088 0.40975
0.7334 0.037009 0.44154
0.73395 0.036987 0.46127
0.75554 0.037063 0.44118
0.75963 0.037066 0.45208
0.7437 0.036989 0.46774
0.73498 0.036957 0.48611
0.7627 0.037042 0.47253
0.76138 0.037025 0.48289
0.76263 0.037017 0.5053
0.75793 0.036998 0.52921
0.74555 0.037039 0.54524
0.74111 0.037006 0.56696
0.76181 0.037006 0.54154
0.76905 0.037028 0.55917
0.74637 0.036991 0.58639
0.75265 0.037007 0.60286
0.75891 0.037028 0.60866
0.73346 0.037021 0.64725
0.73553 0.037047 0.66316
0.75727 0.037061 0.64839
0.74097 0.037079 0.67739
0.73922 0.037106 0.69642
0.76129 0.037134 0.68574
0.74476 0.037149 0.7159
0.74291 0.037182 0.73495
0.74371 0.037208 0.75267
0.74067 0.037209 0.75701
0.76016 0.037247 0.76046
0.74696 0.037263 0.7788
0.74648 0.037288 0.7981
0.75578 0.037262 0.77427
0.75152 0.03732 0.8189
0.75132 0.037338 0.83707
0.75916 0.037321 0.80997
0.76545 0.037345 0.82874
0.74235 0.03736 0.86512
0.76013 0.037363 0.85285
0.74752 0.037374 0.87493
0.74377 0.037384 0.90485
0.76039 0.037386 0.88445
0.75977 0.037389 0.89981
0.75061 0.037393 0.90942
0.76599 0.037409 0.91649
0.75861 0.037977 0.93682
0.74125 0.038418 0.9454
0.7428 0.033435 0.95969
0.76686 0.033362 0.96196
0.77665 0.037534 0.043882
0.78516 0.037536 0.052365
0.79982 0.037538 0.047376
0.80283 0.037534 0.063155
0.78043 0.037527 0.068504
0.7949 0.037521 0.090072
0.78536 0.037506 0.11334
0.78438 0.037494 0.12889
0.7962 0.037512 0.10994
0.79988 0.037504 0.12418
0.78534 0.037481 0.14372
0.78255 0.037467 0.1571
0.7923 0.03749 0.13662
0.79346 0.037467 0.16165
0.78251 0.037442 0.1774
0.80181 0.037465 0.16791
0.79033 0.037427 0.196
0.78154 0.037406 0.20755
0.78365 0.037378 0.22975
0.79716 0.037415 0.21214
0.79239 0.037388 0.22832
0.77507 0.037352 0.23996
0.77527 0.037741 0.26981
0.79127 0.037369 0.23835
0.79022 0.037402 0.25811
0.78998 0.037886 0.27888
0.77463 0.037971 0.30096
0.77753 0.037241 0.32037
0.79553 0.037691 0.29619
0.78747 0.037342 0.31566
0.77672 0.037209 0.34007
0.77497 0.0372 0.3569
0.78637 0.037223 0.33279
0.78584 0.037218 0.35325
0.77757 0.037168 0.3732
0.78146 0.037142 0.39009
0.79517 0.03721 0.37168
0.79581 0.037186 0.3907
0.77966 0.03712 0.40544
0.77587 0.037101 0.42059
0.7876 0.037145 0.40253
0.79264 0.037144 0.42602
0.77556 0.03708 0.4417
0.79106 0.037118 0.44431
0.78873 0.037101 0.44883
0.7714 0.03705 0.46902
0.77821 0.037044 0.48487
0.79166 0.0371 0.46755
0.80072 0.03713 0.49066
0.78494 0.037028 0.51084
0.79432 0.037081 0.50758
0.80229 0.037113 0.53063
0.77442 0.037036 0.56321
0.79674 0.037074 0.53635
0.79865 0.037098 0.56521
0.77983 0.037058 0.58263
0.77653 0.037064 0.59304
0.79532 0.037097 0.58108
0.78292 0.037079 0.60697
0.79157 0.037113 0.60912
0.77075 0.037103 0.64307
0.7704 0.037126 0.66226
0.79644 0.037183 0.64923
0.79064 0.037179 0.66919
0.77219 0.037169 0.68636
0.77468 0.037185 0.69452
0.79691 0.03722 0.68541
0.79659 0.037224 0.69052
0.78027 0.037223 0.71402
0.77071 0.03724 0.73497
0.78844 0.037268 0.73673
0.77836 0.037275 0.7451
0.78267 0.037294 0.76797
0.7998 0.037302 0.74571
0.79908 0.037354 0.79912
0.77415 0.03735 0.82039
0.78088 0.037369 0.83562
0.79106 0.03736 0.81093
0.80183 0.037384 0.83582
0.78013 0.037383 0.85859
0.79176 0.037384 0.84739
0.7822 0.0374 0.88326
0.77586 0.037402 0.90193
0.79988 0.037414 0.89859
0.78141 0.037826 0.93792
0.79613 0.037449 0.91989
0.78618 0.037327 0.95143
0.77619 0.033344 0.96377
0.79616 0.038161 0.94621
0.80151 0.033534 0.95813
0.80736 0.037539 0.046667
0.80802 0.037538 0.053965
0.83369 0.037538 0.04681
0.83618 0.037538 0.051995
0.8074 0.03753 0.07675
0.80895 0.037524 0.09198
0.83286 0.037534 0.072602
0.82564 0.037528 0.089183
0.81415 0.037521 0.10421
0.81275 0.037512 0.12207
0.8245 0.03752 0.10712
0.83154 0.037513 0.12425
0.83155 0.037504 0.13931
0.82359 0.037475 0.17338
0.82335 0.037466 0.18527
0.81357 0.037439 0.20647
0.80621 0.037414 0.22261
0.83456 0.037449 0.21187
0.83063 0.037437 0.22205
0.806 0.037389 0.23853
0.80784 0.037393 0.25888
0.8309 0.037401 0.25713
0.81465 0.037347 0.27975
0.80845 0.037436 0.28772
0.83246 0.037385 0.27623
0.82465 0.03736 0.29077
0.81414 0.037336 0.29901
0.80943 0.037316 0.31494
0.82704 0.037354 0.30053
0.82044 0.037311 0.32443
0.80734 0.03728 0.33969
0.81241 0.037277 0.34963
0.82191 0.037295 0.34245
0.80708 0.037239 0.3745
0.80597 0.037213 0.39352
0.83115 0.037281 0.37508
0.80649 0.037203 0.40623
0.80751 0.037188 0.42507
0.8259 0.03722 0.42009
0.80854 0.037178 0.43946
0.81892 0.037174 0.45166
0.83312 0.037229 0.43652
0.81079 0.037159 0.46987
0.8066 0.037144 0.49091
0.80797 0.037139 0.51105
0.81855 0.037144 0.52071
0.83009 0.037179 0.52089
0.81526 0.037151 0.55756
0.82538 0.037174 0.55336
0.81434 0.037176 0.60159
0.83582 0.037231 0.58093
0.8303 0.037219 0.59878
0.81668 0.037192 0.61762
0.81788 0.037211 0.63301
0.83205 0.037232 0.61217
0.82577 0.037223 0.62966
0.80971 0.037234 0.65133
0.81023 0.037237 0.6581
0.82613 0.037233 0.64099
0.81578 0.037252 0.67381
0.80846 0.037273 0.70309
0.82778 0.037295 0.69193
0.81144 0.037293 0.7147
0.82683 0.037314 0.71379
0.80877 0.037311 0.74112
0.81022 0.03734 0.76678
0.83647 0.037357 0.74569
0.83713 0.037368 0.7608
0.8073 0.037349 0.77997
0.8114 0.037371 0.80158
0.83587 0.037381 0.78396
0.82954 0.037382 0.79848
0.81433 0.037382 0.81118
0.82932 0.0374 0.83226
0.80866 0.037399 0.85244
0.8153 0.037408 0.86544
0.83453 0.037409 0.8484
0.83406 0.037414 0.86776
0.81929 0.037413 0.87798
0.80866 0.037417 0.89723
0.83109 0.037416 0.88684
0.81043 0.03743 0.91265
0.80963 0.037698 0.92812
0.82345 0.037432 0.91377
0.80992 0.038262 0.94335
0.81691 0.03336 0.96219
0.83091 0.037701 0.95139
0.82464 0.033344 0.96399
0.84714 0.037538 0.044542
0.84398 0.037537 0.05453
0.86663 0.037537 0.044676
0.85011 0.037534 0.078373
0.85362 0.03753 0.090375
0.85715 0.037534 0.073588
0.85894 0.037531 0.08864
0.86049 0.037525 0.10693
0.8597 0.037515 0.13015
0.84422 0.037506 0.145
0.85098 0.037503 0.15722
0.86378 0.037511 0.14035
0.85755 0.037506 0.1505
0.84148 0.037482 0.17935
0.84384 0.037475 0.19011
0.86131 0.037488 0.17921
0.86921 0.037481 0.19404
0.8527 0.037467 0.20662
0.8399 0.037441 0.22749
0.86432 0.037471 0.20846
0.85576 0.037452 0.22845
0.84998 0.03744 0.24234
0.85999 0.037442 0.24272
0.86193 0.037436 0.25307
0.85824 0.037424 0.27113
0.86031 0.03741 0.29106
0.84434 0.037375 0.31004
0.83771 0.037351 0.31912
0.86288 0.0374 0.30292
0.85756 0.037382 0.31537
0.84272 0.037334 0.34938
0.85951 0.037363 0.33743
0.8679 0.037357 0.35641
0.84633 0.037314 0.37552
0.85582 0.037321 0.37414
0.86509 0.037327 0.38687
0.8509 0.037288 0.40602
0.85257 0.037276 0.41916
0.85679 0.037299 0.40087
0.86679 0.037299 0.42667
0.84503 0.03726 0.43801
0.8396 0.037238 0.45338
0.86 0.037277 0.4425
0.86528 0.037284 0.45748
0.84316 0.037234 0.47445
0.84832 0.037234 0.48915
0.84795 0.03723 0.51141
0.85485 0.037243 0.53073
0.87101 0.037288 0.52124
0.85099 0.037243 0.54157
0.85196 0.03725 0.55751
0.86924 0.037288 0.54194
0.86651 0.037284 0.55529
0.85318 0.037257 0.57786
0.84488 0.037266 0.59826
0.86753 0.037293 0.57645
0.85948 0.037281 0.59389
0.85327 0.037292 0.62483
0.8639 0.037302 0.60571
0.85816 0.037309 0.63575
0.85244 0.03732 0.66505
0.86835 0.037343 0.64415
0.86224 0.037342 0.66872
0.85103 0.037338 0.68499
0.84186 0.037329 0.69416
0.86434 0.03735 0.67745
0.86714 0.037366 0.70237
0.84352 0.037345 0.71237
0.85069 0.037367 0.73048
0.8587 0.037359 0.70901
0.85976 0.037375 0.73339
0.84827 0.037374 0.74342
0.84564 0.037383 0.76986
0.86174 0.037394 0.76562
0.84216 0.037394 0.80056
0.86562 0.037402 0.77649
0.86992 0.037411 0.79578
0.84571 0.037405 0.82063
0.86853 0.037413 0.81033
0.86539 0.037415 0.828
0.84788 0.037415 0.84863
0.86513 0.037418 0.84442
0.86624 0.037422 0.8622
0.8504 0.037422 0.88114
0.8458 0.03742 0.90232
0.86485 0.037425 0.87529
0.84915 0.037514 0.92452
0.86877 0.037417 0.91081
0.85973 0.037546 0.92742
0.85311 0.037849 0.9408
0.84491 0.03337 0.96149
0.86701 0.037743 0.94016
0.86384 0.033343 0.96403
0.87446 0.037536 0.039008
0.87621 0.037535 0.060533
0.89144 0.037533 0.039792
0.89294 0.037534 0.051548
0.88593 0.037533 0.075679
0.88641 0.03753 0.091122
0.90136 0.037531 0.077632
0.89535 0.037529 0.084983
0.88567 0.037526 0.1076
0.88631 0.037518 0.12609
0.89503 0.037518 0.1172
0.87918 0.037514 0.13634
0.88641 0.037503 0.15645
0.89813 0.037517 0.14591
0.89318 0.037506 0.16014
0.88044 0.037486 0.18897
0.89737 0.037506 0.16769
0.90161 0.037499 0.18731
0.87549 0.037479 0.20188
0.88095 0.037476 0.21739
0.89487 0.037482 0.20852
0.89055 0.037472 0.21967
0.87285 0.037453 0.23504
0.87547 0.037429 0.27176
0.8775 0.037422 0.28673
0.9016 0.037464 0.26624
0.89379 0.037443 0.28888
0.87337 0.037405 0.31133
0.88362 0.03741 0.31946
0.8907 0.037426 0.29987
0.88969 0.037413 0.31635
0.88084 0.03739 0.34165
0.89725 0.037402 0.33618
0.90238 0.037396 0.35005
0.88168 0.037363 0.37712
0.87412 0.037345 0.38488
0.89657 0.037376 0.36937
0.90013 0.037369 0.39044
0.87718 0.037332 0.40512
0.87994 0.037324 0.41789
0.90193 0.037372 0.41139
0.89752 0.037357 0.41714
0.8873 0.03732 0.43986
0.89183 0.03732 0.45015
0.88696 0.037308 0.47965
0.88509 0.037309 0.49479
0.89215 0.037313 0.49295
0.87566 0.037302 0.50487
0.88365 0.03731 0.53018
0.8955 0.03732 0.51292
0.89719 0.037321 0.526
0.87984 0.037314 0.54062
0.89663 0.037316 0.53841
0.90066 0.037328 0.55301
0.88389 0.037328 0.57624
0.88113 0.03734 0.59995
0.89643 0.037345 0.57646
0.89277 0.037349 0.6007
0.88007 0.037343 0.60855
0.88569 0.03736 0.63492
0.89226 0.03735 0.61217
0.89187 0.037357 0.62999
0.8841 0.037375 0.65302
0.8936 0.037367 0.65078
0.8972 0.03738 0.66318
0.87673 0.037371 0.67928
0.9045 0.037412 0.70208
0.87653 0.037385 0.71712
0.88592 0.037399 0.73433
0.90108 0.03741 0.70833
0.89627 0.03741 0.72712
0.87862 0.037402 0.74948
0.87725 0.037408 0.7691
0.89312 0.03741 0.74744
0.90404 0.037414 0.76822
0.87983 0.037415 0.7846
0.88407 0.037419 0.80156
0.89614 0.037417 0.79235
0.87683 0.037419 0.8201
0.88317 0.037422 0.82938
0.8951 0.037424 0.80926
0.88251 0.037423 0.84526
0.88749 0.037425 0.86873
0.90084 0.037421 0.84457
0.89256 0.037421 0.86387
0.88052 0.037424 0.89632
0.89852 0.037424 0.87505
0.90189 0.03742 0.89526
0.88621 0.037415 0.90864
0.88766 0.037559 0.93402
0.9002 0.037417 0.91541
0.90449 0.037723 0.93599
0.87776 0.037742 0.94464
0.90603 0.033361 0.96197
0.91104 0.037546 0.037435
0.91811 0.037554 0.053747
0.92871 0.037817 0.038692
0.92106 0.03757 0.074522
0.90932 0.037526 0.089386
0.93482 0.037876 0.093469
0.91708 0.037513 0.10754
0.91486 0.037517 0.1279
0.92697 0.037678 0.10244
0.92936 0.037727 0.11692
0.91071 0.03752 0.13328
0.9129 0.037526 0.15728
0.92721 0.0377 0.13778
0.91894 0.03753 0.1863
0.93311 0.03782 0.16986
0.9362 0.037921 0.19453
0.91995 0.037537 0.20324
0.91737 0.037488 0.21997
0.93276 0.037866 0.20723
0.92414 0.037619 0.22383
0.91288 0.037463 0.24412
0.93252 0.037749 0.24027
0.92614 0.03761 0.25381
0.91264 0.037492 0.26802
0.93575 0.037845 0.27729
0.93501 0.037819 0.2914
0.91578 0.037431 0.32295
0.92785 0.037661 0.29977
0.92662 0.037588 0.31983
0.90792 0.037415 0.3338
0.91109 0.037398 0.35955
0.93347 0.037701 0.33491
0.92352 0.037514 0.35379
0.91021 0.03739 0.37019
0.91565 0.037393 0.38964
0.93034 0.037706 0.39409
0.93055 0.03772 0.40196
0.93642 0.037888 0.42918
0.91094 0.037363 0.4541
0.9332 0.037796 0.43408
0.91365 0.037359 0.47996
0.91081 0.037352 0.49593
0.93378 0.037801 0.47184
0.93132 0.037742 0.48596
0.91766 0.037404 0.50369
0.91849 0.037423 0.52383
0.9348 0.037881 0.51286
0.9323 0.037795 0.52
0.93036 0.037697 0.53882
0.9316 0.037665 0.55589
0.91828 0.037407 0.59918
0.92931 0.037523 0.5776
0.93256 0.037555 0.59877
0.91397 0.037387 0.60884
0.90916 0.03738 0.62675
0.92585 0.037494 0.61004
0.92773 0.03754 0.62301
0.90818 0.03738 0.64846
0.93724 0.037806 0.65258
0.92857 0.037613 0.66837
0.91932 0.037448 0.69312
0.931 0.037681 0.68666
0.93469 0.037882 0.70184
0.91874 0.037478 0.70983
0.92931 0.037792 0.71421
0.91587 0.037437 0.7454
0.91933 0.037451 0.76448
0.92648 0.037721 0.7416
0.92569 0.037597 0.7694
0.92048 0.037453 0.77684
0.91937 0.037446 0.7937
0.93234 0.037704 0.78079
0.93292 0.037742 0.8011
0.91067 0.037438 0.82134
0.91826 0.037446 0.82801
0.92716 0.037624 0.80865
0.925 0.037567 0.83194
0.91244 0.037419 0.85136
0.91307 0.037422 0.86814
0.93026 0.037698 0.84214
0.92631 0.037601 0.86784
0.91882 0.037432 0.87919
0.92641 0.037605 0.87789
0.93818 0.038016 0.89589
0.91509 0.037433 0.91591
0.91669 0.037807 0.93489
0.92877 0.037719 0.91523
0.93693 0.03837 0.93146
0.91536 0.038077 0.9452
0.92106 0.033397 0.96045
0.92738 0.038401 0.94418
0.93191 0.033373 0.96152
0.94292 0.038279 0.041902
0.94311 0.038264 0.05406
0.95628 0.033892 0.03714
0.95909 0.033463 0.060408
0.94055 0.038083 0.073643
0.96109 0.033379 0.086589
0.95011 0.03831 0.10497
0.96027 0.033397 0.12649
0.94936 0.038226 0.14383
0.94632 0.038146 0.154
0.95953 0.033419 0.13953
0.9538 0.03481 0.15619
0.94069 0.037995 0.16975
0.94924 0.038281 0.1935
0.95678 0.033692 0.19503
0.94402 0.038189 0.20321
0.94384 0.038153 0.22506
0.96373 0.033344 0.21171
0.96184 0.033362 0.2184
0.94395 0.03797 0.2437
0.94912 0.038022 0.24915
0.96166 0.033362 0.23346
0.95415 0.034422 0.26044
0.94625 0.03802 0.26794
0.9433 0.038009 0.28484
0.96041 0.033381 0.27233
0.94461 0.037986 0.2987
0.94409 0.037914 0.32726
0.95618 0.033723 0.29846
0.96465 0.033339 0.32198
0.94794 0.03799 0.33953
0.9458 0.037964 0.3545
0.95949 0.033408 0.35764
0.9434 0.037973 0.36595
0.95009 0.038239 0.39502
0.9645 0.033339 0.37747
0.95407 0.034543 0.39387
0.94884 0.038236 0.40468
0.96395 0.033342 0.40791
0.95793 0.033519 0.42685
0.94527 0.038146 0.44321
0.94867 0.038238 0.45017
0.95546 0.033986 0.43384
0.96072 0.033378 0.45128
0.94379 0.038107 0.47155
0.96405 0.033342 0.47847
0.95698 0.033644 0.49456
0.94947 0.038399 0.5084
0.94612 0.038254 0.5218
0.95509 0.03416 0.51143
0.96076 0.033379 0.52634
0.94102 0.037864 0.55498
0.96466 0.03334 0.53884
0.95944 0.033417 0.5575
0.94539 0.037701 0.59672
0.94269 0.037747 0.61666
0.94321 0.037808 0.62595
0.96034 0.033386 0.63131
0.94692 0.037995 0.6436
0.9619 0.03336 0.64117
0.964 0.033343 0.66372
0.95128 0.037023 0.68239
0.96097 0.033378 0.68018
0.96043 0.033396 0.70182
0.94531 0.038396 0.71949
0.9445 0.038393 0.7302
0.95633 0.033877 0.72129
0.95688 0.033743 0.72632
0.94771 0.038551 0.75951
0.95754 0.033644 0.75135
0.96089 0.033386 0.75952
0.94556 0.038017 0.78358
0.9455 0.038088 0.80436
0.95913 0.033452 0.79177
0.9442 0.038069 0.80951
0.95616 0.033878 0.8177
0.96035 0.033401 0.83649
0.94367 0.038163 0.85238
0.96526 0.033339 0.86296
0.94765 0.038401 0.89267
0.96087 0.033387 0.87629
0.94427 0.03863 0.9288
0.95858 0.033525 0.91438
0.96504 0.033339 0.92674
0.94488 0.039107 0.94214
0.94721 0.033436 0.95989
0.96086 0.033402 0.94675
0.95665 0.033337 0.96346
