2635
1 1 1
0.035051 0.037251 0.045454
0.041351 0.037251 0.055272
0.06364 0.037252 0.035791
0.0595 0.037252 0.05237
0.046667 0.037252 0.070726
0.044038 0.03725 0.096344
0.060886 0.037252 0.083117
0.057266 0.03725 0.10021
0.038814 0.037247 0.11442
0.041646 0.037247 0.12483
0.064734 0.037248 0.11098
0.064311 0.037245 0.14834
0.040829 0.037233 0.19602
0.0598 0.037236 0.18562
0.062802 0.037232 0.20189
0.036333 0.037229 0.20676
0.040846 0.037218 0.23357
0.054527 0.037228 0.21202
0.05786 0.037223 0.2259
0.048794 0.037215 0.24289
0.042983 0.037203 0.26473
0.054303 0.037214 0.24947
0.063797 0.037206 0.26464
0.048347 0.037195 0.27694
0.047493 0.037184 0.29452
0.05749 0.037191 0.28629
0.065656 0.037184 0.29537
0.064701 0.037166 0.31695
0.0602 0.03715 0.33237
0.046642 0.037128 0.35373
0.065986 0.037115 0.36293
0.047914 0.037095 0.38396
0.046963 0.037083 0.39749
0.064441 0.037092 0.38234
0.059757 0.037072 0.40405
0.046597 0.037065 0.41426
0.038465 0.037051 0.43311
0.065549 0.037053 0.41723
0.058355 0.037053 0.42815
0.044526 0.037042 0.45511
0.065228 0.037038 0.45319
0.064377 0.037035 0.4685
0.043858 0.037032 0.48102
0.046269 0.037027 0.49497
0.056746 0.037036 0.48083
0.064069 0.037027 0.49856
0.039723 0.037022 0.51359
0.039365 0.037016 0.53328
0.06018 0.037026 0.5155
0.065739 0.037018 0.53244
0.04856 0.037012 0.54399
0.04563 0.037005 0.56785
0.068303 0.037014 0.54257
0.06665 0.037009 0.56172
0.03808 0.037003 0.57828
0.036611 0.036996 0.59916
0.056438 0.037008 0.57692
0.058788 0.037002 0.59567
0.046297 0.036994 0.60368
0.036929 0.036989 0.62928
0.0561 0.036997 0.60937
0.063389 0.036993 0.62133
0.055046 0.036989 0.64821
0.057314 0.036986 0.65984
0.050156 0.036981 0.67176
0.056168 0.036984 0.66978
0.062616 0.036978 0.687
0.036412 0.036971 0.72896
0.064245 0.036973 0.71155
0.054571 0.036974 0.72149
0.044904 0.036969 0.74571
0.037527 0.036967 0.76174
0.062658 0.036969 0.74211
0.054403 0.036968 0.75974
0.041683 0.036966 0.77279
0.037618 0.036963 0.80064
0.060862 0.036965 0.78164
0.05861 0.036963 0.79199
0.040357 0.036958 0.82925
0.054628 0.036961 0.81642
0.060792 0.036956 0.83507
0.038509 0.036955 0.84744
0.0352 0.036953 0.86756
0.055672 0.036956 0.84143
0.058385 0.036952 0.86553
0.035822 0.036951 0.87789
0.046425 0.036956 0.9005
0.060733 0.036948 0.88599
0.059065 0.036952 0.89676
0.042851 0.037027 0.92107
0.036972 0.033337 0.95891
0.058751 0.038322 0.95035
0.060374 0.033351 0.95736
0.081143 0.037252 0.045908
0.076858 0.037252 0.061055
0.080026 0.03725 0.09111
0.09686 0.037252 0.076077
0.094129 0.037251 0.0911
0.072969 0.037248 0.11005
0.074186 0.037246 0.13403
0.087506 0.037249 0.11265
0.091961 0.037249 0.12684
0.071623 0.037245 0.14541
0.092172 0.037246 0.14168
0.095876 0.037243 0.16414
0.074089 0.037237 0.18276
0.069997 0.037234 0.19824
0.097624 0.03724 0.18268
0.098342 0.037237 0.19858
0.079878 0.037229 0.21382
0.078601 0.037222 0.23133
0.092151 0.03723 0.2192
0.10115 0.037226 0.23556
0.072169 0.037213 0.25312
0.074965 0.03721 0.25977
0.089076 0.037217 0.25386
0.093837 0.037214 0.26241
0.07919 0.037194 0.28344
0.078445 0.037179 0.30133
0.10015 0.037201 0.28375
0.071334 0.037164 0.31836
0.072291 0.037142 0.33796
0.098049 0.037171 0.3172
0.096521 0.037143 0.33906
0.07592 0.037118 0.3576
0.096018 0.037124 0.35397
0.095287 0.037102 0.3694
0.081934 0.037068 0.392
0.099607 0.037075 0.38616
0.10503 0.037058 0.39832
0.076381 0.037041 0.42246
0.08185 0.037031 0.43525
0.10573 0.037037 0.42522
0.097548 0.03704 0.43115
0.077489 0.037029 0.45628
0.095144 0.037032 0.44888
0.097398 0.037032 0.46699
0.08398 0.037023 0.48363
0.0895 0.037019 0.49358
0.10433 0.037029 0.48953
0.10375 0.03703 0.4997
0.078362 0.03702 0.50993
0.099597 0.037026 0.52579
0.089138 0.03701 0.54087
0.082518 0.037003 0.56654
0.09599 0.037009 0.5643
0.084827 0.037001 0.5722
0.078862 0.036995 0.59887
0.099727 0.037014 0.57228
0.1027 0.037007 0.59419
0.084091 0.036987 0.62672
0.10442 0.037 0.61054
0.11042 0.036996 0.6191
0.081788 0.036983 0.63907
0.10504 0.036981 0.66041
0.074834 0.036977 0.67759
0.096464 0.036978 0.66938
0.099177 0.036975 0.6886
0.083338 0.03697 0.70717
0.072859 0.036969 0.72898
0.099747 0.036969 0.71935
0.076432 0.036967 0.742
0.08164 0.036964 0.75474
0.095797 0.036968 0.73722
0.091577 0.036964 0.75943
0.075879 0.036963 0.77159
0.076999 0.03696 0.7991
0.1007 0.036959 0.78324
0.075957 0.036958 0.81744
0.084465 0.036955 0.82551
0.098601 0.036957 0.80716
0.095136 0.036952 0.83514
0.078498 0.036952 0.84618
0.078632 0.036948 0.86746
0.095371 0.036944 0.87207
0.081422 0.036947 0.8903
0.094044 0.036942 0.88109
0.091225 0.03695 0.89907
0.075832 0.036977 0.91857
0.081367 0.03732 0.93943
0.096115 0.036953 0.91226
0.073323 0.037678 0.94551
0.092549 0.035527 0.9521
0.11375 0.037253 0.039373
0.10902 0.037253 0.058829
0.13037 0.037254 0.038162
0.12568 0.037255 0.053382
0.10573 0.037252 0.070453
0.11045 0.037251 0.097855
0.12828 0.037252 0.1003
0.1089 0.03725 0.11471
0.1176 0.037249 0.13416
0.1294 0.037252 0.12325
0.1113 0.037247 0.14717
0.10628 0.037245 0.16253
0.13156 0.037249 0.1628
0.11184 0.037242 0.18029
0.11071 0.03724 0.19571
0.13266 0.037248 0.1744
0.12392 0.037244 0.20228
0.11801 0.037232 0.22631
0.12289 0.037241 0.20983
0.12248 0.037233 0.23725
0.11077 0.037222 0.24868
0.10563 0.037213 0.26701
0.12672 0.037232 0.24812
0.11222 0.037203 0.28531
0.11219 0.03719 0.29845
0.1272 0.037212 0.28932
0.13604 0.037209 0.29636
0.11322 0.037173 0.31668
0.11475 0.037141 0.34009
0.13636 0.037183 0.32308
0.12439 0.037163 0.33172
0.11155 0.03713 0.34813
0.11429 0.037086 0.37382
0.1257 0.037096 0.3692
0.10837 0.037077 0.38073
0.12773 0.03708 0.38682
0.13839 0.037389 0.41093
0.11685 0.037038 0.41335
0.11776 0.037036 0.43861
0.13122 0.037119 0.43825
0.11356 0.037032 0.45033
0.11537 0.037029 0.46167
0.13301 0.037026 0.45701
0.1356 0.037034 0.46943
0.11517 0.037028 0.48125
0.12639 0.037029 0.49723
0.1377 0.037047 0.48369
0.14638 0.037057 0.50027
0.12249 0.037029 0.51179
0.11747 0.037025 0.53122
0.14487 0.037053 0.5318
0.1255 0.037025 0.54253
0.11945 0.037017 0.56158
0.14798 0.037055 0.54708
0.11619 0.037009 0.58221
0.11866 0.037005 0.59405
0.14224 0.037035 0.57592
0.14301 0.037026 0.59863
0.1283 0.037001 0.61364
0.12784 0.036997 0.62284
0.14849 0.037006 0.62669
0.12284 0.036989 0.64091
0.12146 0.036985 0.65335
0.13969 0.037004 0.63506
0.13377 0.036988 0.6609
0.11839 0.036976 0.67796
0.13922 0.036985 0.67631
0.11848 0.036966 0.72307
0.14251 0.036971 0.69959
0.14142 0.036964 0.72766
0.11143 0.036965 0.73471
0.11506 0.036961 0.75189
0.13059 0.03696 0.75983
0.11561 0.036959 0.7724
0.13813 0.036956 0.77559
0.12631 0.036956 0.78944
0.11541 0.03695 0.83237
0.12564 0.036953 0.80471
0.12811 0.036948 0.83661
0.11663 0.036948 0.84357
0.13309 0.036946 0.84712
0.13324 0.036941 0.8628
0.1159 0.036934 0.88501
0.12187 0.036939 0.90386
0.13814 0.036953 0.89454
0.13372 0.036979 0.91044
0.11369 0.03694 0.92091
0.13585 0.037128 0.92567
0.13704 0.037661 0.93888
0.11903 0.037449 0.94684
0.1514 0.035613 0.95383
0.14931 0.033333 0.96533
0.14613 0.037254 0.040189
0.16209 0.037254 0.035387
0.1638 0.037255 0.054593
0.13874 0.037253 0.07884
0.14433 0.037253 0.099156
0.15748 0.037254 0.074371
0.1621 0.037255 0.094082
0.14395 0.037252 0.11081
0.14566 0.037254 0.12278
0.15658 0.037255 0.11578
0.16104 0.037257 0.12172
0.13909 0.037251 0.14384
0.1404 0.03725 0.16676
0.16573 0.037256 0.1603
0.13916 0.037248 0.18649
0.16396 0.037255 0.18101
0.16284 0.037256 0.19321
0.14222 0.037244 0.21502
0.1488 0.037242 0.23592
0.16627 0.037254 0.21675
0.14183 0.037237 0.24889
0.15258 0.037235 0.26492
0.15838 0.037248 0.24197
0.167 0.03725 0.2714
0.14494 0.037223 0.27967
0.14475 0.037207 0.30256
0.1642 0.037247 0.27956
0.16099 0.037232 0.29922
0.15315 0.037202 0.31746
0.14083 0.037176 0.32851
0.16693 0.037233 0.31155
0.15935 0.037186 0.33631
0.1446 0.037121 0.35894
0.15428 0.037111 0.36746
0.16467 0.037188 0.34852
0.15162 0.037218 0.39512
0.146 0.037365 0.40366
0.16309 0.037394 0.40363
0.14612 0.037304 0.43289
0.15698 0.037515 0.43262
0.15885 0.037041 0.45342
0.15343 0.037038 0.46833
0.17136 0.037068 0.45362
0.17228 0.037067 0.4665
0.15606 0.037061 0.48322
0.15557 0.037057 0.49862
0.17808 0.037129 0.48702
0.17036 0.037058 0.51991
0.17011 0.037056 0.53157
0.19234 0.037142 0.51554
0.16213 0.037054 0.54918
0.16935 0.037046 0.56734
0.1814 0.037071 0.55266
0.19428 0.037113 0.55583
0.16894 0.037038 0.58216
0.16198 0.037026 0.59399
0.1881 0.037085 0.58109
0.18606 0.03707 0.59262
0.16048 0.037012 0.60943
0.16281 0.037002 0.62497
0.18832 0.037057 0.61259
0.18145 0.037029 0.62183
0.16407 0.036986 0.65345
0.19045 0.03702 0.63843
0.17607 0.036997 0.6539
0.15918 0.03698 0.66601
0.1637 0.036972 0.68589
0.1712 0.036983 0.6688
0.17065 0.036975 0.69274
0.14909 0.03697 0.69823
0.15891 0.03696 0.726
0.1749 0.036976 0.69877
0.16665 0.036963 0.72518
0.15712 0.036956 0.74249
0.14859 0.036954 0.76145
0.17213 0.036962 0.73151
0.17416 0.036953 0.74892
0.14963 0.036949 0.79086
0.16539 0.036953 0.77163
0.16508 0.036947 0.79619
0.1545 0.036947 0.80605
0.15046 0.036944 0.83
0.17328 0.036943 0.81332
0.16408 0.036942 0.82968
0.14755 0.036943 0.8524
0.154 0.036933 0.87021
0.16715 0.036942 0.8497
0.16667 0.036929 0.86754
0.14506 0.036937 0.8879
0.16466 0.036979 0.89033
0.16891 0.037215 0.90726
0.14981 0.037187 0.92442
0.15949 0.038652 0.94125
0.17584 0.03752 0.91468
0.17339 0.03833 0.9283
0.15798 0.033382 0.95757
0.1764 0.039697 0.94042
0.17666 0.033333 0.96151
0.17621 0.037255 0.045557
0.18343 0.037256 0.062926
0.19291 0.037258 0.046319
0.19194 0.037258 0.056507
0.17619 0.037255 0.079063
0.18017 0.037256 0.095833
0.19572 0.037257 0.080843
0.19554 0.037258 0.097144
0.17552 0.037256 0.11063
0.18001 0.037258 0.135
0.19022 0.037258 0.11233
0.19744 0.037261 0.12378
0.17868 0.037257 0.14757
0.18592 0.037262 0.16174
0.19412 0.037264 0.15267
0.19872 0.037268 0.15829
0.18645 0.037263 0.20331
0.19809 0.037269 0.18122
0.19369 0.037272 0.19861
0.18349 0.037263 0.23816
0.19537 0.037275 0.21204
0.19517 0.037282 0.23136
0.18173 0.03726 0.25085
0.18435 0.037262 0.26942
0.19698 0.037282 0.26089
0.19857 0.037286 0.28232
0.19326 0.03728 0.30098
0.17541 0.037242 0.31106
0.1817 0.037234 0.3303
0.19507 0.037293 0.32388
0.19622 0.037291 0.34345
0.17476 0.037187 0.36201
0.17752 0.03717 0.37102
0.18999 0.037244 0.35793
0.19338 0.037231 0.37045
0.18005 0.037159 0.39977
0.18877 0.037208 0.40317
0.17455 0.037905 0.41702
0.17171 0.038018 0.42867
0.18008 0.0379 0.42255
0.18876 0.037574 0.43317
0.18137 0.037303 0.44405
0.19105 0.037094 0.46791
0.19411 0.037257 0.4481
0.20215 0.037146 0.47834
0.20076 0.037165 0.50557
0.21261 0.037183 0.49973
0.22184 0.037216 0.50964
0.20517 0.037165 0.51838
0.20814 0.037141 0.53792
0.24083 0.037368 0.53045
0.23716 0.037224 0.54341
0.20825 0.037131 0.54878
0.22225 0.037129 0.56137
0.21007 0.037099 0.57586
0.19727 0.037082 0.58941
0.22297 0.037169 0.58071
0.21644 0.037096 0.59354
0.20897 0.03706 0.60462
0.20031 0.037042 0.62279
0.219 0.037096 0.60223
0.22023 0.037058 0.61713
0.19893 0.037017 0.6393
0.20063 0.037008 0.64786
0.2322 0.037042 0.63637
0.23068 0.037034 0.64755
0.19692 0.036994 0.66439
0.19257 0.03698 0.68037
0.21359 0.037001 0.65993
0.21225 0.036987 0.67936
0.19529 0.03696 0.70738
0.18987 0.036957 0.72023
0.20922 0.036976 0.69278
0.20486 0.03696 0.72373
0.1943 0.036952 0.74039
0.18591 0.036949 0.74945
0.20401 0.036957 0.73873
0.18144 0.036943 0.788
0.20552 0.036943 0.76388
0.20208 0.036938 0.79347
0.18583 0.03694 0.80407
0.19902 0.036938 0.81191
0.19962 0.036935 0.82858
0.18789 0.036939 0.84093
0.17773 0.036933 0.86019
0.19696 0.036943 0.84825
0.19505 0.036936 0.85631
0.17565 0.036922 0.88175
0.18156 0.037366 0.89795
0.20368 0.036922 0.87507
0.20285 0.037391 0.89824
0.18516 0.038477 0.92055
0.1945 0.038591 0.92078
0.18489 0.034436 0.94724
0.19248 0.039066 0.92862
0.18889 0.033377 0.95304
0.20788 0.037257 0.04504
0.21636 0.037257 0.060268
0.23006 0.037257 0.035097
0.22813 0.037258 0.057971
0.21507 0.037257 0.07108
0.21185 0.037259 0.092213
0.23278 0.037259 0.073549
0.22943 0.037263 0.09747
0.21775 0.03726 0.10518
0.21195 0.037265 0.13289
0.23481 0.037264 0.10596
0.22664 0.037269 0.1272
0.21113 0.037266 0.14903
0.20745 0.037272 0.18239
0.21826 0.037286 0.19985
0.23441 0.037281 0.18189
0.23706 0.037292 0.19374
0.21364 0.037284 0.21093
0.23149 0.037295 0.21134
0.22256 0.037301 0.25042
0.23673 0.037322 0.24644
0.23454 0.037352 0.27091
0.21549 0.037306 0.28405
0.20891 0.037308 0.29212
0.23431 0.037358 0.28518
0.22295 0.037438 0.30367
0.21265 0.037445 0.3226
0.20971 0.037369 0.3447
0.21895 0.03774 0.33588
0.2036 0.037322 0.35111
0.20968 0.037263 0.38053
0.21732 0.037569 0.35128
0.22689 0.037417 0.37091
0.21378 0.037247 0.39159
0.20656 0.037232 0.41112
0.22492 0.037293 0.388
0.21432 0.037212 0.41707
0.19784 0.037432 0.42778
0.21046 0.037171 0.42841
0.21163 0.037219 0.45099
0.21644 0.037222 0.47844
0.22833 0.037311 0.45779
0.23738 0.037326 0.48076
0.22919 0.037259 0.49548
0.25068 0.037601 0.5215
0.24361 0.03732 0.5082
0.25968 0.037843 0.52649
0.25967 0.038043 0.539
0.26454 0.037886 0.54829
0.26783 0.037511 0.55798
0.26554 0.037347 0.56636
0.28504 0.037427 0.56717
0.24254 0.037357 0.58082
0.23454 0.03742 0.58889
0.27687 0.037607 0.58111
0.27034 0.037743 0.5843
0.23844 0.037549 0.59514
0.24117 0.037307 0.61284
0.2623 0.037754 0.59938
0.23921 0.037054 0.63149
0.24858 0.037037 0.63348
0.26065 0.037401 0.60859
0.24454 0.037032 0.65412
0.23046 0.036984 0.68003
0.25583 0.037054 0.65194
0.24694 0.036991 0.67804
0.22585 0.036977 0.69503
0.2218 0.03696 0.71591
0.24404 0.036985 0.69413
0.24415 0.036968 0.70618
0.2209 0.036941 0.75059
0.24025 0.036949 0.7353
0.21729 0.036936 0.77468
0.22339 0.036931 0.78706
0.23765 0.03694 0.76237
0.21409 0.036929 0.8316
0.23917 0.036922 0.81129
0.2346 0.036922 0.82846
0.21347 0.036932 0.84787
0.21657 0.036925 0.86303
0.23249 0.036923 0.83615
0.23203 0.036919 0.86114
0.21528 0.036928 0.88223
0.2149 0.037187 0.90379
0.22731 0.036923 0.88357
0.22873 0.036932 0.90698
0.20816 0.038357 0.93646
0.22326 0.03718 0.92921
0.19351 0.0402 0.94556
0.19728 0.033333 0.96336
0.20849 0.038742 0.95114
0.20728 0.033334 0.9605
0.24078 0.037258 0.035113
0.24452 0.03726 0.063466
0.25825 0.03726 0.043142
0.26658 0.037261 0.057831
0.24631 0.03726 0.07006
0.24265 0.037263 0.087881
0.2627 0.037262 0.078744
0.26615 0.037266 0.088864
0.2528 0.037273 0.12434
0.26267 0.037268 0.10569
0.25834 0.037277 0.13158
0.24261 0.037277 0.15095
0.26194 0.037283 0.14549
0.26795 0.037297 0.16327
0.24355 0.037286 0.18454
0.25379 0.037308 0.20089
0.261 0.037301 0.18495
0.26694 0.037319 0.19522
0.24759 0.037307 0.2218
0.24361 0.037323 0.24083
0.26363 0.037333 0.21627
0.24419 0.037338 0.25649
0.24925 0.037349 0.26317
0.24276 0.037344 0.29925
0.23401 0.038037 0.3256
0.25343 0.038036 0.30777
0.24505 0.038153 0.33006
0.2428 0.038082 0.34268
0.23504 0.037445 0.37282
0.24653 0.037701 0.35776
0.25923 0.037487 0.37338
0.24146 0.037373 0.38483
0.25374 0.037377 0.38799
0.24871 0.037382 0.40446
0.23245 0.037359 0.42726
0.24249 0.037475 0.44227
0.25068 0.037437 0.41819
0.24247 0.037444 0.46038
0.25153 0.037417 0.48502
0.25935 0.037478 0.46884
0.26856 0.037548 0.49184
0.26135 0.037452 0.51254
0.27347 0.037511 0.51072
0.29035 0.037659 0.52976
0.28622 0.038049 0.54223
0.32686 0.037593 0.55391
0.3227 0.037645 0.55885
0.30552 0.03774 0.56844
0.29938 0.037936 0.58192
0.3057 0.037863 0.5828
0.28707 0.037834 0.59108
0.2752 0.037443 0.60356
0.29462 0.037573 0.59177
0.2962 0.037233 0.60064
0.27027 0.03711 0.61876
0.27877 0.037069 0.62918
0.29079 0.037102 0.61959
0.29081 0.037093 0.63371
0.27522 0.037041 0.65526
0.29219 0.037062 0.65913
0.26627 0.036973 0.69801
0.27954 0.037021 0.68363
0.27822 0.036976 0.70698
0.26145 0.036956 0.7247
0.25576 0.036938 0.74502
0.276 0.036959 0.72845
0.28269 0.036938 0.7464
0.24997 0.036935 0.76811
0.25708 0.036922 0.7815
0.27654 0.036937 0.75788
0.25543 0.036921 0.79945
0.27371 0.036917 0.79913
0.26467 0.036909 0.82253
0.25272 0.036911 0.8422
0.24645 0.036913 0.86113
0.24306 0.036916 0.88346
0.24046 0.036914 0.89523
0.26487 0.03691 0.87888
0.2465 0.036956 0.9236
0.23069 0.03778 0.94244
0.25444 0.036905 0.91155
0.25968 0.037499 0.94072
0.23353 0.033333 0.96321
0.25292 0.037561 0.94539
0.28296 0.037262 0.058243
0.3034 0.037263 0.063453
0.28508 0.037262 0.083254
0.27847 0.037269 0.099158
0.30212 0.037264 0.077818
0.27973 0.037273 0.11508
0.29928 0.037274 0.11015
0.29465 0.037286 0.13029
0.28065 0.037285 0.14392
0.27815 0.037303 0.16611
0.30234 0.037292 0.14619
0.30388 0.037319 0.16756
0.2748 0.037306 0.17972
0.28016 0.037323 0.1937
0.29567 0.037351 0.20469
0.28415 0.037374 0.22918
0.2981 0.037357 0.21013
0.29586 0.037415 0.23779
0.26837 0.03776 0.28257
0.29454 0.037435 0.25485
0.28395 0.037771 0.27805
0.27447 0.038159 0.28927
0.25314 0.038095 0.32479
0.25476 0.037902 0.33208
0.2761 0.037769 0.32033
0.25813 0.037636 0.34868
0.27109 0.037544 0.37077
0.27255 0.037539 0.3491
0.27991 0.037574 0.36333
0.27088 0.037554 0.37729
0.27169 0.03746 0.39829
0.28809 0.037623 0.3865
0.2637 0.037385 0.42327
0.25971 0.037417 0.4454
0.27575 0.037373 0.42605
0.26883 0.037396 0.45371
0.28049 0.037627 0.49894
0.27417 0.037482 0.46756
0.30105 0.037474 0.50106
0.28779 0.037525 0.51647
0.30944 0.037554 0.53615
0.32828 0.037564 0.53627
0.33803 0.037453 0.55119
0.43875 0.037607 0.55257
0.42843 0.0373 0.56523
0.35471 0.038007 0.56936
0.41219 0.03728 0.57167
0.42212 0.037392 0.57808
0.35776 0.03791 0.57144
0.32939 0.03743 0.57967
0.38696 0.037391 0.57718
0.38092 0.03714 0.58009
0.33756 0.037181 0.58424
0.32197 0.037108 0.59794
0.35331 0.037368 0.59097
0.3153 0.037079 0.61481
0.30954 0.03709 0.63051
0.33211 0.037371 0.61136
0.32856 0.037351 0.63038
0.30694 0.037096 0.63969
0.30793 0.037156 0.6609
0.32972 0.037595 0.64372
0.31637 0.037422 0.66626
0.2978 0.037011 0.68701
0.30033 0.036988 0.69663
0.31709 0.037001 0.69741
0.30057 0.036942 0.72839
0.2945 0.036933 0.74847
0.31626 0.036988 0.71717
0.2872 0.036936 0.75835
0.2929 0.036913 0.77826
0.31302 0.036934 0.75991
0.30629 0.036915 0.78115
0.30566 0.036909 0.80118
0.29646 0.036901 0.82027
0.28696 0.036897 0.84166
0.30613 0.036895 0.83659
0.2964 0.036891 0.85502
0.27735 0.036898 0.88223
0.28577 0.036894 0.89531
0.29926 0.036889 0.87881
0.29031 0.036892 0.89589
0.29991 0.036891 0.91278
0.29532 0.037425 0.93193
0.2771 0.037945 0.95091
0.27948 0.03334 0.95783
0.29707 0.037744 0.94079
0.28466 0.033333 0.96149
0.30931 0.037261 0.0465
0.31287 0.037264 0.060901
0.33546 0.03726 0.045407
0.33678 0.037264 0.060967
0.31169 0.037265 0.083909
0.31583 0.037271 0.092097
0.33188 0.037265 0.073947
0.32846 0.037275 0.099526
0.3144 0.037277 0.11449
0.3124 0.037291 0.13343
0.33705 0.03728 0.10978
0.32775 0.037296 0.13123
0.31112 0.037298 0.15258
0.31421 0.037324 0.16461
0.33122 0.037304 0.15129
0.33196 0.037325 0.16109
0.31227 0.037336 0.18671
0.31481 0.037369 0.20236
0.33225 0.037343 0.18026
0.31531 0.037445 0.23416
0.33571 0.037422 0.21739
0.3342 0.037445 0.22588
0.30339 0.037456 0.25741
0.30579 0.03753 0.26757
0.31676 0.037543 0.26904
0.29491 0.03776 0.2803
0.27922 0.03823 0.29834
0.31127 0.037575 0.27552
0.31415 0.03765 0.28561
0.2807 0.037933 0.30728
0.28103 0.037826 0.31449
0.30295 0.037725 0.30269
0.30189 0.037784 0.30933
0.28917 0.03784 0.32532
0.29013 0.037707 0.36379
0.29785 0.037929 0.33221
0.30357 0.037745 0.35617
0.29629 0.037763 0.37123
0.29563 0.037761 0.40198
0.30875 0.03764 0.3816
0.31744 0.037562 0.39544
0.28603 0.037562 0.42337
0.28434 0.037788 0.44052
0.30185 0.038229 0.41913
0.28585 0.038152 0.45209
0.29696 0.037656 0.48633
0.31449 0.037569 0.51172
0.31687 0.037745 0.50125
0.35347 0.037725 0.52619
0.34541 0.037189 0.5377
0.36059 0.037231 0.53457
0.36805 0.037117 0.54575
0.39051 0.037098 0.55524
0.43598 0.037147 0.5417
0.40666 0.036907 0.55166
0.44044 0.036472 0.56214
0.40143 0.03773 0.614
0.40598 0.03709 0.59641
0.43701 0.04296 0.35045
0.37839 0.037229 0.59165
0.35751 0.037765 0.59587
0.36984 0.037685 0.60287
0.34941 0.03794 0.6179
0.34638 0.037606 0.63932
0.3413 0.037633 0.66507
0.34376 0.037138 0.68243
0.34062 0.037005 0.69716
0.32826 0.036998 0.71128
0.33289 0.036954 0.73391
0.34475 0.036992 0.71678
0.34185 0.036954 0.73859
0.33054 0.036929 0.75761
0.32083 0.03691 0.77453
0.33717 0.036918 0.76195
0.33504 0.036906 0.78139
0.31741 0.036912 0.79041
0.33338 0.036887 0.81395
0.31544 0.036891 0.83249
0.32025 0.036881 0.85268
0.31036 0.036882 0.88064
0.31758 0.036876 0.88907
0.33167 0.03688 0.86646
0.3276 0.036871 0.89581
0.3076 0.036891 0.91568
0.31612 0.03708 0.93248
0.33663 0.036865 0.90586
0.32549 0.03695 0.92496
0.3046 0.037732 0.94829
0.32661 0.037174 0.94469
0.34668 0.03726 0.041485
0.3459 0.037264 0.058199
0.36994 0.037262 0.041731
0.35956 0.037265 0.053561
0.34674 0.037266 0.077805
0.34663 0.037274 0.09145
0.36199 0.037271 0.089886
0.34948 0.037282 0.1116
0.34469 0.0373 0.13
0.36524 0.037301 0.12952
0.34798 0.037307 0.14749
0.35213 0.037332 0.16031
0.36497 0.037312 0.14948
0.37185 0.03733 0.15812
0.35232 0.037352 0.17852
0.352 0.037368 0.18972
0.35977 0.037354 0.17402
0.36461 0.037381 0.18923
0.34382 0.037417 0.20995
0.34168 0.03748 0.23047
0.36019 0.037438 0.20843
0.34853 0.037531 0.24321
0.34187 0.03765 0.26724
0.35841 0.037556 0.24511
0.36417 0.037697 0.26002
0.34628 0.037774 0.28191
0.34151 0.037758 0.28985
0.3634 0.037905 0.27694
0.35578 0.037813 0.28515
0.32835 0.037857 0.29776
0.32096 0.037707 0.31273
0.3573 0.037899 0.29555
0.33995 0.03749 0.30875
0.3243 0.037451 0.31608
0.30518 0.037641 0.34542
0.32693 0.036993 0.32126
0.33024 0.035438 0.34353
0.33324 0.037274 0.39927
0.31185 0.038905 0.41996
0.2897 0.038753 0.45446
0.32275 0.038747 0.42036
0.33663 0.038431 0.5131
0.32384 0.03925 0.50042
0.37489 0.037134 0.52353
0.39585 0.036521 0.54317
0.34118 0.036543 0.49982
0.4089 0.036618 0.54414
0.40539 0.036512 0.53912
0.43552 0.03729 0.59842
0.40147 0.034995 0.46834
0.42121 0.039064 0.61927
0.4115 0.047426 0.35457
0.37373 0.043247 0.35762
0.43677 0.040712 0.35291
0.38251 0.034634 0.40457
0.36744 0.037631 0.60662
0.39938 0.034556 0.39379
0.39063 0.037061 0.62282
0.36069 0.037541 0.62316
0.35216 0.03752 0.63875
0.37799 0.037223 0.62632
0.3709 0.037298 0.63856
0.34872 0.037518 0.6617
0.37518 0.037246 0.64967
0.38054 0.037227 0.66866
0.34762 0.037233 0.67527
0.35901 0.037025 0.68843
0.37747 0.037129 0.67817
0.36928 0.037042 0.69909
0.3593 0.037027 0.70703
0.35995 0.036966 0.739
0.37242 0.037013 0.71213
0.37445 0.03698 0.73125
0.37145 0.036946 0.75209
0.37016 0.036911 0.77904
0.36011 0.0369 0.79566
0.34845 0.036888 0.80578
0.36836 0.036885 0.80814
0.3571 0.036879 0.83049
0.35367 0.036868 0.85109
0.37452 0.03688 0.82179
0.37189 0.036862 0.85057
0.34653 0.036878 0.87347
0.34895 0.036864 0.88965
0.36243 0.03686 0.88267
0.35298 0.036857 0.90958
0.34531 0.037106 0.92963
0.36075 0.036866 0.91292
0.3603 0.037116 0.92623
0.35133 0.037385 0.94072
0.3422 0.033334 0.95909
0.36686 0.037483 0.9404
0.35774 0.033333 0.96294
0.3765 0.037262 0.035344
0.38577 0.037266 0.059091
0.39416 0.037261 0.041918
0.39516 0.03727 0.075686
0.40266 0.03728 0.10186
0.38007 0.037278 0.11255
0.39258 0.037303 0.12581
0.40609 0.037277 0.11814
0.40092 0.037298 0.12598
0.38079 0.037316 0.15208
0.38142 0.037356 0.1655
0.4073 0.037317 0.14644
0.38755 0.03737 0.17567
0.38171 0.037392 0.18822
0.4022 0.037459 0.20029
0.38233 0.037473 0.2073
0.38485 0.037521 0.22382
0.39747 0.037496 0.21342
0.39681 0.03753 0.22311
0.37797 0.037627 0.24746
0.37492 0.037726 0.25847
0.40356 0.037666 0.24145
0.40073 0.037829 0.2611
0.37505 0.037934 0.27189
0.3851 0.038046 0.28619
0.40563 0.038093 0.27333
0.401 0.038181 0.28412
0.38562 0.038656 0.30106
0.40868 0.038774 0.29328
0.39904 0.039141 0.30091
0.36719 0.037483 0.3101
0.40179 0.036859 0.3241
0.34322 0.034977 0.34161
0.43691 0.03915 0.33965
0.33088 0.039274 0.42211
0.33942 0.036644 0.38028
0.31588 0.040757 0.44746
0.32935 0.041274 0.49643
0.32817 0.042883 0.45039
0.29947 0.041436 0.4675
0.34299 0.040827 0.40784
0.35682 0.035829 0.36983
0.33565 0.035881 0.44234
0.39877 0.036848 0.51951
0.42073 0.039062 0.61741
0.39175 0.036964 0.51207
0.43231 0.038992 0.61154
0.3473 0.047459 0.37429
0.34571 0.044196 0.34059
0.42555 0.052192 0.37188
0.43147 0.037511 0.36003
0.44691 0.051024 0.36211
0.44399 0.036603 0.6072
0.40202 0.037183 0.62927
0.39449 0.03728 0.62913
0.42446 0.037476 0.63689
0.45142 0.037901 0.63341
0.39268 0.037446 0.63557
0.39255 0.037392 0.64628
0.35993 0.036461 0.47305
0.4533 0.037412 0.58819
0.39182 0.037365 0.65366
0.44351 0.037801 0.64792
0.42189 0.037344 0.66208
0.40271 0.037154 0.69407
0.42435 0.037299 0.67342
0.41215 0.037204 0.6944
0.39662 0.036998 0.71666
0.38727 0.036987 0.72397
0.40505 0.03703 0.71272
0.39616 0.036952 0.75086
0.39204 0.036915 0.77377
0.40287 0.036977 0.74407
0.39062 0.036904 0.7861
0.38268 0.036877 0.81318
0.38508 0.036878 0.82246
0.38247 0.036857 0.84375
0.39904 0.036878 0.82195
0.39864 0.036849 0.85238
0.38362 0.036863 0.86747
0.37828 0.036853 0.89114
0.39977 0.036842 0.8945
0.38161 0.036855 0.90837
0.38779 0.037272 0.93052
0.39502 0.036849 0.90719
0.40123 0.03721 0.93265
0.3845 0.037642 0.94333
0.37823 0.033367 0.95495
0.39729 0.037521 0.94368
0.403 0.033352 0.95541
0.41792 0.037264 0.037043
0.42322 0.037264 0.042335
0.42269 0.037274 0.067854
0.4085 0.03728 0.08795
0.42635 0.037274 0.078155
0.43999 0.037474 0.10059
0.42805 0.037256 0.11557
0.41941 0.037278 0.12842
0.43468 0.037414 0.11109
0.44066 0.037512 0.12363
0.42852 0.037324 0.14846
0.41807 0.03737 0.16582
0.44326 0.037366 0.148
0.41943 0.037376 0.1751
0.41671 0.037456 0.19803
0.42889 0.037381 0.1806
0.43062 0.037407 0.18841
0.42094 0.037642 0.23485
0.43263 0.037511 0.21483
0.43747 0.037525 0.22279
0.40727 0.037693 0.2467
0.42367 0.037906 0.26352
0.43774 0.037674 0.24286
0.42694 0.038216 0.27607
0.42473 0.038383 0.28088
0.44413 0.038299 0.30085
0.4193 0.039594 0.3006
0.40861 0.039389 0.30548
0.43375 0.038554 0.302
0.41433 0.039625 0.31048
0.409 0.039014 0.31362
0.4156 0.039466 0.32302
0.51604 0.038744 0.38308
0.49361 0.037322 0.34955
0.55073 0.045167 0.39504
0.59923 0.036199 0.34881
0.38715 0.035411 0.33909
0.31764 0.041883 0.4519
0.54899 0.04175 0.40379
0.42993 0.037886 0.34302
0.29986 0.042669 0.45386
0.32225 0.044298 0.47501
0.33411 0.039875 0.42144
0.53212 0.057975 0.39305
0.34053 0.03573 0.43082
0.36621 0.036714 0.3572
0.33618 0.035162 0.4617
0.37703 0.036686 0.50425
0.44446 0.038088 0.562
0.40212 0.036006 0.51361
0.41675 0.037305 0.50621
0.41676 0.050419 0.3727
0.45212 0.042875 0.3566
0.44724 0.036588 0.59571
0.5919 0.039563 0.32195
0.41862 0.035069 0.45441
0.47563 0.039887 0.36655
0.58137 0.042223 0.3193
0.39611 0.037036 0.40569
0.45457 0.037882 0.61304
0.35774 0.037139 0.46871
0.47887 0.037807 0.61618
0.45509 0.037754 0.64861
0.45037 0.03765 0.65666
0.48347 0.037821 0.63326
0.47636 0.037698 0.65181
0.44147 0.03741 0.67405
0.43079 0.037319 0.68732
0.4526 0.037379 0.68111
0.42416 0.037051 0.72244
0.4452 0.037141 0.70469
0.4365 0.037073 0.72438
0.42479 0.03698 0.74577
0.41483 0.036924 0.77018
0.4414 0.036981 0.74529
0.44205 0.036941 0.76403
0.42514 0.036897 0.79183
0.44171 0.036914 0.78037
0.42897 0.036888 0.80214
0.41512 0.036875 0.82168
0.43234 0.036831 0.84841
0.42053 0.036847 0.87192
0.41579 0.036826 0.89311
0.43544 0.036835 0.8721
0.43005 0.036824 0.88274
0.41751 0.036811 0.90494
0.41509 0.037035 0.93119
0.43593 0.036907 0.92833
0.40865 0.037344 0.94585
0.42628 0.037012 0.93881
0.43649 0.033333 0.96134
0.44033 0.037276 0.042398
0.4443 0.037278 0.064506
0.4588 0.03728 0.046309
0.43733 0.037272 0.075814
0.44642 0.037523 0.09801
0.46462 0.037269 0.084192
0.46972 0.037756 0.10149
0.45825 0.038123 0.1134
0.47633 0.03791 0.10774
0.46283 0.037942 0.12215
0.45147 0.037369 0.14504
0.46832 0.037946 0.12547
0.46544 0.037349 0.15187
0.4521 0.037345 0.1653
0.44755 0.037448 0.19459
0.45996 0.037363 0.17837
0.46017 0.03747 0.19979
0.45117 0.037522 0.21238
0.44686 0.037538 0.22542
0.45807 0.037592 0.23453
0.44534 0.037726 0.24873
0.44543 0.037932 0.26394
0.45645 0.037713 0.2489
0.44936 0.038173 0.2768
0.45221 0.038181 0.2959
0.46785 0.038164 0.28748
0.47616 0.038138 0.29579
0.44168 0.038034 0.30524
0.44661 0.036913 0.31335
0.44345 0.035987 0.32099
0.56151 0.037848 0.40072
0.59861 0.042263 0.33869
0.42561 0.037814 0.31456
0.43521 0.037195 0.33404
0.5581 0.05984 0.41095
0.61418 0.037372 0.34878
0.50132 0.036187 0.3613
0.56701 0.064351 0.41114
0.4495 0.048651 0.38266
0.38253 0.03472 0.34314
0.30251 0.041482 0.46416
0.5943 0.036847 0.37343
0.55138 0.034909 0.40687
0.33087 0.042242 0.43945
0.35015 0.034412 0.39625
0.36448 0.033657 0.38053
0.40965 0.035485 0.50434
0.34443 0.04049 0.48954
0.40747 0.034971 0.49862
0.46932 0.040239 0.36034
0.37108 0.034631 0.48335
0.34709 0.037159 0.45767
0.43087 0.035151 0.52168
0.59439 0.037552 0.32338
0.63102 0.037919 0.41813
0.62373 0.035555 0.40895
0.44548 0.036772 0.36841
0.35387 0.037502 0.44846
0.39892 0.035718 0.44671
0.36612 0.035697 0.44447
0.47437 0.037961 0.61113
0.48152 0.037966 0.60584
0.42927 0.036001 0.46274
0.43274 0.038235 0.51124
0.4921 0.037915 0.61938
0.49583 0.037758 0.62348
0.48968 0.037846 0.59447
0.48331 0.037602 0.65612
0.47405 0.037366 0.67672
0.49823 0.037659 0.63616
0.48441 0.037368 0.67432
0.46991 0.03724 0.69044
0.45311 0.037098 0.72137
0.47807 0.037205 0.69407
0.47054 0.037111 0.7173
0.45381 0.037009 0.73993
0.45192 0.036942 0.7666
0.46576 0.036982 0.74228
0.47299 0.03694 0.76663
0.45181 0.036883 0.79621
0.4624 0.036882 0.78786
0.46175 0.036876 0.79963
0.45233 0.036869 0.81688
0.44522 0.036826 0.84753
0.46938 0.036861 0.81738
0.44737 0.036837 0.86006
0.44811 0.036808 0.88472
0.46008 0.036814 0.87275
0.46832 0.036808 0.89007
0.45601 0.036808 0.91243
0.45703 0.036881 0.92658
0.46991 0.036854 0.91489
0.46739 0.03713 0.93322
0.45551 0.036961 0.94777
0.47774 0.037934 0.94672
0.47309 0.033333 0.96361
0.53221 0.042569 0.40146
0.41856 0.038967 0.34826
0.41318 0.036341 0.3644
0.47572 0.040094 0.3526
0.48234 0.037271 0.047372
0.47847 0.037275 0.067654
0.49648 0.037266 0.039511
0.48869 0.037275 0.065385
0.47106 0.037271 0.084385
0.48082 0.037448 0.096819
0.4928 0.037274 0.076432
0.49723 0.037318 0.097204
0.49319 0.037545 0.11707
0.48697 0.037802 0.12151
0.49628 0.037377 0.11107
0.50004 0.037373 0.13595
0.47945 0.037624 0.13609
0.49083 0.03735 0.16133
0.46711 0.03737 0.17584
0.47597 0.037429 0.19351
0.48408 0.037394 0.17728
0.47993 0.037522 0.21147
0.47683 0.037575 0.229
0.49099 0.037509 0.20934
0.49081 0.037554 0.22624
0.4739 0.03778 0.2547
0.48103 0.037858 0.26117
0.48653 0.037692 0.24443
0.49462 0.037783 0.25729
0.47722 0.03816 0.28309
0.49321 0.038221 0.28353
0.50542 0.037952 0.27989
0.51229 0.038155 0.29594
0.49772 0.037703 0.30631
0.50495 0.037021 0.31779
0.52615 0.037665 0.34394
0.48931 0.035337 0.32116
0.49984 0.035507 0.32437
0.53481 0.038251 0.31994
0.5628 0.038997 0.30072
0.48278 0.034665 0.32865
0.50139 0.035137 0.32999
0.55547 0.038917 0.31174
0.56328 0.037222 0.39579
0.54311 0.037616 0.31559
0.54292 0.037025 0.32025
0.50792 0.046907 0.40096
0.569 0.03598 0.40507
0.49556 0.03384 0.34104
0.50668 0.033534 0.3538
0.49786 0.033576 0.38251
0.49611 0.033358 0.39261
0.43217 0.033468 0.34775
0.38143 0.033589 0.47019
0.62016 0.033524 0.32509
0.4773 0.034102 0.37999
0.45971 0.034774 0.5107
0.4595 0.035767 0.5393
0.36093 0.035683 0.44229
0.6209 0.034173 0.48189
0.44764 0.037799 0.51953
0.45902 0.037292 0.55518
0.62368 0.033576 0.46342
0.4535 0.041989 0.51526
0.44435 0.03953 0.51473
0.46664 0.038181 0.56772
0.45465 0.04153 0.51685
0.43191 0.037907 0.50496
0.47499 0.038243 0.55829
0.47239 0.038176 0.58565
0.50506 0.037856 0.61144
0.4919 0.037935 0.58587
0.51274 0.037921 0.6068
0.50175 0.037534 0.65896
0.51513 0.03776 0.62751
0.509 0.037433 0.66636
0.49117 0.037287 0.69092
0.48929 0.037176 0.70992
0.50415 0.037273 0.69262
0.50353 0.037155 0.70958
0.48912 0.037055 0.72878
0.47928 0.036952 0.75802
0.49736 0.036933 0.76653
0.48481 0.036863 0.80459
0.4988 0.036891 0.78137
0.49635 0.03686 0.80851
0.48272 0.036843 0.8235
0.48484 0.036815 0.84479
0.49124 0.036813 0.84155
0.48247 0.036811 0.86492
0.48048 0.036796 0.87936
0.49945 0.036789 0.87295
0.48126 0.037495 0.93286
0.49801 0.036875 0.91067
0.49668 0.038102 0.93762
0.48937 0.038823 0.94876
0.48941 0.033433 0.95528
0.49866 0.038726 0.94435
0.49415 0.040046 0.37773
0.62714 0.035626 0.34211
0.6326 0.033814 0.343
0.54798 0.034316 0.33486
0.58477 0.038026 0.34056
0.56978 0.035534 0.38527
0.4038 0.035737 0.34569
0.44607 0.035346 0.34684
0.52711 0.034995 0.3901
0.52116 0.038968 0.40018
0.49918 0.037684 0.39723
0.50918 0.034788 0.39615
0.56089 0.034233 0.38722
0.49657 0.03399 0.39602
0.5661 0.033795 0.33127
0.41164 0.03772 0.36102
0.61597 0.045078 0.37377
0.55499 0.033497 0.48531
0.54651 0.03626 0.3468
0.54812 0.034491 0.36331
0.55233 0.043741 0.34072
0.53252 0.063678 0.4172
0.58578 0.035946 0.36425
0.49849 0.039693 0.37631
0.50717 0.036966 0.38516
0.54914 0.049478 0.41032
0.49135 0.036117 0.35899
0.42952 0.056801 0.3708
0.49859 0.036535 0.37136
0.51172 0.042712 0.40311
0.62349 0.035258 0.34051
0.48773 0.047007 0.37074
0.55758 0.040322 0.32525
0.61791 0.035088 0.33291
0.56705 0.036217 0.33659
0.63261 0.034374 0.34628
0.57934 0.033821 0.48965
0.55911 0.033783 0.33695
0.57244 0.035071 0.33666
0.57157 0.061034 0.41051
0.57052 0.033978 0.48812
0.49273 0.036468 0.36197
0.57518 0.033819 0.31528
0.50807 0.037262 0.046522
0.52625 0.037258 0.048693
0.52547 0.037268 0.059266
0.50796 0.037277 0.074827
0.51083 0.037302 0.092815
0.53093 0.03727 0.070817
0.52678 0.037294 0.093635
0.51153 0.037328 0.11475
0.51796 0.037335 0.12882
0.53252 0.037302 0.1181
0.5277 0.037316 0.12679
0.51618 0.037336 0.15195
0.51265 0.037345 0.16285
0.52063 0.037332 0.15063
0.52012 0.037391 0.17398
0.50898 0.0374 0.17904
0.5153 0.037416 0.19372
0.52973 0.037405 0.19012
0.51973 0.03742 0.19457
0.5184 0.037516 0.21732
0.50373 0.037528 0.22371
0.53339 0.037496 0.21424
0.53368 0.037536 0.22716
0.51105 0.037721 0.24577
0.51339 0.03784 0.25875
0.5241 0.038032 0.24842
0.5245 0.038217 0.25774
0.51722 0.037908 0.29139
0.53234 0.038286 0.2645
0.53001 0.03808 0.27154
0.52001 0.038052 0.30961
0.53546 0.038206 0.2965
0.56088 0.038233 0.2835
0.60227 0.037655 0.30271
0.52726 0.038321 0.32023
0.64842 0.036336 0.36472
0.65348 0.036247 0.44443
0.57952 0.039358 0.29891
0.64804 0.037337 0.34668
0.5486 0.038031 0.50309
0.56212 0.039213 0.29559
0.56374 0.038971 0.29466
0.62524 0.039183 0.49347
0.65055 0.035709 0.45708
0.64266 0.03436 0.40436
0.61341 0.036567 0.49626
0.57948 0.036034 0.37168
0.56281 0.033443 0.34422
0.53255 0.03356 0.49725
0.53313 0.033365 0.45802
0.55232 0.033479 0.37177
0.45719 0.033664 0.51173
0.54165 0.03334 0.41783
0.43732 0.033865 0.47745
0.46782 0.037936 0.5361
0.4496 0.048425 0.49632
0.44549 0.044205 0.47824
0.44815 0.042738 0.48514
0.47239 0.039756 0.53837
0.45098 0.041374 0.49166
0.45027 0.040784 0.48283
0.4781 0.038339 0.54577
0.49226 0.037658 0.56231
0.45862 0.03787 0.48968
0.47748 0.036222 0.52329
0.50603 0.038452 0.58269
0.51488 0.038166 0.59873
0.51429 0.038588 0.58279
0.53732 0.037651 0.6051
0.51901 0.037536 0.64567
0.51772 0.037366 0.66863
0.52439 0.037337 0.66951
0.51377 0.037245 0.68833
0.51326 0.037157 0.70508
0.52769 0.037262 0.67879
0.52143 0.037136 0.70681
0.51726 0.037034 0.7278
0.50893 0.03694 0.75819
0.52698 0.036951 0.7425
0.53086 0.036922 0.75987
0.50978 0.036881 0.78258
0.51447 0.036858 0.79508
0.52475 0.036858 0.78859
0.52538 0.03685 0.8009
0.51387 0.0368 0.83919
0.53309 0.036789 0.84887
0.51305 0.036793 0.87023
0.51855 0.036782 0.88987
0.53251 0.036789 0.87017
0.53364 0.036786 0.89412
0.50778 0.036967 0.9193
0.52432 0.036836 0.9163
0.51361 0.033462 0.95557
0.53231 0.039613 0.95092
0.53061 0.033334 0.96046
0.54791 0.034639 0.37228
0.53334 0.033553 0.47389
0.5633 0.035508 0.35009
0.5595 0.034062 0.35831
0.51724 0.037074 0.48318
0.49506 0.037484 0.38555
0.6445 0.034787 0.44013
0.56234 0.035464 0.35591
0.57662 0.03446 0.42902
0.5728 0.033485 0.46096
0.56449 0.033451 0.48334
0.53899 0.033741 0.41309
0.39841 0.035056 0.41198
0.58433 0.033431 0.41598
0.4401 0.040102 0.50405
0.55431 0.041958 0.56563
0.59694 0.03659 0.39222
0.37379 0.033571 0.4471
0.57819 0.036254 0.37872
0.5676 0.037334 0.34197
0.5515 0.034985 0.35539
0.59518 0.0343 0.37774
0.61661 0.035773 0.33875
0.55953 0.035426 0.34755
0.5491 0.034354 0.44929
0.54711 0.033775 0.37472
0.58128 0.033456 0.46397
0.61062 0.033798 0.3747
0.53366 0.033903 0.49303
0.61552 0.033424 0.39992
0.45991 0.035745 0.41586
0.53447 0.035911 0.41381
0.5719 0.034563 0.44813
0.58625 0.035547 0.38998
0.57483 0.034796 0.33816
0.57422 0.033923 0.45428
0.5418 0.037262 0.056559
0.56342 0.037249 0.037054
0.55947 0.037257 0.066728
0.54528 0.037283 0.099466
0.55568 0.037259 0.075891
0.55693 0.037274 0.095306
0.54641 0.037293 0.11876
0.54939 0.037328 0.13739
0.55523 0.037285 0.11779
0.55434 0.037324 0.13737
0.54492 0.037324 0.14885
0.56377 0.037313 0.14987
0.55662 0.037333 0.16261
0.54698 0.037396 0.18707
0.5657 0.037381 0.18546
0.55141 0.037492 0.21927
0.54087 0.037733 0.23483
0.56791 0.037472 0.21793
0.56036 0.037862 0.24019
0.54323 0.038455 0.24539
0.55362 0.038277 0.24409
0.55793 0.038423 0.25933
0.54535 0.038557 0.26174
0.56067 0.03819 0.27015
0.5768 0.038201 0.27834
0.62177 0.037072 0.31217
0.63041 0.037506 0.30638
0.64723 0.037596 0.3323
0.64915 0.036496 0.39219
0.65859 0.037196 0.44577
0.65831 0.037129 0.42052
0.66728 0.037824 0.45409
0.65106 0.037217 0.47628
0.62821 0.03935 0.49432
0.64991 0.0381 0.49042
0.532 0.040402 0.50968
0.54223 0.043687 0.37715
0.53763 0.043552 0.37798
0.58134 0.037073 0.36053
0.55755 0.038538 0.52422
0.51811 0.034615 0.46049
0.5496 0.033881 0.43294
0.55393 0.033551 0.55936
0.56616 0.034516 0.54773
0.47615 0.058321 0.47888
0.48084 0.037514 0.42496
0.45618 0.063067 0.51544
0.49827 0.036824 0.40929
0.48573 0.044908 0.42555
0.45465 0.063154 0.51631
0.47354 0.03842 0.42409
0.44882 0.057164 0.50871
0.44487 0.040883 0.46706
0.45156 0.039944 0.46
0.44359 0.03721 0.4489
0.45658 0.038587 0.4623
0.49431 0.036875 0.54979
0.45655 0.038966 0.43615
0.51921 0.038503 0.5808
0.54821 0.03736 0.61732
0.54208 0.038862 0.59178
0.55213 0.037354 0.61834
0.53692 0.037416 0.64345
0.53662 0.037289 0.67122
0.55096 0.037407 0.63263
0.53615 0.037188 0.68687
0.54639 0.037106 0.69984
0.55546 0.037018 0.72109
0.53606 0.036993 0.73073
0.54044 0.03691 0.76254
0.55808 0.0369 0.747
0.55949 0.036884 0.76933
0.54561 0.03687 0.77785
0.54196 0.036832 0.80975
0.55176 0.036858 0.78128
0.55339 0.036825 0.80555
0.53978 0.036793 0.83414
0.55206 0.036793 0.8328
0.55889 0.036781 0.85295
0.54241 0.036768 0.88506
0.5558 0.036766 0.87782
0.56274 0.036775 0.8878
0.54707 0.036828 0.91513
0.53971 0.038487 0.94042
0.55759 0.0369 0.91907
0.55567 0.038525 0.94045
0.54624 0.039407 0.95109
0.54967 0.033333 0.96209
0.56364 0.03984 0.94837
0.55555 0.033367 0.95728
0.51048 0.033721 0.42026
0.48376 0.034456 0.46431
0.57581 0.037245 0.046372
0.586 0.037241 0.041453
0.59388 0.037244 0.066114
0.57249 0.03727 0.10279
0.58828 0.037248 0.077798
0.59454 0.03726 0.1016
0.57188 0.037278 0.12076
0.57602 0.037306 0.13758
0.59334 0.037263 0.11375
0.58629 0.037284 0.12729
0.58137 0.037307 0.15717
0.59751 0.037292 0.14861
0.59215 0.037334 0.16858
0.57913 0.037373 0.18995
0.57293 0.037415 0.20037
0.58738 0.037372 0.19286
0.5969 0.037385 0.20045
0.57438 0.037546 0.23764
0.59287 0.037443 0.23004
0.57391 0.037915 0.25474
0.56769 0.03809 0.26388
0.60264 0.037513 0.2512
0.59302 0.037816 0.26915
0.58073 0.037919 0.27173
0.60599 0.038134 0.27631
0.62245 0.0384 0.28256
0.63417 0.037635 0.30623
0.64955 0.038098 0.32822
0.64077 0.038189 0.29971
0.65224 0.03816 0.33063
0.66051 0.037618 0.41193
0.65994 0.037182 0.48605
0.56018 0.037369 0.51031
0.53643 0.039412 0.51222
0.5251 0.038239 0.4697
0.52895 0.040559 0.52265
0.52513 0.040572 0.52342
0.61529 0.038916 0.52359
0.61758 0.039158 0.51906
0.59046 0.038369 0.52451
0.52738 0.038146 0.45154
0.50196 0.039046 0.47907
0.52807 0.037201 0.44619
0.52064 0.040234 0.53793
0.56631 0.038334 0.42504
0.49552 0.039498 0.50336
0.56972 0.039258 0.42677
0.55055 0.035749 0.55633
0.55652 0.051589 0.56833
0.50615 0.036857 0.53593
0.54833 0.062253 0.56712
0.48077 0.051547 0.49677
0.48247 0.041626 0.4292
0.51949 0.065235 0.55526
0.47025 0.039749 0.40108
0.47132 0.036148 0.46468
0.48243 0.042303 0.4325
0.52506 0.040849 0.57038
0.43934 0.037111 0.48701
0.44155 0.038636 0.49471
0.50129 0.036393 0.54667
0.45407 0.037904 0.42867
0.54513 0.039922 0.58903
0.52784 0.039806 0.57509
0.55263 0.039754 0.58973
0.56777 0.038533 0.6038
0.57275 0.038698 0.60445
0.57399 0.038042 0.6247
0.559 0.037235 0.66819
0.57373 0.037218 0.66851
0.56094 0.037156 0.68591
0.58011 0.037014 0.70294
0.57864 0.036968 0.72579
0.56463 0.036881 0.75729
0.58469 0.036855 0.77154
0.57299 0.036857 0.77548
0.57266 0.036809 0.79801
0.58497 0.036805 0.79359
0.57471 0.036795 0.82958
0.5929 0.036785 0.83164
0.57121 0.036778 0.86502
0.59266 0.036786 0.89443
0.57057 0.036864 0.91569
0.58877 0.036834 0.91174
0.57188 0.038384 0.95201
0.57405 0.033442 0.95574
0.58418 0.039657 0.94745
0.58067 0.033333 0.96399
0.60916 0.037233 0.046534
0.61132 0.037237 0.065059
0.62915 0.037226 0.043542
0.63096 0.037228 0.055799
0.61447 0.037236 0.079929
0.603 0.037253 0.093639
0.63071 0.037231 0.084567
0.62585 0.037242 0.091536
0.61021 0.037257 0.12022
0.60864 0.037282 0.13797
0.62144 0.037249 0.11243
0.62744 0.037267 0.13375
0.60292 0.037287 0.1433
0.6132 0.037329 0.17413
0.62715 0.03727 0.14487
0.62719 0.037289 0.16094
0.60631 0.037341 0.18779
0.61257 0.037366 0.20232
0.625 0.037323 0.18076
0.6145 0.037396 0.22814
0.61169 0.037444 0.24321
0.6264 0.037413 0.23038
0.63481 0.037529 0.23781
0.6094 0.037677 0.26078
0.63828 0.037548 0.24812
0.63911 0.037729 0.25325
0.63355 0.038448 0.27056
0.65503 0.038455 0.33141
0.64201 0.0384 0.2869
0.66034 0.037856 0.36983
0.66741 0.037577 0.40878
0.67821 0.037476 0.45231
0.56745 0.038254 0.51496
0.61429 0.038871 0.51558
0.61698 0.037856 0.50727
0.62749 0.038343 0.50887
0.53283 0.040255 0.52943
0.53217 0.040024 0.53037
0.50256 0.038456 0.46539
0.50523 0.039885 0.51976
0.4966 0.03829 0.47661
0.49937 0.038956 0.50797
0.55327 0.037579 0.4283
0.53018 0.042464 0.54454
0.52462 0.03612 0.4265
0.48566 0.038399 0.49107
0.57093 0.040793 0.56965
0.48871 0.038955 0.50142
0.59203 0.035435 0.55101
0.54013 0.066391 0.56623
0.44092 0.034911 0.39097
0.54507 0.06139 0.56794
0.47759 0.052047 0.48856
0.53602 0.047138 0.41637
0.55679 0.043717 0.41713
0.56159 0.040209 0.58807
0.58297 0.038785 0.59454
0.56751 0.038558 0.5939
0.57591 0.038368 0.60322
0.58851 0.037978 0.62591
0.58778 0.038173 0.63524
0.57765 0.037627 0.64741
0.58686 0.037133 0.67022
0.60729 0.037007 0.68149
0.59122 0.037032 0.69569
0.58677 0.036968 0.71288
0.60255 0.036952 0.70568
0.603 0.036919 0.71576
0.59718 0.036855 0.74937
0.59982 0.036841 0.75753
0.61269 0.036838 0.75156
0.61668 0.036822 0.76103
0.59603 0.036831 0.7785
0.60146 0.03679 0.81542
0.62035 0.036805 0.78481
0.62705 0.036774 0.81383
0.60261 0.036791 0.82438
0.59898 0.036768 0.84269
0.62076 0.036775 0.83054
0.61928 0.036762 0.84771
0.60634 0.036774 0.86356
0.60105 0.036768 0.88908
0.61563 0.03677 0.87413
0.62582 0.036768 0.88661
0.60359 0.036784 0.91136
0.60182 0.037223 0.93226
0.61501 0.037003 0.93344
0.60114 0.037696 0.94856
0.61686 0.037246 0.94227
0.62614 0.033333 0.96478
0.63821 0.037222 0.0483
0.65288 0.037218 0.038851
0.65476 0.03722 0.066907
0.64504 0.037224 0.083678
0.63881 0.03724 0.10177
0.66242 0.037217 0.077399
0.66528 0.037222 0.089929
0.65438 0.037237 0.11648
0.64534 0.037305 0.17047
0.65646 0.037252 0.15049
0.65725 0.037294 0.16916
0.64 0.037314 0.18038
0.63997 0.03735 0.20448
0.65548 0.037304 0.18573
0.65142 0.037317 0.19307
0.63901 0.037356 0.21189
0.64863 0.037738 0.22694
0.66118 0.037331 0.2102
0.66613 0.037761 0.22557
0.65776 0.038218 0.24034
0.65754 0.037989 0.25045
0.66622 0.03804 0.25334
0.64453 0.037933 0.2691
0.64777 0.037977 0.28356
0.66638 0.037457 0.27158
0.65791 0.037438 0.28001
0.66114 0.037926 0.32188
0.66581 0.03811 0.34581
0.66257 0.037783 0.37246
0.67898 0.037678 0.4155
0.66648 0.03806 0.35559
0.68007 0.037613 0.38193
0.65591 0.037979 0.50135
0.68338 0.037773 0.45926
0.57455 0.038929 0.52768
0.6601 0.038044 0.50428
0.64518 0.038466 0.51863
0.52748 0.039897 0.5351
0.64933 0.038305 0.52634
0.66003 0.038143 0.51185
0.48883 0.040759 0.49251
0.49758 0.040809 0.44716
0.50279 0.042428 0.52617
0.48719 0.040299 0.49209
0.49003 0.03944 0.50465
0.54988 0.03801 0.55129
0.53546 0.041177 0.55448
0.59953 0.036115 0.54555
0.564 0.045415 0.57276
0.54736 0.053968 0.57354
0.4781 0.047729 0.47991
0.41853 0.035151 0.42562
0.48028 0.044197 0.46107
0.56648 0.041478 0.58635
0.48188 0.043023 0.45218
0.5869 0.038916 0.59182
0.60783 0.037259 0.61078
0.62647 0.037191 0.61326
0.6074 0.037275 0.6431
0.60863 0.037101 0.63129
0.61364 0.037085 0.63975
0.614 0.036998 0.66092
0.61743 0.036951 0.68641
0.62834 0.036905 0.67666
0.64159 0.036882 0.69702
0.62282 0.036908 0.70268
0.62007 0.036879 0.72295
0.63792 0.036865 0.71482
0.63655 0.036841 0.72554
0.62261 0.036832 0.75126
0.63487 0.036794 0.7687
0.63963 0.03682 0.74909
0.64476 0.036781 0.77509
0.63791 0.036785 0.78994
0.63741 0.03677 0.81484
0.65572 0.036771 0.79633
0.6603 0.036759 0.81882
0.63971 0.036774 0.82389
0.64022 0.036764 0.84409
0.65041 0.036773 0.83041
0.65652 0.036768 0.85636
0.64472 0.036771 0.87745
0.6445 0.03678 0.88728
0.65137 0.036772 0.87919
0.65916 0.036785 0.89465
0.64028 0.036817 0.91133
0.63273 0.037592 0.9347
0.65843 0.036799 0.90619
0.65358 0.037334 0.92605
0.6316 0.038256 0.94661
0.6369 0.033359 0.95634
0.64945 0.038955 0.94611
0.6564 0.033341 0.95765
0.6801 0.037208 0.045932
0.68227 0.037209 0.053181
0.69898 0.037199 0.041154
0.69005 0.037205 0.061196
0.69762 0.037203 0.074931
0.69615 0.037209 0.096702
0.66963 0.037225 0.10789
0.6699 0.037238 0.13089
0.67333 0.037241 0.14914
0.6755 0.03727 0.16652
0.67884 0.03727 0.17862
0.69239 0.037251 0.18313
0.67937 0.037314 0.21502
0.67226 0.037623 0.22567
0.69561 0.037288 0.22323
0.68912 0.037383 0.23659
0.67947 0.038046 0.2465
0.68787 0.037484 0.25901
0.6929 0.037334 0.26787
0.67745 0.037423 0.29611
0.69471 0.037355 0.29388
0.68776 0.03737 0.30039
0.67683 0.037658 0.33943
0.69634 0.037364 0.32726
0.69613 0.037385 0.33369
0.68574 0.037499 0.35122
0.68468 0.037512 0.36414
0.69615 0.037465 0.35836
0.69672 0.037506 0.37229
0.69116 0.037573 0.39408
0.69278 0.037621 0.41792
0.70376 0.037512 0.39687
0.70489 0.03756 0.41122
0.69639 0.03788 0.44295
0.68725 0.037862 0.47676
0.70352 0.037725 0.43929
0.70656 0.037611 0.46368
0.66556 0.037674 0.52396
0.69669 0.037529 0.49583
0.53042 0.043843 0.54994
0.53155 0.044393 0.55202
0.66295 0.037599 0.53565
0.65042 0.037628 0.54366
0.60138 0.036686 0.54157
0.61893 0.036338 0.55167
0.64762 0.037132 0.55903
0.62137 0.03648 0.56356
0.57213 0.042933 0.57682
0.63903 0.037369 0.56909
0.61584 0.037564 0.57555
0.52123 0.043968 0.55956
0.60262 0.038474 0.57712
0.62493 0.038303 0.58541
0.56367 0.043944 0.58188
0.61471 0.03788 0.58634
0.64501 0.037369 0.60609
0.63713 0.037088 0.61744
0.64101 0.037005 0.6296
0.64526 0.037151 0.61348
0.65607 0.037033 0.63302
0.63916 0.037009 0.66076
0.6585 0.036883 0.66064
0.65323 0.0369 0.68491
0.6474 0.036882 0.69675
0.6566 0.036906 0.67576
0.65904 0.036819 0.72543
0.6548 0.036813 0.74148
0.67483 0.036817 0.71884
0.68313 0.03678 0.74464
0.66034 0.036801 0.75234
0.66708 0.036767 0.77523
0.67949 0.036781 0.75446
0.67955 0.036757 0.78561
0.66559 0.03677 0.79214
0.67986 0.036759 0.79198
0.68572 0.036742 0.81881
0.67841 0.036735 0.84138
0.69289 0.036864 0.83552
0.6852 0.036786 0.85983
0.67723 0.036759 0.86654
0.68823 0.036843 0.86559
0.68598 0.036778 0.89635
0.67342 0.036792 0.91392
0.66184 0.038075 0.93946
0.68188 0.037763 0.93903
0.67188 0.038553 0.94867
0.67394 0.033333 0.96426
0.68806 0.033334 0.95987
0.70894 0.037195 0.037737
0.70786 0.037197 0.056501
0.72483 0.037189 0.04325
0.72745 0.03719 0.062962
0.71044 0.037198 0.079661
0.72836 0.03719 0.078882
0.71091 0.037201 0.10648
0.7075 0.037215 0.13353
0.72648 0.037192 0.11834
0.73039 0.037197 0.13462
0.70536 0.037231 0.16682
0.73245 0.037198 0.15522
0.73028 0.037207 0.16848
0.70624 0.037236 0.18593
0.70442 0.037263 0.20372
0.72226 0.037217 0.17818
0.73179 0.037216 0.19778
0.70645 0.037265 0.21154
0.70558 0.037277 0.23077
0.72172 0.037238 0.22151
0.71183 0.037272 0.26084
0.73111 0.037226 0.26809
0.71547 0.037278 0.28513
0.71935 0.037266 0.30519
0.70895 0.037324 0.31931
0.71861 0.037262 0.33821
0.74256 0.037173 0.31498
0.72704 0.037226 0.33834
0.71977 0.037249 0.34473
0.71981 0.03727 0.37022
0.73201 0.037212 0.34398
0.73538 0.03722 0.36993
0.72188 0.037277 0.39473
0.71375 0.037391 0.40924
0.72919 0.037244 0.38491
0.7256 0.037274 0.41499
0.71616 0.037369 0.4429
0.73415 0.037256 0.42579
0.72454 0.037309 0.45112
0.71381 0.037428 0.47415
0.69377 0.03735 0.51583
0.72663 0.037269 0.47579
0.71662 0.03728 0.49905
0.69175 0.037357 0.52506
0.67663 0.03746 0.54035
0.70335 0.037304 0.5163
0.70233 0.037257 0.53317
0.69625 0.03727 0.54535
0.69956 0.037259 0.55202
0.65552 0.037548 0.57641
0.69025 0.037159 0.56875
0.68234 0.03712 0.58254
0.64967 0.037749 0.5945
0.68003 0.037097 0.58975
0.67271 0.037207 0.59525
0.66732 0.037062 0.61237
0.66891 0.037194 0.6026
0.70406 0.037602 0.61267
0.67476 0.036934 0.62322
0.68353 0.036944 0.62753
0.69624 0.037224 0.6193
0.69863 0.036954 0.63427
0.68391 0.036873 0.65641
0.68039 0.036874 0.66563
0.69481 0.036854 0.64778
0.70013 0.036831 0.66496
0.69139 0.036823 0.68863
0.68195 0.036823 0.70189
0.69872 0.036802 0.70034
0.68997 0.036806 0.72263
0.69232 0.036776 0.73979
0.71113 0.036779 0.72439
0.71125 0.036744 0.74687
0.70185 0.03675 0.76467
0.69569 0.036742 0.78051
0.71503 0.036733 0.76709
0.70834 0.036683 0.8112
0.70134 0.0368 0.8251
0.72028 0.036716 0.7967
0.71064 0.037328 0.84427
0.70303 0.037295 0.85732
0.7149 0.0375 0.84679
0.70491 0.036869 0.87994
0.69874 0.036789 0.88578
0.71453 0.037298 0.86908
0.72627 0.036788 0.89916
0.69688 0.036789 0.91466
0.708 0.037085 0.92585
0.72495 0.03678 0.91068
0.70306 0.033333 0.96138
0.72583 0.037998 0.94664
0.73911 0.037184 0.044283
0.74186 0.037184 0.059129
0.76213 0.037175 0.060476
0.75682 0.037176 0.080312
0.7545 0.037179 0.095241
0.7653 0.037174 0.10976
0.75505 0.037182 0.12425
0.74296 0.03719 0.1545
0.73904 0.037197 0.16069
0.75653 0.03718 0.14179
0.76464 0.037174 0.16672
0.74042 0.037198 0.18116
0.74623 0.037196 0.2061
0.75657 0.037176 0.18852
0.75507 0.03718 0.20438
0.7498 0.037186 0.21863
0.74347 0.037209 0.24473
0.76128 0.037176 0.23895
0.7425 0.037208 0.25873
0.76523 0.03717 0.25028
0.75106 0.037309 0.28454
0.74316 0.037219 0.29702
0.76839 0.037683 0.29087
0.75139 0.037194 0.33013
0.76898 0.037783 0.30822
0.76754 0.037281 0.32742
0.74498 0.03718 0.34458
0.74213 0.037196 0.37678
0.75861 0.037146 0.35324
0.76106 0.037163 0.36837
0.75083 0.037147 0.39548
0.74708 0.037177 0.40544
0.76502 0.037131 0.39251
0.75732 0.037153 0.40855
0.74469 0.037203 0.42318
0.74098 0.037183 0.45555
0.76255 0.037153 0.43223
0.73613 0.0372 0.47123
0.73063 0.037199 0.49389
0.75652 0.03714 0.46557
0.7583 0.037104 0.47633
0.73773 0.03712 0.49751
0.72252 0.037175 0.52024
0.75667 0.037029 0.49532
0.75167 0.036987 0.50633
0.74651 0.037067 0.53024
0.7393 0.037155 0.54769
0.70944 0.037058 0.56216
0.69751 0.037089 0.57713
0.73971 0.03712 0.55359
0.74235 0.037039 0.56128
0.70622 0.037103 0.58715
0.71945 0.037308 0.596
0.72671 0.037242 0.60052
0.71185 0.037563 0.61761
0.71171 0.037017 0.63286
0.72914 0.037092 0.62786
0.7155 0.036799 0.65305
0.71638 0.036825 0.67474
0.73741 0.036813 0.66912
0.72425 0.036798 0.69812
0.72496 0.036783 0.72015
0.72879 0.036759 0.74143
0.72654 0.036753 0.74634
0.74535 0.036823 0.75431
0.74066 0.037187 0.77286
0.74285 0.037376 0.78574
0.74612 0.037243 0.77051
0.73852 0.036902 0.80489
0.73503 0.036935 0.83166
0.74905 0.037395 0.79138
0.74866 0.036814 0.81201
0.72754 0.037325 0.85838
0.74356 0.036848 0.84224
0.73472 0.037012 0.86599
0.73454 0.036781 0.90131
0.74953 0.036786 0.87692
0.75016 0.036784 0.89526
0.74157 0.036773 0.90658
0.75734 0.036822 0.91568
0.75118 0.037468 0.93811
0.73201 0.037929 0.94593
0.73442 0.033334 0.95987
0.76237 0.033333 0.96228
0.77396 0.037171 0.044686
0.78264 0.037168 0.053804
0.79758 0.037163 0.048394
0.80062 0.037161 0.065297
0.77782 0.037168 0.071176
0.7925 0.03716 0.094326
0.78273 0.037163 0.1193
0.7818 0.037164 0.13591
0.79378 0.037158 0.11559
0.79761 0.037156 0.13075
0.78284 0.03716 0.15166
0.77999 0.037164 0.16585
0.78992 0.037156 0.14407
0.7911 0.037152 0.17065
0.77989 0.037159 0.1873
0.79961 0.037144 0.17722
0.78775 0.037146 0.20691
0.77877 0.037155 0.21916
0.7808 0.037152 0.24249
0.79456 0.037134 0.22386
0.78978 0.037138 0.24093
0.77186 0.037162 0.25305
0.77333 0.037557 0.28357
0.78866 0.037134 0.25123
0.78765 0.037179 0.2715
0.78919 0.03765 0.29405
0.77962 0.03782 0.31624
0.77958 0.037119 0.33803
0.79807 0.037459 0.31266
0.78997 0.037171 0.33552
0.77414 0.037125 0.35831
0.77341 0.037129 0.37686
0.78471 0.037081 0.35325
0.78313 0.037098 0.37464
0.77758 0.037075 0.39711
0.78547 0.037012 0.41625
0.79342 0.037049 0.39624
0.80208 0.037207 0.4137
0.78559 0.037 0.42922
0.779 0.037036 0.44254
0.79581 0.037049 0.42469
0.79747 0.037031 0.444
0.77611 0.037022 0.46385
0.79315 0.036961 0.46411
0.79071 0.036952 0.46914
0.76701 0.036996 0.48981
0.77004 0.036926 0.50094
0.79542 0.036953 0.48412
0.8014 0.037124 0.49964
0.76734 0.036883 0.52368
0.78152 0.036882 0.5143
0.78013 0.036854 0.53591
0.74683 0.03701 0.56228
0.77059 0.036904 0.54301
0.76941 0.036869 0.56274
0.7506 0.036745 0.57896
0.74731 0.036745 0.58948
0.7669 0.036788 0.57767
0.75618 0.036754 0.60299
0.76625 0.036764 0.60517
0.7443 0.036865 0.6326
0.74533 0.036837 0.64997
0.77891 0.036788 0.64175
0.77251 0.036785 0.65628
0.75014 0.03682 0.67182
0.75375 0.036805 0.67982
0.7797 0.036778 0.66968
0.77871 0.036775 0.675
0.76085 0.036787 0.6995
0.75208 0.036789 0.72301
0.7698 0.036786 0.72443
0.75981 0.036792 0.7342
0.7654 0.036948 0.76113
0.78222 0.03679 0.73368
0.78411 0.036815 0.79052
0.75836 0.036964 0.80474
0.76344 0.036785 0.82439
0.77537 0.036903 0.80065
0.78747 0.036795 0.82859
0.76494 0.036776 0.84963
0.77678 0.036789 0.83956
0.77117 0.036777 0.87837
0.76625 0.036825 0.89964
0.79007 0.03684 0.89785
0.77482 0.03806 0.94075
0.78727 0.037104 0.92229
0.78037 0.034994 0.95314
0.77186 0.033333 0.96403
0.78921 0.039111 0.94864
0.79477 0.033336 0.95916
0.80533 0.037161 0.047611
0.80599 0.037161 0.055423
0.83243 0.037152 0.047778
0.83496 0.037151 0.053346
0.80525 0.037157 0.079887
0.80683 0.037155 0.096269
0.83133 0.037148 0.075438
0.82392 0.037148 0.093223
0.81218 0.037151 0.10932
0.8108 0.037151 0.12837
0.82283 0.037145 0.11243
0.83012 0.03714 0.13078
0.83014 0.037136 0.14681
0.82208 0.037125 0.18288
0.82181 0.037122 0.19539
0.81146 0.037123 0.21771
0.8039 0.037124 0.23472
0.83327 0.037096 0.22325
0.82923 0.037092 0.23386
0.80388 0.037115 0.25129
0.80546 0.037119 0.27229
0.83007 0.037055 0.27041
0.8138 0.037053 0.2933
0.80864 0.037162 0.3019
0.83263 0.037026 0.28978
0.82538 0.03703 0.30424
0.816 0.037054 0.3139
0.81098 0.037069 0.33302
0.82846 0.037016 0.31528
0.81961 0.037031 0.34309
0.80439 0.037062 0.36054
0.80863 0.03704 0.37109
0.81868 0.037019 0.36322
0.80654 0.037141 0.39764
0.81427 0.037538 0.41303
0.82911 0.037195 0.39588
0.8171 0.037722 0.42059
0.81343 0.037299 0.43458
0.8264 0.037668 0.42721
0.81042 0.036945 0.4541
0.81968 0.037217 0.47011
0.82749 0.036952 0.44997
0.81741 0.037523 0.48548
0.80909 0.037298 0.49938
0.79665 0.036971 0.51496
0.80274 0.036842 0.52238
0.81728 0.036867 0.52091
0.79058 0.036794 0.55675
0.80273 0.036797 0.55185
0.79131 0.03679 0.59858
0.81338 0.036811 0.57861
0.80809 0.03679 0.59633
0.79671 0.036781 0.61555
0.80262 0.037 0.6329
0.81115 0.036784 0.61113
0.80854 0.037011 0.63091
0.79935 0.037154 0.64557
0.80225 0.037289 0.65012
0.81165 0.037356 0.64215
0.80529 0.03725 0.65996
0.79109 0.036787 0.68813
0.812 0.036949 0.67637
0.79417 0.036795 0.70082
0.81039 0.0368 0.7007
0.79169 0.036794 0.72901
0.79462 0.036802 0.75594
0.82242 0.036807 0.73498
0.82407 0.036808 0.75083
0.79215 0.03681 0.76979
0.79741 0.036811 0.79323
0.82356 0.036805 0.77504
0.81711 0.036804 0.79006
0.80081 0.036809 0.80353
0.81794 0.036809 0.8259
0.79596 0.036801 0.84645
0.80403 0.036799 0.86078
0.82415 0.036808 0.84327
0.82423 0.036803 0.86402
0.80909 0.036796 0.87509
0.79885 0.036833 0.89666
0.82176 0.036802 0.88527
0.80107 0.036895 0.91436
0.80087 0.037673 0.93201
0.81443 0.036881 0.91576
0.80182 0.039017 0.94623
0.80947 0.033333 0.96275
0.82228 0.035077 0.95282
0.81698 0.033333 0.96429
0.84622 0.037147 0.045382
0.84294 0.037147 0.056103
0.8662 0.037146 0.045522
0.84897 0.037142 0.081758
0.85262 0.037139 0.094664
0.85625 0.037142 0.07662
0.85807 0.037139 0.092808
0.85979 0.037133 0.1125
0.85928 0.037125 0.13744
0.84331 0.037128 0.15294
0.85048 0.037119 0.16587
0.86367 0.037119 0.14826
0.85729 0.037118 0.15887
0.84068 0.037111 0.18919
0.84312 0.037103 0.20051
0.86143 0.037096 0.18913
0.86981 0.037079 0.20473
0.85245 0.037081 0.21781
0.83899 0.037076 0.23951
0.86475 0.037071 0.2198
0.85591 0.037052 0.24053
0.84991 0.037046 0.25486
0.86066 0.037023 0.2554
0.86301 0.036996 0.26615
0.8597 0.036968 0.28504
0.86258 0.036902 0.30608
0.84512 0.036982 0.32613
0.83679 0.036999 0.33631
0.86544 0.036852 0.31819
0.85855 0.036919 0.3313
0.83976 0.036996 0.36797
0.85838 0.036943 0.35391
0.86717 0.03694 0.37274
0.84351 0.037074 0.39414
0.85371 0.036988 0.39145
0.86176 0.036976 0.40428
0.8432 0.037391 0.42192
0.84411 0.037135 0.43404
0.85082 0.037146 0.41845
0.85674 0.036918 0.44407
0.83595 0.036909 0.45557
0.83399 0.037409 0.47578
0.85019 0.037 0.46491
0.85497 0.037464 0.47993
0.83715 0.037971 0.48912
0.84043 0.037834 0.49588
0.83922 0.037254 0.51001
0.84234 0.036862 0.53013
0.86015 0.036925 0.52001
0.83527 0.036838 0.54076
0.83266 0.036818 0.55571
0.85585 0.036868 0.54128
0.85094 0.036838 0.5537
0.83326 0.036811 0.57486
0.82352 0.03681 0.59528
0.851 0.03683 0.57287
0.8405 0.036814 0.58974
0.83309 0.036834 0.62148
0.84577 0.03682 0.60048
0.83901 0.036906 0.63101
0.83287 0.037213 0.65565
0.85151 0.036826 0.63656
0.84542 0.036875 0.65917
0.83427 0.036943 0.67294
0.82554 0.036847 0.68112
0.8489 0.036825 0.66767
0.85432 0.036818 0.69321
0.82802 0.036811 0.701
0.83737 0.036808 0.72031
0.84515 0.036812 0.69919
0.84797 0.036808 0.72392
0.83549 0.036811 0.73342
0.8339 0.036808 0.76076
0.85193 0.036809 0.75704
0.83114 0.036807 0.79272
0.85674 0.036812 0.76833
0.86212 0.036817 0.78849
0.8357 0.036813 0.81404
0.86083 0.036818 0.80369
0.85768 0.036818 0.82227
0.83883 0.036811 0.84385
0.85772 0.036819 0.83973
0.85932 0.036821 0.8588
0.84237 0.036808 0.87879
0.83774 0.036836 0.90183
0.85811 0.036821 0.87274
0.84182 0.036986 0.92513
0.86331 0.036836 0.91016
0.85375 0.036974 0.92753
0.84659 0.037295 0.94134
0.83799 0.033333 0.96172
0.86249 0.03714 0.94013
0.8601 0.033333 0.96404
0.87424 0.037146 0.039428
0.87592 0.037144 0.06254
0.89167 0.037141 0.04027
0.89319 0.037141 0.052901
0.88571 0.037138 0.078859
0.88619 0.037133 0.095558
0.90145 0.037134 0.081094
0.89529 0.037133 0.089017
0.88553 0.037127 0.11341
0.8867 0.037119 0.13352
0.89529 0.037121 0.12411
0.87965 0.037116 0.14427
0.88769 0.037101 0.16552
0.89984 0.037119 0.15476
0.8949 0.037108 0.16949
0.8817 0.037074 0.19946
0.89945 0.037112 0.17738
0.90415 0.037088 0.19768
0.87652 0.037069 0.21298
0.88257 0.037046 0.22928
0.89713 0.037035 0.2202
0.89285 0.037022 0.23198
0.87427 0.037018 0.24765
0.87831 0.036898 0.28607
0.882 0.036809 0.302
0.9061 0.036807 0.2836
0.9017 0.036811 0.30637
0.8769 0.036801 0.32606
0.88791 0.03678 0.33279
0.89979 0.036783 0.31486
0.89589 0.036775 0.32862
0.88174 0.036877 0.35672
0.90015 0.036758 0.34875
0.9049 0.0368 0.36431
0.88137 0.036929 0.39322
0.8718 0.03695 0.40151
0.89831 0.03691 0.38487
0.90106 0.036956 0.40604
0.87217 0.036939 0.42135
0.87307 0.036912 0.43339
0.90138 0.036989 0.4249
0.89521 0.036948 0.43053
0.87851 0.036898 0.45214
0.884 0.036892 0.46003
0.87442 0.037175 0.48667
0.87299 0.037129 0.4972
0.8826 0.036912 0.49535
0.86298 0.037254 0.50369
0.87389 0.036874 0.52857
0.8891 0.036863 0.51194
0.89112 0.036856 0.52345
0.86854 0.03688 0.53889
0.88929 0.036847 0.53469
0.89275 0.036836 0.54831
0.87094 0.036838 0.57174
0.86668 0.036833 0.59471
0.88572 0.036837 0.57118
0.88033 0.036826 0.59514
0.86536 0.036836 0.60297
0.87218 0.036834 0.6285
0.87964 0.036828 0.60636
0.87934 0.036828 0.62377
0.87066 0.036836 0.64601
0.88181 0.036817 0.64422
0.88668 0.036822 0.65635
0.86364 0.036824 0.67088
0.89814 0.036839 0.69596
0.86633 0.036821 0.70876
0.87843 0.036819 0.72654
0.89459 0.036831 0.70185
0.89021 0.036824 0.71989
0.87069 0.036816 0.74128
0.86973 0.036817 0.76098
0.88766 0.036819 0.73981
0.90063 0.036817 0.7607
0.87305 0.036823 0.77707
0.87805 0.036826 0.79484
0.89147 0.036819 0.78563
0.87022 0.036824 0.81418
0.87734 0.036829 0.82409
0.89044 0.036826 0.80327
0.87675 0.036832 0.84099
0.88282 0.036838 0.86637
0.89677 0.036828 0.84078
0.8882 0.036833 0.86139
0.8762 0.036836 0.89524
0.89524 0.036837 0.87354
0.90033 0.036843 0.895
0.88333 0.036831 0.90789
0.88609 0.036938 0.93328
0.90008 0.036854 0.91517
0.90575 0.03709 0.93569
0.87504 0.037101 0.94424
0.90859 0.033333 0.96193
0.9118 0.037143 0.037749
0.91898 0.037159 0.05533
0.92995 0.03748 0.03912
0.92151 0.037168 0.077894
0.90945 0.03713 0.093963
0.93507 0.037379 0.099269
0.91719 0.037121 0.11406
0.91626 0.037125 0.13652
0.92711 0.037219 0.10895
0.92989 0.037288 0.12547
0.9124 0.037126 0.14208
0.91591 0.037141 0.16682
0.93023 0.0376 0.14778
0.92248 0.037194 0.19652
0.93743 0.038038 0.17963
0.93969 0.037797 0.20472
0.92315 0.037093 0.21473
0.9208 0.036995 0.23331
0.93619 0.037447 0.21938
0.92798 0.037214 0.23811
0.91719 0.03692 0.25963
0.93715 0.03767 0.25657
0.93079 0.037357 0.27098
0.91724 0.036769 0.28764
0.93883 0.038055 0.2959
0.93591 0.03797 0.30861
0.91882 0.036792 0.3304
0.92803 0.037527 0.31507
0.92777 0.037198 0.32901
0.91101 0.036712 0.34429
0.91395 0.03684 0.37446
0.93576 0.037149 0.347
0.92663 0.037029 0.36897
0.91324 0.036911 0.3855
0.91944 0.037029 0.40495
0.93695 0.038385 0.40892
0.93762 0.038578 0.41541
0.94152 0.03883 0.43687
0.90859 0.036977 0.46088
0.93829 0.038341 0.44138
0.91097 0.036967 0.48284
0.90791 0.036935 0.49651
0.9367 0.038249 0.47563
0.9337 0.038141 0.48722
0.91726 0.036989 0.50281
0.91868 0.036976 0.51997
0.93915 0.038521 0.50951
0.93702 0.038208 0.51579
0.93134 0.037525 0.53245
0.92959 0.03722 0.54926
0.91026 0.036853 0.59236
0.92432 0.037033 0.5706
0.92697 0.037016 0.59112
0.90518 0.036828 0.60213
0.89956 0.036816 0.61998
0.91916 0.036915 0.60267
0.92146 0.036921 0.61545
0.89891 0.036806 0.6415
0.93292 0.037086 0.64524
0.92271 0.036946 0.66129
0.91386 0.036885 0.68752
0.92556 0.036986 0.68104
0.93312 0.037447 0.69746
0.91586 0.036891 0.70449
0.92957 0.037501 0.70893
0.91462 0.036839 0.73831
0.91839 0.036895 0.75717
0.92729 0.037435 0.7347
0.92547 0.037117 0.76183
0.9191 0.03687 0.7699
0.9175 0.036844 0.78779
0.93224 0.037123 0.77401
0.9328 0.037223 0.7965
0.90792 0.036835 0.81637
0.91618 0.036857 0.82352
0.92644 0.037115 0.80394
0.92344 0.037016 0.82789
0.90913 0.036826 0.84856
0.91079 0.036833 0.86693
0.92858 0.037095 0.83924
0.92522 0.037042 0.86745
0.91783 0.036869 0.87892
0.92613 0.037099 0.87811
0.94033 0.037932 0.89809
0.91765 0.03691 0.91623
0.92004 0.037283 0.93507
0.93372 0.037673 0.91682
0.94145 0.038891 0.93371
0.91875 0.037454 0.94525
0.92601 0.033334 0.96057
0.93282 0.038482 0.94507
0.93783 0.033333 0.9618
0.94386 0.038026 0.042611
0.94397 0.03798 0.055775
0.95669 0.033353 0.037453
0.95932 0.033335 0.062611
0.94106 0.037649 0.07724
0.96115 0.033334 0.091626
0.95017 0.037429 0.1132
0.96064 0.033334 0.13836
0.95136 0.038024 0.15499
0.94885 0.039042 0.16437
0.96027 0.033334 0.15109
0.95541 0.033484 0.16649
0.94403 0.0385 0.17948
0.95125 0.037572 0.20331
0.95791 0.033341 0.2048
0.94641 0.037936 0.21471
0.94659 0.038054 0.24073
0.96403 0.033333 0.22386
0.96237 0.033333 0.23185
0.94706 0.038297 0.2608
0.95153 0.03747 0.26667
0.96232 0.033333 0.24873
0.95589 0.033415 0.27752
0.94904 0.038744 0.28558
0.9448 0.038568 0.30251
0.96119 0.033333 0.28836
0.9444 0.038496 0.31387
0.94509 0.03774 0.33898
0.95614 0.033343 0.31283
0.96469 0.033333 0.33258
0.94932 0.037544 0.35407
0.94805 0.038021 0.37186
0.96032 0.033334 0.37482
0.94671 0.038616 0.38341
0.95332 0.036881 0.40945
0.96486 0.033333 0.39302
0.9565 0.033456 0.40823
0.95257 0.038793 0.41707
0.96452 0.033333 0.41873
0.95949 0.033336 0.43384
0.94788 0.038934 0.44934
0.95055 0.038814 0.45602
0.95722 0.033364 0.43968
0.96134 0.033333 0.45664
0.94584 0.039186 0.47556
0.96427 0.033333 0.48088
0.95797 0.033342 0.49373
0.95167 0.039243 0.5049
0.94901 0.039613 0.51666
0.95663 0.03339 0.50763
0.96146 0.033334 0.52042
0.94004 0.037549 0.54809
0.96477 0.033333 0.53132
0.95908 0.033334 0.55042
0.94188 0.037196 0.58847
0.93889 0.037099 0.6084
0.93957 0.037107 0.61779
0.95938 0.033334 0.62356
0.94399 0.037227 0.6359
0.96119 0.033333 0.63392
0.96358 0.033333 0.65756
0.9486 0.0359 0.67714
0.95998 0.033334 0.67526
0.96017 0.033334 0.69865
0.94654 0.038886 0.71436
0.94582 0.03888 0.72435
0.95695 0.033352 0.71646
0.95747 0.033344 0.72115
0.94855 0.038903 0.75158
0.95806 0.033339 0.74428
0.96114 0.033334 0.75193
0.94543 0.037357 0.77715
0.94545 0.037705 0.80065
0.95908 0.033334 0.78711
0.94421 0.037762 0.80582
0.95618 0.033355 0.81455
0.96015 0.033334 0.83386
0.94241 0.037423 0.85138
0.96522 0.033333 0.86455
0.94888 0.038485 0.89536
0.96092 0.033334 0.87867
0.94765 0.039564 0.93171
0.95973 0.033335 0.91809
0.96528 0.033333 0.93087
0.94831 0.040475 0.94425
0.95052 0.033334 0.96051
0.96178 0.033334 0.94897
0.95838 0.033333 0.9638
