2635
1 1 1
0.034987 0.037608 0.044873
0.041051 0.037607 0.05422
0.062507 0.037604 0.035673
0.058522 0.037605 0.051458
0.046172 0.037603 0.068941
0.043628 0.037596 0.093372
0.059869 0.037597 0.080769
0.056337 0.037593 0.097078
0.038591 0.037591 0.11068
0.041303 0.037587 0.12066
0.063469 0.037588 0.1074
0.063043 0.037571 0.14324
0.040484 0.037548 0.1893
0.058595 0.037552 0.17919
0.061447 0.03754 0.19493
0.036195 0.03754 0.19972
0.040491 0.03752 0.22576
0.05355 0.037535 0.20481
0.056721 0.037523 0.21829
0.048048 0.037512 0.23485
0.042502 0.037493 0.25623
0.053276 0.037505 0.24127
0.062277 0.037488 0.25608
0.047596 0.037482 0.26818
0.046778 0.037467 0.28542
0.056279 0.037471 0.27731
0.064021 0.037457 0.28616
0.063022 0.037437 0.30737
0.058566 0.037424 0.32261
0.045689 0.037406 0.34402
0.063573 0.03739 0.35291
0.046826 0.037379 0.37441
0.045851 0.037367 0.388
0.06212 0.037372 0.37243
0.057455 0.037356 0.39445
0.045322 0.037348 0.40511
0.037921 0.037329 0.42463
0.062373 0.037338 0.40808
0.055752 0.037332 0.41949
0.043246 0.037311 0.4477
0.061595 0.037307 0.44565
0.060925 0.037295 0.46172
0.042724 0.037292 0.47492
0.044861 0.037284 0.4895
0.054221 0.037294 0.47469
0.060695 0.037277 0.49326
0.038995 0.037277 0.50911
0.038674 0.037271 0.52994
0.057108 0.037274 0.51113
0.062028 0.037264 0.52904
0.04683 0.037268 0.54124
0.044232 0.037267 0.56638
0.064325 0.037259 0.53976
0.062871 0.037259 0.55998
0.037539 0.037267 0.57736
0.036235 0.037272 0.59933
0.053806 0.037269 0.57596
0.055871 0.03727 0.59567
0.044807 0.037274 0.60408
0.036548 0.037285 0.6309
0.053479 0.037276 0.61004
0.06002 0.037274 0.62254
0.053056 0.037295 0.65025
0.055118 0.037299 0.66212
0.048596 0.037307 0.67408
0.054054 0.037305 0.67219
0.059868 0.037307 0.68977
0.036132 0.037332 0.73176
0.061347 0.037318 0.71454
0.052607 0.037328 0.72431
0.043895 0.03734 0.74844
0.037189 0.037346 0.76434
0.060079 0.037334 0.74501
0.052685 0.037345 0.76239
0.041052 0.037351 0.77517
0.037333 0.037358 0.80224
0.058893 0.03735 0.78383
0.056874 0.037354 0.79387
0.039917 0.037362 0.82971
0.053295 0.037361 0.81741
0.059068 0.037359 0.83531
0.038183 0.037364 0.84717
0.035079 0.037359 0.86646
0.054267 0.037362 0.8414
0.056767 0.037359 0.86444
0.035658 0.037356 0.87642
0.045498 0.037368 0.89821
0.058895 0.037353 0.88406
0.057269 0.037358 0.89443
0.042128 0.037415 0.91814
0.036775 0.033467 0.95808
0.056881 0.038408 0.94861
0.058813 0.033681 0.95637
0.079391 0.037599 0.045305
0.075251 0.037598 0.059726
0.078269 0.037591 0.088428
0.094504 0.037588 0.074059
0.09184 0.037586 0.088424
0.071397 0.037586 0.10653
0.072532 0.037576 0.12948
0.085389 0.037582 0.10904
0.089652 0.037574 0.12259
0.070066 0.03757 0.14042
0.08983 0.037566 0.13681
0.093325 0.037552 0.15841
0.072295 0.037548 0.17639
0.068329 0.03754 0.19137
0.094919 0.037538 0.17629
0.095539 0.037527 0.19162
0.077783 0.037523 0.20644
0.076516 0.037508 0.22348
0.089521 0.037513 0.21163
0.098073 0.037493 0.2275
0.070282 0.037493 0.24477
0.072947 0.037487 0.25126
0.086455 0.037486 0.24542
0.091011 0.037475 0.25374
0.076981 0.037461 0.27437
0.076188 0.037443 0.29191
0.097035 0.037448 0.27454
0.069307 0.037431 0.30871
0.069886 0.037411 0.32803
0.094736 0.037416 0.30733
0.092886 0.037397 0.32881
0.072963 0.037389 0.34741
0.092099 0.037382 0.34343
0.090963 0.037367 0.35859
0.078031 0.037347 0.38178
0.094469 0.037345 0.37524
0.098633 0.037327 0.38725
0.071888 0.037324 0.41349
0.076592 0.037308 0.4269
0.097761 0.037304 0.41619
0.09055 0.037308 0.42264
0.072511 0.037293 0.44886
0.088354 0.03729 0.4411
0.090368 0.037275 0.46005
0.07853 0.037266 0.47753
0.083383 0.037254 0.488
0.096649 0.037252 0.48373
0.096042 0.037248 0.49442
0.073319 0.037258 0.50526
0.092129 0.037241 0.52193
0.082826 0.037238 0.53795
0.076985 0.037243 0.56517
0.088972 0.037234 0.56283
0.079057 0.037241 0.57112
0.073746 0.037252 0.59907
0.092346 0.037238 0.57127
0.095097 0.037237 0.59426
0.078658 0.037256 0.62808
0.09666 0.037237 0.61136
0.10211 0.037233 0.62033
0.076893 0.037263 0.64095
0.098032 0.037256 0.66321
0.070949 0.03729 0.68052
0.090434 0.037268 0.67245
0.093105 0.037278 0.69208
0.078793 0.037303 0.71059
0.069328 0.037321 0.73215
0.093965 0.037299 0.72307
0.072749 0.037326 0.74508
0.077748 0.037329 0.75766
0.090595 0.037313 0.74075
0.087058 0.037327 0.76244
0.072689 0.037339 0.77413
0.074116 0.037348 0.80088
0.096013 0.03733 0.78581
0.073341 0.037354 0.81844
0.08139 0.03735 0.82618
0.094523 0.03734 0.80885
0.091517 0.037346 0.83551
0.075781 0.037353 0.84586
0.075824 0.037353 0.8661
0.091637 0.037348 0.8703
0.078244 0.037349 0.88782
0.090311 0.037349 0.87882
0.087195 0.037343 0.89588
0.072538 0.037356 0.91547
0.077087 0.037609 0.93657
0.091303 0.037335 0.90868
0.070075 0.037877 0.94328
0.086351 0.037616 0.95047
0.1109 0.037587 0.039082
0.1063 0.037587 0.057602
0.12701 0.037579 0.03793
0.12244 0.037581 0.052418
0.10308 0.037586 0.06868
0.10758 0.037576 0.094881
0.12482 0.037566 0.097204
0.10604 0.037571 0.11098
0.11441 0.037558 0.12954
0.12589 0.037557 0.11915
0.10826 0.037553 0.14206
0.10336 0.037547 0.15684
0.12776 0.037531 0.15705
0.10864 0.037532 0.17395
0.10748 0.037522 0.18883
0.12877 0.037522 0.1682
0.12022 0.03751 0.19514
0.11441 0.037491 0.21847
0.11919 0.037504 0.20246
0.11868 0.037478 0.22905
0.10732 0.037474 0.24023
0.10234 0.037461 0.25814
0.12273 0.037465 0.23962
0.10867 0.037437 0.27598
0.10854 0.037424 0.28885
0.12309 0.037426 0.27984
0.13163 0.037408 0.28666
0.10936 0.037404 0.30667
0.11044 0.037379 0.32951
0.13171 0.037381 0.31258
0.1199 0.037384 0.32121
0.10721 0.037373 0.33739
0.10881 0.037344 0.36244
0.11991 0.03734 0.35744
0.10292 0.037342 0.3695
0.12088 0.037324 0.3742
0.1282 0.037299 0.39875
0.10753 0.037304 0.40303
0.10847 0.037277 0.43031
0.12043 0.037263 0.43093
0.10491 0.037272 0.44259
0.10645 0.037259 0.4545
0.12218 0.037246 0.44975
0.12482 0.037237 0.46228
0.10646 0.037244 0.47505
0.11648 0.037219 0.4916
0.12684 0.037226 0.47721
0.13455 0.037212 0.49435
0.11287 0.037218 0.50706
0.10815 0.037217 0.52755
0.13273 0.037201 0.52816
0.11521 0.037204 0.53959
0.10987 0.037211 0.56001
0.13522 0.037193 0.54463
0.10724 0.037217 0.58178
0.1095 0.037217 0.5942
0.13067 0.037194 0.57538
0.13158 0.037201 0.59904
0.11821 0.03721 0.61473
0.11793 0.037215 0.62435
0.13666 0.037197 0.62852
0.11382 0.037228 0.64314
0.11281 0.037236 0.65599
0.12891 0.037216 0.63724
0.12404 0.037233 0.66418
0.11033 0.037254 0.68133
0.12914 0.037238 0.68028
0.11125 0.037283 0.72721
0.1327 0.037242 0.70419
0.13256 0.037263 0.73231
0.10502 0.037298 0.73868
0.10879 0.037304 0.7556
0.12353 0.037298 0.7638
0.10979 0.037316 0.77562
0.13106 0.0373 0.77933
0.12029 0.037317 0.79235
0.11088 0.037335 0.83318
0.12004 0.037322 0.80702
0.12316 0.03733 0.83746
0.11222 0.037337 0.84363
0.12824 0.03733 0.84735
0.1284 0.03733 0.86189
0.11132 0.037338 0.88207
0.11578 0.037333 0.8994
0.13229 0.037325 0.8903
0.1264 0.037332 0.90514
0.10692 0.037332 0.91649
0.12653 0.037352 0.9195
0.12512 0.037594 0.93254
0.10853 0.03775 0.94369
0.13621 0.038125 0.95019
0.13382 0.033335 0.96496
0.14232 0.037568 0.03986
0.15785 0.037557 0.03529
0.15949 0.037555 0.053596
0.13497 0.037566 0.076693
0.14038 0.037556 0.096095
0.15322 0.037555 0.072433
0.15764 0.037546 0.091233
0.14002 0.037552 0.10726
0.14168 0.037546 0.11874
0.15226 0.037542 0.11201
0.1566 0.037536 0.11769
0.13518 0.037537 0.13889
0.13635 0.037521 0.16082
0.1612 0.037505 0.15461
0.13506 0.037507 0.17983
0.15929 0.037488 0.17453
0.15814 0.03748 0.18629
0.13791 0.03748 0.2074
0.14426 0.037453 0.22765
0.16136 0.037454 0.20904
0.1374 0.037447 0.24032
0.14791 0.03742 0.25601
0.15356 0.037439 0.23354
0.16206 0.037401 0.2624
0.14045 0.037413 0.27034
0.1402 0.03739 0.29261
0.15936 0.037396 0.27034
0.15625 0.03738 0.2895
0.14846 0.037362 0.30686
0.13608 0.03737 0.31777
0.16225 0.03736 0.3011
0.15444 0.037337 0.32458
0.13926 0.037331 0.34679
0.14891 0.037308 0.35388
0.15972 0.037325 0.33538
0.14596 0.037286 0.3788
0.1403 0.037287 0.38771
0.16436 0.037274 0.3823
0.13875 0.037251 0.4271
0.154 0.037219 0.43154
0.14793 0.037215 0.44709
0.14173 0.037216 0.46058
0.16129 0.037202 0.45069
0.16035 0.037191 0.4606
0.14364 0.037199 0.47615
0.14293 0.03719 0.49222
0.16455 0.037173 0.48004
0.15576 0.037155 0.51452
0.15533 0.03715 0.52729
0.17591 0.037162 0.50854
0.14787 0.037159 0.54684
0.15514 0.037144 0.56692
0.16481 0.037134 0.55065
0.17638 0.037148 0.55443
0.15559 0.037145 0.58219
0.14909 0.03716 0.59427
0.17383 0.037147 0.58142
0.17188 0.037148 0.59301
0.14749 0.037166 0.61038
0.14957 0.037167 0.62674
0.17314 0.037148 0.61365
0.16651 0.037148 0.62343
0.15108 0.037178 0.6571
0.17452 0.037139 0.64123
0.16179 0.037166 0.65774
0.1471 0.037196 0.6704
0.15188 0.037202 0.6909
0.1581 0.03718 0.67355
0.15853 0.037203 0.6982
0.13876 0.037232 0.70299
0.1488 0.037241 0.73114
0.16268 0.037206 0.70456
0.15598 0.037233 0.73065
0.14775 0.037256 0.74743
0.14046 0.037279 0.76591
0.16134 0.037233 0.73723
0.16394 0.037241 0.75446
0.14242 0.037294 0.79441
0.15667 0.03727 0.77638
0.15727 0.037284 0.80015
0.14751 0.037298 0.80916
0.14451 0.037312 0.83189
0.16563 0.037286 0.81693
0.15764 0.037301 0.83219
0.1425 0.037323 0.85264
0.14943 0.037315 0.86935
0.16163 0.037308 0.85144
0.16225 0.037307 0.86846
0.14022 0.037318 0.88433
0.16032 0.037347 0.88989
0.16259 0.037535 0.90712
0.141 0.037328 0.91713
0.14715 0.037737 0.93494
0.16821 0.037833 0.91686
0.16408 0.037902 0.92866
0.14275 0.034025 0.95513
0.16639 0.038231 0.94173
0.16465 0.033342 0.96173
0.17162 0.037547 0.044998
0.17862 0.037538 0.061594
0.18792 0.037535 0.045724
0.18696 0.037534 0.055449
0.17146 0.037539 0.076936
0.17533 0.037529 0.092882
0.19065 0.037522 0.078609
0.19045 0.037515 0.094111
0.17073 0.037527 0.107
0.1752 0.037509 0.13026
0.1852 0.037512 0.10859
0.19231 0.0375 0.11951
0.17393 0.037501 0.14236
0.18099 0.037486 0.15598
0.18906 0.037485 0.14722
0.19356 0.037477 0.15262
0.18141 0.037445 0.19606
0.19288 0.037455 0.17468
0.18857 0.037445 0.19146
0.17824 0.037415 0.22971
0.19026 0.03743 0.20442
0.18988 0.037416 0.22309
0.17634 0.037402 0.24224
0.1792 0.037377 0.26062
0.1915 0.037376 0.25254
0.19354 0.03735 0.27418
0.18945 0.037332 0.29262
0.17124 0.037345 0.30056
0.17838 0.037313 0.31807
0.19264 0.037311 0.31256
0.19569 0.037292 0.32949
0.17137 0.037294 0.34592
0.17437 0.037282 0.35312
0.18915 0.037273 0.34142
0.19251 0.037264 0.35139
0.18107 0.037244 0.37691
0.19174 0.037235 0.38025
0.189 0.037213 0.398
0.18006 0.037189 0.43399
0.19844 0.037211 0.41094
0.20028 0.037193 0.43133
0.18112 0.037172 0.44751
0.18404 0.037155 0.46312
0.19748 0.037163 0.44558
0.19412 0.037132 0.47067
0.18556 0.037145 0.49669
0.19913 0.037115 0.48952
0.20555 0.037113 0.49811
0.18728 0.03713 0.51055
0.18837 0.037109 0.53285
0.21705 0.03722 0.51782
0.21211 0.037098 0.53443
0.18792 0.037108 0.54608
0.20191 0.037058 0.56145
0.19455 0.037081 0.57704
0.18288 0.037122 0.58968
0.20958 0.037101 0.58197
0.20223 0.037077 0.59347
0.19311 0.037085 0.60438
0.18388 0.037115 0.62458
0.20323 0.037088 0.60164
0.20147 0.037083 0.61866
0.18213 0.037119 0.64258
0.18344 0.03712 0.65202
0.21131 0.037074 0.64244
0.21003 0.037082 0.65439
0.18108 0.037139 0.66984
0.17812 0.037156 0.68625
0.19584 0.037108 0.66621
0.19622 0.037126 0.68648
0.18205 0.037171 0.71413
0.1776 0.037193 0.72674
0.19424 0.03714 0.70012
0.19191 0.037177 0.73093
0.1827 0.037206 0.74692
0.17513 0.037223 0.75545
0.19184 0.037196 0.74571
0.17254 0.037259 0.79287
0.19445 0.03721 0.77041
0.19237 0.03724 0.79904
0.17728 0.037267 0.80859
0.19011 0.037261 0.81664
0.19117 0.037268 0.83264
0.18058 0.037286 0.84429
0.17182 0.037302 0.86247
0.18923 0.03729 0.85167
0.18724 0.037293 0.85951
0.17076 0.037312 0.88424
0.17445 0.037736 0.9028
0.19394 0.03729 0.87799
0.19267 0.037779 0.90127
0.1772 0.038354 0.92681
0.18672 0.038621 0.92525
0.18113 0.034137 0.95103
0.1871 0.038552 0.93326
0.18928 0.033515 0.95487
0.2026 0.03752 0.044477
0.21099 0.037509 0.058938
0.22453 0.037498 0.035007
0.22262 0.037498 0.05672
0.20973 0.037506 0.069233
0.20656 0.037502 0.089389
0.22722 0.037488 0.071538
0.22396 0.037482 0.094411
0.2124 0.037489 0.10176
0.20667 0.037478 0.12821
0.2293 0.03747 0.10255
0.22126 0.037468 0.12286
0.20587 0.037466 0.14369
0.2022 0.037441 0.17574
0.21313 0.037413 0.19244
0.22927 0.037405 0.17536
0.23207 0.037393 0.18671
0.20853 0.037405 0.20321
0.22647 0.037381 0.2035
0.21596 0.037348 0.24199
0.23007 0.037339 0.23723
0.22846 0.03733 0.26076
0.20982 0.037322 0.27688
0.205 0.037323 0.28504
0.22927 0.037317 0.27158
0.22272 0.03729 0.28955
0.21447 0.037281 0.31006
0.21266 0.037265 0.33005
0.22218 0.037263 0.31864
0.20585 0.037272 0.33589
0.21089 0.037234 0.35958
0.223 0.037245 0.33531
0.23292 0.037237 0.35256
0.21471 0.037216 0.36982
0.2122 0.037205 0.38884
0.22689 0.037215 0.36801
0.22073 0.037181 0.39622
0.21173 0.037185 0.4155
0.22018 0.037163 0.41249
0.21451 0.037156 0.44146
0.20991 0.037139 0.46888
0.22869 0.037139 0.4447
0.23253 0.037125 0.46516
0.21864 0.037112 0.48232
0.23016 0.037371 0.50547
0.22873 0.037119 0.4926
0.23816 0.037545 0.50864
0.23368 0.037753 0.52158
0.23538 0.037595 0.5311
0.2355 0.037254 0.54418
0.23499 0.037121 0.55632
0.2483 0.037099 0.55692
0.22729 0.03719 0.58208
0.22216 0.037304 0.59242
0.2469 0.03733 0.58055
0.24411 0.037464 0.58676
0.22318 0.037455 0.60128
0.22057 0.037299 0.62038
0.24115 0.0376 0.61292
0.21769 0.037065 0.63886
0.22683 0.037021 0.64338
0.24025 0.037315 0.62205
0.22376 0.037051 0.66393
0.21359 0.037092 0.68859
0.23503 0.037031 0.6636
0.22963 0.037065 0.68818
0.21029 0.037115 0.70342
0.20781 0.037137 0.72397
0.22791 0.037092 0.70359
0.22887 0.037093 0.71548
0.20865 0.037173 0.75806
0.22661 0.03713 0.74406
0.20621 0.037203 0.78142
0.21258 0.037205 0.79372
0.22527 0.037167 0.77048
0.2051 0.037255 0.83604
0.22888 0.037209 0.81752
0.22484 0.03723 0.83366
0.20486 0.037271 0.85159
0.20731 0.037272 0.8661
0.22296 0.03724 0.84085
0.22273 0.037257 0.8643
0.20518 0.037288 0.88373
0.20519 0.037561 0.90318
0.21771 0.037274 0.8842
0.22054 0.03729 0.90436
0.20654 0.038098 0.93211
0.2183 0.037376 0.92235
0.19546 0.038639 0.94684
0.20559 0.033338 0.96321
0.21341 0.038549 0.94785
0.21388 0.0334 0.95924
0.23519 0.037487 0.035021
0.23891 0.037479 0.061887
0.25268 0.037469 0.042641
0.26096 0.037458 0.056644
0.24067 0.037474 0.068163
0.23701 0.037472 0.085245
0.25693 0.037453 0.076565
0.26034 0.037445 0.086269
0.24729 0.037438 0.1203
0.25697 0.037438 0.10238
0.25289 0.037425 0.1273
0.2373 0.037426 0.1458
0.25667 0.037408 0.14074
0.26312 0.037386 0.15801
0.23865 0.037389 0.17797
0.24957 0.037364 0.19377
0.25656 0.037369 0.17877
0.26304 0.037354 0.18892
0.24328 0.037344 0.21319
0.23771 0.037332 0.23141
0.26045 0.037337 0.20906
0.2385 0.037314 0.24651
0.24625 0.03729 0.25246
0.24934 0.037268 0.27593
0.24936 0.037263 0.2945
0.27246 0.037725 0.28696
0.27121 0.037479 0.30499
0.26652 0.037258 0.32067
0.24137 0.037232 0.35515
0.2614 0.037213 0.34219
0.26671 0.03723 0.35939
0.24456 0.037219 0.36713
0.25654 0.03719 0.37259
0.25165 0.037193 0.38871
0.23692 0.037189 0.41145
0.24744 0.037185 0.42701
0.25479 0.037189 0.40317
0.24495 0.03716 0.44352
0.24674 0.03714 0.46558
0.26228 0.037167 0.44781
0.2625 0.037141 0.46888
0.24593 0.037158 0.49373
0.25995 0.037149 0.48819
0.26953 0.037297 0.50494
0.25933 0.037631 0.52129
0.27775 0.037079 0.53944
0.27201 0.037128 0.55138
0.26331 0.037348 0.5657
0.26172 0.037648 0.58463
0.26669 0.037591 0.58735
0.25636 0.037584 0.5976
0.25261 0.037273 0.61635
0.26219 0.037348 0.59926
0.26792 0.037041 0.61217
0.25045 0.036999 0.63286
0.25819 0.036944 0.64484
0.269 0.036931 0.63497
0.26975 0.036942 0.65115
0.2562 0.036983 0.67016
0.27573 0.036977 0.67682
0.25061 0.037041 0.70886
0.26454 0.037023 0.69691
0.26291 0.037036 0.71864
0.24683 0.037086 0.73481
0.24213 0.037114 0.75444
0.26129 0.037072 0.73944
0.26862 0.037077 0.75734
0.23752 0.037154 0.77671
0.24515 0.037152 0.78985
0.26311 0.037106 0.7682
0.24436 0.037178 0.8069
0.26241 0.037156 0.80734
0.25441 0.037187 0.82896
0.2431 0.037221 0.84687
0.23723 0.037244 0.86429
0.23414 0.037266 0.88415
0.23232 0.037266 0.89449
0.25645 0.037249 0.88063
0.24097 0.03728 0.91934
0.22987 0.037796 0.93638
0.24791 0.037254 0.90924
0.25534 0.037671 0.93697
0.23621 0.033341 0.96241
0.24991 0.037785 0.94186
0.27735 0.037439 0.057163
0.29784 0.037414 0.062013
0.27936 0.037424 0.081028
0.27276 0.037423 0.096157
0.29655 0.037407 0.075742
0.2741 0.03741 0.11152
0.29372 0.037391 0.10678
0.2893 0.037382 0.1263
0.27544 0.037384 0.13943
0.27348 0.037369 0.16095
0.29726 0.037354 0.14197
0.29946 0.037336 0.1631
0.27046 0.037354 0.17416
0.2764 0.03733 0.18801
0.29259 0.037299 0.19971
0.2815 0.037288 0.22355
0.29528 0.037287 0.20526
0.29456 0.037268 0.23248
0.2806 0.03756 0.27106
0.29622 0.037239 0.24852
0.29621 0.037528 0.27055
0.29078 0.037891 0.27965
0.27954 0.03764 0.30498
0.28157 0.037447 0.31433
0.30246 0.037379 0.31652
0.27716 0.037255 0.33588
0.28061 0.037258 0.359
0.291 0.037236 0.34144
0.2937 0.037228 0.35389
0.27791 0.037261 0.36525
0.27513 0.0372 0.38602
0.29334 0.037258 0.3746
0.27029 0.037169 0.41045
0.26823 0.037173 0.42918
0.28575 0.037186 0.41478
0.28272 0.037169 0.43436
0.27345 0.037138 0.47322
0.28376 0.037127 0.44378
0.30088 0.03716 0.46163
0.27336 0.037131 0.48907
0.28165 0.037089 0.50718
0.29668 0.03695 0.4976
0.28769 0.036901 0.52534
0.31849 0.036848 0.54606
0.31166 0.037034 0.55084
0.29415 0.037466 0.5713
0.31082 0.037201 0.56086
0.32439 0.037164 0.57155
0.29718 0.037416 0.57538
0.28514 0.037097 0.58848
0.31273 0.037206 0.57913
0.31447 0.036919 0.5856
0.29357 0.036829 0.59714
0.28863 0.036869 0.61373
0.3115 0.036762 0.60972
0.29016 0.036881 0.63276
0.2875 0.036903 0.64983
0.30561 0.036849 0.63309
0.3079 0.037017 0.65274
0.28671 0.036925 0.65884
0.29387 0.037038 0.67943
0.31348 0.037338 0.66448
0.30506 0.037294 0.68478
0.28487 0.036987 0.70178
0.28679 0.03698 0.71058
0.30494 0.036972 0.71253
0.28607 0.037011 0.74107
0.2805 0.037061 0.76007
0.30215 0.036999 0.73136
0.27379 0.037092 0.76923
0.28068 0.037101 0.7885
0.29988 0.037063 0.77209
0.29431 0.037094 0.79191
0.29462 0.037122 0.81074
0.28616 0.037152 0.82806
0.27739 0.037186 0.84746
0.29649 0.037164 0.84355
0.28735 0.03719 0.86015
0.26917 0.037233 0.88422
0.27849 0.037229 0.89661
0.29099 0.03721 0.88211
0.28308 0.037227 0.89738
0.29386 0.037232 0.91346
0.2903 0.037555 0.93094
0.27215 0.038147 0.94954
0.27484 0.033489 0.95713
0.29256 0.037749 0.93998
0.28029 0.033347 0.96117
0.30386 0.037414 0.045849
0.30746 0.037405 0.05951
0.33049 0.037386 0.044756
0.33178 0.03738 0.059474
0.30623 0.037392 0.081509
0.3104 0.037385 0.089336
0.32672 0.037376 0.07186
0.32311 0.037365 0.096402
0.30889 0.037369 0.11103
0.30712 0.037357 0.12948
0.33165 0.037346 0.10648
0.32246 0.037343 0.12753
0.30618 0.037334 0.14844
0.30968 0.037328 0.16045
0.32619 0.03731 0.14774
0.32731 0.037306 0.15764
0.30861 0.037293 0.1826
0.31209 0.037281 0.19844
0.32834 0.037277 0.17719
0.31478 0.037248 0.23024
0.33456 0.037232 0.21607
0.33374 0.037227 0.22484
0.30682 0.037218 0.25233
0.31324 0.037247 0.26371
0.32392 0.037206 0.26847
0.30863 0.037459 0.27714
0.3001 0.037875 0.29225
0.32113 0.037233 0.27601
0.32828 0.037222 0.29015
0.30493 0.03754 0.30399
0.30785 0.037397 0.31323
0.32637 0.037236 0.30963
0.32822 0.037258 0.31713
0.31559 0.037353 0.33022
0.30724 0.037293 0.35505
0.32873 0.037415 0.33929
0.33754 0.037605 0.35593
0.31217 0.037339 0.35989
0.30029 0.037288 0.38815
0.32443 0.0374 0.3684
0.32868 0.037524 0.37979
0.29589 0.037212 0.41128
0.30322 0.037275 0.42399
0.30881 0.03741 0.40269
0.31341 0.037372 0.42922
0.30889 0.037121 0.44974
0.31072 0.037263 0.46533
0.32832 0.03725 0.45088
0.34295 0.037171 0.4606
0.31468 0.036747 0.48707
0.33418 0.036918 0.47432
0.32089 0.036763 0.49451
0.31958 0.036758 0.50992
0.3281 0.036444 0.53052
0.33349 0.036784 0.50557
0.34733 0.036254 0.55707
0.37016 0.037225 0.58766
0.34699 0.036891 0.59067
0.4205 0.044739 0.47763
0.3349 0.036802 0.60461
0.32484 0.036906 0.61502
0.35885 0.036865 0.61178
0.33861 0.036886 0.64385
0.33491 0.037183 0.66176
0.33295 0.037442 0.68354
0.33619 0.037029 0.70106
0.33019 0.036935 0.71477
0.31489 0.036976 0.72668
0.31944 0.036987 0.74845
0.33223 0.036959 0.73339
0.32889 0.036987 0.75341
0.31766 0.03703 0.77068
0.30866 0.03706 0.78632
0.32468 0.03702 0.775
0.32347 0.037057 0.7932
0.30605 0.037096 0.80124
0.32352 0.037099 0.82352
0.30577 0.037148 0.84011
0.31122 0.037164 0.85895
0.30217 0.037199 0.88428
0.30982 0.037198 0.89232
0.3231 0.037173 0.87199
0.32007 0.037195 0.89884
0.3016 0.037235 0.9166
0.31059 0.037404 0.93296
0.32932 0.037195 0.90846
0.31922 0.037295 0.92619
0.30055 0.037791 0.94806
0.32099 0.037526 0.94519
0.34204 0.037375 0.041036
0.34117 0.037372 0.056832
0.36603 0.037352 0.041239
0.35527 0.037363 0.052411
0.34187 0.037356 0.075501
0.34157 0.03735 0.088576
0.35724 0.037334 0.086637
0.34403 0.037329 0.10831
0.33926 0.037324 0.12657
0.35958 0.037305 0.12623
0.34261 0.037294 0.14441
0.34717 0.03728 0.15769
0.35934 0.037273 0.14697
0.36641 0.037258 0.15629
0.34816 0.037252 0.17656
0.34851 0.037233 0.18818
0.35535 0.037254 0.17231
0.3609 0.037224 0.18849
0.34186 0.037233 0.20912
0.34155 0.037224 0.23102
0.35765 0.037219 0.2089
0.34972 0.037208 0.24589
0.34749 0.03721 0.27128
0.36018 0.037194 0.24948
0.36843 0.037206 0.26777
0.35555 0.037216 0.29009
0.35427 0.037225 0.29934
0.37018 0.037276 0.28969
0.36469 0.037221 0.2977
0.3481 0.037304 0.30948
0.3516 0.037413 0.3314
0.36788 0.037299 0.31668
0.36451 0.037371 0.33595
0.3575 0.037495 0.33931
0.34495 0.037649 0.35204
0.36395 0.03758 0.34935
0.37282 0.037946 0.3756
0.36733 0.038028 0.39185
0.32524 0.037801 0.39713
0.32133 0.03771 0.4289
0.34438 0.037958 0.39326
0.34448 0.037498 0.45093
0.34363 0.038189 0.44452
0.35438 0.036655 0.47273
0.34302 0.036502 0.4913
0.37392 0.035636 0.47855
0.34547 0.036674 0.50198
0.35048 0.036604 0.50267
0.36966 0.037761 0.5644
0.39831 0.038269 0.55088
0.37867 0.038333 0.57751
0.41336 0.052724 0.47132
0.41415 0.064212 0.46599
0.42388 0.042037 0.48283
0.41616 0.037188 0.50307
0.36485 0.036693 0.61519
0.41929 0.036865 0.50332
0.38378 0.036358 0.61572
0.36038 0.036788 0.64393
0.34306 0.037055 0.66118
0.37732 0.036775 0.63895
0.3687 0.036883 0.65414
0.3407 0.0373 0.68021
0.3715 0.036899 0.66346
0.37448 0.036947 0.68181
0.3406 0.037097 0.69396
0.35099 0.036899 0.70694
0.37021 0.036909 0.69314
0.36065 0.036919 0.71651
0.349 0.036937 0.72487
0.34854 0.036974 0.75456
0.36285 0.036926 0.72898
0.36435 0.036949 0.74727
0.36085 0.036977 0.7668
0.35978 0.037022 0.79185
0.34998 0.037056 0.8071
0.33851 0.037073 0.81629
0.35887 0.037061 0.81904
0.34794 0.037106 0.83963
0.34485 0.037132 0.85846
0.36543 0.037081 0.83202
0.36331 0.037116 0.85852
0.33823 0.037172 0.87884
0.34108 0.037174 0.89379
0.35442 0.037157 0.88771
0.34557 0.037186 0.91233
0.33845 0.037439 0.93084
0.35331 0.037198 0.91553
0.35305 0.037438 0.92784
0.34452 0.037704 0.94152
0.33614 0.033369 0.9593
0.35959 0.03776 0.94127
0.35139 0.033338 0.96306
0.37289 0.037344 0.035224
0.38266 0.037333 0.057553
0.39135 0.037328 0.041462
0.39294 0.037317 0.073095
0.39772 0.037298 0.096951
0.37397 0.037308 0.10834
0.38535 0.037294 0.12197
0.3981 0.037273 0.11351
0.39317 0.037279 0.12174
0.37463 0.037251 0.15024
0.37609 0.037247 0.16456
0.39922 0.037236 0.14378
0.38279 0.037219 0.1755
0.37767 0.037204 0.18853
0.39816 0.037197 0.20171
0.37907 0.037207 0.20933
0.38282 0.03718 0.22779
0.39399 0.037184 0.21626
0.39408 0.037174 0.22702
0.3792 0.037182 0.25544
0.37777 0.037201 0.26828
0.40176 0.037199 0.24904
0.40027 0.037216 0.2745
0.3792 0.037275 0.28665
0.38461 0.037295 0.3128
0.40232 0.037311 0.29349
0.39507 0.037278 0.3102
0.39175 0.038086 0.34269
0.4013 0.037523 0.32636
0.39855 0.03812 0.3404
0.38429 0.037856 0.35246
0.39564 0.037891 0.3726
0.37925 0.038041 0.3856
0.41106 0.03819 0.38037
0.36833 0.038808 0.40161
0.38002 0.038722 0.40123
0.35489 0.039398 0.40774
0.36144 0.039395 0.44559
0.37965 0.041583 0.43895
0.33652 0.039805 0.43083
0.38852 0.043482 0.43325
0.39753 0.03954 0.43846
0.38604 0.036121 0.46261
0.36988 0.036971 0.51526
0.375 0.038544 0.57531
0.37422 0.036922 0.51431
0.38111 0.038857 0.5728
0.4074 0.06241 0.46623
0.40631 0.070165 0.46006
0.42941 0.060884 0.47967
0.42652 0.038778 0.49225
0.43905 0.052427 0.48554
0.40554 0.03613 0.58524
0.38944 0.036316 0.61392
0.3876 0.036553 0.6238
0.40313 0.036537 0.61727
0.42216 0.036988 0.61074
0.38921 0.036863 0.63854
0.39149 0.036983 0.6521
0.43886 0.036604 0.54044
0.43759 0.036845 0.58363
0.38941 0.037009 0.66169
0.42172 0.037078 0.6368
0.41189 0.03696 0.66334
0.39384 0.036909 0.70682
0.41395 0.036917 0.67997
0.40268 0.036921 0.70566
0.38754 0.036893 0.73176
0.37784 0.036922 0.73999
0.39587 0.036889 0.72674
0.38695 0.036952 0.76573
0.38257 0.036989 0.78742
0.394 0.036948 0.75901
0.38113 0.037012 0.79896
0.37355 0.037056 0.82417
0.3762 0.037074 0.83294
0.37397 0.037095 0.85256
0.39039 0.037065 0.83267
0.39063 0.037097 0.86064
0.37559 0.037132 0.87433
0.3705 0.037153 0.89577
0.39228 0.037143 0.89907
0.374 0.037175 0.91157
0.38036 0.037545 0.93192
0.38748 0.037169 0.91065
0.39384 0.037541 0.93419
0.37717 0.037844 0.94414
0.37114 0.033639 0.95535
0.39 0.037809 0.94465
0.39588 0.033535 0.95593
0.4158 0.037313 0.036918
0.42122 0.03731 0.042077
0.42221 0.037305 0.066808
0.40693 0.037306 0.084416
0.42712 0.037294 0.076746
0.43578 0.037468 0.10075
0.42058 0.037242 0.11338
0.411 0.037233 0.12351
0.42833 0.037403 0.11109
0.43117 0.037459 0.12758
0.41791 0.037204 0.1484
0.41142 0.037213 0.16602
0.43311 0.037226 0.15285
0.41437 0.037193 0.1757
0.4126 0.037186 0.19931
0.42483 0.037173 0.18219
0.42659 0.037166 0.18997
0.4174 0.03719 0.24063
0.42832 0.037152 0.21755
0.43319 0.037135 0.22587
0.40538 0.037181 0.25555
0.41793 0.037228 0.27761
0.43314 0.037199 0.24811
0.41841 0.037319 0.29579
0.41557 0.037335 0.30467
0.43304 0.037333 0.31801
0.41571 0.037834 0.33632
0.4068 0.03812 0.34561
0.42762 0.037412 0.32812
0.41633 0.038073 0.34995
0.40674 0.038202 0.35578
0.41256 0.038215 0.36221
0.43372 0.036524 0.38005
0.42708 0.037556 0.37641
0.42453 0.038217 0.39846
0.46504 0.036596 0.41791
0.39551 0.037969 0.40006
0.36339 0.040433 0.41216
0.43475 0.037728 0.41429
0.40655 0.037372 0.40719
0.33885 0.040893 0.42103
0.37026 0.041995 0.43904
0.37697 0.039661 0.41167
0.42195 0.044497 0.43344
0.3882 0.036389 0.46131
0.39863 0.042635 0.42913
0.39457 0.035249 0.49193
0.3828 0.036174 0.51333
0.37947 0.03917 0.55866
0.38197 0.036469 0.52349
0.39069 0.039135 0.55552
0.42639 0.078162 0.47619
0.43718 0.043574 0.49275
0.40845 0.036304 0.58334
0.51342 0.045987 0.44829
0.43135 0.036055 0.55487
0.45861 0.040252 0.50246
0.51471 0.048388 0.44473
0.44552 0.038285 0.51585
0.44065 0.037077 0.5897
0.44414 0.036995 0.53775
0.44629 0.037047 0.61197
0.42995 0.037031 0.63847
0.43002 0.037009 0.65264
0.45001 0.037125 0.63932
0.44773 0.037048 0.65863
0.42802 0.036983 0.68139
0.42034 0.036963 0.69725
0.43868 0.036995 0.69131
0.41421 0.036917 0.73636
0.43386 0.036907 0.71914
0.4262 0.036935 0.73939
0.41588 0.036933 0.76067
0.40616 0.036974 0.78451
0.43254 0.036922 0.76108
0.43394 0.036958 0.77962
0.41698 0.036999 0.8053
0.43401 0.036987 0.795
0.42111 0.037013 0.81496
0.40696 0.037053 0.83263
0.42521 0.037072 0.85714
0.41323 0.037114 0.87846
0.40834 0.037125 0.89794
0.42834 0.037105 0.8786
0.42284 0.037105 0.88835
0.40985 0.037133 0.90887
0.40723 0.03743 0.93317
0.42733 0.037294 0.93037
0.4011 0.037733 0.9469
0.41783 0.037457 0.94036
0.42774 0.033342 0.96161
0.43853 0.037309 0.042294
0.4438 0.037295 0.064289
0.4569 0.037304 0.046239
0.43819 0.037285 0.075443
0.44169 0.037516 0.099162
0.4631 0.03726 0.08522
0.45922 0.037714 0.104
0.44567 0.038086 0.12045
0.46258 0.03784 0.11014
0.45068 0.037862 0.13057
0.44311 0.037227 0.15283
0.45638 0.037848 0.13197
0.46186 0.037198 0.155
0.44847 0.037157 0.17016
0.4451 0.037163 0.19655
0.46036 0.037144 0.18036
0.45886 0.037159 0.20108
0.44803 0.037151 0.21465
0.4432 0.037136 0.22822
0.45505 0.037162 0.23728
0.44066 0.037209 0.25348
0.438 0.037206 0.27059
0.4528 0.037208 0.25219
0.44037 0.037262 0.28374
0.44055 0.037314 0.30448
0.45917 0.03726 0.2948
0.46331 0.037176 0.3078
0.43506 0.037286 0.32572
0.44276 0.036885 0.33204
0.44618 0.036367 0.34296
0.45155 0.03591 0.40248
0.47313 0.042465 0.43724
0.43194 0.03684 0.34786
0.42882 0.036717 0.36448
0.45898 0.047837 0.45291
0.46405 0.038289 0.43369
0.43847 0.036231 0.37255
0.46002 0.051254 0.45241
0.45305 0.056718 0.467
0.39716 0.036776 0.40905
0.34501 0.039897 0.42487
0.45466 0.036792 0.4255
0.44315 0.034243 0.42531
0.38048 0.041325 0.4325
0.3943 0.035437 0.44909
0.39943 0.034549 0.46211
0.38386 0.036286 0.53814
0.40234 0.038809 0.51027
0.38718 0.035881 0.53907
0.44745 0.040073 0.49647
0.41373 0.035602 0.54668
0.43165 0.037108 0.52358
0.41578 0.035212 0.56793
0.51054 0.043168 0.45187
0.50925 0.063052 0.45597
0.49921 0.063106 0.4666
0.46023 0.037514 0.51059
0.44745 0.037239 0.52796
0.45565 0.036404 0.54869
0.478 0.036451 0.52513
0.45353 0.037137 0.60641
0.45612 0.037215 0.61724
0.47409 0.036153 0.54224
0.45679 0.036764 0.56221
0.45881 0.037191 0.63709
0.46467 0.037061 0.64579
0.47544 0.037073 0.63051
0.45683 0.037031 0.6713
0.4564 0.036959 0.69268
0.46975 0.037007 0.66028
0.46709 0.036952 0.69392
0.45582 0.036928 0.70759
0.4428 0.036934 0.73755
0.46519 0.036916 0.7133
0.46041 0.036932 0.73553
0.44498 0.03692 0.75647
0.44436 0.036967 0.78245
0.45748 0.036906 0.75966
0.46652 0.036964 0.78323
0.44495 0.03699 0.8101
0.45592 0.03697 0.80255
0.4555 0.036991 0.81338
0.44589 0.037025 0.82897
0.43864 0.037062 0.85646
0.46391 0.037022 0.82947
0.44075 0.037092 0.8677
0.44112 0.037096 0.88999
0.45369 0.037087 0.87903
0.46142 0.037098 0.8942
0.44775 0.037117 0.91513
0.44782 0.037218 0.92816
0.46145 0.037147 0.91614
0.45729 0.037301 0.93288
0.44491 0.037391 0.94846
0.46651 0.037586 0.94547
0.46183 0.033336 0.96349
0.43647 0.038476 0.4306
0.41174 0.038291 0.45621
0.41074 0.038966 0.48398
0.42498 0.041796 0.47105
0.4806 0.037291 0.047136
0.477 0.037279 0.067265
0.49493 0.037288 0.039431
0.48695 0.03728 0.064873
0.46907 0.03726 0.085307
0.47278 0.0374 0.09849
0.49079 0.037267 0.076456
0.49 0.037268 0.098148
0.47952 0.037443 0.11584
0.47391 0.037686 0.12088
0.48433 0.037295 0.11035
0.49307 0.037262 0.13138
0.47132 0.037501 0.13634
0.48924 0.037184 0.15749
0.46808 0.037157 0.17655
0.47611 0.037149 0.19324
0.48477 0.037177 0.17486
0.4782 0.037162 0.21223
0.47533 0.037154 0.23118
0.48956 0.037163 0.2093
0.49015 0.037143 0.22783
0.47138 0.037223 0.25676
0.47764 0.037246 0.26248
0.48689 0.037215 0.24609
0.49245 0.037233 0.25854
0.46914 0.037259 0.29175
0.48162 0.037323 0.29323
0.49374 0.037271 0.28257
0.49765 0.037371 0.29625
0.47846 0.037001 0.32498
0.48366 0.036692 0.33506
0.49913 0.037095 0.33388
0.46691 0.036086 0.34521
0.47625 0.036001 0.34826
0.5157 0.037083 0.34164
0.52679 0.037524 0.34736
0.46233 0.035876 0.35224
0.4743 0.035885 0.35139
0.52889 0.037737 0.37488
0.45373 0.035371 0.3929
0.51693 0.036505 0.35376
0.5196 0.036072 0.3619
0.4541 0.042224 0.46086
0.45576 0.034921 0.44119
0.459 0.034222 0.36015
0.46469 0.033654 0.3617
0.44431 0.033517 0.47165
0.45474 0.033352 0.4758
0.4154 0.033469 0.46286
0.41757 0.03391 0.5507
0.51878 0.033732 0.44266
0.47221 0.034545 0.50331
0.51154 0.033987 0.57778
0.48174 0.034907 0.56994
0.46123 0.035609 0.52754
0.51676 0.036573 0.45996
0.47366 0.036204 0.56311
0.47621 0.036242 0.57827
0.5099 0.036615 0.47272
0.49208 0.037355 0.55503
0.47621 0.0371 0.55902
0.4868 0.036654 0.59541
0.4922 0.037176 0.55628
0.47318 0.036417 0.5513
0.49642 0.036799 0.60681
0.47517 0.037222 0.61229
0.4809 0.037074 0.64763
0.48915 0.03705 0.63047
0.4963 0.037071 0.65066
0.48164 0.037023 0.68451
0.49537 0.037069 0.66574
0.49457 0.036998 0.6939
0.47961 0.036978 0.71273
0.48036 0.03697 0.7308
0.49479 0.036992 0.71672
0.49621 0.03696 0.73212
0.4818 0.03693 0.74871
0.47293 0.036944 0.77543
0.49288 0.036964 0.78384
0.48022 0.036996 0.81806
0.49488 0.036969 0.79731
0.4927 0.037007 0.82169
0.47814 0.03702 0.83496
0.48031 0.037039 0.854
0.48709 0.037032 0.85112
0.4774 0.037072 0.87191
0.47495 0.037082 0.88446
0.49536 0.037068 0.87852
0.47207 0.037405 0.93052
0.49262 0.037151 0.91061
0.4888 0.037596 0.93369
0.47929 0.037822 0.9466
0.47932 0.033937 0.95391
0.49021 0.037798 0.94128
0.44579 0.038881 0.47811
0.47627 0.036206 0.46169
0.483 0.034189 0.46893
0.51496 0.034454 0.43465
0.47683 0.038126 0.43676
0.49057 0.034799 0.38904
0.40408 0.036514 0.42312
0.41568 0.035268 0.4558
0.41556 0.034101 0.41691
0.4427 0.03666 0.43983
0.45454 0.036484 0.46975
0.44581 0.034213 0.45109
0.49004 0.033997 0.37906
0.45653 0.033854 0.47666
0.49225 0.034189 0.45255
0.41004 0.040917 0.47916
0.47138 0.054883 0.46191
0.52014 0.034424 0.46404
0.51039 0.036893 0.43917
0.50691 0.034555 0.43757
0.498 0.048298 0.44541
0.46282 0.052822 0.46784
0.48455 0.035797 0.4057
0.43549 0.038915 0.46956
0.43383 0.035841 0.46174
0.46257 0.042556 0.46573
0.42119 0.036442 0.45807
0.43054 0.068028 0.47067
0.42524 0.036437 0.4611
0.45848 0.039779 0.4692
0.47399 0.035574 0.45551
0.44803 0.045577 0.48606
0.50286 0.04493 0.44939
0.48286 0.03646 0.46158
0.48708 0.037521 0.448
0.48086 0.034955 0.47036
0.53241 0.034443 0.43952
0.49082 0.033963 0.44542
0.48609 0.03598 0.45011
0.46563 0.050991 0.46502
0.52664 0.035485 0.45012
0.42389 0.036869 0.46247
0.52222 0.033917 0.42748
0.50656 0.037286 0.046407
0.52472 0.037284 0.048514
0.52371 0.037282 0.058982
0.50566 0.03727 0.074666
0.50586 0.037267 0.092854
0.52893 0.037273 0.070257
0.52295 0.037265 0.092924
0.50148 0.037259 0.11236
0.51127 0.037249 0.12354
0.52692 0.037241 0.11455
0.52219 0.037236 0.12193
0.51363 0.0372 0.14601
0.51122 0.037177 0.15737
0.51799 0.037201 0.14464
0.51967 0.037187 0.16898
0.50929 0.037179 0.17495
0.51488 0.037144 0.19056
0.52916 0.037151 0.18713
0.5191 0.037146 0.19151
0.51665 0.037152 0.21688
0.5033 0.037132 0.22457
0.53082 0.037153 0.21406
0.53434 0.037118 0.22849
0.51454 0.037231 0.24745
0.51372 0.037304 0.26048
0.52904 0.037463 0.25282
0.52742 0.03761 0.26325
0.507 0.037273 0.28823
0.5355 0.037628 0.27469
0.53144 0.037453 0.27912
0.50699 0.037347 0.30071
0.52682 0.037408 0.30657
0.54663 0.037268 0.30803
0.55354 0.036958 0.33659
0.51267 0.037563 0.31808
0.55358 0.036999 0.36865
0.55824 0.037537 0.38212
0.53334 0.037868 0.35098
0.54885 0.037573 0.37199
0.56214 0.040478 0.40515
0.53224 0.037721 0.33505
0.53393 0.037545 0.33387
0.57881 0.040074 0.38628
0.54486 0.037125 0.40713
0.54215 0.035119 0.40181
0.57349 0.03693 0.39072
0.49343 0.035603 0.40218
0.4846 0.033454 0.43505
0.54374 0.033658 0.42729
0.5497 0.03337 0.45462
0.5082 0.033459 0.43129
0.50631 0.033468 0.56634
0.51769 0.033346 0.50306
0.5146 0.033909 0.534
0.50036 0.035769 0.58616
0.51729 0.039869 0.56358
0.52662 0.039461 0.55685
0.52613 0.037939 0.56681
0.50606 0.037496 0.59958
0.52394 0.037132 0.57307
0.53044 0.037147 0.57466
0.51239 0.037243 0.60951
0.52278 0.03714 0.6201
0.53643 0.036771 0.59174
0.54209 0.036678 0.60434
0.51455 0.037217 0.63593
0.50741 0.037166 0.64839
0.5298 0.037033 0.63263
0.53558 0.036927 0.64972
0.50342 0.037007 0.68061
0.50805 0.036972 0.69866
0.51768 0.036965 0.70046
0.50655 0.036958 0.71475
0.5077 0.036952 0.72925
0.5238 0.036951 0.70795
0.51801 0.036947 0.73158
0.51379 0.036924 0.74952
0.50533 0.036946 0.77656
0.52532 0.036911 0.76297
0.52978 0.036954 0.77849
0.50681 0.03697 0.79852
0.512 0.036978 0.8098
0.52309 0.036971 0.80406
0.52375 0.036992 0.8151
0.51127 0.037028 0.84904
0.53201 0.037046 0.85714
0.5101 0.037073 0.87586
0.5158 0.037077 0.89239
0.5312 0.037076 0.87544
0.53218 0.037083 0.89565
0.50314 0.037208 0.91749
0.5216 0.037117 0.91441
0.50714 0.034086 0.95383
0.52927 0.038232 0.94792
0.52729 0.033371 0.9593
0.51617 0.034302 0.42053
0.5357 0.033756 0.44934
0.48483 0.035584 0.42895
0.49497 0.034082 0.43072
0.55588 0.036877 0.42938
0.45089 0.036384 0.47465
0.53267 0.036201 0.42539
0.49107 0.035511 0.42803
0.52917 0.03593 0.49048
0.52871 0.033741 0.46529
0.51947 0.034151 0.46417
0.49415 0.033809 0.49725
0.48271 0.036688 0.51663
0.52223 0.033673 0.4925
0.49092 0.037627 0.54317
0.63841 0.037259 0.55368
0.5114 0.046449 0.49077
0.48323 0.033711 0.52659
0.48958 0.035348 0.39853
0.48204 0.037692 0.43648
0.49745 0.035292 0.43943
0.46632 0.034282 0.45517
0.47205 0.036036 0.4464
0.48743 0.03564 0.43423
0.54312 0.035005 0.47037
0.51831 0.033627 0.41006
0.5219 0.03389 0.47281
0.4999 0.035098 0.48756
0.53699 0.034398 0.44045
0.50534 0.034348 0.4822
0.55063 0.038118 0.52848
0.5028 0.037157 0.49945
0.53282 0.035919 0.47361
0.46638 0.035116 0.45996
0.48368 0.035276 0.44694
0.53131 0.034595 0.46733
0.5403 0.037285 0.056021
0.56254 0.037289 0.036929
0.55823 0.037279 0.06564
0.54228 0.037256 0.097806
0.55418 0.03727 0.074562
0.55484 0.037261 0.093368
0.54255 0.037238 0.11529
0.54681 0.037236 0.1327
0.55214 0.037237 0.11444
0.55204 0.037234 0.13284
0.54278 0.037205 0.14396
0.56235 0.037201 0.14539
0.55515 0.037179 0.15802
0.54594 0.037156 0.18457
0.56391 0.037157 0.18225
0.54895 0.037122 0.22033
0.5421 0.037235 0.23891
0.56448 0.037111 0.21684
0.55796 0.037327 0.24528
0.54548 0.037771 0.25475
0.5532 0.037629 0.2529
0.55797 0.037706 0.27292
0.54716 0.037813 0.27889
0.55966 0.037442 0.28601
0.56316 0.037211 0.29619
0.56091 0.036886 0.34007
0.57895 0.037074 0.31681
0.57881 0.037053 0.33146
0.56776 0.037233 0.35819
0.57086 0.038227 0.37053
0.58662 0.03732 0.35837
0.59564 0.038188 0.37171
0.56486 0.038789 0.38442
0.58469 0.040064 0.38572
0.59157 0.03893 0.38137
0.57714 0.040388 0.40643
0.51858 0.039543 0.40101
0.51721 0.039446 0.4011
0.48989 0.037208 0.40937
0.58653 0.037291 0.45083
0.55699 0.034599 0.46634
0.54238 0.034295 0.49472
0.64374 0.033458 0.54339
0.65345 0.034485 0.53596
0.5803 0.052211 0.54143
0.57265 0.036699 0.55213
0.50694 0.04575 0.56183
0.50679 0.041523 0.50415
0.56976 0.042333 0.54329
0.50371 0.046114 0.55774
0.56774 0.037528 0.55621
0.50138 0.043967 0.55045
0.52903 0.039063 0.54919
0.53968 0.0375 0.56791
0.53422 0.037299 0.54416
0.54895 0.037125 0.58209
0.55063 0.036897 0.60968
0.55572 0.03773 0.56728
0.54406 0.036703 0.6274
0.54571 0.03686 0.65878
0.56072 0.037065 0.63125
0.55103 0.036878 0.65879
0.53324 0.036953 0.6799
0.53484 0.036957 0.70112
0.55325 0.03696 0.67025
0.53551 0.036938 0.71455
0.54811 0.036936 0.72582
0.55845 0.036945 0.74411
0.53573 0.036923 0.75268
0.54041 0.036962 0.78096
0.56055 0.036921 0.76685
0.56122 0.036981 0.78673
0.54585 0.036977 0.7947
0.54158 0.037008 0.82295
0.55246 0.036979 0.79779
0.55403 0.037002 0.81921
0.53922 0.037023 0.84433
0.5525 0.037028 0.84298
0.5598 0.03706 0.86048
0.54188 0.037075 0.8878
0.55649 0.037075 0.88168
0.5642 0.037089 0.89028
0.54713 0.037111 0.91263
0.53804 0.037716 0.935
0.55911 0.037158 0.91613
0.55578 0.037718 0.9349
0.54476 0.038222 0.94768
0.54869 0.033347 0.96106
0.56402 0.03812 0.94501
0.55507 0.03374 0.95529
0.53961 0.034325 0.51342
0.59167 0.03436 0.54135
0.57525 0.037293 0.045887
0.58572 0.037296 0.041133
0.59373 0.037291 0.064822
0.57105 0.037256 0.10015
0.58786 0.037279 0.075993
0.59414 0.037264 0.098733
0.57023 0.037235 0.11715
0.57482 0.037228 0.13327
0.59276 0.037249 0.1104
0.5854 0.037235 0.12337
0.58044 0.037184 0.15283
0.59717 0.037204 0.1444
0.59146 0.037181 0.16424
0.5775 0.037138 0.18624
0.57053 0.037132 0.19758
0.58599 0.037128 0.18877
0.5957 0.037116 0.19599
0.57016 0.037107 0.23835
0.58958 0.037065 0.22611
0.57058 0.037333 0.25999
0.56673 0.037393 0.27442
0.59685 0.03703 0.2526
0.58708 0.037095 0.27574
0.57652 0.037118 0.28208
0.5917 0.03732 0.28736
0.60105 0.037634 0.297
0.58402 0.037148 0.31535
0.59432 0.037364 0.32725
0.60383 0.037562 0.31165
0.60313 0.037288 0.32815
0.60021 0.03754 0.35695
0.60651 0.037509 0.38517
0.59597 0.037959 0.40862
0.58468 0.039257 0.40861
0.55366 0.038479 0.43659
0.5765 0.038308 0.43617
0.57768 0.038305 0.44957
0.60928 0.037848 0.44914
0.61119 0.038161 0.44033
0.60012 0.037517 0.45713
0.55281 0.039259 0.47381
0.56973 0.038451 0.47172
0.55232 0.038584 0.48053
0.61054 0.037177 0.50761
0.53308 0.041949 0.4984
0.59384 0.037494 0.5039
0.53268 0.044162 0.49502
0.64234 0.034697 0.53671
0.63784 0.041398 0.5599
0.6081 0.036083 0.54298
0.62822 0.044209 0.55967
0.59544 0.058839 0.54967
0.57718 0.040207 0.55293
0.608 0.052447 0.55647
0.50722 0.060772 0.50573
0.58241 0.037023 0.57603
0.57978 0.041083 0.55404
0.59088 0.036901 0.59669
0.516 0.036516 0.53792
0.51226 0.037044 0.54105
0.58027 0.036312 0.59414
0.55486 0.037377 0.55671
0.57313 0.037421 0.62355
0.58292 0.036443 0.60561
0.58213 0.037227 0.62066
0.57631 0.03746 0.63596
0.58296 0.037578 0.63366
0.5811 0.037474 0.65159
0.56348 0.03693 0.69534
0.57981 0.036929 0.69136
0.56499 0.036945 0.71202
0.58686 0.036916 0.72566
0.58464 0.03695 0.74618
0.56746 0.036946 0.77565
0.58806 0.036993 0.78761
0.57552 0.03699 0.79169
0.57481 0.036991 0.81201
0.58777 0.036992 0.80765
0.57671 0.037047 0.84013
0.59564 0.037062 0.84188
0.57305 0.037084 0.8712
0.59665 0.037113 0.89703
0.57359 0.03714 0.91407
0.59311 0.037131 0.91182
0.57421 0.038314 0.94975
0.57715 0.034014 0.95414
0.59079 0.037904 0.94541
0.58555 0.033336 0.96367
0.60944 0.037307 0.046016
0.61168 0.0373 0.063814
0.62983 0.037318 0.043089
0.63174 0.037318 0.054784
0.61497 0.037289 0.078012
0.60304 0.037278 0.09111
0.63177 0.037297 0.082354
0.6267 0.037293 0.089061
0.61029 0.037247 0.11665
0.60864 0.037228 0.13387
0.62197 0.037263 0.10918
0.62803 0.037242 0.12991
0.60274 0.037216 0.13914
0.6136 0.037172 0.16963
0.62767 0.037218 0.14095
0.62807 0.037186 0.15694
0.60618 0.037135 0.18311
0.61301 0.037107 0.197
0.62644 0.037148 0.17665
0.61152 0.037047 0.22125
0.60483 0.037019 0.24151
0.62144 0.037028 0.22517
0.62315 0.037031 0.23868
0.60147 0.037086 0.26672
0.62241 0.036988 0.25509
0.62371 0.037131 0.26315
0.62039 0.0377 0.2849
0.61446 0.037453 0.32863
0.61917 0.037684 0.30359
0.62515 0.037243 0.34937
0.62171 0.037285 0.36516
0.6261 0.037394 0.39025
0.59601 0.037931 0.42499
0.61281 0.038092 0.43121
0.61403 0.037465 0.40905
0.62067 0.037901 0.42108
0.58749 0.038333 0.46562
0.59035 0.038207 0.46965
0.56692 0.037771 0.48171
0.5985 0.037504 0.50002
0.57712 0.037267 0.48671
0.59239 0.037353 0.49355
0.53936 0.040584 0.49987
0.61855 0.038268 0.50937
0.54529 0.038851 0.50672
0.59752 0.038435 0.53784
0.65101 0.038321 0.56308
0.59934 0.038799 0.53707
0.66687 0.035922 0.53716
0.62057 0.045971 0.56098
0.51253 0.042419 0.51386
0.62465 0.043804 0.56349
0.59292 0.05687 0.54916
0.51373 0.058753 0.50036
0.51364 0.049978 0.49891
0.60168 0.036915 0.6109
0.61433 0.037051 0.61652
0.59355 0.036629 0.62004
0.58941 0.037194 0.62936
0.60053 0.037515 0.64606
0.60267 0.037736 0.65414
0.59039 0.037217 0.66729
0.59184 0.036888 0.69093
0.61225 0.036909 0.70244
0.59789 0.036932 0.7176
0.5947 0.036923 0.73384
0.61144 0.036926 0.7254
0.61236 0.036927 0.73501
0.60281 0.036954 0.76683
0.605 0.036966 0.7743
0.6188 0.036972 0.76834
0.62228 0.036985 0.77695
0.59971 0.037003 0.79359
0.60466 0.037047 0.82706
0.62468 0.037026 0.79853
0.63045 0.037063 0.82504
0.60573 0.037067 0.83522
0.60186 0.037072 0.85169
0.62401 0.037082 0.84065
0.62244 0.037093 0.85617
0.6098 0.03711 0.87036
0.60529 0.037112 0.89277
0.61946 0.037124 0.87995
0.63015 0.037136 0.89112
0.60873 0.037121 0.91255
0.60943 0.037271 0.93089
0.62231 0.037324 0.93275
0.61122 0.03742 0.94769
0.6249 0.037495 0.94166
0.63244 0.033335 0.96472
0.63909 0.037323 0.047575
0.65417 0.037334 0.03856
0.65609 0.037326 0.065159
0.64629 0.037307 0.081408
0.6399 0.037288 0.098921
0.66384 0.037324 0.075358
0.66666 0.037318 0.087437
0.65555 0.03728 0.11333
0.64665 0.037175 0.16722
0.65733 0.037223 0.14699
0.65818 0.03719 0.16595
0.64182 0.03714 0.17752
0.64264 0.037066 0.20382
0.65641 0.037127 0.18419
0.65255 0.037092 0.19246
0.64212 0.037035 0.21228
0.64053 0.0371 0.23211
0.66052 0.037047 0.21273
0.658 0.037123 0.2317
0.6398 0.037233 0.25025
0.64101 0.037193 0.263
0.65107 0.037149 0.26419
0.63066 0.037319 0.28321
0.63013 0.037334 0.29813
0.6574 0.03695 0.27958
0.64646 0.036927 0.2915
0.63633 0.037156 0.32116
0.65169 0.037154 0.33782
0.63225 0.037224 0.35293
0.63671 0.037381 0.38329
0.65322 0.037203 0.34792
0.65603 0.037233 0.37198
0.6302 0.037787 0.42027
0.63943 0.03748 0.40928
0.61217 0.038151 0.47675
0.63479 0.037675 0.43722
0.63084 0.037775 0.4538
0.60503 0.037561 0.48923
0.63932 0.037618 0.46837
0.63968 0.037597 0.4539
0.5955 0.039412 0.52466
0.57402 0.038001 0.51898
0.60423 0.039891 0.52823
0.59689 0.03974 0.53224
0.59984 0.0391 0.53616
0.64069 0.036113 0.52642
0.62668 0.036835 0.52571
0.65849 0.036175 0.52075
0.6417 0.039048 0.57003
0.62279 0.041036 0.57717
0.59515 0.051265 0.55133
0.53226 0.038516 0.52712
0.59249 0.044991 0.55207
0.616 0.037248 0.60441
0.58953 0.043018 0.55242
0.62495 0.037138 0.61303
0.62231 0.037001 0.63232
0.6428 0.037 0.63498
0.62113 0.037076 0.66666
0.62355 0.036919 0.65301
0.62755 0.036917 0.66396
0.62302 0.03687 0.68518
0.62502 0.036912 0.70579
0.63836 0.036868 0.69607
0.65151 0.036927 0.71321
0.63213 0.036925 0.72024
0.62891 0.036947 0.74074
0.64732 0.036945 0.73112
0.6453 0.036949 0.74183
0.62914 0.036985 0.76742
0.64057 0.037007 0.78261
0.64676 0.036999 0.76392
0.64994 0.037025 0.78791
0.64233 0.037046 0.80227
0.6407 0.037074 0.82566
0.65936 0.03707 0.80732
0.6627 0.037099 0.82855
0.64292 0.037093 0.83412
0.64347 0.037104 0.85278
0.65332 0.037109 0.8401
0.66003 0.037137 0.86409
0.64893 0.037144 0.88288
0.64922 0.037159 0.89157
0.65576 0.037151 0.88444
0.66478 0.037179 0.89812
0.6463 0.0372 0.91265
0.63977 0.037627 0.93323
0.66485 0.037196 0.90811
0.6616 0.037488 0.92523
0.63928 0.037989 0.9457
0.64501 0.033663 0.95579
0.65943 0.038251 0.94482
0.66753 0.033515 0.95711
0.68181 0.03736 0.045382
0.68398 0.03736 0.052328
0.70077 0.037371 0.040781
0.69181 0.037358 0.059947
0.6995 0.037354 0.072999
0.69783 0.037337 0.093832
0.67099 0.037301 0.10482
0.67104 0.037274 0.12732
0.67425 0.037245 0.14552
0.67604 0.037222 0.16295
0.67905 0.03719 0.17563
0.69219 0.037197 0.1795
0.67636 0.037072 0.21517
0.66432 0.037101 0.22999
0.69178 0.037087 0.22066
0.68127 0.037042 0.23511
0.66449 0.037187 0.24905
0.67827 0.037002 0.25387
0.68617 0.037004 0.25823
0.67077 0.037002 0.29484
0.69008 0.037052 0.28472
0.68153 0.037023 0.29335
0.6668 0.037072 0.33153
0.68752 0.037054 0.31891
0.68679 0.037062 0.3255
0.67514 0.037081 0.34516
0.66883 0.037107 0.35958
0.68306 0.037108 0.35298
0.67895 0.037162 0.36765
0.66381 0.037206 0.38481
0.65803 0.037248 0.39947
0.68106 0.037171 0.38741
0.67996 0.037181 0.39806
0.66222 0.037334 0.41634
0.65251 0.037333 0.43582
0.67498 0.03723 0.41643
0.68208 0.037164 0.4333
0.65477 0.037119 0.47404
0.67954 0.037146 0.45439
0.62102 0.038434 0.52033
0.62265 0.038456 0.52331
0.66419 0.037134 0.48547
0.66318 0.037178 0.49401
0.65002 0.03639 0.50631
0.66722 0.036332 0.52199
0.68366 0.036791 0.51574
0.68274 0.036494 0.54212
0.6464 0.038216 0.57947
0.69152 0.036777 0.53633
0.67192 0.037044 0.57739
0.60607 0.039025 0.5726
0.66356 0.037501 0.58629
0.66844 0.03725 0.59947
0.62689 0.037681 0.59338
0.65524 0.03707 0.60834
0.67081 0.03693 0.62565
0.65487 0.036922 0.63772
0.65756 0.036877 0.64771
0.66676 0.036922 0.63302
0.6738 0.036967 0.65084
0.65173 0.036951 0.67916
0.6715 0.036888 0.67837
0.6638 0.036949 0.70122
0.65736 0.03694 0.71265
0.66805 0.036942 0.69268
0.66785 0.036977 0.74009
0.66271 0.037002 0.75554
0.68435 0.036999 0.73304
0.69102 0.037034 0.75644
0.66745 0.037026 0.76536
0.67202 0.037049 0.78645
0.68637 0.037047 0.76592
0.68307 0.037078 0.79554
0.66925 0.037079 0.80272
0.68288 0.037091 0.80164
0.68664 0.037121 0.82682
0.6799 0.037141 0.84953
0.69326 0.037145 0.8388
0.68767 0.037171 0.86777
0.68097 0.037174 0.87423
0.69144 0.037182 0.87344
0.69271 0.037199 0.89978
0.68088 0.037206 0.91491
0.67221 0.037946 0.93793
0.69193 0.037953 0.93783
0.68328 0.038412 0.94775
0.68487 0.033336 0.96414
0.69859 0.033379 0.95964
0.71079 0.037377 0.037514
0.70972 0.037374 0.055333
0.72679 0.037388 0.042726
0.72939 0.037384 0.061399
0.71235 0.037361 0.077419
0.73026 0.037376 0.076601
0.71248 0.037342 0.10317
0.70857 0.037311 0.12935
0.72791 0.037344 0.11442
0.73163 0.037331 0.12996
0.70559 0.037254 0.16202
0.73341 0.037306 0.14979
0.73085 0.037286 0.16264
0.70576 0.037213 0.18111
0.70267 0.037172 0.19919
0.72243 0.037256 0.17228
0.73141 0.037242 0.19109
0.70427 0.037155 0.20681
0.70228 0.037105 0.22641
0.71988 0.037171 0.21439
0.70855 0.037072 0.2522
0.72995 0.037123 0.25853
0.71315 0.037092 0.27493
0.71387 0.037085 0.29426
0.70108 0.037087 0.31026
0.70903 0.037074 0.33077
0.73382 0.03708 0.30632
0.71754 0.037072 0.33082
0.70991 0.037067 0.33715
0.70671 0.037065 0.36207
0.72263 0.037074 0.33609
0.72473 0.037079 0.35967
0.70559 0.037063 0.38312
0.69352 0.037108 0.39592
0.71566 0.037066 0.37355
0.70875 0.037081 0.39926
0.69562 0.037087 0.42028
0.71898 0.037091 0.4077
0.70723 0.03712 0.4276
0.69708 0.037132 0.44287
0.68754 0.037037 0.47071
0.71467 0.037097 0.44817
0.71 0.037071 0.46556
0.69046 0.037066 0.47919
0.68417 0.037125 0.49065
0.70128 0.037055 0.47645
0.70866 0.037074 0.49447
0.71036 0.037109 0.508
0.71859 0.037175 0.52125
0.70516 0.036954 0.55023
0.72264 0.037071 0.5474
0.7197 0.037032 0.56908
0.69189 0.037016 0.60022
0.71792 0.037014 0.58045
0.70923 0.037019 0.59049
0.68929 0.036947 0.6249
0.69937 0.036994 0.60678
0.71255 0.036991 0.62852
0.69152 0.036919 0.64087
0.69773 0.036919 0.6482
0.70574 0.036948 0.63853
0.71167 0.036964 0.6573
0.69804 0.036955 0.67661
0.69383 0.03696 0.68507
0.70948 0.036974 0.66888
0.71512 0.036982 0.68396
0.70405 0.036982 0.70517
0.69281 0.036988 0.71736
0.71088 0.036999 0.71515
0.69983 0.03703 0.73553
0.70073 0.03704 0.75086
0.72219 0.037053 0.73522
0.71983 0.037065 0.75484
0.70738 0.037082 0.77214
0.69908 0.037087 0.78878
0.71984 0.037096 0.77209
0.71064 0.037139 0.81431
0.70176 0.03714 0.82648
0.72301 0.037141 0.80292
0.71479 0.037169 0.83757
0.70348 0.03718 0.86179
0.72132 0.037176 0.83818
0.7114 0.037208 0.88592
0.70546 0.037202 0.89083
0.72139 0.037218 0.87683
0.73406 0.037238 0.90222
0.70494 0.037226 0.91597
0.71643 0.037496 0.92627
0.73248 0.037244 0.91259
0.71273 0.033351 0.9613
0.73436 0.038402 0.94636
0.7411 0.037399 0.043709
0.7438 0.037397 0.057778
0.76399 0.037409 0.059043
0.7586 0.037395 0.077893
0.75619 0.037385 0.092111
0.76692 0.037384 0.10584
0.75651 0.037366 0.11971
0.74397 0.037321 0.14889
0.7399 0.03731 0.15494
0.75775 0.037349 0.13644
0.76549 0.037331 0.16032
0.74078 0.037281 0.17468
0.74594 0.037255 0.1985
0.75696 0.037291 0.18136
0.75504 0.037268 0.19658
0.74926 0.037237 0.21036
0.74246 0.03719 0.23566
0.76087 0.037232 0.22958
0.74163 0.037164 0.24919
0.76484 0.037221 0.24055
0.75018 0.037291 0.27516
0.73994 0.037149 0.28765
0.7654 0.037715 0.28075
0.74226 0.037125 0.32284
0.7615 0.037791 0.2985
0.75834 0.037268 0.31749
0.73686 0.037081 0.3364
0.73214 0.037077 0.36504
0.7537 0.037092 0.34262
0.7555 0.037113 0.35531
0.74082 0.037048 0.38043
0.736 0.037052 0.38945
0.75753 0.037098 0.37546
0.74723 0.03706 0.39109
0.73223 0.037056 0.40545
0.72845 0.037051 0.43349
0.75164 0.037068 0.41377
0.72542 0.037067 0.44638
0.72504 0.037063 0.46602
0.74769 0.037065 0.44505
0.75143 0.037064 0.45567
0.73449 0.037041 0.47184
0.72475 0.037051 0.49034
0.75364 0.037045 0.47563
0.75184 0.037036 0.48575
0.75247 0.037028 0.50733
0.74687 0.037014 0.52992
0.73338 0.037094 0.54526
0.7291 0.037048 0.56551
0.7507 0.037011 0.54148
0.75845 0.037014 0.55803
0.73533 0.03699 0.58377
0.74261 0.036992 0.59944
0.74937 0.037003 0.60519
0.72468 0.036983 0.64176
0.72745 0.03699 0.65761
0.74924 0.036996 0.64398
0.73355 0.037004 0.67208
0.73248 0.037018 0.69109
0.75469 0.037035 0.6813
0.73894 0.037043 0.71101
0.73774 0.03707 0.73023
0.73917 0.037089 0.74828
0.7362 0.03709 0.7526
0.75609 0.037121 0.75674
0.74316 0.037136 0.77503
0.74313 0.037158 0.7948
0.75197 0.037134 0.77066
0.7487 0.037187 0.81623
0.74882 0.037202 0.83484
0.75623 0.037188 0.80727
0.76296 0.037211 0.82658
0.74026 0.037223 0.86348
0.758 0.037229 0.85115
0.74563 0.03724 0.87363
0.74214 0.037247 0.90431
0.75875 0.037255 0.88352
0.75825 0.037259 0.89925
0.74907 0.037257 0.90905
0.76464 0.037285 0.91632
0.75749 0.037893 0.93699
0.74003 0.038364 0.94553
0.74177 0.033379 0.95973
0.76613 0.033344 0.96198
0.77579 0.037421 0.044081
0.78436 0.037425 0.052704
0.79916 0.037433 0.047601
0.80214 0.037429 0.063624
0.77951 0.037413 0.069154
0.79398 0.037411 0.091048
0.78415 0.037392 0.11478
0.78299 0.037379 0.13061
0.79513 0.037401 0.11124
0.79873 0.037394 0.12567
0.7838 0.037365 0.14566
0.78079 0.03735 0.15928
0.79092 0.037376 0.13837
0.79179 0.037351 0.16375
0.78043 0.037323 0.17986
0.80019 0.037351 0.16998
0.78803 0.037308 0.19857
0.77885 0.037285 0.2104
0.78055 0.037257 0.23281
0.79467 0.037296 0.21477
0.78953 0.037269 0.23119
0.77155 0.037228 0.24322
0.77164 0.037615 0.27307
0.78822 0.037249 0.24129
0.78694 0.037283 0.26111
0.78664 0.037758 0.28203
0.77083 0.03785 0.30424
0.77337 0.037144 0.32384
0.79216 0.037569 0.29934
0.78372 0.037232 0.3192
0.7716 0.03713 0.3436
0.76929 0.03713 0.36043
0.78185 0.037129 0.33646
0.78053 0.037136 0.35676
0.77175 0.037098 0.37674
0.77542 0.037073 0.3936
0.7898 0.03712 0.37497
0.79007 0.037099 0.39393
0.77323 0.037062 0.40896
0.76898 0.037056 0.42414
0.78143 0.037073 0.40589
0.78606 0.037072 0.42911
0.76804 0.037043 0.44503
0.784 0.037054 0.44719
0.78147 0.037041 0.45169
0.76267 0.037033 0.47197
0.76916 0.037017 0.48717
0.7838 0.037041 0.46997
0.79259 0.03706 0.4922
0.77577 0.036991 0.51207
0.78566 0.037025 0.50873
0.79388 0.037045 0.53085
0.76427 0.037012 0.5618
0.78795 0.037018 0.53639
0.79004 0.037032 0.56379
0.7705 0.037013 0.58042
0.76734 0.037015 0.59043
0.78669 0.037027 0.5791
0.77443 0.037005 0.60407
0.78355 0.037023 0.60636
0.76293 0.037023 0.63911
0.76324 0.037032 0.65812
0.7899 0.037068 0.646
0.78441 0.037063 0.66561
0.76589 0.037062 0.68225
0.76875 0.037073 0.6905
0.79129 0.037096 0.68205
0.79112 0.0371 0.68716
0.77519 0.037101 0.71033
0.7661 0.037115 0.7312
0.78424 0.037138 0.73356
0.77422 0.037145 0.74176
0.77916 0.037162 0.76516
0.79608 0.037167 0.74293
0.79656 0.037222 0.79705
0.77164 0.037217 0.81824
0.77873 0.037237 0.83389
0.78864 0.037227 0.80893
0.80001 0.037256 0.8344
0.77832 0.037253 0.85729
0.78997 0.037256 0.84603
0.78077 0.037271 0.8825
0.77451 0.037281 0.90153
0.79877 0.037298 0.89829
0.78064 0.037742 0.93804
0.7952 0.03735 0.91989
0.78573 0.036831 0.9515
0.77566 0.033337 0.96379
0.79581 0.038127 0.94633
0.80139 0.033436 0.95819
0.80678 0.037437 0.04687
0.80742 0.037436 0.054276
0.83337 0.037446 0.046984
0.83586 0.037446 0.052232
0.80669 0.037425 0.077423
0.80815 0.037419 0.092894
0.83241 0.037438 0.073115
0.82503 0.037428 0.089958
0.81332 0.037416 0.10527
0.81177 0.037406 0.1234
0.82377 0.037419 0.10816
0.83078 0.037412 0.12545
0.83069 0.037401 0.14069
0.82223 0.037365 0.17522
0.82184 0.037355 0.18724
0.81153 0.037323 0.20879
0.80376 0.037296 0.22518
0.8329 0.037334 0.2139
0.82875 0.037321 0.22419
0.80333 0.037273 0.2412
0.80502 0.037276 0.26158
0.8287 0.037284 0.25942
0.81193 0.037226 0.28236
0.80547 0.037315 0.29049
0.83032 0.037263 0.27857
0.82208 0.037238 0.29325
0.81115 0.037219 0.30166
0.80612 0.037204 0.31791
0.82433 0.037234 0.30303
0.81701 0.037197 0.32728
0.80309 0.037174 0.34291
0.80796 0.037169 0.35275
0.81794 0.03718 0.34539
0.802 0.037137 0.37761
0.80046 0.037116 0.39653
0.82698 0.037159 0.37776
0.80074 0.037108 0.40913
0.80141 0.037096 0.42776
0.82067 0.037106 0.42243
0.80221 0.037087 0.44195
0.81277 0.037071 0.45371
0.82788 0.037109 0.43857
0.80371 0.03707 0.47179
0.79877 0.037063 0.49231
0.79998 0.037057 0.51181
0.81109 0.037043 0.52098
0.8233 0.037064 0.52102
0.80763 0.037055 0.55668
0.81834 0.037063 0.55263
0.80722 0.037068 0.59938
0.82955 0.037101 0.57955
0.82394 0.037094 0.59691
0.81005 0.037078 0.61527
0.81174 0.037089 0.63053
0.82598 0.037104 0.61016
0.81986 0.037096 0.62736
0.80377 0.037108 0.64851
0.80446 0.037109 0.65525
0.82055 0.037102 0.63864
0.81059 0.037117 0.67109
0.80376 0.03714 0.7001
0.82349 0.037154 0.68947
0.80716 0.037158 0.71188
0.823 0.037174 0.71137
0.80515 0.037175 0.73847
0.80725 0.037204 0.76444
0.83374 0.037217 0.74371
0.83473 0.03723 0.75897
0.80455 0.037215 0.77776
0.80916 0.037239 0.79973
0.83382 0.037248 0.78234
0.82759 0.037251 0.7969
0.81232 0.037251 0.80952
0.82789 0.037277 0.83116
0.80719 0.037275 0.85138
0.81407 0.037287 0.86467
0.83341 0.03729 0.84758
0.83311 0.037299 0.8672
0.81824 0.037295 0.87746
0.80765 0.037303 0.89696
0.83027 0.037305 0.88653
0.80957 0.037323 0.91263
0.80901 0.037633 0.92832
0.82275 0.037328 0.91378
0.80958 0.038261 0.94354
0.81678 0.033343 0.96223
0.83065 0.037206 0.95147
0.8245 0.033337 0.96401
0.84694 0.03745 0.044676
0.84373 0.037448 0.054788
0.86661 0.037456 0.044792
0.8498 0.037444 0.078903
0.85329 0.03744 0.091034
0.85693 0.037448 0.074038
0.85867 0.037443 0.089258
0.86017 0.037434 0.10775
0.85927 0.037421 0.13123
0.8435 0.037406 0.14633
0.85025 0.037402 0.15862
0.86335 0.037416 0.14151
0.85698 0.037409 0.15179
0.84036 0.037374 0.18105
0.84264 0.037366 0.19186
0.86055 0.037384 0.18072
0.86849 0.037375 0.19558
0.85153 0.037355 0.20837
0.83819 0.037324 0.2295
0.8634 0.037361 0.21012
0.85444 0.037336 0.23025
0.84835 0.037321 0.24424
0.85863 0.037324 0.24455
0.86053 0.037315 0.2549
0.85666 0.0373 0.27308
0.85857 0.037283 0.29321
0.84183 0.037248 0.3125
0.83478 0.037228 0.32171
0.861 0.03727 0.30514
0.85531 0.03725 0.31772
0.83923 0.037206 0.35194
0.85692 0.037229 0.33979
0.86537 0.037218 0.35858
0.84274 0.037183 0.37788
0.85262 0.037185 0.37635
0.8621 0.037184 0.38893
0.84701 0.037155 0.40813
0.84853 0.037142 0.42114
0.85325 0.037162 0.40296
0.86331 0.037152 0.42837
0.84033 0.037128 0.43989
0.83436 0.037111 0.45511
0.85599 0.037133 0.4441
0.86138 0.037136 0.45876
0.83776 0.037106 0.47573
0.84305 0.037101 0.48997
0.84237 0.037095 0.51164
0.84959 0.037099 0.53038
0.86685 0.037133 0.52109
0.84545 0.0371 0.54101
0.84648 0.037106 0.55667
0.86478 0.037136 0.54136
0.86185 0.037133 0.55448
0.84785 0.037111 0.57669
0.83929 0.037125 0.59665
0.86299 0.037139 0.57533
0.85462 0.03713 0.59253
0.84849 0.037141 0.62306
0.85939 0.037147 0.60426
0.85385 0.037156 0.63396
0.84849 0.03717 0.66311
0.86466 0.037187 0.64254
0.85874 0.03719 0.66698
0.84743 0.037191 0.68309
0.83813 0.037184 0.69206
0.86107 0.037199 0.67578
0.86446 0.037218 0.70082
0.84021 0.0372 0.71037
0.84803 0.037223 0.72871
0.85586 0.037213 0.70733
0.85745 0.037233 0.73179
0.84582 0.037233 0.74169
0.8436 0.037247 0.76831
0.86005 0.037258 0.76428
0.84051 0.037265 0.79924
0.86421 0.03727 0.77528
0.86884 0.037285 0.79478
0.84443 0.037282 0.81961
0.86759 0.037292 0.80946
0.86457 0.037299 0.82728
0.84699 0.037299 0.84797
0.8645 0.037307 0.84389
0.86579 0.037315 0.86188
0.84985 0.037315 0.88085
0.84537 0.037319 0.90222
0.86449 0.037321 0.87507
0.849 0.037417 0.9245
0.86887 0.037327 0.91082
0.85984 0.03745 0.92743
0.85323 0.037742 0.94081
0.84498 0.033348 0.96149
0.86744 0.037641 0.94018
0.86432 0.033337 0.96404
0.87451 0.037459 0.039062
0.87622 0.037457 0.060787
0.89164 0.03746 0.039842
0.89315 0.037461 0.051687
0.88596 0.037456 0.076056
0.88639 0.037451 0.091663
0.90151 0.037458 0.077979
0.89542 0.037453 0.085431
0.88559 0.037444 0.10833
0.88619 0.037433 0.12702
0.89501 0.037436 0.11802
0.87896 0.037424 0.1374
0.88623 0.03741 0.15763
0.89816 0.037429 0.147
0.89309 0.037413 0.16133
0.87997 0.037384 0.19039
0.89731 0.037412 0.1689
0.90157 0.0374 0.18855
0.87485 0.037373 0.20343
0.88033 0.037367 0.21898
0.89459 0.037375 0.20993
0.89012 0.037362 0.22119
0.8719 0.037338 0.23677
0.87431 0.037303 0.27356
0.87624 0.037293 0.28863
0.90119 0.037341 0.26786
0.89293 0.037311 0.29063
0.87166 0.03727 0.31345
0.88211 0.037272 0.32147
0.88964 0.037292 0.3017
0.88841 0.037275 0.31826
0.87897 0.037249 0.34372
0.89604 0.037258 0.33807
0.90125 0.037245 0.35193
0.87955 0.037212 0.37906
0.87156 0.037197 0.38685
0.89514 0.037224 0.3713
0.89876 0.037213 0.39221
0.87451 0.037179 0.4069
0.87726 0.037168 0.4195
0.90051 0.037216 0.41286
0.89581 0.0372 0.41854
0.88484 0.037162 0.44106
0.88955 0.03716 0.45111
0.88416 0.037148 0.4802
0.88207 0.037147 0.49513
0.88957 0.037149 0.49324
0.87197 0.037145 0.50508
0.8802 0.03715 0.52981
0.893 0.037153 0.51279
0.89465 0.037152 0.52556
0.87604 0.037159 0.54006
0.89388 0.037146 0.53776
0.89796 0.037152 0.55214
0.88019 0.037164 0.57517
0.87741 0.037177 0.59872
0.89338 0.037176 0.57538
0.88961 0.037182 0.59951
0.87637 0.037182 0.60727
0.88258 0.0372 0.63361
0.88915 0.037184 0.61095
0.88896 0.037193 0.62872
0.8812 0.037217 0.65171
0.89104 0.037206 0.64954
0.89498 0.037222 0.662
0.87396 0.037217 0.67785
0.90317 0.037264 0.70135
0.87447 0.03724 0.71578
0.88448 0.037258 0.73319
0.89974 0.037262 0.7075
0.89506 0.037266 0.72616
0.8772 0.037264 0.74827
0.87604 0.037276 0.76796
0.89214 0.037273 0.74644
0.90355 0.037284 0.76738
0.87887 0.037288 0.78362
0.88336 0.037298 0.80077
0.89561 0.037293 0.79166
0.87615 0.037303 0.81943
0.88269 0.037311 0.82886
0.89468 0.037307 0.8087
0.88216 0.037317 0.84491
0.88744 0.037327 0.86869
0.90077 0.037317 0.84442
0.89254 0.037323 0.86385
0.88068 0.037332 0.89638
0.89872 0.03733 0.8752
0.90245 0.037333 0.8956
0.88667 0.037328 0.90877
0.88851 0.037472 0.93412
0.90109 0.037336 0.91571
0.90576 0.037659 0.93627
0.87852 0.037641 0.94466
0.90755 0.033344 0.96201
0.91145 0.037476 0.037458
0.91857 0.037492 0.053843
0.92932 0.037808 0.038704
0.92136 0.037507 0.074759
0.90946 0.037452 0.08984
0.93506 0.037804 0.093954
0.9172 0.037436 0.10821
0.91503 0.037436 0.12886
0.92716 0.037602 0.10307
0.92953 0.037645 0.11782
0.91087 0.037438 0.13431
0.91317 0.03744 0.15838
0.92762 0.037665 0.13893
0.91928 0.037447 0.18741
0.93376 0.037833 0.17086
0.93675 0.037915 0.1955
0.92023 0.037444 0.20438
0.91753 0.037375 0.22124
0.9333 0.03782 0.2083
0.92444 0.037531 0.2251
0.9129 0.03735 0.24558
0.93296 0.037704 0.24163
0.92643 0.037539 0.25527
0.91254 0.037368 0.26961
0.93622 0.037833 0.27871
0.9354 0.037792 0.29278
0.91526 0.03729 0.32454
0.92797 0.037583 0.30118
0.92647 0.037485 0.3213
0.90707 0.037269 0.33553
0.91025 0.037243 0.36143
0.9334 0.037591 0.33637
0.92307 0.03737 0.35557
0.90936 0.037234 0.37208
0.9151 0.037236 0.39137
0.93059 0.037676 0.39562
0.93088 0.037702 0.40334
0.9368 0.037892 0.42964
0.90974 0.037194 0.45473
0.93353 0.037748 0.43449
0.91242 0.037191 0.48023
0.90937 0.037183 0.496
0.93374 0.037732 0.47218
0.93111 0.037678 0.48604
0.91666 0.037234 0.50354
0.91742 0.03725 0.52318
0.9349 0.037862 0.51233
0.93228 0.03774 0.51932
0.92973 0.037556 0.5378
0.93065 0.037491 0.55487
0.9163 0.037233 0.59801
0.92789 0.037363 0.57651
0.93124 0.037392 0.59754
0.91184 0.037212 0.60766
0.90695 0.037207 0.62556
0.92427 0.037319 0.60885
0.92631 0.037359 0.62183
0.90617 0.037211 0.64732
0.93635 0.037597 0.6517
0.92733 0.037421 0.6676
0.91819 0.037303 0.69267
0.92989 0.037488 0.68637
0.93434 0.037768 0.70199
0.91814 0.037334 0.70943
0.92932 0.037721 0.71406
0.91567 0.037301 0.74473
0.91927 0.037332 0.76378
0.92665 0.037662 0.7411
0.9258 0.037499 0.76872
0.92042 0.037331 0.77627
0.91935 0.037328 0.79335
0.93252 0.037589 0.78034
0.93325 0.037672 0.80107
0.91065 0.037328 0.82107
0.9184 0.037345 0.82785
0.92742 0.037553 0.80853
0.92526 0.037488 0.83186
0.91254 0.037319 0.85143
0.91338 0.037329 0.86845
0.93056 0.03762 0.84227
0.9268 0.037533 0.86837
0.91936 0.037352 0.87966
0.92704 0.037553 0.8785
0.93913 0.038072 0.89686
0.91632 0.037355 0.91641
0.91819 0.037767 0.93533
0.9303 0.037749 0.91602
0.93849 0.038575 0.93241
0.91696 0.038044 0.94549
0.92282 0.033361 0.96055
0.9292 0.038535 0.94467
0.93383 0.033349 0.96165
0.94338 0.03835 0.041894
0.94354 0.03832 0.05404
0.95648 0.033674 0.037127
0.95921 0.033396 0.060307
0.94086 0.038053 0.07376
0.96114 0.033352 0.086857
0.95022 0.038156 0.10572
0.96033 0.033361 0.12774
0.94966 0.038355 0.14509
0.94672 0.038284 0.1551
0.95964 0.033372 0.14084
0.95405 0.034418 0.15725
0.9412 0.03806 0.17071
0.94955 0.038352 0.19437
0.95696 0.033537 0.19585
0.9444 0.038205 0.20417
0.94416 0.038146 0.22627
0.96378 0.033337 0.21256
0.96191 0.033344 0.21935
0.94425 0.037983 0.24505
0.94935 0.03807 0.25048
0.96173 0.033344 0.23455
0.95432 0.034091 0.26173
0.94655 0.038071 0.26933
0.94365 0.03805 0.28619
0.9605 0.033353 0.27353
0.94482 0.038006 0.29998
0.94409 0.037857 0.32856
0.95628 0.03356 0.2996
0.96465 0.033335 0.32298
0.94789 0.037901 0.34093
0.94574 0.037872 0.35622
0.95947 0.033367 0.35923
0.94344 0.037948 0.36788
0.95029 0.038361 0.3963
0.96451 0.033335 0.37889
0.95422 0.034201 0.39511
0.94911 0.03845 0.4057
0.96399 0.033336 0.40864
0.95805 0.033428 0.42707
0.94539 0.038126 0.44346
0.94871 0.038183 0.45045
0.95557 0.033745 0.43388
0.96074 0.033351 0.45151
0.94377 0.038109 0.4719
0.96404 0.033336 0.47864
0.95697 0.033507 0.49439
0.94951 0.038535 0.50786
0.94613 0.038321 0.52095
0.95512 0.033878 0.51083
0.96074 0.033352 0.52535
0.94039 0.037709 0.55395
0.96463 0.033335 0.53767
0.95925 0.033372 0.55649
0.94457 0.037551 0.59546
0.94182 0.037568 0.61545
0.9424 0.037618 0.62477
0.96013 0.033356 0.6303
0.94631 0.037779 0.64264
0.96175 0.033343 0.64032
0.96391 0.033337 0.66329
0.95072 0.036513 0.68246
0.96076 0.033351 0.68029
0.96036 0.03336 0.70261
0.94551 0.038493 0.71967
0.94475 0.038501 0.73018
0.95643 0.033663 0.72162
0.95698 0.033571 0.72656
0.94794 0.038644 0.75889
0.95767 0.033504 0.75101
0.96096 0.033355 0.759
0.94568 0.037894 0.78329
0.94573 0.038079 0.80453
0.95919 0.03339 0.79182
0.94447 0.038082 0.80964
0.9563 0.033668 0.81788
0.96042 0.033363 0.83668
0.9439 0.038088 0.85288
0.96528 0.033335 0.86396
0.94824 0.038517 0.89379
0.96099 0.033355 0.87742
0.94542 0.038925 0.92991
0.95896 0.033426 0.91566
0.96512 0.033335 0.92803
0.94608 0.039543 0.94296
0.94831 0.033381 0.96013
0.96118 0.033362 0.94749
0.95721 0.033334 0.96358
