2635
1 1 1
0.034996 0.03752 0.045046
0.041096 0.037521 0.054535
0.062675 0.037522 0.035707
0.058667 0.037521 0.051722
0.046247 0.037522 0.069471
0.043684 0.037526 0.094191
0.060025 0.037525 0.081417
0.056458 0.037528 0.097925
0.038615 0.03753 0.11168
0.041334 0.037532 0.12176
0.063612 0.037531 0.10833
0.063066 0.037543 0.14447
0.040464 0.037559 0.19075
0.058556 0.037556 0.18059
0.061332 0.037567 0.19632
0.03618 0.037565 0.20118
0.040416 0.037581 0.22717
0.053425 0.037569 0.20625
0.056512 0.037579 0.21967
0.047867 0.037587 0.23622
0.042347 0.037603 0.25743
0.053005 0.037593 0.24258
0.061791 0.037611 0.25718
0.047315 0.037612 0.26928
0.046461 0.037627 0.28629
0.055778 0.037625 0.27824
0.063289 0.03764 0.2869
0.062052 0.03766 0.3078
0.057594 0.03767 0.32284
0.045146 0.03768 0.34396
0.062179 0.037705 0.35246
0.046119 0.037704 0.37369
0.045136 0.037714 0.38694
0.060631 0.03772 0.37157
0.055989 0.037732 0.39314
0.044522 0.037729 0.40367
0.037567 0.037744 0.42279
0.060387 0.037752 0.40638
0.05408 0.03775 0.41769
0.042368 0.037757 0.44551
0.05912 0.037777 0.44331
0.058276 0.037782 0.45919
0.041752 0.037767 0.47245
0.043592 0.03777 0.48704
0.052063 0.037773 0.47219
0.057663 0.037789 0.49064
0.03835 0.037768 0.50667
0.038041 0.037765 0.52761
0.05439 0.03778 0.50865
0.058634 0.037786 0.52669
0.045195 0.037762 0.53902
0.042912 0.037751 0.5645
0.060581 0.037787 0.53755
0.059266 0.037775 0.5581
0.037036 0.037745 0.57562
0.035909 0.037728 0.59788
0.051352 0.037749 0.57422
0.053307 0.037738 0.5942
0.04354 0.037724 0.60265
0.036238 0.037699 0.62966
0.051301 0.037723 0.60867
0.05731 0.037721 0.62136
0.051376 0.037682 0.64898
0.053383 0.037674 0.66087
0.047465 0.037657 0.67265
0.052501 0.037663 0.67085
0.058127 0.037653 0.6884
0.03601 0.037606 0.72947
0.059918 0.037629 0.71277
0.051704 0.037614 0.7222
0.043507 0.037592 0.74576
0.037068 0.03758 0.7613
0.059058 0.037601 0.74253
0.052063 0.037582 0.75941
0.040835 0.037571 0.77185
0.037243 0.037552 0.79825
0.05824 0.037569 0.78036
0.056311 0.037561 0.79013
0.03978 0.037535 0.82508
0.052897 0.037543 0.81307
0.058525 0.037535 0.83055
0.038077 0.037526 0.84222
0.035036 0.037515 0.8612
0.053818 0.03753 0.83653
0.056198 0.037518 0.85914
0.035597 0.037509 0.87105
0.045202 0.037509 0.89265
0.058189 0.037506 0.87852
0.056657 0.037505 0.88882
0.041972 0.037527 0.91238
0.037078 0.034584 0.95641
0.058579 0.037555 0.94519
0.06102 0.035174 0.95443
0.07964 0.037524 0.045464
0.075482 0.037524 0.060082
0.078499 0.037529 0.089121
0.094808 0.037529 0.074545
0.092115 0.037531 0.089072
0.071569 0.037532 0.10744
0.072627 0.037539 0.13058
0.085588 0.037535 0.10992
0.089807 0.037541 0.12356
0.070106 0.037543 0.1416
0.089895 0.037547 0.13788
0.093245 0.037559 0.15952
0.072218 0.037559 0.1777
0.06821 0.037567 0.19272
0.0947 0.03757 0.1774
0.095157 0.037581 0.19273
0.077428 0.037581 0.20771
0.076023 0.037594 0.2247
0.088948 0.037593 0.21278
0.097153 0.037615 0.22844
0.069738 0.037606 0.24591
0.072292 0.037614 0.25232
0.085545 0.037619 0.24641
0.089894 0.037633 0.25457
0.07596 0.03764 0.27515
0.074968 0.037658 0.29246
0.095361 0.037666 0.27502
0.068114 0.037668 0.30906
0.068434 0.037689 0.32802
0.092468 0.037702 0.30737
0.090262 0.037725 0.32844
0.071156 0.037712 0.34695
0.089239 0.037741 0.34275
0.087879 0.037757 0.35759
0.075422 0.037755 0.38043
0.090787 0.037786 0.37377
0.094346 0.037813 0.38536
0.069117 0.037774 0.41152
0.073099 0.037792 0.42459
0.09251 0.03784 0.41358
0.085781 0.037822 0.42012
0.069005 0.0378 0.44629
0.083273 0.037829 0.43834
0.084504 0.037846 0.45701
0.073643 0.037822 0.47462
0.077605 0.037834 0.485
0.089215 0.037875 0.48039
0.088378 0.037873 0.49111
0.068744 0.037813 0.50248
0.084418 0.037856 0.5193
0.07648 0.037822 0.53575
0.071577 0.037795 0.5635
0.081753 0.03782 0.56122
0.073394 0.037794 0.56956
0.069175 0.037764 0.59781
0.084746 0.037825 0.56986
0.087489 0.037812 0.5933
0.07398 0.037744 0.62725
0.089148 0.037798 0.61075
0.094145 0.037801 0.6201
0.072756 0.037727 0.64017
0.092309 0.037736 0.66315
0.068266 0.037675 0.6795
0.085812 0.037711 0.672
0.089033 0.03769 0.69149
0.076326 0.037648 0.70922
0.067769 0.037618 0.73011
0.090983 0.037652 0.7218
0.071228 0.037609 0.74275
0.076209 0.0376 0.75508
0.088187 0.037628 0.73887
0.085249 0.037602 0.75986
0.071559 0.037583 0.77104
0.073188 0.037562 0.79702
0.094394 0.037588 0.78266
0.07254 0.037549 0.81411
0.080417 0.037546 0.82165
0.0932 0.037567 0.8049
0.090357 0.037545 0.8307
0.074901 0.037533 0.84082
0.074811 0.037521 0.86055
0.090229 0.037523 0.86446
0.076978 0.037507 0.88199
0.088815 0.037516 0.87289
0.08558 0.037507 0.88983
0.071602 0.037511 0.9097
0.07718 0.037528 0.93125
0.089368 0.037506 0.90255
0.071465 0.037541 0.93902
0.086394 0.037554 0.94759
0.11127 0.037529 0.039146
0.10665 0.037529 0.057878
0.12741 0.037533 0.037975
0.12284 0.037532 0.052613
0.10341 0.037531 0.069088
0.10786 0.037538 0.095524
0.12508 0.037544 0.097774
0.10626 0.037542 0.11176
0.11447 0.037553 0.13039
0.12602 0.037553 0.11983
0.10825 0.037557 0.143
0.10326 0.037563 0.15785
0.12746 0.037579 0.15778
0.10832 0.037576 0.17493
0.107 0.037587 0.18981
0.1283 0.037588 0.16892
0.11941 0.037604 0.19594
0.11326 0.037621 0.21921
0.11825 0.03761 0.20326
0.1172 0.037639 0.22964
0.10598 0.037638 0.24091
0.10086 0.037653 0.25872
0.12089 0.037659 0.24001
0.10651 0.037685 0.27622
0.10607 0.037702 0.28891
0.1201 0.037717 0.27972
0.12796 0.037749 0.28614
0.1064 0.037727 0.30642
0.1068 0.037762 0.32877
0.12711 0.037794 0.31157
0.11582 0.037771 0.32045
0.10362 0.037767 0.33655
0.10444 0.037808 0.36099
0.11466 0.037832 0.35589
0.09879 0.037802 0.36802
0.11502 0.037863 0.3722
0.1206 0.037935 0.39568
0.10194 0.037857 0.40046
0.10168 0.037887 0.42701
0.11209 0.037929 0.42718
0.097988 0.037885 0.43922
0.098925 0.037899 0.45093
0.11264 0.037954 0.44562
0.11424 0.037974 0.45789
0.098102 0.037906 0.47134
0.1059 0.037943 0.48761
0.11515 0.037989 0.4727
0.12048 0.038033 0.48959
0.10231 0.037929 0.50344
0.097873 0.037908 0.52484
0.1174 0.038009 0.52518
0.10363 0.037928 0.53727
0.099446 0.037896 0.55846
0.11932 0.038011 0.54259
0.097693 0.037865 0.58088
0.0999 0.037856 0.59374
0.11642 0.037957 0.57483
0.11808 0.037923 0.59961
0.10767 0.037848 0.61505
0.10792 0.037833 0.62485
0.124 0.03789 0.63026
0.10535 0.037796 0.64362
0.10515 0.037775 0.65646
0.11797 0.037846 0.63845
0.11549 0.037785 0.6652
0.10432 0.037733 0.68153
0.1211 0.037775 0.68149
0.10739 0.037674 0.72651
0.12601 0.037747 0.70522
0.1276 0.037702 0.73247
0.1019 0.037649 0.73739
0.10599 0.037632 0.75383
0.12044 0.03764 0.76216
0.10756 0.03761 0.77312
0.12832 0.03763 0.77727
0.11815 0.037601 0.78936
0.10942 0.037557 0.8284
0.11819 0.037586 0.80339
0.12158 0.037561 0.83247
0.11079 0.037549 0.83843
0.12668 0.037556 0.84187
0.12657 0.037544 0.85566
0.10929 0.037522 0.87566
0.11307 0.037514 0.89252
0.12948 0.037523 0.88265
0.12308 0.037515 0.89752
0.10408 0.037506 0.90999
0.12249 0.03751 0.91245
0.12099 0.037538 0.92597
0.10586 0.037568 0.939
0.13091 0.037622 0.94694
0.12932 0.033579 0.96463
0.14273 0.037538 0.039914
0.15822 0.037544 0.035303
0.15985 0.037546 0.053715
0.13533 0.037542 0.07706
0.14061 0.03755 0.096557
0.15353 0.037548 0.072696
0.15783 0.037556 0.091542
0.14017 0.037554 0.10777
0.14175 0.03756 0.11926
0.15232 0.037562 0.11242
0.1566 0.037569 0.11804
0.13505 0.037571 0.13952
0.13591 0.037589 0.16141
0.16047 0.037605 0.15476
0.13432 0.037604 0.18038
0.15813 0.037626 0.1746
0.15674 0.03764 0.18627
0.13648 0.03764 0.20769
0.142 0.037678 0.22753
0.15909 0.037678 0.20865
0.13505 0.037686 0.24025
0.14446 0.037731 0.25542
0.15065 0.037705 0.23304
0.1574 0.037783 0.26116
0.13693 0.037742 0.26981
0.13585 0.037782 0.29168
0.15451 0.037792 0.26914
0.15075 0.037823 0.28805
0.14281 0.037835 0.30535
0.13101 0.037819 0.31649
0.15563 0.037876 0.2991
0.14737 0.0379 0.32242
0.13271 0.03789 0.3447
0.14106 0.037944 0.35114
0.15152 0.037953 0.33274
0.1375 0.037985 0.37539
0.13208 0.037977 0.38429
0.15325 0.0381 0.37764
0.12832 0.038031 0.42247
0.14109 0.038124 0.42581
0.1349 0.038095 0.44136
0.12861 0.038067 0.45505
0.14556 0.038188 0.44392
0.14391 0.038184 0.45367
0.12919 0.038085 0.47048
0.12746 0.038082 0.48694
0.14531 0.038225 0.47287
0.13552 0.038137 0.51001
0.13485 0.038123 0.52409
0.15029 0.038281 0.50178
0.12921 0.038068 0.54514
0.13551 0.038074 0.56687
0.1418 0.03815 0.5497
0.15018 0.038232 0.55446
0.13649 0.038052 0.583
0.13212 0.038004 0.59542
0.14993 0.038158 0.5834
0.14921 0.038121 0.59549
0.13179 0.037969 0.61221
0.13473 0.037944 0.62951
0.15159 0.038081 0.61756
0.14763 0.038026 0.6274
0.13853 0.037884 0.66039
0.15625 0.038015 0.64649
0.14759 0.037922 0.66193
0.13637 0.037845 0.67327
0.14234 0.037816 0.69363
0.1462 0.037871 0.67724
0.14895 0.037821 0.70123
0.13147 0.037763 0.70446
0.14273 0.037733 0.73222
0.15332 0.037822 0.70772
0.14938 0.037749 0.73218
0.14289 0.037703 0.74763
0.13685 0.037662 0.76486
0.15492 0.037751 0.7388
0.15865 0.037723 0.75523
0.13982 0.037624 0.79193
0.15299 0.037671 0.77542
0.15454 0.037637 0.79778
0.14525 0.037612 0.80596
0.14277 0.037584 0.8273
0.16345 0.037625 0.81374
0.15595 0.037597 0.82776
0.141 0.037562 0.84666
0.14761 0.03755 0.86199
0.16054 0.037579 0.84561
0.16072 0.03756 0.86133
0.13774 0.037531 0.87645
0.15759 0.037534 0.88084
0.15617 0.037534 0.89798
0.13605 0.037517 0.90943
0.14117 0.037562 0.92919
0.15839 0.037544 0.91165
0.15605 0.037567 0.92613
0.13748 0.035914 0.95295
0.1598 0.03761 0.9415
0.15947 0.033786 0.96159
0.17195 0.03755 0.045041
0.17885 0.037556 0.061663
0.18816 0.037557 0.045735
0.18717 0.037558 0.055472
0.17166 0.037558 0.077082
0.17539 0.037567 0.093019
0.19068 0.037569 0.078603
0.19033 0.037578 0.094078
0.17072 0.037573 0.10719
0.17477 0.037594 0.13032
0.18498 0.037584 0.10859
0.19185 0.037599 0.11932
0.17327 0.037604 0.14236
0.17985 0.037626 0.15569
0.188 0.037625 0.14686
0.19228 0.037638 0.15204
0.17888 0.037689 0.19522
0.19077 0.037672 0.17378
0.18596 0.037694 0.19046
0.17433 0.037751 0.2283
0.18699 0.037723 0.20312
0.18574 0.037764 0.22134
0.17183 0.037777 0.24066
0.17344 0.037831 0.25852
0.18519 0.037848 0.25004
0.1856 0.03792 0.27102
0.18067 0.037963 0.28918
0.16388 0.037912 0.29801
0.16921 0.037996 0.31471
0.18186 0.038049 0.30843
0.18323 0.038127 0.32482
0.16131 0.038038 0.34223
0.16357 0.038074 0.34895
0.17701 0.038123 0.33681
0.17924 0.038182 0.34613
0.16809 0.038186 0.37131
0.17669 0.038278 0.37377
0.17312 0.038298 0.39093
0.16237 0.038291 0.42606
0.17946 0.038416 0.40257
0.17898 0.038472 0.42165
0.16204 0.038311 0.439
0.16268 0.03834 0.45388
0.17536 0.038458 0.43547
0.16981 0.038424 0.46026
0.15905 0.038351 0.48753
0.17077 0.038471 0.47871
0.17306 0.038515 0.48686
0.15786 0.038342 0.50292
0.15756 0.03833 0.53045
0.17416 0.038545 0.50906
0.17189 0.038506 0.53059
0.1578 0.03832 0.54554
0.16867 0.038398 0.56357
0.16516 0.038296 0.58041
0.15737 0.038191 0.59279
0.17596 0.038403 0.58698
0.17177 0.038291 0.59882
0.16609 0.038201 0.60967
0.16151 0.038099 0.63055
0.17285 0.038264 0.60823
0.17386 0.038195 0.62694
0.16268 0.038043 0.64875
0.16491 0.038023 0.65859
0.18563 0.038187 0.65403
0.18663 0.038143 0.66541
0.16565 0.037968 0.67626
0.1652 0.037916 0.69186
0.17736 0.038036 0.67466
0.18098 0.037987 0.69437
0.17199 0.037862 0.7188
0.16917 0.037818 0.73022
0.18125 0.037943 0.7071
0.18284 0.03785 0.73539
0.17591 0.037781 0.74948
0.1694 0.037746 0.75691
0.18439 0.03781 0.74907
0.1692 0.037675 0.79162
0.18892 0.037764 0.77213
0.18887 0.0377 0.79831
0.17458 0.037655 0.80639
0.18768 0.03766 0.81434
0.18952 0.037637 0.82914
0.17945 0.037606 0.83944
0.17064 0.037575 0.85597
0.1885 0.037606 0.84648
0.18668 0.037593 0.85355
0.16895 0.037547 0.87542
0.16902 0.037545 0.89213
0.19455 0.037575 0.87035
0.1939 0.037559 0.89023
0.17132 0.037597 0.92993
0.18635 0.037617 0.93102
0.18109 0.03544 0.95394
0.1881 0.037625 0.93936
0.1934 0.034635 0.95644
0.20275 0.037565 0.04446
0.21097 0.037574 0.058863
0.2244 0.037578 0.034997
0.22247 0.03758 0.056596
0.20964 0.037577 0.069129
0.20631 0.037586 0.089165
0.2269 0.037591 0.071258
0.22338 0.037604 0.093895
0.21187 0.0376 0.10136
0.20574 0.037624 0.12762
0.22847 0.037617 0.10183
0.22015 0.037632 0.12199
0.20456 0.037644 0.1429
0.19976 0.037689 0.17446
0.2095 0.037747 0.19019
0.22584 0.037736 0.17285
0.22796 0.037767 0.18356
0.20453 0.037766 0.20089
0.22154 0.037809 0.20014
0.20849 0.037894 0.23777
0.22184 0.037931 0.23199
0.21794 0.038012 0.25506
0.20016 0.037992 0.27232
0.19515 0.038002 0.2807
0.2175 0.038061 0.26541
0.21003 0.0381 0.28369
0.20102 0.038149 0.30456
0.19765 0.038233 0.32428
0.20646 0.038232 0.31243
0.19144 0.038216 0.33046
0.19408 0.038353 0.35279
0.20581 0.038331 0.32874
0.21236 0.038531 0.34477
0.19638 0.038424 0.36226
0.19266 0.038477 0.38044
0.20642 0.038545 0.35969
0.19897 0.038586 0.38658
0.1897 0.038551 0.40563
0.19687 0.038631 0.40183
0.18894 0.038628 0.42976
0.18161 0.038601 0.45694
0.19969 0.038828 0.43096
0.1994 0.038895 0.44967
0.18593 0.038689 0.46898
0.18791 0.038745 0.48967
0.1915 0.038803 0.4768
0.19466 0.038889 0.49005
0.18439 0.038692 0.51121
0.18577 0.038699 0.5247
0.18612 0.038691 0.54208
0.18706 0.03867 0.55709
0.19535 0.038786 0.55874
0.18703 0.038516 0.58775
0.18463 0.038441 0.59957
0.20056 0.038684 0.58731
0.20098 0.038655 0.59433
0.18597 0.038396 0.612
0.18919 0.038303 0.63664
0.21006 0.038518 0.63892
0.19049 0.038231 0.65278
0.19926 0.038263 0.65986
0.21033 0.03846 0.64721
0.20067 0.038183 0.67768
0.19653 0.038055 0.69887
0.21067 0.038256 0.67977
0.21068 0.038131 0.70097
0.19627 0.037994 0.71225
0.19676 0.037922 0.73077
0.21214 0.038064 0.71491
0.21478 0.038025 0.72583
0.20138 0.037831 0.76209
0.21677 0.037931 0.75137
0.20119 0.037766 0.78326
0.20819 0.037751 0.79499
0.21833 0.037845 0.775
0.20366 0.037652 0.83311
0.22593 0.03773 0.81788
0.22302 0.037688 0.83221
0.20436 0.037626 0.84737
0.20789 0.037606 0.86084
0.22163 0.037671 0.83865
0.22321 0.037626 0.86015
0.20701 0.037577 0.8764
0.20951 0.037568 0.89406
0.21971 0.037586 0.87813
0.2246 0.037576 0.89708
0.21374 0.037656 0.92886
0.22445 0.037573 0.91511
0.20239 0.037722 0.94768
0.21358 0.033697 0.96281
0.22137 0.037779 0.9438
0.22187 0.034415 0.95759
0.23493 0.037585 0.035005
0.2385 0.037594 0.061588
0.25215 0.037597 0.042503
0.26024 0.037608 0.056214
0.24018 0.037599 0.06778
0.23644 0.037606 0.084635
0.25606 0.037617 0.075807
0.2593 0.037628 0.085221
0.24569 0.037658 0.11872
0.2556 0.037646 0.10107
0.2509 0.037679 0.12535
0.23501 0.037692 0.14382
0.25405 0.037711 0.13819
0.25955 0.037759 0.15419
0.23473 0.037758 0.17475
0.24418 0.037825 0.18908
0.25181 0.037796 0.17435
0.25732 0.037844 0.18332
0.23679 0.037879 0.20805
0.22963 0.037936 0.22576
0.25313 0.037913 0.20257
0.22832 0.037997 0.24028
0.23457 0.038056 0.24528
0.23432 0.038184 0.26745
0.23136 0.038292 0.28688
0.25036 0.038364 0.27486
0.24641 0.038523 0.29773
0.24158 0.038602 0.31201
0.21878 0.038614 0.3467
0.23575 0.038702 0.33243
0.23823 0.038913 0.34804
0.22022 0.038707 0.35774
0.2292 0.038852 0.36168
0.22376 0.038887 0.37697
0.20982 0.038881 0.3991
0.21582 0.039054 0.41231
0.22462 0.039007 0.38978
0.21171 0.039056 0.42792
0.20966 0.039095 0.44829
0.22371 0.039231 0.42979
0.22037 0.039231 0.45039
0.20482 0.039135 0.47405
0.21592 0.039242 0.46817
0.21985 0.039303 0.48371
0.21231 0.039207 0.50545
0.21441 0.039292 0.53419
0.2071 0.039114 0.55128
0.20594 0.03893 0.57075
0.21622 0.038884 0.59996
0.22446 0.038945 0.60856
0.22205 0.03877 0.61899
0.22238 0.038584 0.64346
0.22795 0.038771 0.62393
0.23421 0.038716 0.64083
0.22064 0.038475 0.65701
0.2286 0.038462 0.66785
0.23649 0.038595 0.6611
0.2388 0.038512 0.67502
0.23048 0.038335 0.68974
0.2479 0.038414 0.69964
0.23346 0.038144 0.72367
0.24364 0.038269 0.71605
0.24643 0.038163 0.73442
0.23438 0.038032 0.74599
0.23256 0.037945 0.76256
0.24861 0.038072 0.75208
0.25792 0.038025 0.7685
0.23069 0.037861 0.7819
0.23926 0.037842 0.79432
0.25413 0.037966 0.77724
0.24013 0.037791 0.80955
0.25758 0.03783 0.81166
0.25166 0.037751 0.83021
0.24197 0.037689 0.84564
0.2377 0.037645 0.86112
0.23634 0.037603 0.87943
0.23527 0.037587 0.88891
0.25781 0.037632 0.87796
0.24546 0.037581 0.91383
0.23625 0.037666 0.93021
0.25136 0.037592 0.90453
0.25995 0.037683 0.93229
0.24334 0.033805 0.96158
0.25522 0.037715 0.93771
0.27636 0.037621 0.056551
0.29643 0.037643 0.061029
0.27803 0.03764 0.079701
0.27122 0.037654 0.094537
0.29495 0.037653 0.074271
0.27211 0.037678 0.10932
0.29139 0.037695 0.10416
0.28643 0.037727 0.12284
0.27239 0.037736 0.13602
0.26942 0.037787 0.15632
0.29349 0.037776 0.1373
0.29453 0.037847 0.15664
0.26547 0.037819 0.16896
0.27025 0.037878 0.1812
0.28502 0.037981 0.19022
0.27178 0.038054 0.21255
0.2871 0.038016 0.19493
0.28349 0.038152 0.21842
0.26404 0.038285 0.2532
0.28263 0.03823 0.23164
0.28236 0.038378 0.24872
0.27605 0.038397 0.25643
0.25337 0.038589 0.29794
0.25453 0.038684 0.30608
0.27458 0.038965 0.30486
0.2483 0.038815 0.32496
0.24828 0.039063 0.34611
0.25912 0.038985 0.32798
0.25887 0.039155 0.33951
0.24563 0.039084 0.35234
0.24169 0.039188 0.37235
0.25562 0.039441 0.35963
0.2358 0.039281 0.39455
0.23135 0.03934 0.41134
0.24627 0.039633 0.39653
0.24028 0.039575 0.41451
0.22733 0.039355 0.45456
0.23887 0.039533 0.42375
0.24436 0.03976 0.44313
0.22509 0.039312 0.46934
0.2269 0.039339 0.48678
0.23815 0.03929 0.48105
0.22443 0.039597 0.51039
0.22905 0.040323 0.5395
0.22487 0.040054 0.54594
0.2325 0.039839 0.58338
0.2307 0.040508 0.56132
0.2405 0.04082 0.57827
0.23754 0.039831 0.59119
0.23958 0.039099 0.61574
0.24443 0.040024 0.59609
0.24937 0.039616 0.6085
0.24652 0.038989 0.62638
0.2485 0.038889 0.64336
0.26119 0.038989 0.64088
0.25238 0.038761 0.66107
0.25257 0.038636 0.67618
0.26309 0.038809 0.66247
0.26768 0.038774 0.67935
0.25321 0.038584 0.68413
0.26292 0.038489 0.70506
0.2745 0.038837 0.68918
0.27444 0.038541 0.71287
0.26313 0.038327 0.72427
0.26729 0.03829 0.73192
0.28438 0.038393 0.73724
0.27227 0.03816 0.75738
0.26963 0.038051 0.77261
0.28553 0.038288 0.75198
0.26445 0.037992 0.77962
0.27319 0.03793 0.79712
0.28961 0.038061 0.78557
0.28663 0.037957 0.80171
0.28902 0.03789 0.81809
0.28239 0.037814 0.83242
0.27559 0.037738 0.84918
0.2937 0.037781 0.84721
0.2862 0.037718 0.86156
0.27038 0.037635 0.88244
0.28006 0.037636 0.89482
0.29139 0.037665 0.88214
0.28453 0.03764 0.8959
0.29583 0.037635 0.91163
0.29339 0.037668 0.92794
0.27641 0.037761 0.94736
0.27916 0.034835 0.95596
0.2962 0.037701 0.93751
0.28461 0.033912 0.96055
0.30255 0.037637 0.04539
0.30594 0.037649 0.058513
0.32873 0.037658 0.044213
0.32982 0.037669 0.058217
0.30434 0.037668 0.079614
0.30824 0.037684 0.086991
0.32459 0.037678 0.070078
0.32043 0.037711 0.093378
0.30606 0.037721 0.10765
0.30365 0.03776 0.12505
0.3284 0.037742 0.10264
0.31866 0.037778 0.12255
0.3019 0.037807 0.14276
0.30471 0.037858 0.15353
0.32135 0.037842 0.14104
0.32199 0.037881 0.14988
0.30192 0.037946 0.17361
0.30413 0.038031 0.18701
0.32169 0.037972 0.1674
0.30349 0.038208 0.21397
0.32426 0.038189 0.19996
0.32237 0.038238 0.20731
0.293 0.038298 0.23344
0.29835 0.038415 0.24203
0.30735 0.03852 0.24507
0.29544 0.038523 0.25373
0.28633 0.038698 0.27472
0.30474 0.03858 0.25225
0.3072 0.038792 0.26629
0.2832 0.038873 0.29164
0.28136 0.038978 0.29982
0.29785 0.039005 0.28854
0.2966 0.039083 0.29478
0.28171 0.039235 0.3137
0.26842 0.0394 0.33879
0.28998 0.039377 0.31662
0.29068 0.039642 0.32951
0.27068 0.039547 0.34269
0.2588 0.039917 0.37249
0.27635 0.039902 0.34893
0.27637 0.040642 0.36122
0.254 0.040092 0.39258
0.25689 0.040596 0.40113
0.26392 0.040779 0.38535
0.26258 0.041374 0.40206
0.25132 0.04019 0.42605
0.24876 0.039951 0.44792
0.26065 0.041312 0.41961
0.26173 0.041182 0.43272
0.249 0.039492 0.47754
0.25679 0.040073 0.46359
0.2497 0.039805 0.48837
0.24294 0.040508 0.50306
0.23641 0.040886 0.52408
0.24881 0.041305 0.50555
0.23889 0.042226 0.55307
0.25493 0.041665 0.58765
0.25549 0.040382 0.60034
0.28471 0.040136 0.61631
0.26867 0.03922 0.63355
0.27205 0.039085 0.64709
0.28969 0.039249 0.65106
0.29391 0.038976 0.67923
0.30026 0.038921 0.69362
0.31178 0.038922 0.72098
0.31541 0.038689 0.73619
0.31032 0.038542 0.74495
0.29698 0.038377 0.75073
0.30481 0.038252 0.76885
0.31491 0.038403 0.75915
0.31459 0.038264 0.77431
0.30641 0.038134 0.78684
0.29977 0.038021 0.79866
0.31358 0.038131 0.79127
0.31491 0.038033 0.80626
0.29909 0.037952 0.81115
0.31824 0.037897 0.83174
0.30239 0.037808 0.84483
0.30915 0.037759 0.86192
0.3023 0.037675 0.88474
0.31005 0.03767 0.89257
0.32159 0.037738 0.87458
0.3202 0.037669 0.89909
0.30347 0.037629 0.91499
0.31293 0.03766 0.93093
0.32953 0.037665 0.90838
0.32069 0.037649 0.92486
0.30458 0.037723 0.94661
0.32312 0.037718 0.94408
0.34011 0.037667 0.04063
0.33912 0.037674 0.055604
0.36373 0.037687 0.040696
0.3531 0.03768 0.051279
0.33938 0.037697 0.073229
0.33877 0.037717 0.085492
0.35414 0.03773 0.083202
0.34041 0.037762 0.10391
0.33507 0.037802 0.12092
0.35474 0.037829 0.11968
0.33746 0.037863 0.13721
0.34126 0.037921 0.14874
0.35351 0.037901 0.13865
0.35991 0.037952 0.14648
0.34107 0.03801 0.16543
0.34064 0.038066 0.17534
0.34831 0.038006 0.16117
0.35263 0.038099 0.17471
0.3322 0.038174 0.19344
0.32919 0.038316 0.2115
0.34768 0.038221 0.19195
0.33492 0.03845 0.22229
0.32753 0.038645 0.24242
0.34505 0.038526 0.22349
0.35017 0.038727 0.23563
0.33066 0.038784 0.25535
0.32653 0.038872 0.26392
0.34615 0.038883 0.25066
0.33752 0.038854 0.25854
0.31723 0.039074 0.27667
0.31251 0.039346 0.29506
0.33384 0.039075 0.27306
0.32256 0.039291 0.29216
0.31457 0.039462 0.2999
0.29882 0.039641 0.32057
0.31587 0.039592 0.30647
0.31016 0.040124 0.331
0.29936 0.040743 0.35236
0.27511 0.041908 0.37842
0.26939 0.042436 0.39823
0.28498 0.04172 0.36756
0.26758 0.042827 0.41453
0.27309 0.043946 0.40632
0.26152 0.040418 0.46475
0.25816 0.040516 0.49256
0.26806 0.040472 0.48631
0.2541 0.041676 0.5052
0.25521 0.041909 0.50618
0.24834 0.044198 0.5476
0.26733 0.041882 0.59442
0.25508 0.043439 0.57323
0.27961 0.042136 0.59576
0.29543 0.040678 0.61447
0.29266 0.040058 0.62824
0.29334 0.039791 0.63622
0.29801 0.039309 0.6594
0.30574 0.040202 0.64474
0.3143 0.039819 0.66904
0.31358 0.039033 0.68797
0.30796 0.038943 0.69666
0.32551 0.03939 0.68789
0.32679 0.039177 0.69853
0.31791 0.03897 0.71833
0.33303 0.039122 0.70777
0.34253 0.039033 0.72604
0.31926 0.038793 0.7317
0.32911 0.038648 0.74318
0.34246 0.038856 0.73535
0.33964 0.038608 0.75223
0.33003 0.038509 0.75637
0.33381 0.038306 0.7792
0.34367 0.038503 0.76213
0.34807 0.038387 0.77652
0.34773 0.038277 0.79084
0.35031 0.038126 0.81017
0.34255 0.038019 0.82129
0.33225 0.037951 0.82746
0.35241 0.037982 0.83204
0.34352 0.037884 0.84837
0.3418 0.037812 0.86405
0.36013 0.037942 0.84345
0.36006 0.037834 0.86549
0.33666 0.037736 0.88176
0.3402 0.037706 0.89528
0.35306 0.03773 0.89048
0.34553 0.037687 0.91227
0.33903 0.037706 0.92913
0.35323 0.037692 0.91531
0.35327 0.03772 0.92639
0.34524 0.037765 0.94007
0.33722 0.034162 0.95889
0.36 0.037764 0.93992
0.35226 0.033699 0.96285
0.37055 0.037694 0.035083
0.38015 0.037713 0.055544
0.389 0.03771 0.040729
0.38994 0.037744 0.069393
0.3934 0.03779 0.090191
0.36953 0.037794 0.10241
0.37958 0.037838 0.11441
0.39234 0.037829 0.10548
0.38698 0.037846 0.1137
0.3681 0.037938 0.14082
0.36894 0.038015 0.15316
0.39182 0.037953 0.1344
0.37491 0.038089 0.1622
0.36908 0.038146 0.1733
0.38895 0.038298 0.18173
0.36885 0.038287 0.18967
0.37087 0.038425 0.20372
0.38341 0.038373 0.19328
0.38254 0.03845 0.20155
0.36382 0.038644 0.22453
0.35996 0.038782 0.23421
0.38852 0.038667 0.21584
0.38261 0.038976 0.23415
0.35692 0.038955 0.24639
0.35354 0.039066 0.26345
0.38062 0.039177 0.24661
0.36748 0.039099 0.25905
0.35552 0.039349 0.27835
0.37315 0.039218 0.2671
0.37026 0.039317 0.27424
0.33723 0.039435 0.29222
0.3339 0.039723 0.30709
0.31065 0.040305 0.33832
0.34422 0.04012 0.30876
0.30335 0.041349 0.35838
0.31106 0.04077 0.35183
0.29777 0.042561 0.36912
0.27722 0.045328 0.40967
0.27708 0.044346 0.4256
0.28265 0.045032 0.39432
0.27919 0.044096 0.43171
0.2739 0.041727 0.46287
0.27757 0.040984 0.48419
0.25524 0.043862 0.51642
0.25257 0.04403 0.56339
0.25958 0.043947 0.51315
0.25535 0.04391 0.56738
0.28422 0.042542 0.59235
0.29671 0.041153 0.60279
0.30891 0.041521 0.6213
0.30922 0.040699 0.64249
0.31576 0.042387 0.62395
0.32309 0.041881 0.66176
0.3188 0.040188 0.66962
0.32382 0.040018 0.67698
0.33251 0.040923 0.6755
0.34748 0.04058 0.68353
0.33485 0.039628 0.69065
0.34486 0.039363 0.70471
0.36746 0.040005 0.68662
0.36986 0.039675 0.69481
0.34772 0.039205 0.71302
0.36371 0.039232 0.70715
0.36994 0.038837 0.72637
0.36815 0.038797 0.7532
0.3795 0.038818 0.74022
0.37692 0.038857 0.75507
0.3677 0.038555 0.76968
0.35977 0.038467 0.77373
0.37518 0.03864 0.76794
0.37377 0.038331 0.7944
0.37262 0.0382 0.80997
0.37996 0.038398 0.79082
0.37266 0.038142 0.81857
0.36739 0.037991 0.83754
0.3709 0.037956 0.84504
0.3702 0.037868 0.86119
0.38493 0.037981 0.84592
0.3873 0.037859 0.86911
0.37337 0.03779 0.87996
0.36928 0.037734 0.89818
0.39111 0.037751 0.90196
0.37345 0.037715 0.91239
0.38042 0.037729 0.93065
0.38677 0.037729 0.912
0.39407 0.037749 0.9333
0.37761 0.03775 0.94322
0.37174 0.03528 0.95484
0.39065 0.037758 0.94397
0.39693 0.034978 0.95566
0.41378 0.03773 0.036504
0.41934 0.037734 0.041029
0.42026 0.037756 0.062765
0.40385 0.03777 0.078492
0.42535 0.037772 0.071066
0.43024 0.037823 0.090695
0.41299 0.037849 0.10351
0.40319 0.037873 0.11421
0.42034 0.03785 0.10123
0.41968 0.037931 0.12046
0.40904 0.038007 0.13829
0.4034 0.038098 0.15311
0.42373 0.038073 0.14446
0.40637 0.038161 0.16099
0.40408 0.038319 0.17887
0.41725 0.038223 0.16591
0.41921 0.038278 0.1716
0.4061 0.038655 0.20763
0.41972 0.038473 0.19068
0.42443 0.038545 0.19616
0.39139 0.038724 0.21986
0.40041 0.038964 0.23296
0.42252 0.038782 0.21037
0.39717 0.039112 0.24473
0.39252 0.039142 0.25137
0.41317 0.039191 0.25306
0.3969 0.039184 0.26758
0.38566 0.039245 0.27542
0.40967 0.039234 0.2596
0.40458 0.039225 0.27275
0.37999 0.039993 0.28627
0.37792 0.040799 0.29307
0.40435 0.039411 0.2871
0.38599 0.040815 0.29583
0.35076 0.040678 0.31474
0.38953 0.041172 0.3004
0.32093 0.039973 0.3425
0.30696 0.042218 0.36719
0.35814 0.041063 0.31935
0.33077 0.039199 0.34077
0.29087 0.045224 0.3853
0.283 0.046033 0.41052
0.31682 0.040748 0.36059
0.28235 0.043267 0.44378
0.27981 0.040897 0.48443
0.28533 0.042533 0.43115
0.27768 0.041128 0.49785
0.26848 0.042663 0.50625
0.25331 0.044349 0.54631
0.26541 0.042408 0.51232
0.26127 0.042672 0.57017
0.31233 0.04092 0.60344
0.32422 0.04398 0.63082
0.32736 0.043109 0.66192
0.3708 0.04146 0.66478
0.3538 0.04143 0.67683
0.37348 0.040449 0.67932
0.37628 0.040823 0.66685
0.37659 0.040044 0.68644
0.38187 0.039572 0.7005
0.38588 0.039989 0.69307
0.39642 0.039428 0.71044
0.37785 0.038892 0.71558
0.38564 0.038836 0.72688
0.40543 0.039066 0.72741
0.41039 0.039068 0.73894
0.39628 0.03898 0.7465
0.39328 0.038998 0.75455
0.4126 0.039132 0.75688
0.39648 0.038613 0.77872
0.41445 0.038839 0.77211
0.41031 0.038628 0.78332
0.40313 0.038435 0.79557
0.39662 0.038266 0.81117
0.421 0.038465 0.79847
0.4253 0.038347 0.8115
0.41019 0.038162 0.8277
0.42716 0.038261 0.8222
0.41519 0.038118 0.83534
0.40149 0.03801 0.84748
0.42191 0.037924 0.86772
0.41119 0.037817 0.88516
0.40699 0.037772 0.90163
0.42614 0.037829 0.88588
0.421 0.037799 0.89391
0.4088 0.037758 0.91128
0.40721 0.037769 0.93269
0.42644 0.037783 0.93062
0.40201 0.037782 0.9465
0.41762 0.037798 0.94024
0.42749 0.033806 0.96164
0.43718 0.037744 0.041089
0.44294 0.037763 0.059984
0.45652 0.037752 0.044399
0.43702 0.037775 0.069656
0.43732 0.037822 0.088877
0.46435 0.037802 0.077681
0.45791 0.037848 0.092446
0.43355 0.037921 0.11498
0.46178 0.037874 0.098855
0.44389 0.038028 0.13294
0.43562 0.038112 0.1468
0.45273 0.038047 0.13457
0.46218 0.038154 0.14734
0.4438 0.038214 0.15842
0.43968 0.03838 0.17579
0.4588 0.038282 0.16408
0.45552 0.03844 0.17793
0.44201 0.038508 0.1874
0.43551 0.038603 0.19694
0.44887 0.038765 0.20162
0.43044 0.038853 0.21271
0.42472 0.038893 0.22383
0.44547 0.038913 0.21028
0.42546 0.038988 0.23139
0.42286 0.039082 0.24297
0.44875 0.038991 0.23369
0.45194 0.039125 0.2412
0.41873 0.039333 0.25564
0.43257 0.039625 0.25603
0.4408 0.040099 0.25981
0.41561 0.039686 0.28641
0.41098 0.039691 0.29927
0.43424 0.04033 0.26589
0.42625 0.040442 0.27951
0.4089 0.040095 0.30566
0.38636 0.042919 0.3055
0.43042 0.041154 0.28295
0.42193 0.040442 0.30505
0.40168 0.041967 0.31572
0.32588 0.038309 0.35069
0.29499 0.04252 0.38564
0.37312 0.041706 0.31319
0.35227 0.035197 0.33975
0.2856 0.04212 0.4178
0.28686 0.037561 0.47468
0.28965 0.034618 0.49684
0.26163 0.039872 0.523
0.26879 0.04044 0.57617
0.26057 0.037811 0.5319
0.32862 0.038204 0.62412
0.3285 0.042542 0.6531
0.35152 0.042583 0.66537
0.33839 0.040917 0.66025
0.36389 0.040337 0.65703
0.37528 0.041298 0.65581
0.3829 0.040081 0.6499
0.39558 0.040532 0.68637
0.39205 0.040305 0.69159
0.41664 0.039549 0.7012
0.4332 0.038815 0.70103
0.40737 0.039429 0.7122
0.40894 0.039254 0.71826
0.43347 0.038882 0.71104
0.43254 0.039012 0.71703
0.41677 0.039007 0.73167
0.42887 0.039131 0.74115
0.44887 0.039291 0.74301
0.4275 0.039163 0.75146
0.43498 0.039051 0.76376
0.44248 0.039164 0.75176
0.44966 0.039026 0.76743
0.43883 0.038916 0.77194
0.4286 0.038669 0.78594
0.45247 0.038861 0.77713
0.45025 0.038732 0.78845
0.43415 0.038533 0.79754
0.43707 0.038352 0.81471
0.44938 0.03853 0.80137
0.46163 0.03839 0.81699
0.43999 0.03817 0.83377
0.45127 0.038225 0.82928
0.45141 0.038166 0.83702
0.44215 0.038082 0.84796
0.43562 0.037939 0.86802
0.46117 0.038095 0.84901
0.43818 0.037888 0.87735
0.43911 0.037806 0.89584
0.4516 0.037843 0.88723
0.45934 0.037809 0.89971
0.44594 0.037752 0.91789
0.44596 0.037785 0.92929
0.45919 0.03776 0.9186
0.45486 0.037796 0.93345
0.4432 0.037857 0.94883
0.46316 0.037806 0.94552
0.45911 0.033655 0.96352
0.29921 0.03974 0.41766
0.30131 0.038242 0.46748
0.26673 0.038313 0.56002
0.29918 0.036125 0.51314
0.48111 0.03776 0.045339
0.47791 0.037783 0.062795
0.49582 0.037759 0.038708
0.48789 0.037781 0.060904
0.4706 0.037806 0.078112
0.47395 0.037845 0.089488
0.492 0.037801 0.071291
0.49107 0.037853 0.090404
0.48087 0.037908 0.10607
0.47616 0.037933 0.1121
0.48544 0.03789 0.10074
0.49494 0.037983 0.11967
0.47414 0.038039 0.1303
0.49145 0.038133 0.14252
0.46862 0.038264 0.16026
0.47551 0.038389 0.17129
0.48587 0.038253 0.15652
0.47613 0.038548 0.18399
0.47218 0.038735 0.19721
0.48831 0.038535 0.18145
0.48801 0.038712 0.19454
0.46809 0.039006 0.21277
0.47455 0.039059 0.21641
0.48453 0.038969 0.20642
0.49029 0.039085 0.21443
0.4618 0.039122 0.23364
0.47547 0.03932 0.23608
0.4894 0.039338 0.23112
0.49417 0.039557 0.23952
0.46635 0.039715 0.25181
0.46993 0.040092 0.25674
0.48267 0.040307 0.2583
0.45909 0.040582 0.263
0.46464 0.041335 0.26943
0.48403 0.04096 0.26725
0.48872 0.041621 0.27093
0.45891 0.041616 0.27167
0.46271 0.041905 0.27495
0.49147 0.042331 0.27771
0.436 0.040932 0.28723
0.47493 0.041462 0.28138
0.47736 0.040121 0.28417
0.3917 0.039084 0.31556
0.3778 0.035838 0.31622
0.45499 0.036698 0.28174
0.45783 0.034654 0.28612
0.35575 0.033443 0.35844
0.40147 0.033335 0.4905
0.32206 0.033357 0.54351
0.33878 0.035891 0.65665
0.42314 0.033716 0.675
0.4084 0.036011 0.68226
0.46654 0.033972 0.69909
0.47862 0.036723 0.72244
0.41157 0.038906 0.68999
0.4407 0.038043 0.68613
0.47447 0.039972 0.724
0.4876 0.040863 0.72884
0.44571 0.038252 0.68905
0.44824 0.038898 0.70398
0.46417 0.041182 0.7223
0.48929 0.041131 0.73552
0.44612 0.038826 0.70599
0.44877 0.039382 0.72124
0.49513 0.040798 0.73762
0.45842 0.039816 0.73788
0.45988 0.039481 0.75105
0.47565 0.040101 0.74753
0.48837 0.039816 0.75391
0.46948 0.03922 0.76528
0.48892 0.039575 0.75914
0.49141 0.03923 0.76971
0.47212 0.038984 0.77812
0.475 0.038883 0.78743
0.49317 0.038987 0.78059
0.49502 0.038895 0.78846
0.47763 0.03875 0.79686
0.4684 0.038458 0.81227
0.49138 0.03842 0.81816
0.47808 0.038165 0.84086
0.49381 0.038305 0.82662
0.49151 0.038151 0.8435
0.47631 0.038077 0.85319
0.47879 0.037976 0.86753
0.48577 0.037993 0.86523
0.47579 0.037892 0.88178
0.47315 0.037841 0.89177
0.4942 0.037865 0.88681
0.46922 0.037775 0.93048
0.49115 0.037793 0.91316
0.4864 0.037765 0.93267
0.47606 0.037761 0.9462
0.47606 0.035903 0.95365
0.48754 0.037758 0.94048
0.4725 0.033713 0.34987
0.3587 0.033756 0.50292
0.36887 0.033728 0.54777
0.46101 0.033641 0.62493
0.44503 0.035849 0.30374
0.47632 0.036302 0.30332
0.30867 0.03718 0.3949
0.32257 0.034379 0.46961
0.33515 0.035854 0.36944
0.30758 0.03644 0.43645
0.47707 0.033806 0.32765
0.36239 0.03372 0.41651
0.4643 0.035515 0.30168
0.38461 0.033399 0.50317
0.36921 0.0335 0.56272
0.26541 0.039408 0.54328
0.3787 0.037468 0.61804
0.52407 0.033843 0.62574
0.4213 0.03479 0.66434
0.42389 0.03357 0.60044
0.40217 0.035524 0.65547
0.38765 0.03616 0.60405
0.48018 0.035867 0.30733
0.38055 0.03461 0.37033
0.35422 0.034031 0.46463
0.40247 0.03429 0.38762
0.3432 0.03432 0.47589
0.41869 0.036129 0.35023
0.37747 0.033855 0.46021
0.43694 0.034127 0.38434
0.461 0.033646 0.40196
0.32058 0.035192 0.5803
0.34333 0.037818 0.61886
0.30941 0.035481 0.50499
0.40377 0.033774 0.58161
0.36176 0.033959 0.53127
0.49301 0.033833 0.62203
0.46921 0.033429 0.49147
0.40176 0.033756 0.60976
0.38928 0.035965 0.60471
0.4664 0.035011 0.66773
0.39853 0.033741 0.41718
0.47355 0.033549 0.60018
0.50752 0.037757 0.044995
0.52553 0.037754 0.04702
0.52458 0.037769 0.056456
0.50678 0.037799 0.070151
0.50692 0.037841 0.0862
0.52985 0.037788 0.066624
0.52396 0.03784 0.086589
0.50221 0.0379 0.10305
0.51226 0.037942 0.11274
0.52783 0.037901 0.10536
0.52315 0.037929 0.11146
0.51527 0.038061 0.13197
0.51302 0.038127 0.14131
0.51955 0.038051 0.13066
0.52119 0.038207 0.15017
0.51066 0.038249 0.15527
0.51571 0.038352 0.16724
0.53027 0.038309 0.1643
0.51991 0.038357 0.16784
0.51549 0.038612 0.18636
0.50185 0.03868 0.1921
0.52993 0.038542 0.18334
0.53322 0.038644 0.19276
0.51285 0.039063 0.20755
0.51093 0.039175 0.21659
0.52657 0.039038 0.20908
0.523 0.039166 0.21819
0.50341 0.039473 0.23616
0.52963 0.039232 0.22809
0.52574 0.039308 0.23182
0.50443 0.039774 0.24339
0.51967 0.040351 0.24884
0.54012 0.039677 0.24491
0.54648 0.040461 0.25557
0.50588 0.040993 0.25697
0.55038 0.04149 0.26369
0.55545 0.042082 0.2679
0.50327 0.04286 0.26983
0.54149 0.042997 0.26746
0.56613 0.044327 0.27828
0.5143 0.042732 0.26649
0.51796 0.042295 0.26564
0.58978 0.044165 0.28463
0.55005 0.03842 0.28152
0.54131 0.035716 0.28004
0.58533 0.038834 0.28576
0.61387 0.035255 0.33902
0.59228 0.033355 0.35397
0.63414 0.033769 0.37942
0.65562 0.033365 0.44828
0.53316 0.033356 0.57639
0.55283 0.033457 0.68455
0.65944 0.033341 0.58137
0.64818 0.034761 0.67286
0.49872 0.036875 0.72097
0.59101 0.038194 0.68583
0.58759 0.040575 0.69589
0.57121 0.039725 0.70432
0.5087 0.040688 0.72983
0.56105 0.039367 0.70866
0.56401 0.039627 0.71365
0.5124 0.040581 0.73326
0.52282 0.040204 0.73597
0.54895 0.039149 0.72519
0.5516 0.039091 0.72918
0.51415 0.040111 0.74462
0.50569 0.039883 0.75129
0.53307 0.039755 0.74013
0.54534 0.039375 0.74552
0.50364 0.039376 0.76367
0.51065 0.039208 0.77118
0.52334 0.039193 0.7711
0.50854 0.039 0.7793
0.50939 0.038894 0.78681
0.53097 0.039086 0.77388
0.52193 0.038868 0.78746
0.51596 0.038741 0.79739
0.50555 0.038476 0.81356
0.52907 0.03858 0.80401
0.53363 0.038442 0.81336
0.50707 0.038292 0.82731
0.51261 0.038211 0.83487
0.52498 0.03824 0.8304
0.52527 0.038181 0.83823
0.51096 0.038015 0.86294
0.53249 0.037966 0.86878
0.50932 0.037878 0.88427
0.51494 0.037822 0.89739
0.53088 0.037876 0.88343
0.53155 0.037813 0.89969
0.50181 0.037773 0.91867
0.52059 0.03777 0.91565
0.50469 0.036158 0.95331
0.52787 0.037862 0.94671
0.52578 0.034215 0.95884
0.56125 0.033637 0.49878
0.56241 0.033483 0.59455
0.51627 0.033958 0.30715
0.60839 0.033545 0.43277
0.59253 0.038034 0.3018
0.47431 0.033601 0.364
0.64126 0.034694 0.50075
0.61823 0.034642 0.38537
0.67824 0.034891 0.50649
0.61226 0.033453 0.5781
0.51755 0.033768 0.63395
0.61479 0.03358 0.62874
0.59601 0.036438 0.64641
0.65398 0.0335 0.55183
0.62121 0.036241 0.65474
0.71 0.038947 0.57214
0.66348 0.038242 0.63772
0.53178 0.033747 0.6766
0.55112 0.035757 0.2975
0.55988 0.034237 0.31056
0.53158 0.033622 0.46222
0.53091 0.033499 0.37927
0.57692 0.033821 0.38668
0.61186 0.034366 0.38504
0.66912 0.034508 0.47313
0.62851 0.033502 0.47328
0.62383 0.033542 0.5827
0.58395 0.034472 0.63913
0.59762 0.033716 0.51618
0.56018 0.03385 0.62167
0.69702 0.03837 0.59184
0.65193 0.036351 0.65815
0.65186 0.034101 0.52281
0.48946 0.033627 0.39414
0.56562 0.033678 0.40792
0.61373 0.033661 0.53539
0.54101 0.037759 0.053826
0.563 0.03774 0.036599
0.55884 0.037768 0.062634
0.54324 0.037845 0.091024
0.5549 0.037786 0.070612
0.5557 0.037826 0.087231
0.54358 0.037892 0.10615
0.54815 0.037963 0.12083
0.55318 0.037883 0.10558
0.55342 0.037959 0.12108
0.5443 0.038025 0.13035
0.56414 0.038012 0.132
0.55714 0.038087 0.14185
0.54807 0.038269 0.16213
0.56706 0.03822 0.16105
0.55064 0.038513 0.18631
0.54325 0.038707 0.19815
0.56886 0.038459 0.1854
0.56444 0.038719 0.2026
0.54876 0.038852 0.20699
0.55994 0.03881 0.20671
0.57576 0.038936 0.22663
0.55328 0.039123 0.23255
0.57665 0.039063 0.23755
0.57642 0.03919 0.24267
0.5584 0.04038 0.25634
0.58503 0.039974 0.25485
0.58264 0.04059 0.25991
0.57223 0.04172 0.266
0.577 0.043119 0.27278
0.59198 0.042341 0.27135
0.60441 0.042409 0.28117
0.56765 0.043336 0.27376
0.59559 0.044687 0.28434
0.60229 0.043238 0.2838
0.60344 0.042463 0.29617
0.62269 0.041143 0.34096
0.62445 0.040916 0.34597
0.6213 0.036362 0.35496
0.64431 0.038699 0.36074
0.64905 0.034639 0.40914
0.69185 0.034359 0.46611
0.71318 0.034035 0.53023
0.72364 0.03812 0.54063
0.70204 0.041408 0.60176
0.66557 0.038076 0.66865
0.61053 0.041445 0.67437
0.67248 0.039203 0.63972
0.67619 0.04078 0.6537
0.61631 0.04249 0.67567
0.65354 0.042155 0.67997
0.61952 0.042992 0.67956
0.59784 0.042401 0.69614
0.57611 0.040414 0.71119
0.60858 0.041391 0.69719
0.5779 0.040054 0.71586
0.56948 0.039379 0.72753
0.60232 0.041012 0.70507
0.55708 0.039092 0.73524
0.56201 0.039243 0.74648
0.58522 0.039452 0.72974
0.57005 0.039222 0.74524
0.54515 0.039345 0.75856
0.54552 0.039158 0.7683
0.57226 0.039228 0.74988
0.5451 0.038985 0.77549
0.55896 0.038822 0.77998
0.56904 0.038676 0.78899
0.5417 0.038679 0.79656
0.54509 0.038412 0.814
0.56852 0.038468 0.80238
0.56718 0.038332 0.8159
0.55009 0.038305 0.82281
0.54396 0.038131 0.84311
0.55696 0.038269 0.82437
0.55729 0.038134 0.83957
0.54057 0.038023 0.8589
0.55446 0.038018 0.85745
0.56114 0.037926 0.87069
0.54167 0.037827 0.89308
0.55683 0.037835 0.88783
0.5647 0.037807 0.89455
0.54677 0.03778 0.91327
0.53706 0.03781 0.93251
0.55914 0.037761 0.91619
0.55515 0.0378 0.93207
0.54365 0.037853 0.94598
0.54763 0.033946 0.96052
0.56316 0.037821 0.94331
0.55403 0.035659 0.95425
0.68878 0.034868 0.51914
0.69862 0.035091 0.53928
0.57554 0.037733 0.04479
0.58585 0.037726 0.040475
0.59395 0.037742 0.062231
0.57192 0.03783 0.093458
0.5883 0.037764 0.07227
0.59491 0.037806 0.092665
0.57134 0.037874 0.1082
0.57633 0.037939 0.12198
0.59373 0.037837 0.10301
0.58662 0.037882 0.11386
0.5827 0.038025 0.13849
0.5993 0.037959 0.1324
0.59435 0.038069 0.14808
0.5813 0.038211 0.16469
0.57451 0.038304 0.17268
0.59024 0.038203 0.1672
0.60082 0.038222 0.17325
0.57702 0.03863 0.1999
0.59744 0.038462 0.19444
0.58372 0.038841 0.21435
0.5851 0.038888 0.22693
0.60941 0.038663 0.21441
0.6027 0.038783 0.22866
0.59334 0.038906 0.23255
0.60494 0.038909 0.23949
0.61221 0.039183 0.25254
0.59145 0.039933 0.25538
0.60327 0.040471 0.26567
0.61875 0.03961 0.26662
0.6182 0.039902 0.27236
0.60903 0.041327 0.27803
0.63093 0.039563 0.29583
0.63482 0.039294 0.30788
0.61679 0.040815 0.29861
0.62738 0.040301 0.33251
0.63375 0.039605 0.32441
0.63875 0.039718 0.34891
0.65352 0.039313 0.36278
0.65708 0.039429 0.35277
0.65742 0.039104 0.37822
0.65829 0.039739 0.42128
0.66061 0.039246 0.40496
0.66244 0.039422 0.42002
0.70221 0.039378 0.4452
0.69529 0.040358 0.48747
0.69407 0.039939 0.43553
0.69339 0.04119 0.48428
0.7236 0.040367 0.53034
0.72292 0.04258 0.573
0.7201 0.040142 0.51502
0.72102 0.043312 0.57939
0.70631 0.044196 0.60125
0.67374 0.041291 0.66216
0.713 0.044807 0.59827
0.65894 0.041031 0.61637
0.66774 0.041911 0.67399
0.67807 0.041705 0.6592
0.66223 0.042151 0.68233
0.63434 0.041797 0.68538
0.6232 0.041398 0.69035
0.64779 0.041062 0.69006
0.6123 0.040562 0.70208
0.60368 0.039771 0.71866
0.64046 0.040194 0.69703
0.62352 0.039679 0.70933
0.60446 0.03945 0.72483
0.61576 0.039414 0.71856
0.60941 0.039173 0.73269
0.58147 0.039024 0.76059
0.60255 0.038938 0.75517
0.581 0.038876 0.76926
0.60557 0.038612 0.77332
0.59926 0.038543 0.78651
0.57507 0.038385 0.80752
0.59572 0.038259 0.81376
0.58191 0.038269 0.81788
0.57948 0.038134 0.83244
0.59325 0.038132 0.82809
0.57958 0.037998 0.85396
0.59883 0.037953 0.85405
0.57417 0.037866 0.87889
0.59724 0.03776 0.8997
0.57382 0.037743 0.91462
0.59322 0.037728 0.91277
0.57366 0.03782 0.94866
0.57678 0.036054 0.95339
0.59117 0.037782 0.94441
0.5856 0.033653 0.96352
0.60922 0.03771 0.045021
0.61164 0.037726 0.061441
0.62931 0.037693 0.042388
0.63126 0.037696 0.053258
0.61514 0.037741 0.074435
0.60359 0.037778 0.086041
0.63178 0.037728 0.07873
0.62688 0.037747 0.084744
0.61126 0.037833 0.10897
0.61027 0.037897 0.12386
0.62265 0.037801 0.10287
0.62937 0.037854 0.12127
0.60464 0.037927 0.12815
0.61717 0.038044 0.1538
0.62969 0.037892 0.13092
0.63107 0.037947 0.14441
0.61064 0.038124 0.16416
0.61855 0.038184 0.17536
0.63083 0.038041 0.16058
0.61948 0.038343 0.19364
0.6153 0.038544 0.20785
0.62945 0.038327 0.19774
0.63146 0.038436 0.20824
0.61679 0.038643 0.22667
0.63379 0.038519 0.22354
0.63843 0.038557 0.23236
0.6454 0.038764 0.25299
0.63846 0.039343 0.2823
0.64529 0.039086 0.27249
0.65958 0.038802 0.30071
0.65458 0.038831 0.30471
0.66858 0.038963 0.32757
0.64578 0.039196 0.32721
0.66131 0.039374 0.34642
0.66068 0.039066 0.33048
0.67296 0.039141 0.34937
0.66916 0.038915 0.3951
0.67617 0.038687 0.39996
0.67077 0.038682 0.41322
0.69625 0.039695 0.43181
0.68147 0.038624 0.42214
0.69199 0.039013 0.42428
0.69936 0.040874 0.47726
0.71483 0.040225 0.45284
0.70424 0.04055 0.48441
0.71962 0.040329 0.50557
0.72961 0.042825 0.56281
0.72131 0.040282 0.50145
0.73284 0.041744 0.54517
0.72117 0.043874 0.58662
0.6924 0.041949 0.61089
0.72492 0.043225 0.58362
0.70657 0.043274 0.60856
0.66879 0.040454 0.62191
0.67774 0.040195 0.62709
0.66483 0.041357 0.68502
0.6788 0.040426 0.67942
0.64841 0.040197 0.69574
0.63602 0.039616 0.70566
0.65356 0.039117 0.70798
0.65353 0.039042 0.71491
0.62335 0.038949 0.73769
0.61774 0.038837 0.75158
0.63925 0.038664 0.7498
0.61982 0.03863 0.76567
0.6134 0.038532 0.77681
0.63406 0.038512 0.76599
0.63319 0.03845 0.77253
0.61532 0.038327 0.7972
0.61617 0.038276 0.80226
0.63215 0.038273 0.79523
0.63406 0.038215 0.80097
0.60732 0.038196 0.81692
0.60908 0.038005 0.84152
0.63302 0.038108 0.81727
0.63567 0.037965 0.8373
0.60945 0.037965 0.84799
0.60451 0.037898 0.86143
0.62742 0.037908 0.85083
0.62478 0.037849 0.86369
0.61134 0.037821 0.87673
0.60587 0.037761 0.89593
0.62037 0.037776 0.88443
0.63026 0.037735 0.89335
0.60838 0.037717 0.91349
0.60894 0.037729 0.9299
0.62073 0.037721 0.93117
0.61047 0.037766 0.94706
0.62275 0.037735 0.9403
0.62861 0.033585 0.96458
0.63843 0.037685 0.046599
0.65326 0.037671 0.038236
0.65533 0.037684 0.063222
0.64596 0.037711 0.078166
0.64011 0.037755 0.094176
0.66305 0.037687 0.072898
0.66601 0.037699 0.084195
0.65596 0.037768 0.10773
0.65022 0.03795 0.15439
0.65951 0.037854 0.13785
0.66162 0.037919 0.15436
0.64627 0.038004 0.16262
0.64931 0.038132 0.18377
0.66144 0.037993 0.1697
0.65837 0.038036 0.17588
0.64963 0.038173 0.18997
0.64848 0.038288 0.20444
0.66918 0.038109 0.19353
0.6697 0.0382 0.20772
0.64792 0.038444 0.2234
0.65735 0.038539 0.24099
0.67037 0.038491 0.24614
0.65571 0.038697 0.25556
0.65807 0.038846 0.26931
0.67974 0.03851 0.25882
0.67205 0.038631 0.26671
0.66718 0.038793 0.28716
0.68565 0.038833 0.30594
0.66961 0.038796 0.30817
0.68026 0.038897 0.33339
0.68937 0.03887 0.31532
0.69734 0.038773 0.33784
0.68893 0.038803 0.36434
0.6946 0.038786 0.3632
0.69389 0.038638 0.40205
0.70134 0.038815 0.39027
0.70286 0.038767 0.40145
0.69794 0.038898 0.4193
0.71911 0.039773 0.43499
0.71414 0.039143 0.41758
0.71474 0.039967 0.47066
0.71098 0.040055 0.47889
0.71969 0.039802 0.47087
0.72251 0.039787 0.48732
0.72237 0.040089 0.49697
0.73424 0.040871 0.53114
0.73373 0.039813 0.50638
0.74244 0.040139 0.5325
0.73565 0.041579 0.57501
0.72757 0.042048 0.59907
0.70854 0.041732 0.61375
0.69344 0.039749 0.62404
0.70506 0.039704 0.62621
0.69171 0.040157 0.66528
0.70009 0.039494 0.63683
0.69474 0.039863 0.66683
0.68035 0.03982 0.686
0.6974 0.039412 0.67798
0.6669 0.038823 0.71775
0.67637 0.038974 0.70282
0.67461 0.038811 0.71251
0.65753 0.038665 0.7319
0.65225 0.038582 0.74634
0.66994 0.038573 0.73419
0.67745 0.038476 0.74346
0.65624 0.038467 0.75477
0.64912 0.038368 0.77157
0.66879 0.038368 0.75915
0.66475 0.038307 0.76834
0.64295 0.038254 0.79236
0.65153 0.03814 0.8019
0.66123 0.03822 0.78616
0.66001 0.038088 0.80473
0.65021 0.038046 0.81753
0.6458 0.037942 0.83675
0.66646 0.037979 0.81944
0.66733 0.037886 0.83689
0.647 0.037904 0.84364
0.64596 0.037829 0.85922
0.65669 0.037862 0.84767
0.66166 0.037768 0.86757
0.64941 0.037726 0.88487
0.64925 0.037708 0.89245
0.65612 0.03771 0.8858
0.66448 0.037679 0.89735
0.64523 0.037682 0.91131
0.63759 0.037695 0.93015
0.66412 0.037669 0.90625
0.66034 0.037668 0.92168
0.63637 0.037714 0.94376
0.64202 0.035349 0.95461
0.65766 0.037707 0.94181
0.66574 0.034973 0.95567
0.6804 0.037642 0.044814
0.68255 0.037642 0.051442
0.69899 0.037625 0.040481
0.69034 0.037642 0.058784
0.69806 0.037648 0.071327
0.6968 0.037676 0.090999
0.67084 0.03773 0.1005
0.67179 0.03778 0.12103
0.67599 0.037818 0.13775
0.67883 0.037869 0.15344
0.68277 0.037909 0.16504
0.69567 0.037892 0.16961
0.68496 0.038069 0.19909
0.67693 0.038166 0.20859
0.70012 0.038038 0.20599
0.69368 0.038138 0.21727
0.6844 0.03827 0.22938
0.6961 0.038237 0.23572
0.70256 0.038233 0.24061
0.6936 0.038498 0.27274
0.708 0.038338 0.26581
0.70215 0.038418 0.27254
0.69704 0.038701 0.30438
0.71106 0.03852 0.29747
0.71191 0.038556 0.30358
0.70693 0.038659 0.31909
0.70525 0.038684 0.33088
0.71534 0.038685 0.32873
0.71574 0.038781 0.34177
0.70751 0.038771 0.35278
0.70726 0.038795 0.36488
0.72255 0.038868 0.36103
0.72466 0.038904 0.37109
0.71602 0.038976 0.38467
0.7173 0.038885 0.405
0.72586 0.038937 0.38762
0.73609 0.038839 0.40663
0.73396 0.039411 0.44914
0.74065 0.039073 0.43015
0.73168 0.039446 0.47163
0.73641 0.039307 0.48473
0.74561 0.039113 0.47009
0.74868 0.039103 0.49006
0.74106 0.039505 0.50926
0.74504 0.03997 0.53415
0.75342 0.039243 0.52024
0.74682 0.040285 0.54885
0.73879 0.040598 0.5874
0.75353 0.03964 0.54357
0.74798 0.039778 0.5831
0.71308 0.039628 0.62863
0.74244 0.039962 0.59839
0.73889 0.039364 0.62065
0.71909 0.039366 0.63257
0.72595 0.039117 0.63835
0.72464 0.038896 0.65379
0.70614 0.039105 0.67467
0.7041 0.039048 0.68292
0.71811 0.03892 0.66338
0.71665 0.038832 0.67821
0.69077 0.038742 0.71528
0.70777 0.038604 0.70636
0.6934 0.038552 0.72983
0.68329 0.038485 0.74131
0.70041 0.038584 0.72112
0.68615 0.038273 0.76167
0.67839 0.038208 0.77598
0.70251 0.038266 0.75236
0.70463 0.038117 0.77137
0.68095 0.038154 0.78327
0.68186 0.038036 0.80002
0.69868 0.038092 0.78047
0.69112 0.037968 0.80634
0.67667 0.037976 0.81428
0.69004 0.037945 0.81163
0.691 0.037842 0.83301
0.68231 0.037781 0.85331
0.69636 0.037791 0.84298
0.68876 0.037711 0.86888
0.68171 0.037701 0.87504
0.69211 0.037689 0.8738
0.69227 0.03764 0.89753
0.6799 0.037651 0.91152
0.6708 0.037717 0.93336
0.69044 0.037735 0.9327
0.6816 0.037808 0.94443
0.68273 0.033644 0.96369
0.69643 0.034287 0.95838
0.70882 0.037616 0.037361
0.70783 0.037622 0.05452
0.72449 0.037602 0.042438
0.72716 0.037609 0.060561
0.71067 0.037638 0.075763
0.72816 0.037619 0.075249
0.71132 0.037669 0.10037
0.70841 0.03772 0.12481
0.72664 0.037662 0.11139
0.73088 0.037685 0.12621
0.70733 0.037806 0.1548
0.73352 0.03772 0.14495
0.73172 0.037756 0.15685
0.70883 0.037864 0.17218
0.70761 0.037933 0.18801
0.72422 0.037799 0.16536
0.73402 0.037827 0.1832
0.70999 0.037955 0.19505
0.71063 0.038033 0.21237
0.72529 0.037932 0.20362
0.72023 0.038113 0.23727
0.73883 0.038058 0.24541
0.72588 0.038192 0.2591
0.728 0.038285 0.27839
0.72023 0.03843 0.29218
0.73082 0.038473 0.31443
0.74465 0.038272 0.29674
0.73779 0.038424 0.31682
0.73302 0.038489 0.32093
0.73633 0.038603 0.34375
0.74343 0.038418 0.32348
0.75101 0.038478 0.34638
0.74076 0.038636 0.36338
0.73461 0.038781 0.3728
0.74673 0.03856 0.35698
0.74755 0.038675 0.38019
0.74288 0.038749 0.39744
0.75745 0.038661 0.39128
0.75349 0.038769 0.40869
0.74976 0.038854 0.42195
0.74968 0.039023 0.45208
0.76247 0.038808 0.43263
0.7621 0.038863 0.45052
0.75399 0.038942 0.46333
0.75517 0.038939 0.48308
0.75899 0.038894 0.4611
0.76595 0.038913 0.48566
0.76662 0.038961 0.50349
0.77142 0.039019 0.52073
0.76134 0.039361 0.55408
0.77163 0.039133 0.55041
0.77077 0.039011 0.57499
0.75067 0.039051 0.61743
0.7685 0.038965 0.58902
0.76196 0.03898 0.60266
0.7378 0.038819 0.64833
0.75268 0.038932 0.62458
0.7525 0.038755 0.64731
0.73336 0.038701 0.66488
0.73581 0.038629 0.67077
0.74443 0.038675 0.65932
0.7441 0.03855 0.67668
0.72887 0.038491 0.69746
0.7235 0.038469 0.70636
0.73969 0.0385 0.68818
0.74092 0.038383 0.70126
0.72685 0.038316 0.72328
0.71419 0.038306 0.7367
0.73031 0.038236 0.73119
0.71603 0.038199 0.7513
0.7144 0.038111 0.76455
0.73615 0.038114 0.74723
0.7311 0.038029 0.7652
0.71726 0.038003 0.78249
0.70738 0.037954 0.79833
0.72871 0.037965 0.78076
0.71528 0.03783 0.81969
0.70574 0.037811 0.83134
0.72817 0.037843 0.80812
0.71745 0.037753 0.84019
0.70474 0.037706 0.8626
0.72375 0.037739 0.84022
0.71118 0.037632 0.88421
0.70518 0.03763 0.88894
0.7214 0.037643 0.87546
0.73313 0.037584 0.89861
0.70394 0.037611 0.91192
0.71507 0.037609 0.92119
0.73135 0.037579 0.90831
0.71049 0.033966 0.96032
0.73234 0.037787 0.94257
0.73851 0.03759 0.043439
0.74124 0.037593 0.057165
0.76105 0.037577 0.058535
0.75596 0.037591 0.07687
0.75384 0.037606 0.090632
0.76466 0.037608 0.10413
0.75478 0.037635 0.11719
0.74368 0.0377 0.14455
0.74001 0.037719 0.15007
0.75657 0.037658 0.13328
0.76495 0.037683 0.15637
0.74196 0.037761 0.16873
0.74842 0.037806 0.19125
0.75776 0.037738 0.17586
0.75688 0.037777 0.18999
0.75249 0.037827 0.20256
0.74824 0.037928 0.22521
0.76485 0.037847 0.22074
0.74856 0.037977 0.23777
0.76947 0.037866 0.23107
0.755 0.038048 0.2615
0.74632 0.038164 0.27586
0.7687 0.037997 0.26613
0.75625 0.038296 0.31628
0.76431 0.038132 0.29384
0.76917 0.038192 0.31516
0.75549 0.03835 0.32766
0.75845 0.038441 0.35294
0.77196 0.038251 0.33617
0.77661 0.038274 0.34823
0.7683 0.038409 0.36881
0.76615 0.038475 0.37678
0.78147 0.038323 0.36718
0.77545 0.038418 0.38054
0.76658 0.038555 0.39186
0.76964 0.038664 0.42036
0.78268 0.03848 0.40407
0.7694 0.038731 0.43348
0.77202 0.038784 0.45482
0.78436 0.038631 0.43688
0.78816 0.038657 0.44905
0.77891 0.038753 0.46352
0.77488 0.038863 0.48304
0.79132 0.038711 0.47127
0.79101 0.038758 0.4823
0.7908 0.03889 0.50639
0.78693 0.038993 0.53164
0.77827 0.039056 0.5481
0.77611 0.03897 0.57011
0.78908 0.038982 0.54375
0.79359 0.038864 0.56063
0.7784 0.038811 0.59145
0.78026 0.038697 0.60877
0.78373 0.038645 0.61414
0.75733 0.038613 0.65839
0.75624 0.038501 0.67347
0.77505 0.038431 0.6552
0.7582 0.03839 0.68612
0.7538 0.038296 0.70448
0.77355 0.038224 0.69094
0.75545 0.038173 0.72193
0.75099 0.038087 0.73995
0.74948 0.037995 0.75632
0.7463 0.037987 0.76069
0.76377 0.03791 0.76195
0.75003 0.03789 0.78029
0.74803 0.037823 0.79824
0.75865 0.037878 0.77534
0.75134 0.037741 0.81765
0.75039 0.037696 0.83494
0.75914 0.037753 0.8088
0.76429 0.037687 0.82644
0.7406 0.037643 0.86215
0.7583 0.037644 0.84986
0.74529 0.03761 0.87142
0.74103 0.037574 0.9004
0.75767 0.037569 0.88046
0.75694 0.037557 0.8954
0.74775 0.037567 0.90473
0.76297 0.03755 0.91172
0.75552 0.037675 0.93168
0.73799 0.037777 0.94157
0.73957 0.034273 0.95843
0.76405 0.033851 0.96118
0.77256 0.037563 0.043899
0.78102 0.037557 0.052414
0.79557 0.037545 0.047429
0.79862 0.037548 0.063277
0.77641 0.037569 0.068571
0.79091 0.037569 0.090147
0.78172 0.037595 0.11317
0.781 0.037614 0.12854
0.7924 0.037581 0.10993
0.79623 0.03759 0.1241
0.78222 0.03763 0.14311
0.77978 0.037655 0.15609
0.78896 0.037613 0.13629
0.79068 0.037645 0.16078
0.78038 0.03769 0.17567
0.79913 0.037642 0.16712
0.78891 0.037709 0.19367
0.78085 0.037752 0.20421
0.78444 0.037795 0.22493
0.79653 0.037724 0.20932
0.79314 0.037768 0.22424
0.77645 0.037849 0.2339
0.77732 0.037929 0.25821
0.79319 0.037791 0.23361
0.79421 0.037834 0.25086
0.79795 0.037881 0.27192
0.77965 0.038097 0.30634
0.78653 0.038116 0.32224
0.80506 0.037925 0.29705
0.79631 0.038034 0.31752
0.78861 0.038161 0.3387
0.78919 0.038218 0.35443
0.79678 0.038078 0.33231
0.79802 0.038134 0.35155
0.79305 0.038238 0.37007
0.79766 0.038254 0.38704
0.8074 0.038141 0.36999
0.80938 0.038187 0.38884
0.79766 0.03831 0.40206
0.79633 0.038391 0.41744
0.80362 0.038255 0.39983
0.80929 0.038297 0.42434
0.79772 0.038477 0.43945
0.80917 0.038365 0.44318
0.80771 0.038391 0.44779
0.79659 0.038609 0.46821
0.80168 0.038575 0.48536
0.81069 0.038415 0.46753
0.81759 0.038402 0.49163
0.80491 0.038608 0.51229
0.81193 0.038496 0.50884
0.81734 0.038443 0.53149
0.79696 0.038771 0.56448
0.81319 0.038502 0.53739
0.81403 0.038453 0.56631
0.79976 0.038594 0.58491
0.7968 0.038584 0.59618
0.81104 0.038442 0.58258
0.80032 0.038443 0.61008
0.80669 0.038367 0.61155
0.78605 0.038385 0.64784
0.78374 0.038286 0.66685
0.80562 0.038169 0.65125
0.79939 0.038126 0.67141
0.78263 0.038165 0.6899
0.78384 0.038117 0.69748
0.80363 0.038039 0.68652
0.80292 0.038022 0.69153
0.78658 0.038012 0.71561
0.77581 0.037973 0.73666
0.79156 0.037895 0.73681
0.78159 0.037906 0.7455
0.78399 0.03782 0.76707
0.80108 0.037833 0.74478
0.79763 0.037695 0.79651
0.77293 0.037689 0.81805
0.77891 0.037644 0.83251
0.78949 0.037681 0.80825
0.79912 0.037611 0.83215
0.77757 0.037601 0.85495
0.78909 0.037604 0.84375
0.7791 0.037554 0.87908
0.77276 0.037542 0.89745
0.79632 0.037521 0.89401
0.7778 0.037641 0.93359
0.7924 0.037513 0.91527
0.78218 0.037746 0.94918
0.77298 0.033661 0.96332
0.79174 0.037717 0.94316
0.79688 0.034599 0.95685
0.80308 0.037539 0.046727
0.80375 0.037541 0.054059
0.82932 0.037522 0.046927
0.8318 0.037521 0.052167
0.80323 0.037551 0.076909
0.80488 0.037557 0.092163
0.82853 0.03753 0.072916
0.82144 0.037542 0.089505
0.81016 0.037559 0.10443
0.80897 0.037574 0.12218
0.82048 0.037551 0.10745
0.82766 0.037557 0.12462
0.82787 0.03757 0.1396
0.82084 0.037614 0.17303
0.82098 0.037628 0.18463
0.81233 0.03768 0.20481
0.80609 0.037724 0.21982
0.83312 0.037648 0.21122
0.82981 0.03767 0.22096
0.80763 0.037753 0.23507
0.81159 0.037785 0.25509
0.83242 0.037725 0.2559
0.82039 0.0378 0.27805
0.81616 0.037842 0.2865
0.83517 0.037756 0.27562
0.82916 0.037805 0.29069
0.82048 0.037858 0.2993
0.81615 0.037929 0.31516
0.83123 0.037824 0.30125
0.82606 0.037903 0.3248
0.81552 0.038002 0.33942
0.82046 0.038004 0.34938
0.82823 0.037939 0.34262
0.81753 0.038098 0.37364
0.81781 0.038149 0.39241
0.83778 0.037975 0.37532
0.81894 0.038174 0.40511
0.82065 0.038215 0.42436
0.83485 0.03809 0.42024
0.82202 0.038248 0.43912
0.83017 0.038194 0.45201
0.84132 0.038086 0.43711
0.82476 0.038292 0.47047
0.82187 0.038358 0.49198
0.82195 0.03838 0.51217
0.82966 0.038285 0.52166
0.83901 0.038205 0.52184
0.82652 0.038304 0.55824
0.83458 0.038221 0.55398
0.82441 0.038225 0.6024
0.8425 0.038118 0.58114
0.83734 0.038118 0.59893
0.82545 0.038154 0.61831
0.82506 0.038093 0.63357
0.83846 0.038074 0.61211
0.83185 0.03806 0.62982
0.81669 0.038085 0.65199
0.81675 0.038061 0.65855
0.83126 0.038026 0.64084
0.82063 0.037986 0.6735
0.81236 0.037932 0.70272
0.83 0.037884 0.69057
0.81416 0.037884 0.71383
0.82798 0.037829 0.7121
0.80971 0.037818 0.73978
0.80965 0.037745 0.76467
0.835 0.037725 0.74289
0.83514 0.03769 0.75764
0.80628 0.03772 0.77762
0.80937 0.037661 0.79846
0.83333 0.037646 0.78043
0.8269 0.037631 0.79489
0.81185 0.037636 0.80773
0.8259 0.037577 0.82806
0.80542 0.037573 0.84833
0.81178 0.037545 0.86101
0.8307 0.037547 0.84397
0.83013 0.037522 0.86317
0.81558 0.037522 0.87342
0.80497 0.037513 0.8926
0.82712 0.0375 0.88224
0.80658 0.037504 0.90796
0.80556 0.037555 0.92342
0.81941 0.037493 0.90912
0.80558 0.037719 0.93984
0.81297 0.033817 0.96151
0.82739 0.037819 0.94921
0.82108 0.033646 0.9636
0.84268 0.037514 0.044672
0.83956 0.037517 0.054761
0.86205 0.037501 0.044847
0.84571 0.037519 0.078868
0.84929 0.037521 0.090982
0.85271 0.037513 0.07409
0.85457 0.037516 0.089269
0.85629 0.037523 0.10768
0.85576 0.037535 0.13093
0.84054 0.03756 0.14548
0.84748 0.037562 0.15776
0.85993 0.037537 0.14117
0.85385 0.037549 0.15118
0.83868 0.037595 0.17947
0.84133 0.037604 0.1902
0.85817 0.037569 0.17983
0.86625 0.037573 0.19478
0.85051 0.037609 0.20695
0.83908 0.03766 0.22699
0.86181 0.037594 0.20907
0.85431 0.03763 0.22882
0.84951 0.037659 0.24262
0.85899 0.037639 0.2433
0.86126 0.037649 0.2538
0.85857 0.037688 0.27195
0.86111 0.037713 0.29225
0.84705 0.037789 0.31104
0.84126 0.03783 0.31994
0.86371 0.037723 0.30428
0.85916 0.037756 0.31662
0.84693 0.037872 0.35019
0.8615 0.037789 0.33868
0.86956 0.037793 0.35777
0.85094 0.037905 0.37644
0.85913 0.03786 0.37525
0.86753 0.037849 0.38813
0.85558 0.037939 0.4071
0.85724 0.037952 0.42025
0.86049 0.037903 0.40203
0.8696 0.037899 0.42789
0.85127 0.038027 0.43899
0.84708 0.038079 0.45424
0.86381 0.037949 0.44361
0.86859 0.03794 0.45855
0.85039 0.038089 0.47543
0.85457 0.03807 0.49034
0.85381 0.038097 0.51255
0.85916 0.038042 0.53153
0.87324 0.037951 0.52208
0.85583 0.038068 0.54221
0.85642 0.038044 0.55789
0.87146 0.037951 0.54245
0.86892 0.037957 0.55554
0.85719 0.038002 0.57777
0.84974 0.038029 0.59786
0.86976 0.037929 0.57615
0.86225 0.037946 0.59325
0.85603 0.037935 0.62368
0.86598 0.03791 0.60464
0.85975 0.037891 0.63415
0.8534 0.037856 0.66273
0.86869 0.037829 0.64193
0.86205 0.037807 0.66602
0.85134 0.037807 0.68243
0.84265 0.037822 0.69191
0.86365 0.037779 0.67458
0.86545 0.037721 0.69909
0.84335 0.037775 0.7098
0.84918 0.037715 0.72739
0.85743 0.037732 0.70593
0.85756 0.037684 0.72999
0.84632 0.037696 0.74013
0.84303 0.037653 0.76614
0.85851 0.037626 0.76164
0.83899 0.037607 0.79656
0.86199 0.037602 0.77232
0.86588 0.037568 0.79135
0.84204 0.03757 0.8163
0.86436 0.037551 0.80578
0.86109 0.037534 0.82332
0.84375 0.037532 0.84404
0.86067 0.037516 0.83966
0.86162 0.037496 0.85738
0.84603 0.037492 0.87652
0.84141 0.037482 0.89783
0.86018 0.037485 0.87054
0.84468 0.037496 0.92032
0.86374 0.037459 0.90655
0.855 0.037509 0.92339
0.84883 0.037634 0.93749
0.84148 0.033886 0.9608
0.86223 0.037599 0.93696
0.86004 0.033632 0.96371
0.86983 0.037495 0.039101
0.87163 0.037495 0.060985
0.8867 0.037484 0.039916
0.88821 0.037485 0.051903
0.88144 0.03749 0.076368
0.88203 0.037494 0.091955
0.89687 0.03749 0.078466
0.89093 0.03749 0.085848
0.88142 0.037501 0.10857
0.88224 0.037509 0.12721
0.89082 0.0375 0.11834
0.87525 0.03752 0.13742
0.8827 0.037524 0.15756
0.89429 0.037515 0.14716
0.88949 0.037523 0.16131
0.8772 0.037554 0.18995
0.8937 0.037527 0.1689
0.89804 0.037538 0.18875
0.87259 0.037572 0.20275
0.87821 0.037578 0.21843
0.89166 0.03756 0.20996
0.88762 0.037568 0.22104
0.87094 0.037606 0.23591
0.87473 0.037645 0.27312
0.87711 0.03766 0.28825
0.89937 0.037611 0.26803
0.89252 0.03764 0.29077
0.8737 0.037706 0.31288
0.88343 0.037689 0.32122
0.88977 0.037652 0.30178
0.88906 0.037673 0.31824
0.88123 0.037729 0.34332
0.89637 0.037687 0.3382
0.9014 0.037695 0.35196
0.88245 0.037778 0.37865
0.87568 0.037814 0.38627
0.89596 0.037728 0.37098
0.89928 0.037746 0.39187
0.87862 0.037829 0.40649
0.88118 0.037833 0.41926
0.90084 0.037769 0.4128
0.8968 0.037783 0.41857
0.88795 0.037822 0.44121
0.89207 0.037821 0.45146
0.8876 0.03785 0.48078
0.88585 0.037867 0.49588
0.89205 0.037837 0.49408
0.87749 0.037922 0.50588
0.88435 0.037875 0.53088
0.89485 0.037835 0.51389
0.89636 0.037831 0.52683
0.88092 0.03789 0.54109
0.89589 0.03783 0.53904
0.89967 0.037825 0.55331
0.88461 0.03785 0.57577
0.88191 0.037838 0.59865
0.89602 0.037806 0.576
0.89259 0.03779 0.5993
0.88082 0.03783 0.60698
0.88525 0.037764 0.63238
0.89203 0.037777 0.61035
0.89118 0.037753 0.62751
0.88309 0.037742 0.65007
0.89208 0.03772 0.64767
0.89499 0.0377 0.65966
0.8752 0.037733 0.676
0.90086 0.03764 0.69754
0.8739 0.037668 0.7134
0.88242 0.037619 0.73018
0.89742 0.037639 0.70391
0.89246 0.037619 0.72279
0.87505 0.037616 0.74539
0.87341 0.037591 0.76484
0.88902 0.037592 0.74309
0.89942 0.037555 0.76365
0.87568 0.037565 0.78014
0.8797 0.037538 0.79687
0.89158 0.037537 0.78758
0.87243 0.037527 0.81536
0.87858 0.037509 0.82447
0.89049 0.037519 0.80434
0.87777 0.037494 0.8403
0.88244 0.037467 0.8637
0.89585 0.037486 0.83933
0.88747 0.037469 0.85874
0.8753 0.037453 0.89179
0.89319 0.037457 0.8699
0.89614 0.037442 0.89032
0.88066 0.037442 0.90437
0.88173 0.037514 0.93043
0.89409 0.037447 0.91094
0.89766 0.037543 0.93195
0.87238 0.037611 0.9421
0.89896 0.033814 0.96133
0.90613 0.037496 0.037529
0.91317 0.037499 0.054242
0.92359 0.037529 0.038855
0.91638 0.037494 0.075494
0.9049 0.037491 0.09045
0.93033 0.037593 0.094733
0.91275 0.037491 0.10889
0.91081 0.037501 0.12931
0.92257 0.037534 0.10375
0.92512 0.037559 0.11821
0.90673 0.037506 0.13467
0.90915 0.037518 0.15866
0.92336 0.03754 0.13911
0.91496 0.03753 0.1881
0.92909 0.037561 0.17151
0.93203 0.0376 0.19648
0.91603 0.037551 0.20535
0.91371 0.037564 0.22227
0.92849 0.03761 0.20942
0.92041 0.037579 0.22628
0.90995 0.037569 0.2463
0.92919 0.037617 0.2429
0.92323 0.037602 0.25615
0.91015 0.037617 0.26997
0.93269 0.037657 0.27978
0.93195 0.037666 0.29409
0.9139 0.037649 0.32544
0.92511 0.037657 0.30248
0.92422 0.037661 0.3224
0.90652 0.03767 0.33607
0.90973 0.037689 0.36137
0.93105 0.037706 0.33739
0.92168 0.037684 0.35582
0.90883 0.037701 0.37182
0.91379 0.037712 0.39105
0.92739 0.037745 0.39572
0.92736 0.037749 0.40356
0.93292 0.037798 0.43095
0.90934 0.037803 0.45553
0.92956 0.037801 0.43584
0.91151 0.037789 0.48125
0.90886 0.037794 0.49714
0.93 0.037807 0.47312
0.92755 0.037791 0.48717
0.91508 0.037777 0.50485
0.91584 0.037787 0.52482
0.93095 0.0378 0.51396
0.92845 0.037798 0.52109
0.92682 0.03782 0.53969
0.92841 0.037814 0.55627
0.91705 0.037717 0.59771
0.92747 0.037744 0.5771
0.93088 0.037737 0.59715
0.91284 0.037725 0.60696
0.90778 0.037725 0.62414
0.92434 0.037726 0.60799
0.92589 0.037737 0.62036
0.90605 0.037711 0.64512
0.93429 0.037819 0.64856
0.92516 0.037725 0.66389
0.91544 0.037618 0.68819
0.92704 0.037706 0.68136
0.93005 0.037701 0.6958
0.91432 0.037626 0.70483
0.92428 0.037648 0.70874
0.91097 0.037575 0.74064
0.91434 0.037542 0.75982
0.92125 0.037595 0.73666
0.9206 0.037556 0.76491
0.91555 0.037537 0.77204
0.9145 0.037528 0.78857
0.92726 0.037593 0.77612
0.92793 0.037567 0.79576
0.90585 0.037498 0.81608
0.91332 0.037491 0.8226
0.92224 0.037528 0.80332
0.91996 0.037501 0.82653
0.90725 0.037484 0.8459
0.90762 0.037465 0.86264
0.92501 0.037539 0.83663
0.92068 0.037494 0.86212
0.91314 0.037447 0.87369
0.92064 0.037473 0.87226
0.93225 0.037542 0.8902
0.90858 0.037464 0.91101
0.90974 0.037554 0.93033
0.92195 0.037502 0.90995
0.93 0.037603 0.92613
0.90818 0.037625 0.94207
0.91412 0.034037 0.95949
0.92018 0.037641 0.94056
0.92515 0.033888 0.96067
0.93892 0.037592 0.042242
0.9392 0.037602 0.054885
0.95453 0.035241 0.037312
0.95786 0.034312 0.061629
0.9365 0.037619 0.074909
0.96027 0.033941 0.087915
0.94778 0.03776 0.10617
0.95945 0.034045 0.12746
0.94736 0.037648 0.14504
0.94398 0.037616 0.15549
0.95868 0.034153 0.14059
0.9523 0.036308 0.15776
0.93738 0.037591 0.1715
0.94684 0.037661 0.19543
0.95542 0.034945 0.19697
0.94091 0.037661 0.20532
0.94099 0.037682 0.22778
0.96333 0.033658 0.21408
0.96119 0.033837 0.22099
0.94167 0.037671 0.24649
0.94747 0.037692 0.25196
0.9611 0.033843 0.23648
0.95295 0.036021 0.26313
0.94427 0.03767 0.2705
0.94096 0.03767 0.28757
0.95979 0.033992 0.27499
0.94254 0.037689 0.30162
0.94231 0.037737 0.32985
0.9552 0.035063 0.30142
0.96448 0.033589 0.32447
0.9466 0.037782 0.34195
0.94437 0.037801 0.35665
0.95898 0.034151 0.35972
0.94164 0.037802 0.36788
0.94844 0.037832 0.39705
0.96432 0.033606 0.37942
0.95283 0.036414 0.39588
0.94689 0.037806 0.40665
0.96364 0.033647 0.40979
0.95691 0.034637 0.42862
0.94291 0.037852 0.44489
0.94673 0.037872 0.45175
0.95418 0.035672 0.4356
0.96008 0.034006 0.45278
0.9411 0.037832 0.47283
0.96373 0.033646 0.47964
0.95579 0.035041 0.49556
0.94737 0.037848 0.50947
0.94364 0.037837 0.52298
0.95367 0.036003 0.51249
0.96005 0.034016 0.5275
0.93842 0.037811 0.55543
0.96443 0.033602 0.53984
0.95874 0.03423 0.55797
0.94433 0.037764 0.59508
0.94145 0.037796 0.61414
0.94171 0.037817 0.62303
0.95989 0.034029 0.628
0.94517 0.03788 0.63982
0.9615 0.033833 0.63744
0.96371 0.033648 0.65908
0.94946 0.037951 0.67649
0.9603 0.033983 0.67455
0.9595 0.034084 0.69494
0.94164 0.037668 0.71336
0.94066 0.037654 0.72445
0.95456 0.035323 0.71502
0.9552 0.03507 0.72025
0.9444 0.037723 0.75534
0.95591 0.034862 0.74672
0.95988 0.034003 0.75549
0.94214 0.037684 0.77903
0.94211 0.037623 0.79894
0.95791 0.034312 0.78706
0.94063 0.037598 0.80412
0.9545 0.035266 0.81248
0.9593 0.034076 0.8313
0.93955 0.037691 0.8467
0.96499 0.033566 0.85738
0.94376 0.037624 0.8868
0.95976 0.03401 0.87056
0.93893 0.037638 0.92321
0.95671 0.034575 0.9087
0.96465 0.033579 0.92136
0.93963 0.03768 0.93768
0.94284 0.034177 0.95864
0.95945 0.034046 0.94322
0.95447 0.03355 0.96288
