2635
1 1 1
0.03505 0.037249 0.04546
0.04135 0.03725 0.055284
0.063635 0.03725 0.035792
0.059496 0.03725 0.052379
0.046666 0.03725 0.070745
0.044038 0.037249 0.096373
0.060885 0.03725 0.083139
0.057264 0.037248 0.10024
0.038814 0.037246 0.11445
0.041645 0.037246 0.12487
0.06473 0.037247 0.11101
0.064304 0.037243 0.14839
0.040826 0.037231 0.19611
0.059791 0.037234 0.18569
0.062791 0.03723 0.20198
0.036332 0.037227 0.20686
0.040842 0.037216 0.23369
0.054518 0.037225 0.21213
0.05785 0.03722 0.22602
0.048787 0.037212 0.24302
0.042979 0.037199 0.2649
0.054293 0.03721 0.24961
0.063783 0.037202 0.26481
0.048341 0.037191 0.27712
0.047488 0.037179 0.29473
0.057481 0.037187 0.28649
0.065646 0.03718 0.29559
0.064697 0.037162 0.31721
0.060212 0.037146 0.33265
0.046657 0.037124 0.354
0.06603 0.037112 0.36322
0.04794 0.037092 0.38421
0.046991 0.037081 0.39773
0.064496 0.037091 0.38261
0.059815 0.037072 0.40428
0.046629 0.037064 0.41446
0.038478 0.03705 0.43327
0.065628 0.037055 0.41742
0.058417 0.037053 0.42832
0.044552 0.03704 0.45523
0.065304 0.037039 0.4533
0.064435 0.037034 0.46859
0.043874 0.037029 0.48111
0.046286 0.037023 0.49505
0.056781 0.037033 0.48092
0.064111 0.037025 0.49863
0.039732 0.037018 0.51366
0.039371 0.037012 0.53336
0.060215 0.037022 0.51557
0.065775 0.037015 0.53252
0.048574 0.037008 0.54407
0.045641 0.037002 0.56793
0.068336 0.037011 0.54264
0.06668 0.037006 0.56179
0.038085 0.036999 0.57836
0.036614 0.036993 0.59923
0.05646 0.037005 0.577
0.058813 0.036999 0.59574
0.04631 0.036992 0.60376
0.036932 0.036987 0.62934
0.056123 0.036995 0.60944
0.063418 0.036991 0.6214
0.055063 0.036987 0.64827
0.057334 0.036983 0.6599
0.050171 0.036979 0.67182
0.056188 0.036981 0.66983
0.062644 0.036976 0.68705
0.036415 0.036969 0.729
0.064277 0.036971 0.7116
0.054593 0.036971 0.72153
0.044916 0.036965 0.74575
0.037532 0.036964 0.76177
0.062688 0.036966 0.74215
0.054423 0.036964 0.75978
0.041691 0.036963 0.77283
0.037622 0.036958 0.80068
0.060886 0.036961 0.78168
0.058632 0.036959 0.79203
0.040363 0.036954 0.8293
0.054645 0.036956 0.81647
0.060816 0.036952 0.83513
0.038513 0.03695 0.8475
0.035202 0.036948 0.86763
0.055692 0.036951 0.84149
0.058413 0.036947 0.8656
0.035825 0.036946 0.87796
0.046448 0.036951 0.90057
0.06077 0.036942 0.88607
0.059108 0.036947 0.89684
0.042875 0.03702 0.92113
0.036988 0.033337 0.95892
0.058874 0.038292 0.95038
0.060493 0.03335 0.95738
0.081137 0.037251 0.045912
0.076853 0.03725 0.061065
0.080022 0.037249 0.091133
0.096854 0.037251 0.076092
0.094123 0.03725 0.091121
0.072965 0.037247 0.11009
0.074179 0.037245 0.13407
0.087499 0.037248 0.11268
0.091951 0.037248 0.12687
0.071615 0.037243 0.14546
0.092159 0.037245 0.14173
0.095857 0.037242 0.1642
0.074075 0.037235 0.18283
0.069983 0.037232 0.19833
0.0976 0.037238 0.18275
0.098315 0.037236 0.19866
0.079857 0.037227 0.21392
0.07858 0.03722 0.23145
0.092124 0.037228 0.2193
0.10111 0.037223 0.23568
0.07215 0.03721 0.25327
0.074944 0.037207 0.25993
0.089046 0.037214 0.25401
0.093802 0.037211 0.26257
0.079165 0.03719 0.28364
0.078426 0.037175 0.30157
0.1001 0.037198 0.28396
0.071327 0.03716 0.31862
0.072309 0.037139 0.33825
0.09802 0.037168 0.31748
0.096525 0.037142 0.33938
0.075961 0.037116 0.35791
0.096049 0.037125 0.35431
0.095361 0.037105 0.36975
0.08203 0.03707 0.39227
0.09973 0.037082 0.38649
0.10516 0.037074 0.39865
0.076485 0.037044 0.42263
0.081955 0.037035 0.43537
0.10587 0.03706 0.42539
0.097685 0.037054 0.43129
0.077571 0.03703 0.45637
0.095246 0.03704 0.44898
0.097481 0.037037 0.46705
0.084037 0.037022 0.4837
0.089559 0.037018 0.49364
0.10439 0.037032 0.48958
0.10381 0.037031 0.49975
0.078412 0.037017 0.50999
0.099656 0.037024 0.52585
0.089187 0.037007 0.54094
0.08256 0.037 0.56661
0.096042 0.037007 0.56437
0.084871 0.036998 0.57227
0.078903 0.036993 0.59894
0.099781 0.037012 0.57235
0.10276 0.037005 0.59427
0.084136 0.036985 0.62678
0.10448 0.036998 0.61062
0.11048 0.036995 0.61917
0.08183 0.036981 0.63914
0.1051 0.03698 0.66047
0.074872 0.036975 0.67764
0.096521 0.036977 0.66944
0.099238 0.036973 0.68865
0.083387 0.036968 0.70721
0.072899 0.036966 0.72901
0.099812 0.036967 0.71939
0.076475 0.036964 0.74204
0.081686 0.036961 0.75477
0.095857 0.036965 0.73725
0.091631 0.036961 0.75946
0.075917 0.03696 0.77162
0.077035 0.036956 0.79914
0.10076 0.036956 0.78328
0.075991 0.036954 0.81749
0.084505 0.03695 0.82556
0.098652 0.036953 0.80721
0.095184 0.036948 0.8352
0.078536 0.036948 0.84624
0.078679 0.036943 0.86754
0.095435 0.036939 0.87216
0.081487 0.036942 0.89039
0.094112 0.036936 0.88118
0.091311 0.036945 0.89918
0.075923 0.036973 0.91865
0.081523 0.037321 0.93949
0.096225 0.036948 0.91237
0.073483 0.037676 0.94556
0.092751 0.035481 0.95214
0.11374 0.037252 0.039375
0.10902 0.037252 0.058837
0.13037 0.037254 0.038163
0.12567 0.037254 0.053387
0.10572 0.037251 0.070465
0.11045 0.03725 0.097876
0.12827 0.037251 0.10031
0.10889 0.037249 0.11473
0.11758 0.037248 0.1342
0.12939 0.037252 0.12327
0.11128 0.037246 0.14722
0.10626 0.037243 0.16258
0.13153 0.037248 0.16284
0.11181 0.03724 0.18035
0.11068 0.037238 0.19578
0.13262 0.037247 0.17445
0.12388 0.037242 0.20236
0.11796 0.03723 0.22642
0.12285 0.037239 0.20991
0.12242 0.037231 0.23737
0.11072 0.03722 0.24882
0.10558 0.03721 0.26718
0.12665 0.03723 0.24825
0.11216 0.0372 0.28553
0.11213 0.037187 0.29869
0.12712 0.037209 0.28954
0.13593 0.037207 0.2966
0.11316 0.037171 0.31697
0.11471 0.037143 0.34044
0.13625 0.037184 0.32339
0.12432 0.037164 0.33205
0.11153 0.037133 0.34849
0.11435 0.037094 0.37421
0.12572 0.037109 0.36965
0.10847 0.037085 0.3811
0.12781 0.037107 0.3873
0.13837 0.037499 0.41136
0.11697 0.037073 0.41362
0.11785 0.03706 0.43872
0.13127 0.03717 0.43832
0.11364 0.037047 0.45042
0.11544 0.037041 0.46173
0.13305 0.037051 0.45707
0.13562 0.037053 0.46948
0.11522 0.037033 0.4813
0.12642 0.037033 0.49728
0.13772 0.037055 0.48374
0.14639 0.037063 0.50033
0.12253 0.037031 0.51184
0.11752 0.037024 0.53128
0.14491 0.037054 0.53186
0.12556 0.037024 0.5426
0.11951 0.037016 0.56165
0.14804 0.037055 0.54714
0.11625 0.037007 0.58228
0.11872 0.037004 0.59413
0.1423 0.037034 0.576
0.14308 0.037025 0.59872
0.12837 0.037 0.61373
0.12792 0.036996 0.62292
0.14858 0.037005 0.62678
0.12292 0.036987 0.64098
0.12154 0.036983 0.65341
0.13978 0.037003 0.63514
0.13386 0.036987 0.66096
0.11846 0.036975 0.67801
0.13932 0.036983 0.67637
0.11856 0.036963 0.7231
0.14261 0.036969 0.69963
0.14152 0.036962 0.72769
0.1115 0.036963 0.73474
0.11513 0.036958 0.75192
0.13067 0.036957 0.75986
0.11568 0.036955 0.77244
0.13821 0.036953 0.77561
0.12638 0.036953 0.78947
0.11547 0.036945 0.83243
0.12571 0.03695 0.80475
0.12817 0.036944 0.83667
0.11668 0.036943 0.84364
0.13314 0.036942 0.84719
0.13331 0.036936 0.86289
0.11598 0.036929 0.88513
0.12201 0.036934 0.90401
0.13826 0.036949 0.8947
0.13391 0.036976 0.91061
0.11386 0.036935 0.92102
0.13609 0.037131 0.92583
0.13731 0.037672 0.93901
0.11929 0.03745 0.9469
0.15171 0.035532 0.9539
0.14964 0.033333 0.96534
0.14612 0.037253 0.040191
0.16208 0.037254 0.035387
0.16379 0.037255 0.054595
0.13873 0.037252 0.07885
0.14432 0.037252 0.09917
0.15747 0.037254 0.074378
0.16209 0.037255 0.094091
0.14393 0.037252 0.11082
0.14564 0.037253 0.1228
0.15656 0.037255 0.11579
0.16101 0.037257 0.12174
0.13906 0.037251 0.14387
0.14036 0.037249 0.16681
0.16569 0.037256 0.16032
0.13912 0.037247 0.18655
0.16391 0.037255 0.18105
0.16278 0.037255 0.19325
0.14216 0.037243 0.2151
0.14872 0.037241 0.23603
0.16619 0.037253 0.21681
0.14175 0.037235 0.24901
0.15247 0.037233 0.26506
0.15828 0.037247 0.24207
0.16685 0.037249 0.27154
0.14482 0.037221 0.27986
0.14461 0.037206 0.30281
0.16404 0.037245 0.27972
0.16081 0.037232 0.29944
0.15298 0.037203 0.31775
0.1407 0.037178 0.32885
0.16672 0.037233 0.3118
0.15911 0.037191 0.33668
0.14445 0.037136 0.35942
0.15402 0.037135 0.36801
0.16435 0.037195 0.34895
0.15137 0.037301 0.39582
0.14584 0.037475 0.40427
0.16262 0.037483 0.40415
0.14597 0.037404 0.43293
0.15665 0.037615 0.43267
0.15858 0.037077 0.45347
0.15331 0.037063 0.46838
0.17097 0.037094 0.45368
0.17201 0.037086 0.46656
0.15602 0.037071 0.48328
0.15555 0.037064 0.49869
0.17797 0.037137 0.48711
0.17037 0.037061 0.52001
0.17014 0.037057 0.53168
0.19231 0.037145 0.5157
0.16219 0.037055 0.54927
0.1694 0.037046 0.56743
0.18148 0.037071 0.55277
0.19436 0.037114 0.55595
0.16898 0.037037 0.58226
0.16204 0.037025 0.59409
0.18812 0.037086 0.58121
0.1861 0.037071 0.59275
0.16057 0.037011 0.60953
0.16291 0.037002 0.62508
0.18841 0.037058 0.61272
0.18156 0.037029 0.62195
0.16418 0.036986 0.65353
0.19059 0.037021 0.63854
0.17621 0.036997 0.65399
0.15929 0.03698 0.66608
0.16382 0.036971 0.68594
0.17133 0.036982 0.66886
0.17078 0.036974 0.69278
0.1492 0.036968 0.69827
0.15903 0.036959 0.72603
0.17503 0.036975 0.69881
0.16677 0.036961 0.7252
0.15723 0.036954 0.74252
0.14869 0.036952 0.76147
0.17225 0.03696 0.73153
0.17428 0.036951 0.74894
0.14972 0.036946 0.79088
0.16549 0.03695 0.77165
0.16517 0.036944 0.79621
0.15458 0.036943 0.80608
0.15053 0.036941 0.83004
0.17337 0.036939 0.81333
0.16416 0.036939 0.82971
0.1476 0.036939 0.85247
0.15404 0.036928 0.8703
0.1672 0.036938 0.84972
0.1667 0.036925 0.86757
0.14514 0.036933 0.88805
0.16472 0.036975 0.89037
0.16907 0.037214 0.90726
0.15003 0.037194 0.92462
0.15976 0.038685 0.94133
0.17603 0.037519 0.91462
0.17358 0.038349 0.92827
0.1583 0.033379 0.9576
0.17655 0.039748 0.94038
0.1768 0.033333 0.9615
0.1762 0.037255 0.045558
0.18341 0.037256 0.062927
0.1929 0.037258 0.046319
0.19192 0.037258 0.056507
0.17618 0.037255 0.079067
0.18015 0.037256 0.095838
0.19571 0.037257 0.080843
0.19552 0.037258 0.097144
0.1755 0.037256 0.11064
0.17998 0.037258 0.13501
0.1902 0.037258 0.11233
0.1974 0.037262 0.12379
0.17864 0.037257 0.14759
0.18587 0.037262 0.16175
0.19407 0.037264 0.15268
0.19867 0.037269 0.1583
0.18637 0.037263 0.20334
0.19802 0.03727 0.18123
0.1936 0.037272 0.19863
0.18338 0.037263 0.23823
0.19527 0.037275 0.21207
0.19505 0.037282 0.23141
0.1816 0.037259 0.25094
0.18418 0.037261 0.26952
0.19682 0.037281 0.26095
0.19834 0.037285 0.28241
0.19298 0.037279 0.30114
0.17516 0.037242 0.31129
0.18134 0.037236 0.33061
0.19466 0.037294 0.32417
0.19569 0.037296 0.34387
0.17433 0.0372 0.36252
0.17706 0.037187 0.37155
0.18948 0.037251 0.35844
0.19288 0.037242 0.37102
0.17951 0.037196 0.40016
0.18821 0.037236 0.40352
0.17394 0.037991 0.41727
0.17117 0.038096 0.42878
0.17949 0.037957 0.42272
0.18818 0.037603 0.43327
0.18087 0.03733 0.44412
0.19072 0.037106 0.468
0.19357 0.037274 0.44821
0.20187 0.037154 0.47849
0.20067 0.037169 0.50576
0.21247 0.037188 0.49998
0.22176 0.03722 0.50993
0.20515 0.037168 0.51859
0.20821 0.037143 0.53811
0.2409 0.037371 0.53088
0.23733 0.037227 0.54376
0.20837 0.037132 0.54893
0.22233 0.037131 0.56153
0.21006 0.037101 0.57599
0.19729 0.037083 0.58956
0.22288 0.037172 0.58087
0.21644 0.037098 0.59375
0.20904 0.037061 0.60483
0.20043 0.037043 0.62293
0.21905 0.037098 0.60244
0.22041 0.03706 0.61729
0.19908 0.037018 0.63941
0.2008 0.037008 0.64795
0.23241 0.037044 0.63643
0.2309 0.037036 0.6476
0.19708 0.036994 0.66446
0.19273 0.036979 0.68042
0.21378 0.037002 0.66
0.21242 0.036987 0.67941
0.19544 0.03696 0.70741
0.19001 0.036956 0.72025
0.20939 0.036976 0.69281
0.20501 0.036959 0.72375
0.19444 0.036951 0.7404
0.18604 0.036947 0.74947
0.20415 0.036956 0.73874
0.18155 0.03694 0.78801
0.20566 0.036941 0.76389
0.2022 0.036936 0.79347
0.18594 0.036937 0.80408
0.19914 0.036935 0.81191
0.19973 0.036932 0.82858
0.18798 0.036936 0.84093
0.17781 0.036929 0.86019
0.19707 0.036939 0.84824
0.19516 0.036932 0.8563
0.17571 0.036917 0.88172
0.18169 0.037362 0.89783
0.20385 0.036918 0.87505
0.20303 0.037387 0.8982
0.18533 0.038484 0.92043
0.19464 0.038595 0.92073
0.18491 0.034448 0.94718
0.19255 0.039084 0.92857
0.18883 0.033376 0.953
0.20787 0.037257 0.045039
0.21635 0.037258 0.060265
0.23004 0.037258 0.035097
0.22811 0.037259 0.057967
0.21506 0.037258 0.071076
0.21183 0.03726 0.092208
0.23276 0.03726 0.073541
0.22941 0.037264 0.097457
0.21772 0.037261 0.10518
0.21191 0.037265 0.13289
0.23478 0.037265 0.10594
0.2266 0.03727 0.12719
0.21109 0.037267 0.14902
0.20737 0.037272 0.18239
0.21816 0.037286 0.19985
0.23432 0.037283 0.18187
0.23696 0.037294 0.19371
0.21354 0.037284 0.21094
0.23138 0.037296 0.21132
0.22242 0.037302 0.25042
0.23659 0.037323 0.24643
0.23429 0.037353 0.27094
0.21522 0.037305 0.28411
0.20861 0.037308 0.29221
0.23397 0.037359 0.28532
0.22249 0.037438 0.30385
0.21212 0.037445 0.3229
0.20905 0.037374 0.34517
0.21827 0.037744 0.33632
0.20297 0.037328 0.35161
0.20923 0.037269 0.38112
0.21657 0.037576 0.35183
0.22633 0.037419 0.37148
0.21332 0.037254 0.39216
0.20597 0.037251 0.41151
0.2245 0.037296 0.38854
0.21375 0.037227 0.41746
0.19722 0.037458 0.42798
0.20988 0.037186 0.42867
0.21108 0.037228 0.45118
0.21611 0.037227 0.47863
0.22784 0.037317 0.458
0.23699 0.037329 0.48108
0.22897 0.037262 0.4958
0.25068 0.037604 0.52199
0.24348 0.037323 0.50863
0.25972 0.037847 0.52705
0.25985 0.038049 0.53954
0.26484 0.037893 0.54883
0.26814 0.037518 0.55851
0.26582 0.037353 0.56684
0.28548 0.037435 0.56775
0.24251 0.03736 0.58099
0.23446 0.037423 0.58901
0.27727 0.037612 0.58146
0.27064 0.037748 0.58455
0.23844 0.037552 0.5952
0.24133 0.037309 0.61286
0.26245 0.037759 0.59936
0.23941 0.037056 0.63153
0.24877 0.03704 0.63349
0.26079 0.037405 0.60856
0.24475 0.037034 0.65413
0.23065 0.036985 0.68006
0.25604 0.037057 0.65194
0.24712 0.036992 0.67805
0.22603 0.036977 0.69505
0.22196 0.03696 0.71593
0.24422 0.036986 0.69415
0.24433 0.036969 0.70619
0.22105 0.036939 0.75059
0.24042 0.036949 0.73531
0.21744 0.036935 0.77468
0.22353 0.036929 0.78706
0.23781 0.036939 0.76236
0.21422 0.036926 0.83159
0.23932 0.03692 0.81128
0.23474 0.036919 0.82846
0.21359 0.036928 0.84786
0.21672 0.036922 0.86301
0.23264 0.03692 0.83614
0.23219 0.036916 0.86114
0.21546 0.036924 0.88223
0.21505 0.037184 0.90383
0.22749 0.036919 0.8836
0.22885 0.036929 0.90706
0.2081 0.038366 0.93653
0.22327 0.037178 0.92935
0.19342 0.040252 0.94554
0.19706 0.033333 0.96336
0.20828 0.038696 0.95118
0.20704 0.033334 0.96051
0.24076 0.037259 0.035113
0.24451 0.037261 0.063458
0.25823 0.037261 0.043138
0.26656 0.037263 0.057821
0.24629 0.037261 0.070051
0.24262 0.037264 0.087866
0.26269 0.037263 0.078726
0.26613 0.037267 0.088839
0.25276 0.037275 0.12431
0.26264 0.03727 0.10565
0.2583 0.037279 0.13154
0.24256 0.037279 0.15091
0.26189 0.037284 0.14544
0.26787 0.037299 0.1632
0.24345 0.037287 0.1845
0.25366 0.03731 0.20084
0.26089 0.037303 0.18489
0.26681 0.037321 0.19514
0.24745 0.037308 0.22178
0.24346 0.037324 0.24081
0.26348 0.037335 0.21621
0.24398 0.037339 0.25647
0.24896 0.037351 0.26315
0.24218 0.037344 0.29957
0.23327 0.038037 0.32608
0.25267 0.038035 0.30818
0.24426 0.038151 0.33066
0.24198 0.038081 0.34325
0.23451 0.037446 0.37332
0.24582 0.037699 0.35825
0.25881 0.037484 0.37377
0.24111 0.037372 0.38525
0.25342 0.037376 0.38833
0.24835 0.037385 0.40476
0.23196 0.037368 0.42749
0.24192 0.037483 0.44246
0.25029 0.037443 0.41839
0.24193 0.037451 0.46065
0.25111 0.037418 0.48543
0.25875 0.03748 0.46909
0.26813 0.037553 0.49233
0.26123 0.037455 0.5131
0.27328 0.037515 0.51137
0.29042 0.037663 0.53058
0.28646 0.038058 0.54294
0.32791 0.037595 0.55447
0.32363 0.037646 0.55927
0.30618 0.037743 0.56877
0.3001 0.037942 0.58217
0.30647 0.037869 0.58299
0.28753 0.03784 0.59128
0.27543 0.037448 0.6036
0.29517 0.037578 0.59193
0.29663 0.037238 0.60068
0.27038 0.037115 0.61875
0.27892 0.037073 0.62914
0.29096 0.037106 0.61958
0.29097 0.037097 0.63364
0.2754 0.037043 0.65523
0.29234 0.037065 0.65907
0.26644 0.036974 0.69801
0.27969 0.037023 0.68363
0.27839 0.036977 0.70698
0.26163 0.036957 0.7247
0.25594 0.036937 0.74501
0.27618 0.03696 0.72844
0.28287 0.036938 0.74638
0.25013 0.036934 0.7681
0.25724 0.036921 0.78148
0.27672 0.036936 0.75786
0.25559 0.03692 0.79943
0.27386 0.036916 0.79912
0.26482 0.036907 0.82252
0.25287 0.036909 0.8422
0.2466 0.03691 0.86115
0.24322 0.036913 0.88351
0.2406 0.03691 0.8953
0.26501 0.036907 0.87892
0.24655 0.036953 0.92373
0.23063 0.037779 0.94255
0.25452 0.036901 0.91166
0.25973 0.037498 0.94081
0.23341 0.033333 0.96322
0.25293 0.037559 0.94548
0.28295 0.037264 0.058228
0.30338 0.037266 0.063436
0.28506 0.037264 0.083225
0.27845 0.037271 0.099123
0.3021 0.037266 0.077791
0.2797 0.037275 0.11504
0.29926 0.037277 0.1101
0.29461 0.037288 0.13023
0.28059 0.037287 0.14386
0.27807 0.037305 0.16603
0.30228 0.037295 0.14611
0.3038 0.037322 0.16745
0.27469 0.037309 0.17964
0.28004 0.037326 0.19361
0.29553 0.037354 0.20456
0.28397 0.037377 0.22906
0.29795 0.03736 0.21
0.29562 0.037418 0.23766
0.26765 0.037762 0.28264
0.2942 0.037438 0.25476
0.28333 0.037772 0.27803
0.27371 0.038159 0.28932
0.25233 0.038092 0.32534
0.25397 0.037899 0.33266
0.27517 0.037766 0.32046
0.25741 0.037632 0.34915
0.27069 0.03754 0.37116
0.27185 0.037534 0.34943
0.27938 0.037569 0.36372
0.27057 0.03755 0.37765
0.27146 0.037456 0.39854
0.28801 0.037617 0.38687
0.26329 0.037384 0.42334
0.25901 0.037416 0.44551
0.27539 0.037364 0.426
0.26804 0.037388 0.45377
0.28 0.037634 0.49961
0.27343 0.037478 0.46766
0.3004 0.037466 0.50237
0.28768 0.037527 0.51729
0.30985 0.037551 0.53707
0.32921 0.037559 0.53732
0.33939 0.037459 0.55187
0.44054 0.037608 0.55179
0.43048 0.037294 0.5653
0.35631 0.038013 0.56949
0.41446 0.03727 0.57195
0.42403 0.037385 0.5786
0.3594 0.037913 0.57151
0.3303 0.037436 0.57971
0.3892 0.037375 0.57713
0.38297 0.037124 0.57989
0.33855 0.037188 0.58415
0.32256 0.037112 0.59787
0.35438 0.037372 0.59061
0.31556 0.037083 0.61478
0.30973 0.037094 0.63043
0.33248 0.037374 0.61112
0.32877 0.037355 0.63021
0.30709 0.0371 0.63961
0.30805 0.037159 0.6608
0.32988 0.0376 0.64356
0.31648 0.037426 0.66612
0.29793 0.037014 0.68697
0.30048 0.03699 0.69659
0.3172 0.037003 0.69734
0.30075 0.036943 0.72836
0.29468 0.036933 0.74844
0.31644 0.03699 0.71711
0.28738 0.036936 0.75833
0.29307 0.036912 0.77824
0.3132 0.036934 0.75987
0.30646 0.036914 0.78112
0.30582 0.036908 0.80115
0.29662 0.036899 0.82025
0.28711 0.036895 0.84166
0.30628 0.036893 0.83658
0.29655 0.036889 0.85503
0.27748 0.036894 0.88228
0.28588 0.036891 0.89536
0.2994 0.036886 0.87883
0.29043 0.036889 0.89594
0.3 0.036888 0.91282
0.2954 0.037425 0.93198
0.27717 0.037909 0.95094
0.27956 0.033339 0.95785
0.29714 0.037746 0.94082
0.28474 0.033333 0.9615
0.3093 0.037264 0.046492
0.31286 0.037266 0.060884
0.33544 0.037263 0.0454
0.33677 0.037267 0.060952
0.31167 0.037267 0.083877
0.31582 0.037274 0.092058
0.33187 0.037268 0.073922
0.32845 0.037278 0.09948
0.31438 0.03728 0.11443
0.31236 0.037294 0.13335
0.33703 0.037283 0.10972
0.32772 0.037299 0.13114
0.31107 0.037301 0.15248
0.31414 0.037327 0.16449
0.33117 0.037308 0.15116
0.33191 0.037328 0.16094
0.31217 0.037339 0.18657
0.31468 0.037372 0.20219
0.33216 0.037347 0.18008
0.31508 0.037448 0.23399
0.33554 0.037426 0.21714
0.334 0.037448 0.22563
0.30301 0.037459 0.25727
0.30531 0.037532 0.26742
0.3163 0.037546 0.26881
0.29427 0.037761 0.28019
0.2784 0.038229 0.29835
0.31073 0.037577 0.27529
0.31353 0.037651 0.28531
0.27981 0.037931 0.30729
0.28008 0.037823 0.31452
0.30209 0.037724 0.30244
0.30095 0.037781 0.30911
0.28822 0.037835 0.32529
0.28958 0.037698 0.36418
0.29687 0.037918 0.33212
0.30272 0.037725 0.35642
0.29593 0.037752 0.37168
0.29567 0.037764 0.40253
0.30855 0.037627 0.38226
0.31713 0.037571 0.3965
0.28584 0.037552 0.42341
0.28375 0.037766 0.4404
0.30189 0.038252 0.41993
0.28503 0.038127 0.45211
0.29585 0.037647 0.48734
0.31457 0.037559 0.51326
0.31655 0.037723 0.50311
0.35504 0.037704 0.52751
0.34686 0.037186 0.53883
0.36248 0.037217 0.53558
0.37026 0.037109 0.54634
0.39314 0.037083 0.5554
0.43724 0.037135 0.54039
0.40937 0.036895 0.55164
0.44196 0.036471 0.56194
0.40126 0.037735 0.61434
0.4072 0.037087 0.59698
0.43717 0.043093 0.34836
0.37981 0.037219 0.59122
0.35845 0.037767 0.59539
0.37054 0.037683 0.60231
0.34954 0.037941 0.61747
0.34647 0.03761 0.63905
0.34135 0.037638 0.66493
0.34376 0.037142 0.68231
0.34068 0.037008 0.69706
0.3284 0.037 0.71121
0.33306 0.036956 0.73385
0.34488 0.036994 0.71669
0.34201 0.036956 0.73853
0.33071 0.03693 0.75756
0.32099 0.03691 0.77449
0.33734 0.036919 0.7619
0.3352 0.036906 0.78135
0.31757 0.036911 0.79037
0.33353 0.036885 0.81392
0.31559 0.03689 0.83247
0.32039 0.036878 0.85268
0.31049 0.036879 0.88066
0.31771 0.036874 0.88908
0.33181 0.036878 0.86646
0.32773 0.036868 0.89583
0.3077 0.036888 0.91571
0.31622 0.037077 0.9325
0.33676 0.036862 0.90588
0.32561 0.036947 0.92498
0.30469 0.037733 0.94831
0.32672 0.037171 0.9447
0.34666 0.037263 0.041481
0.34588 0.037267 0.058186
0.36992 0.037265 0.041727
0.35954 0.037268 0.053551
0.34672 0.037269 0.077776
0.34662 0.037278 0.091408
0.36198 0.037275 0.089852
0.34948 0.037286 0.11153
0.34468 0.037304 0.12989
0.36525 0.037304 0.1294
0.34796 0.037311 0.14734
0.35209 0.037336 0.16013
0.36497 0.037316 0.1493
0.37185 0.037334 0.15792
0.35225 0.037356 0.1783
0.35191 0.037373 0.18948
0.35973 0.037358 0.1738
0.36454 0.037386 0.18896
0.34367 0.037422 0.20969
0.34146 0.037483 0.23018
0.36007 0.037443 0.20812
0.34826 0.037534 0.24287
0.34149 0.037653 0.26693
0.35812 0.037559 0.2447
0.36384 0.0377 0.25954
0.34586 0.037777 0.2815
0.34097 0.037753 0.28941
0.36306 0.037907 0.27638
0.35539 0.037814 0.28464
0.32758 0.03785 0.29732
0.31994 0.037699 0.31233
0.35687 0.037887 0.29494
0.3391 0.037465 0.3082
0.32322 0.037438 0.31566
0.30414 0.03762 0.34548
0.32579 0.036973 0.3208
0.32892 0.035406 0.34321
0.33259 0.037289 0.40021
0.31162 0.038952 0.42121
0.28887 0.038732 0.45472
0.32223 0.038806 0.42167
0.33736 0.038407 0.5148
0.32362 0.039225 0.50235
0.3766 0.037105 0.52399
0.39823 0.036507 0.5433
0.34115 0.036537 0.50186
0.41115 0.036607 0.54401
0.40736 0.0365 0.53902
0.43622 0.03729 0.59975
0.40014 0.034959 0.4658
0.421 0.039076 0.62026
0.41147 0.047667 0.35253
0.37284 0.042942 0.35655
0.43693 0.04081 0.35069
0.38149 0.034615 0.40284
0.36795 0.03763 0.60609
0.39926 0.034543 0.39161
0.39035 0.037065 0.62276
0.36072 0.037543 0.62278
0.3522 0.037524 0.63847
0.37785 0.037226 0.62601
0.37081 0.037303 0.63834
0.34874 0.037523 0.66154
0.37503 0.037253 0.64951
0.38044 0.037232 0.6686
0.34762 0.037237 0.67515
0.35901 0.037029 0.68833
0.37742 0.037133 0.6781
0.3693 0.037045 0.69901
0.35937 0.03703 0.70693
0.36008 0.036967 0.73894
0.37248 0.037016 0.71205
0.37455 0.036982 0.73119
0.37158 0.036947 0.75204
0.37031 0.036912 0.77901
0.36026 0.0369 0.79562
0.3486 0.036887 0.80575
0.36851 0.036884 0.80811
0.35725 0.036878 0.83046
0.35382 0.036866 0.85107
0.37467 0.036879 0.82176
0.37204 0.03686 0.85055
0.34667 0.036876 0.87346
0.34909 0.036861 0.88965
0.36258 0.036857 0.88267
0.35312 0.036854 0.90959
0.34544 0.037103 0.92965
0.36089 0.036864 0.91293
0.36044 0.037113 0.92624
0.35146 0.037382 0.94073
0.34232 0.033334 0.95909
0.36701 0.037481 0.94041
0.35788 0.033333 0.96295
0.37648 0.037265 0.035343
0.38574 0.03727 0.059079
0.39413 0.037264 0.041912
0.39514 0.037274 0.075665
0.40271 0.037284 0.10183
0.38012 0.037281 0.11248
0.39266 0.037307 0.1257
0.40622 0.037281 0.11807
0.40103 0.037302 0.12588
0.38081 0.03732 0.15188
0.38142 0.03736 0.16526
0.4074 0.037322 0.14626
0.38755 0.037374 0.17539
0.38167 0.037396 0.18791
0.4022 0.037465 0.19992
0.38226 0.037478 0.20691
0.38475 0.037527 0.22336
0.39745 0.037502 0.21299
0.39675 0.037536 0.22264
0.37772 0.037631 0.24691
0.37465 0.037729 0.25788
0.40347 0.037672 0.24087
0.40065 0.037835 0.26035
0.37479 0.037936 0.27121
0.38496 0.038047 0.28526
0.40564 0.038101 0.27244
0.40102 0.038187 0.28312
0.3855 0.038656 0.29997
0.40879 0.038784 0.29212
0.39907 0.039147 0.29973
0.3669 0.037464 0.30918
0.40182 0.036864 0.32269
0.34202 0.034939 0.34097
0.43709 0.039212 0.33811
0.33014 0.039341 0.4232
0.33863 0.036623 0.38064
0.31497 0.04078 0.44917
0.32903 0.041246 0.4984
0.32709 0.04294 0.45193
0.29841 0.041415 0.4684
0.34221 0.04089 0.40863
0.35567 0.035778 0.36946
0.33453 0.035905 0.44352
0.39963 0.036829 0.51891
0.4205 0.039074 0.61841
0.39244 0.036925 0.51136
0.4324 0.039001 0.61273
0.34629 0.047289 0.37435
0.34455 0.043935 0.33987
0.4258 0.052409 0.36933
0.43152 0.037569 0.35752
0.44758 0.05108 0.35938
0.44427 0.036607 0.60857
0.40168 0.037187 0.62963
0.39418 0.037284 0.62924
0.4244 0.03748 0.6377
0.45167 0.037915 0.63444
0.39239 0.03745 0.63564
0.39228 0.037397 0.64634
0.35811 0.036455 0.47402
0.45388 0.037407 0.5891
0.39159 0.03737 0.65371
0.4438 0.037813 0.64869
0.4219 0.037347 0.66253
0.40271 0.037161 0.69417
0.42438 0.037307 0.67377
0.41217 0.037212 0.69457
0.39667 0.037001 0.71667
0.38734 0.03699 0.72394
0.4051 0.037034 0.71278
0.39627 0.036954 0.75084
0.39218 0.036916 0.77375
0.40296 0.036979 0.74406
0.39077 0.036904 0.78607
0.38283 0.036877 0.81315
0.38523 0.036877 0.82243
0.38262 0.036855 0.84372
0.39919 0.036877 0.82192
0.39879 0.036847 0.85237
0.38377 0.036861 0.86745
0.37843 0.036851 0.89114
0.39992 0.03684 0.89449
0.38175 0.036852 0.90837
0.38795 0.03727 0.93052
0.39518 0.036846 0.90719
0.4014 0.037206 0.93265
0.38466 0.037641 0.94334
0.37838 0.033365 0.95495
0.39745 0.037517 0.94368
0.40316 0.033351 0.95541
0.41789 0.037267 0.037039
0.42319 0.037268 0.042323
0.42264 0.037278 0.067812
0.40848 0.037284 0.087929
0.42628 0.037278 0.078103
0.44008 0.037477 0.10045
0.42821 0.03726 0.11542
0.41956 0.037283 0.12829
0.43482 0.037418 0.11091
0.44088 0.037516 0.12333
0.42869 0.037329 0.14818
0.41815 0.037375 0.16554
0.44342 0.037371 0.14761
0.41949 0.037381 0.17479
0.41675 0.037461 0.19767
0.42895 0.037386 0.18026
0.43068 0.037412 0.18806
0.42098 0.037648 0.23432
0.43272 0.037518 0.21441
0.43757 0.037532 0.22235
0.40719 0.0377 0.24606
0.42381 0.037915 0.26276
0.43787 0.037679 0.24233
0.42719 0.03823 0.2752
0.42499 0.038399 0.27993
0.44446 0.038322 0.29993
0.41949 0.039611 0.29934
0.40871 0.0394 0.30419
0.43405 0.038574 0.30093
0.41447 0.03964 0.30912
0.4091 0.039025 0.31226
0.41571 0.039507 0.32154
0.5183 0.038775 0.38415
0.4967 0.037198 0.34898
0.5541 0.045108 0.39651
0.6017 0.036159 0.34662
0.38681 0.035379 0.33768
0.31666 0.041902 0.45371
0.55189 0.041686 0.40512
0.42992 0.037956 0.34126
0.29901 0.042651 0.4547
0.32117 0.044252 0.4769
0.33331 0.039951 0.42244
0.535 0.057933 0.3938
0.33947 0.035758 0.43162
0.36509 0.036614 0.35634
0.33501 0.035171 0.4633
0.37742 0.036633 0.50402
0.44571 0.038088 0.56175
0.40255 0.035988 0.51261
0.41624 0.037279 0.5043
0.41706 0.050689 0.37018
0.45312 0.042878 0.35417
0.44782 0.036586 0.59706
0.59155 0.039534 0.32109
0.41738 0.035034 0.4507
0.47721 0.039792 0.36461
0.58111 0.042215 0.31894
0.39506 0.037021 0.40358
0.45474 0.03789 0.61423
0.3559 0.037145 0.46979
0.47911 0.037809 0.61647
0.45555 0.037768 0.6493
0.45072 0.037664 0.65731
0.4839 0.037827 0.6334
0.47697 0.037709 0.65205
0.44163 0.037418 0.67444
0.43085 0.037328 0.68759
0.45281 0.037386 0.68144
0.42428 0.037054 0.72253
0.44537 0.037147 0.70486
0.43665 0.037077 0.72447
0.42492 0.036982 0.74579
0.41496 0.036926 0.77017
0.44155 0.036984 0.74532
0.4422 0.036943 0.76402
0.42529 0.036897 0.79181
0.44186 0.036915 0.78035
0.42912 0.036888 0.80212
0.41527 0.036874 0.82165
0.43249 0.03683 0.8484
0.42069 0.036845 0.87191
0.41596 0.036824 0.8931
0.4356 0.036833 0.8721
0.43022 0.036822 0.88274
0.41768 0.036808 0.90494
0.41527 0.037029 0.93118
0.43614 0.036904 0.92834
0.40883 0.037337 0.94584
0.42649 0.037007 0.9388
0.43672 0.033333 0.96134
0.44031 0.03728 0.042381
0.44427 0.037282 0.064445
0.45879 0.037284 0.046281
0.43727 0.037276 0.075737
0.44652 0.037526 0.097842
0.46463 0.037274 0.084059
0.46996 0.037761 0.1013
0.45858 0.038127 0.11313
0.47663 0.037916 0.10755
0.46319 0.037947 0.12186
0.45162 0.037374 0.14461
0.46865 0.037952 0.1252
0.46551 0.037354 0.15157
0.45217 0.03735 0.16492
0.4476 0.037453 0.19422
0.45997 0.037368 0.17803
0.46022 0.037476 0.19946
0.45125 0.037529 0.21199
0.44697 0.037545 0.22499
0.45822 0.037597 0.23412
0.4455 0.03773 0.24821
0.44569 0.037944 0.26336
0.45663 0.037716 0.24846
0.44973 0.038195 0.27616
0.45258 0.038208 0.29514
0.4683 0.038187 0.28703
0.47666 0.038172 0.29542
0.44199 0.038054 0.30426
0.4469 0.036929 0.31239
0.44374 0.036 0.31993
0.56504 0.037803 0.40152
0.59992 0.042163 0.33696
0.42582 0.037828 0.31328
0.43536 0.037232 0.33275
0.56109 0.05953 0.41155
0.61721 0.037257 0.34537
0.50384 0.036145 0.36184
0.57026 0.063942 0.41148
0.45002 0.048576 0.37942
0.38203 0.034688 0.34179
0.3015 0.041463 0.46522
0.59723 0.036749 0.37123
0.55424 0.034894 0.40802
0.32989 0.042318 0.44073
0.34924 0.034414 0.39689
0.36318 0.03365 0.37997
0.40941 0.035463 0.5026
0.34368 0.040501 0.49147
0.40715 0.034948 0.49669
0.471 0.040129 0.35826
0.36945 0.034606 0.48354
0.34545 0.037197 0.45898
0.4304 0.035136 0.51988
0.59412 0.037526 0.32234
0.63298 0.037878 0.41939
0.62585 0.035507 0.40943
0.44605 0.036778 0.36528
0.35187 0.037546 0.44923
0.39669 0.035683 0.44473
0.36381 0.0357 0.44452
0.47457 0.037965 0.6116
0.4816 0.03797 0.60605
0.42827 0.035969 0.45885
0.4316 0.038187 0.50902
0.49237 0.03792 0.61942
0.49614 0.037764 0.62347
0.48943 0.037854 0.59444
0.48387 0.037611 0.65623
0.47441 0.037373 0.67689
0.49868 0.037667 0.63611
0.4848 0.037375 0.6744
0.4702 0.037246 0.69058
0.4533 0.037103 0.72146
0.47835 0.037211 0.69414
0.47077 0.037116 0.71735
0.45398 0.037012 0.73996
0.45208 0.036944 0.76659
0.46594 0.036985 0.74229
0.47315 0.036942 0.7666
0.45196 0.036884 0.79618
0.46256 0.036883 0.78783
0.46191 0.036877 0.7996
0.45248 0.036869 0.81685
0.44538 0.036825 0.84751
0.46953 0.036861 0.81736
0.44753 0.036835 0.86005
0.44828 0.036805 0.88473
0.46024 0.036812 0.87275
0.46849 0.036807 0.89009
0.45621 0.036806 0.91245
0.45726 0.03688 0.92662
0.47011 0.036852 0.91495
0.46763 0.037133 0.93329
0.45577 0.036961 0.94779
0.478 0.03795 0.94677
0.47334 0.033333 0.96362
0.53461 0.042516 0.40204
0.41849 0.039109 0.34627
0.41334 0.036386 0.36205
0.478 0.039887 0.35085
0.48236 0.037276 0.047342
0.47849 0.037279 0.067579
0.49652 0.03727 0.039499
0.48874 0.037279 0.065317
0.47109 0.037276 0.084253
0.481 0.037453 0.096646
0.49286 0.037278 0.076333
0.49741 0.037322 0.097051
0.49354 0.037551 0.11693
0.4873 0.037809 0.12137
0.49657 0.037382 0.11094
0.50023 0.037378 0.13588
0.47966 0.037629 0.13591
0.49089 0.037354 0.16117
0.46712 0.037375 0.17554
0.476 0.037435 0.19324
0.4841 0.037398 0.17707
0.48002 0.037528 0.21118
0.47695 0.03758 0.22866
0.49108 0.037515 0.20909
0.49092 0.037559 0.22596
0.47412 0.037784 0.25442
0.48128 0.037864 0.26098
0.48663 0.037695 0.24418
0.49477 0.037788 0.25713
0.4777 0.038174 0.2828
0.49374 0.038234 0.28337
0.50589 0.037964 0.27978
0.51292 0.038176 0.29586
0.49862 0.037743 0.30603
0.50601 0.037053 0.31759
0.528 0.037605 0.34499
0.49043 0.035354 0.32029
0.50144 0.035512 0.32391
0.53536 0.038256 0.32014
0.56287 0.039006 0.30031
0.48415 0.034661 0.32722
0.5033 0.035129 0.32957
0.55567 0.038923 0.31171
0.56705 0.037186 0.39645
0.54344 0.037625 0.31573
0.54338 0.037024 0.32043
0.50891 0.046925 0.40017
0.57238 0.035947 0.40554
0.49816 0.033831 0.34042
0.50948 0.03353 0.35462
0.4989 0.033577 0.38197
0.49678 0.033358 0.39146
0.43213 0.03347 0.34579
0.37969 0.033583 0.46958
0.62153 0.033522 0.3226
0.47825 0.034103 0.37789
0.45856 0.03475 0.50779
0.45935 0.035753 0.53732
0.35891 0.035696 0.44253
0.61979 0.034161 0.48433
0.44684 0.037722 0.51689
0.45927 0.037294 0.55427
0.6246 0.033573 0.4661
0.45254 0.041832 0.51245
0.44331 0.039435 0.51216
0.46652 0.038179 0.56746
0.45377 0.041377 0.51407
0.43065 0.037863 0.50255
0.47451 0.038236 0.55747
0.47239 0.038182 0.58581
0.50514 0.037864 0.61135
0.49142 0.037943 0.58567
0.51269 0.037928 0.60666
0.50226 0.037542 0.65892
0.51546 0.037771 0.62726
0.50941 0.037441 0.66629
0.49146 0.037294 0.69094
0.48953 0.037181 0.70993
0.50443 0.037279 0.6926
0.50376 0.03716 0.70956
0.48932 0.037059 0.72877
0.47945 0.036955 0.758
0.49752 0.036936 0.76649
0.48495 0.036864 0.80456
0.49895 0.036892 0.78133
0.49649 0.03686 0.80848
0.48285 0.036843 0.82348
0.48498 0.036814 0.84479
0.49138 0.036812 0.84154
0.48261 0.03681 0.86493
0.48063 0.036794 0.87939
0.49959 0.036787 0.87297
0.48148 0.037503 0.93297
0.49817 0.036873 0.91075
0.49689 0.03812 0.93773
0.48961 0.038852 0.94882
0.48966 0.033428 0.95532
0.49888 0.038755 0.94443
0.49547 0.040049 0.37706
0.63027 0.035609 0.33971
0.63595 0.033814 0.34112
0.54882 0.034304 0.33523
0.58587 0.038026 0.34005
0.57378 0.035513 0.38523
0.40371 0.035748 0.34398
0.44674 0.03536 0.34496
0.52984 0.034995 0.39104
0.52298 0.038944 0.4002
0.49977 0.037716 0.39608
0.51043 0.034791 0.39574
0.5649 0.034227 0.38797
0.49714 0.033995 0.39475
0.56645 0.033792 0.33143
0.41174 0.037782 0.35881
0.61881 0.044409 0.37086
0.55166 0.033494 0.48519
0.54775 0.036196 0.34794
0.55048 0.034475 0.36547
0.55322 0.043575 0.34136
0.53401 0.063286 0.41724
0.58831 0.035922 0.36223
0.49996 0.03969 0.37615
0.50868 0.036988 0.38532
0.55175 0.049316 0.41143
0.49381 0.036052 0.35835
0.42974 0.05703 0.36857
0.50041 0.036517 0.37147
0.51284 0.042691 0.40248
0.6263 0.035233 0.33776
0.48937 0.046872 0.36964
0.55798 0.040293 0.32537
0.61975 0.035055 0.32978
0.56748 0.036199 0.33678
0.63615 0.034376 0.3445
0.57668 0.033816 0.48919
0.55973 0.033779 0.33727
0.573 0.035065 0.33675
0.57472 0.06065 0.41082
0.56741 0.033969 0.48782
0.49504 0.036409 0.36154
0.57501 0.033819 0.3149
0.50812 0.037266 0.046495
0.52632 0.037261 0.048664
0.52555 0.037271 0.059217
0.50804 0.037281 0.074741
0.51098 0.037306 0.092691
0.53103 0.037274 0.070752
0.52692 0.037298 0.093531
0.5118 0.037332 0.11466
0.51816 0.037339 0.12879
0.53271 0.037306 0.11804
0.52788 0.037319 0.12675
0.51627 0.03734 0.1519
0.51272 0.03735 0.16277
0.52073 0.037337 0.15058
0.52018 0.037395 0.17389
0.50901 0.037405 0.17891
0.51536 0.03742 0.19358
0.5298 0.037409 0.18997
0.5198 0.037424 0.19443
0.51852 0.037521 0.21713
0.50382 0.037533 0.22347
0.53352 0.0375 0.21404
0.53372 0.03754 0.22694
0.51103 0.037725 0.24559
0.51347 0.037847 0.25864
0.524 0.038038 0.24822
0.52451 0.038224 0.25756
0.51777 0.037924 0.29133
0.53244 0.038294 0.26423
0.53024 0.038087 0.27133
0.52065 0.038074 0.3097
0.53585 0.038216 0.29646
0.56088 0.038247 0.28311
0.60195 0.037642 0.30165
0.52797 0.038331 0.32046
0.65054 0.036387 0.36536
0.65495 0.036235 0.44754
0.57942 0.039378 0.29795
0.65052 0.037452 0.34637
0.54569 0.037974 0.50312
0.56218 0.039225 0.29519
0.56377 0.038984 0.29421
0.62412 0.039132 0.49587
0.65169 0.035696 0.46077
0.6444 0.034352 0.40616
0.61195 0.036538 0.49809
0.58239 0.036011 0.37017
0.56345 0.033442 0.34456
0.52937 0.033559 0.49646
0.53286 0.033365 0.45685
0.55535 0.033478 0.3735
0.45608 0.033659 0.50885
0.54358 0.03334 0.41833
0.4357 0.033861 0.4739
0.46724 0.0379 0.53414
0.44785 0.048313 0.49327
0.44367 0.044175 0.47474
0.44601 0.042719 0.48183
0.47169 0.039712 0.53664
0.44902 0.041336 0.48847
0.44813 0.04078 0.47946
0.47734 0.038316 0.54445
0.49142 0.037649 0.56166
0.45645 0.037829 0.48629
0.47636 0.036185 0.52095
0.50526 0.038452 0.58249
0.51459 0.038169 0.59859
0.51353 0.038583 0.58263
0.53724 0.037658 0.60481
0.51945 0.037545 0.64544
0.51807 0.037374 0.66851
0.5247 0.037344 0.66939
0.51402 0.037252 0.68826
0.51348 0.037163 0.70503
0.52793 0.037268 0.67868
0.52163 0.037141 0.70674
0.51744 0.037038 0.72775
0.50909 0.036942 0.75815
0.52713 0.036954 0.74244
0.531 0.036925 0.75981
0.50992 0.036882 0.78254
0.5146 0.036859 0.79503
0.52488 0.036859 0.78853
0.52551 0.036851 0.80085
0.514 0.0368 0.83916
0.53319 0.036788 0.84886
0.51318 0.036792 0.87025
0.51867 0.036781 0.88992
0.53261 0.036787 0.87019
0.53374 0.036785 0.89419
0.50794 0.036968 0.91941
0.52444 0.036836 0.91641
0.51379 0.033456 0.95562
0.5324 0.039597 0.95099
0.53071 0.033334 0.96049
0.55097 0.03463 0.37442
0.53123 0.03355 0.47259
0.56405 0.035479 0.35047
0.56119 0.034053 0.35909
0.51445 0.037066 0.48124
0.49593 0.037516 0.38462
0.64618 0.034779 0.44307
0.56372 0.035438 0.3564
0.57949 0.034443 0.42991
0.57366 0.033482 0.46123
0.56108 0.033449 0.48315
0.54101 0.033737 0.41362
0.3969 0.03506 0.40989
0.58696 0.03343 0.41635
0.43869 0.04003 0.50139
0.55307 0.041952 0.56523
0.59981 0.036478 0.39132
0.37132 0.033569 0.44681
0.5816 0.036221 0.37765
0.56814 0.037304 0.34211
0.55314 0.034954 0.35684
0.59819 0.034269 0.37581
0.61887 0.035717 0.3354
0.56035 0.035394 0.34811
0.55072 0.034321 0.44919
0.55035 0.033773 0.37681
0.58193 0.033454 0.46442
0.61347 0.033774 0.37196
0.53044 0.033899 0.4922
0.61788 0.03342 0.39956
0.45846 0.035769 0.41234
0.53624 0.035881 0.41408
0.57472 0.03454 0.44868
0.58954 0.0355 0.38908
0.5755 0.034792 0.33816
0.57631 0.033913 0.45475
0.54189 0.037266 0.056522
0.56351 0.037253 0.03705
0.55958 0.037261 0.066684
0.54542 0.037287 0.09938
0.55578 0.037263 0.075837
0.55705 0.037278 0.095236
0.54657 0.037297 0.1187
0.54952 0.037332 0.13733
0.55538 0.037288 0.11773
0.55447 0.037327 0.13731
0.54503 0.037328 0.14879
0.56388 0.037317 0.14979
0.55673 0.037337 0.16252
0.54708 0.0374 0.18691
0.56583 0.037385 0.18533
0.55155 0.037496 0.21904
0.54087 0.037739 0.23457
0.56808 0.037477 0.21773
0.56038 0.037867 0.23991
0.54316 0.038464 0.24508
0.55359 0.038285 0.24377
0.5579 0.03843 0.25892
0.54537 0.038564 0.26135
0.56067 0.0382 0.26972
0.57687 0.038227 0.27778
0.62264 0.037044 0.31055
0.63184 0.037507 0.30527
0.64938 0.037684 0.33126
0.6507 0.036497 0.39403
0.65995 0.037185 0.44857
0.65963 0.037122 0.42274
0.66837 0.03782 0.45646
0.65125 0.037194 0.4798
0.62717 0.039302 0.49677
0.64974 0.038078 0.4935
0.5289 0.040367 0.50897
0.54559 0.043661 0.3791
0.54097 0.043541 0.37982
0.58356 0.037063 0.35903
0.55545 0.038498 0.52371
0.51745 0.03462 0.45847
0.5516 0.033869 0.43328
0.55255 0.033551 0.55889
0.56446 0.034509 0.54721
0.47391 0.057769 0.47581
0.48007 0.037583 0.42099
0.45526 0.06253 0.51372
0.49848 0.036854 0.40746
0.48515 0.045083 0.4217
0.45376 0.062598 0.5146
0.47246 0.038494 0.42021
0.44758 0.056825 0.50648
0.44362 0.040863 0.46328
0.45056 0.039947 0.45621
0.443 0.037202 0.44511
0.45539 0.038567 0.4584
0.49324 0.036859 0.54889
0.45545 0.038981 0.43205
0.51842 0.038496 0.58063
0.54849 0.037366 0.61695
0.54158 0.03887 0.59147
0.55241 0.037359 0.61798
0.53724 0.037423 0.64316
0.53687 0.037295 0.6711
0.5512 0.037412 0.63223
0.53633 0.037194 0.68676
0.54654 0.037111 0.69973
0.55558 0.037022 0.72099
0.53622 0.036997 0.73065
0.54057 0.036913 0.76246
0.5582 0.036903 0.74692
0.5596 0.036886 0.76925
0.54573 0.036872 0.77778
0.54207 0.036832 0.8097
0.55188 0.036859 0.78121
0.55349 0.036826 0.8055
0.53988 0.036793 0.83411
0.55215 0.036793 0.83277
0.55897 0.03678 0.85294
0.54249 0.036767 0.8851
0.55586 0.036765 0.87785
0.56278 0.036774 0.88784
0.54714 0.036829 0.91525
0.5398 0.038511 0.94054
0.55763 0.036903 0.91918
0.55573 0.038548 0.94056
0.54632 0.039373 0.95117
0.54974 0.033333 0.96212
0.56371 0.039885 0.94845
0.55562 0.033364 0.95732
0.51096 0.033719 0.41888
0.48253 0.034427 0.45976
0.57591 0.037248 0.046358
0.5861 0.037244 0.041446
0.59398 0.037247 0.066084
0.57261 0.037273 0.10272
0.58839 0.037251 0.077759
0.59465 0.037263 0.10155
0.572 0.037282 0.1207
0.57614 0.037309 0.13751
0.59346 0.037266 0.11369
0.5864 0.037287 0.12723
0.58149 0.037311 0.15708
0.59763 0.037295 0.14853
0.59228 0.037337 0.16848
0.57928 0.037377 0.18983
0.57308 0.03742 0.20023
0.58753 0.037376 0.19275
0.59707 0.03739 0.20034
0.57447 0.037547 0.23741
0.59304 0.037446 0.22988
0.57394 0.037918 0.25441
0.56766 0.038099 0.26348
0.60286 0.037517 0.25094
0.59326 0.037831 0.26873
0.58084 0.037939 0.27127
0.60643 0.038148 0.27576
0.62317 0.038411 0.2819
0.63572 0.037647 0.30519
0.65151 0.038196 0.32735
0.64207 0.038219 0.29892
0.65416 0.038262 0.32985
0.66175 0.037614 0.41383
0.66022 0.037168 0.48868
0.55779 0.037328 0.51003
0.53331 0.039377 0.51165
0.52353 0.038219 0.46787
0.52622 0.040536 0.52193
0.52252 0.040553 0.52265
0.61381 0.038919 0.52485
0.61614 0.039163 0.52059
0.58855 0.038336 0.52419
0.52775 0.038117 0.45028
0.49985 0.038966 0.47601
0.52868 0.03717 0.44512
0.51875 0.04021 0.53738
0.56928 0.038254 0.42574
0.49328 0.03941 0.50057
0.57265 0.039163 0.42752
0.54912 0.035745 0.5558
0.55534 0.051583 0.56798
0.50439 0.03684 0.53504
0.54716 0.06224 0.56686
0.47865 0.051134 0.49324
0.4818 0.041719 0.42492
0.51824 0.065091 0.55508
0.46991 0.039818 0.39839
0.46991 0.036104 0.46043
0.48179 0.042361 0.428
0.52407 0.040833 0.57017
0.43742 0.037087 0.48381
0.43983 0.038594 0.49174
0.49996 0.036378 0.54586
0.45272 0.037925 0.42478
0.54453 0.039933 0.5887
0.52694 0.039798 0.57486
0.55202 0.039768 0.58937
0.5676 0.038543 0.6035
0.57256 0.038709 0.60416
0.57416 0.038046 0.62456
0.55913 0.03724 0.6681
0.57383 0.037223 0.66847
0.56108 0.037161 0.68582
0.58022 0.037018 0.70284
0.57872 0.036971 0.72572
0.56473 0.036883 0.75721
0.58478 0.036857 0.77146
0.57309 0.036859 0.77541
0.57275 0.036809 0.79794
0.58506 0.036805 0.79352
0.57478 0.036795 0.82953
0.59296 0.036785 0.83158
0.57126 0.036777 0.86501
0.59265 0.036785 0.89444
0.57058 0.036865 0.91577
0.58875 0.036834 0.91179
0.57191 0.038319 0.95206
0.57406 0.033437 0.95577
0.58412 0.039714 0.9475
0.58064 0.033333 0.964
0.60926 0.037236 0.046523
0.61142 0.037239 0.065031
0.62926 0.037228 0.043535
0.63107 0.037231 0.055784
0.61458 0.037239 0.079894
0.60311 0.037256 0.093593
0.63081 0.037233 0.084533
0.62596 0.037245 0.091497
0.61032 0.03726 0.12016
0.60876 0.037285 0.1379
0.62155 0.037252 0.11238
0.62755 0.03727 0.13368
0.60304 0.03729 0.14323
0.61331 0.037332 0.17404
0.62727 0.037273 0.14479
0.6273 0.037292 0.16085
0.60645 0.037345 0.18769
0.61272 0.03737 0.20224
0.62511 0.037326 0.18066
0.61472 0.037402 0.22805
0.61194 0.037451 0.24303
0.62665 0.037419 0.2302
0.63516 0.037536 0.23749
0.60975 0.037685 0.26044
0.63874 0.037556 0.24766
0.63963 0.037739 0.25272
0.63425 0.038463 0.26993
0.65685 0.038559 0.33074
0.64292 0.038426 0.28614
0.66163 0.037911 0.37062
0.66846 0.037575 0.41026
0.67923 0.037485 0.45386
0.5655 0.03821 0.51446
0.61271 0.038869 0.51699
0.61555 0.03784 0.50915
0.62637 0.038331 0.51088
0.53035 0.040226 0.52877
0.52975 0.039997 0.5297
0.50143 0.038407 0.46215
0.5029 0.039851 0.51825
0.49466 0.038201 0.47313
0.49707 0.038897 0.50564
0.55556 0.037498 0.42886
0.52848 0.042426 0.54402
0.52556 0.036091 0.42585
0.4833 0.038264 0.48724
0.56971 0.040789 0.56939
0.48659 0.038846 0.4981
0.59026 0.035423 0.55082
0.53899 0.066348 0.56606
0.4409 0.034912 0.3879
0.54394 0.061373 0.5677
0.47517 0.05161 0.48494
0.53771 0.046963 0.41663
0.55949 0.043578 0.41792
0.5609 0.040229 0.58774
0.58242 0.038804 0.59426
0.567 0.038573 0.59358
0.57567 0.038379 0.60293
0.58856 0.03798 0.62584
0.58784 0.038176 0.63525
0.57772 0.037631 0.64739
0.58699 0.037137 0.67019
0.60745 0.03701 0.68139
0.59135 0.037036 0.69561
0.58684 0.036972 0.7128
0.60264 0.036956 0.7056
0.60303 0.036922 0.71568
0.59726 0.036857 0.74929
0.5999 0.036843 0.75745
0.61277 0.03684 0.75147
0.61676 0.036823 0.76094
0.59612 0.036833 0.77842
0.60153 0.03679 0.81534
0.62043 0.036806 0.78472
0.62711 0.036775 0.81373
0.60267 0.036791 0.82431
0.59903 0.036767 0.84263
0.62081 0.036775 0.83044
0.61931 0.036761 0.84764
0.60636 0.036773 0.86351
0.60104 0.036766 0.88908
0.61564 0.036768 0.87409
0.6258 0.036766 0.88659
0.60355 0.036784 0.91139
0.60171 0.037232 0.93232
0.61489 0.037004 0.93349
0.60096 0.037717 0.94859
0.61672 0.037247 0.94231
0.626 0.033333 0.96479
0.63832 0.037224 0.04829
0.65299 0.03722 0.038848
0.65487 0.037222 0.066891
0.64514 0.037226 0.083648
0.63892 0.037242 0.10173
0.66253 0.037218 0.077378
0.66539 0.037223 0.089901
0.6545 0.037239 0.11642
0.64546 0.037308 0.17035
0.65659 0.037254 0.1504
0.65739 0.037296 0.16904
0.64011 0.037317 0.18024
0.64014 0.037354 0.20429
0.65563 0.037307 0.18556
0.65158 0.037321 0.19288
0.63919 0.037361 0.21167
0.64897 0.037744 0.22657
0.66146 0.037335 0.20994
0.66658 0.037767 0.22525
0.65832 0.038226 0.2399
0.6582 0.037999 0.24993
0.66695 0.038052 0.25294
0.64521 0.037949 0.26836
0.64854 0.038002 0.28279
0.66706 0.037473 0.27114
0.65861 0.037458 0.27941
0.66272 0.037993 0.32144
0.66701 0.038214 0.34591
0.66371 0.037828 0.3733
0.67991 0.037672 0.41649
0.66756 0.038153 0.35595
0.68083 0.037639 0.38251
0.65599 0.03797 0.50375
0.68428 0.037784 0.46052
0.57272 0.038884 0.52705
0.66037 0.03804 0.50639
0.64477 0.038465 0.52048
0.52536 0.039873 0.53447
0.64911 0.038302 0.5279
0.66029 0.038143 0.51373
0.48648 0.040584 0.48893
0.4974 0.040753 0.44378
0.50074 0.042376 0.52481
0.48485 0.040126 0.48839
0.48794 0.039336 0.50159
0.54834 0.037998 0.55072
0.53408 0.041151 0.55404
0.59768 0.036106 0.54557
0.56288 0.045421 0.57245
0.54634 0.053977 0.57321
0.47583 0.047385 0.47584
0.4167 0.035162 0.42268
0.47921 0.043957 0.45658
0.56571 0.041505 0.58604
0.48136 0.042821 0.4476
0.58625 0.038936 0.59154
0.60758 0.037261 0.61046
0.62622 0.037191 0.61305
0.60741 0.037278 0.64293
0.60858 0.037102 0.63107
0.61361 0.037087 0.63952
0.61405 0.037001 0.66075
0.61755 0.036954 0.68631
0.6284 0.036908 0.67656
0.64165 0.036884 0.69697
0.62288 0.036911 0.70262
0.62011 0.036882 0.72287
0.63796 0.036868 0.71476
0.63659 0.036844 0.72547
0.62268 0.036834 0.75118
0.63495 0.036795 0.76862
0.63969 0.036822 0.74903
0.64484 0.036782 0.77502
0.63799 0.036786 0.78984
0.63747 0.03677 0.81473
0.65582 0.036771 0.79624
0.66039 0.03676 0.8187
0.63976 0.036774 0.82377
0.64023 0.036764 0.84399
0.65044 0.036773 0.83026
0.65646 0.036767 0.85628
0.64468 0.036769 0.87743
0.64445 0.036779 0.88728
0.65132 0.036771 0.87917
0.65908 0.036783 0.89468
0.6402 0.036815 0.91137
0.63261 0.037595 0.93476
0.65834 0.036797 0.90624
0.65346 0.037336 0.92612
0.63145 0.038264 0.94665
0.63675 0.033357 0.95636
0.64929 0.038972 0.94615
0.65623 0.033341 0.95767
0.68021 0.03721 0.045928
0.68238 0.03721 0.053174
0.69909 0.0372 0.041152
0.69016 0.037206 0.061188
0.69774 0.037204 0.07492
0.69627 0.03721 0.096683
0.66975 0.037227 0.10785
0.67003 0.03724 0.13083
0.67349 0.037243 0.14905
0.67567 0.037273 0.16641
0.67902 0.037273 0.17847
0.69261 0.037253 0.18301
0.67971 0.037318 0.21476
0.67269 0.037629 0.22536
0.69601 0.037292 0.22307
0.68959 0.03739 0.23637
0.68007 0.038057 0.24625
0.68842 0.037496 0.25892
0.69342 0.037345 0.26785
0.67831 0.037448 0.29593
0.69534 0.037371 0.2939
0.68856 0.037392 0.30037
0.6779 0.037723 0.33974
0.69712 0.037392 0.32759
0.69689 0.037418 0.33409
0.68658 0.037555 0.3517
0.68548 0.037556 0.36462
0.69683 0.037501 0.35875
0.69737 0.037532 0.37269
0.69186 0.037586 0.39454
0.69352 0.037617 0.41861
0.70437 0.03752 0.39724
0.7055 0.037561 0.41169
0.69719 0.037884 0.44384
0.68798 0.037866 0.47796
0.70425 0.037725 0.44002
0.7073 0.03761 0.46454
0.66598 0.037677 0.52538
0.69733 0.037537 0.49689
0.52897 0.043798 0.54948
0.53014 0.044349 0.55158
0.66316 0.0376 0.53682
0.65026 0.037622 0.54475
0.59953 0.036676 0.54171
0.61786 0.036348 0.55199
0.64727 0.037129 0.55978
0.62043 0.036486 0.56346
0.57109 0.04295 0.57656
0.6384 0.037371 0.5694
0.61489 0.037571 0.57518
0.52005 0.043927 0.55928
0.60157 0.038483 0.57682
0.62409 0.038307 0.58521
0.56277 0.043974 0.58156
0.61389 0.037886 0.58596
0.64467 0.037369 0.60618
0.63694 0.037087 0.6174
0.64089 0.037005 0.62961
0.64504 0.03715 0.61357
0.656 0.037033 0.63306
0.63914 0.03701 0.6607
0.65853 0.036884 0.66058
0.65329 0.036902 0.68486
0.64745 0.036884 0.69671
0.65665 0.036907 0.6757
0.65907 0.036821 0.72538
0.65485 0.036814 0.74143
0.67484 0.036818 0.71879
0.68316 0.036781 0.74462
0.6604 0.036803 0.75229
0.66718 0.036768 0.77518
0.67955 0.036782 0.75444
0.67968 0.036758 0.78556
0.6657 0.036771 0.79206
0.67999 0.03676 0.79191
0.68582 0.036743 0.81874
0.67837 0.036733 0.84128
0.69289 0.036864 0.83559
0.68509 0.036784 0.85978
0.67712 0.036757 0.86647
0.6881 0.036841 0.86559
0.68584 0.036776 0.89642
0.67332 0.03679 0.914
0.66169 0.038083 0.93953
0.68173 0.037768 0.93911
0.6717 0.038564 0.94872
0.67376 0.033333 0.96426
0.68789 0.033334 0.95989
0.70905 0.037196 0.037737
0.70797 0.037198 0.056498
0.72494 0.03719 0.04325
0.72757 0.03719 0.062962
0.71055 0.037199 0.079653
0.72848 0.03719 0.078881
0.71105 0.037202 0.10646
0.70766 0.037216 0.1335
0.72663 0.037192 0.11833
0.73055 0.037197 0.13462
0.70557 0.037232 0.16677
0.73264 0.037199 0.15522
0.73049 0.037207 0.16848
0.70649 0.037238 0.18586
0.70474 0.037265 0.20362
0.72249 0.037218 0.17817
0.73206 0.037217 0.19779
0.7068 0.037267 0.21146
0.70598 0.037281 0.23069
0.72206 0.03724 0.22152
0.71225 0.037277 0.2609
0.73146 0.037229 0.26822
0.71592 0.037286 0.28528
0.71992 0.037276 0.30539
0.70964 0.03734 0.31953
0.71921 0.037273 0.33843
0.74317 0.037178 0.31512
0.72761 0.037235 0.33853
0.72036 0.03726 0.34495
0.72036 0.03728 0.37047
0.73256 0.03722 0.34417
0.73588 0.037225 0.37017
0.72241 0.037283 0.39501
0.71431 0.037394 0.4096
0.72969 0.03725 0.38519
0.72611 0.037275 0.41536
0.71684 0.037362 0.44342
0.73466 0.037255 0.42619
0.7252 0.037303 0.45169
0.71447 0.037427 0.47494
0.69427 0.037365 0.51692
0.7272 0.037273 0.47651
0.7171 0.037293 0.49999
0.69226 0.037372 0.52616
0.677 0.037465 0.54138
0.70381 0.037324 0.51734
0.70293 0.037282 0.53423
0.69686 0.037291 0.54613
0.7002 0.037284 0.5526
0.65506 0.037547 0.57693
0.69042 0.037168 0.56912
0.68216 0.03712 0.58289
0.64919 0.037749 0.59476
0.67987 0.037097 0.59002
0.67249 0.037207 0.59547
0.66718 0.037062 0.61243
0.66871 0.037194 0.60274
0.70434 0.037603 0.61238
0.67476 0.036933 0.62313
0.68361 0.036943 0.62732
0.69649 0.037224 0.61906
0.69876 0.036953 0.63394
0.68392 0.036872 0.65618
0.68041 0.036874 0.66543
0.69483 0.036853 0.6475
0.7001 0.03683 0.66473
0.69136 0.036823 0.6885
0.68195 0.036824 0.7018
0.69867 0.036802 0.70025
0.68995 0.036806 0.7226
0.69233 0.036777 0.7398
0.71104 0.036779 0.72439
0.71122 0.036745 0.74697
0.70194 0.03675 0.76477
0.69584 0.036742 0.78055
0.71512 0.036732 0.76728
0.7084 0.036683 0.81135
0.7014 0.0368 0.82526
0.72039 0.036715 0.79679
0.71058 0.037327 0.84463
0.70291 0.037293 0.85755
0.71483 0.0375 0.84722
0.70473 0.036867 0.88015
0.69852 0.036787 0.88592
0.71444 0.037297 0.86946
0.72627 0.036785 0.89931
0.69678 0.036787 0.91477
0.70792 0.037084 0.92596
0.72494 0.036777 0.91081
0.70291 0.033333 0.9614
0.72575 0.038 0.9467
0.73922 0.037184 0.044284
0.74197 0.037184 0.059132
0.76224 0.037175 0.060484
0.75693 0.037176 0.080322
0.75462 0.037178 0.095253
0.76543 0.037173 0.10979
0.7552 0.037182 0.12427
0.74315 0.03719 0.15451
0.73923 0.037197 0.1607
0.75669 0.03718 0.14182
0.76483 0.037173 0.16677
0.74065 0.037198 0.18119
0.74651 0.037196 0.20616
0.7568 0.037175 0.18858
0.75533 0.037179 0.20446
0.75009 0.037185 0.21872
0.74379 0.037209 0.24485
0.76157 0.037174 0.23908
0.74283 0.037208 0.25887
0.76553 0.037167 0.25042
0.75142 0.03731 0.28471
0.74362 0.037222 0.29718
0.76881 0.037679 0.29105
0.75194 0.037197 0.33023
0.76956 0.03778 0.30841
0.7681 0.037279 0.32761
0.74547 0.037185 0.34472
0.74259 0.0372 0.37704
0.759 0.037147 0.35343
0.76145 0.037162 0.36862
0.75125 0.037147 0.3958
0.74752 0.037177 0.40578
0.7654 0.037129 0.39288
0.75773 0.037152 0.40893
0.74515 0.037203 0.42358
0.74153 0.037186 0.45611
0.76296 0.037152 0.43268
0.73665 0.037205 0.47189
0.73104 0.037219 0.49468
0.75695 0.037147 0.46617
0.75868 0.037114 0.47693
0.73806 0.037151 0.49826
0.7229 0.037216 0.52112
0.75691 0.037061 0.49594
0.75182 0.037042 0.5069
0.74696 0.037201 0.53058
0.74047 0.037334 0.54774
0.71005 0.037086 0.56229
0.69762 0.037099 0.57726
0.74082 0.037293 0.55345
0.74311 0.037188 0.56088
0.7063 0.037114 0.58699
0.71962 0.037323 0.59553
0.7269 0.037259 0.6
0.71212 0.037563 0.61722
0.71182 0.037016 0.63249
0.72924 0.037093 0.62753
0.71542 0.036797 0.65276
0.71627 0.036824 0.67455
0.73724 0.036812 0.669
0.7241 0.036797 0.69803
0.72481 0.036783 0.72013
0.72866 0.036759 0.74147
0.72644 0.036753 0.7464
0.74527 0.036823 0.75428
0.74082 0.037191 0.77286
0.7431 0.037383 0.78569
0.74625 0.037248 0.77048
0.73846 0.036902 0.80486
0.73486 0.036934 0.83179
0.74921 0.037402 0.79127
0.7485 0.036813 0.81189
0.7275 0.037324 0.85866
0.74344 0.036846 0.84224
0.73472 0.037011 0.86618
0.73457 0.036778 0.90143
0.74953 0.036784 0.87694
0.75017 0.036781 0.89532
0.74159 0.03677 0.90669
0.75734 0.036819 0.91581
0.75118 0.037468 0.93822
0.73194 0.037929 0.946
0.73435 0.033334 0.9599
0.76242 0.033333 0.9623
0.77407 0.03717 0.044691
0.78274 0.037167 0.053814
0.79768 0.037162 0.048402
0.80072 0.037159 0.065315
0.77793 0.037167 0.071192
0.79262 0.037159 0.09436
0.78287 0.037162 0.11935
0.78195 0.037162 0.13596
0.79391 0.037157 0.11564
0.79775 0.037154 0.13081
0.78301 0.037158 0.15172
0.78017 0.037162 0.16592
0.79007 0.037154 0.14414
0.79129 0.037149 0.17074
0.7801 0.037157 0.1874
0.7998 0.037141 0.17733
0.788 0.037142 0.20704
0.77904 0.037151 0.21929
0.7811 0.037147 0.24265
0.79484 0.037129 0.22402
0.79009 0.037132 0.2411
0.77217 0.037159 0.2532
0.77368 0.037552 0.28375
0.78898 0.037128 0.2514
0.78799 0.037172 0.27168
0.78964 0.037641 0.29425
0.78027 0.037814 0.31647
0.78006 0.037113 0.33829
0.79868 0.037449 0.31288
0.79047 0.037162 0.33579
0.7745 0.037121 0.35856
0.77376 0.037124 0.37717
0.78509 0.037074 0.35353
0.78345 0.037091 0.37497
0.77793 0.03707 0.39756
0.78588 0.037007 0.41671
0.79374 0.037041 0.39662
0.80251 0.037198 0.41398
0.78598 0.036995 0.42967
0.77939 0.037034 0.44304
0.79622 0.037043 0.42502
0.79784 0.037026 0.44434
0.77647 0.037024 0.46441
0.7935 0.03696 0.46459
0.79106 0.036952 0.46965
0.76726 0.037013 0.49038
0.77015 0.036955 0.50149
0.79575 0.036956 0.48462
0.80151 0.037132 0.50017
0.76733 0.036956 0.52403
0.78145 0.036911 0.51471
0.78009 0.036926 0.53617
0.74744 0.037171 0.56178
0.77072 0.037027 0.54314
0.76937 0.036974 0.56259
0.75061 0.03682 0.57835
0.74726 0.036786 0.58891
0.76658 0.036846 0.57739
0.75601 0.036776 0.60256
0.76592 0.036779 0.60488
0.74424 0.036867 0.63243
0.74517 0.036836 0.64985
0.77874 0.036787 0.64165
0.77234 0.036783 0.65616
0.74997 0.036818 0.67175
0.75358 0.036803 0.67973
0.77955 0.036775 0.66952
0.77855 0.036773 0.67484
0.76067 0.036786 0.6994
0.75189 0.036789 0.72293
0.76961 0.036785 0.72432
0.75964 0.036791 0.73411
0.7654 0.036948 0.76102
0.78206 0.03679 0.73356
0.78418 0.03681 0.7906
0.75832 0.036964 0.80468
0.76324 0.036783 0.82434
0.77537 0.0369 0.80076
0.78734 0.036793 0.82866
0.76478 0.036774 0.8496
0.77662 0.036787 0.83957
0.77113 0.036774 0.87842
0.76625 0.036822 0.89975
0.79 0.036837 0.89799
0.77481 0.038097 0.94093
0.7872 0.037112 0.92252
0.78034 0.034955 0.95324
0.77188 0.033333 0.96405
0.78912 0.039189 0.94879
0.79464 0.033335 0.95922
0.80542 0.03716 0.047619
0.80608 0.037159 0.055435
0.83252 0.03715 0.047789
0.83505 0.037149 0.053362
0.80536 0.037156 0.079916
0.80694 0.037153 0.096309
0.83142 0.037146 0.075471
0.82402 0.037146 0.093268
0.81229 0.037149 0.10938
0.81093 0.037149 0.12844
0.82294 0.037143 0.11249
0.83025 0.037137 0.13087
0.83028 0.037132 0.14692
0.82228 0.03712 0.18304
0.82203 0.037116 0.19557
0.81173 0.037115 0.21789
0.8042 0.037117 0.23492
0.83356 0.037085 0.22352
0.82956 0.037081 0.23414
0.80422 0.037106 0.2515
0.80583 0.037108 0.27252
0.83054 0.037041 0.27076
0.81431 0.03704 0.29351
0.80919 0.03715 0.3021
0.83321 0.037011 0.29008
0.82601 0.037016 0.30447
0.81666 0.03704 0.31412
0.81155 0.037056 0.33326
0.82917 0.037003 0.3155
0.82014 0.037016 0.34331
0.80477 0.03705 0.3608
0.80897 0.037028 0.37134
0.81911 0.037004 0.36344
0.80689 0.03713 0.39791
0.81478 0.037526 0.41317
0.82959 0.037181 0.39595
0.81762 0.03771 0.42068
0.81382 0.037291 0.43467
0.82688 0.037656 0.4273
0.8107 0.03694 0.45437
0.8199 0.037213 0.47045
0.82766 0.036944 0.45018
0.81761 0.037521 0.48594
0.80919 0.037303 0.49993
0.79655 0.03699 0.51538
0.80257 0.036862 0.52278
0.81719 0.036872 0.52135
0.79031 0.036854 0.55693
0.80231 0.036838 0.55208
0.79094 0.0368 0.59855
0.81297 0.036818 0.57874
0.80772 0.036794 0.59638
0.79642 0.036781 0.61554
0.80245 0.036998 0.63292
0.81085 0.036783 0.61119
0.80837 0.037009 0.63097
0.79926 0.037151 0.64555
0.8022 0.037286 0.6501
0.81156 0.037354 0.6422
0.80522 0.037248 0.65994
0.79092 0.036785 0.68801
0.81189 0.036946 0.67636
0.79398 0.036793 0.70071
0.81022 0.036798 0.70065
0.79151 0.036793 0.7289
0.79455 0.0368 0.75582
0.8223 0.036805 0.7349
0.82398 0.036806 0.75076
0.79214 0.036807 0.76967
0.79739 0.036808 0.79329
0.8235 0.036804 0.77499
0.81706 0.036803 0.79004
0.80077 0.036806 0.80361
0.81786 0.036806 0.82592
0.79584 0.036798 0.84649
0.80392 0.036795 0.86083
0.82404 0.036804 0.84331
0.82411 0.036799 0.86408
0.80899 0.036792 0.87516
0.79876 0.036829 0.8968
0.82164 0.036798 0.88537
0.80096 0.036893 0.91456
0.80073 0.037696 0.93226
0.81429 0.036878 0.91596
0.80165 0.039079 0.94639
0.80928 0.033333 0.96278
0.82206 0.035036 0.95292
0.81677 0.033333 0.96431
0.8463 0.037145 0.045393
0.84302 0.037145 0.056123
0.86628 0.037144 0.045535
0.84906 0.037139 0.081804
0.85271 0.037136 0.094725
0.85634 0.037139 0.076664
0.85816 0.037136 0.09287
0.85989 0.03713 0.11259
0.8594 0.03712 0.13757
0.84345 0.037123 0.15307
0.85064 0.037113 0.16604
0.8638 0.037114 0.14841
0.85744 0.037112 0.15903
0.84089 0.037103 0.18939
0.84335 0.037094 0.20074
0.86163 0.037086 0.18937
0.87004 0.037068 0.20504
0.85272 0.03707 0.21812
0.83934 0.037063 0.23984
0.86502 0.037058 0.22014
0.85626 0.037038 0.24094
0.85035 0.03703 0.2553
0.86111 0.037011 0.25588
0.86361 0.036988 0.26669
0.86049 0.036964 0.2855
0.86357 0.036919 0.30642
0.84594 0.036968 0.32628
0.83745 0.036984 0.33643
0.86654 0.036886 0.31833
0.85948 0.036923 0.3313
0.84028 0.036978 0.36796
0.85917 0.036932 0.35376
0.86785 0.036927 0.37247
0.84402 0.037058 0.39408
0.85424 0.036971 0.39131
0.86227 0.036959 0.40419
0.84373 0.037378 0.42201
0.84445 0.037124 0.43422
0.85134 0.037133 0.41851
0.85691 0.036907 0.4443
0.83608 0.036902 0.45584
0.83411 0.037404 0.47615
0.8503 0.036992 0.46525
0.85509 0.037457 0.48026
0.83725 0.037967 0.48954
0.84051 0.037831 0.4963
0.83927 0.037254 0.51044
0.84224 0.036863 0.53052
0.86017 0.036923 0.52033
0.83504 0.036842 0.54109
0.83231 0.036823 0.55595
0.85572 0.036867 0.54157
0.85071 0.036837 0.55394
0.8329 0.036813 0.57499
0.82316 0.03681 0.59536
0.85074 0.036828 0.573
0.84018 0.036813 0.5898
0.83285 0.036831 0.62149
0.8455 0.036818 0.60048
0.83886 0.036903 0.63097
0.83288 0.03721 0.65567
0.85141 0.036822 0.63646
0.8454 0.036872 0.65917
0.83424 0.03694 0.67296
0.82545 0.036844 0.68113
0.84886 0.036822 0.66769
0.85426 0.036815 0.69323
0.8279 0.036809 0.70099
0.83723 0.036806 0.72028
0.84506 0.03681 0.69921
0.84786 0.036806 0.7239
0.83537 0.036809 0.73336
0.83381 0.036806 0.76071
0.85186 0.036806 0.75699
0.83107 0.036805 0.79269
0.85667 0.036809 0.76828
0.86206 0.036814 0.78845
0.83562 0.03681 0.81403
0.86076 0.036814 0.80366
0.85759 0.036814 0.82226
0.83872 0.036807 0.84387
0.85763 0.036815 0.83973
0.85921 0.036816 0.85882
0.84224 0.036802 0.87885
0.83759 0.036831 0.90193
0.85799 0.036816 0.87277
0.84163 0.036984 0.92525
0.86317 0.03683 0.91022
0.85357 0.036969 0.92761
0.84637 0.037298 0.94142
0.83775 0.033333 0.96174
0.86231 0.037136 0.94018
0.85992 0.033333 0.96405
0.87431 0.037144 0.039434
0.87599 0.037141 0.062572
0.89173 0.037138 0.040279
0.89325 0.037138 0.052926
0.88578 0.037135 0.078915
0.88626 0.03713 0.095638
0.90151 0.03713 0.081162
0.89535 0.037129 0.089094
0.88561 0.037123 0.11353
0.8868 0.037114 0.13367
0.89538 0.037117 0.12425
0.87977 0.03711 0.14443
0.88784 0.037093 0.16574
0.89996 0.037112 0.15498
0.89505 0.037099 0.16974
0.88192 0.037063 0.19978
0.89962 0.037102 0.17766
0.90435 0.037075 0.19805
0.87678 0.037056 0.21333
0.88286 0.037034 0.2297
0.8974 0.03702 0.22069
0.89314 0.037009 0.2325
0.87463 0.037007 0.24815
0.87913 0.036918 0.28665
0.88299 0.036863 0.30251
0.90673 0.036898 0.2843
0.90265 0.03699 0.30665
0.87798 0.036853 0.32598
0.88895 0.036856 0.33243
0.90094 0.036985 0.3149
0.89698 0.036905 0.32829
0.88257 0.036886 0.3563
0.90105 0.036815 0.34822
0.90551 0.036828 0.36375
0.88186 0.036909 0.39301
0.8723 0.036932 0.40139
0.89876 0.036894 0.38451
0.90144 0.036942 0.40587
0.87256 0.036923 0.4214
0.87333 0.036898 0.43354
0.90168 0.036976 0.42487
0.89548 0.036935 0.43058
0.87861 0.036887 0.45231
0.88412 0.036882 0.46019
0.87454 0.037168 0.4869
0.87309 0.037124 0.49745
0.88271 0.036906 0.49555
0.86305 0.03725 0.504
0.8739 0.036871 0.52879
0.88921 0.036859 0.51211
0.89119 0.036853 0.5236
0.86849 0.036878 0.53912
0.88931 0.036843 0.53483
0.89272 0.036834 0.54842
0.87078 0.036836 0.57184
0.86651 0.03683 0.59474
0.88562 0.036834 0.57126
0.88019 0.036823 0.59517
0.86519 0.036833 0.60298
0.87207 0.036831 0.62847
0.87951 0.036825 0.60638
0.87923 0.036825 0.62377
0.87058 0.036833 0.64599
0.88173 0.036814 0.64423
0.88662 0.03682 0.65635
0.86359 0.036821 0.67091
0.89812 0.036836 0.69598
0.86627 0.036819 0.70877
0.87839 0.036817 0.72653
0.89457 0.036829 0.70188
0.89019 0.036821 0.71989
0.87064 0.036813 0.74125
0.86968 0.036814 0.76094
0.88764 0.036816 0.73979
0.90062 0.036813 0.76065
0.873 0.036819 0.77703
0.87799 0.036822 0.7948
0.89143 0.036815 0.78558
0.87015 0.036819 0.81416
0.87727 0.036824 0.82407
0.89039 0.036822 0.80323
0.87667 0.036827 0.84099
0.88273 0.036832 0.86639
0.8967 0.036823 0.84077
0.88812 0.036827 0.8614
0.87609 0.03683 0.89528
0.89516 0.036831 0.87356
0.90026 0.036836 0.89503
0.88323 0.036824 0.90792
0.88598 0.03693 0.93329
0.90002 0.036847 0.91519
0.90568 0.037081 0.93569
0.87489 0.037095 0.94426
0.90853 0.033333 0.96193
0.91185 0.037141 0.037756
0.91902 0.037156 0.055366
0.92998 0.037476 0.039131
0.92155 0.037164 0.077971
0.9095 0.037126 0.094057
0.9351 0.037374 0.099403
0.91724 0.037116 0.1142
0.91635 0.037119 0.13671
0.92715 0.037214 0.1091
0.92994 0.037283 0.12566
0.91249 0.03712 0.14228
0.91604 0.037132 0.16709
0.93032 0.037595 0.14803
0.92262 0.03718 0.19693
0.93753 0.038035 0.17998
0.93977 0.037776 0.20519
0.9233 0.037072 0.2153
0.92096 0.036978 0.23407
0.93627 0.037419 0.22001
0.92809 0.037193 0.23893
0.91746 0.036946 0.26066
0.93726 0.037666 0.25758
0.93102 0.037408 0.27202
0.91768 0.036914 0.2883
0.93872 0.03819 0.29682
0.93544 0.038184 0.30907
0.91904 0.037009 0.32981
0.92764 0.037819 0.31514
0.92756 0.037396 0.32856
0.9116 0.036819 0.34366
0.91436 0.036852 0.37395
0.9357 0.037204 0.34647
0.92687 0.037051 0.36845
0.9136 0.036898 0.38509
0.91971 0.03702 0.4047
0.93713 0.03838 0.40876
0.93777 0.038574 0.41529
0.94164 0.038833 0.43688
0.90873 0.036969 0.46094
0.93841 0.038343 0.44139
0.91111 0.036963 0.48293
0.90805 0.036931 0.49663
0.93682 0.038259 0.47569
0.93384 0.038151 0.48728
0.91741 0.036987 0.5029
0.91882 0.036976 0.52004
0.93928 0.038538 0.50956
0.93717 0.038222 0.51584
0.93144 0.03753 0.53251
0.92963 0.037221 0.5493
0.91018 0.03685 0.59239
0.92429 0.037032 0.57063
0.9269 0.037013 0.59113
0.90509 0.036825 0.60215
0.89947 0.036813 0.61999
0.91909 0.036912 0.60269
0.92139 0.036918 0.61546
0.89884 0.036804 0.6415
0.93288 0.037084 0.64522
0.92268 0.036943 0.66127
0.91384 0.036882 0.68752
0.92553 0.036983 0.68102
0.93314 0.037447 0.69744
0.91587 0.036888 0.70449
0.92961 0.037503 0.7089
0.91465 0.036836 0.73827
0.91841 0.036892 0.75712
0.92734 0.037436 0.73465
0.92549 0.037115 0.76176
0.9191 0.036866 0.76984
0.91749 0.03684 0.78774
0.93226 0.03712 0.77393
0.93279 0.037217 0.79644
0.90788 0.03683 0.81633
0.91614 0.036851 0.82349
0.92642 0.03711 0.80389
0.9234 0.03701 0.82786
0.90905 0.03682 0.84855
0.91073 0.036826 0.86695
0.92853 0.037088 0.83922
0.92518 0.037035 0.86746
0.91778 0.036862 0.87893
0.92609 0.037092 0.87812
0.94034 0.037929 0.89812
0.91764 0.036904 0.91624
0.92002 0.037274 0.93506
0.93375 0.037672 0.91684
0.94147 0.038891 0.93372
0.91871 0.037442 0.94525
0.926 0.033334 0.96057
0.93283 0.038476 0.94507
0.93785 0.033333 0.9618
0.94388 0.03802 0.042631
0.94399 0.037974 0.055824
0.9567 0.033352 0.037462
0.95933 0.033334 0.062681
0.94109 0.037644 0.077334
0.96115 0.033333 0.091759
0.95019 0.037416 0.11338
0.96065 0.033334 0.1386
0.9514 0.037958 0.15528
0.94891 0.039043 0.16469
0.96029 0.033334 0.15136
0.95544 0.033476 0.16681
0.94412 0.038501 0.17984
0.9513 0.037498 0.20377
0.95794 0.033341 0.20526
0.94646 0.037901 0.2153
0.94664 0.038021 0.24159
0.96404 0.033333 0.22448
0.96238 0.033333 0.23256
0.94715 0.038291 0.26185
0.95161 0.037403 0.26777
0.96233 0.033333 0.24964
0.95597 0.03341 0.27864
0.94914 0.038794 0.2867
0.94458 0.038702 0.30341
0.96121 0.033333 0.28948
0.94394 0.038675 0.31426
0.94493 0.037803 0.33852
0.95593 0.033342 0.31334
0.96467 0.033333 0.33212
0.94934 0.037547 0.35364
0.94814 0.038022 0.37147
0.96036 0.033334 0.37452
0.94687 0.038612 0.38311
0.9534 0.03676 0.40935
0.96487 0.033333 0.39286
0.95656 0.033448 0.40813
0.95265 0.038651 0.41701
0.96454 0.033333 0.4187
0.95953 0.033336 0.43388
0.94795 0.038944 0.44938
0.95062 0.038797 0.45608
0.95726 0.033362 0.43971
0.96136 0.033333 0.45671
0.94592 0.039208 0.47562
0.96428 0.033333 0.48095
0.95801 0.033342 0.49378
0.95174 0.039172 0.50494
0.94909 0.039644 0.51669
0.95668 0.033387 0.50767
0.96149 0.033333 0.52044
0.94008 0.037553 0.54812
0.96478 0.033333 0.53134
0.95909 0.033334 0.55045
0.94183 0.037194 0.58847
0.93884 0.037096 0.6084
0.93953 0.037104 0.61778
0.95937 0.033334 0.62353
0.94396 0.037225 0.63587
0.96118 0.033333 0.63389
0.96357 0.033333 0.65751
0.94859 0.035898 0.67708
0.95998 0.033334 0.6752
0.96017 0.033334 0.69858
0.94658 0.038899 0.7143
0.94586 0.038892 0.72428
0.95697 0.033351 0.71639
0.95749 0.033343 0.72107
0.94857 0.038914 0.75148
0.95807 0.033338 0.74419
0.96115 0.033333 0.75183
0.94544 0.037353 0.77707
0.94545 0.037698 0.8006
0.95908 0.033334 0.78704
0.9442 0.037755 0.80578
0.95618 0.033354 0.81451
0.96014 0.033334 0.83384
0.94237 0.037413 0.85137
0.96522 0.033333 0.86455
0.94888 0.038483 0.89539
0.96092 0.033334 0.87868
0.94766 0.039569 0.93172
0.95974 0.033335 0.91812
0.96528 0.033333 0.9309
0.94831 0.040479 0.94425
0.95053 0.033334 0.96052
0.96179 0.033334 0.94899
0.95839 0.033333 0.9638
