2635
1 1 1
0.035 0.0375 0.045075
0.041115 0.0375 0.054586
0.062746 0.0375 0.035713
0.058729 0.0375 0.051769
0.046282 0.0375 0.069559
0.043719 0.0375 0.094349
0.060102 0.0375 0.081547
0.056538 0.0375 0.0981
0.038636 0.0375 0.11189
0.04137 0.0375 0.122
0.063729 0.0375 0.10855
0.063243 0.0375 0.14482
0.040538 0.0375 0.19124
0.058792 0.0375 0.18107
0.061643 0.0375 0.19688
0.036213 0.0375 0.20171
0.040524 0.0375 0.2278
0.05367 0.0375 0.20681
0.056835 0.0375 0.2203
0.04811 0.0375 0.23689
0.042531 0.0375 0.25818
0.053355 0.0375 0.24329
0.062372 0.0375 0.25802
0.047632 0.0375 0.27008
0.046807 0.037501 0.28716
0.056325 0.037501 0.27912
0.064086 0.037501 0.28787
0.063013 0.037501 0.30883
0.058521 0.037501 0.32385
0.045674 0.037501 0.34489
0.063526 0.037501 0.35352
0.04675 0.037501 0.37456
0.045751 0.037501 0.38782
0.06197 0.037501 0.37258
0.057228 0.037502 0.39407
0.045182 0.037501 0.40451
0.037845 0.037502 0.42351
0.062014 0.037502 0.4073
0.05542 0.037502 0.41848
0.043009 0.037502 0.44604
0.060937 0.037502 0.44392
0.0601 0.037502 0.45964
0.042381 0.037502 0.47273
0.044368 0.037502 0.48716
0.053461 0.037502 0.47248
0.059495 0.037502 0.49074
0.038721 0.037502 0.5066
0.038383 0.037502 0.52735
0.055943 0.037502 0.50856
0.060472 0.037502 0.52641
0.046051 0.037502 0.53866
0.043569 0.037502 0.56391
0.062548 0.037502 0.53715
0.061081 0.037502 0.55749
0.037281 0.037502 0.57494
0.036065 0.037501 0.59705
0.05255 0.037502 0.57353
0.054537 0.037502 0.59336
0.044144 0.037501 0.60179
0.036383 0.037501 0.62868
0.052335 0.037501 0.60776
0.058593 0.037502 0.62034
0.052137 0.037501 0.64798
0.054173 0.037501 0.65986
0.047988 0.037501 0.67169
0.053218 0.037501 0.66985
0.058956 0.037501 0.68735
0.036071 0.0375 0.72859
0.060623 0.037501 0.71176
0.05215 0.0375 0.72129
0.043706 0.0375 0.74492
0.03713 0.0375 0.76049
0.059579 0.0375 0.74162
0.052382 0.0375 0.75859
0.040946 0.0375 0.77107
0.037285 0.037499 0.79753
0.05857 0.0375 0.77955
0.056581 0.037499 0.78936
0.039828 0.037499 0.82441
0.053067 0.037499 0.81237
0.058702 0.037499 0.82986
0.038106 0.037498 0.84156
0.035043 0.037497 0.86055
0.053951 0.037498 0.83586
0.056305 0.037497 0.85848
0.035605 0.037496 0.8704
0.045237 0.037499 0.89196
0.058271 0.037496 0.87785
0.056726 0.037497 0.88813
0.041999 0.037508 0.9117
0.037104 0.035653 0.95622
0.058752 0.037473 0.94478
0.061216 0.036138 0.9542
0.079756 0.0375 0.0455
0.075593 0.0375 0.06016
0.078647 0.0375 0.089291
0.094991 0.0375 0.074689
0.092312 0.0375 0.089265
0.071717 0.0375 0.10766
0.072829 0.0375 0.13089
0.0858 0.0375 0.11017
0.090078 0.0375 0.12388
0.07032 0.0375 0.14195
0.090222 0.0375 0.13828
0.093701 0.0375 0.16004
0.072575 0.0375 0.17821
0.068585 0.0375 0.19328
0.095279 0.0375 0.17804
0.095862 0.0375 0.19346
0.078002 0.0375 0.20839
0.076683 0.0375 0.22546
0.089732 0.0375 0.21357
0.09823 0.037501 0.22943
0.070417 0.0375 0.24675
0.073072 0.037501 0.25321
0.086565 0.037501 0.24737
0.091109 0.037501 0.25564
0.07704 0.037501 0.27617
0.076216 0.037501 0.29354
0.09703 0.037501 0.2763
0.069306 0.037501 0.31013
0.069849 0.037501 0.32914
0.094619 0.037501 0.30875
0.092699 0.037502 0.32986
0.072919 0.037501 0.34811
0.091878 0.037502 0.34418
0.090685 0.037502 0.35901
0.077713 0.037502 0.38158
0.094027 0.037503 0.37522
0.098039 0.037503 0.38682
0.071405 0.037502 0.41247
0.075857 0.037503 0.42548
0.096664 0.037504 0.41479
0.089516 0.037503 0.42117
0.071618 0.037503 0.44694
0.087066 0.037503 0.43919
0.088608 0.037504 0.45763
0.076819 0.037503 0.47496
0.081187 0.037503 0.48523
0.093872 0.037505 0.48074
0.092975 0.037504 0.49131
0.071453 0.037503 0.50248
0.088626 0.037504 0.51905
0.079848 0.037503 0.53528
0.074323 0.037503 0.56273
0.085411 0.037503 0.56039
0.07624 0.037503 0.56871
0.071401 0.037502 0.59678
0.08855 0.037503 0.56887
0.091162 0.037503 0.59204
0.076171 0.037502 0.62605
0.092643 0.037503 0.60935
0.097804 0.037503 0.61854
0.074666 0.037502 0.63894
0.094938 0.037502 0.66157
0.069528 0.037501 0.67831
0.087959 0.037502 0.67056
0.090982 0.037501 0.69005
0.077554 0.037501 0.70804
0.068556 0.0375 0.72909
0.092475 0.037501 0.72047
0.072009 0.0375 0.74176
0.077001 0.0375 0.7541
0.089406 0.0375 0.73769
0.086181 0.0375 0.75883
0.072143 0.0375 0.77014
0.073632 0.037499 0.7962
0.095245 0.0375 0.78161
0.072882 0.037499 0.81334
0.080795 0.037499 0.82088
0.093825 0.037499 0.80397
0.090775 0.037499 0.82988
0.075162 0.037499 0.84011
0.075003 0.037498 0.85985
0.090474 0.037497 0.86371
0.077102 0.037495 0.88131
0.089012 0.037496 0.87217
0.085704 0.037496 0.88914
0.071701 0.037503 0.90903
0.0773 0.037502 0.93064
0.089466 0.037499 0.90185
0.071636 0.037495 0.93851
0.086482 0.037513 0.94723
0.11148 0.0375 0.039169
0.10685 0.0375 0.057972
0.12767 0.0375 0.037997
0.12308 0.0375 0.052701
0.10362 0.0375 0.069222
0.10813 0.0375 0.095778
0.12544 0.0375 0.098095
0.10657 0.0375 0.11208
0.11493 0.0375 0.13085
0.12648 0.0375 0.12029
0.10873 0.0375 0.1435
0.10379 0.0375 0.15842
0.12823 0.0375 0.15853
0.10903 0.0375 0.17564
0.10784 0.0375 0.19061
0.12918 0.0375 0.16977
0.1205 0.037501 0.19692
0.11456 0.037501 0.22031
0.11942 0.037501 0.20428
0.11875 0.037501 0.23089
0.10741 0.037501 0.2421
0.10242 0.037501 0.25998
0.12272 0.037501 0.24144
0.10861 0.037501 0.27768
0.10843 0.037502 0.29045
0.12283 0.037502 0.2815
0.13121 0.037502 0.28823
0.10919 0.037502 0.30806
0.11016 0.037503 0.33053
0.13115 0.037503 0.31388
0.1195 0.037503 0.32238
0.10696 0.037503 0.33827
0.10842 0.037503 0.36276
0.11931 0.037504 0.35788
0.10246 0.037503 0.36966
0.1202 0.037505 0.37419
0.12712 0.037507 0.39778
0.10668 0.037504 0.402
0.10701 0.037505 0.42821
0.11866 0.037507 0.42852
0.10314 0.037505 0.44021
0.10441 0.037505 0.45178
0.11971 0.037507 0.44669
0.12168 0.037508 0.45882
0.10361 0.037506 0.47189
0.11251 0.037507 0.48793
0.12285 0.037509 0.47339
0.12902 0.037511 0.48995
0.10848 0.037506 0.50347
0.10342 0.037506 0.52445
0.12559 0.037509 0.52464
0.10985 0.037506 0.5366
0.10483 0.037505 0.55741
0.12762 0.03751 0.54154
0.10243 0.037504 0.57952
0.10461 0.037504 0.59218
0.12355 0.037507 0.57312
0.12454 0.037507 0.59745
0.11259 0.037504 0.61316
0.11258 0.037504 0.62293
0.12981 0.037506 0.62772
0.10927 0.037503 0.64175
0.10871 0.037503 0.65462
0.123 0.037505 0.63618
0.11947 0.037503 0.66314
0.10718 0.037502 0.67977
0.12493 0.037503 0.67928
0.10936 0.037501 0.72492
0.12931 0.037502 0.70299
0.13016 0.037502 0.73046
0.10349 0.037501 0.73597
0.10745 0.0375 0.75245
0.12212 0.0375 0.7606
0.10877 0.0375 0.77185
0.12987 0.0375 0.77569
0.11931 0.0375 0.78807
0.11002 0.037498 0.82742
0.11917 0.037499 0.80221
0.12228 0.037498 0.8314
0.11134 0.037498 0.83748
0.12733 0.037498 0.84078
0.12709 0.037497 0.85463
0.10955 0.037495 0.87482
0.11325 0.037495 0.89169
0.12979 0.037493 0.88167
0.12325 0.037496 0.89662
0.10416 0.037499 0.90922
0.12257 0.037499 0.91158
0.121 0.037509 0.92512
0.10584 0.03752 0.93837
0.13078 0.037524 0.9464
0.12916 0.034386 0.96457
0.14303 0.0375 0.039953
0.15857 0.0375 0.035316
0.16022 0.0375 0.053859
0.13567 0.0375 0.077302
0.14105 0.0375 0.096936
0.15393 0.0375 0.072961
0.15833 0.0375 0.091969
0.14065 0.0375 0.10822
0.1423 0.0375 0.11981
0.1529 0.0375 0.11298
0.15724 0.0375 0.11869
0.13573 0.0375 0.14019
0.13681 0.0375 0.16227
0.16159 0.037501 0.15587
0.13541 0.037501 0.18141
0.15952 0.037501 0.17592
0.15832 0.037501 0.18773
0.13806 0.037501 0.20906
0.14416 0.037501 0.22926
0.16123 0.037501 0.21053
0.1373 0.037501 0.242
0.14749 0.037502 0.25759
0.15324 0.037502 0.23507
0.1612 0.037503 0.26393
0.1401 0.037502 0.27197
0.13971 0.037503 0.29411
0.15849 0.037504 0.27193
0.15533 0.037504 0.291
0.14769 0.037504 0.3082
0.13544 0.037504 0.31898
0.16108 0.037506 0.30256
0.15341 0.037506 0.32566
0.13843 0.037506 0.34743
0.14793 0.037507 0.35426
0.15848 0.037508 0.33636
0.14517 0.037509 0.37832
0.13942 0.037509 0.38692
0.16317 0.037515 0.38143
0.13677 0.037511 0.42431
0.15185 0.037515 0.42791
0.14496 0.037514 0.44301
0.13791 0.037512 0.45637
0.15747 0.037519 0.4459
0.15583 0.037519 0.45543
0.13884 0.037513 0.47152
0.13701 0.037513 0.48743
0.1582 0.037521 0.47419
0.14684 0.037516 0.50969
0.14598 0.037515 0.52327
0.16465 0.037526 0.50186
0.139 0.037512 0.54376
0.14572 0.037513 0.56463
0.15393 0.037517 0.54781
0.16368 0.037523 0.55203
0.14615 0.037512 0.58041
0.14045 0.03751 0.59278
0.16174 0.037518 0.58007
0.16013 0.037516 0.59199
0.13921 0.037508 0.60942
0.14168 0.037508 0.62649
0.16141 0.037514 0.61369
0.15629 0.037511 0.62374
0.14439 0.037506 0.65731
0.16459 0.037511 0.64232
0.15419 0.037507 0.65844
0.14151 0.037505 0.67039
0.14704 0.037504 0.69074
0.15192 0.037506 0.674
0.15373 0.037504 0.69817
0.13507 0.037503 0.70205
0.14595 0.037502 0.7298
0.15805 0.037504 0.70452
0.15289 0.037503 0.72955
0.1456 0.037502 0.74541
0.13889 0.037501 0.76298
0.15842 0.037503 0.73603
0.16166 0.037502 0.75261
0.14133 0.0375 0.79031
0.15519 0.037501 0.77331
0.15624 0.0375 0.79593
0.14662 0.037499 0.8044
0.14377 0.037499 0.82595
0.16499 0.037499 0.81188
0.15713 0.037499 0.82621
0.14174 0.037498 0.84544
0.14824 0.037496 0.8608
0.16149 0.037498 0.84414
0.16147 0.037496 0.85997
0.13815 0.037493 0.8754
0.1581 0.037491 0.8796
0.15648 0.0375 0.89681
0.13618 0.037501 0.90844
0.14116 0.037508 0.92822
0.15854 0.037511 0.91051
0.15609 0.03751 0.92507
0.13732 0.03664 0.95255
0.15975 0.037503 0.94071
0.15937 0.034753 0.96143
0.17235 0.0375 0.045134
0.17932 0.0375 0.061902
0.18863 0.0375 0.045852
0.18766 0.0375 0.055677
0.17216 0.0375 0.077446
0.176 0.0375 0.093557
0.19127 0.0375 0.079072
0.19102 0.0375 0.09473
0.17139 0.0375 0.10785
0.17571 0.0375 0.13128
0.18575 0.0375 0.10938
0.19278 0.0375 0.12034
0.17435 0.037501 0.14348
0.18124 0.037501 0.1571
0.18932 0.037501 0.14828
0.19376 0.037501 0.15365
0.18116 0.037502 0.19735
0.19272 0.037501 0.17581
0.18826 0.037502 0.19271
0.17758 0.037503 0.23105
0.18972 0.037502 0.20573
0.1891 0.037503 0.2244
0.17548 0.037503 0.24361
0.17796 0.037504 0.26196
0.18992 0.037505 0.25389
0.19152 0.037507 0.27551
0.18746 0.037509 0.29388
0.16986 0.037507 0.30194
0.17682 0.03751 0.31923
0.19033 0.037512 0.31371
0.19332 0.037517 0.33059
0.16982 0.037512 0.34655
0.17286 0.037514 0.35345
0.18732 0.037516 0.3422
0.19068 0.03752 0.35176
0.17999 0.03752 0.3761
0.19039 0.037526 0.37918
0.18783 0.037528 0.39589
0.1773 0.037528 0.42956
0.19663 0.03754 0.40796
0.19759 0.037546 0.42658
0.17716 0.037529 0.44207
0.17849 0.037532 0.45647
0.19369 0.037545 0.43965
0.18795 0.037542 0.4629
0.17563 0.037533 0.4885
0.1904 0.037547 0.48045
0.19358 0.037552 0.48824
0.17411 0.037532 0.50308
0.17341 0.03753 0.52914
0.19515 0.037554 0.50908
0.19216 0.037548 0.5291
0.17336 0.037529 0.54332
0.18639 0.037536 0.55953
0.18032 0.037528 0.576
0.1698 0.037521 0.58875
0.19284 0.037538 0.58155
0.18662 0.037529 0.59359
0.1789 0.037522 0.60481
0.17176 0.037516 0.62597
0.18702 0.037527 0.60285
0.1864 0.037522 0.62152
0.17162 0.037513 0.6442
0.17344 0.037512 0.65396
0.19731 0.037522 0.64756
0.19736 0.03752 0.65905
0.17307 0.03751 0.67178
0.17159 0.037507 0.68771
0.18618 0.037513 0.66938
0.18861 0.03751 0.68925
0.17729 0.037506 0.71485
0.17372 0.037504 0.72666
0.18799 0.037509 0.70228
0.18789 0.037505 0.73129
0.17985 0.037503 0.74609
0.17275 0.037502 0.75394
0.18873 0.037504 0.74527
0.17136 0.037501 0.7893
0.19241 0.037503 0.76874
0.19137 0.037501 0.79551
0.17651 0.0375 0.80418
0.18966 0.037499 0.81191
0.19118 0.037499 0.82694
0.18076 0.037498 0.83762
0.17155 0.037497 0.85444
0.18978 0.037498 0.84456
0.18781 0.037498 0.85175
0.16961 0.037492 0.87404
0.16947 0.037498 0.89082
0.19551 0.037493 0.8686
0.19456 0.037497 0.88863
0.17137 0.037514 0.92885
0.18644 0.037517 0.92987
0.18096 0.03632 0.95353
0.18808 0.037501 0.93839
0.19323 0.035697 0.95604
0.20329 0.0375 0.044587
0.21158 0.0375 0.059183
0.22503 0.0375 0.035022
0.22312 0.0375 0.056929
0.21028 0.0375 0.069576
0.20705 0.0375 0.089879
0.22763 0.0375 0.071844
0.22428 0.037501 0.094841
0.21277 0.0375 0.1023
0.20694 0.037501 0.12896
0.22951 0.037501 0.103
0.22139 0.037501 0.12344
0.20601 0.037501 0.14455
0.20189 0.037502 0.17678
0.21235 0.037503 0.19332
0.22841 0.037503 0.17597
0.23094 0.037503 0.18715
0.20766 0.037503 0.20419
0.22513 0.037504 0.20414
0.21382 0.037507 0.24275
0.22749 0.037508 0.23753
0.22526 0.037512 0.26139
0.20726 0.03751 0.2779
0.20234 0.037511 0.28616
0.2257 0.037514 0.27218
0.21915 0.037516 0.29034
0.21132 0.037518 0.31121
0.20974 0.037523 0.33132
0.21835 0.037523 0.31982
0.20317 0.037522 0.33711
0.20887 0.037533 0.35997
0.21977 0.037531 0.33673
0.22982 0.03755 0.3543
0.21291 0.037539 0.36981
0.21055 0.037544 0.38742
0.22491 0.037552 0.36854
0.21944 0.037558 0.39418
0.20979 0.037554 0.41187
0.21875 0.037564 0.40888
0.21086 0.037565 0.43518
0.20273 0.037561 0.46048
0.22544 0.037596 0.43713
0.22655 0.037609 0.45489
0.20947 0.037573 0.47212
0.21341 0.037581 0.4916
0.21792 0.03759 0.47977
0.22318 0.037608 0.49232
0.2088 0.037574 0.51114
0.21093 0.037575 0.52324
0.21149 0.037572 0.53871
0.21196 0.037569 0.55206
0.22371 0.037597 0.55269
0.20647 0.037552 0.58101
0.20199 0.037543 0.59285
0.22455 0.037583 0.5787
0.22396 0.037577 0.5854
0.20217 0.037539 0.60503
0.20325 0.037531 0.62935
0.22804 0.037555 0.62857
0.20301 0.037526 0.6457
0.21246 0.037528 0.65198
0.22699 0.037549 0.63723
0.21206 0.037522 0.67029
0.20526 0.037515 0.69254
0.22312 0.037529 0.67136
0.22073 0.037519 0.69344
0.20379 0.037511 0.70642
0.2029 0.037508 0.72558
0.22083 0.037516 0.70787
0.22261 0.037513 0.71904
0.20583 0.037505 0.75777
0.22262 0.037508 0.74565
0.20462 0.037503 0.7796
0.21138 0.037502 0.79138
0.22288 0.037505 0.77022
0.20546 0.037499 0.83063
0.22859 0.0375 0.81429
0.22519 0.0375 0.82917
0.20584 0.037499 0.84511
0.20915 0.037496 0.85874
0.22359 0.037499 0.83582
0.22467 0.037497 0.85774
0.20799 0.037492 0.87451
0.21025 0.037499 0.89229
0.22079 0.037492 0.87606
0.22545 0.037499 0.89517
0.21412 0.037519 0.92717
0.22509 0.037514 0.91329
0.2023 0.037502 0.94684
0.21366 0.034605 0.96261
0.22173 0.037517 0.94256
0.22214 0.035481 0.95709
0.2356 0.0375 0.035033
0.23924 0.0375 0.062073
0.25288 0.0375 0.042683
0.26103 0.0375 0.056704
0.24096 0.0375 0.068386
0.23731 0.037501 0.085551
0.25696 0.037501 0.076713
0.2603 0.037501 0.086392
0.2471 0.037501 0.12059
0.25681 0.037501 0.10259
0.25251 0.037501 0.12752
0.23684 0.037502 0.14623
0.25599 0.037502 0.14091
0.26208 0.037503 0.15778
0.23755 0.037503 0.17827
0.24794 0.037505 0.19353
0.25507 0.037504 0.17854
0.26119 0.037506 0.18826
0.2413 0.037506 0.21309
0.23516 0.037508 0.23137
0.25802 0.037508 0.20828
0.23503 0.037511 0.2466
0.24219 0.037514 0.25229
0.24428 0.037521 0.27596
0.24343 0.037529 0.29653
0.26257 0.037536 0.28637
0.26191 0.037553 0.31096
0.25901 0.037563 0.32559
0.238 0.037562 0.35757
0.25661 0.037579 0.34636
0.26327 0.037616 0.36337
0.24195 0.037576 0.36927
0.25483 0.037609 0.37526
0.25078 0.037612 0.38915
0.23536 0.037599 0.40813
0.24623 0.037637 0.42155
0.25482 0.037646 0.40192
0.24164 0.037638 0.43557
0.2404 0.03765 0.45465
0.25961 0.037725 0.43896
0.25647 0.037729 0.45795
0.23627 0.03765 0.47833
0.25232 0.037715 0.47405
0.26062 0.037787 0.48847
0.25059 0.03771 0.50693
0.25505 0.037731 0.53011
0.24258 0.03766 0.54461
0.23575 0.037625 0.56157
0.24316 0.037617 0.58714
0.2527 0.037637 0.59346
0.24687 0.037604 0.60532
0.24209 0.037571 0.63149
0.25318 0.037617 0.60938
0.25689 0.037605 0.62686
0.23739 0.037554 0.64603
0.24544 0.037554 0.65628
0.25583 0.037577 0.64795
0.25639 0.037565 0.66221
0.24453 0.037539 0.67904
0.26279 0.037551 0.68697
0.24305 0.037521 0.71472
0.25534 0.037533 0.70531
0.25593 0.037523 0.7248
0.24179 0.037514 0.73843
0.23852 0.037509 0.75612
0.25632 0.037517 0.74358
0.2647 0.037514 0.76036
0.23535 0.037506 0.77662
0.2435 0.037505 0.78917
0.26003 0.037511 0.77007
0.24357 0.037502 0.80511
0.26135 0.037504 0.80641
0.25444 0.037501 0.82616
0.24405 0.0375 0.84245
0.23931 0.037497 0.85844
0.23756 0.037491 0.87712
0.23633 0.037492 0.88676
0.2593 0.037492 0.87524
0.24634 0.037509 0.91182
0.23693 0.037515 0.92834
0.2524 0.037502 0.90241
0.26086 0.037513 0.93039
0.24391 0.034773 0.96129
0.25606 0.037513 0.936
0.27721 0.037501 0.05713
0.29738 0.037501 0.061852
0.27905 0.037501 0.080929
0.27243 0.037501 0.096107
0.296 0.037501 0.07551
0.27356 0.037501 0.11141
0.29288 0.037502 0.10641
0.2883 0.037502 0.12579
0.27448 0.037503 0.13916
0.27221 0.037504 0.16038
0.29585 0.037504 0.14119
0.2977 0.037506 0.16176
0.26883 0.037505 0.17354
0.27434 0.037507 0.18679
0.29005 0.037511 0.19749
0.27811 0.037514 0.22085
0.29251 0.037513 0.20279
0.29094 0.037521 0.22862
0.27483 0.037531 0.26475
0.29172 0.037527 0.24343
0.29384 0.037542 0.26276
0.28824 0.037543 0.2705
0.26988 0.037563 0.31261
0.27286 0.037577 0.3218
0.29693 0.037632 0.32527
0.27019 0.037599 0.34133
0.27589 0.03765 0.36398
0.28474 0.037638 0.34688
0.28805 0.037684 0.35942
0.27409 0.037657 0.36994
0.27438 0.037699 0.38915
0.29045 0.03776 0.38025
0.27191 0.037736 0.40909
0.26927 0.037754 0.42364
0.28846 0.037865 0.41345
0.28325 0.037856 0.42849
0.26739 0.037813 0.46311
0.28148 0.03786 0.43645
0.29042 0.038037 0.45516
0.26655 0.037825 0.47635
0.27216 0.037879 0.49189
0.28798 0.038077 0.48799
0.27139 0.03787 0.51097
0.28267 0.037942 0.53202
0.27434 0.037853 0.53734
0.27318 0.037786 0.56555
0.28312 0.037909 0.54721
0.2926 0.038016 0.557
0.27735 0.037795 0.57166
0.26936 0.037698 0.59726
0.28584 0.037861 0.57423
0.28596 0.037822 0.58657
0.27387 0.037691 0.60809
0.27315 0.037649 0.62687
0.28919 0.037726 0.62327
0.27497 0.03762 0.64515
0.27242 0.037592 0.66111
0.28805 0.03766 0.64508
0.29018 0.037632 0.66192
0.27179 0.03758 0.66955
0.27905 0.037564 0.6906
0.29637 0.037632 0.67063
0.29052 0.037574 0.69726
0.27547 0.037542 0.71174
0.27887 0.037538 0.71963
0.29669 0.037552 0.72259
0.28093 0.037524 0.74704
0.27666 0.037516 0.76385
0.29586 0.037538 0.73915
0.2706 0.037512 0.7718
0.27831 0.037509 0.78994
0.29626 0.037517 0.77603
0.29185 0.03751 0.79391
0.29313 0.037506 0.81139
0.28564 0.037503 0.82705
0.27803 0.0375 0.84494
0.29645 0.037502 0.84224
0.28835 0.037498 0.85753
0.27187 0.037492 0.87955
0.28142 0.037499 0.89209
0.293 0.037494 0.87882
0.28591 0.037499 0.89314
0.29707 0.037505 0.90919
0.29454 0.037511 0.92595
0.27739 0.037503 0.94629
0.2801 0.035855 0.95537
0.29737 0.03751 0.93586
0.28555 0.034927 0.96022
0.30341 0.037501 0.045765
0.30689 0.037501 0.059319
0.32962 0.037501 0.044611
0.3308 0.037501 0.059132
0.30547 0.037501 0.081148
0.3095 0.037501 0.088853
0.32569 0.037501 0.071429
0.32185 0.037502 0.095676
0.3077 0.037502 0.11037
0.30573 0.037503 0.12858
0.33004 0.037503 0.10555
0.32075 0.037504 0.12639
0.30449 0.037504 0.14731
0.30782 0.037506 0.1589
0.32406 0.037505 0.14624
0.32507 0.037507 0.1558
0.30613 0.037509 0.18056
0.30933 0.037514 0.19547
0.32573 0.037511 0.17487
0.31112 0.037526 0.22555
0.33107 0.037525 0.21174
0.32988 0.03753 0.21999
0.30283 0.037534 0.24663
0.30978 0.037547 0.25713
0.31977 0.037561 0.26184
0.30872 0.037561 0.27031
0.30292 0.037585 0.2936
0.31829 0.03757 0.26987
0.32354 0.037606 0.28763
0.30377 0.037618 0.31271
0.30376 0.037639 0.3216
0.32016 0.037657 0.3129
0.32072 0.037683 0.32016
0.3089 0.037701 0.33768
0.30023 0.037751 0.3616
0.32087 0.03778 0.34388
0.32693 0.037928 0.35907
0.3047 0.037797 0.36677
0.30006 0.037891 0.39421
0.31566 0.037917 0.37568
0.32315 0.038134 0.38938
0.29949 0.037974 0.41196
0.30709 0.038109 0.42083
0.31383 0.038121 0.40849
0.31763 0.038331 0.42356
0.30074 0.038133 0.44137
0.29752 0.038163 0.46041
0.31712 0.038457 0.43858
0.3184 0.038611 0.44955
0.30338 0.038357 0.48606
0.31309 0.038575 0.47516
0.30841 0.038476 0.49488
0.3038 0.03838 0.50601
0.2971 0.038234 0.52055
0.31726 0.038831 0.50758
0.30866 0.038381 0.53829
0.31313 0.03835 0.55988
0.29965 0.038024 0.57566
0.32205 0.038271 0.59143
0.29892 0.037826 0.61444
0.30204 0.037794 0.62718
0.32681 0.038025 0.62443
0.32425 0.037813 0.6505
0.32683 0.037765 0.66455
0.32982 0.037658 0.69546
0.32943 0.037605 0.71414
0.32281 0.037576 0.72606
0.30829 0.03755 0.73562
0.3138 0.037535 0.75544
0.32527 0.037556 0.74243
0.32314 0.037537 0.76057
0.31345 0.037523 0.77579
0.30561 0.037515 0.78953
0.3203 0.037523 0.78004
0.32037 0.037515 0.79684
0.30394 0.03751 0.8033
0.32194 0.037507 0.82464
0.30535 0.037503 0.83942
0.31148 0.0375 0.85732
0.3039 0.037494 0.88132
0.31157 0.037495 0.88933
0.32362 0.037498 0.87031
0.32166 0.037496 0.89594
0.30469 0.037502 0.91258
0.31404 0.037507 0.92893
0.33084 0.037501 0.9054
0.32179 0.037502 0.92257
0.30571 0.037517 0.94546
0.32405 0.037514 0.94268
0.34101 0.037501 0.040911
0.34009 0.037501 0.056458
0.36467 0.037501 0.04103
0.35404 0.037501 0.052022
0.34054 0.037501 0.074837
0.34008 0.037502 0.08769
0.35541 0.037502 0.085512
0.34207 0.037503 0.10716
0.33718 0.037504 0.1252
0.35675 0.037505 0.12449
0.34015 0.037506 0.14283
0.34446 0.037509 0.15553
0.35632 0.037508 0.14508
0.36314 0.03751 0.15395
0.34519 0.037513 0.17385
0.34531 0.037517 0.18496
0.35226 0.037513 0.16951
0.3574 0.037519 0.18513
0.33852 0.037525 0.20483
0.33753 0.037538 0.22556
0.35395 0.037529 0.20433
0.34494 0.037556 0.23901
0.34063 0.037585 0.26238
0.35538 0.037567 0.24198
0.36266 0.037606 0.25816
0.34621 0.037624 0.27906
0.34373 0.037651 0.28919
0.36125 0.037651 0.27654
0.35373 0.037656 0.28469
0.33783 0.037686 0.30333
0.33949 0.037798 0.32615
0.3543 0.037739 0.30288
0.3499 0.037851 0.32579
0.34415 0.037868 0.33311
0.33389 0.037934 0.35241
0.34898 0.037967 0.34198
0.35596 0.03851 0.3711
0.35223 0.038765 0.38813
0.33206 0.038514 0.40719
0.3295 0.038671 0.42307
0.34247 0.03868 0.40029
0.33081 0.038945 0.43715
0.34076 0.039357 0.43266
0.32115 0.038936 0.4764
0.3252 0.039201 0.49699
0.33596 0.03998 0.49146
0.32807 0.039362 0.50648
0.33124 0.039561 0.50691
0.33939 0.040052 0.53206
0.32413 0.038647 0.56466
0.33976 0.03978 0.54482
0.33877 0.039252 0.56374
0.33656 0.038686 0.58648
0.33016 0.038302 0.60295
0.3313 0.038226 0.61062
0.33695 0.038115 0.62742
0.35111 0.038659 0.61019
0.35709 0.038482 0.62567
0.34443 0.037948 0.65103
0.33412 0.037801 0.66492
0.35672 0.038128 0.64757
0.35266 0.03793 0.66279
0.33695 0.037692 0.69092
0.35471 0.037854 0.67487
0.35984 0.037741 0.69787
0.3344 0.037632 0.70801
0.34218 0.037609 0.72124
0.35747 0.037681 0.70937
0.3516 0.037603 0.73124
0.34107 0.037579 0.73735
0.34216 0.037545 0.76412
0.35414 0.037583 0.7425
0.35693 0.03756 0.7592
0.35501 0.03754 0.77617
0.3558 0.037524 0.79852
0.34702 0.037515 0.8115
0.33626 0.03751 0.81903
0.3563 0.037512 0.82287
0.34655 0.037507 0.84129
0.34422 0.037502 0.85835
0.36344 0.03751 0.83526
0.36243 0.037502 0.85926
0.33853 0.037495 0.87736
0.34177 0.037498 0.89152
0.35471 0.037494 0.88616
0.3468 0.037511 0.90916
0.34007 0.037506 0.92672
0.35447 0.037514 0.91222
0.35439 0.03751 0.92373
0.3462 0.037495 0.93817
0.33791 0.035226 0.95836
0.36106 0.037496 0.938
0.35304 0.0346 0.96258
0.37148 0.037501 0.035167
0.38109 0.037502 0.056683
0.38987 0.037501 0.04113
0.39094 0.037502 0.071421
0.39465 0.037503 0.093741
0.37108 0.037504 0.10632
0.38136 0.037505 0.11953
0.39392 0.037505 0.11021
0.38875 0.037506 0.11898
0.37105 0.037509 0.14805
0.37256 0.037514 0.1618
0.39436 0.03751 0.14182
0.37897 0.037519 0.17238
0.37384 0.037523 0.18486
0.39423 0.037538 0.1964
0.37501 0.037537 0.20391
0.37836 0.037556 0.22129
0.38977 0.037548 0.20994
0.3897 0.037561 0.22008
0.37451 0.037592 0.24625
0.37237 0.03762 0.25807
0.39773 0.037603 0.23853
0.39493 0.037674 0.26194
0.37165 0.037665 0.27319
0.3711 0.037769 0.29553
0.39503 0.037745 0.27862
0.38365 0.037802 0.29316
0.37734 0.03796 0.31746
0.39049 0.037937 0.30564
0.38929 0.038018 0.31493
0.36593 0.038049 0.33213
0.36986 0.038378 0.35111
0.36113 0.038842 0.37965
0.38246 0.038895 0.35973
0.36302 0.039466 0.39683
0.37024 0.039795 0.39456
0.36538 0.040066 0.4075
0.35188 0.04035 0.43773
0.35027 0.040632 0.44952
0.35793 0.040424 0.42743
0.35342 0.041156 0.45462
0.34194 0.040463 0.47619
0.35054 0.041705 0.48966
0.34175 0.040649 0.51365
0.34779 0.040645 0.53904
0.34895 0.041604 0.51091
0.35134 0.040968 0.54044
0.35246 0.040377 0.55829
0.35011 0.039755 0.5708
0.35332 0.039367 0.589
0.35669 0.038988 0.6059
0.36443 0.040263 0.58661
0.37509 0.039787 0.60968
0.3629 0.03867 0.62338
0.36324 0.038519 0.6312
0.37482 0.038995 0.62406
0.38034 0.038857 0.63451
0.3639 0.038201 0.64915
0.36688 0.038 0.66875
0.3894 0.038607 0.65006
0.39128 0.038381 0.66035
0.36757 0.03789 0.68016
0.38335 0.03808 0.67357
0.38839 0.037882 0.69519
0.38068 0.037666 0.72795
0.39549 0.037812 0.70855
0.38939 0.037681 0.72888
0.37755 0.037597 0.74822
0.36913 0.037577 0.75429
0.38538 0.037617 0.74501
0.38071 0.037552 0.77773
0.37812 0.037533 0.79647
0.38731 0.037564 0.77281
0.37742 0.037525 0.80642
0.37102 0.037513 0.82842
0.37412 0.037511 0.8366
0.3727 0.037505 0.85424
0.38809 0.037513 0.83696
0.38949 0.037503 0.86235
0.37522 0.037495 0.8745
0.37077 0.037498 0.89411
0.39239 0.037501 0.8978
0.37471 0.037507 0.90906
0.38149 0.037505 0.92823
0.38797 0.037506 0.90851
0.39504 0.037508 0.9309
0.37861 0.037499 0.94159
0.37269 0.036198 0.95401
0.39156 0.037502 0.94235
0.39769 0.035981 0.95485
0.41451 0.037502 0.036701
0.42003 0.037502 0.041516
0.42102 0.037502 0.064633
0.40482 0.037503 0.081343
0.42611 0.037503 0.073567
0.43123 0.037504 0.09474
0.41442 0.037505 0.10851
0.40496 0.037506 0.11998
0.42166 0.037505 0.10612
0.42149 0.037509 0.12731
0.41151 0.037513 0.14701
0.40664 0.03752 0.16366
0.42615 0.037517 0.15479
0.40997 0.037525 0.17306
0.40889 0.037541 0.19425
0.42089 0.03753 0.1797
0.42313 0.037536 0.18667
0.4138 0.0376 0.23022
0.42521 0.037565 0.21021
0.4303 0.037579 0.21778
0.40118 0.037619 0.24423
0.41224 0.037713 0.26271
0.4304 0.037629 0.23573
0.41089 0.037786 0.27748
0.40674 0.037841 0.28612
0.42881 0.037984 0.29034
0.41194 0.038094 0.30659
0.40314 0.038205 0.31809
0.42555 0.038066 0.29764
0.42038 0.038236 0.31179
0.40253 0.038571 0.33472
0.40477 0.038994 0.34621
0.42148 0.03869 0.32808
0.41158 0.03931 0.3483
0.39272 0.039949 0.37141
0.41576 0.039809 0.35321
0.37945 0.040324 0.39177
0.37489 0.041109 0.4082
0.40074 0.04155 0.38084
0.38983 0.041691 0.39585
0.37067 0.041926 0.42432
0.36567 0.042496 0.44158
0.38411 0.042009 0.40725
0.35729 0.041968 0.46398
0.35445 0.042142 0.48978
0.36551 0.042366 0.45647
0.35867 0.04239 0.498
0.35619 0.0424 0.50469
0.35677 0.042238 0.53036
0.36056 0.042183 0.5097
0.36411 0.042615 0.5401
0.36813 0.042023 0.56698
0.37992 0.042502 0.58304
0.38157 0.040681 0.60603
0.40422 0.040998 0.62409
0.3901 0.039714 0.62564
0.39833 0.039062 0.64438
0.40715 0.040222 0.63242
0.4012 0.038749 0.65316
0.40712 0.038517 0.66479
0.41425 0.038994 0.65438
0.42379 0.038771 0.66507
0.39982 0.038102 0.6821
0.40621 0.038023 0.69142
0.4261 0.038315 0.68328
0.42709 0.038079 0.69751
0.41147 0.037841 0.71213
0.40641 0.037738 0.72435
0.42447 0.037787 0.72318
0.40531 0.037611 0.75554
0.42339 0.037677 0.74376
0.41801 0.037615 0.75967
0.40961 0.037574 0.77585
0.40175 0.037542 0.79574
0.4267 0.03758 0.77763
0.4298 0.037555 0.79376
0.41374 0.037528 0.814
0.43076 0.03754 0.80657
0.41833 0.037524 0.82258
0.4045 0.037515 0.83764
0.42369 0.037507 0.85976
0.4125 0.037497 0.87914
0.40814 0.037504 0.89707
0.42732 0.037499 0.87965
0.42211 0.0375 0.88842
0.40985 0.037512 0.90732
0.40811 0.037512 0.9301
0.4272 0.037515 0.9277
0.40283 0.037503 0.94499
0.4184 0.03751 0.93811
0.42805 0.034772 0.96122
0.43774 0.037502 0.041604
0.44351 0.037502 0.061778
0.45693 0.037502 0.045166
0.43768 0.037503 0.072117
0.43819 0.037504 0.092833
0.46485 0.037503 0.080958
0.45854 0.037505 0.09687
0.43508 0.037508 0.12165
0.46237 0.037506 0.10394
0.44559 0.037514 0.1424
0.43791 0.03752 0.15804
0.45426 0.037515 0.14454
0.46393 0.037524 0.15954
0.44641 0.03753 0.17203
0.44332 0.03755 0.1931
0.46117 0.037537 0.1797
0.45864 0.037559 0.19671
0.4464 0.037571 0.20786
0.44102 0.037591 0.21992
0.45399 0.037623 0.22751
0.4385 0.03765 0.24012
0.43508 0.037711 0.25521
0.45183 0.037659 0.23891
0.43762 0.037783 0.26591
0.43774 0.037888 0.28091
0.45782 0.037891 0.27525
0.46134 0.038067 0.28747
0.43559 0.038103 0.29622
0.44985 0.038361 0.30548
0.45672 0.038787 0.31717
0.43446 0.038878 0.32745
0.43044 0.039406 0.34044
0.45313 0.039001 0.32321
0.44764 0.03941 0.33362
0.4297 0.040006 0.3489
0.41851 0.041271 0.36515
0.45285 0.040564 0.34468
0.4434 0.041132 0.35344
0.42968 0.042702 0.36744
0.39104 0.041569 0.40427
0.37877 0.041332 0.42721
0.41611 0.041081 0.38175
0.4016 0.037858 0.40139
0.37033 0.041449 0.44795
0.36557 0.039456 0.4846
0.37267 0.03577 0.49769
0.36478 0.03989 0.51761
0.3685 0.041541 0.54236
0.3681 0.038512 0.52384
0.38452 0.038647 0.57376
0.39145 0.041189 0.59254
0.40153 0.041828 0.60559
0.3976 0.039954 0.59669
0.40796 0.041092 0.60865
0.41231 0.042436 0.61978
0.42114 0.04233 0.62091
0.43094 0.041246 0.63698
0.42402 0.039828 0.64625
0.44477 0.04121 0.6428
0.45275 0.040408 0.65164
0.43347 0.039109 0.66132
0.43258 0.038783 0.66934
0.45126 0.039353 0.66392
0.44948 0.038996 0.67069
0.43461 0.038304 0.68681
0.44246 0.038133 0.69976
0.4622 0.038209 0.70007
0.43934 0.037913 0.71419
0.44427 0.037787 0.73068
0.45379 0.037968 0.71355
0.45792 0.037791 0.73341
0.44667 0.037728 0.74079
0.43526 0.037626 0.76123
0.45905 0.037708 0.74597
0.45557 0.037638 0.76241
0.43949 0.037592 0.77545
0.44094 0.037554 0.79711
0.45369 0.037589 0.77909
0.4644 0.037558 0.79855
0.44257 0.037529 0.81979
0.45369 0.037536 0.81398
0.4535 0.037528 0.82331
0.44408 0.03752 0.83655
0.43711 0.037508 0.8598
0.46251 0.037521 0.83731
0.43942 0.037504 0.87016
0.44004 0.037501 0.89031
0.45247 0.037501 0.88073
0.46001 0.037502 0.89432
0.4466 0.037507 0.91394
0.44657 0.037514 0.92609
0.45973 0.037506 0.91466
0.4554 0.037515 0.93053
0.44378 0.037526 0.94725
0.46359 0.037517 0.94369
0.45952 0.034524 0.96325
0.38653 0.046861 0.45246
0.38033 0.047773 0.47941
0.3826 0.047553 0.53437
0.38593 0.043005 0.51145
0.48129 0.037502 0.046209
0.47818 0.037503 0.064918
0.49585 0.037502 0.039094
0.48805 0.037503 0.062899
0.47104 0.037504 0.081472
0.47436 0.037505 0.093846
0.49216 0.037503 0.074137
0.49126 0.037505 0.094968
0.48116 0.037507 0.11226
0.47652 0.037509 0.11897
0.48568 0.037507 0.10634
0.49504 0.037512 0.12762
0.47497 0.037515 0.1396
0.49185 0.037522 0.15428
0.47049 0.037535 0.17529
0.47729 0.037551 0.18947
0.48675 0.037534 0.17107
0.47835 0.037577 0.2057
0.47525 0.037619 0.22353
0.4896 0.037574 0.20278
0.48972 0.037613 0.22089
0.47236 0.037694 0.24488
0.47828 0.037732 0.25115
0.48695 0.037672 0.23696
0.49247 0.037724 0.24961
0.46803 0.037915 0.27583
0.47994 0.037982 0.28005
0.49255 0.037935 0.27489
0.49738 0.03815 0.28843
0.47255 0.038451 0.30399
0.47578 0.038748 0.31211
0.48713 0.03883 0.31265
0.46931 0.039369 0.32554
0.47315 0.04037 0.33523
0.48821 0.039633 0.32631
0.49212 0.040574 0.33464
0.47039 0.041023 0.34152
0.47279 0.04174 0.34578
0.49412 0.042327 0.34641
0.45826 0.042143 0.35799
0.4809 0.042129 0.35037
0.48287 0.041217 0.3534
0.42753 0.039583 0.37696
0.42085 0.036127 0.38707
0.47005 0.037778 0.36146
0.47202 0.035464 0.3665
0.40747 0.034068 0.41675
0.46939 0.033543 0.49395
0.39989 0.033647 0.53594
0.40166 0.03587 0.59161
0.45375 0.034573 0.61783
0.44489 0.038402 0.62401
0.47943 0.035476 0.62828
0.49104 0.03871 0.6352
0.44506 0.04224 0.63006
0.45929 0.042266 0.63932
0.48777 0.041759 0.64055
0.49519 0.041988 0.64575
0.4625 0.041661 0.64526
0.46535 0.040185 0.6579
0.48095 0.041649 0.6504
0.49447 0.040418 0.65981
0.46333 0.039843 0.66103
0.46581 0.039057 0.67355
0.49709 0.039719 0.66642
0.47365 0.038709 0.68336
0.47177 0.038157 0.70488
0.4841 0.038586 0.68797
0.49131 0.038298 0.69938
0.4766 0.037891 0.72376
0.49142 0.038118 0.70917
0.49275 0.037867 0.72823
0.47677 0.037744 0.74305
0.47828 0.037667 0.75677
0.49384 0.037732 0.74545
0.49537 0.037668 0.7576
0.48005 0.037627 0.76994
0.47103 0.03757 0.79192
0.49179 0.037562 0.79874
0.47903 0.037528 0.82737
0.49395 0.037547 0.80928
0.49185 0.037526 0.83028
0.47709 0.037519 0.84182
0.47936 0.03751 0.85825
0.48621 0.037512 0.85551
0.47631 0.037504 0.87433
0.47365 0.037501 0.8854
0.49428 0.037502 0.8798
0.46962 0.037509 0.92745
0.49123 0.037505 0.90873
0.48645 0.037504 0.92989
0.47625 0.037506 0.9445
0.47622 0.036626 0.95258
0.48751 0.037501 0.93834
0.47042 0.035554 0.42116
0.41555 0.036337 0.5107
0.45595 0.036217 0.53284
0.47058 0.036297 0.57036
0.46657 0.0415 0.38045
0.48212 0.043512 0.37512
0.39594 0.041324 0.43991
0.38921 0.040062 0.47937
0.40327 0.044175 0.4212
0.38507 0.044295 0.46432
0.48047 0.037584 0.38905
0.42418 0.03574 0.45101
0.47644 0.041192 0.37861
0.4661 0.036526 0.49245
0.41035 0.037025 0.53982
0.38026 0.048027 0.52873
0.424 0.044394 0.59805
0.48745 0.036103 0.56349
0.45468 0.040673 0.60918
0.46514 0.036675 0.55433
0.44599 0.042107 0.60866
0.4304 0.043637 0.60185
0.48457 0.043457 0.37591
0.41376 0.042892 0.41575
0.4032 0.037956 0.48289
0.43063 0.040166 0.41001
0.39582 0.040115 0.48724
0.44855 0.044064 0.38441
0.44103 0.037426 0.47798
0.45178 0.038568 0.40842
0.47472 0.03868 0.452
0.39062 0.043936 0.54866
0.39513 0.043864 0.56177
0.38793 0.042112 0.50617
0.4283 0.038121 0.55543
0.44288 0.037379 0.5209
0.47618 0.037468 0.57184
0.48363 0.038584 0.50956
0.45699 0.038102 0.57498
0.43208 0.043614 0.60222
0.47329 0.045454 0.61944
0.46127 0.038341 0.44285
0.47527 0.039345 0.54787
0.50744 0.037502 0.045821
0.5253 0.037502 0.047981
0.52434 0.037503 0.05808
0.50675 0.037503 0.072872
0.50688 0.037505 0.09042
0.5295 0.037503 0.068994
0.5236 0.037505 0.090826
0.50219 0.037507 0.10903
0.51195 0.037509 0.12003
0.52721 0.037507 0.11159
0.52258 0.037509 0.11852
0.51484 0.037516 0.14206
0.51264 0.037521 0.15306
0.519 0.037515 0.14046
0.52046 0.037528 0.16343
0.51031 0.037532 0.1696
0.51499 0.037545 0.18484
0.52875 0.037539 0.1807
0.51892 0.037546 0.18553
0.51442 0.037585 0.20996
0.50233 0.037602 0.2179
0.52749 0.037574 0.20507
0.52987 0.037597 0.218
0.5118 0.037686 0.24091
0.51025 0.03777 0.25538
0.52336 0.037686 0.24215
0.52003 0.037784 0.25759
0.50477 0.038097 0.28587
0.52442 0.037901 0.27234
0.52106 0.037974 0.27966
0.50558 0.038355 0.29819
0.51469 0.038838 0.31354
0.52975 0.038278 0.29703
0.53231 0.038713 0.3133
0.50568 0.039509 0.3251
0.53359 0.039354 0.32656
0.53667 0.039717 0.33248
0.50317 0.042349 0.34647
0.52571 0.041026 0.3406
0.54176 0.042104 0.35226
0.50935 0.04241 0.35132
0.51136 0.042061 0.35312
0.55412 0.042613 0.36315
0.52995 0.038656 0.36101
0.52407 0.036134 0.36448
0.55031 0.038942 0.36757
0.57404 0.036009 0.38601
0.538 0.033569 0.40371
0.59502 0.034771 0.41408
0.59527 0.033609 0.46583
0.50395 0.033543 0.53946
0.51816 0.034263 0.62194
0.58293 0.033562 0.54961
0.58938 0.035552 0.60094
0.50313 0.039628 0.63691
0.54816 0.039533 0.6303
0.54625 0.041876 0.63485
0.53524 0.042046 0.6414
0.50592 0.040684 0.65709
0.5314 0.041761 0.64646
0.53687 0.040506 0.65507
0.50775 0.039831 0.66517
0.51456 0.039227 0.67356
0.53076 0.039452 0.66733
0.53416 0.039081 0.67366
0.50897 0.038625 0.68721
0.50297 0.038333 0.69785
0.52237 0.038728 0.68391
0.53306 0.038312 0.69618
0.50214 0.037947 0.71949
0.50834 0.037835 0.73249
0.5192 0.037825 0.73349
0.50696 0.037741 0.74447
0.50804 0.037675 0.75578
0.52616 0.037783 0.73816
0.51936 0.037669 0.7574
0.5143 0.037626 0.77083
0.50488 0.037572 0.79266
0.52656 0.037593 0.78045
0.53115 0.037568 0.79326
0.50643 0.037545 0.80998
0.51182 0.037534 0.81919
0.52351 0.037539 0.81397
0.52394 0.03753 0.82358
0.51068 0.037513 0.85281
0.53148 0.037509 0.8599
0.50911 0.037503 0.87704
0.51465 0.037501 0.89154
0.53023 0.037503 0.87626
0.53101 0.037502 0.89417
0.5017 0.037504 0.91465
0.52025 0.037503 0.91135
0.50429 0.036756 0.95215
0.5275 0.037501 0.94491
0.52543 0.035277 0.95814
0.51282 0.03571 0.4994
0.5211 0.035804 0.54793
0.51321 0.036938 0.39159
0.56198 0.035244 0.46987
0.55125 0.044557 0.38329
0.4968 0.036019 0.44474
0.61087 0.039053 0.51144
0.58532 0.043548 0.41512
0.61897 0.044667 0.50902
0.53712 0.035777 0.53908
0.50546 0.038299 0.60855
0.56181 0.036339 0.56229
0.54546 0.043825 0.6143
0.59068 0.036442 0.54614
0.5738 0.041026 0.59549
0.61839 0.047231 0.53914
0.59521 0.045569 0.58362
0.51302 0.044029 0.61974
0.52977 0.04321 0.37992
0.5332 0.041203 0.38537
0.50686 0.037167 0.4718
0.5226 0.037812 0.40425
0.53248 0.03804 0.4562
0.58248 0.043893 0.41475
0.60496 0.04013 0.47836
0.58098 0.038123 0.47114
0.55055 0.03721 0.54345
0.5334 0.040794 0.61084
0.53123 0.038518 0.52505
0.51836 0.038043 0.57356
0.61082 0.044438 0.55072
0.58597 0.044096 0.58775
0.60448 0.040437 0.53387
0.5044 0.037983 0.44253
0.52628 0.038231 0.46204
0.53786 0.039679 0.53431
0.5406 0.037502 0.055269
0.56238 0.037502 0.036817
0.55819 0.037503 0.064624
0.54254 0.037505 0.095542
0.55425 0.037503 0.073275
0.55489 0.037504 0.091292
0.54269 0.037507 0.11225
0.54698 0.037511 0.12849
0.55218 0.037507 0.11147
0.55215 0.037511 0.12864
0.54307 0.037514 0.13938
0.56232 0.037514 0.14078
0.55526 0.037518 0.15256
0.54571 0.037535 0.17743
0.56381 0.03753 0.17503
0.5467 0.037573 0.20797
0.53885 0.037615 0.22449
0.56407 0.037563 0.205
0.55834 0.037617 0.22823
0.54324 0.03765 0.23553
0.55358 0.037638 0.23398
0.56416 0.037754 0.26155
0.54354 0.03788 0.27353
0.56251 0.037859 0.27663
0.56122 0.037941 0.28415
0.54224 0.03854 0.31045
0.56527 0.038171 0.30072
0.56136 0.038371 0.31012
0.55062 0.039047 0.32479
0.55138 0.03986 0.33773
0.56401 0.039018 0.32999
0.57074 0.039413 0.34077
0.54428 0.040511 0.34193
0.55956 0.041843 0.35733
0.56694 0.040184 0.34861
0.56431 0.042816 0.36732
0.59134 0.041637 0.3789
0.59397 0.041973 0.38505
0.59175 0.03822 0.3969
0.60573 0.041613 0.40078
0.60818 0.0356 0.42934
0.62421 0.035234 0.47514
0.62722 0.035038 0.51985
0.63698 0.039672 0.52609
0.62739 0.040866 0.56059
0.60088 0.039361 0.59938
0.57237 0.041805 0.62454
0.6104 0.040723 0.59163
0.61008 0.041644 0.5971
0.57688 0.042351 0.624
0.59851 0.041894 0.612
0.58035 0.042027 0.62791
0.56091 0.041574 0.64143
0.54425 0.040538 0.65331
0.57573 0.039832 0.64915
0.54905 0.039697 0.66134
0.54789 0.038874 0.67596
0.56954 0.039595 0.65527
0.54032 0.038645 0.6832
0.54782 0.038171 0.70137
0.56258 0.038454 0.68343
0.55452 0.038139 0.70157
0.5359 0.037958 0.71676
0.53815 0.037821 0.73148
0.55815 0.038013 0.70907
0.539 0.037746 0.7417
0.55214 0.037679 0.74988
0.56244 0.037624 0.76418
0.5379 0.037617 0.77137
0.54198 0.037563 0.79469
0.56333 0.037577 0.78139
0.563 0.037552 0.79869
0.54715 0.037547 0.80583
0.54198 0.037525 0.83029
0.55378 0.037543 0.80815
0.55473 0.037526 0.82657
0.53912 0.037514 0.84855
0.55262 0.037514 0.84722
0.55957 0.037507 0.86257
0.54095 0.0375 0.88697
0.55584 0.037499 0.88139
0.56367 0.037499 0.88893
0.54613 0.037511 0.90891
0.53661 0.037508 0.92949
0.5584 0.03751 0.9122
0.55458 0.037513 0.92911
0.54324 0.037508 0.94414
0.54728 0.034967 0.95997
0.56264 0.037516 0.94137
0.55363 0.03645 0.95317
0.61885 0.043789 0.51551
0.61683 0.04427 0.52593
0.57483 0.037502 0.045508
0.58508 0.037502 0.040901
0.59302 0.037502 0.063901
0.57085 0.037505 0.097775
0.58732 0.037503 0.074686
0.5936 0.037504 0.096499
0.57008 0.037507 0.11401
0.57462 0.03751 0.12914
0.59227 0.037505 0.10778
0.58506 0.037507 0.11992
0.58025 0.037514 0.14778
0.59677 0.037511 0.14004
0.59117 0.037517 0.15822
0.57749 0.03753 0.17863
0.57038 0.037541 0.18879
0.58609 0.037529 0.18099
0.59604 0.037532 0.18732
0.57049 0.037595 0.2235
0.59029 0.037563 0.21381
0.57427 0.037644 0.24254
0.5729 0.037733 0.26064
0.59873 0.037605 0.23749
0.58942 0.037691 0.25869
0.57938 0.037753 0.26639
0.5887 0.037761 0.27192
0.5917 0.037864 0.2878
0.57096 0.038116 0.2997
0.57781 0.038251 0.3122
0.59312 0.038033 0.30519
0.59021 0.038167 0.314
0.57748 0.038766 0.33045
0.60035 0.038489 0.33453
0.60464 0.038637 0.34382
0.58163 0.039694 0.35143
0.59641 0.040288 0.36979
0.60293 0.039363 0.36042
0.6054 0.040914 0.38723
0.61295 0.041277 0.40044
0.61863 0.039974 0.38781
0.61598 0.041728 0.40965
0.62745 0.042372 0.43774
0.6273 0.041363 0.4226
0.63146 0.041717 0.43585
0.63271 0.041616 0.46353
0.64023 0.042469 0.49439
0.63675 0.041989 0.45444
0.64328 0.042351 0.49124
0.64193 0.04202 0.52107
0.63808 0.042265 0.543
0.6445 0.042301 0.51256
0.63945 0.042135 0.54705
0.63156 0.042425 0.56034
0.60934 0.04179 0.60083
0.63706 0.042045 0.55814
0.62714 0.041615 0.5832
0.60927 0.041308 0.60899
0.61708 0.040975 0.60448
0.61115 0.040292 0.61923
0.59285 0.040328 0.63329
0.58724 0.039802 0.64327
0.60561 0.039339 0.63904
0.58101 0.039105 0.65773
0.57546 0.038587 0.67439
0.60489 0.038667 0.65546
0.59453 0.038436 0.67107
0.57916 0.038301 0.68312
0.589 0.038289 0.67991
0.58746 0.038043 0.69512
0.56961 0.037795 0.727
0.58862 0.037762 0.72467
0.57079 0.037724 0.73842
0.59501 0.037635 0.74881
0.59075 0.037599 0.76507
0.57 0.037562 0.78875
0.59058 0.037544 0.79844
0.57748 0.037544 0.80218
0.57601 0.037527 0.81914
0.58935 0.037527 0.815
0.57705 0.037514 0.84405
0.59595 0.037511 0.84508
0.57262 0.037501 0.87195
0.59577 0.037498 0.89514
0.5729 0.037502 0.91077
0.59201 0.037501 0.90906
0.57312 0.037525 0.94725
0.57627 0.036712 0.95237
0.59044 0.037526 0.94277
0.58513 0.034524 0.96329
0.60834 0.037502 0.045656
0.61063 0.037502 0.062952
0.62836 0.037501 0.042835
0.63026 0.037502 0.054231
0.61398 0.037502 0.076705
0.60232 0.037503 0.089244
0.63053 0.037502 0.08104
0.62557 0.037503 0.087473
0.60956 0.037505 0.11382
0.60803 0.037508 0.13008
0.62101 0.037504 0.10689
0.62713 0.037506 0.12661
0.60224 0.037509 0.135
0.61335 0.037517 0.16334
0.62698 0.037508 0.1371
0.62767 0.037511 0.15203
0.60629 0.037523 0.17579
0.61336 0.037529 0.18831
0.62646 0.037517 0.17008
0.61207 0.037548 0.21001
0.6058 0.037579 0.22805
0.62158 0.037546 0.21367
0.62215 0.037563 0.22586
0.60399 0.037635 0.25213
0.62174 0.037591 0.24414
0.62473 0.037612 0.25431
0.62695 0.037682 0.27758
0.61013 0.038019 0.31536
0.62136 0.03783 0.30076
0.633 0.037994 0.32731
0.62673 0.038117 0.33301
0.63647 0.038322 0.3553
0.61472 0.038944 0.36024
0.6234 0.039312 0.37938
0.62797 0.038587 0.36029
0.63561 0.03881 0.37816
0.63317 0.040289 0.41494
0.6422 0.039686 0.41678
0.63919 0.040314 0.42851
0.64236 0.041019 0.45166
0.64603 0.040073 0.43767
0.64944 0.039978 0.44281
0.65029 0.041086 0.48399
0.65413 0.040252 0.4678
0.65702 0.04045 0.49175
0.65298 0.041115 0.5081
0.64655 0.041624 0.53899
0.65929 0.040412 0.5064
0.6536 0.040858 0.53076
0.6458 0.041165 0.55263
0.6392 0.04059 0.57656
0.65206 0.040458 0.55226
0.64596 0.040243 0.57061
0.63184 0.040389 0.59297
0.63818 0.039527 0.60088
0.61969 0.039264 0.62833
0.63746 0.03859 0.63211
0.61148 0.038615 0.65282
0.60652 0.038298 0.67081
0.62882 0.037923 0.6828
0.63066 0.037845 0.69096
0.60396 0.037858 0.70583
0.60278 0.037729 0.72383
0.62406 0.037668 0.72683
0.60811 0.037643 0.74208
0.60336 0.037608 0.75493
0.62261 0.037611 0.74521
0.62274 0.03759 0.75293
0.60817 0.037557 0.78016
0.60956 0.037547 0.78627
0.62484 0.037548 0.77984
0.62729 0.037539 0.78674
0.60227 0.037535 0.8031
0.60557 0.037516 0.83178
0.62764 0.037526 0.80558
0.6317 0.037513 0.8285
0.60624 0.037513 0.83896
0.60187 0.037507 0.85358
0.62431 0.037509 0.84298
0.62218 0.037504 0.85691
0.6092 0.037501 0.87062
0.60425 0.037499 0.89119
0.61844 0.037498 0.87913
0.62846 0.037498 0.88888
0.60704 0.037506 0.90993
0.60783 0.037515 0.92727
0.61951 0.037515 0.92866
0.60956 0.037525 0.94562
0.62159 0.037517 0.93839
0.62771 0.034396 0.96443
0.63745 0.037501 0.047222
0.65225 0.037501 0.038446
0.65422 0.037501 0.064476
0.64473 0.037502 0.080248
0.63859 0.037503 0.097183
0.66188 0.037502 0.074487
0.66474 0.037502 0.086256
0.65415 0.037503 0.11127
0.64627 0.037512 0.16192
0.65649 0.037507 0.14349
0.65775 0.03751 0.16128
0.6418 0.037515 0.1713
0.64326 0.037525 0.19493
0.65667 0.037514 0.17816
0.65319 0.037517 0.18526
0.64293 0.037529 0.20192
0.64019 0.037543 0.21896
0.66248 0.037524 0.20402
0.66158 0.037534 0.22
0.63641 0.037574 0.2414
0.64299 0.037604 0.26035
0.65599 0.037592 0.2637
0.63796 0.037657 0.27788
0.63751 0.037724 0.29305
0.66424 0.037603 0.2763
0.6543 0.037647 0.28679
0.64401 0.037782 0.3105
0.66106 0.0378 0.32758
0.6419 0.037976 0.33337
0.64882 0.038161 0.35861
0.66338 0.03784 0.3369
0.66791 0.037951 0.3587
0.65492 0.038416 0.38627
0.66183 0.03826 0.38396
0.66046 0.038847 0.41919
0.668 0.038483 0.40834
0.66867 0.038615 0.41979
0.65836 0.039306 0.43885
0.66507 0.039212 0.45562
0.67272 0.038741 0.4405
0.66561 0.039518 0.47839
0.66604 0.039573 0.48644
0.67189 0.039171 0.4785
0.67398 0.03917 0.49538
0.66471 0.039832 0.50405
0.66273 0.040041 0.52454
0.67389 0.039232 0.51056
0.67882 0.038931 0.52784
0.66951 0.039155 0.55117
0.66842 0.038933 0.5674
0.65813 0.039148 0.57913
0.65694 0.038735 0.59852
0.66942 0.038403 0.59971
0.65075 0.038327 0.62844
0.66598 0.038282 0.61306
0.6574 0.038164 0.63287
0.64812 0.038142 0.64567
0.66641 0.037943 0.64622
0.64908 0.037719 0.69745
0.65848 0.037791 0.67606
0.65836 0.037711 0.69148
0.64052 0.037689 0.71124
0.63761 0.037643 0.72589
0.65561 0.037635 0.71489
0.66514 0.037596 0.72589
0.64398 0.037605 0.73668
0.63911 0.037573 0.75448
0.6583 0.037574 0.743
0.65522 0.03756 0.75291
0.63549 0.037545 0.77787
0.64513 0.03753 0.7898
0.65357 0.037541 0.77294
0.654 0.037525 0.79381
0.645 0.03752 0.80729
0.64185 0.037512 0.82841
0.66162 0.037515 0.81056
0.66353 0.037508 0.82969
0.64347 0.037509 0.83603
0.64321 0.037504 0.85284
0.65344 0.037507 0.84082
0.65917 0.0375 0.86238
0.64742 0.037496 0.88032
0.64738 0.037496 0.88831
0.65416 0.037494 0.88145
0.66264 0.037498 0.89371
0.64362 0.037503 0.90807
0.63618 0.037506 0.92772
0.66236 0.037504 0.90299
0.65871 0.037509 0.91898
0.63507 0.037506 0.94217
0.64074 0.036263 0.95379
0.65606 0.037496 0.94012
0.66408 0.035972 0.9549
0.67939 0.037501 0.045182
0.68153 0.037501 0.052007
0.69803 0.037501 0.040679
0.68928 0.037501 0.059534
0.69691 0.037501 0.072437
0.69538 0.037502 0.092852
0.6692 0.037503 0.10325
0.66955 0.037504 0.12503
0.67307 0.037506 0.14272
0.67519 0.037508 0.1594
0.67859 0.03751 0.17167
0.6915 0.037509 0.17579
0.67832 0.037521 0.20866
0.66903 0.03753 0.22008
0.69356 0.037519 0.21483
0.68555 0.037528 0.22767
0.67402 0.037546 0.24234
0.68573 0.037541 0.24772
0.69205 0.037541 0.25233
0.67749 0.037606 0.28879
0.69465 0.037566 0.27909
0.68714 0.037586 0.28718
0.67475 0.037713 0.32283
0.69253 0.037627 0.31297
0.69237 0.037642 0.31936
0.68321 0.037722 0.33668
0.67876 0.0378 0.34955
0.69156 0.037719 0.34567
0.68943 0.037781 0.35904
0.67738 0.037947 0.3714
0.67657 0.038041 0.38319
0.69566 0.037827 0.37737
0.69708 0.037866 0.38753
0.68472 0.038091 0.40328
0.68279 0.038315 0.42535
0.69561 0.037977 0.40505
0.70278 0.03799 0.423
0.68496 0.038543 0.46175
0.70111 0.038118 0.44569
0.68661 0.038611 0.47912
0.69227 0.038463 0.49263
0.70515 0.038173 0.47742
0.70535 0.038195 0.4977
0.68425 0.038758 0.51293
0.6836 0.038711 0.52942
0.70128 0.038266 0.52122
0.68361 0.038652 0.53845
0.68497 0.038403 0.56349
0.69832 0.038269 0.5371
0.70051 0.038109 0.56441
0.67807 0.038202 0.60185
0.69688 0.038095 0.57538
0.70213 0.037918 0.59753
0.68569 0.038019 0.60777
0.69476 0.037885 0.61635
0.69695 0.037794 0.63274
0.6776 0.03784 0.64747
0.67721 0.037798 0.65545
0.69106 0.037787 0.6409
0.69217 0.03772 0.65534
0.67491 0.037654 0.69417
0.69015 0.037632 0.68636
0.67997 0.037599 0.71183
0.67095 0.037591 0.72395
0.68597 0.037607 0.70293
0.67675 0.03755 0.7476
0.6702 0.037541 0.76311
0.69259 0.037548 0.7391
0.69682 0.037529 0.76056
0.67357 0.037533 0.77158
0.67596 0.03752 0.79039
0.69149 0.037526 0.7701
0.68586 0.037514 0.7981
0.67165 0.037515 0.80567
0.68512 0.037512 0.80373
0.68734 0.037506 0.82671
0.6795 0.037504 0.84792
0.69322 0.037504 0.83752
0.68644 0.037496 0.86459
0.67951 0.037494 0.87082
0.68993 0.037494 0.86977
0.69053 0.037499 0.8943
0.67824 0.037515 0.90854
0.66911 0.037508 0.93101
0.68891 0.037513 0.93024
0.67999 0.037504 0.94277
0.6813 0.034505 0.96347
0.69506 0.035349 0.95775
0.70786 0.037501 0.037465
0.70684 0.037501 0.055074
0.72356 0.0375 0.042646
0.72616 0.037501 0.061169
0.70952 0.037501 0.076906
0.72707 0.037501 0.076213
0.70978 0.037501 0.10229
0.70625 0.037503 0.12777
0.72501 0.037501 0.1134
0.7289 0.037502 0.12861
0.70405 0.037505 0.15932
0.73103 0.037503 0.14799
0.72875 0.037504 0.1604
0.7048 0.037508 0.1777
0.70263 0.037511 0.19476
0.72076 0.037505 0.16956
0.72995 0.037506 0.18794
0.70459 0.037513 0.20216
0.70397 0.037519 0.22082
0.71982 0.037512 0.21018
0.71149 0.037527 0.24675
0.73072 0.037522 0.25349
0.71509 0.037539 0.26937
0.71496 0.037556 0.28983
0.70396 0.037593 0.30593
0.71223 0.037611 0.32778
0.73094 0.037557 0.30736
0.71999 0.037596 0.3293
0.71379 0.037619 0.33428
0.71425 0.037664 0.35729
0.7258 0.037596 0.33551
0.73181 0.037618 0.358
0.71693 0.037697 0.37661
0.70816 0.037786 0.38753
0.72519 0.037655 0.36938
0.72272 0.037715 0.3933
0.71317 0.037832 0.41189
0.73295 0.037696 0.40318
0.72485 0.037771 0.42125
0.7167 0.037863 0.43537
0.71034 0.038033 0.46165
0.7314 0.03778 0.44287
0.72766 0.037832 0.45905
0.71624 0.037961 0.47071
0.71652 0.03799 0.49011
0.72289 0.037881 0.46862
0.72883 0.037865 0.49176
0.72542 0.037899 0.50796
0.73 0.03786 0.52128
0.71262 0.038011 0.54582
0.72981 0.037834 0.54448
0.73379 0.037768 0.56439
0.71707 0.037776 0.59846
0.7337 0.037743 0.57666
0.72831 0.037747 0.58737
0.71057 0.037726 0.62969
0.72202 0.037727 0.60687
0.7285 0.037651 0.63107
0.70965 0.037678 0.64684
0.71376 0.037644 0.65364
0.72178 0.037644 0.64277
0.72476 0.037605 0.66119
0.71164 0.037596 0.68109
0.7075 0.037591 0.68985
0.72179 0.037591 0.67288
0.72587 0.037566 0.68722
0.7146 0.037555 0.70979
0.70302 0.037555 0.72301
0.71941 0.037542 0.71904
0.70677 0.037538 0.73961
0.70645 0.037528 0.75402
0.72754 0.037528 0.7373
0.72397 0.03752 0.75632
0.71089 0.037517 0.77389
0.70191 0.037514 0.79034
0.72262 0.037515 0.77291
0.71143 0.037505 0.81365
0.70224 0.037505 0.82557
0.72387 0.037506 0.80212
0.71446 0.037502 0.83539
0.70236 0.037499 0.85839
0.72084 0.037502 0.83566
0.7094 0.037491 0.88086
0.70342 0.037491 0.88561
0.71949 0.037494 0.87208
0.73167 0.037495 0.89592
0.70242 0.037507 0.90912
0.7137 0.037503 0.9186
0.72996 0.037502 0.90571
0.70932 0.034989 0.95985
0.73126 0.037503 0.94079
0.73761 0.0375 0.043641
0.74029 0.0375 0.057627
0.76014 0.0375 0.058927
0.75494 0.0375 0.077625
0.75266 0.0375 0.091686
0.76335 0.0375 0.10534
0.75323 0.037501 0.11888
0.74136 0.037502 0.14728
0.73746 0.037503 0.1531
0.75468 0.037501 0.13534
0.76262 0.037502 0.15884
0.73872 0.037504 0.17239
0.74436 0.037506 0.1955
0.75465 0.037503 0.17915
0.75314 0.037505 0.19378
0.74799 0.037507 0.20706
0.74222 0.037512 0.23125
0.75982 0.037508 0.22545
0.74167 0.037515 0.24449
0.76409 0.037509 0.23594
0.74644 0.037522 0.26883
0.7356 0.037536 0.28499
0.76078 0.037518 0.27259
0.74145 0.037562 0.32621
0.75317 0.037533 0.3019
0.75622 0.037543 0.32344
0.73931 0.037577 0.33816
0.73963 0.037607 0.36359
0.75741 0.037556 0.34469
0.7616 0.03756 0.35648
0.74905 0.037599 0.3784
0.74545 0.037621 0.38684
0.76508 0.03757 0.37526
0.75615 0.037597 0.38951
0.74367 0.03765 0.40226
0.74283 0.037695 0.42995
0.76223 0.037608 0.41217
0.73999 0.037729 0.44265
0.74022 0.037753 0.46201
0.75974 0.037642 0.44398
0.76314 0.03764 0.45505
0.74902 0.037703 0.46939
0.7412 0.037772 0.48825
0.76535 0.037645 0.47568
0.7641 0.037654 0.48608
0.76166 0.037663 0.50816
0.75438 0.037681 0.52987
0.74034 0.037758 0.5433
0.74078 0.03773 0.56124
0.75751 0.037664 0.54031
0.76547 0.03763 0.55537
0.74874 0.037656 0.58143
0.75479 0.037618 0.59822
0.76053 0.037599 0.60427
0.73707 0.037606 0.64405
0.73844 0.037583 0.65987
0.75756 0.037567 0.6441
0.74274 0.037561 0.67374
0.74079 0.037547 0.69267
0.76102 0.037537 0.68126
0.74522 0.037531 0.71187
0.74243 0.037524 0.73086
0.74253 0.037516 0.74831
0.73952 0.037516 0.75273
0.75774 0.037511 0.75554
0.74463 0.037509 0.77396
0.74364 0.037506 0.79284
0.75322 0.037509 0.76935
0.74808 0.037502 0.81331
0.74768 0.037501 0.83122
0.75556 0.037503 0.80444
0.76155 0.0375 0.82285
0.73854 0.037496 0.85888
0.75615 0.0375 0.84673
0.74349 0.03749 0.8685
0.73964 0.037497 0.89785
0.75616 0.037484 0.87789
0.75563 0.037492 0.89299
0.74646 0.037502 0.90229
0.76189 0.037509 0.90948
0.75456 0.037518 0.92939
0.73696 0.037507 0.93972
0.73873 0.03534 0.95782
0.76346 0.034845 0.9608
0.77171 0.0375 0.044042
0.78017 0.0375 0.052643
0.79475 0.037499 0.047576
0.79775 0.037499 0.063581
0.77548 0.0375 0.069031
0.78986 0.037499 0.090837
0.78039 0.0375 0.1143
0.77943 0.0375 0.12995
0.79117 0.0375 0.11089
0.79485 0.0375 0.12523
0.78042 0.0375 0.14478
0.77768 0.037501 0.15812
0.78734 0.0375 0.13771
0.78861 0.037501 0.16265
0.77777 0.037502 0.17818
0.79705 0.0375 0.16896
0.78586 0.037502 0.19638
0.77717 0.037504 0.20751
0.77997 0.037505 0.22867
0.79314 0.037502 0.21219
0.78904 0.037504 0.22761
0.77123 0.037508 0.23844
0.77065 0.037513 0.26366
0.78868 0.037505 0.23724
0.78895 0.037507 0.25498
0.79169 0.037509 0.27646
0.76899 0.037529 0.31325
0.77522 0.037531 0.32878
0.79771 0.037513 0.30181
0.7865 0.037522 0.32315
0.77619 0.037538 0.34537
0.77534 0.037547 0.3614
0.78586 0.037527 0.33815
0.78563 0.037534 0.35767
0.77817 0.037551 0.37683
0.78187 0.037554 0.39338
0.79484 0.037535 0.37566
0.7956 0.037541 0.39438
0.78037 0.037565 0.40833
0.77716 0.037581 0.42364
0.78769 0.037553 0.40571
0.79235 0.037558 0.42949
0.77625 0.037596 0.44492
0.79037 0.037567 0.44768
0.78806 0.037572 0.45217
0.77225 0.037621 0.47236
0.77749 0.037608 0.48824
0.79046 0.037574 0.47083
0.79819 0.037565 0.49327
0.78082 0.037597 0.51303
0.79048 0.037577 0.50966
0.79747 0.037564 0.53067
0.77064 0.037612 0.55911
0.79198 0.037571 0.53599
0.79415 0.037561 0.56238
0.7767 0.037584 0.57858
0.77446 0.037582 0.58902
0.79131 0.037558 0.57746
0.78087 0.037561 0.60294
0.78913 0.037549 0.60496
0.76946 0.037557 0.63844
0.76946 0.037544 0.65768
0.79281 0.03753 0.64447
0.78775 0.037526 0.66442
0.77107 0.03753 0.6815
0.77324 0.037526 0.68956
0.79407 0.037518 0.68031
0.79371 0.037517 0.68538
0.77811 0.037517 0.70889
0.76844 0.037515 0.72987
0.78509 0.03751 0.73144
0.77523 0.037511 0.73972
0.77905 0.037506 0.76248
0.79562 0.037506 0.74024
0.79448 0.037501 0.79326
0.77008 0.0375 0.81451
0.77655 0.037499 0.82954
0.78655 0.0375 0.80503
0.79702 0.037497 0.82965
0.77574 0.037496 0.85234
0.78712 0.037497 0.84121
0.77772 0.037487 0.87681
0.77157 0.037494 0.89525
0.79519 0.037491 0.89204
0.77691 0.037522 0.93157
0.79142 0.037503 0.91331
0.78134 0.037539 0.94812
0.77239 0.034547 0.96311
0.7908 0.037532 0.94175
0.79598 0.035676 0.95627
0.80227 0.037499 0.046858
0.80292 0.037499 0.054259
0.82848 0.037498 0.04703
0.83095 0.037498 0.052306
0.80229 0.037499 0.077358
0.80384 0.037499 0.092786
0.82761 0.037498 0.073225
0.82043 0.037498 0.089997
0.80904 0.037499 0.10516
0.80769 0.037499 0.12313
0.81937 0.037499 0.10813
0.82644 0.037498 0.12543
0.8265 0.037498 0.14057
0.81891 0.037499 0.17453
0.81883 0.037499 0.18632
0.80948 0.037501 0.20709
0.80261 0.037502 0.22262
0.83059 0.0375 0.21307
0.82697 0.0375 0.22304
0.80364 0.037503 0.23816
0.80695 0.037504 0.25846
0.82864 0.037502 0.25846
0.81507 0.037505 0.28146
0.81017 0.037507 0.29034
0.83068 0.037503 0.27841
0.8237 0.037505 0.29398
0.81405 0.037508 0.30317
0.80849 0.037512 0.31951
0.82544 0.037506 0.30463
0.81863 0.03751 0.32869
0.80619 0.037518 0.34416
0.81094 0.037518 0.35392
0.81991 0.037512 0.34659
0.80606 0.037527 0.37861
0.80503 0.037534 0.39737
0.82877 0.037515 0.37889
0.80537 0.037537 0.40988
0.80594 0.037542 0.42874
0.82282 0.037525 0.42373
0.80647 0.037545 0.44299
0.8154 0.037536 0.45495
0.82958 0.037524 0.43994
0.80783 0.037549 0.47291
0.80345 0.037557 0.49339
0.80318 0.037558 0.5125
0.81261 0.037543 0.52141
0.82415 0.037532 0.5215
0.80948 0.037543 0.55583
0.81931 0.037532 0.55207
0.80976 0.037532 0.59745
0.8304 0.037522 0.57832
0.82509 0.037522 0.59513
0.81232 0.037526 0.61328
0.81317 0.037521 0.6284
0.82713 0.037518 0.60815
0.8206 0.037518 0.62519
0.8054 0.037522 0.64629
0.80606 0.03752 0.65297
0.82074 0.037516 0.63617
0.81164 0.037514 0.66852
0.80485 0.037511 0.69759
0.82315 0.037508 0.68643
0.80754 0.037508 0.70916
0.82212 0.037506 0.70824
0.80438 0.037506 0.73557
0.80556 0.037503 0.76112
0.83097 0.037502 0.73991
0.83167 0.037501 0.75489
0.80265 0.037502 0.77424
0.80654 0.0375 0.79561
0.8305 0.0375 0.77797
0.8243 0.037499 0.79246
0.80932 0.037498 0.80511
0.824 0.037496 0.82603
0.80372 0.037496 0.84614
0.81031 0.037493 0.85903
0.82911 0.037496 0.84213
0.82878 0.037492 0.86142
0.81429 0.03749 0.87156
0.80386 0.037489 0.89069
0.82597 0.037487 0.88051
0.80557 0.037496 0.90609
0.80461 0.037506 0.92152
0.81844 0.037494 0.90733
0.80465 0.037525 0.93825
0.81231 0.034793 0.96121
0.82692 0.037535 0.9482
0.82059 0.034514 0.96342
0.84182 0.037498 0.044747
0.83869 0.037498 0.054907
0.86112 0.037496 0.044908
0.84474 0.037497 0.079164
0.84827 0.037497 0.091342
0.85174 0.037497 0.074333
0.85355 0.037496 0.0896
0.8552 0.037497 0.10813
0.85455 0.037497 0.13159
0.83919 0.037498 0.14639
0.84603 0.037498 0.1587
0.85868 0.037496 0.14188
0.85251 0.037497 0.152
0.83686 0.037499 0.18076
0.83935 0.037499 0.19158
0.85654 0.037497 0.18085
0.86452 0.037496 0.19583
0.84837 0.037499 0.20832
0.83633 0.0375 0.22889
0.85983 0.037497 0.2103
0.85184 0.037499 0.23034
0.84665 0.0375 0.24442
0.85634 0.037497 0.24492
0.85842 0.037497 0.2555
0.85514 0.0375 0.2739
0.85722 0.0375 0.29431
0.84185 0.037503 0.31376
0.83533 0.037505 0.32302
0.85962 0.037499 0.30637
0.85446 0.037501 0.31892
0.83992 0.037508 0.35315
0.85611 0.037502 0.34103
0.86414 0.0375 0.35987
0.84321 0.03751 0.37916
0.8522 0.037506 0.37762
0.86091 0.037504 0.39022
0.84695 0.037511 0.40945
0.84824 0.037512 0.42242
0.85261 0.037508 0.40426
0.86179 0.037506 0.42967
0.84078 0.037518 0.44124
0.83546 0.037522 0.4564
0.85473 0.03751 0.44533
0.8598 0.037508 0.45991
0.83855 0.037522 0.47688
0.84308 0.03752 0.49114
0.84188 0.037521 0.51248
0.84822 0.037516 0.53072
0.8646 0.037508 0.52172
0.84443 0.037518 0.54103
0.84546 0.037516 0.55628
0.86257 0.037507 0.54153
0.8598 0.037508 0.55426
0.84706 0.037513 0.57572
0.83941 0.037515 0.59498
0.86134 0.037507 0.57446
0.85337 0.037509 0.59106
0.84757 0.037509 0.62082
0.858 0.037507 0.60238
0.85218 0.037506 0.63129
0.84658 0.037506 0.65951
0.86236 0.037502 0.63936
0.85607 0.037503 0.66316
0.84547 0.037505 0.67932
0.83676 0.037505 0.68848
0.85815 0.037501 0.67185
0.86099 0.037499 0.69669
0.83827 0.037504 0.70668
0.84504 0.037502 0.72476
0.85285 0.037501 0.70337
0.85383 0.0375 0.72764
0.84255 0.037501 0.73753
0.84 0.0375 0.76378
0.8557 0.037499 0.75964
0.83664 0.037499 0.79446
0.85949 0.037498 0.77048
0.8638 0.037496 0.78971
0.8401 0.037497 0.81444
0.86247 0.037495 0.8042
0.85941 0.037495 0.82178
0.84223 0.037496 0.84238
0.85916 0.037494 0.83817
0.86029 0.037492 0.85593
0.84484 0.037488 0.87496
0.84038 0.037493 0.89623
0.85895 0.037488 0.8691
0.84383 0.037506 0.9186
0.86277 0.037495 0.90507
0.85419 0.03751 0.92171
0.84822 0.037525 0.93587
0.84117 0.034897 0.96047
0.86156 0.03752 0.9354
0.85969 0.034491 0.96356
0.86887 0.037494 0.039129
0.87064 0.037494 0.061115
0.88564 0.037493 0.039941
0.88713 0.037494 0.051972
0.88035 0.037491 0.076556
0.88091 0.037491 0.092223
0.8957 0.037498 0.078648
0.88978 0.037494 0.086076
0.88024 0.037493 0.10895
0.88103 0.037493 0.12772
0.88958 0.037494 0.11878
0.87403 0.037494 0.13802
0.88141 0.037493 0.15821
0.89308 0.037495 0.14774
0.88819 0.037494 0.16195
0.87561 0.037493 0.19085
0.89237 0.037494 0.16954
0.89658 0.037496 0.18947
0.87082 0.037495 0.20379
0.87631 0.037494 0.21954
0.88997 0.037497 0.21086
0.88578 0.037493 0.22206
0.86868 0.037493 0.23727
0.87182 0.037493 0.27471
0.87394 0.037494 0.28988
0.89718 0.037499 0.26916
0.88977 0.037497 0.2921
0.86986 0.037498 0.31476
0.87976 0.037496 0.32288
0.88673 0.037495 0.3032
0.88568 0.037496 0.31977
0.87691 0.037495 0.3451
0.89294 0.037496 0.33966
0.89802 0.037497 0.35332
0.87726 0.037497 0.38035
0.86981 0.0375 0.38815
0.89184 0.037496 0.37243
0.89491 0.037499 0.39322
0.87232 0.0375 0.4082
0.87471 0.037499 0.42079
0.89613 0.037503 0.414
0.89165 0.037501 0.41979
0.88155 0.037496 0.44233
0.88587 0.037498 0.45235
0.88069 0.037499 0.48123
0.87867 0.037501 0.49609
0.88552 0.037499 0.4943
0.86939 0.037506 0.50596
0.87691 0.037501 0.53041
0.88852 0.037501 0.51379
0.89017 0.037502 0.52651
0.87311 0.037501 0.54036
0.88964 0.037503 0.5385
0.89385 0.037511 0.55257
0.87774 0.037501 0.57444
0.87536 0.037502 0.59693
0.89025 0.037501 0.57486
0.88699 0.037499 0.59778
0.87441 0.037501 0.60513
0.87982 0.037496 0.63043
0.88662 0.037498 0.60871
0.88605 0.037497 0.62572
0.87795 0.037494 0.64803
0.8874 0.037497 0.64584
0.89075 0.037499 0.65789
0.87042 0.037495 0.67371
0.89772 0.037499 0.69604
0.87028 0.037496 0.71134
0.87944 0.037494 0.72844
0.89429 0.037498 0.70236
0.88957 0.037498 0.72121
0.87225 0.037496 0.74358
0.87096 0.037496 0.76314
0.88644 0.037495 0.74155
0.8973 0.037497 0.76234
0.87353 0.037495 0.77858
0.8778 0.037493 0.79545
0.88966 0.037496 0.78626
0.87073 0.037493 0.81391
0.87697 0.037491 0.82311
0.88873 0.037493 0.80305
0.87628 0.037491 0.83896
0.88109 0.037484 0.86243
0.89431 0.037496 0.83808
0.88606 0.037488 0.85749
0.87417 0.037483 0.89044
0.89183 0.037485 0.86871
0.89488 0.037484 0.88908
0.87957 0.037489 0.90304
0.88079 0.037506 0.92892
0.89293 0.037504 0.9096
0.89652 0.037515 0.93048
0.87165 0.037519 0.94088
0.89793 0.034795 0.96109
0.90496 0.037506 0.03754
0.91195 0.037511 0.054291
0.92234 0.037509 0.038863
0.91503 0.03751 0.075635
0.90363 0.037502 0.090706
0.92877 0.037508 0.094975
0.91137 0.037501 0.10927
0.90951 0.037499 0.12982
0.92109 0.037507 0.10409
0.92364 0.037508 0.11866
0.90547 0.037498 0.13521
0.90793 0.037499 0.15921
0.92213 0.037503 0.13967
0.91357 0.037502 0.18869
0.92786 0.037508 0.17208
0.93063 0.037507 0.19693
0.91451 0.03751 0.20601
0.91207 0.03751 0.22309
0.92698 0.037502 0.21001
0.91881 0.03751 0.22708
0.9082 0.037498 0.24725
0.9277 0.037509 0.24376
0.92162 0.037509 0.25701
0.90817 0.03751 0.27096
0.93118 0.037512 0.28064
0.93026 0.03751 0.29496
0.91129 0.037504 0.32653
0.92312 0.037512 0.3034
0.92196 0.037507 0.32334
0.90355 0.0375 0.33733
0.90651 0.037499 0.3626
0.9289 0.037512 0.33825
0.91902 0.037505 0.35685
0.90539 0.037499 0.37306
0.91026 0.037503 0.39216
0.92451 0.037512 0.39668
0.92441 0.037513 0.40448
0.93012 0.037519 0.43155
0.90465 0.037521 0.45614
0.9265 0.037524 0.43644
0.90675 0.037512 0.48157
0.90388 0.037507 0.49733
0.92658 0.037513 0.47349
0.92386 0.037508 0.48741
0.91055 0.037508 0.50494
0.91136 0.037514 0.5246
0.92766 0.037508 0.51391
0.92497 0.03751 0.52095
0.92316 0.037523 0.53932
0.92491 0.037519 0.55578
0.91322 0.0375 0.59653
0.92414 0.037506 0.57632
0.92792 0.037507 0.59598
0.90886 0.037502 0.60563
0.9037 0.037506 0.62261
0.92105 0.037506 0.60671
0.92274 0.037512 0.61899
0.90208 0.037516 0.6435
0.9314 0.037529 0.64719
0.92204 0.037526 0.66257
0.91241 0.037503 0.68694
0.9241 0.037512 0.68022
0.9275 0.037509 0.69485
0.91164 0.037511 0.70366
0.92193 0.037512 0.70773
0.90873 0.037502 0.73944
0.91231 0.0375 0.7587
0.91914 0.037506 0.73558
0.91866 0.037503 0.76387
0.91363 0.037505 0.77095
0.91272 0.037508 0.78749
0.92544 0.037508 0.77517
0.92625 0.037505 0.79482
0.90426 0.037497 0.8149
0.91175 0.0375 0.82143
0.9206 0.037503 0.80231
0.91836 0.037502 0.82536
0.90565 0.037504 0.84471
0.9061 0.037498 0.86153
0.92332 0.037503 0.8354
0.91902 0.037504 0.86108
0.91164 0.037492 0.8726
0.91907 0.037496 0.87123
0.93072 0.037503 0.88915
0.90731 0.037521 0.9097
0.90852 0.037524 0.92891
0.92057 0.03753 0.90869
0.92866 0.037523 0.92486
0.907 0.037514 0.94098
0.91309 0.03509 0.95918
0.91898 0.037513 0.93945
0.92418 0.034893 0.96042
0.93781 0.037495 0.042236
0.93807 0.037495 0.05487
0.95404 0.036186 0.037301
0.95747 0.035399 0.061548
0.93508 0.037501 0.074966
0.95995 0.034965 0.087972
0.94686 0.037521 0.10648
0.95913 0.035102 0.12806
0.94668 0.037505 0.14573
0.9432 0.037506 0.15617
0.95839 0.035231 0.14128
0.9518 0.036882 0.15846
0.93629 0.037514 0.1721
0.94599 0.037508 0.19576
0.95494 0.035971 0.19723
0.93975 0.037495 0.20574
0.93981 0.037495 0.22856
0.96317 0.034531 0.21449
0.96093 0.034813 0.22152
0.94058 0.037518 0.24734
0.94664 0.037523 0.2528
0.96085 0.034832 0.23719
0.95235 0.036699 0.26394
0.94327 0.037507 0.27133
0.93974 0.037502 0.28839
0.95948 0.035038 0.27572
0.94125 0.037503 0.30242
0.94081 0.037514 0.33056
0.95459 0.036045 0.30209
0.96435 0.034405 0.32494
0.94532 0.037526 0.34262
0.94287 0.037531 0.35738
0.95845 0.035221 0.36027
0.93986 0.037529 0.36867
0.94702 0.037527 0.39785
0.96414 0.03443 0.37998
0.95176 0.03692 0.39664
0.94532 0.037518 0.40739
0.9634 0.034514 0.41034
0.9561 0.035693 0.42903
0.94087 0.037516 0.44536
0.94498 0.03751 0.4522
0.95313 0.03646 0.43598
0.9595 0.03504 0.45318
0.93863 0.037499 0.47322
0.96344 0.034506 0.47993
0.95472 0.036012 0.4957
0.94554 0.037508 0.50946
0.94148 0.037503 0.52283
0.95245 0.036671 0.51247
0.95943 0.035051 0.52736
0.93573 0.037486 0.55504
0.96421 0.03442 0.53966
0.95799 0.035282 0.55773
0.94243 0.037516 0.59394
0.93935 0.037518 0.61277
0.9396 0.03752 0.6216
0.95932 0.03507 0.62664
0.94327 0.037521 0.63838
0.96104 0.034806 0.63612
0.96344 0.034505 0.65807
0.94795 0.037528 0.67554
0.95974 0.035006 0.67372
0.95895 0.035139 0.69442
0.94012 0.037482 0.71253
0.93915 0.037481 0.72352
0.95384 0.036232 0.71433
0.95454 0.036049 0.7195
0.94309 0.037493 0.7545
0.95527 0.035877 0.7459
0.95948 0.035044 0.75477
0.9408 0.037511 0.77824
0.94088 0.037497 0.79813
0.95745 0.035403 0.78639
0.93936 0.037492 0.80324
0.95393 0.036212 0.81155
0.95892 0.035136 0.83007
0.93798 0.037497 0.84559
0.9649 0.034353 0.85667
0.94266 0.037507 0.88589
0.95939 0.03506 0.86996
0.93775 0.03752 0.92204
0.95626 0.035658 0.90775
0.96456 0.03439 0.92047
0.93861 0.037488 0.9366
0.94213 0.035222 0.95835
0.9592 0.035082 0.94252
0.95414 0.034316 0.96275
