2635
1 1 1
0.035 0.0375 0.045075
0.041115 0.0375 0.054586
0.062746 0.0375 0.035713
0.058729 0.0375 0.051769
0.046282 0.0375 0.06956
0.043719 0.0375 0.094349
0.060102 0.0375 0.081547
0.056538 0.0375 0.098101
0.038636 0.0375 0.11189
0.04137 0.0375 0.122
0.063729 0.0375 0.10855
0.063243 0.0375 0.14482
0.040539 0.0375 0.19124
0.058793 0.0375 0.18107
0.061644 0.0375 0.19688
0.036213 0.0375 0.20171
0.040524 0.0375 0.2278
0.053671 0.0375 0.20681
0.056836 0.0375 0.2203
0.048111 0.0375 0.23689
0.042532 0.0375 0.25818
0.053356 0.0375 0.24329
0.062374 0.0375 0.25802
0.047633 0.0375 0.27008
0.046809 0.0375 0.28716
0.056327 0.0375 0.27912
0.064089 0.0375 0.28787
0.063017 0.0375 0.30883
0.058526 0.0375 0.32385
0.045676 0.0375 0.34489
0.063534 0.0375 0.35352
0.046753 0.0375 0.37457
0.045755 0.0375 0.38782
0.061978 0.0375 0.37259
0.057236 0.0375 0.39407
0.045187 0.0375 0.40452
0.037847 0.0375 0.42352
0.062025 0.0375 0.4073
0.055429 0.0375 0.41848
0.043013 0.0375 0.44604
0.06095 0.0375 0.44393
0.060112 0.0375 0.45964
0.042385 0.0375 0.47273
0.044373 0.0375 0.48716
0.053471 0.0375 0.47248
0.059508 0.0375 0.49074
0.038724 0.0375 0.5066
0.038386 0.0375 0.52735
0.055954 0.0375 0.50856
0.060485 0.0375 0.52641
0.046057 0.0375 0.53866
0.043573 0.0375 0.5639
0.062561 0.0375 0.53714
0.061093 0.0375 0.55749
0.037282 0.0375 0.57494
0.036066 0.0375 0.59704
0.052558 0.0375 0.57353
0.054544 0.0375 0.59336
0.044148 0.0375 0.60179
0.036384 0.0375 0.62868
0.052341 0.0375 0.60776
0.0586 0.0375 0.62034
0.052141 0.0375 0.64798
0.054177 0.0375 0.65986
0.04799 0.0375 0.67169
0.053221 0.0375 0.66985
0.05896 0.0375 0.68735
0.036071 0.0375 0.72859
0.060625 0.0375 0.71176
0.052152 0.0375 0.72129
0.043707 0.0375 0.74492
0.03713 0.0375 0.76049
0.059581 0.0375 0.74162
0.052383 0.0375 0.75859
0.040946 0.0375 0.77107
0.037285 0.0375 0.79753
0.058569 0.0375 0.77955
0.056581 0.0375 0.78936
0.039828 0.037501 0.8244
0.053066 0.0375 0.81236
0.058699 0.037501 0.82984
0.038105 0.037501 0.84154
0.035043 0.037501 0.86052
0.053949 0.037501 0.83584
0.0563 0.037501 0.85845
0.035605 0.037502 0.87036
0.045228 0.037503 0.8919
0.058262 0.037502 0.8778
0.056713 0.037503 0.88808
0.041985 0.037505 0.91166
0.037077 0.036781 0.95622
0.05859 0.037492 0.94478
0.061015 0.037 0.9542
0.079756 0.0375 0.0455
0.075593 0.0375 0.06016
0.078647 0.0375 0.089291
0.094992 0.0375 0.074689
0.092312 0.0375 0.089265
0.071717 0.0375 0.10766
0.07283 0.0375 0.13089
0.0858 0.0375 0.11018
0.090078 0.0375 0.12388
0.070321 0.0375 0.14196
0.090223 0.0375 0.13828
0.093702 0.0375 0.16004
0.072576 0.0375 0.17821
0.068586 0.0375 0.19328
0.095281 0.0375 0.17804
0.095864 0.0375 0.19347
0.078004 0.0375 0.20839
0.076685 0.0375 0.22546
0.089735 0.0375 0.21358
0.098233 0.0375 0.22943
0.070419 0.0375 0.24675
0.073075 0.0375 0.25321
0.086569 0.0375 0.24737
0.091113 0.0375 0.25564
0.077044 0.0375 0.27618
0.076222 0.0375 0.29355
0.097037 0.0375 0.2763
0.069312 0.0375 0.31014
0.069856 0.0375 0.32914
0.094631 0.0375 0.30876
0.092713 0.0375 0.32986
0.072929 0.0375 0.34812
0.091894 0.0375 0.34418
0.090703 0.0375 0.35902
0.077729 0.0375 0.38159
0.09405 0.0375 0.37523
0.098067 0.0375 0.38683
0.071421 0.0375 0.41247
0.075877 0.0375 0.42548
0.096697 0.0375 0.4148
0.089545 0.0375 0.42117
0.071637 0.0375 0.44694
0.087097 0.0375 0.43919
0.088642 0.0375 0.45763
0.076844 0.0375 0.47496
0.081217 0.0375 0.48523
0.093912 0.0375 0.48074
0.093014 0.0375 0.49131
0.071474 0.0375 0.50248
0.088661 0.0375 0.51905
0.079874 0.0375 0.53528
0.074343 0.0375 0.56272
0.085439 0.0375 0.56038
0.07626 0.0375 0.5687
0.071415 0.0375 0.59678
0.088579 0.0375 0.56886
0.091189 0.0375 0.59203
0.076184 0.0375 0.62604
0.092667 0.0375 0.60934
0.097829 0.0375 0.61853
0.074677 0.0375 0.63894
0.094953 0.0375 0.66156
0.069534 0.0375 0.67831
0.087971 0.0375 0.67056
0.090992 0.0375 0.69005
0.077559 0.0375 0.70804
0.068559 0.0375 0.72909
0.092481 0.0375 0.72047
0.072011 0.0375 0.74176
0.077003 0.0375 0.75409
0.08941 0.0375 0.73769
0.086182 0.0375 0.75882
0.072144 0.0375 0.77014
0.07363 0.0375 0.7962
0.095245 0.0375 0.7816
0.072879 0.0375 0.81333
0.08079 0.037501 0.82086
0.093822 0.0375 0.80396
0.090767 0.037501 0.82986
0.075156 0.037501 0.84009
0.074992 0.037501 0.85983
0.090456 0.037501 0.86368
0.077084 0.037502 0.88126
0.08899 0.037502 0.87213
0.08567 0.037503 0.88908
0.071648 0.037504 0.90898
0.077157 0.037503 0.9306
0.089408 0.037504 0.90177
0.071454 0.0375 0.93849
0.08625 0.037504 0.9472
0.11148 0.0375 0.039169
0.10685 0.0375 0.057972
0.12767 0.0375 0.037997
0.12308 0.0375 0.052701
0.10362 0.0375 0.069222
0.10813 0.0375 0.095778
0.12544 0.0375 0.098096
0.10657 0.0375 0.11209
0.11493 0.0375 0.13085
0.12648 0.0375 0.12029
0.10873 0.0375 0.14351
0.10379 0.0375 0.15842
0.12823 0.0375 0.15853
0.10903 0.0375 0.17564
0.10784 0.0375 0.19062
0.12918 0.0375 0.16977
0.12051 0.0375 0.19692
0.11457 0.0375 0.22032
0.11943 0.0375 0.20429
0.11876 0.0375 0.2309
0.10742 0.0375 0.24211
0.10243 0.0375 0.25998
0.12273 0.0375 0.24145
0.10862 0.0375 0.27769
0.10844 0.0375 0.29045
0.12284 0.0375 0.28151
0.13123 0.0375 0.28825
0.1092 0.0375 0.30807
0.11018 0.0375 0.33054
0.13117 0.0375 0.3139
0.11952 0.0375 0.32239
0.10698 0.0375 0.33828
0.10845 0.0375 0.36277
0.11935 0.0375 0.35789
0.10249 0.0375 0.36967
0.12024 0.0375 0.37421
0.12719 0.0375 0.3978
0.10672 0.0375 0.40201
0.10706 0.0375 0.42822
0.11873 0.0375 0.42853
0.10319 0.0375 0.44022
0.10446 0.0375 0.45178
0.11978 0.0375 0.4467
0.12176 0.0375 0.45883
0.10366 0.0375 0.47189
0.11258 0.0375 0.48794
0.12294 0.0375 0.4734
0.12912 0.0375 0.48995
0.10854 0.0375 0.50347
0.10347 0.0375 0.52444
0.12569 0.0375 0.52463
0.10991 0.0375 0.5366
0.10488 0.0375 0.5574
0.12771 0.0375 0.54153
0.10247 0.0375 0.57951
0.10465 0.0375 0.59217
0.12362 0.0375 0.5731
0.1246 0.0375 0.59743
0.11263 0.0375 0.61315
0.11262 0.0375 0.62292
0.12986 0.0375 0.6277
0.1093 0.0375 0.64174
0.10873 0.0375 0.65461
0.12305 0.0375 0.63616
0.1195 0.0375 0.66313
0.1072 0.0375 0.67976
0.12495 0.0375 0.67926
0.10937 0.0375 0.72491
0.12933 0.0375 0.70298
0.13018 0.0375 0.73045
0.1035 0.0375 0.73596
0.10746 0.0375 0.75245
0.12212 0.0375 0.76059
0.10877 0.0375 0.77184
0.12988 0.0375 0.77568
0.11931 0.0375 0.78806
0.11002 0.037501 0.8274
0.11917 0.0375 0.8022
0.12227 0.037501 0.83137
0.11132 0.037501 0.83745
0.12732 0.037501 0.84074
0.12707 0.037501 0.85459
0.10952 0.037502 0.87476
0.11321 0.037503 0.89159
0.12976 0.037502 0.88157
0.1232 0.037504 0.8965
0.10408 0.037505 0.90911
0.12249 0.037506 0.91143
0.12091 0.037502 0.92494
0.10567 0.037498 0.93825
0.13073 0.037488 0.94629
0.12914 0.036001 0.96456
0.14303 0.0375 0.039953
0.15857 0.0375 0.035316
0.16022 0.0375 0.053859
0.13567 0.0375 0.077302
0.14105 0.0375 0.096937
0.15393 0.0375 0.072961
0.15833 0.0375 0.09197
0.14065 0.0375 0.10823
0.1423 0.0375 0.11981
0.1529 0.0375 0.11299
0.15724 0.0375 0.11869
0.13573 0.0375 0.14019
0.13682 0.0375 0.16227
0.16159 0.0375 0.15587
0.13541 0.0375 0.18142
0.15953 0.0375 0.17593
0.15832 0.0375 0.18774
0.13807 0.0375 0.20907
0.14417 0.0375 0.22927
0.16124 0.0375 0.21054
0.13731 0.0375 0.24201
0.14751 0.0375 0.2576
0.15326 0.0375 0.23508
0.16123 0.0375 0.26395
0.14012 0.0375 0.27198
0.13974 0.0375 0.29412
0.15852 0.0375 0.27195
0.15537 0.0375 0.29103
0.14773 0.0375 0.30822
0.13548 0.0375 0.319
0.16113 0.0375 0.30259
0.15347 0.0375 0.32569
0.13848 0.0375 0.34746
0.148 0.0375 0.35429
0.15855 0.0375 0.3364
0.14526 0.0375 0.37835
0.1395 0.0375 0.38694
0.1633 0.0375 0.38148
0.13688 0.0375 0.42433
0.15201 0.0375 0.42794
0.14511 0.0375 0.44303
0.13803 0.0375 0.45639
0.15766 0.0375 0.44593
0.15602 0.0375 0.45546
0.13897 0.0375 0.47153
0.13714 0.0375 0.48743
0.15842 0.0375 0.47421
0.14701 0.0375 0.50969
0.14614 0.0375 0.52325
0.1649 0.0375 0.50186
0.13912 0.0375 0.54374
0.14586 0.0375 0.5646
0.15411 0.0375 0.54778
0.1639 0.0375 0.55199
0.14628 0.0375 0.58038
0.14054 0.0375 0.59276
0.16191 0.0375 0.58002
0.16028 0.0375 0.59194
0.13929 0.0375 0.60939
0.14175 0.0375 0.62646
0.16154 0.0375 0.61364
0.15639 0.0375 0.6237
0.14444 0.0375 0.65729
0.16468 0.0375 0.64227
0.15425 0.0375 0.65841
0.14155 0.0375 0.67037
0.14708 0.0375 0.69072
0.15197 0.0375 0.67397
0.15377 0.0375 0.69815
0.1351 0.0375 0.70204
0.14596 0.0375 0.72979
0.15809 0.0375 0.7045
0.15291 0.0375 0.72954
0.14562 0.0375 0.7454
0.1389 0.0375 0.76297
0.15845 0.0375 0.73602
0.16168 0.0375 0.75259
0.14133 0.0375 0.79029
0.15519 0.0375 0.77329
0.15625 0.0375 0.79592
0.14662 0.0375 0.80438
0.14377 0.037501 0.82592
0.16499 0.037501 0.81186
0.15713 0.037501 0.82618
0.14173 0.037501 0.8454
0.14822 0.037502 0.86074
0.16148 0.037501 0.84409
0.16146 0.037502 0.85991
0.13812 0.037502 0.87531
0.15808 0.037502 0.8795
0.15643 0.037505 0.89665
0.13611 0.037506 0.90829
0.1411 0.0375 0.92805
0.15846 0.037507 0.91036
0.15602 0.037502 0.92492
0.1373 0.037181 0.95248
0.15973 0.037492 0.94062
0.15937 0.036275 0.96141
0.17235 0.0375 0.045135
0.17932 0.0375 0.061902
0.18863 0.0375 0.045852
0.18766 0.0375 0.055678
0.17216 0.0375 0.077447
0.176 0.0375 0.093558
0.19127 0.0375 0.079073
0.19103 0.0375 0.094732
0.17139 0.0375 0.10785
0.17572 0.0375 0.13129
0.18576 0.0375 0.10939
0.19278 0.0375 0.12035
0.17436 0.0375 0.14348
0.18124 0.0375 0.15711
0.18932 0.0375 0.14828
0.19376 0.0375 0.15365
0.18118 0.0375 0.19736
0.19273 0.0375 0.17582
0.18828 0.0375 0.19273
0.1776 0.0375 0.23107
0.18974 0.0375 0.20574
0.18913 0.0375 0.22442
0.1755 0.0375 0.24363
0.178 0.0375 0.26199
0.18996 0.0375 0.25392
0.19157 0.0375 0.27555
0.18753 0.0375 0.29392
0.16992 0.0375 0.30197
0.17691 0.0375 0.31928
0.19044 0.0375 0.31378
0.19346 0.0375 0.33068
0.16992 0.0375 0.3466
0.17299 0.0375 0.35351
0.18747 0.0375 0.34228
0.19086 0.0375 0.35185
0.18019 0.0375 0.37617
0.19065 0.0375 0.37929
0.18812 0.0375 0.39599
0.1776 0.0375 0.42962
0.19702 0.0375 0.40809
0.19804 0.0375 0.4267
0.17747 0.0375 0.44213
0.17884 0.0375 0.45651
0.19414 0.0375 0.43975
0.1884 0.0375 0.46295
0.17599 0.0375 0.48851
0.1909 0.0375 0.48048
0.19412 0.0375 0.48826
0.17445 0.0375 0.50307
0.17372 0.0375 0.52911
0.1957 0.0375 0.50906
0.19266 0.0375 0.52905
0.17366 0.0375 0.54327
0.18678 0.0375 0.55945
0.18061 0.0375 0.57592
0.16999 0.0375 0.58869
0.19321 0.0375 0.58143
0.18691 0.0375 0.5935
0.17912 0.0375 0.60474
0.17191 0.0375 0.62591
0.18728 0.0375 0.60276
0.18661 0.0375 0.62144
0.17173 0.0375 0.64414
0.17354 0.0375 0.65391
0.1975 0.0375 0.64746
0.19753 0.0375 0.65896
0.17316 0.0375 0.67174
0.17165 0.0375 0.68767
0.1863 0.0375 0.66932
0.18871 0.0375 0.68919
0.17733 0.0375 0.71482
0.17376 0.0375 0.72663
0.18806 0.0375 0.70223
0.18793 0.0375 0.73126
0.17988 0.0375 0.74607
0.17277 0.0375 0.75391
0.18876 0.0375 0.74524
0.17137 0.0375 0.78928
0.19243 0.0375 0.76871
0.19138 0.0375 0.79548
0.17652 0.0375 0.80415
0.18967 0.037501 0.81188
0.19118 0.037501 0.8269
0.18075 0.037501 0.83757
0.17154 0.037501 0.85438
0.18978 0.037501 0.84451
0.1878 0.037501 0.85169
0.16959 0.037502 0.87395
0.16943 0.037504 0.89066
0.1955 0.037502 0.86852
0.19455 0.037504 0.88847
0.17131 0.037501 0.92877
0.18638 0.037502 0.92982
0.18091 0.03707 0.95352
0.18801 0.037496 0.93836
0.19313 0.036797 0.95603
0.20329 0.0375 0.044587
0.21158 0.0375 0.059184
0.22503 0.0375 0.035022
0.22312 0.0375 0.05693
0.21028 0.0375 0.069578
0.20705 0.0375 0.089881
0.22763 0.0375 0.071846
0.22428 0.0375 0.094844
0.21278 0.0375 0.1023
0.20695 0.0375 0.12896
0.22951 0.0375 0.103
0.2214 0.0375 0.12345
0.20602 0.0375 0.14456
0.2019 0.0375 0.17679
0.21237 0.0375 0.19334
0.22843 0.0375 0.17599
0.23096 0.0375 0.18718
0.20769 0.0375 0.20421
0.22516 0.0375 0.20417
0.21387 0.0375 0.24279
0.22755 0.0375 0.23758
0.22535 0.0375 0.26147
0.20734 0.0375 0.27796
0.20242 0.0375 0.28623
0.22581 0.0375 0.27227
0.21928 0.0375 0.29044
0.21148 0.0375 0.31131
0.20995 0.0375 0.33144
0.21856 0.0375 0.31995
0.20337 0.0375 0.33722
0.20918 0.0375 0.36012
0.22006 0.0375 0.33689
0.23026 0.0375 0.35456
0.2133 0.0375 0.36997
0.211 0.0375 0.38759
0.2254 0.0375 0.36878
0.22003 0.0375 0.3944
0.21036 0.0375 0.41204
0.21943 0.0375 0.40909
0.21156 0.0375 0.43533
0.20335 0.0375 0.46056
0.22643 0.0375 0.43736
0.22767 0.0375 0.45508
0.21027 0.0375 0.47219
0.21433 0.0375 0.49162
0.21894 0.0375 0.47983
0.22433 0.0375 0.49236
0.20961 0.0375 0.51111
0.21178 0.0375 0.52316
0.2123 0.0375 0.5386
0.21273 0.0375 0.55192
0.22471 0.0375 0.55248
0.20699 0.0375 0.58086
0.20239 0.0375 0.59271
0.22536 0.0375 0.57843
0.22472 0.0375 0.58514
0.20253 0.0375 0.60489
0.20354 0.0375 0.62921
0.22855 0.0375 0.62831
0.20324 0.0375 0.64558
0.21272 0.0375 0.65184
0.22743 0.0375 0.63699
0.21226 0.0375 0.67018
0.20538 0.0375 0.69246
0.22337 0.0375 0.6712
0.2209 0.0375 0.69332
0.20389 0.0375 0.70635
0.20297 0.0375 0.72553
0.22096 0.0375 0.70777
0.22272 0.0375 0.71895
0.20587 0.0375 0.75773
0.22269 0.0375 0.74559
0.20464 0.0375 0.77956
0.2114 0.0375 0.79134
0.22292 0.0375 0.77018
0.20546 0.037501 0.83058
0.2286 0.037501 0.81424
0.2252 0.037501 0.82911
0.20584 0.037501 0.84505
0.20915 0.037502 0.85866
0.2236 0.037501 0.83576
0.22467 0.037502 0.85766
0.20799 0.037502 0.87439
0.21025 0.037505 0.89211
0.22079 0.037502 0.87594
0.22546 0.037505 0.89497
0.2141 0.0375 0.927
0.22511 0.037509 0.91309
0.20219 0.037486 0.94677
0.21359 0.036169 0.96259
0.2217 0.037485 0.94243
0.2221 0.036683 0.95704
0.2356 0.0375 0.035033
0.23924 0.0375 0.062075
0.25288 0.0375 0.042684
0.26103 0.0375 0.056706
0.24096 0.0375 0.068388
0.23731 0.0375 0.085554
0.25697 0.0375 0.076717
0.2603 0.0375 0.086397
0.24711 0.0375 0.1206
0.25681 0.0375 0.1026
0.25251 0.0375 0.12753
0.23685 0.0375 0.14624
0.25601 0.0375 0.14092
0.2621 0.0375 0.15781
0.23757 0.0375 0.1783
0.24797 0.0375 0.19356
0.25509 0.0375 0.17857
0.26122 0.0375 0.1883
0.24134 0.0375 0.21314
0.23522 0.0375 0.23143
0.25807 0.0375 0.20834
0.23511 0.0375 0.24667
0.2423 0.0375 0.25239
0.24445 0.0375 0.2761
0.24366 0.0375 0.29672
0.26283 0.0375 0.28663
0.26233 0.0375 0.31132
0.25954 0.0375 0.32599
0.23857 0.0375 0.35789
0.25733 0.0375 0.34682
0.26431 0.0375 0.364
0.24268 0.0375 0.36964
0.25587 0.0375 0.3758
0.25193 0.0375 0.38966
0.23633 0.0375 0.40849
0.24773 0.0375 0.42198
0.25631 0.0375 0.40253
0.24312 0.0375 0.43593
0.242 0.0375 0.45493
0.26188 0.0375 0.43957
0.25887 0.0375 0.4584
0.23781 0.0375 0.47847
0.2547 0.0375 0.47432
0.26356 0.0375 0.48862
0.25298 0.0375 0.50687
0.25756 0.0375 0.52975
0.24431 0.0375 0.54431
0.23698 0.0375 0.56123
0.24436 0.0375 0.58669
0.25411 0.0375 0.59289
0.24794 0.0375 0.60485
0.24277 0.0375 0.63114
0.25433 0.0375 0.60884
0.25786 0.0375 0.62633
0.23787 0.0375 0.64575
0.24594 0.0375 0.65597
0.25652 0.0375 0.64752
0.25696 0.0375 0.66183
0.24487 0.0375 0.6788
0.2632 0.0375 0.68664
0.24322 0.0375 0.71457
0.2556 0.0375 0.70509
0.25611 0.0375 0.72464
0.2419 0.0375 0.73832
0.23859 0.0375 0.75605
0.25645 0.0375 0.74346
0.2648 0.0375 0.76025
0.2354 0.0375 0.77656
0.24354 0.0375 0.78911
0.26011 0.0375 0.76998
0.2436 0.0375 0.80505
0.26139 0.0375 0.80635
0.25446 0.037501 0.82609
0.24407 0.037501 0.84238
0.23932 0.037502 0.85836
0.23757 0.037503 0.877
0.23634 0.037503 0.8866
0.25932 0.037502 0.87511
0.24637 0.037508 0.91162
0.23695 0.037499 0.92815
0.25243 0.037506 0.9022
0.26091 0.037498 0.9302
0.24392 0.036286 0.96125
0.2561 0.037494 0.93583
0.27721 0.0375 0.057132
0.29739 0.0375 0.061856
0.27905 0.0375 0.080935
0.27243 0.0375 0.096114
0.296 0.0375 0.075516
0.27357 0.0375 0.11142
0.29288 0.0375 0.10642
0.28831 0.0375 0.12581
0.2745 0.0375 0.13918
0.27223 0.0375 0.16041
0.29586 0.0375 0.14122
0.29773 0.0375 0.16181
0.26886 0.0375 0.17358
0.27438 0.0375 0.18685
0.29011 0.0375 0.19758
0.2782 0.0375 0.22096
0.29259 0.0375 0.20289
0.29107 0.0375 0.22878
0.27506 0.0375 0.26498
0.29191 0.0375 0.24366
0.29413 0.0375 0.26308
0.28855 0.0375 0.27083
0.27038 0.0375 0.31304
0.27351 0.0375 0.3223
0.298 0.0375 0.32619
0.27105 0.0375 0.34193
0.2773 0.0375 0.36482
0.28601 0.0375 0.34774
0.28973 0.0375 0.36051
0.27557 0.0375 0.37079
0.27633 0.0375 0.39011
0.29284 0.0375 0.38164
0.27431 0.0375 0.41005
0.27184 0.0375 0.42452
0.29218 0.0375 0.41494
0.28712 0.0375 0.42972
0.27054 0.0375 0.4637
0.28546 0.0375 0.43756
0.296 0.0375 0.4564
0.26983 0.0375 0.47672
0.27631 0.0375 0.49201
0.29429 0.0375 0.48833
0.27545 0.0375 0.5107
0.28775 0.0375 0.5311
0.27831 0.0375 0.53654
0.27626 0.0375 0.5646
0.28774 0.0375 0.54613
0.29772 0.0375 0.5554
0.28056 0.0375 0.57062
0.27126 0.0375 0.59639
0.28962 0.0375 0.57287
0.28924 0.0375 0.58522
0.27572 0.0375 0.60718
0.27453 0.0375 0.62608
0.29124 0.0375 0.622
0.27605 0.0375 0.64446
0.27321 0.0375 0.66055
0.28945 0.0375 0.64409
0.29128 0.0375 0.66106
0.27247 0.0375 0.66905
0.27958 0.0375 0.69018
0.29741 0.0375 0.66972
0.29109 0.0375 0.69674
0.27579 0.0375 0.71144
0.27916 0.0375 0.71936
0.29704 0.0375 0.72218
0.2811 0.0375 0.74685
0.27677 0.0375 0.76372
0.29612 0.0375 0.73886
0.27069 0.0375 0.77169
0.27837 0.0375 0.78985
0.29638 0.0375 0.77588
0.29192 0.0375 0.79379
0.29318 0.037501 0.8113
0.28568 0.037501 0.82697
0.27805 0.037501 0.84486
0.29649 0.037501 0.84215
0.28838 0.037502 0.85744
0.27189 0.037502 0.87941
0.28145 0.037504 0.89191
0.29303 0.037502 0.87869
0.28594 0.037504 0.89296
0.29714 0.037506 0.90902
0.29461 0.037503 0.92579
0.27745 0.037486 0.94619
0.28015 0.036867 0.95532
0.29743 0.037498 0.93571
0.28559 0.036389 0.96019
0.30342 0.0375 0.045767
0.30689 0.0375 0.059323
0.32962 0.0375 0.044613
0.3308 0.0375 0.059138
0.30548 0.0375 0.081156
0.30951 0.0375 0.088863
0.32569 0.0375 0.071437
0.32186 0.0375 0.09569
0.30771 0.0375 0.11039
0.30574 0.0375 0.12861
0.33005 0.0375 0.10557
0.32076 0.0375 0.12642
0.30452 0.0375 0.14735
0.30786 0.0375 0.15895
0.32409 0.0375 0.14629
0.3251 0.0375 0.15586
0.30618 0.0375 0.18064
0.30941 0.0375 0.19558
0.32578 0.0375 0.17497
0.31128 0.0375 0.22577
0.33121 0.0375 0.21197
0.33005 0.0375 0.22025
0.30305 0.0375 0.24692
0.3101 0.0375 0.25752
0.32018 0.0375 0.26233
0.30913 0.0375 0.27078
0.30355 0.0375 0.29425
0.31876 0.0375 0.27042
0.32427 0.0375 0.28851
0.30471 0.0375 0.3136
0.30489 0.0375 0.3226
0.3214 0.0375 0.31414
0.32218 0.0375 0.32156
0.31061 0.0375 0.33906
0.30239 0.0375 0.36314
0.32321 0.0375 0.34588
0.33049 0.0375 0.36201
0.30736 0.0375 0.36857
0.30368 0.0375 0.39617
0.31959 0.0375 0.37811
0.32894 0.0375 0.39295
0.30406 0.0375 0.41398
0.31343 0.0375 0.42325
0.32022 0.0375 0.41128
0.32606 0.0375 0.42698
0.30724 0.0375 0.4433
0.30431 0.0375 0.46181
0.32698 0.0375 0.4418
0.32969 0.0375 0.45256
0.31297 0.0375 0.48675
0.32498 0.0375 0.47661
0.31959 0.0375 0.49527
0.31361 0.0375 0.50583
0.30467 0.0375 0.51973
0.33135 0.0375 0.50702
0.31841 0.0375 0.5364
0.3221 0.0375 0.557
0.30462 0.0375 0.57351
0.32925 0.0375 0.58743
0.30171 0.0375 0.6126
0.30453 0.0375 0.62539
0.33121 0.0375 0.62097
0.32671 0.0375 0.64816
0.32884 0.0375 0.66256
0.33091 0.0375 0.6942
0.3301 0.0375 0.71324
0.32329 0.0375 0.72543
0.30862 0.0375 0.73522
0.31402 0.0375 0.75514
0.32562 0.0375 0.74195
0.32336 0.0375 0.76025
0.3136 0.0375 0.77558
0.3057 0.0375 0.78939
0.32044 0.0375 0.77983
0.32047 0.0375 0.79669
0.30401 0.0375 0.80318
0.322 0.037501 0.82453
0.30538 0.037501 0.83933
0.31151 0.037501 0.85723
0.30393 0.037502 0.8812
0.31161 0.037503 0.88919
0.32365 0.037502 0.87021
0.3217 0.037504 0.8958
0.30475 0.037506 0.91241
0.31409 0.037505 0.92875
0.33087 0.037505 0.90526
0.32183 0.037505 0.92241
0.30577 0.037498 0.94535
0.32411 0.037499 0.94256
0.34101 0.0375 0.040913
0.34009 0.0375 0.056463
0.36467 0.0375 0.041032
0.35405 0.0375 0.052026
0.34054 0.0375 0.074847
0.34009 0.0375 0.087705
0.35542 0.0375 0.085529
0.34208 0.0375 0.10718
0.3372 0.0375 0.12524
0.35677 0.0375 0.12454
0.34018 0.0375 0.14289
0.3445 0.0375 0.15561
0.35635 0.0375 0.14516
0.36318 0.0375 0.15405
0.34525 0.0375 0.17397
0.34539 0.0375 0.18512
0.35232 0.0375 0.16963
0.35749 0.0375 0.18531
0.33865 0.0375 0.20504
0.33775 0.0375 0.2259
0.3541 0.0375 0.20459
0.34526 0.0375 0.2395
0.34116 0.0375 0.26311
0.35575 0.0375 0.24261
0.36326 0.0375 0.25913
0.347 0.0375 0.28017
0.34474 0.0375 0.29047
0.36214 0.0375 0.27794
0.35472 0.0375 0.28611
0.33915 0.0375 0.30482
0.34172 0.0375 0.32846
0.35591 0.0375 0.30488
0.35248 0.0375 0.32857
0.34694 0.0375 0.33591
0.33733 0.0375 0.35558
0.35253 0.0375 0.34562
0.36415 0.0375 0.37815
0.36317 0.0375 0.39611
0.34142 0.0375 0.41237
0.34049 0.0375 0.42823
0.35354 0.0375 0.40682
0.34468 0.0375 0.44234
0.35879 0.0375 0.43999
0.33555 0.0375 0.47824
0.34246 0.0375 0.49715
0.36104 0.0375 0.49236
0.34736 0.0375 0.50553
0.35286 0.0375 0.50576
0.36483 0.0375 0.52627
0.33507 0.0375 0.56009
0.36226 0.0375 0.53803
0.35597 0.0375 0.5568
0.34766 0.0375 0.58043
0.33724 0.0375 0.59822
0.33756 0.0375 0.60613
0.34209 0.0375 0.62321
0.36106 0.0375 0.60276
0.36485 0.0375 0.61854
0.34787 0.0375 0.64754
0.33635 0.0375 0.66263
0.36137 0.0375 0.64256
0.35579 0.0375 0.65937
0.33827 0.0375 0.68936
0.35718 0.0375 0.67198
0.36137 0.0375 0.69583
0.33526 0.0375 0.70693
0.34285 0.0375 0.72029
0.35858 0.0375 0.7078
0.35222 0.0375 0.73037
0.34154 0.0375 0.73668
0.34241 0.0375 0.76372
0.35462 0.0375 0.74175
0.35725 0.0375 0.75863
0.35522 0.0375 0.77579
0.35592 0.0375 0.79828
0.34711 0.0375 0.81132
0.33632 0.037501 0.81889
0.35637 0.037501 0.82271
0.34659 0.037501 0.84118
0.34425 0.037501 0.85825
0.3635 0.037501 0.83513
0.36246 0.037501 0.85916
0.33856 0.037502 0.87725
0.3418 0.037504 0.89139
0.35473 0.037503 0.88603
0.34682 0.037506 0.90902
0.3401 0.0375 0.92661
0.35449 0.037507 0.9121
0.35442 0.037501 0.92364
0.34625 0.037489 0.9381
0.33799 0.03656 0.95834
0.36109 0.037491 0.93793
0.35309 0.03617 0.96257
0.37148 0.0375 0.035167
0.3811 0.0375 0.056691
0.38987 0.0375 0.041133
0.39095 0.0375 0.071437
0.39466 0.0375 0.093771
0.37109 0.0375 0.10635
0.38137 0.0375 0.11958
0.39394 0.0375 0.11026
0.38876 0.0375 0.11903
0.37109 0.0375 0.14814
0.37261 0.0375 0.16193
0.3944 0.0375 0.14192
0.37905 0.0375 0.17256
0.37393 0.0375 0.18509
0.39437 0.0375 0.19676
0.37517 0.0375 0.20426
0.37861 0.0375 0.22184
0.38996 0.0375 0.21043
0.38995 0.0375 0.2207
0.37498 0.0375 0.24716
0.37302 0.0375 0.25919
0.39818 0.0375 0.23954
0.39576 0.0375 0.26358
0.37257 0.0375 0.27473
0.37272 0.0375 0.29789
0.39623 0.0375 0.28111
0.38535 0.0375 0.29592
0.3802 0.0375 0.32165
0.39294 0.0375 0.30978
0.39227 0.0375 0.31993
0.36962 0.0375 0.33658
0.37604 0.0375 0.35808
0.37196 0.0375 0.3888
0.39245 0.0375 0.37041
0.37977 0.0375 0.40885
0.3895 0.0375 0.40888
0.38752 0.0375 0.42155
0.37903 0.0375 0.44821
0.38064 0.0375 0.45872
0.38542 0.0375 0.4405
0.38933 0.0375 0.46462
0.37084 0.0375 0.48008
0.39325 0.0375 0.49192
0.37308 0.0375 0.51073
0.37885 0.0375 0.53047
0.39049 0.0375 0.50793
0.38604 0.0375 0.53078
0.37991 0.0375 0.54775
0.37086 0.0375 0.56074
0.36915 0.0375 0.57922
0.36895 0.0375 0.59656
0.38747 0.0375 0.57287
0.39289 0.0375 0.59491
0.37194 0.0375 0.61482
0.37099 0.0375 0.62355
0.38618 0.0375 0.61298
0.39014 0.0375 0.62391
0.36885 0.0375 0.64338
0.37021 0.0375 0.66463
0.39645 0.0375 0.64035
0.39659 0.0375 0.65225
0.37008 0.0375 0.67672
0.38694 0.0375 0.66853
0.39052 0.0375 0.69161
0.38152 0.0375 0.72641
0.39707 0.0375 0.70558
0.39026 0.0375 0.72716
0.37803 0.0375 0.74725
0.36952 0.0375 0.75353
0.38593 0.0375 0.74387
0.38094 0.0375 0.77721
0.37826 0.0375 0.79614
0.38758 0.0375 0.7722
0.37753 0.0375 0.80616
0.37109 0.037501 0.82825
0.37418 0.037501 0.83645
0.37274 0.037501 0.85413
0.38814 0.037501 0.8368
0.38951 0.037501 0.86224
0.37524 0.037502 0.87439
0.37079 0.037504 0.89396
0.39238 0.037504 0.89763
0.37472 0.037506 0.90891
0.38149 0.037503 0.92813
0.38796 0.037505 0.90836
0.39501 0.037501 0.93081
0.37861 0.037497 0.94153
0.3727 0.03702 0.95398
0.39153 0.037498 0.94229
0.39764 0.036931 0.95482
0.41451 0.0375 0.036703
0.42004 0.0375 0.04152
0.42102 0.0375 0.064647
0.40482 0.0375 0.081367
0.42612 0.0375 0.073587
0.43124 0.0375 0.094779
0.41443 0.0375 0.10856
0.40498 0.0375 0.12004
0.42167 0.0375 0.10617
0.42151 0.0375 0.1274
0.41155 0.0375 0.14715
0.4067 0.0375 0.16385
0.42619 0.0375 0.15497
0.41004 0.0375 0.1733
0.40902 0.0375 0.19465
0.42097 0.0375 0.18002
0.42323 0.0375 0.18705
0.41415 0.0375 0.23118
0.4254 0.0375 0.2109
0.43052 0.0375 0.21864
0.40168 0.0375 0.24546
0.4131 0.0375 0.26476
0.4308 0.0375 0.23701
0.4121 0.0375 0.28048
0.4083 0.0375 0.28956
0.43067 0.0375 0.29521
0.41471 0.0375 0.31254
0.4069 0.0375 0.32489
0.42784 0.0375 0.30309
0.42358 0.0375 0.31941
0.40863 0.0375 0.34452
0.41336 0.0375 0.3597
0.42714 0.0375 0.33925
0.42149 0.0375 0.36438
0.40929 0.0375 0.3904
0.42816 0.0375 0.3731
0.40207 0.0375 0.41064
0.40483 0.0375 0.42846
0.42856 0.0375 0.41218
0.42478 0.0375 0.42615
0.41066 0.0375 0.44533
0.41339 0.0375 0.45938
0.42523 0.0375 0.43688
0.40283 0.0375 0.47438
0.40388 0.0375 0.49224
0.42505 0.0375 0.47306
0.41964 0.0375 0.49755
0.41128 0.0375 0.50229
0.40584 0.0375 0.52022
0.42784 0.0375 0.50417
0.42191 0.0375 0.52378
0.40805 0.0375 0.54746
0.42544 0.0375 0.55255
0.40498 0.0375 0.58544
0.42451 0.0375 0.59754
0.40494 0.0375 0.60834
0.40797 0.0375 0.63119
0.42225 0.0375 0.61015
0.4084 0.0375 0.6416
0.41253 0.0375 0.65511
0.42185 0.0375 0.64027
0.42962 0.0375 0.65237
0.40308 0.0375 0.67625
0.40877 0.0375 0.68619
0.42959 0.0375 0.67494
0.42943 0.0375 0.69172
0.41293 0.0375 0.70869
0.40741 0.0375 0.7219
0.42549 0.0375 0.7201
0.40574 0.0375 0.75437
0.42398 0.0375 0.74192
0.4184 0.0375 0.75847
0.40987 0.0375 0.77511
0.4019 0.0375 0.7953
0.42693 0.0375 0.77679
0.42994 0.0375 0.79318
0.41382 0.0375 0.81366
0.43087 0.0375 0.80614
0.41839 0.037501 0.82229
0.40455 0.037501 0.83745
0.42371 0.037501 0.8596
0.41251 0.037502 0.87899
0.40813 0.037504 0.89689
0.42732 0.037502 0.87949
0.42211 0.037503 0.88825
0.40984 0.037505 0.90715
0.40807 0.037501 0.93
0.42718 0.037501 0.92755
0.40278 0.037495 0.94493
0.41836 0.037496 0.93802
0.42799 0.036294 0.96119
0.43774 0.0375 0.041608
0.44351 0.0375 0.061793
0.45693 0.0375 0.045172
0.43768 0.0375 0.072137
0.4382 0.0375 0.092871
0.46485 0.0375 0.080989
0.45855 0.0375 0.096915
0.4351 0.0375 0.12173
0.46237 0.0375 0.104
0.44561 0.0375 0.14255
0.43795 0.0375 0.15824
0.45428 0.0375 0.1447
0.46396 0.0375 0.15978
0.44647 0.0375 0.17233
0.44343 0.0375 0.1936
0.46123 0.0375 0.18011
0.45874 0.0375 0.19729
0.44655 0.0375 0.20861
0.44125 0.0375 0.2209
0.45423 0.0375 0.22875
0.4389 0.0375 0.2417
0.43574 0.0375 0.25743
0.45216 0.0375 0.24059
0.4385 0.0375 0.26873
0.43899 0.0375 0.28527
0.45869 0.0375 0.27968
0.46261 0.0375 0.29354
0.43777 0.0375 0.3021
0.45231 0.0375 0.31463
0.46032 0.0375 0.33032
0.44017 0.0375 0.34077
0.43895 0.0375 0.35891
0.45773 0.0375 0.33797
0.45414 0.0375 0.35296
0.44144 0.0375 0.37179
0.43875 0.0375 0.39645
0.46265 0.0375 0.37389
0.45701 0.0375 0.38756
0.45535 0.0375 0.4134
0.44045 0.0375 0.44386
0.44012 0.0375 0.45916
0.45984 0.0375 0.4406
0.46372 0.0375 0.45884
0.43562 0.0375 0.47082
0.44304 0.0375 0.49011
0.46366 0.0375 0.4962
0.44459 0.0375 0.50662
0.43518 0.0375 0.52159
0.45281 0.0375 0.5086
0.45529 0.0375 0.53025
0.44654 0.0375 0.54695
0.4468 0.0375 0.55738
0.45539 0.0375 0.54342
0.45383 0.0375 0.5545
0.44109 0.0375 0.57981
0.45358 0.0375 0.57078
0.44727 0.0375 0.60462
0.43521 0.0375 0.62547
0.45778 0.0375 0.60913
0.46201 0.0375 0.62373
0.4401 0.0375 0.64493
0.43793 0.0375 0.65655
0.45707 0.0375 0.64471
0.45421 0.0375 0.65541
0.43766 0.0375 0.67827
0.44444 0.0375 0.69345
0.46369 0.0375 0.69281
0.44063 0.0375 0.70983
0.44504 0.0375 0.72774
0.45492 0.0375 0.70861
0.45853 0.0375 0.73049
0.44722 0.0375 0.73846
0.4356 0.0375 0.75992
0.45944 0.0375 0.74372
0.45583 0.0375 0.76096
0.43972 0.0375 0.7745
0.44107 0.0375 0.79654
0.45387 0.0375 0.77813
0.46449 0.0375 0.79795
0.44263 0.0375 0.81943
0.45376 0.0375 0.81355
0.45355 0.037501 0.82296
0.44412 0.037501 0.83631
0.43713 0.037501 0.85963
0.46254 0.037501 0.83706
0.43943 0.037502 0.87
0.44004 0.037503 0.89013
0.45247 0.037502 0.88057
0.46002 0.037503 0.89415
0.44661 0.037506 0.91375
0.44659 0.037501 0.9259
0.45975 0.037506 0.91448
0.45543 0.037499 0.93034
0.44378 0.037489 0.94714
0.46367 0.037494 0.94357
0.45958 0.036116 0.96323
0.46711 0.4377 0.48225
0.46383 0.43927 0.49124
0.46511 0.44004 0.51265
0.46793 0.45372 0.50381
0.48129 0.0375 0.046217
0.47818 0.0375 0.064936
0.49585 0.0375 0.039097
0.48805 0.0375 0.062916
0.47104 0.0375 0.081504
0.47436 0.0375 0.093891
0.49216 0.0375 0.074163
0.49126 0.0375 0.095015
0.48116 0.0375 0.11234
0.47653 0.0375 0.11906
0.48568 0.0375 0.1064
0.49505 0.0375 0.12773
0.47498 0.0375 0.13975
0.49185 0.0375 0.15451
0.47053 0.0375 0.17567
0.47734 0.0375 0.19002
0.48677 0.0375 0.17142
0.47843 0.0375 0.20653
0.47538 0.0375 0.22481
0.48964 0.0375 0.20354
0.48977 0.0375 0.22214
0.47259 0.0375 0.24711
0.4785 0.0375 0.25382
0.48703 0.0375 0.23881
0.49253 0.0375 0.25223
0.46876 0.0375 0.28061
0.48045 0.0375 0.28577
0.49271 0.0375 0.27992
0.49746 0.0375 0.29538
0.47419 0.0375 0.31444
0.4777 0.0375 0.32569
0.48817 0.0375 0.32707
0.47338 0.0375 0.34434
0.47832 0.0375 0.36326
0.48989 0.0375 0.34807
0.49377 0.0375 0.36442
0.47746 0.0375 0.37574
0.48047 0.0375 0.38869
0.49596 0.0375 0.39616
0.47566 0.0375 0.4149
0.48811 0.0375 0.41063
0.49039 0.0375 0.42415
0.47063 0.0375 0.44539
0.4759 0.0375 0.46059
0.48755 0.0375 0.44272
0.49086 0.0375 0.45547
0.47942 0.0375 0.47695
0.495 0.0375 0.49652
0.48053 0.0375 0.50719
0.47127 0.0375 0.52783
0.48811 0.0375 0.52928
0.47848 0.0375 0.54698
0.49481 0.0375 0.53623
0.49761 0.0375 0.55378
0.47067 0.0375 0.57058
0.4748 0.0375 0.58942
0.49421 0.0375 0.5743
0.49786 0.0375 0.59407
0.47397 0.0375 0.60436
0.47218 0.0375 0.63143
0.48676 0.0375 0.60772
0.49591 0.0375 0.6308
0.46958 0.0375 0.63738
0.46957 0.0375 0.65771
0.49765 0.0375 0.64309
0.47562 0.0375 0.67063
0.47281 0.0375 0.69831
0.48507 0.0375 0.67597
0.49173 0.0375 0.69084
0.47712 0.0375 0.71936
0.49177 0.0375 0.70271
0.49296 0.0375 0.72423
0.47706 0.0375 0.74044
0.47845 0.0375 0.75485
0.49395 0.0375 0.74289
0.49542 0.0375 0.75569
0.48017 0.0375 0.76862
0.47113 0.0375 0.79116
0.49182 0.0375 0.79809
0.47905 0.037501 0.82703
0.49396 0.0375 0.80877
0.49186 0.037501 0.82997
0.47711 0.037501 0.84157
0.47937 0.037501 0.85806
0.48622 0.037501 0.85531
0.47632 0.037502 0.87416
0.47366 0.037502 0.88524
0.49428 0.037502 0.87963
0.46966 0.037502 0.92729
0.49123 0.037505 0.90858
0.48647 0.037502 0.92976
0.47631 0.037497 0.94441
0.47629 0.037189 0.95252
0.48753 0.0375 0.93823
0.49516 0.40267 0.48141
0.48107 0.40275 0.5024
0.49013 0.39935 0.50786
0.49346 0.40191 0.51697
0.49224 0.41793 0.46753
0.49586 0.43144 0.46287
0.47463 0.41432 0.48134
0.47367 0.4094 0.49297
0.47418 0.4237 0.47512
0.46931 0.41755 0.48705
0.49695 0.40873 0.47388
0.48478 0.40279 0.48742
0.49483 0.41768 0.46721
0.49338 0.42007 0.49715
0.47907 0.40626 0.51074
0.46513 0.42587 0.51042
0.4788 0.4288 0.53037
0.49797 0.40031 0.51489
0.48794 0.41408 0.52872
0.49152 0.42365 0.51403
0.48502 0.41874 0.5304
0.48046 0.42716 0.53111
0.49659 0.4376 0.46277
0.47656 0.44741 0.47364
0.47669 0.43679 0.49483
0.48204 0.4534 0.47293
0.47153 0.45867 0.49562
0.48642 0.43974 0.46542
0.48579 0.4437 0.4939
0.48811 0.45805 0.47321
0.49396 0.46796 0.48384
0.46875 0.44678 0.51681
0.47004 0.44389 0.52059
0.46877 0.45534 0.50192
0.47978 0.46075 0.5178
0.4855 0.43717 0.50592
0.49395 0.44692 0.5201
0.4964 0.45363 0.50209
0.48762 0.46124 0.52339
0.48058 0.43697 0.53199
0.49221 0.43752 0.53657
0.48979 0.46576 0.48168
0.49254 0.46748 0.51655
0.50744 0.0375 0.045828
0.5253 0.0375 0.047989
0.52434 0.0375 0.058093
0.50675 0.0375 0.072897
0.50688 0.0375 0.090463
0.5295 0.0375 0.069014
0.5236 0.0375 0.090869
0.50219 0.0375 0.1091
0.51195 0.0375 0.12012
0.5272 0.0375 0.11167
0.52257 0.0375 0.11861
0.51483 0.0375 0.14223
0.51263 0.0375 0.15329
0.51899 0.0375 0.14063
0.52044 0.0375 0.16371
0.5103 0.0375 0.16993
0.51496 0.0375 0.18534
0.52871 0.0375 0.18114
0.51888 0.0375 0.18604
0.51437 0.0375 0.21091
0.50232 0.0375 0.21907
0.5274 0.0375 0.20586
0.52973 0.0375 0.2191
0.51171 0.0375 0.24299
0.51013 0.0375 0.25833
0.52318 0.0375 0.24423
0.51979 0.0375 0.26063
0.50461 0.0375 0.29241
0.52398 0.0375 0.27677
0.5206 0.0375 0.28516
0.50529 0.0375 0.30706
0.5135 0.0375 0.32784
0.52841 0.0375 0.30493
0.52981 0.0375 0.32632
0.50501 0.0375 0.34539
0.52931 0.0375 0.34531
0.53107 0.0375 0.35519
0.50218 0.0375 0.39582
0.51991 0.0375 0.37435
0.52804 0.0375 0.39776
0.50546 0.0375 0.41374
0.50622 0.0375 0.42128
0.53053 0.0375 0.42307
0.51292 0.0375 0.44232
0.50849 0.0375 0.45407
0.52105 0.0375 0.44484
0.52442 0.0375 0.4628
0.50914 0.0375 0.47816
0.52708 0.0375 0.47562
0.52134 0.0375 0.49133
0.50277 0.0375 0.50753
0.50723 0.0375 0.52917
0.51963 0.0375 0.5097
0.52935 0.0375 0.52939
0.50306 0.0375 0.56104
0.5225 0.0375 0.55507
0.52569 0.0375 0.57151
0.52272 0.0375 0.58786
0.50533 0.0375 0.62522
0.52268 0.0375 0.60239
0.53013 0.0375 0.62551
0.50694 0.0375 0.6409
0.51327 0.0375 0.65549
0.52743 0.0375 0.64663
0.5311 0.0375 0.65743
0.50848 0.0375 0.67474
0.5029 0.0375 0.68873
0.52094 0.0375 0.6707
0.53163 0.0375 0.68725
0.50221 0.0375 0.71432
0.50829 0.0375 0.72902
0.51896 0.0375 0.73018
0.50693 0.0375 0.74185
0.50801 0.0375 0.75376
0.52586 0.0375 0.7353
0.51926 0.0375 0.7555
0.51424 0.0375 0.76953
0.50487 0.0375 0.79187
0.52647 0.0375 0.77941
0.53107 0.0375 0.79253
0.50642 0.0375 0.80946
0.51181 0.037501 0.81876
0.52348 0.0375 0.8135
0.52392 0.037501 0.8232
0.51068 0.037501 0.85259
0.53147 0.037501 0.85971
0.50911 0.037502 0.87687
0.51464 0.037503 0.89137
0.53022 0.037502 0.87609
0.53099 0.037504 0.89399
0.50171 0.037506 0.9145
0.52023 0.037505 0.91118
0.50426 0.037235 0.95209
0.52744 0.037489 0.9448
0.52537 0.03659 0.95809
0.50476 0.39755 0.49763
0.50598 0.39916 0.51049
0.50546 0.40832 0.47507
0.51582 0.40162 0.49199
0.51798 0.42608 0.4683
0.50174 0.43151 0.48571
0.52959 0.41169 0.49832
0.52787 0.42387 0.47741
0.53656 0.42718 0.49629
0.50979 0.39934 0.50788
0.50247 0.40951 0.52665
0.51495 0.4224 0.51372
0.51401 0.43181 0.53467
0.5222 0.40586 0.50915
0.51973 0.41571 0.52506
0.53643 0.43232 0.50859
0.52756 0.42766 0.52443
0.50485 0.43237 0.53711
0.51124 0.44354 0.46534
0.51206 0.4499 0.46792
0.50414 0.44729 0.49082
0.5086 0.45916 0.47294
0.51187 0.46692 0.48501
0.52755 0.44337 0.4761
0.53242 0.45106 0.49071
0.52547 0.46037 0.49015
0.51358 0.44145 0.5103
0.5103 0.44923 0.53299
0.50982 0.45419 0.50606
0.50578 0.46335 0.52346
0.53279 0.44667 0.51368
0.5249 0.44464 0.5262
0.53065 0.45496 0.50744
0.50349 0.46693 0.4812
0.51 0.46811 0.48629
0.51217 0.46845 0.5108
0.5406 0.0375 0.055281
0.56238 0.0375 0.036819
0.55819 0.0375 0.06464
0.54253 0.0375 0.095587
0.55424 0.0375 0.073298
0.55489 0.0375 0.091331
0.54268 0.0375 0.11233
0.54697 0.0375 0.12859
0.55217 0.0375 0.11154
0.55213 0.0375 0.12875
0.54305 0.0375 0.13953
0.5623 0.0375 0.14091
0.55523 0.0375 0.15276
0.54565 0.0375 0.17781
0.56375 0.0375 0.17534
0.54656 0.0375 0.20876
0.53865 0.0375 0.2257
0.56392 0.0375 0.20564
0.55805 0.0375 0.22938
0.54297 0.0375 0.23705
0.55326 0.0375 0.23534
0.56338 0.0375 0.26411
0.54278 0.0375 0.27774
0.56143 0.0375 0.28062
0.55985 0.0375 0.289
0.53965 0.0375 0.32184
0.56274 0.0375 0.30761
0.55824 0.0375 0.3196
0.54567 0.0375 0.34026
0.54359 0.0375 0.36112
0.55767 0.0375 0.34515
0.56165 0.0375 0.3594
0.53532 0.0375 0.37067
0.54228 0.0375 0.39749
0.55467 0.0375 0.37354
0.53788 0.0375 0.42273
0.56362 0.0375 0.41351
0.56063 0.0375 0.42426
0.53668 0.0375 0.45866
0.56187 0.0375 0.43953
0.5354 0.0375 0.47657
0.53821 0.0375 0.49001
0.53834 0.0375 0.50475
0.56185 0.0375 0.51186
0.56347 0.0375 0.53012
0.54602 0.0375 0.54296
0.54036 0.0375 0.56491
0.55623 0.0375 0.5461
0.56416 0.0375 0.5564
0.54615 0.0375 0.57052
0.56293 0.0375 0.5705
0.55618 0.0375 0.58739
0.54617 0.0375 0.60407
0.53623 0.0375 0.6236
0.56484 0.0375 0.62779
0.54308 0.0375 0.63914
0.54427 0.0375 0.66222
0.56072 0.0375 0.63521
0.53781 0.0375 0.67108
0.5462 0.0375 0.69453
0.55925 0.0375 0.67347
0.55276 0.0375 0.69513
0.53509 0.0375 0.71166
0.5376 0.0375 0.72818
0.55668 0.0375 0.70385
0.5386 0.0375 0.73916
0.55177 0.0375 0.74786
0.56213 0.0375 0.76293
0.53774 0.0375 0.77019
0.54189 0.0375 0.79401
0.56315 0.0375 0.78055
0.56288 0.0375 0.79816
0.54708 0.0375 0.80533
0.54195 0.037501 0.82999
0.55371 0.0375 0.80768
0.55469 0.037501 0.82626
0.5391 0.037501 0.84832
0.5526 0.037501 0.847
0.55956 0.037502 0.8624
0.54094 0.037503 0.88679
0.55583 0.037502 0.88122
0.56366 0.037503 0.88875
0.54611 0.037506 0.90872
0.53655 0.037499 0.92932
0.55839 0.037506 0.912
0.55453 0.0375 0.92892
0.54316 0.037491 0.94402
0.5472 0.036415 0.95994
0.56257 0.037493 0.94122
0.55354 0.037116 0.9531
0.5355 0.42269 0.49838
0.536 0.44464 0.50325
0.57483 0.0375 0.045514
0.58508 0.0375 0.040904
0.59301 0.0375 0.063914
0.57084 0.0375 0.097817
0.58732 0.0375 0.074706
0.59359 0.0375 0.096533
0.57007 0.0375 0.11408
0.5746 0.0375 0.12923
0.59226 0.0375 0.10782
0.58504 0.0375 0.11999
0.58022 0.0375 0.14793
0.59674 0.0375 0.14015
0.59112 0.0375 0.1584
0.57741 0.0375 0.17894
0.57027 0.0375 0.18921
0.58601 0.0375 0.18131
0.59593 0.0375 0.18766
0.57022 0.0375 0.22447
0.59007 0.0375 0.21448
0.57379 0.0375 0.24408
0.5721 0.0375 0.26297
0.59829 0.0375 0.23852
0.58864 0.0375 0.26058
0.57844 0.0375 0.26886
0.58763 0.0375 0.27456
0.59004 0.0375 0.2915
0.56845 0.0375 0.30593
0.57443 0.0375 0.32017
0.59045 0.0375 0.31057
0.58686 0.0375 0.32087
0.5712 0.0375 0.34263
0.59446 0.0375 0.34357
0.59757 0.0375 0.35417
0.56949 0.0375 0.3708
0.57853 0.0375 0.39195
0.59054 0.0375 0.37566
0.57789 0.0375 0.41414
0.57893 0.0375 0.42746
0.59827 0.0375 0.40552
0.57585 0.0375 0.43799
0.5808 0.0375 0.45842
0.592 0.0375 0.4426
0.59305 0.0375 0.45357
0.57006 0.0375 0.47935
0.57907 0.0375 0.49636
0.59298 0.0375 0.46943
0.59204 0.0375 0.49437
0.57725 0.0375 0.51214
0.58113 0.0375 0.52543
0.58851 0.0375 0.50809
0.58949 0.0375 0.52993
0.57759 0.0375 0.53651
0.56836 0.0375 0.56299
0.59212 0.0375 0.53944
0.59057 0.0375 0.5594
0.57931 0.0375 0.57893
0.58912 0.0375 0.57928
0.59131 0.0375 0.59735
0.5772 0.0375 0.60957
0.57528 0.0375 0.62333
0.59411 0.0375 0.62351
0.5735 0.0375 0.64235
0.57073 0.0375 0.6641
0.598 0.0375 0.64458
0.58969 0.0375 0.66258
0.57573 0.0375 0.67499
0.58527 0.0375 0.67231
0.58511 0.0375 0.68965
0.56869 0.0375 0.72392
0.58762 0.0375 0.72197
0.5701 0.0375 0.73621
0.59448 0.0375 0.74739
0.5904 0.0375 0.76411
0.56985 0.0375 0.78807
0.59045 0.0375 0.798
0.57736 0.0375 0.80173
0.57595 0.037501 0.81881
0.58928 0.037501 0.81467
0.57702 0.037501 0.84385
0.59592 0.037501 0.8449
0.57261 0.037502 0.87179
0.59575 0.037504 0.89496
0.5729 0.037506 0.91057
0.592 0.037506 0.90885
0.57306 0.03749 0.94712
0.57621 0.03721 0.95227
0.59044 0.037494 0.94261
0.5851 0.036112 0.96326
0.60834 0.0375 0.04566
0.61063 0.0375 0.062962
0.62836 0.0375 0.042838
0.63026 0.0375 0.054237
0.61398 0.0375 0.076723
0.60231 0.0375 0.089271
0.63053 0.0375 0.081057
0.62556 0.0375 0.087495
0.60954 0.0375 0.11387
0.608 0.0375 0.13015
0.621 0.0375 0.10692
0.62711 0.0375 0.12666
0.60222 0.0375 0.13508
0.61329 0.0375 0.16349
0.62695 0.0375 0.13717
0.62764 0.0375 0.15213
0.60622 0.0375 0.17603
0.61325 0.0375 0.1886
0.62639 0.0375 0.17024
0.61188 0.0375 0.21049
0.60546 0.0375 0.22881
0.62138 0.0375 0.21414
0.62187 0.0375 0.22644
0.60338 0.0375 0.2535
0.6213 0.0375 0.24503
0.62415 0.0375 0.25538
0.62594 0.0375 0.27929
0.60709 0.0375 0.3204
0.61937 0.0375 0.30367
0.62957 0.0375 0.33146
0.62249 0.0375 0.33817
0.63026 0.0375 0.36174
0.60445 0.0375 0.37173
0.60927 0.0375 0.39226
0.61976 0.0375 0.36868
0.62524 0.0375 0.38742
0.60739 0.0375 0.42981
0.6216 0.0375 0.42795
0.61205 0.0375 0.44152
0.60783 0.0375 0.46372
0.62061 0.0375 0.44812
0.62479 0.0375 0.45205
0.61317 0.0375 0.48847
0.62614 0.0375 0.47438
0.62686 0.0375 0.4943
0.61488 0.0375 0.50701
0.60448 0.0375 0.52738
0.62971 0.0375 0.50627
0.61901 0.0375 0.52405
0.60939 0.0375 0.53985
0.61068 0.0375 0.56104
0.6227 0.0375 0.54245
0.61972 0.0375 0.55783
0.6075 0.0375 0.57595
0.62133 0.0375 0.58794
0.60767 0.0375 0.61435
0.62938 0.0375 0.62382
0.60452 0.0375 0.64264
0.60196 0.0375 0.66367
0.62628 0.0375 0.67895
0.62862 0.0375 0.68784
0.60224 0.0375 0.7025
0.60177 0.0375 0.72152
0.6232 0.0375 0.72526
0.60747 0.0375 0.7407
0.60291 0.0375 0.75381
0.62208 0.0375 0.74413
0.62232 0.0375 0.75202
0.60796 0.0375 0.77956
0.60939 0.0375 0.78575
0.62464 0.0375 0.77934
0.62712 0.0375 0.78632
0.60215 0.0375 0.80274
0.60552 0.037501 0.83158
0.62754 0.037501 0.80531
0.63164 0.037501 0.82833
0.60619 0.037501 0.83878
0.60184 0.037501 0.85341
0.62427 0.037501 0.84282
0.62215 0.037502 0.85677
0.60918 0.037502 0.87048
0.60424 0.037504 0.89101
0.61843 0.037502 0.87897
0.62845 0.037504 0.88871
0.60703 0.037506 0.90973
0.60783 0.037503 0.92707
0.61954 0.037503 0.92847
0.6096 0.037495 0.94549
0.62164 0.037499 0.93824
0.62779 0.036017 0.96442
0.63745 0.0375 0.047226
0.65225 0.0375 0.038447
0.65422 0.0375 0.064483
0.64473 0.0375 0.080263
0.63858 0.0375 0.097206
0.66188 0.0375 0.074497
0.66474 0.0375 0.08627
0.65415 0.0375 0.1113
0.64623 0.0375 0.16203
0.65647 0.0375 0.14355
0.65771 0.0375 0.16136
0.64174 0.0375 0.17143
0.64314 0.0375 0.19515
0.65661 0.0375 0.1783
0.65311 0.0375 0.18543
0.64279 0.0375 0.20218
0.63999 0.0375 0.21937
0.66235 0.0375 0.20424
0.6614 0.0375 0.22031
0.63603 0.0375 0.2421
0.6424 0.0375 0.26127
0.65543 0.0375 0.2645
0.63704 0.0375 0.27935
0.63609 0.0375 0.29501
0.66357 0.0375 0.27721
0.65333 0.0375 0.28809
0.64206 0.0375 0.31297
0.65877 0.0375 0.32994
0.6384 0.0375 0.33724
0.64337 0.0375 0.36347
0.66075 0.0375 0.33949
0.66425 0.0375 0.36188
0.64646 0.0375 0.39191
0.65502 0.0375 0.38871
0.64688 0.0375 0.42521
0.6587 0.0375 0.41323
0.65784 0.0375 0.42476
0.63979 0.0375 0.44547
0.64667 0.0375 0.46036
0.66022 0.0375 0.44483
0.64354 0.0375 0.4816
0.6434 0.0375 0.48887
0.65369 0.0375 0.48109
0.65611 0.0375 0.49651
0.63996 0.0375 0.50453
0.63664 0.0375 0.5213
0.65563 0.0375 0.51009
0.66405 0.0375 0.52569
0.65278 0.0375 0.5464
0.65435 0.0375 0.56148
0.64232 0.0375 0.57127
0.64555 0.0375 0.59159
0.66129 0.0375 0.59465
0.64387 0.0375 0.62277
0.65914 0.0375 0.60824
0.65176 0.0375 0.62845
0.64302 0.0375 0.64093
0.66284 0.0375 0.64313
0.64764 0.0375 0.69563
0.65637 0.0375 0.6738
0.65694 0.0375 0.68973
0.6394 0.0375 0.70955
0.63682 0.0375 0.72458
0.65477 0.0375 0.71369
0.66454 0.0375 0.72506
0.6434 0.0375 0.73577
0.63875 0.0375 0.75378
0.65787 0.0375 0.74234
0.6549 0.0375 0.75234
0.63528 0.0375 0.77742
0.64499 0.0375 0.78949
0.65336 0.0375 0.77257
0.65388 0.0375 0.79356
0.64491 0.037501 0.80707
0.6418 0.037501 0.82825
0.66155 0.037501 0.81039
0.66349 0.037501 0.82957
0.64343 0.037501 0.83589
0.64319 0.037502 0.8527
0.65341 0.037501 0.84069
0.65916 0.037502 0.86226
0.64741 0.037503 0.88017
0.64737 0.037504 0.88815
0.65415 0.037503 0.8813
0.66262 0.037505 0.89354
0.64361 0.037507 0.90789
0.63621 0.037503 0.92756
0.66233 0.037507 0.9028
0.65868 0.037508 0.91882
0.63513 0.037496 0.94205
0.64079 0.037045 0.95374
0.65603 0.037495 0.94002
0.66403 0.036917 0.95485
0.67939 0.0375 0.045184
0.68153 0.0375 0.05201
0.69803 0.0375 0.04068
0.68928 0.0375 0.059538
0.69691 0.0375 0.072443
0.69538 0.0375 0.092863
0.6692 0.0375 0.10327
0.66954 0.0375 0.12506
0.67305 0.0375 0.14277
0.67516 0.0375 0.15947
0.67854 0.0375 0.17175
0.69145 0.0375 0.17587
0.67821 0.0375 0.20884
0.66887 0.0375 0.22035
0.69345 0.0375 0.215
0.68538 0.0375 0.2279
0.67375 0.0375 0.24273
0.68547 0.0375 0.24808
0.69178 0.0375 0.25268
0.67673 0.0375 0.28966
0.69419 0.0375 0.27962
0.68651 0.0375 0.28787
0.67308 0.0375 0.32446
0.69151 0.0375 0.31392
0.69121 0.0375 0.3204
0.68131 0.0375 0.33825
0.67625 0.0375 0.3517
0.68968 0.0375 0.34718
0.68688 0.0375 0.36089
0.67343 0.0375 0.37431
0.67171 0.0375 0.38654
0.69264 0.0375 0.37934
0.69363 0.0375 0.38962
0.67872 0.0375 0.40635
0.67439 0.0375 0.42877
0.69088 0.0375 0.40743
0.69803 0.0375 0.425
0.67362 0.0375 0.46422
0.69492 0.0375 0.44754
0.67425 0.0375 0.48055
0.68128 0.0375 0.49307
0.6983 0.0375 0.47834
0.69811 0.0375 0.49789
0.67044 0.0375 0.51221
0.67048 0.0375 0.52744
0.69301 0.0375 0.52039
0.6712 0.0375 0.53594
0.67529 0.0375 0.56028
0.68993 0.0375 0.53552
0.69431 0.0375 0.56228
0.67152 0.0375 0.59792
0.69079 0.0375 0.57298
0.69824 0.0375 0.59543
0.68061 0.0375 0.60491
0.69122 0.0375 0.61417
0.69436 0.0375 0.63097
0.67473 0.0375 0.64513
0.67476 0.0375 0.65331
0.6885 0.0375 0.63907
0.69031 0.0375 0.65381
0.67385 0.0375 0.69294
0.68919 0.0375 0.68533
0.6793 0.0375 0.71102
0.67037 0.0375 0.72317
0.68521 0.0375 0.70212
0.67646 0.0375 0.74715
0.66998 0.0375 0.76275
0.69228 0.0375 0.73871
0.69665 0.0375 0.76031
0.67339 0.0375 0.77129
0.67586 0.0375 0.79019
0.69134 0.0375 0.76988
0.68578 0.037501 0.79795
0.67158 0.037501 0.80551
0.68505 0.037501 0.8036
0.6873 0.037501 0.8266
0.67948 0.037502 0.84782
0.69319 0.037501 0.83742
0.68642 0.037503 0.8645
0.6795 0.037503 0.87072
0.68992 0.037503 0.86967
0.69052 0.037506 0.89411
0.67821 0.037509 0.90835
0.66905 0.037498 0.93087
0.68888 0.037497 0.93008
0.67993 0.037485 0.94266
0.68127 0.036094 0.96346
0.69503 0.036615 0.95771
0.70787 0.0375 0.037466
0.70684 0.0375 0.055077
0.72357 0.0375 0.042646
0.72616 0.0375 0.061171
0.70952 0.0375 0.076912
0.72707 0.0375 0.076217
0.70978 0.0375 0.1023
0.70624 0.0375 0.12779
0.72501 0.0375 0.11341
0.72889 0.0375 0.12863
0.70402 0.0375 0.15936
0.73102 0.0375 0.14801
0.72873 0.0375 0.16043
0.70476 0.0375 0.17777
0.70256 0.0375 0.19486
0.72074 0.0375 0.1696
0.72991 0.0375 0.18799
0.70451 0.0375 0.20226
0.70386 0.0375 0.22098
0.71975 0.0375 0.21027
0.71131 0.0375 0.24698
0.73056 0.0375 0.25366
0.7148 0.0375 0.26966
0.71452 0.0375 0.29025
0.70322 0.0375 0.30661
0.71125 0.0375 0.32852
0.73046 0.0375 0.30775
0.71911 0.0375 0.32992
0.71273 0.0375 0.33504
0.71272 0.0375 0.35829
0.72494 0.0375 0.33611
0.73075 0.0375 0.35868
0.71497 0.0375 0.37767
0.70543 0.0375 0.38908
0.72371 0.0375 0.37024
0.72051 0.0375 0.39434
0.70971 0.0375 0.41331
0.73105 0.0375 0.40405
0.72192 0.0375 0.42225
0.71266 0.0375 0.43656
0.70472 0.0375 0.46283
0.72848 0.0375 0.44365
0.72399 0.0375 0.45977
0.71098 0.0375 0.47151
0.71084 0.0375 0.49047
0.71845 0.0375 0.4693
0.72471 0.0375 0.49201
0.72079 0.0375 0.50792
0.72604 0.0375 0.52097
0.70707 0.0375 0.54465
0.72627 0.0375 0.54379
0.73117 0.0375 0.56354
0.71419 0.0375 0.59715
0.73137 0.0375 0.57578
0.72585 0.0375 0.58636
0.70847 0.0375 0.62838
0.71971 0.0375 0.60576
0.72709 0.0375 0.63023
0.7081 0.0375 0.64571
0.71249 0.0375 0.65271
0.72043 0.0375 0.64191
0.72385 0.0375 0.66052
0.71088 0.0375 0.6804
0.70681 0.0375 0.68918
0.72102 0.0375 0.67228
0.72535 0.0375 0.68676
0.71419 0.0375 0.70939
0.70265 0.0375 0.72258
0.7191 0.0375 0.71872
0.70652 0.0375 0.73931
0.70628 0.0375 0.75378
0.72735 0.0375 0.7371
0.72384 0.0375 0.75616
0.71078 0.0375 0.77373
0.70183 0.0375 0.7902
0.72253 0.0375 0.77279
0.7114 0.037501 0.81356
0.70221 0.037501 0.82547
0.72383 0.037501 0.80204
0.71444 0.037501 0.8353
0.70234 0.037502 0.8583
0.72082 0.037501 0.83557
0.70938 0.037504 0.88071
0.7034 0.037504 0.88545
0.71947 0.037503 0.87196
0.73163 0.037507 0.89569
0.70242 0.037509 0.90891
0.71367 0.037509 0.91839
0.72991 0.037509 0.90547
0.70927 0.036417 0.95981
0.73116 0.037486 0.94061
0.73761 0.0375 0.043641
0.7403 0.0375 0.057628
0.76014 0.0375 0.058928
0.75494 0.0375 0.077627
0.75267 0.0375 0.091689
0.76335 0.0375 0.10534
0.75323 0.0375 0.11888
0.74135 0.0375 0.1473
0.73744 0.0375 0.15313
0.75467 0.0375 0.13535
0.7626 0.0375 0.15886
0.7387 0.0375 0.17242
0.74432 0.0375 0.19555
0.75463 0.0375 0.17918
0.75311 0.0375 0.19381
0.74795 0.0375 0.20711
0.74214 0.0375 0.23134
0.75977 0.0375 0.22551
0.74155 0.0375 0.24461
0.76402 0.0375 0.236
0.74627 0.0375 0.26898
0.73533 0.0375 0.28525
0.76064 0.0375 0.27271
0.7409 0.0375 0.3266
0.75287 0.0375 0.30211
0.75582 0.0375 0.3237
0.73862 0.0375 0.33863
0.73864 0.0375 0.36418
0.75688 0.0375 0.34501
0.76103 0.0375 0.3568
0.74804 0.0375 0.37889
0.74424 0.0375 0.38742
0.76441 0.0375 0.37559
0.75515 0.0375 0.38995
0.74214 0.0375 0.40291
0.74079 0.0375 0.43058
0.76115 0.0375 0.41256
0.73762 0.0375 0.44328
0.73754 0.0375 0.46252
0.75821 0.0375 0.44434
0.76166 0.0375 0.45535
0.74668 0.0375 0.46973
0.73824 0.0375 0.48847
0.76384 0.0375 0.47587
0.76246 0.0375 0.4862
0.75988 0.0375 0.50812
0.75229 0.0375 0.5296
0.73766 0.0375 0.54277
0.73844 0.0375 0.56057
0.75568 0.0375 0.54001
0.76414 0.0375 0.55506
0.7471 0.0375 0.58089
0.75358 0.0375 0.59776
0.75955 0.0375 0.60387
0.73614 0.0375 0.64344
0.73774 0.0375 0.65936
0.75694 0.0375 0.64375
0.74223 0.0375 0.67336
0.74043 0.0375 0.69236
0.76072 0.0375 0.68103
0.74499 0.0375 0.71166
0.74227 0.0375 0.73069
0.74242 0.0375 0.74818
0.73942 0.0375 0.7526
0.75767 0.0375 0.75545
0.74457 0.0375 0.77388
0.7436 0.037501 0.79277
0.75316 0.0375 0.76927
0.74806 0.037501 0.81325
0.74767 0.037501 0.83115
0.75554 0.037501 0.80438
0.76154 0.037501 0.82279
0.73853 0.037503 0.85878
0.75614 0.037502 0.84664
0.74348 0.037503 0.86839
0.73961 0.037507 0.89759
0.75615 0.037504 0.87772
0.7556 0.037506 0.89274
0.74643 0.037508 0.90201
0.76186 0.03751 0.90919
0.75449 0.0375 0.92912
0.73686 0.037488 0.93953
0.73861 0.036612 0.95776
0.76334 0.036331 0.96075
0.77172 0.0375 0.044042
0.78018 0.0375 0.052643
0.79475 0.0375 0.047576
0.79774 0.0375 0.06358
0.77548 0.0375 0.069031
0.78985 0.0375 0.090836
0.78039 0.0375 0.1143
0.77942 0.0375 0.12996
0.79116 0.0375 0.11089
0.79484 0.0375 0.12523
0.78041 0.0375 0.14479
0.77766 0.0375 0.15813
0.78733 0.0375 0.13771
0.78859 0.0375 0.16266
0.77775 0.0375 0.17819
0.79703 0.0375 0.16896
0.78583 0.0375 0.19639
0.77713 0.0375 0.20753
0.77992 0.0375 0.22871
0.7931 0.0375 0.21221
0.78899 0.0375 0.22764
0.77117 0.0375 0.23849
0.77054 0.0375 0.26375
0.78863 0.0375 0.23727
0.78888 0.0375 0.25503
0.79159 0.0375 0.27652
0.76873 0.0375 0.31342
0.77492 0.0375 0.32896
0.79757 0.0375 0.30189
0.78627 0.0375 0.32327
0.77583 0.0375 0.34557
0.77487 0.0375 0.36164
0.78558 0.0375 0.33829
0.78527 0.0375 0.35784
0.77763 0.0375 0.37706
0.78127 0.0375 0.3936
0.79447 0.0375 0.37582
0.79516 0.0375 0.39454
0.77966 0.0375 0.40856
0.7763 0.0375 0.4239
0.7871 0.0375 0.4059
0.7917 0.0375 0.42965
0.77522 0.0375 0.44515
0.7896 0.0375 0.44783
0.78722 0.0375 0.45232
0.77097 0.0375 0.47254
0.77629 0.0375 0.48831
0.78961 0.0375 0.47093
0.79749 0.0375 0.4933
0.77971 0.0375 0.51299
0.7896 0.0375 0.50965
0.7968 0.0375 0.5306
0.7695 0.0375 0.55883
0.7912 0.0375 0.5359
0.7935 0.0375 0.56223
0.77584 0.0375 0.57832
0.77364 0.0375 0.58874
0.79069 0.0375 0.57729
0.78024 0.0375 0.60272
0.78862 0.0375 0.60478
0.76896 0.0375 0.63816
0.76909 0.0375 0.65744
0.79252 0.0375 0.64433
0.78751 0.0375 0.6643
0.77083 0.0375 0.68132
0.77303 0.0375 0.68941
0.79391 0.0375 0.68022
0.79356 0.0375 0.68529
0.77798 0.0375 0.70879
0.76834 0.0375 0.72977
0.78502 0.0375 0.73139
0.77516 0.0375 0.73965
0.77901 0.037501 0.76243
0.79558 0.037501 0.7402
0.79448 0.037501 0.79322
0.77007 0.037501 0.81445
0.77655 0.037502 0.82947
0.78654 0.037501 0.80498
0.79702 0.037502 0.82958
0.77574 0.037502 0.85224
0.78713 0.037502 0.84112
0.77771 0.037504 0.87663
0.77155 0.037507 0.89499
0.79519 0.037506 0.89179
0.77687 0.037502 0.93123
0.79141 0.037511 0.913
0.78127 0.037492 0.94792
0.77229 0.036131 0.96307
0.79075 0.037493 0.94147
0.79593 0.036776 0.95615
0.80227 0.0375 0.046857
0.80292 0.0375 0.054258
0.82846 0.037501 0.047028
0.83093 0.037501 0.052304
0.80229 0.0375 0.077357
0.80383 0.0375 0.092785
0.82759 0.037501 0.073221
0.82042 0.037501 0.089994
0.80903 0.037501 0.10516
0.80768 0.037501 0.12313
0.81935 0.037501 0.10813
0.82642 0.037501 0.12542
0.82647 0.037501 0.14056
0.81888 0.037501 0.17454
0.8188 0.037501 0.18632
0.80945 0.037501 0.2071
0.80257 0.0375 0.22264
0.83055 0.037501 0.21307
0.82692 0.037501 0.22305
0.80359 0.0375 0.23819
0.80689 0.0375 0.25849
0.82858 0.037501 0.25847
0.81498 0.037501 0.28149
0.81007 0.0375 0.29038
0.8306 0.037501 0.27842
0.8236 0.037501 0.29401
0.81393 0.037501 0.30322
0.80834 0.0375 0.31958
0.82533 0.037501 0.30466
0.81847 0.037501 0.32874
0.80598 0.0375 0.34425
0.81072 0.037501 0.35401
0.81973 0.037501 0.34666
0.80576 0.0375 0.37874
0.80466 0.0375 0.3975
0.82856 0.037501 0.37896
0.80497 0.0375 0.41001
0.80547 0.037501 0.42886
0.82249 0.037501 0.42381
0.80597 0.037501 0.4431
0.81495 0.037501 0.45503
0.82927 0.037501 0.44001
0.80728 0.037501 0.47298
0.80284 0.037501 0.49342
0.80257 0.037501 0.51248
0.81211 0.037501 0.52139
0.82376 0.037501 0.52149
0.80901 0.037501 0.55575
0.81892 0.037501 0.55202
0.80941 0.037501 0.59734
0.83014 0.037501 0.57827
0.82483 0.037501 0.59506
0.81204 0.037501 0.61319
0.81293 0.037501 0.62831
0.82691 0.037501 0.60809
0.82038 0.037501 0.62512
0.80519 0.037501 0.64619
0.80587 0.037501 0.65288
0.82055 0.037501 0.63611
0.81149 0.037501 0.66846
0.80475 0.037501 0.69754
0.82306 0.037501 0.6864
0.80746 0.037501 0.70912
0.82206 0.037501 0.70821
0.80433 0.037501 0.73554
0.80554 0.037501 0.7611
0.83094 0.037501 0.7399
0.83165 0.037501 0.75488
0.80264 0.037501 0.77421
0.80654 0.037501 0.79557
0.83049 0.037501 0.77795
0.82429 0.037501 0.79244
0.80932 0.037501 0.80508
0.82401 0.037502 0.82597
0.80373 0.037502 0.84605
0.81032 0.037503 0.85892
0.82912 0.037503 0.84205
0.82879 0.037504 0.86131
0.8143 0.037504 0.87141
0.80386 0.037506 0.89046
0.82598 0.037505 0.88033
0.80557 0.03751 0.90579
0.80462 0.037507 0.92117
0.81845 0.03751 0.90702
0.80463 0.037491 0.93791
0.81231 0.03629 0.96114
0.82695 0.037477 0.94798
0.82061 0.036096 0.96338
0.84179 0.037501 0.044745
0.83866 0.037501 0.054903
0.86108 0.037502 0.044905
0.84471 0.037501 0.079157
0.84823 0.037501 0.091333
0.8517 0.037501 0.074325
0.85351 0.037502 0.089591
0.85515 0.037502 0.10813
0.8545 0.037502 0.13159
0.83915 0.037501 0.14639
0.84599 0.037501 0.1587
0.85863 0.037502 0.14188
0.85246 0.037501 0.152
0.83682 0.037501 0.18076
0.83931 0.037501 0.19158
0.85649 0.037501 0.18084
0.86446 0.037502 0.19582
0.84832 0.037501 0.20831
0.83628 0.037501 0.22889
0.85977 0.037502 0.2103
0.85178 0.037501 0.23034
0.84659 0.037501 0.24442
0.85628 0.037501 0.24492
0.85836 0.037502 0.25549
0.85507 0.037501 0.2739
0.85712 0.037501 0.29432
0.84174 0.037501 0.31378
0.83521 0.037501 0.32306
0.85951 0.037502 0.30638
0.85434 0.037501 0.31894
0.83977 0.037501 0.3532
0.85597 0.037501 0.34105
0.864 0.037502 0.35989
0.84303 0.037501 0.37921
0.85203 0.037501 0.37765
0.86075 0.037502 0.39026
0.84674 0.037501 0.4095
0.84802 0.037501 0.42247
0.85241 0.037501 0.4043
0.8616 0.037502 0.42971
0.84052 0.037501 0.44129
0.83517 0.037501 0.45645
0.8545 0.037502 0.44537
0.85959 0.037502 0.45995
0.83827 0.037501 0.47691
0.84282 0.037501 0.49117
0.84162 0.037501 0.51249
0.84799 0.037501 0.53071
0.86443 0.037502 0.52173
0.8442 0.037501 0.54101
0.84525 0.037501 0.55625
0.8624 0.037502 0.54152
0.85963 0.037502 0.55424
0.84687 0.037501 0.57569
0.83921 0.037501 0.59493
0.86119 0.037502 0.57443
0.85321 0.037502 0.59103
0.84741 0.037501 0.62079
0.85785 0.037502 0.60235
0.85204 0.037502 0.63126
0.84647 0.037502 0.65951
0.86223 0.037502 0.63935
0.85597 0.037502 0.66317
0.84539 0.037502 0.67932
0.83669 0.037501 0.68847
0.85806 0.037502 0.67186
0.86093 0.037502 0.6967
0.83821 0.037501 0.70667
0.845 0.037502 0.72476
0.85279 0.037502 0.70338
0.85379 0.037502 0.72765
0.84251 0.037502 0.73754
0.83998 0.037502 0.76377
0.85568 0.037502 0.75964
0.83663 0.037502 0.79444
0.85947 0.037503 0.77048
0.86379 0.037503 0.7897
0.8401 0.037502 0.8144
0.86246 0.037503 0.80418
0.85941 0.037503 0.82174
0.84223 0.037503 0.8423
0.85916 0.037504 0.83811
0.86029 0.037505 0.85584
0.84484 0.037505 0.8748
0.8404 0.037508 0.89597
0.85895 0.037506 0.86898
0.84386 0.037512 0.91826
0.8628 0.037512 0.90479
0.85424 0.03751 0.92138
0.84829 0.037496 0.93551
0.84124 0.036358 0.9604
0.86164 0.037499 0.93508
0.85978 0.036088 0.96352
0.86883 0.037502 0.039127
0.87058 0.037502 0.061106
0.88556 0.037503 0.039938
0.88704 0.037504 0.051964
0.88026 0.037503 0.076542
0.88081 0.037503 0.092208
0.89556 0.037505 0.078629
0.88965 0.037504 0.086059
0.88014 0.037503 0.10893
0.88093 0.037503 0.12771
0.88945 0.037504 0.11877
0.87395 0.037502 0.13802
0.88132 0.037503 0.1582
0.89296 0.037504 0.14773
0.88808 0.037503 0.16194
0.87553 0.037502 0.19084
0.89225 0.037504 0.16953
0.89645 0.037505 0.18945
0.87074 0.037502 0.20379
0.87622 0.037502 0.21954
0.88985 0.037504 0.21084
0.88567 0.037503 0.22205
0.86862 0.037502 0.23727
0.87172 0.037502 0.27469
0.87382 0.037502 0.28987
0.89699 0.037505 0.26913
0.8896 0.037503 0.29208
0.86973 0.037502 0.31476
0.87961 0.037502 0.32288
0.88656 0.037503 0.30319
0.88552 0.037503 0.31976
0.87675 0.037502 0.34511
0.89274 0.037504 0.33966
0.8978 0.037505 0.35332
0.87708 0.037502 0.38037
0.86964 0.037502 0.38817
0.89163 0.037504 0.37244
0.89468 0.037505 0.39324
0.87214 0.037502 0.40823
0.87452 0.037502 0.42083
0.89589 0.037505 0.41403
0.89142 0.037504 0.41982
0.88133 0.037503 0.44238
0.88564 0.037503 0.4524
0.8805 0.037503 0.48127
0.87849 0.037503 0.49612
0.88534 0.037503 0.49433
0.86922 0.037502 0.50597
0.87674 0.037503 0.53042
0.88835 0.037504 0.51381
0.88999 0.037504 0.52652
0.87296 0.037503 0.54036
0.88946 0.037505 0.53851
0.89367 0.037506 0.55257
0.8776 0.037503 0.57442
0.87522 0.037503 0.5969
0.8901 0.037504 0.57484
0.88683 0.037503 0.59775
0.87427 0.037503 0.60511
0.87965 0.037503 0.63042
0.88645 0.037503 0.60869
0.88587 0.037504 0.6257
0.87778 0.037503 0.64804
0.8872 0.037504 0.64585
0.89054 0.037505 0.65792
0.87032 0.037503 0.67374
0.89756 0.037506 0.6961
0.87022 0.037503 0.71136
0.87937 0.037503 0.72847
0.89415 0.037506 0.70241
0.88947 0.037505 0.72125
0.87221 0.037503 0.74359
0.87093 0.037503 0.76315
0.88637 0.037504 0.74157
0.89722 0.037506 0.76235
0.8735 0.037503 0.77857
0.87777 0.037504 0.79544
0.8896 0.037505 0.78625
0.87072 0.037504 0.81387
0.87695 0.037505 0.82306
0.88867 0.037505 0.80304
0.87625 0.037505 0.8389
0.88105 0.037507 0.86235
0.89423 0.037508 0.83801
0.886 0.037507 0.85742
0.87417 0.037509 0.89023
0.89175 0.037509 0.86862
0.89481 0.037512 0.8889
0.87956 0.037512 0.90278
0.88082 0.037507 0.92865
0.89288 0.037516 0.90937
0.89651 0.037508 0.93029
0.87175 0.037497 0.94064
0.89803 0.036307 0.96106
0.90485 0.037507 0.037537
0.91185 0.037508 0.054274
0.92227 0.037506 0.038856
0.9149 0.037509 0.075608
0.90347 0.037507 0.090684
0.9286 0.037498 0.094919
0.91119 0.037507 0.10925
0.90934 0.037507 0.12982
0.92091 0.037505 0.10406
0.92342 0.037503 0.11865
0.90532 0.037506 0.13521
0.90778 0.037506 0.1592
0.92195 0.037504 0.13968
0.91343 0.037507 0.18866
0.9277 0.037504 0.17206
0.93049 0.0375 0.19694
0.91438 0.037508 0.20598
0.91193 0.037508 0.22307
0.92686 0.037498 0.21
0.91867 0.037506 0.22706
0.90802 0.037506 0.24723
0.92752 0.037502 0.24373
0.92145 0.037505 0.25697
0.90799 0.037506 0.27092
0.93108 0.037501 0.28061
0.93013 0.0375 0.29492
0.91108 0.037507 0.32651
0.92295 0.037504 0.30338
0.92176 0.037504 0.32331
0.90333 0.037505 0.33732
0.90626 0.037506 0.3626
0.92865 0.037501 0.3382
0.91876 0.037506 0.35684
0.90515 0.037506 0.37306
0.91 0.037507 0.39218
0.92425 0.037503 0.39671
0.92416 0.037503 0.40452
0.92994 0.037501 0.43161
0.90442 0.037508 0.45621
0.92632 0.037504 0.4365
0.90657 0.037508 0.48165
0.9037 0.037507 0.49738
0.92646 0.037501 0.4736
0.92374 0.037503 0.4875
0.91039 0.037508 0.50499
0.91122 0.037509 0.52461
0.92752 0.037503 0.51396
0.92485 0.037504 0.52098
0.92313 0.037503 0.53933
0.92492 0.037501 0.55579
0.91305 0.037507 0.59646
0.92403 0.037506 0.57629
0.92774 0.037505 0.5959
0.90867 0.037507 0.60557
0.90349 0.037507 0.62256
0.92085 0.037507 0.60663
0.92253 0.037506 0.61892
0.90183 0.037508 0.6435
0.9312 0.037494 0.64719
0.92182 0.037505 0.66265
0.91223 0.037509 0.68703
0.92389 0.037503 0.68033
0.92735 0.037501 0.695
0.91151 0.037509 0.70374
0.92184 0.037506 0.70784
0.90864 0.037508 0.73949
0.91222 0.037508 0.75871
0.91907 0.037508 0.73565
0.91857 0.037508 0.76387
0.91355 0.037509 0.77095
0.91263 0.037509 0.7875
0.92535 0.037505 0.77517
0.92618 0.037505 0.79484
0.90419 0.037508 0.81486
0.91167 0.03751 0.82138
0.92053 0.037508 0.80233
0.91828 0.03751 0.82529
0.90554 0.037511 0.84464
0.90599 0.037512 0.86146
0.92321 0.037505 0.83531
0.91889 0.037511 0.86103
0.91152 0.037513 0.87251
0.91893 0.037512 0.87116
0.93057 0.037507 0.88902
0.90723 0.03752 0.90951
0.9085 0.03751 0.92878
0.9205 0.037518 0.90853
0.92865 0.037504 0.92481
0.90703 0.037499 0.94088
0.91319 0.036484 0.95916
0.91902 0.037498 0.9394
0.92429 0.036363 0.96042
0.93777 0.037497 0.042216
0.93802 0.037496 0.054822
0.95402 0.037016 0.03729
0.95745 0.036653 0.061467
0.93496 0.037493 0.074897
0.95992 0.036408 0.087872
0.94673 0.037484 0.10641
0.95908 0.036492 0.1281
0.94657 0.037492 0.14576
0.94309 0.037496 0.15617
0.95834 0.036566 0.14133
0.95172 0.037281 0.15846
0.93614 0.037502 0.17209
0.9459 0.037492 0.19581
0.95489 0.036919 0.19729
0.93965 0.037488 0.20576
0.9397 0.037487 0.22852
0.96316 0.036115 0.21449
0.96091 0.03631 0.2215
0.94044 0.037496 0.24731
0.94653 0.037495 0.25279
0.96082 0.036327 0.23713
0.95229 0.037213 0.26396
0.94319 0.037496 0.27133
0.93966 0.037496 0.28835
0.95946 0.036461 0.27571
0.94114 0.037493 0.30236
0.94063 0.037494 0.33048
0.95454 0.036953 0.30202
0.96433 0.036021 0.32485
0.94515 0.037494 0.34254
0.94266 0.037495 0.35733
0.95838 0.036555 0.36023
0.93962 0.037493 0.36864
0.94686 0.037486 0.39797
0.96412 0.036036 0.38001
0.95164 0.037279 0.39675
0.94517 0.037489 0.4075
0.96338 0.036105 0.41045
0.95604 0.036793 0.42914
0.94077 0.037495 0.44546
0.9449 0.037492 0.45232
0.95306 0.037119 0.43609
0.95947 0.036457 0.45329
0.93855 0.03749 0.47333
0.96343 0.036096 0.48001
0.95469 0.036932 0.49576
0.94546 0.037492 0.50953
0.94141 0.037493 0.5229
0.9524 0.037197 0.51254
0.95942 0.036457 0.52746
0.93581 0.037488 0.55504
0.96422 0.036031 0.53975
0.95801 0.036584 0.55771
0.9423 0.037503 0.59385
0.93917 0.037498 0.61268
0.93942 0.037495 0.62152
0.95927 0.03647 0.62659
0.94313 0.037485 0.63833
0.96101 0.036305 0.63609
0.96342 0.036093 0.65812
0.94783 0.037479 0.67568
0.95969 0.036425 0.67384
0.95891 0.036507 0.69467
0.94009 0.037495 0.71269
0.93913 0.037495 0.72361
0.95383 0.037037 0.7145
0.95453 0.036961 0.71963
0.94302 0.037487 0.7545
0.95524 0.036876 0.74591
0.95946 0.036457 0.75477
0.94073 0.037497 0.77825
0.94083 0.037497 0.79818
0.95743 0.03666 0.78642
0.9393 0.037498 0.80328
0.95391 0.037028 0.81154
0.9589 0.036505 0.82994
0.93787 0.037483 0.84547
0.96489 0.035971 0.85657
0.94254 0.037498 0.88577
0.95936 0.036458 0.86988
0.93773 0.037497 0.92202
0.95623 0.036771 0.90771
0.96456 0.036005 0.92054
0.93865 0.037484 0.93665
0.94222 0.036546 0.95836
0.95921 0.036466 0.94261
0.95419 0.035932 0.96277
