2635
1 1 1
0.035 0.0375 0.045075
0.041115 0.0375 0.054586
0.062746 0.0375 0.035713
0.058729 0.0375 0.051769
0.046282 0.0375 0.06956
0.043719 0.0375 0.094349
0.060102 0.0375 0.081547
0.056538 0.0375 0.098101
0.038636 0.0375 0.11189
0.04137 0.0375 0.122
0.063729 0.0375 0.10855
0.063243 0.0375 0.14482
0.040539 0.0375 0.19124
0.058793 0.0375 0.18107
0.061644 0.0375 0.19688
0.036213 0.0375 0.20171
0.040524 0.0375 0.2278
0.053671 0.0375 0.20681
0.056836 0.0375 0.2203
0.048111 0.0375 0.23689
0.042532 0.0375 0.25818
0.053356 0.0375 0.24329
0.062374 0.0375 0.25802
0.047633 0.0375 0.27008
0.046809 0.0375 0.28716
0.056327 0.0375 0.27912
0.064089 0.0375 0.28787
0.063017 0.0375 0.30883
0.058526 0.0375 0.32385
0.045676 0.0375 0.34489
0.063534 0.0375 0.35352
0.046753 0.0375 0.37457
0.045755 0.0375 0.38782
0.061978 0.0375 0.37259
0.057236 0.0375 0.39407
0.045187 0.0375 0.40452
0.037847 0.0375 0.42352
0.062025 0.0375 0.4073
0.055429 0.0375 0.41848
0.043013 0.0375 0.44604
0.06095 0.0375 0.44393
0.060112 0.0375 0.45964
0.042385 0.0375 0.47273
0.044373 0.0375 0.48716
0.053471 0.0375 0.47248
0.059508 0.0375 0.49074
0.038724 0.0375 0.5066
0.038386 0.0375 0.52735
0.055954 0.0375 0.50856
0.060485 0.0375 0.52641
0.046057 0.0375 0.53866
0.043573 0.0375 0.5639
0.062561 0.0375 0.53714
0.061093 0.0375 0.55749
0.037282 0.0375 0.57494
0.036066 0.0375 0.59704
0.052558 0.0375 0.57353
0.054544 0.0375 0.59336
0.044148 0.0375 0.60179
0.036384 0.0375 0.62868
0.052341 0.0375 0.60776
0.0586 0.0375 0.62034
0.052141 0.0375 0.64798
0.054177 0.0375 0.65985
0.04799 0.0375 0.67168
0.053221 0.0375 0.66985
0.05896 0.0375 0.68734
0.036071 0.0375 0.72859
0.060625 0.0375 0.71175
0.052152 0.0375 0.72128
0.043707 0.037501 0.74491
0.03713 0.037501 0.76048
0.059581 0.037501 0.74161
0.052383 0.037501 0.75858
0.040946 0.037501 0.77106
0.037285 0.037501 0.79751
0.058569 0.037501 0.77954
0.056581 0.037501 0.78935
0.039828 0.037501 0.82438
0.053066 0.037501 0.81234
0.0587 0.037501 0.82982
0.038105 0.037501 0.84152
0.035043 0.037501 0.86049
0.053949 0.037501 0.83582
0.056302 0.037501 0.85842
0.035605 0.037501 0.87034
0.045234 0.037503 0.89188
0.058265 0.037501 0.87778
0.05672 0.037502 0.88806
0.041995 0.037509 0.91161
0.037099 0.035951 0.95619
0.058726 0.03747 0.94472
0.061182 0.036379 0.95417
0.079756 0.0375 0.0455
0.075593 0.0375 0.06016
0.078647 0.0375 0.089291
0.094992 0.0375 0.074689
0.092312 0.0375 0.089265
0.071717 0.0375 0.10766
0.07283 0.0375 0.13089
0.0858 0.0375 0.11018
0.090078 0.0375 0.12388
0.070321 0.0375 0.14196
0.090223 0.0375 0.13828
0.093702 0.0375 0.16004
0.072576 0.0375 0.17821
0.068586 0.0375 0.19328
0.095281 0.0375 0.17804
0.095864 0.0375 0.19347
0.078004 0.0375 0.20839
0.076685 0.0375 0.22546
0.089735 0.0375 0.21358
0.098233 0.0375 0.22943
0.070419 0.0375 0.24675
0.073075 0.0375 0.25321
0.086569 0.0375 0.24737
0.091113 0.0375 0.25564
0.077044 0.0375 0.27618
0.076222 0.0375 0.29355
0.097037 0.0375 0.2763
0.069312 0.0375 0.31014
0.069856 0.0375 0.32914
0.094631 0.0375 0.30876
0.092713 0.0375 0.32986
0.072929 0.0375 0.34812
0.091894 0.0375 0.34418
0.090703 0.0375 0.35902
0.077729 0.0375 0.38159
0.09405 0.0375 0.37523
0.098067 0.0375 0.38683
0.071421 0.0375 0.41247
0.075877 0.0375 0.42548
0.096697 0.0375 0.4148
0.089545 0.0375 0.42117
0.071637 0.0375 0.44694
0.087097 0.0375 0.43919
0.088642 0.0375 0.45763
0.076844 0.0375 0.47496
0.081217 0.0375 0.48523
0.093912 0.0375 0.48074
0.093014 0.0375 0.49131
0.071474 0.0375 0.50248
0.088661 0.0375 0.51905
0.079874 0.0375 0.53528
0.074343 0.0375 0.56272
0.085439 0.0375 0.56038
0.07626 0.0375 0.5687
0.071415 0.0375 0.59678
0.088579 0.0375 0.56886
0.091189 0.0375 0.59203
0.076184 0.0375 0.62604
0.092667 0.0375 0.60934
0.097829 0.0375 0.61853
0.074677 0.0375 0.63894
0.094953 0.0375 0.66156
0.069534 0.0375 0.67831
0.087971 0.0375 0.67055
0.090992 0.0375 0.69004
0.077559 0.0375 0.70804
0.068559 0.0375 0.72908
0.092481 0.0375 0.72046
0.072011 0.037501 0.74175
0.077003 0.037501 0.75409
0.08941 0.0375 0.73768
0.086182 0.037501 0.75882
0.072144 0.037501 0.77013
0.073631 0.037501 0.79618
0.095245 0.037501 0.78159
0.07288 0.037501 0.81331
0.080791 0.037501 0.82085
0.093822 0.037501 0.80394
0.090768 0.037501 0.82985
0.075157 0.037501 0.84007
0.074995 0.037501 0.8598
0.09046 0.037501 0.86366
0.077088 0.0375 0.88124
0.088995 0.0375 0.87211
0.085682 0.037501 0.88907
0.071683 0.037507 0.90895
0.077256 0.037505 0.93056
0.089433 0.037504 0.90177
0.071596 0.037495 0.93844
0.086397 0.037511 0.94718
0.11148 0.0375 0.039169
0.10685 0.0375 0.057972
0.12767 0.0375 0.037997
0.12308 0.0375 0.052701
0.10362 0.0375 0.069222
0.10813 0.0375 0.095778
0.12544 0.0375 0.098096
0.10657 0.0375 0.11209
0.11493 0.0375 0.13085
0.12648 0.0375 0.12029
0.10873 0.0375 0.14351
0.10379 0.0375 0.15842
0.12823 0.0375 0.15853
0.10903 0.0375 0.17564
0.10784 0.0375 0.19062
0.12918 0.0375 0.16977
0.12051 0.0375 0.19692
0.11457 0.0375 0.22032
0.11943 0.0375 0.20429
0.11876 0.0375 0.2309
0.10742 0.0375 0.24211
0.10243 0.0375 0.25998
0.12273 0.0375 0.24145
0.10862 0.0375 0.27769
0.10844 0.0375 0.29045
0.12284 0.0375 0.28151
0.13123 0.0375 0.28825
0.1092 0.0375 0.30807
0.11018 0.0375 0.33054
0.13117 0.0375 0.3139
0.11952 0.0375 0.32239
0.10698 0.0375 0.33828
0.10845 0.0375 0.36277
0.11935 0.0375 0.35789
0.10249 0.0375 0.36967
0.12024 0.0375 0.37421
0.12719 0.0375 0.3978
0.10672 0.0375 0.40201
0.10706 0.0375 0.42822
0.11873 0.0375 0.42853
0.10319 0.0375 0.44022
0.10446 0.0375 0.45178
0.11978 0.0375 0.4467
0.12176 0.0375 0.45883
0.10366 0.0375 0.47189
0.11258 0.0375 0.48794
0.12294 0.0375 0.4734
0.12912 0.0375 0.48995
0.10854 0.0375 0.50347
0.10347 0.0375 0.52444
0.12569 0.0375 0.52463
0.10991 0.0375 0.5366
0.10488 0.0375 0.5574
0.12771 0.0375 0.54153
0.10247 0.0375 0.57951
0.10465 0.0375 0.59217
0.12362 0.0375 0.5731
0.1246 0.0375 0.59743
0.11263 0.0375 0.61315
0.11262 0.0375 0.62292
0.12986 0.0375 0.6277
0.1093 0.0375 0.64174
0.10873 0.0375 0.65461
0.12305 0.0375 0.63616
0.1195 0.0375 0.66313
0.1072 0.0375 0.67976
0.12495 0.0375 0.67926
0.10937 0.0375 0.72491
0.12933 0.0375 0.70298
0.13018 0.0375 0.73044
0.1035 0.0375 0.73596
0.10746 0.037501 0.75244
0.12212 0.037501 0.76058
0.10877 0.037501 0.77183
0.12988 0.037501 0.77567
0.11931 0.037501 0.78805
0.11002 0.037501 0.82738
0.11917 0.037501 0.80218
0.12227 0.037501 0.83135
0.11133 0.037501 0.83743
0.12732 0.037501 0.84072
0.12707 0.037501 0.85457
0.10953 0.0375 0.87474
0.11322 0.037501 0.89159
0.12976 0.037498 0.88157
0.12322 0.037502 0.89651
0.10411 0.037506 0.90911
0.12252 0.037507 0.91144
0.12094 0.037508 0.92496
0.10575 0.037511 0.93825
0.1307 0.037499 0.94629
0.1291 0.03473 0.96456
0.14303 0.0375 0.039953
0.15857 0.0375 0.035316
0.16022 0.0375 0.053859
0.13567 0.0375 0.077302
0.14105 0.0375 0.096937
0.15393 0.0375 0.072961
0.15833 0.0375 0.09197
0.14065 0.0375 0.10823
0.1423 0.0375 0.11981
0.1529 0.0375 0.11299
0.15724 0.0375 0.11869
0.13573 0.0375 0.14019
0.13682 0.0375 0.16227
0.16159 0.0375 0.15587
0.13541 0.0375 0.18142
0.15953 0.0375 0.17593
0.15832 0.0375 0.18774
0.13807 0.0375 0.20907
0.14417 0.0375 0.22927
0.16124 0.0375 0.21054
0.13731 0.0375 0.24201
0.14751 0.0375 0.2576
0.15326 0.0375 0.23508
0.16123 0.0375 0.26395
0.14012 0.0375 0.27198
0.13974 0.0375 0.29412
0.15852 0.0375 0.27195
0.15537 0.0375 0.29103
0.14773 0.0375 0.30822
0.13548 0.0375 0.319
0.16113 0.0375 0.30259
0.15347 0.0375 0.32569
0.13848 0.0375 0.34746
0.148 0.0375 0.35429
0.15855 0.0375 0.3364
0.14526 0.0375 0.37835
0.1395 0.0375 0.38694
0.1633 0.0375 0.38148
0.13688 0.0375 0.42433
0.15201 0.0375 0.42794
0.14511 0.0375 0.44303
0.13803 0.0375 0.45639
0.15766 0.0375 0.44593
0.15602 0.0375 0.45546
0.13897 0.0375 0.47153
0.13714 0.0375 0.48743
0.15842 0.0375 0.47421
0.14701 0.0375 0.50969
0.14614 0.0375 0.52325
0.1649 0.0375 0.50186
0.13912 0.0375 0.54374
0.14586 0.0375 0.5646
0.15411 0.0375 0.54778
0.1639 0.0375 0.55199
0.14628 0.0375 0.58038
0.14054 0.0375 0.59276
0.16191 0.0375 0.58002
0.16028 0.0375 0.59194
0.13929 0.0375 0.60939
0.14175 0.0375 0.62646
0.16154 0.0375 0.61364
0.15639 0.0375 0.6237
0.14444 0.0375 0.65729
0.16468 0.0375 0.64227
0.15425 0.0375 0.6584
0.14155 0.0375 0.67037
0.14708 0.0375 0.69072
0.15197 0.0375 0.67397
0.15377 0.0375 0.69815
0.1351 0.0375 0.70203
0.14596 0.0375 0.72978
0.15809 0.0375 0.7045
0.15291 0.0375 0.72953
0.14562 0.037501 0.74539
0.1389 0.037501 0.76296
0.15845 0.0375 0.73601
0.16168 0.037501 0.75258
0.14133 0.037501 0.79028
0.15519 0.037501 0.77328
0.15625 0.037501 0.7959
0.14662 0.037501 0.80437
0.14377 0.037501 0.8259
0.16499 0.037501 0.81184
0.15713 0.037501 0.82616
0.14173 0.037501 0.84538
0.14823 0.0375 0.86072
0.16148 0.037501 0.84407
0.16146 0.0375 0.85989
0.13813 0.037499 0.87531
0.15808 0.037497 0.8795
0.15644 0.037506 0.89667
0.13613 0.037508 0.9083
0.1411 0.037504 0.92803
0.15849 0.037516 0.91036
0.15603 0.037508 0.92489
0.13726 0.036787 0.95247
0.1597 0.037488 0.94056
0.15933 0.035106 0.9614
0.17235 0.0375 0.045135
0.17932 0.0375 0.061902
0.18863 0.0375 0.045852
0.18766 0.0375 0.055678
0.17216 0.0375 0.077447
0.176 0.0375 0.093558
0.19127 0.0375 0.079073
0.19103 0.0375 0.094732
0.17139 0.0375 0.10785
0.17572 0.0375 0.13129
0.18576 0.0375 0.10939
0.19278 0.0375 0.12035
0.17436 0.0375 0.14348
0.18124 0.0375 0.15711
0.18932 0.0375 0.14828
0.19376 0.0375 0.15365
0.18118 0.0375 0.19736
0.19273 0.0375 0.17582
0.18828 0.0375 0.19273
0.1776 0.0375 0.23107
0.18974 0.0375 0.20574
0.18913 0.0375 0.22442
0.1755 0.0375 0.24363
0.178 0.0375 0.26199
0.18996 0.0375 0.25392
0.19157 0.0375 0.27555
0.18753 0.0375 0.29392
0.16992 0.0375 0.30197
0.17691 0.0375 0.31928
0.19044 0.0375 0.31378
0.19346 0.0375 0.33068
0.16992 0.0375 0.3466
0.17299 0.0375 0.35351
0.18747 0.0375 0.34228
0.19086 0.0375 0.35185
0.18019 0.0375 0.37617
0.19065 0.0375 0.37929
0.18812 0.0375 0.39599
0.1776 0.0375 0.42962
0.19702 0.0375 0.40809
0.19804 0.0375 0.4267
0.17747 0.0375 0.44213
0.17884 0.0375 0.45651
0.19414 0.0375 0.43975
0.1884 0.0375 0.46295
0.17599 0.0375 0.48851
0.1909 0.0375 0.48048
0.19412 0.0375 0.48826
0.17445 0.0375 0.50307
0.17372 0.0375 0.52911
0.1957 0.0375 0.50906
0.19266 0.0375 0.52905
0.17366 0.0375 0.54327
0.18678 0.0375 0.55945
0.18061 0.0375 0.57592
0.16999 0.0375 0.58869
0.19321 0.0375 0.58143
0.18691 0.0375 0.59349
0.17912 0.0375 0.60473
0.17191 0.0375 0.62591
0.18728 0.0375 0.60275
0.18661 0.0375 0.62144
0.17173 0.0375 0.64414
0.17354 0.0375 0.6539
0.1975 0.0375 0.64746
0.19753 0.0375 0.65896
0.17316 0.0375 0.67174
0.17165 0.0375 0.68766
0.1863 0.0375 0.66932
0.18871 0.0375 0.68919
0.17733 0.0375 0.71481
0.17376 0.0375 0.72663
0.18806 0.0375 0.70223
0.18793 0.0375 0.73125
0.17988 0.037501 0.74606
0.17277 0.037501 0.75391
0.18876 0.0375 0.74523
0.17137 0.037501 0.78926
0.19243 0.037501 0.7687
0.19138 0.037501 0.79547
0.17652 0.037501 0.80413
0.18967 0.037501 0.81186
0.19118 0.037501 0.82688
0.18075 0.037501 0.83756
0.17154 0.037501 0.85436
0.18978 0.037501 0.84449
0.1878 0.037501 0.85168
0.16959 0.037498 0.87394
0.16944 0.037504 0.89069
0.1955 0.037499 0.86851
0.19454 0.037503 0.8885
0.17131 0.037509 0.92869
0.18638 0.03751 0.92971
0.18089 0.036527 0.95347
0.18801 0.037491 0.93825
0.19313 0.035986 0.95599
0.20329 0.0375 0.044587
0.21158 0.0375 0.059184
0.22503 0.0375 0.035022
0.22312 0.0375 0.05693
0.21028 0.0375 0.069578
0.20705 0.0375 0.089881
0.22763 0.0375 0.071846
0.22428 0.0375 0.094844
0.21278 0.0375 0.1023
0.20695 0.0375 0.12896
0.22951 0.0375 0.103
0.2214 0.0375 0.12345
0.20602 0.0375 0.14456
0.2019 0.0375 0.17679
0.21237 0.0375 0.19334
0.22843 0.0375 0.17599
0.23096 0.0375 0.18718
0.20769 0.0375 0.20421
0.22516 0.0375 0.20417
0.21387 0.0375 0.24279
0.22755 0.0375 0.23758
0.22535 0.0375 0.26147
0.20734 0.0375 0.27796
0.20242 0.0375 0.28623
0.22581 0.0375 0.27227
0.21928 0.0375 0.29044
0.21148 0.0375 0.31131
0.20995 0.0375 0.33144
0.21856 0.0375 0.31995
0.20337 0.0375 0.33722
0.20918 0.0375 0.36012
0.22006 0.0375 0.33689
0.23026 0.0375 0.35456
0.2133 0.0375 0.36997
0.211 0.0375 0.38759
0.2254 0.0375 0.36878
0.22003 0.0375 0.3944
0.21036 0.0375 0.41204
0.21943 0.0375 0.40909
0.21156 0.0375 0.43533
0.20335 0.0375 0.46056
0.22643 0.0375 0.43736
0.22767 0.0375 0.45508
0.21027 0.0375 0.47219
0.21433 0.0375 0.49162
0.21894 0.0375 0.47983
0.22433 0.0375 0.49236
0.20961 0.0375 0.51111
0.21178 0.0375 0.52316
0.2123 0.0375 0.5386
0.21273 0.0375 0.55192
0.22471 0.0375 0.55248
0.20699 0.0375 0.58086
0.20239 0.0375 0.59271
0.22536 0.0375 0.57843
0.22472 0.0375 0.58514
0.20253 0.0375 0.60489
0.20354 0.0375 0.62921
0.22855 0.0375 0.62831
0.20324 0.0375 0.64558
0.21272 0.0375 0.65184
0.22743 0.0375 0.63699
0.21226 0.0375 0.67017
0.20538 0.0375 0.69245
0.22337 0.0375 0.6712
0.2209 0.0375 0.69332
0.20389 0.0375 0.70635
0.20297 0.0375 0.72553
0.22096 0.0375 0.70777
0.22272 0.0375 0.71894
0.20587 0.037501 0.75772
0.22269 0.0375 0.74558
0.20464 0.037501 0.77955
0.2114 0.037501 0.79133
0.22292 0.037501 0.77016
0.20546 0.037501 0.83056
0.2286 0.037501 0.81422
0.2252 0.037501 0.8291
0.20584 0.037501 0.84503
0.20914 0.0375 0.85864
0.2236 0.037501 0.83574
0.22467 0.0375 0.85764
0.20799 0.037498 0.87439
0.21024 0.037505 0.89214
0.22079 0.037498 0.87593
0.22545 0.037506 0.895
0.21409 0.037508 0.92694
0.22509 0.037521 0.91308
0.20219 0.037474 0.94671
0.21359 0.034956 0.96258
0.22169 0.037482 0.94237
0.2221 0.035783 0.95702
0.2356 0.0375 0.035033
0.23924 0.0375 0.062075
0.25288 0.0375 0.042684
0.26103 0.0375 0.056706
0.24096 0.0375 0.068388
0.23731 0.0375 0.085554
0.25697 0.0375 0.076717
0.2603 0.0375 0.086397
0.24711 0.0375 0.1206
0.25681 0.0375 0.1026
0.25251 0.0375 0.12753
0.23685 0.0375 0.14624
0.25601 0.0375 0.14092
0.2621 0.0375 0.15781
0.23757 0.0375 0.1783
0.24797 0.0375 0.19356
0.25509 0.0375 0.17857
0.26122 0.0375 0.1883
0.24134 0.0375 0.21314
0.23522 0.0375 0.23143
0.25807 0.0375 0.20834
0.23511 0.0375 0.24667
0.2423 0.0375 0.25239
0.24445 0.0375 0.2761
0.24366 0.0375 0.29672
0.26283 0.0375 0.28663
0.26233 0.0375 0.31132
0.25954 0.0375 0.32599
0.23857 0.0375 0.35789
0.25733 0.0375 0.34682
0.26431 0.0375 0.364
0.24268 0.0375 0.36964
0.25587 0.0375 0.3758
0.25193 0.0375 0.38966
0.23633 0.0375 0.40849
0.24773 0.0375 0.42198
0.25631 0.0375 0.40253
0.24312 0.0375 0.43593
0.242 0.0375 0.45493
0.26188 0.0375 0.43957
0.25887 0.0375 0.4584
0.23781 0.0375 0.47847
0.2547 0.0375 0.47432
0.26356 0.0375 0.48862
0.25298 0.0375 0.50687
0.25756 0.0375 0.52975
0.24431 0.0375 0.54431
0.23698 0.0375 0.56123
0.24436 0.0375 0.58669
0.25411 0.0375 0.59289
0.24794 0.0375 0.60484
0.24277 0.0375 0.63113
0.25433 0.0375 0.60883
0.25786 0.0375 0.62633
0.23787 0.0375 0.64575
0.24594 0.0375 0.65597
0.25652 0.0375 0.64751
0.25696 0.0375 0.66183
0.24487 0.0375 0.6788
0.2632 0.0375 0.68663
0.24322 0.0375 0.71457
0.2556 0.0375 0.70509
0.25611 0.0375 0.72463
0.2419 0.0375 0.73832
0.23859 0.037501 0.75604
0.25645 0.0375 0.74345
0.2648 0.037501 0.76024
0.2354 0.037501 0.77655
0.24354 0.037501 0.7891
0.26011 0.037501 0.76997
0.2436 0.037501 0.80504
0.26139 0.037501 0.80633
0.25446 0.037501 0.82608
0.24407 0.037501 0.84236
0.23932 0.0375 0.85834
0.23756 0.037497 0.87699
0.23633 0.037499 0.88661
0.25931 0.037498 0.87511
0.24635 0.037517 0.91161
0.23694 0.037505 0.92809
0.25242 0.03751 0.90222
0.2609 0.037501 0.93014
0.24393 0.035123 0.96124
0.25609 0.037493 0.93575
0.27721 0.0375 0.057132
0.29739 0.0375 0.061856
0.27905 0.0375 0.080935
0.27243 0.0375 0.096114
0.296 0.0375 0.075516
0.27357 0.0375 0.11142
0.29288 0.0375 0.10642
0.28831 0.0375 0.12581
0.2745 0.0375 0.13918
0.27223 0.0375 0.16041
0.29586 0.0375 0.14122
0.29773 0.0375 0.16181
0.26886 0.0375 0.17358
0.27438 0.0375 0.18685
0.29011 0.0375 0.19758
0.2782 0.0375 0.22096
0.29259 0.0375 0.20289
0.29107 0.0375 0.22878
0.27506 0.0375 0.26498
0.29191 0.0375 0.24366
0.29413 0.0375 0.26308
0.28855 0.0375 0.27083
0.27038 0.0375 0.31304
0.27351 0.0375 0.3223
0.298 0.0375 0.32619
0.27105 0.0375 0.34193
0.2773 0.0375 0.36482
0.28601 0.0375 0.34774
0.28973 0.0375 0.36051
0.27557 0.0375 0.37079
0.27633 0.0375 0.39011
0.29284 0.0375 0.38164
0.27431 0.0375 0.41005
0.27184 0.0375 0.42452
0.29218 0.0375 0.41494
0.28712 0.0375 0.42972
0.27054 0.0375 0.4637
0.28546 0.0375 0.43756
0.296 0.0375 0.4564
0.26983 0.0375 0.47672
0.27631 0.0375 0.49201
0.29429 0.0375 0.48833
0.27545 0.0375 0.5107
0.28775 0.0375 0.5311
0.27831 0.0375 0.53654
0.27626 0.0375 0.5646
0.28774 0.0375 0.54613
0.29772 0.0375 0.5554
0.28056 0.0375 0.57062
0.27126 0.0375 0.59639
0.28962 0.0375 0.57287
0.28924 0.0375 0.58522
0.27572 0.0375 0.60718
0.27453 0.0375 0.62608
0.29124 0.0375 0.622
0.27605 0.0375 0.64445
0.27321 0.0375 0.66055
0.28945 0.0375 0.64409
0.29128 0.0375 0.66106
0.27247 0.0375 0.66905
0.27958 0.0375 0.69017
0.29741 0.0375 0.66971
0.29109 0.0375 0.69673
0.27579 0.0375 0.71143
0.27916 0.0375 0.71935
0.29704 0.0375 0.72218
0.2811 0.037501 0.74684
0.27677 0.037501 0.76371
0.29612 0.037501 0.73885
0.27069 0.037501 0.77168
0.27837 0.037501 0.78983
0.29638 0.037501 0.77586
0.29192 0.037501 0.79378
0.29318 0.037501 0.81128
0.28568 0.037501 0.82695
0.27805 0.037501 0.84484
0.29648 0.037501 0.84213
0.28838 0.0375 0.85742
0.27189 0.037497 0.87941
0.28145 0.037504 0.89193
0.29302 0.037498 0.87869
0.28594 0.037504 0.89298
0.29712 0.037511 0.90902
0.29461 0.037508 0.92576
0.27745 0.037475 0.94615
0.28017 0.036121 0.9553
0.29745 0.0375 0.93568
0.28562 0.035277 0.96018
0.30342 0.0375 0.045767
0.30689 0.0375 0.059323
0.32962 0.0375 0.044613
0.3308 0.0375 0.059138
0.30548 0.0375 0.081156
0.30951 0.0375 0.088863
0.32569 0.0375 0.071437
0.32186 0.0375 0.09569
0.30771 0.0375 0.11039
0.30574 0.0375 0.12861
0.33005 0.0375 0.10557
0.32076 0.0375 0.12642
0.30452 0.0375 0.14735
0.30786 0.0375 0.15895
0.32409 0.0375 0.14629
0.3251 0.0375 0.15586
0.30618 0.0375 0.18064
0.30941 0.0375 0.19558
0.32578 0.0375 0.17497
0.31128 0.0375 0.22577
0.33121 0.0375 0.21197
0.33005 0.0375 0.22025
0.30305 0.0375 0.24692
0.3101 0.0375 0.25752
0.32018 0.0375 0.26233
0.30913 0.0375 0.27078
0.30355 0.0375 0.29425
0.31876 0.0375 0.27042
0.32427 0.0375 0.28851
0.30471 0.0375 0.3136
0.30489 0.0375 0.3226
0.3214 0.0375 0.31414
0.32218 0.0375 0.32156
0.31061 0.0375 0.33906
0.30239 0.0375 0.36314
0.32321 0.0375 0.34588
0.33049 0.0375 0.36201
0.30736 0.0375 0.36857
0.30368 0.0375 0.39617
0.31959 0.0375 0.37811
0.32894 0.0375 0.39295
0.30406 0.0375 0.41398
0.31343 0.0375 0.42325
0.32022 0.0375 0.41128
0.32606 0.0375 0.42698
0.30724 0.0375 0.4433
0.30431 0.0375 0.46181
0.32698 0.0375 0.4418
0.32969 0.0375 0.45256
0.31297 0.0375 0.48675
0.32498 0.0375 0.47661
0.31959 0.0375 0.49527
0.31361 0.0375 0.50583
0.30467 0.0375 0.51973
0.33135 0.0375 0.50702
0.31841 0.0375 0.5364
0.3221 0.0375 0.557
0.30462 0.0375 0.57351
0.32925 0.0375 0.58743
0.30171 0.0375 0.6126
0.30453 0.0375 0.62539
0.33121 0.0375 0.62097
0.32671 0.0375 0.64816
0.32884 0.0375 0.66256
0.33091 0.0375 0.6942
0.3301 0.0375 0.71324
0.32329 0.0375 0.72542
0.30862 0.0375 0.73521
0.31402 0.037501 0.75513
0.32562 0.037501 0.74195
0.32336 0.037501 0.76024
0.3136 0.037501 0.77557
0.3057 0.037501 0.78937
0.32044 0.037501 0.77982
0.32047 0.037501 0.79668
0.30401 0.037501 0.80317
0.322 0.037501 0.82451
0.30538 0.037501 0.83932
0.31151 0.037501 0.8572
0.30392 0.037499 0.88119
0.3116 0.0375 0.88919
0.32364 0.0375 0.87019
0.32169 0.037502 0.8958
0.30474 0.037509 0.91241
0.31409 0.037509 0.92874
0.33087 0.037507 0.90525
0.32182 0.037507 0.9224
0.30579 0.037503 0.94533
0.32407 0.037503 0.94254
0.34101 0.0375 0.040913
0.34009 0.0375 0.056463
0.36467 0.0375 0.041032
0.35405 0.0375 0.052026
0.34054 0.0375 0.074847
0.34009 0.0375 0.087705
0.35542 0.0375 0.085529
0.34208 0.0375 0.10718
0.3372 0.0375 0.12524
0.35677 0.0375 0.12454
0.34018 0.0375 0.14289
0.3445 0.0375 0.15561
0.35635 0.0375 0.14516
0.36318 0.0375 0.15405
0.34525 0.0375 0.17397
0.34539 0.0375 0.18512
0.35232 0.0375 0.16963
0.35749 0.0375 0.18531
0.33865 0.0375 0.20504
0.33775 0.0375 0.2259
0.3541 0.0375 0.20459
0.34526 0.0375 0.2395
0.34116 0.0375 0.26311
0.35575 0.0375 0.24261
0.36326 0.0375 0.25913
0.347 0.0375 0.28017
0.34474 0.0375 0.29047
0.36214 0.0375 0.27794
0.35472 0.0375 0.28611
0.33915 0.0375 0.30482
0.34172 0.0375 0.32846
0.35591 0.0375 0.30488
0.35248 0.0375 0.32857
0.34694 0.0375 0.33591
0.33733 0.0375 0.35558
0.35253 0.0375 0.34562
0.36415 0.0375 0.37815
0.36317 0.0375 0.39611
0.34142 0.0375 0.41237
0.34049 0.0375 0.42823
0.35354 0.0375 0.40682
0.34468 0.0375 0.44234
0.35879 0.0375 0.43999
0.33555 0.0375 0.47824
0.34246 0.0375 0.49715
0.36104 0.0375 0.49236
0.34736 0.0375 0.50553
0.35286 0.0375 0.50576
0.36483 0.0375 0.52627
0.33507 0.0375 0.56009
0.36226 0.0375 0.53803
0.35597 0.0375 0.5568
0.34766 0.0375 0.58043
0.33724 0.0375 0.59822
0.33756 0.0375 0.60613
0.34209 0.0375 0.62321
0.36106 0.0375 0.60276
0.36485 0.0375 0.61854
0.34787 0.0375 0.64754
0.33635 0.0375 0.66262
0.36137 0.0375 0.64256
0.35579 0.0375 0.65937
0.33827 0.0375 0.68935
0.35718 0.0375 0.67198
0.36137 0.0375 0.69582
0.33526 0.0375 0.70693
0.34285 0.0375 0.72028
0.35858 0.0375 0.7078
0.35222 0.0375 0.73036
0.34154 0.0375 0.73668
0.34241 0.037501 0.76371
0.35462 0.0375 0.74175
0.35725 0.037501 0.75862
0.35522 0.037501 0.77578
0.35592 0.037501 0.79827
0.34711 0.037501 0.81131
0.33632 0.037501 0.81887
0.35637 0.037501 0.82269
0.34659 0.037501 0.84115
0.34425 0.037501 0.85822
0.3635 0.037501 0.83511
0.36246 0.0375 0.85913
0.33856 0.037498 0.87723
0.3418 0.037502 0.89138
0.35473 0.037499 0.88602
0.34682 0.037515 0.90899
0.34009 0.037502 0.92654
0.3545 0.037517 0.91206
0.35442 0.037506 0.92356
0.34623 0.037477 0.93801
0.33792 0.035558 0.95832
0.3611 0.037481 0.93785
0.35308 0.034951 0.96255
0.37148 0.0375 0.035167
0.3811 0.0375 0.056691
0.38987 0.0375 0.041133
0.39095 0.0375 0.071437
0.39466 0.0375 0.093771
0.37109 0.0375 0.10635
0.38137 0.0375 0.11958
0.39394 0.0375 0.11026
0.38876 0.0375 0.11903
0.37109 0.0375 0.14814
0.37261 0.0375 0.16193
0.3944 0.0375 0.14192
0.37905 0.0375 0.17256
0.37393 0.0375 0.18509
0.39437 0.0375 0.19676
0.37517 0.0375 0.20426
0.37861 0.0375 0.22184
0.38996 0.0375 0.21043
0.38995 0.0375 0.2207
0.37498 0.0375 0.24716
0.37302 0.0375 0.25919
0.39818 0.0375 0.23954
0.39576 0.0375 0.26358
0.37257 0.0375 0.27473
0.37272 0.0375 0.29789
0.39623 0.0375 0.28111
0.38535 0.0375 0.29592
0.3802 0.0375 0.32165
0.39294 0.0375 0.30978
0.39227 0.0375 0.31993
0.36962 0.0375 0.33658
0.37604 0.0375 0.35808
0.37196 0.0375 0.3888
0.39245 0.0375 0.37041
0.37977 0.0375 0.40885
0.3895 0.0375 0.40888
0.38752 0.0375 0.42155
0.37903 0.0375 0.44821
0.38064 0.0375 0.45872
0.38542 0.0375 0.4405
0.38933 0.0375 0.46462
0.37084 0.0375 0.48008
0.39325 0.0375 0.49192
0.37308 0.0375 0.51073
0.37885 0.0375 0.53047
0.39049 0.0375 0.50793
0.38604 0.0375 0.53078
0.37991 0.0375 0.54775
0.37086 0.0375 0.56074
0.36915 0.0375 0.57922
0.36895 0.0375 0.59656
0.38747 0.0375 0.57287
0.39289 0.0375 0.59491
0.37194 0.0375 0.61481
0.37099 0.0375 0.62354
0.38618 0.0375 0.61298
0.39014 0.0375 0.62391
0.36885 0.0375 0.64338
0.37021 0.0375 0.66463
0.39645 0.0375 0.64034
0.39659 0.0375 0.65225
0.37008 0.0375 0.67672
0.38694 0.0375 0.66852
0.39052 0.0375 0.6916
0.38152 0.0375 0.7264
0.39707 0.0375 0.70557
0.39026 0.0375 0.72715
0.37803 0.037501 0.74724
0.36952 0.037501 0.75352
0.38593 0.0375 0.74387
0.38094 0.037501 0.7772
0.37827 0.037501 0.79613
0.38758 0.037501 0.77219
0.37754 0.037501 0.80614
0.37109 0.037501 0.82824
0.37418 0.037501 0.83643
0.37274 0.037501 0.8541
0.38814 0.037501 0.83678
0.38952 0.0375 0.86221
0.37524 0.037497 0.87437
0.3708 0.037502 0.89396
0.3924 0.037504 0.89765
0.37474 0.03751 0.9089
0.38151 0.037504 0.92808
0.38798 0.037509 0.90836
0.39504 0.037504 0.93075
0.37865 0.037491 0.94148
0.37274 0.036425 0.95395
0.39157 0.037494 0.94225
0.39768 0.036242 0.9548
0.41451 0.0375 0.036703
0.42004 0.0375 0.04152
0.42102 0.0375 0.064647
0.40482 0.0375 0.081367
0.42612 0.0375 0.073587
0.43124 0.0375 0.094779
0.41443 0.0375 0.10856
0.40498 0.0375 0.12004
0.42167 0.0375 0.10617
0.42151 0.0375 0.1274
0.41155 0.0375 0.14715
0.4067 0.0375 0.16385
0.42619 0.0375 0.15497
0.41004 0.0375 0.1733
0.40902 0.0375 0.19465
0.42097 0.0375 0.18002
0.42323 0.0375 0.18705
0.41415 0.0375 0.23118
0.4254 0.0375 0.2109
0.43052 0.0375 0.21864
0.40168 0.0375 0.24546
0.4131 0.0375 0.26476
0.4308 0.0375 0.23701
0.4121 0.0375 0.28048
0.4083 0.0375 0.28956
0.43067 0.0375 0.29521
0.41471 0.0375 0.31254
0.4069 0.0375 0.32489
0.42784 0.0375 0.30309
0.42358 0.0375 0.31941
0.40863 0.0375 0.34452
0.41336 0.0375 0.3597
0.42714 0.0375 0.33925
0.42149 0.0375 0.36438
0.40929 0.0375 0.3904
0.42816 0.0375 0.3731
0.40207 0.0375 0.41064
0.40483 0.0375 0.42846
0.42856 0.0375 0.41218
0.42478 0.0375 0.42615
0.41066 0.0375 0.44533
0.41339 0.0375 0.45938
0.42523 0.0375 0.43688
0.40283 0.0375 0.47438
0.40388 0.0375 0.49224
0.42505 0.0375 0.47306
0.41964 0.0375 0.49755
0.41128 0.0375 0.50229
0.40584 0.0375 0.52022
0.42784 0.0375 0.50417
0.42191 0.0375 0.52378
0.40805 0.0375 0.54746
0.42544 0.0375 0.55255
0.40498 0.0375 0.58544
0.42451 0.0375 0.59754
0.40494 0.0375 0.60834
0.40797 0.0375 0.63119
0.42225 0.0375 0.61015
0.4084 0.0375 0.6416
0.41253 0.0375 0.65511
0.42185 0.0375 0.64026
0.42962 0.0375 0.65237
0.40308 0.0375 0.67625
0.40877 0.0375 0.68619
0.42959 0.0375 0.67494
0.42943 0.0375 0.69171
0.41293 0.0375 0.70868
0.40741 0.0375 0.72189
0.42549 0.0375 0.7201
0.40575 0.037501 0.75436
0.42398 0.0375 0.74192
0.4184 0.037501 0.75846
0.40987 0.037501 0.7751
0.40191 0.037501 0.79529
0.42693 0.037501 0.77678
0.42995 0.037501 0.79317
0.41383 0.037501 0.81365
0.43087 0.037501 0.80613
0.4184 0.037501 0.82228
0.40455 0.037501 0.83743
0.42371 0.037501 0.85958
0.41252 0.037498 0.87899
0.40815 0.037506 0.89692
0.42733 0.037498 0.87949
0.42212 0.037501 0.88827
0.40986 0.037513 0.90716
0.4081 0.037505 0.92994
0.4272 0.037508 0.92752
0.40282 0.03749 0.94489
0.41839 0.037497 0.93797
0.42803 0.035126 0.96119
0.43774 0.0375 0.041608
0.44351 0.0375 0.061793
0.45693 0.0375 0.045172
0.43768 0.0375 0.072137
0.4382 0.0375 0.092871
0.46485 0.0375 0.080989
0.45855 0.0375 0.096915
0.4351 0.0375 0.12173
0.46237 0.0375 0.104
0.44561 0.0375 0.14255
0.43795 0.0375 0.15824
0.45428 0.0375 0.1447
0.46396 0.0375 0.15978
0.44647 0.0375 0.17233
0.44343 0.0375 0.1936
0.46123 0.0375 0.18011
0.45874 0.0375 0.19729
0.44655 0.0375 0.20861
0.44125 0.0375 0.2209
0.45423 0.0375 0.22875
0.4389 0.0375 0.2417
0.43574 0.0375 0.25743
0.45216 0.0375 0.24059
0.4385 0.0375 0.26873
0.43899 0.0375 0.28527
0.45869 0.0375 0.27968
0.46261 0.0375 0.29354
0.43777 0.0375 0.3021
0.45231 0.0375 0.31463
0.46032 0.0375 0.33032
0.44017 0.0375 0.34077
0.43895 0.0375 0.35891
0.45773 0.0375 0.33797
0.45414 0.0375 0.35296
0.44144 0.0375 0.37179
0.43875 0.0375 0.39645
0.46265 0.0375 0.37389
0.45701 0.0375 0.38756
0.45535 0.0375 0.4134
0.44045 0.0375 0.44386
0.44012 0.0375 0.45916
0.45984 0.0375 0.4406
0.46372 0.0375 0.45884
0.43562 0.0375 0.47082
0.44304 0.0375 0.49011
0.46366 0.0375 0.4962
0.44459 0.0375 0.50662
0.43518 0.0375 0.52159
0.45281 0.0375 0.5086
0.45529 0.0375 0.53025
0.44654 0.0375 0.54695
0.4468 0.0375 0.55738
0.45539 0.0375 0.54342
0.45383 0.0375 0.5545
0.44109 0.0375 0.57981
0.45358 0.0375 0.57078
0.44727 0.0375 0.60462
0.43521 0.0375 0.62546
0.45778 0.0375 0.60913
0.46201 0.0375 0.62373
0.4401 0.0375 0.64493
0.43793 0.0375 0.65655
0.45707 0.0375 0.64471
0.45421 0.0375 0.65541
0.43766 0.0375 0.67827
0.44444 0.0375 0.69344
0.46369 0.0375 0.6928
0.44063 0.0375 0.70982
0.44504 0.0375 0.72773
0.45492 0.0375 0.70861
0.45853 0.0375 0.73049
0.44722 0.0375 0.73845
0.4356 0.037501 0.75991
0.45944 0.0375 0.74371
0.45583 0.037501 0.76095
0.43972 0.037501 0.77449
0.44107 0.037501 0.79653
0.45387 0.037501 0.77812
0.46449 0.037501 0.79794
0.44263 0.037501 0.81942
0.45376 0.037501 0.81354
0.45355 0.037501 0.82295
0.44412 0.037501 0.8363
0.43713 0.037501 0.85961
0.46254 0.037501 0.83704
0.43944 0.0375 0.86999
0.44005 0.037502 0.89014
0.45247 0.037499 0.88056
0.46002 0.037503 0.89416
0.44661 0.037511 0.91376
0.44659 0.037508 0.92589
0.45974 0.03751 0.91448
0.45542 0.037505 0.93034
0.44379 0.037496 0.94713
0.46364 0.037499 0.94356
0.45956 0.034876 0.96323
0.46711 0.1112 0.48225
0.46383 0.11276 0.49124
0.46511 0.11354 0.51265
0.46793 0.12253 0.50381
0.48129 0.0375 0.046217
0.47818 0.0375 0.064936
0.49585 0.0375 0.039097
0.48805 0.0375 0.062916
0.47104 0.0375 0.081504
0.47436 0.0375 0.093891
0.49216 0.0375 0.074163
0.49126 0.0375 0.095015
0.48116 0.0375 0.11234
0.47653 0.0375 0.11906
0.48568 0.0375 0.1064
0.49505 0.0375 0.12773
0.47498 0.0375 0.13975
0.49185 0.0375 0.15451
0.47053 0.0375 0.17567
0.47734 0.0375 0.19002
0.48677 0.0375 0.17142
0.47843 0.0375 0.20653
0.47538 0.0375 0.22481
0.48964 0.0375 0.20354
0.48977 0.0375 0.22214
0.47259 0.0375 0.24711
0.4785 0.0375 0.25382
0.48703 0.0375 0.23881
0.49253 0.0375 0.25223
0.46876 0.0375 0.28061
0.48045 0.0375 0.28577
0.49271 0.0375 0.27992
0.49746 0.0375 0.29538
0.47419 0.0375 0.31444
0.4777 0.0375 0.32569
0.48817 0.0375 0.32707
0.47338 0.0375 0.34434
0.47832 0.0375 0.36326
0.48989 0.0375 0.34807
0.49377 0.0375 0.36442
0.47746 0.0375 0.37574
0.48047 0.0375 0.38869
0.49596 0.0375 0.39616
0.47566 0.0375 0.4149
0.48811 0.0375 0.41063
0.49039 0.0375 0.42415
0.47063 0.0375 0.44539
0.4759 0.0375 0.46059
0.48755 0.0375 0.44272
0.49086 0.0375 0.45547
0.47942 0.0375 0.47695
0.495 0.0375 0.49652
0.48053 0.0375 0.50719
0.47127 0.0375 0.52783
0.48811 0.0375 0.52928
0.47848 0.0375 0.54698
0.49481 0.0375 0.53623
0.49761 0.0375 0.55378
0.47067 0.0375 0.57058
0.4748 0.0375 0.58941
0.49421 0.0375 0.5743
0.49786 0.0375 0.59407
0.47397 0.0375 0.60436
0.47218 0.0375 0.63143
0.48676 0.0375 0.60772
0.49591 0.0375 0.63079
0.46958 0.0375 0.63738
0.46957 0.0375 0.65771
0.49765 0.0375 0.64309
0.47562 0.0375 0.67063
0.47281 0.0375 0.69831
0.48507 0.0375 0.67597
0.49173 0.0375 0.69084
0.47712 0.0375 0.71936
0.49177 0.0375 0.70271
0.49296 0.0375 0.72423
0.47706 0.0375 0.74043
0.47845 0.037501 0.75484
0.49395 0.0375 0.74288
0.49542 0.037501 0.75568
0.48017 0.037501 0.76861
0.47113 0.037501 0.79115
0.49182 0.037501 0.79808
0.47905 0.037501 0.82702
0.49396 0.037501 0.80875
0.49186 0.037501 0.82995
0.47711 0.037501 0.84155
0.47937 0.037501 0.85804
0.48622 0.037501 0.85529
0.47632 0.0375 0.87415
0.47366 0.0375 0.88524
0.49428 0.0375 0.87962
0.46964 0.037506 0.92728
0.49122 0.037507 0.90857
0.48644 0.037503 0.92974
0.47627 0.037499 0.9444
0.47625 0.036788 0.95251
0.4875 0.037498 0.93821
0.49516 0.08259 0.48141
0.48107 0.092561 0.5024
0.49013 0.090915 0.50786
0.49346 0.093993 0.51697
0.49224 0.091519 0.46753
0.49586 0.10034 0.46287
0.47463 0.094624 0.48134
0.47367 0.095163 0.49297
0.47418 0.099689 0.47512
0.46931 0.10063 0.48705
0.49695 0.086301 0.47388
0.48478 0.083281 0.48742
0.49483 0.09145 0.46721
0.49338 0.09444 0.49715
0.47907 0.098872 0.51074
0.46513 0.10719 0.51042
0.4788 0.10578 0.53037
0.49797 0.089978 0.51489
0.48794 0.09888 0.52872
0.49152 0.10275 0.51403
0.48502 0.1004 0.5304
0.48046 0.10468 0.53111
0.49659 0.10563 0.46277
0.47656 0.11616 0.47364
0.47669 0.109 0.49483
0.48204 0.12136 0.47293
0.47153 0.12669 0.49562
0.48642 0.10763 0.46542
0.48579 0.11282 0.4939
0.48811 0.12594 0.47321
0.49396 0.13585 0.48384
0.46875 0.11775 0.51681
0.47004 0.11548 0.52059
0.46877 0.12376 0.50192
0.47978 0.12864 0.5178
0.4855 0.10995 0.50592
0.49395 0.11688 0.5201
0.4964 0.12187 0.50209
0.48762 0.12913 0.52339
0.48058 0.11011 0.53199
0.49221 0.11022 0.53657
0.48979 0.13365 0.48168
0.49254 0.13537 0.51655
0.50744 0.0375 0.045828
0.5253 0.0375 0.047989
0.52434 0.0375 0.058093
0.50675 0.0375 0.072897
0.50688 0.0375 0.090463
0.5295 0.0375 0.069014
0.5236 0.0375 0.090869
0.50219 0.0375 0.1091
0.51195 0.0375 0.12012
0.5272 0.0375 0.11167
0.52257 0.0375 0.11861
0.51483 0.0375 0.14223
0.51263 0.0375 0.15329
0.51899 0.0375 0.14063
0.52044 0.0375 0.16371
0.5103 0.0375 0.16993
0.51496 0.0375 0.18534
0.52871 0.0375 0.18114
0.51888 0.0375 0.18604
0.51437 0.0375 0.21091
0.50232 0.0375 0.21907
0.5274 0.0375 0.20586
0.52973 0.0375 0.2191
0.51171 0.0375 0.24299
0.51013 0.0375 0.25833
0.52318 0.0375 0.24423
0.51979 0.0375 0.26063
0.50461 0.0375 0.29241
0.52398 0.0375 0.27677
0.5206 0.0375 0.28516
0.50529 0.0375 0.30706
0.5135 0.0375 0.32784
0.52841 0.0375 0.30493
0.52981 0.0375 0.32632
0.50501 0.0375 0.34539
0.52931 0.0375 0.34531
0.53107 0.0375 0.35519
0.50218 0.0375 0.39582
0.51991 0.0375 0.37435
0.52804 0.0375 0.39776
0.50546 0.0375 0.41374
0.50622 0.0375 0.42128
0.53053 0.0375 0.42307
0.51292 0.0375 0.44232
0.50849 0.0375 0.45407
0.52105 0.0375 0.44484
0.52442 0.0375 0.4628
0.50914 0.0375 0.47816
0.52708 0.0375 0.47562
0.52134 0.0375 0.49133
0.50277 0.0375 0.50753
0.50723 0.0375 0.52917
0.51963 0.0375 0.5097
0.52935 0.0375 0.52939
0.50306 0.0375 0.56104
0.5225 0.0375 0.55507
0.52569 0.0375 0.57151
0.52272 0.0375 0.58786
0.50533 0.0375 0.62522
0.52268 0.0375 0.60239
0.53013 0.0375 0.62551
0.50694 0.0375 0.6409
0.51327 0.0375 0.65549
0.52743 0.0375 0.64663
0.5311 0.0375 0.65743
0.50848 0.0375 0.67474
0.5029 0.0375 0.68873
0.52094 0.0375 0.6707
0.53162 0.0375 0.68725
0.50221 0.0375 0.71432
0.50829 0.0375 0.72902
0.51896 0.0375 0.73018
0.50693 0.037501 0.74184
0.50801 0.037501 0.75376
0.52585 0.037501 0.73529
0.51925 0.037501 0.75549
0.51424 0.037501 0.76952
0.50487 0.037501 0.79186
0.52647 0.037501 0.7794
0.53107 0.037501 0.79251
0.50641 0.037501 0.80945
0.51181 0.037501 0.81874
0.52348 0.037501 0.81348
0.52392 0.037501 0.82319
0.51067 0.037501 0.85257
0.53146 0.037501 0.8597
0.5091 0.0375 0.87686
0.51464 0.037501 0.89137
0.53022 0.037499 0.87608
0.53099 0.037502 0.89399
0.50169 0.037507 0.91449
0.52024 0.037505 0.91117
0.50422 0.036888 0.95207
0.52747 0.037478 0.94478
0.52539 0.035608 0.95809
0.50476 0.082631 0.49763
0.50598 0.084644 0.51049
0.50546 0.085951 0.47507
0.51582 0.082084 0.49199
0.51798 0.096344 0.4683
0.50174 0.099792 0.48571
0.52959 0.088728 0.49832
0.52787 0.098186 0.47741
0.53656 0.10045 0.49629
0.50979 0.082985 0.50788
0.50247 0.096399 0.52665
0.51495 0.092399 0.51372
0.51401 0.10926 0.53467
0.5222 0.083419 0.50915
0.51973 0.096839 0.52506
0.53643 0.10184 0.50859
0.52756 0.10177 0.52443
0.50485 0.10907 0.53711
0.51124 0.11143 0.46534
0.51206 0.11779 0.46792
0.50414 0.11544 0.49082
0.5086 0.12705 0.47294
0.51187 0.13481 0.48501
0.52755 0.11274 0.4761
0.53242 0.11964 0.49071
0.52547 0.12826 0.49015
0.51358 0.10977 0.5103
0.5103 0.11874 0.53299
0.50982 0.1222 0.50606
0.50578 0.13123 0.52346
0.53279 0.1147 0.51368
0.5249 0.11437 0.5262
0.53065 0.12292 0.50744
0.50349 0.13482 0.4812
0.51 0.136 0.48629
0.51217 0.13634 0.5108
0.5406 0.0375 0.055281
0.56238 0.0375 0.036819
0.55819 0.0375 0.06464
0.54253 0.0375 0.095587
0.55424 0.0375 0.073298
0.55489 0.0375 0.091331
0.54268 0.0375 0.11233
0.54697 0.0375 0.12859
0.55217 0.0375 0.11154
0.55213 0.0375 0.12875
0.54305 0.0375 0.13953
0.5623 0.0375 0.14091
0.55523 0.0375 0.15276
0.54565 0.0375 0.17781
0.56375 0.0375 0.17534
0.54656 0.0375 0.20876
0.53865 0.0375 0.2257
0.56392 0.0375 0.20564
0.55805 0.0375 0.22938
0.54297 0.0375 0.23705
0.55326 0.0375 0.23534
0.56338 0.0375 0.26411
0.54278 0.0375 0.27774
0.56143 0.0375 0.28062
0.55985 0.0375 0.289
0.53965 0.0375 0.32184
0.56274 0.0375 0.30761
0.55824 0.0375 0.3196
0.54567 0.0375 0.34026
0.54359 0.0375 0.36112
0.55767 0.0375 0.34515
0.56165 0.0375 0.3594
0.53532 0.0375 0.37067
0.54228 0.0375 0.39749
0.55467 0.0375 0.37354
0.53788 0.0375 0.42273
0.56362 0.0375 0.41351
0.56063 0.0375 0.42426
0.53668 0.0375 0.45866
0.56187 0.0375 0.43953
0.5354 0.0375 0.47657
0.53821 0.0375 0.49001
0.53834 0.0375 0.50475
0.56185 0.0375 0.51186
0.56347 0.0375 0.53012
0.54602 0.0375 0.54296
0.54036 0.0375 0.56491
0.55623 0.0375 0.5461
0.56416 0.0375 0.5564
0.54615 0.0375 0.57052
0.56293 0.0375 0.5705
0.55618 0.0375 0.58739
0.54617 0.0375 0.60407
0.53623 0.0375 0.6236
0.56484 0.0375 0.62779
0.54308 0.0375 0.63914
0.54427 0.0375 0.66221
0.56072 0.0375 0.63521
0.53781 0.0375 0.67108
0.5462 0.0375 0.69453
0.55925 0.0375 0.67347
0.55276 0.0375 0.69513
0.53509 0.0375 0.71166
0.53759 0.0375 0.72817
0.55667 0.0375 0.70385
0.5386 0.037501 0.73915
0.55177 0.037501 0.74786
0.56213 0.037501 0.76292
0.53774 0.037501 0.77018
0.54189 0.037501 0.794
0.56315 0.037501 0.78054
0.56288 0.037501 0.79814
0.54708 0.037501 0.80532
0.54195 0.037501 0.82997
0.5537 0.037501 0.80767
0.55468 0.037501 0.82624
0.5391 0.037501 0.84831
0.55259 0.037501 0.84698
0.55955 0.0375 0.86238
0.54094 0.0375 0.88679
0.55582 0.037498 0.88122
0.56366 0.0375 0.88876
0.54612 0.037512 0.90872
0.53659 0.037498 0.92929
0.5584 0.037512 0.91201
0.55457 0.037504 0.92891
0.54322 0.037485 0.944
0.54725 0.035317 0.95993
0.56263 0.037497 0.94122
0.55361 0.036632 0.95309
0.5355 0.096554 0.49838
0.536 0.11344 0.50325
0.57483 0.0375 0.045514
0.58508 0.0375 0.040904
0.59301 0.0375 0.063914
0.57084 0.0375 0.097817
0.58732 0.0375 0.074706
0.59359 0.0375 0.096533
0.57007 0.0375 0.11408
0.5746 0.0375 0.12923
0.59226 0.0375 0.10782
0.58504 0.0375 0.11999
0.58022 0.0375 0.14793
0.59674 0.0375 0.14015
0.59112 0.0375 0.1584
0.57741 0.0375 0.17894
0.57027 0.0375 0.18921
0.58601 0.0375 0.18131
0.59593 0.0375 0.18766
0.57022 0.0375 0.22447
0.59007 0.0375 0.21448
0.57379 0.0375 0.24408
0.5721 0.0375 0.26297
0.59828 0.0375 0.23852
0.58864 0.0375 0.26058
0.57844 0.0375 0.26886
0.58763 0.0375 0.27456
0.59004 0.0375 0.2915
0.56845 0.0375 0.30593
0.57443 0.0375 0.32017
0.59045 0.0375 0.31057
0.58686 0.0375 0.32087
0.5712 0.0375 0.34263
0.59446 0.0375 0.34357
0.59757 0.0375 0.35417
0.56949 0.0375 0.3708
0.57853 0.0375 0.39195
0.59054 0.0375 0.37566
0.57789 0.0375 0.41414
0.57893 0.0375 0.42746
0.59827 0.0375 0.40552
0.57585 0.0375 0.43799
0.5808 0.0375 0.45842
0.592 0.0375 0.4426
0.59305 0.0375 0.45357
0.57006 0.0375 0.47935
0.57907 0.0375 0.49636
0.59298 0.0375 0.46943
0.59204 0.0375 0.49437
0.57725 0.0375 0.51214
0.58113 0.0375 0.52543
0.58851 0.0375 0.50809
0.58949 0.0375 0.52993
0.57759 0.0375 0.53651
0.56836 0.0375 0.56299
0.59212 0.0375 0.53944
0.59056 0.0375 0.5594
0.57931 0.0375 0.57893
0.58912 0.0375 0.57928
0.5913 0.0375 0.59735
0.5772 0.0375 0.60957
0.57528 0.0375 0.62333
0.59411 0.0375 0.62351
0.5735 0.0375 0.64235
0.57073 0.0375 0.6641
0.598 0.0375 0.64458
0.58969 0.0375 0.66258
0.57573 0.0375 0.67499
0.58527 0.0375 0.6723
0.58511 0.0375 0.68965
0.56869 0.037501 0.72392
0.58762 0.037501 0.72196
0.5701 0.037501 0.73621
0.59448 0.037501 0.74738
0.5904 0.037501 0.7641
0.56985 0.037501 0.78806
0.59044 0.037501 0.79799
0.57736 0.037501 0.80172
0.57594 0.037501 0.81879
0.58927 0.037501 0.81465
0.57702 0.037501 0.84383
0.59591 0.037501 0.84488
0.5726 0.037499 0.87178
0.59574 0.037502 0.89498
0.57289 0.037507 0.9106
0.592 0.037506 0.90889
0.57311 0.0375 0.94714
0.57626 0.03685 0.95228
0.59044 0.037507 0.94263
0.58513 0.034876 0.96327
0.60834 0.0375 0.04566
0.61063 0.0375 0.062962
0.62836 0.0375 0.042838
0.63026 0.0375 0.054237
0.61398 0.0375 0.076723
0.60231 0.0375 0.089271
0.63052 0.0375 0.081057
0.62556 0.0375 0.087495
0.60954 0.0375 0.11387
0.608 0.0375 0.13015
0.621 0.0375 0.10692
0.62711 0.0375 0.12666
0.60222 0.0375 0.13508
0.61329 0.0375 0.16349
0.62695 0.0375 0.13717
0.62763 0.0375 0.15213
0.60622 0.0375 0.17603
0.61325 0.0375 0.1886
0.62639 0.0375 0.17024
0.61187 0.0375 0.21049
0.60546 0.0375 0.22881
0.62138 0.0375 0.21414
0.62186 0.0375 0.22644
0.60338 0.0375 0.2535
0.6213 0.0375 0.24503
0.62415 0.0375 0.25538
0.62594 0.0375 0.27929
0.60709 0.0375 0.3204
0.61937 0.0375 0.30367
0.62957 0.0375 0.33146
0.62249 0.0375 0.33817
0.63026 0.0375 0.36174
0.60445 0.0375 0.37173
0.60927 0.0375 0.39226
0.61976 0.0375 0.36868
0.62524 0.0375 0.38742
0.60739 0.0375 0.42981
0.6216 0.0375 0.42795
0.61205 0.0375 0.44152
0.60782 0.0375 0.46372
0.62061 0.0375 0.44812
0.62479 0.0375 0.45205
0.61317 0.0375 0.48847
0.62613 0.0375 0.47438
0.62686 0.0375 0.4943
0.61488 0.0375 0.50701
0.60448 0.0375 0.52738
0.62971 0.0375 0.50627
0.61901 0.0375 0.52405
0.60939 0.0375 0.53985
0.61067 0.0375 0.56104
0.6227 0.0375 0.54245
0.61972 0.0375 0.55783
0.6075 0.0375 0.57595
0.62132 0.0375 0.58794
0.60767 0.0375 0.61434
0.62937 0.0375 0.62382
0.60451 0.0375 0.64264
0.60196 0.0375 0.66367
0.62628 0.0375 0.67895
0.62862 0.0375 0.68783
0.60224 0.0375 0.7025
0.60177 0.037501 0.72151
0.6232 0.037501 0.72525
0.60747 0.037501 0.74069
0.60291 0.037501 0.7538
0.62207 0.037501 0.74413
0.62231 0.037501 0.75201
0.60795 0.037501 0.77955
0.60938 0.037501 0.78574
0.62463 0.037501 0.77933
0.62712 0.037501 0.7863
0.60215 0.037501 0.80272
0.60551 0.037501 0.83156
0.62753 0.037501 0.80529
0.63163 0.037501 0.82831
0.60619 0.037501 0.83876
0.60183 0.037501 0.8534
0.62426 0.037502 0.8428
0.62214 0.037501 0.85675
0.60917 0.037499 0.87047
0.60423 0.037501 0.89103
0.61841 0.037499 0.87897
0.62843 0.037502 0.88872
0.60701 0.037511 0.90976
0.60781 0.037512 0.92708
0.61949 0.037513 0.92846
0.60956 0.037507 0.9455
0.62157 0.037507 0.93823
0.6277 0.034743 0.96442
0.63745 0.0375 0.047226
0.65224 0.0375 0.038447
0.65422 0.0375 0.064483
0.64472 0.0375 0.080263
0.63858 0.0375 0.097206
0.66187 0.0375 0.074497
0.66474 0.0375 0.08627
0.65414 0.0375 0.1113
0.64622 0.0375 0.16203
0.65647 0.0375 0.14355
0.6577 0.0375 0.16136
0.64174 0.0375 0.17143
0.64314 0.0375 0.19515
0.6566 0.0375 0.1783
0.65311 0.0375 0.18543
0.64279 0.0375 0.20218
0.63999 0.0375 0.21937
0.66235 0.0375 0.20424
0.6614 0.0375 0.22031
0.63603 0.0375 0.2421
0.6424 0.0375 0.26127
0.65543 0.0375 0.2645
0.63704 0.0375 0.27935
0.63609 0.0375 0.29501
0.66357 0.0375 0.27721
0.65333 0.0375 0.28809
0.64206 0.0375 0.31297
0.65877 0.0375 0.32994
0.6384 0.0375 0.33724
0.64337 0.0375 0.36347
0.66075 0.0375 0.33949
0.66425 0.0375 0.36188
0.64646 0.0375 0.39191
0.65501 0.0375 0.38871
0.64688 0.0375 0.42521
0.6587 0.0375 0.41323
0.65784 0.0375 0.42476
0.63979 0.0375 0.44547
0.64666 0.0375 0.46036
0.66022 0.0375 0.44483
0.64353 0.0375 0.4816
0.6434 0.0375 0.48887
0.65369 0.0375 0.48109
0.65611 0.0375 0.4965
0.63996 0.0375 0.50453
0.63664 0.0375 0.5213
0.65563 0.0375 0.51009
0.66405 0.0375 0.52569
0.65278 0.0375 0.5464
0.65435 0.0375 0.56148
0.64232 0.0375 0.57127
0.64555 0.0375 0.59159
0.66129 0.0375 0.59465
0.64386 0.0375 0.62277
0.65914 0.0375 0.60824
0.65176 0.0375 0.62845
0.64302 0.0375 0.64093
0.66283 0.0375 0.64313
0.64763 0.037501 0.69562
0.65637 0.037501 0.6738
0.65694 0.037501 0.68973
0.63939 0.037501 0.70954
0.63681 0.037501 0.72457
0.65476 0.037501 0.71369
0.66454 0.037501 0.72505
0.64339 0.037501 0.73576
0.63874 0.037501 0.75376
0.65787 0.037501 0.74233
0.65489 0.037501 0.75233
0.63527 0.037501 0.7774
0.64499 0.037501 0.78947
0.65336 0.037501 0.77255
0.65387 0.037501 0.79354
0.6449 0.037501 0.80705
0.64179 0.037502 0.82822
0.66154 0.037502 0.81037
0.66348 0.037502 0.82954
0.64342 0.037502 0.83586
0.64317 0.037502 0.85268
0.6534 0.037502 0.84066
0.65914 0.037501 0.86224
0.64739 0.037499 0.88016
0.64735 0.037501 0.88815
0.65413 0.037499 0.88129
0.66259 0.037505 0.89354
0.64357 0.03751 0.90789
0.63614 0.037507 0.92753
0.6623 0.037511 0.90281
0.65864 0.037515 0.91878
0.63503 0.037497 0.94203
0.64069 0.036481 0.95372
0.65596 0.037488 0.93996
0.66394 0.036225 0.95482
0.67939 0.0375 0.045184
0.68153 0.0375 0.05201
0.69802 0.0375 0.04068
0.68928 0.0375 0.059538
0.69691 0.0375 0.072443
0.69537 0.0375 0.092863
0.6692 0.0375 0.10327
0.66954 0.0375 0.12506
0.67304 0.0375 0.14277
0.67516 0.0375 0.15947
0.67854 0.0375 0.17175
0.69145 0.0375 0.17587
0.6782 0.0375 0.20884
0.66886 0.0375 0.22035
0.69345 0.0375 0.215
0.68538 0.0375 0.2279
0.67374 0.0375 0.24273
0.68547 0.0375 0.24808
0.69178 0.0375 0.25268
0.67673 0.0375 0.28966
0.69418 0.0375 0.27962
0.68651 0.0375 0.28787
0.67307 0.0375 0.32446
0.6915 0.0375 0.31392
0.6912 0.0375 0.3204
0.68131 0.0375 0.33825
0.67625 0.0375 0.3517
0.68968 0.0375 0.34718
0.68688 0.0375 0.36089
0.67343 0.0375 0.37431
0.67171 0.0375 0.38654
0.69263 0.0375 0.37934
0.69362 0.0375 0.38962
0.67872 0.0375 0.40635
0.67439 0.0375 0.42877
0.69088 0.0375 0.40743
0.69802 0.0375 0.425
0.67362 0.0375 0.46421
0.69491 0.0375 0.44754
0.67424 0.0375 0.48055
0.68127 0.0375 0.49307
0.69829 0.0375 0.47834
0.6981 0.0375 0.49789
0.67043 0.0375 0.51221
0.67047 0.0375 0.52744
0.693 0.0375 0.52039
0.67119 0.0375 0.53594
0.67529 0.0375 0.56028
0.68992 0.0375 0.53552
0.69431 0.0375 0.56228
0.67151 0.0375 0.59792
0.69079 0.0375 0.57297
0.69823 0.037501 0.59543
0.68061 0.0375 0.60491
0.69122 0.037501 0.61417
0.69435 0.037501 0.63097
0.67472 0.037501 0.64513
0.67475 0.037501 0.65331
0.68849 0.037501 0.63907
0.6903 0.037501 0.65381
0.67385 0.037501 0.69294
0.68918 0.037501 0.68532
0.67929 0.037501 0.71101
0.67037 0.037501 0.72316
0.68521 0.037501 0.70211
0.67645 0.037501 0.74714
0.66997 0.037501 0.76273
0.69228 0.037501 0.7387
0.69664 0.037501 0.7603
0.67338 0.037501 0.77128
0.67585 0.037502 0.79017
0.69133 0.037501 0.76986
0.68577 0.037502 0.79793
0.67157 0.037502 0.80548
0.68504 0.037502 0.80358
0.68729 0.037502 0.82657
0.67947 0.037503 0.84779
0.69317 0.037503 0.83739
0.6864 0.0375 0.86446
0.67947 0.037499 0.87068
0.6899 0.0375 0.86963
0.69049 0.037507 0.89411
0.67818 0.037521 0.90833
0.669 0.037499 0.93078
0.68883 0.037499 0.92997
0.67987 0.037475 0.94257
0.68119 0.034854 0.96344
0.69497 0.035664 0.95767
0.70786 0.0375 0.037466
0.70683 0.0375 0.055077
0.72356 0.037501 0.042647
0.72615 0.037501 0.061171
0.70951 0.037501 0.076912
0.72706 0.037501 0.076217
0.70977 0.0375 0.1023
0.70623 0.0375 0.1278
0.725 0.037501 0.11341
0.72888 0.037501 0.12863
0.70402 0.0375 0.15936
0.73101 0.037501 0.14801
0.72872 0.037501 0.16043
0.70475 0.0375 0.17777
0.70256 0.0375 0.19486
0.72073 0.037501 0.1696
0.72991 0.037501 0.188
0.70451 0.0375 0.20226
0.70386 0.0375 0.22098
0.71975 0.0375 0.21027
0.7113 0.0375 0.24698
0.73055 0.037501 0.25366
0.71479 0.0375 0.26966
0.71451 0.0375 0.29025
0.70321 0.0375 0.30661
0.71124 0.0375 0.32852
0.73046 0.0375 0.30775
0.71911 0.0375 0.32992
0.71272 0.0375 0.33504
0.71271 0.0375 0.35829
0.72494 0.0375 0.33611
0.73075 0.0375 0.35868
0.71496 0.0375 0.37767
0.70542 0.0375 0.38908
0.7237 0.0375 0.37024
0.72051 0.0375 0.39434
0.7097 0.0375 0.41331
0.73104 0.0375 0.40404
0.72191 0.0375 0.42225
0.71265 0.0375 0.43656
0.70471 0.0375 0.46283
0.72847 0.0375 0.44365
0.72398 0.0375 0.45977
0.71097 0.0375 0.47151
0.71083 0.0375 0.49047
0.71844 0.0375 0.4693
0.7247 0.037501 0.49201
0.72078 0.037501 0.50792
0.72604 0.037501 0.52097
0.70706 0.037501 0.54465
0.72626 0.037501 0.54379
0.73116 0.037501 0.56354
0.71418 0.037501 0.59715
0.73136 0.037501 0.57578
0.72584 0.037501 0.58636
0.70847 0.037501 0.62838
0.7197 0.037501 0.60575
0.72708 0.037501 0.63023
0.70809 0.037501 0.64571
0.71248 0.037501 0.65271
0.72042 0.037501 0.64191
0.72384 0.037501 0.66052
0.71087 0.037501 0.6804
0.70681 0.037501 0.68917
0.721 0.037501 0.67227
0.72533 0.037501 0.68675
0.71418 0.037501 0.70938
0.70264 0.037501 0.72257
0.71909 0.037501 0.71871
0.70651 0.037501 0.7393
0.70627 0.037501 0.75377
0.72734 0.037502 0.73708
0.72383 0.037502 0.75614
0.71077 0.037502 0.77372
0.70182 0.037502 0.79018
0.72252 0.037502 0.77277
0.71138 0.037502 0.81353
0.70219 0.037502 0.82544
0.72382 0.037502 0.80201
0.71442 0.037503 0.83527
0.70232 0.037502 0.85826
0.72081 0.037503 0.83554
0.70936 0.037499 0.88068
0.70338 0.037499 0.88543
0.71946 0.0375 0.87193
0.73163 0.037506 0.8957
0.70238 0.037516 0.90888
0.71365 0.037512 0.91834
0.72991 0.037512 0.90546
0.70924 0.035331 0.95978
0.7312 0.037474 0.94053
0.7376 0.037501 0.043641
0.74028 0.037501 0.057628
0.76013 0.037501 0.058928
0.75493 0.037501 0.077628
0.75265 0.037501 0.09169
0.76334 0.037501 0.10535
0.75322 0.037501 0.11888
0.74134 0.037501 0.1473
0.73743 0.037501 0.15313
0.75466 0.037501 0.13535
0.76259 0.037501 0.15886
0.73869 0.037501 0.17242
0.74431 0.037501 0.19555
0.75462 0.037501 0.17918
0.7531 0.037501 0.19381
0.74794 0.037501 0.20711
0.74213 0.037501 0.23134
0.75975 0.037501 0.22551
0.74155 0.037501 0.24461
0.76401 0.037501 0.236
0.74626 0.037501 0.26898
0.73532 0.0375 0.28525
0.76063 0.037501 0.27271
0.74089 0.0375 0.3266
0.75286 0.037501 0.30211
0.75581 0.037501 0.32371
0.73862 0.0375 0.33863
0.73864 0.0375 0.36418
0.75687 0.037501 0.34501
0.76102 0.037501 0.3568
0.74803 0.037501 0.37889
0.74423 0.0375 0.38742
0.7644 0.037501 0.37559
0.75514 0.037501 0.38995
0.74213 0.037501 0.40291
0.74079 0.037501 0.43058
0.76114 0.037501 0.41256
0.73761 0.037501 0.44328
0.73753 0.037501 0.46252
0.7582 0.037501 0.44434
0.76165 0.037501 0.45535
0.74667 0.037501 0.46973
0.73823 0.037501 0.48846
0.76383 0.037501 0.47587
0.76244 0.037501 0.4862
0.75987 0.037501 0.50812
0.75228 0.037501 0.5296
0.73765 0.037501 0.54277
0.73843 0.037501 0.56057
0.75567 0.037501 0.54
0.76413 0.037501 0.55506
0.74709 0.037501 0.58089
0.75356 0.037501 0.59776
0.75953 0.037501 0.60387
0.73613 0.037501 0.64343
0.73773 0.037501 0.65936
0.75693 0.037501 0.64374
0.74221 0.037501 0.67335
0.74041 0.037501 0.69235
0.7607 0.037502 0.68102
0.74497 0.037502 0.71165
0.74225 0.037502 0.73068
0.74241 0.037502 0.74817
0.7394 0.037502 0.75259
0.75765 0.037502 0.75544
0.74455 0.037502 0.77386
0.74358 0.037502 0.79275
0.75314 0.037502 0.76925
0.74804 0.037503 0.81322
0.74765 0.037503 0.83112
0.75552 0.037503 0.80435
0.76152 0.037503 0.82276
0.73852 0.037502 0.85875
0.75612 0.037504 0.84661
0.74346 0.037499 0.86835
0.73961 0.037508 0.89761
0.75613 0.037496 0.87771
0.7556 0.037504 0.89277
0.74643 0.037513 0.90204
0.76186 0.03752 0.9092
0.75452 0.037507 0.92905
0.73691 0.037478 0.93945
0.73867 0.035656 0.95773
0.76342 0.035194 0.96074
0.7717 0.037501 0.044042
0.78016 0.037501 0.052644
0.79472 0.037501 0.047576
0.79772 0.037501 0.06358
0.77546 0.037501 0.069032
0.78983 0.037501 0.090838
0.78037 0.037501 0.11431
0.7794 0.037501 0.12996
0.79114 0.037501 0.11089
0.79482 0.037501 0.12523
0.78039 0.037501 0.14479
0.77765 0.037501 0.15813
0.78731 0.037501 0.13771
0.78858 0.037501 0.16266
0.77773 0.037501 0.17819
0.79701 0.037501 0.16897
0.78582 0.037501 0.1964
0.77712 0.037501 0.20753
0.77991 0.037501 0.22871
0.79309 0.037501 0.21222
0.78897 0.037501 0.22764
0.77116 0.037501 0.2385
0.77053 0.037501 0.26375
0.78862 0.037501 0.23727
0.78886 0.037501 0.25503
0.79157 0.037501 0.27652
0.76872 0.037501 0.31343
0.77491 0.037501 0.32896
0.79756 0.037501 0.30189
0.78626 0.037501 0.32327
0.77582 0.037501 0.34557
0.77486 0.037501 0.36164
0.78557 0.037501 0.3383
0.78526 0.037501 0.35784
0.77762 0.037501 0.37706
0.78125 0.037501 0.39359
0.79445 0.037501 0.37582
0.79514 0.037501 0.39454
0.77965 0.037501 0.40856
0.77629 0.037501 0.42389
0.78708 0.037501 0.4059
0.79169 0.037501 0.42965
0.7752 0.037501 0.44515
0.78959 0.037501 0.44782
0.78721 0.037501 0.45232
0.77096 0.037501 0.47253
0.77628 0.037501 0.48831
0.78959 0.037501 0.47093
0.79747 0.037501 0.4933
0.77969 0.037501 0.51299
0.78958 0.037501 0.50964
0.79678 0.037501 0.5306
0.76949 0.037501 0.55882
0.79118 0.037501 0.53589
0.79348 0.037501 0.56223
0.77582 0.037501 0.57832
0.77362 0.037501 0.58873
0.79066 0.037501 0.57729
0.78022 0.037501 0.60271
0.7886 0.037501 0.60478
0.76894 0.037501 0.63816
0.76907 0.037501 0.65743
0.79249 0.037502 0.64432
0.78749 0.037502 0.66429
0.77081 0.037502 0.68131
0.77301 0.037502 0.6894
0.79388 0.037502 0.68021
0.79353 0.037502 0.68528
0.77795 0.037502 0.70878
0.76832 0.037502 0.72976
0.78499 0.037502 0.73137
0.77514 0.037502 0.73963
0.77898 0.037503 0.76241
0.79554 0.037503 0.74018
0.79444 0.037503 0.79319
0.77005 0.037503 0.81442
0.77652 0.037503 0.82944
0.78651 0.037503 0.80496
0.79698 0.037504 0.82955
0.77571 0.037503 0.85221
0.7871 0.037504 0.84109
0.77769 0.037498 0.87663
0.77154 0.037506 0.89502
0.79516 0.037504 0.89182
0.77688 0.037513 0.93123
0.79139 0.037518 0.91303
0.78129 0.037506 0.94792
0.77235 0.0349 0.96307
0.79074 0.037505 0.94149
0.7959 0.035962 0.95616
0.80224 0.037502 0.046857
0.80289 0.037502 0.054259
0.82843 0.037502 0.047029
0.8309 0.037502 0.052305
0.80226 0.037502 0.077359
0.80381 0.037502 0.092788
0.82756 0.037502 0.073224
0.82039 0.037502 0.089997
0.809 0.037502 0.10516
0.80765 0.037501 0.12314
0.81932 0.037502 0.10813
0.82639 0.037502 0.12543
0.82644 0.037502 0.14057
0.81886 0.037501 0.17454
0.81878 0.037501 0.18633
0.80943 0.037501 0.20711
0.80255 0.037501 0.22265
0.83052 0.037501 0.21308
0.8269 0.037501 0.22305
0.80358 0.037501 0.23819
0.80687 0.037501 0.2585
0.82856 0.037501 0.25848
0.81496 0.037501 0.28149
0.81006 0.037501 0.29038
0.83059 0.037501 0.27843
0.82359 0.037501 0.29401
0.81392 0.037501 0.30322
0.80833 0.037501 0.31958
0.82532 0.037501 0.30466
0.81846 0.037501 0.32874
0.80597 0.037501 0.34425
0.81071 0.037501 0.35401
0.81972 0.037501 0.34666
0.80575 0.037501 0.37873
0.80465 0.037501 0.3975
0.82855 0.037501 0.37896
0.80495 0.037501 0.41001
0.80546 0.037501 0.42886
0.82247 0.037501 0.4238
0.80595 0.037501 0.44309
0.81493 0.037501 0.45502
0.82925 0.037501 0.44
0.80726 0.037501 0.47297
0.80282 0.037501 0.49342
0.80255 0.037501 0.51248
0.81208 0.037501 0.52139
0.82374 0.037502 0.52148
0.80899 0.037501 0.55574
0.81889 0.037502 0.55202
0.80938 0.037502 0.59734
0.83012 0.037502 0.57827
0.8248 0.037502 0.59505
0.81201 0.037502 0.61318
0.8129 0.037502 0.6283
0.82688 0.037502 0.60808
0.82036 0.037502 0.62512
0.80516 0.037502 0.64618
0.80584 0.037502 0.65287
0.82052 0.037502 0.6361
0.81146 0.037502 0.66844
0.80472 0.037502 0.69752
0.82302 0.037503 0.68639
0.80743 0.037503 0.70911
0.82202 0.037503 0.7082
0.8043 0.037503 0.73552
0.8055 0.037503 0.76108
0.83089 0.037504 0.73988
0.8316 0.037504 0.75486
0.8026 0.037503 0.77419
0.8065 0.037504 0.79555
0.83044 0.037505 0.77793
0.82424 0.037504 0.79241
0.80928 0.037504 0.80505
0.82396 0.037505 0.82594
0.80369 0.037504 0.84602
0.81028 0.037503 0.8589
0.82906 0.037505 0.84202
0.82873 0.037504 0.86128
0.81425 0.037502 0.8714
0.80383 0.037503 0.89048
0.82593 0.037501 0.88033
0.80553 0.03751 0.90583
0.80457 0.037512 0.92121
0.8184 0.037509 0.90706
0.80459 0.037497 0.93794
0.81227 0.03514 0.96115
0.82692 0.037483 0.94799
0.82058 0.034861 0.96339
0.84175 0.037502 0.044746
0.83862 0.037502 0.054906
0.86104 0.037502 0.044906
0.84467 0.037502 0.079161
0.8482 0.037502 0.091339
0.85166 0.037502 0.07433
0.85347 0.037502 0.089597
0.85511 0.037502 0.10813
0.85447 0.037502 0.1316
0.83912 0.037502 0.14639
0.84596 0.037502 0.1587
0.8586 0.037501 0.14189
0.85243 0.037502 0.15201
0.8368 0.037502 0.18077
0.83929 0.037502 0.19158
0.85646 0.037501 0.18085
0.86443 0.037501 0.19583
0.84829 0.037502 0.20832
0.83625 0.037502 0.2289
0.85974 0.037501 0.2103
0.85175 0.037502 0.23035
0.84657 0.037502 0.24442
0.85625 0.037501 0.24492
0.85833 0.0375 0.2555
0.85505 0.037501 0.27391
0.85711 0.037501 0.29432
0.84173 0.037501 0.31379
0.8352 0.037501 0.32306
0.8595 0.0375 0.30639
0.85433 0.037501 0.31894
0.83976 0.037501 0.3532
0.85596 0.0375 0.34105
0.86399 0.037499 0.35989
0.84302 0.037501 0.37921
0.85202 0.037501 0.37765
0.86074 0.0375 0.39025
0.84673 0.037501 0.40949
0.84801 0.037501 0.42246
0.8524 0.037501 0.4043
0.86159 0.037499 0.4297
0.84051 0.037501 0.44128
0.83515 0.037501 0.45644
0.85449 0.037501 0.44536
0.85957 0.0375 0.45993
0.83825 0.037501 0.4769
0.84279 0.037502 0.49116
0.84159 0.037502 0.51248
0.84796 0.037502 0.53071
0.86439 0.037501 0.52172
0.84417 0.037502 0.54101
0.84521 0.037502 0.55625
0.86236 0.037501 0.54152
0.85959 0.037501 0.55424
0.84684 0.037502 0.57569
0.83918 0.037502 0.59493
0.86115 0.037502 0.57443
0.85317 0.037502 0.59103
0.84738 0.037502 0.62078
0.85782 0.037502 0.60235
0.85201 0.037502 0.63125
0.84643 0.037503 0.65949
0.8622 0.037501 0.63934
0.85593 0.037502 0.66315
0.84534 0.037503 0.6793
0.83665 0.037503 0.68846
0.85801 0.037502 0.67184
0.86087 0.037502 0.69668
0.83816 0.037504 0.70665
0.84495 0.037504 0.72474
0.85274 0.037504 0.70336
0.85373 0.037504 0.72763
0.84246 0.037504 0.73751
0.83992 0.037505 0.76375
0.85562 0.037505 0.75961
0.83658 0.037505 0.79441
0.8594 0.037505 0.77045
0.86372 0.037505 0.78967
0.84004 0.037505 0.81437
0.86239 0.037505 0.80415
0.85933 0.037506 0.8217
0.84217 0.037506 0.84227
0.85908 0.037506 0.83807
0.86021 0.037505 0.85581
0.84478 0.037502 0.87479
0.84034 0.037509 0.896
0.85887 0.037503 0.86895
0.8438 0.037521 0.91828
0.86271 0.037515 0.90482
0.85415 0.03752 0.92139
0.84822 0.037507 0.93551
0.8412 0.035241 0.9604
0.86155 0.037508 0.93506
0.85971 0.034841 0.96352
0.86878 0.037501 0.039128
0.87053 0.037501 0.061111
0.88551 0.037502 0.03994
0.887 0.037503 0.051968
0.88023 0.0375 0.07655
0.88078 0.0375 0.092219
0.89553 0.037507 0.078641
0.88962 0.037503 0.086072
0.88011 0.037501 0.10895
0.8809 0.037501 0.12773
0.88942 0.037503 0.11879
0.87392 0.037501 0.13803
0.8813 0.0375 0.15821
0.89295 0.037503 0.14775
0.88807 0.037501 0.16196
0.87551 0.0375 0.19085
0.89224 0.037502 0.16955
0.89645 0.037505 0.18946
0.87072 0.0375 0.20379
0.8762 0.0375 0.21954
0.88984 0.037503 0.21085
0.88566 0.0375 0.22206
0.86859 0.037499 0.23727
0.87171 0.037498 0.27471
0.87382 0.037498 0.28988
0.89702 0.037506 0.26915
0.88963 0.037502 0.2921
0.86973 0.0375 0.31476
0.87962 0.037498 0.32288
0.88658 0.0375 0.3032
0.88553 0.037499 0.31977
0.87676 0.037497 0.34511
0.89278 0.0375 0.33966
0.89785 0.037501 0.35333
0.87709 0.037497 0.38037
0.86964 0.037498 0.38817
0.89166 0.037499 0.37244
0.89472 0.037501 0.39323
0.87214 0.037498 0.40822
0.87452 0.037498 0.42082
0.89593 0.037505 0.41402
0.89145 0.037502 0.41981
0.88135 0.037497 0.44236
0.88567 0.037499 0.45237
0.88048 0.037498 0.48125
0.87847 0.037499 0.4961
0.88532 0.0375 0.49431
0.86919 0.0375 0.50596
0.87671 0.037499 0.53041
0.88833 0.037501 0.51379
0.88998 0.037503 0.52652
0.87292 0.037499 0.54036
0.88945 0.037505 0.53851
0.89366 0.037512 0.55257
0.87757 0.037501 0.57442
0.87519 0.037501 0.5969
0.89008 0.037503 0.57484
0.88681 0.037501 0.59776
0.87424 0.037501 0.6051
0.87964 0.037499 0.63041
0.88644 0.037501 0.60869
0.88587 0.037501 0.62569
0.87778 0.037498 0.64802
0.88721 0.037502 0.64582
0.89055 0.037506 0.65788
0.87028 0.0375 0.6737
0.89752 0.037507 0.69606
0.87017 0.037502 0.71133
0.87931 0.037503 0.72844
0.89411 0.037507 0.70238
0.88942 0.037506 0.72121
0.87214 0.037504 0.74356
0.87086 0.037504 0.76312
0.8863 0.037504 0.74154
0.89715 0.037509 0.76232
0.87343 0.037505 0.77854
0.87769 0.037505 0.79541
0.88953 0.037508 0.78622
0.87064 0.037505 0.81384
0.87686 0.037505 0.82303
0.8886 0.037507 0.803
0.87617 0.037505 0.83886
0.88097 0.037502 0.86231
0.89416 0.037511 0.83798
0.88592 0.037505 0.85738
0.87408 0.037503 0.89025
0.89168 0.037505 0.86858
0.89474 0.037507 0.8889
0.87948 0.037511 0.90281
0.88072 0.037512 0.92862
0.89281 0.037526 0.90937
0.8964 0.037517 0.9302
0.87163 0.037503 0.94062
0.89785 0.035149 0.96105
0.9048 0.037514 0.037538
0.91177 0.037518 0.05428
0.92215 0.037512 0.038858
0.91482 0.037519 0.075624
0.90344 0.037511 0.090704
0.92851 0.037499 0.094965
0.91115 0.037511 0.10928
0.90932 0.037508 0.12984
0.92085 0.03751 0.1041
0.92338 0.037506 0.11868
0.9053 0.037507 0.13523
0.90778 0.037507 0.15922
0.92193 0.037506 0.13971
0.91341 0.037511 0.18868
0.92768 0.03751 0.1721
0.93044 0.037503 0.19691
0.91434 0.037516 0.20599
0.9119 0.037516 0.22309
0.92678 0.037497 0.21
0.91863 0.037513 0.22709
0.90802 0.037507 0.24725
0.9275 0.037505 0.24377
0.92144 0.037512 0.257
0.908 0.037514 0.27094
0.93101 0.037506 0.28063
0.93008 0.037504 0.29494
0.91111 0.03751 0.32652
0.92293 0.037511 0.30339
0.92177 0.037509 0.32333
0.90338 0.037505 0.33732
0.90632 0.037504 0.3626
0.92868 0.037506 0.33823
0.91881 0.037508 0.35684
0.9052 0.037503 0.37306
0.91005 0.037507 0.39217
0.92428 0.037508 0.3967
0.92418 0.037509 0.4045
0.9299 0.03751 0.43157
0.90444 0.03752 0.45617
0.92628 0.037516 0.43646
0.90655 0.037514 0.4816
0.90368 0.03751 0.49735
0.92637 0.037505 0.47352
0.92365 0.037505 0.48745
0.91035 0.037512 0.50496
0.91117 0.037517 0.5246
0.92746 0.037506 0.51393
0.92478 0.037508 0.52096
0.92298 0.037516 0.53932
0.92475 0.037511 0.55579
0.91303 0.037508 0.59648
0.92397 0.037509 0.57631
0.92772 0.037509 0.59592
0.90867 0.037509 0.60558
0.9035 0.037511 0.62256
0.92084 0.03751 0.60665
0.92252 0.037512 0.61892
0.90187 0.03752 0.64347
0.9311 0.037506 0.64714
0.92176 0.037522 0.66259
0.91217 0.037513 0.68697
0.92381 0.037508 0.68025
0.92725 0.037503 0.69491
0.91144 0.037518 0.70369
0.92173 0.037513 0.70777
0.90856 0.037512 0.73945
0.91213 0.037512 0.75869
0.91896 0.037513 0.7356
0.91846 0.037513 0.76386
0.91345 0.037516 0.77093
0.91254 0.037519 0.78746
0.92523 0.037509 0.77515
0.92605 0.037509 0.79479
0.9041 0.037512 0.81482
0.91157 0.037516 0.82134
0.92041 0.037514 0.80227
0.91816 0.037516 0.82525
0.90546 0.037519 0.84461
0.90591 0.037515 0.86142
0.92308 0.037508 0.83527
0.91878 0.037517 0.86099
0.91144 0.037514 0.87248
0.91884 0.037514 0.87113
0.93047 0.037509 0.88901
0.90715 0.037542 0.90948
0.90837 0.037526 0.92865
0.92037 0.037543 0.90849
0.92846 0.037516 0.92466
0.90687 0.0375 0.94078
0.91299 0.035432 0.95912
0.91884 0.037498 0.93925
0.92407 0.035241 0.96038
0.93764 0.037487 0.042223
0.93789 0.037486 0.054839
0.95397 0.036413 0.037294
0.95741 0.03572 0.06149
0.93483 0.037486 0.074929
0.95989 0.03531 0.087928
0.94669 0.037479 0.10648
0.95908 0.035443 0.12814
0.94656 0.037485 0.14581
0.94307 0.037494 0.15623
0.95833 0.035567 0.14138
0.95172 0.036996 0.15853
0.93612 0.03751 0.17213
0.94587 0.037492 0.19573
0.95487 0.03623 0.1972
0.93959 0.037478 0.20571
0.93964 0.037475 0.22857
0.96315 0.034879 0.21447
0.9609 0.035159 0.22151
0.94042 0.037502 0.24736
0.94652 0.037502 0.25282
0.96081 0.035184 0.2372
0.95227 0.036843 0.26397
0.94315 0.037494 0.27134
0.9396 0.037492 0.28837
0.95945 0.035389 0.27572
0.94111 0.037488 0.30239
0.94064 0.037496 0.33053
0.95452 0.036289 0.30205
0.96433 0.034751 0.3249
0.94517 0.037503 0.34258
0.9427 0.037507 0.35734
0.9584 0.035556 0.36023
0.93967 0.037505 0.36864
0.94688 0.037495 0.39791
0.96413 0.034775 0.37998
0.95165 0.037013 0.39669
0.94516 0.037493 0.40744
0.96337 0.034865 0.41038
0.95603 0.035982 0.42906
0.9407 0.037495 0.44539
0.94484 0.037486 0.45224
0.95304 0.036639 0.43601
0.95945 0.035386 0.45321
0.93844 0.037481 0.47326
0.96342 0.034854 0.47996
0.95465 0.036255 0.49575
0.94541 0.037489 0.5095
0.94133 0.037488 0.52285
0.95236 0.036816 0.5125
0.95939 0.035394 0.52739
0.93559 0.037473 0.55506
0.9642 0.034766 0.53969
0.95795 0.035604 0.55777
0.94228 0.037509 0.59386
0.93916 0.037504 0.61267
0.9394 0.0375 0.6215
0.95926 0.035412 0.62652
0.94307 0.037484 0.63829
0.96099 0.035154 0.63601
0.96341 0.034851 0.65805
0.94777 0.037477 0.67559
0.95967 0.035345 0.67377
0.95889 0.035477 0.69455
0.93997 0.037477 0.7126
0.939 0.037477 0.72355
0.95377 0.036455 0.71441
0.95447 0.036299 0.71955
0.94293 0.037472 0.75449
0.9552 0.03614 0.7459
0.95943 0.035389 0.75477
0.94063 0.037495 0.77823
0.94072 0.03749 0.79811
0.95739 0.035728 0.78637
0.93918 0.037488 0.80321
0.95385 0.036439 0.81147
0.95886 0.035473 0.8299
0.93772 0.03747 0.84546
0.96488 0.034693 0.8566
0.94247 0.037498 0.88577
0.95933 0.0354 0.86992
0.93756 0.037504 0.92186
0.95618 0.035949 0.90761
0.96455 0.034736 0.92036
0.93846 0.037463 0.93645
0.94205 0.035543 0.95831
0.95916 0.035414 0.94243
0.9541 0.034652 0.96274
