2635
1 1 1
0.034993 0.037537 0.045023
0.041081 0.037537 0.054493
0.062619 0.037539 0.035702
0.058619 0.037538 0.051684
0.046221 0.03754 0.069399
0.04366 0.037545 0.094066
0.059968 0.037543 0.081315
0.056401 0.037548 0.097789
0.038601 0.03755 0.11151
0.04131 0.037554 0.12157
0.063531 0.037552 0.10817
0.062955 0.037569 0.14422
0.040422 0.037592 0.19042
0.058421 0.037588 0.18026
0.061162 0.037602 0.19595
0.036162 0.0376 0.20083
0.040362 0.037622 0.22676
0.053294 0.037606 0.20588
0.056347 0.037619 0.21926
0.047748 0.03763 0.2358
0.042261 0.037651 0.25696
0.052836 0.037638 0.24213
0.061521 0.037661 0.25669
0.047172 0.037663 0.2688
0.046312 0.037682 0.28578
0.055537 0.037679 0.27773
0.062947 0.037697 0.28636
0.061655 0.037722 0.30725
0.057221 0.037735 0.3223
0.044944 0.037749 0.34347
0.061671 0.037776 0.35194
0.045895 0.037777 0.37324
0.044925 0.03779 0.3865
0.060152 0.037794 0.37108
0.055567 0.037809 0.3927
0.044299 0.037808 0.40325
0.037475 0.037825 0.42245
0.059838 0.037831 0.40597
0.053632 0.037831 0.41732
0.042161 0.03784 0.44526
0.058532 0.037859 0.44304
0.057698 0.037865 0.459
0.041557 0.03785 0.47234
0.043354 0.037854 0.48699
0.051627 0.037856 0.47207
0.057101 0.037872 0.49061
0.038237 0.037851 0.50672
0.037937 0.037846 0.52775
0.053917 0.037862 0.50871
0.058074 0.037867 0.52683
0.044934 0.037842 0.53921
0.042706 0.037829 0.5648
0.05998 0.037866 0.53775
0.058704 0.037853 0.55839
0.036958 0.037822 0.57596
0.035858 0.037802 0.5983
0.050971 0.037827 0.57456
0.052906 0.037813 0.59462
0.043341 0.037798 0.60309
0.036189 0.037767 0.63017
0.050958 0.037795 0.60912
0.05688 0.037791 0.62186
0.051117 0.037745 0.64951
0.053105 0.037735 0.66141
0.047275 0.037715 0.67317
0.052243 0.037722 0.67138
0.057813 0.037709 0.68895
0.035984 0.037652 0.72998
0.059627 0.03768 0.71332
0.051514 0.037662 0.72272
0.043416 0.037635 0.74625
0.037038 0.037618 0.76177
0.058825 0.037645 0.74305
0.051913 0.037622 0.75989
0.040781 0.037608 0.77231
0.037222 0.037582 0.79867
0.058077 0.037604 0.78082
0.056174 0.037593 0.79057
0.039752 0.03756 0.82546
0.052804 0.03757 0.81347
0.058421 0.037559 0.83092
0.038059 0.037548 0.84257
0.03503 0.037533 0.86152
0.053738 0.037553 0.83689
0.056125 0.037536 0.85947
0.03559 0.037524 0.87137
0.045172 0.037523 0.89295
0.058125 0.03752 0.87883
0.056599 0.037519 0.88912
0.041949 0.037542 0.91266
0.037059 0.034442 0.9565
0.058452 0.037598 0.94535
0.060876 0.035028 0.95453
0.079551 0.037542 0.045436
0.075397 0.037542 0.060022
0.078394 0.037549 0.088994
0.094674 0.03755 0.074441
0.091977 0.037553 0.088934
0.071467 0.037553 0.10727
0.072497 0.037564 0.13036
0.085445 0.037557 0.10974
0.089633 0.037566 0.12333
0.069972 0.037569 0.14135
0.089694 0.037574 0.13762
0.092982 0.03759 0.15918
0.072015 0.037592 0.17735
0.068003 0.037602 0.19234
0.094381 0.037604 0.17701
0.094787 0.037619 0.1923
0.077134 0.037621 0.20729
0.075699 0.037637 0.22424
0.088557 0.037635 0.21231
0.096645 0.037662 0.2279
0.069416 0.037654 0.24542
0.071932 0.037663 0.25181
0.085079 0.037668 0.24588
0.089357 0.037685 0.25399
0.075498 0.037696 0.27459
0.074455 0.037718 0.29189
0.094668 0.037724 0.27439
0.067627 0.037731 0.30849
0.06788 0.037756 0.32745
0.091641 0.037766 0.30673
0.08937 0.037793 0.3278
0.070504 0.037783 0.3464
0.088306 0.037812 0.34212
0.086921 0.03783 0.35698
0.074661 0.037831 0.37991
0.089731 0.037862 0.37318
0.093179 0.037889 0.38479
0.068369 0.037853 0.41112
0.07223 0.037873 0.42422
0.091263 0.037917 0.41314
0.084653 0.037902 0.41972
0.068187 0.037881 0.44603
0.082152 0.03791 0.43802
0.083324 0.037927 0.45679
0.072706 0.037904 0.47449
0.076578 0.037916 0.48492
0.087921 0.037953 0.48029
0.08711 0.037951 0.49106
0.067939 0.037895 0.5025
0.08327 0.037935 0.51941
0.075522 0.0379 0.53595
0.070757 0.037872 0.56384
0.080711 0.037895 0.56158
0.072545 0.03787 0.56993
0.068466 0.037837 0.59828
0.083664 0.037899 0.57026
0.086422 0.037883 0.5938
0.073278 0.037813 0.6278
0.088108 0.037867 0.61131
0.093053 0.037868 0.62071
0.072134 0.037794 0.64074
0.091453 0.037799 0.66384
0.067805 0.037734 0.68009
0.085088 0.037773 0.67267
0.088341 0.037747 0.69216
0.075847 0.037701 0.70982
0.06743 0.037666 0.73066
0.090393 0.037703 0.72244
0.070886 0.037653 0.74329
0.075855 0.037642 0.75561
0.087681 0.037675 0.73947
0.084836 0.037644 0.76041
0.071284 0.037621 0.77154
0.072962 0.037595 0.79748
0.093994 0.037626 0.7832
0.072355 0.037577 0.81453
0.080208 0.037573 0.82207
0.092884 0.037599 0.80539
0.09012 0.037571 0.83113
0.074743 0.037556 0.8412
0.074681 0.03754 0.8609
0.090058 0.037542 0.86483
0.076872 0.037522 0.88231
0.088665 0.037534 0.87325
0.08546 0.037522 0.89015
0.071508 0.037525 0.90998
0.077051 0.037548 0.9315
0.089249 0.03752 0.90285
0.071316 0.03757 0.93923
0.086243 0.037578 0.94773
0.11112 0.037549 0.03913
0.1065 0.03755 0.057812
0.12723 0.037555 0.03796
0.12266 0.037554 0.052553
0.10326 0.037552 0.068993
0.10767 0.037561 0.095351
0.12484 0.03757 0.097567
0.10606 0.037567 0.11153
0.1142 0.037582 0.1301
0.12574 0.037581 0.11954
0.10796 0.037587 0.14268
0.10296 0.037595 0.1575
0.12704 0.037614 0.15735
0.10794 0.037612 0.17451
0.10657 0.037626 0.18934
0.12783 0.037627 0.16845
0.11888 0.037646 0.19541
0.11266 0.037668 0.21862
0.11769 0.037653 0.2027
0.11652 0.037688 0.229
0.10534 0.037689 0.2403
0.10019 0.037708 0.25809
0.12012 0.037711 0.23933
0.10568 0.037745 0.27554
0.10517 0.037764 0.28821
0.11908 0.037778 0.27895
0.1268 0.037811 0.2853
0.10538 0.037792 0.3057
0.10565 0.03783 0.32804
0.12578 0.037859 0.31071
0.11458 0.037837 0.31967
0.10248 0.037837 0.33584
0.10317 0.03788 0.36031
0.11323 0.037903 0.35515
0.097599 0.037876 0.36737
0.11351 0.037934 0.37151
0.11886 0.038003 0.39505
0.10055 0.037931 0.39992
0.10019 0.03796 0.42661
0.11038 0.037998 0.42677
0.096538 0.03796 0.43889
0.097416 0.037973 0.45066
0.11088 0.038021 0.44531
0.11244 0.038039 0.45765
0.096606 0.037979 0.47118
0.10425 0.038011 0.48755
0.11332 0.038053 0.47254
0.11855 0.03809 0.48954
0.10074 0.037998 0.50347
0.096422 0.037979 0.525
0.11556 0.038067 0.52538
0.10207 0.037994 0.53754
0.098015 0.037963 0.55885
0.11745 0.038066 0.54292
0.096384 0.037932 0.58137
0.098598 0.037921 0.5943
0.11475 0.038015 0.57538
0.1165 0.03798 0.60029
0.10633 0.03791 0.61572
0.10663 0.037895 0.62554
0.12249 0.037945 0.63106
0.1042 0.037858 0.64433
0.10407 0.037836 0.6572
0.11661 0.037905 0.63922
0.11431 0.037844 0.66599
0.10338 0.037791 0.68228
0.11995 0.03783 0.68231
0.10666 0.037724 0.72723
0.12495 0.0378 0.70607
0.12669 0.037751 0.7333
0.10126 0.037697 0.73806
0.10539 0.037677 0.75449
0.11976 0.037684 0.76287
0.10703 0.037651 0.77374
0.12768 0.037672 0.77798
0.11763 0.037639 0.78998
0.10909 0.037585 0.82889
0.11773 0.037622 0.80397
0.12121 0.03759 0.833
0.11049 0.037576 0.8389
0.12632 0.037584 0.84239
0.12626 0.037569 0.85615
0.10909 0.037542 0.87605
0.1129 0.037532 0.89289
0.12925 0.037544 0.88307
0.12289 0.037533 0.8979
0.10395 0.037521 0.9103
0.12233 0.037525 0.91279
0.12087 0.037557 0.92626
0.10573 0.03759 0.93921
0.13082 0.037656 0.94712
0.12927 0.033517 0.96464
0.14251 0.037563 0.039889
0.15797 0.037571 0.035294
0.15959 0.037573 0.053628
0.1351 0.037567 0.076907
0.14034 0.037578 0.096324
0.15325 0.037575 0.072535
0.15752 0.037586 0.091294
0.13988 0.037583 0.10749
0.14142 0.037591 0.11893
0.15198 0.037594 0.1121
0.15622 0.037602 0.11768
0.13467 0.037604 0.13914
0.13544 0.037627 0.16093
0.15992 0.037646 0.15421
0.13378 0.037646 0.17983
0.15749 0.037671 0.17396
0.15604 0.037687 0.18558
0.13578 0.037688 0.20702
0.14112 0.037731 0.22675
0.15822 0.03773 0.20784
0.13415 0.03774 0.23948
0.14335 0.037789 0.25454
0.14967 0.03776 0.23219
0.15612 0.037841 0.26015
0.13579 0.037801 0.26893
0.13455 0.037845 0.29076
0.15319 0.037851 0.26813
0.14931 0.037885 0.28702
0.14132 0.037898 0.30436
0.12958 0.037883 0.31559
0.15403 0.037936 0.298
0.14567 0.037962 0.3214
0.13105 0.037955 0.34381
0.13922 0.038005 0.35019
0.14969 0.038012 0.33168
0.13557 0.038044 0.37455
0.13018 0.038038 0.38354
0.15104 0.038147 0.37672
0.1263 0.038088 0.42199
0.13883 0.038168 0.42531
0.13272 0.038143 0.44099
0.12653 0.038119 0.45477
0.14324 0.038223 0.44355
0.14162 0.038218 0.45336
0.1271 0.038133 0.47029
0.1254 0.03813 0.48687
0.14298 0.038251 0.47268
0.13331 0.038169 0.51013
0.13266 0.038155 0.52432
0.14791 0.038293 0.50185
0.12716 0.038107 0.54553
0.13345 0.038106 0.56747
0.13957 0.038168 0.55018
0.14791 0.038239 0.55502
0.13453 0.038085 0.58368
0.13029 0.038046 0.59616
0.14786 0.038173 0.58416
0.14721 0.038143 0.59631
0.13006 0.038015 0.61301
0.13307 0.03799 0.63039
0.14967 0.03811 0.6185
0.14583 0.038061 0.62836
0.13702 0.037932 0.66133
0.15449 0.038047 0.64754
0.14602 0.037966 0.66295
0.13498 0.037895 0.6742
0.14103 0.037866 0.6946
0.14474 0.037919 0.67825
0.14763 0.03787 0.70223
0.13035 0.037815 0.70535
0.14169 0.037782 0.73314
0.15201 0.037869 0.70875
0.14828 0.037798 0.73313
0.14195 0.037751 0.74851
0.13607 0.037707 0.76566
0.15382 0.037799 0.73977
0.15764 0.03777 0.75619
0.13918 0.037664 0.79265
0.15217 0.037715 0.77627
0.15385 0.037678 0.79856
0.14465 0.03765 0.80666
0.14228 0.037617 0.82793
0.16279 0.037664 0.81453
0.1554 0.037632 0.82845
0.14061 0.037591 0.84722
0.14725 0.037577 0.86252
0.16007 0.037611 0.84625
0.16032 0.037589 0.86192
0.13747 0.037554 0.87692
0.15728 0.037559 0.88136
0.15592 0.037556 0.89845
0.13588 0.037535 0.9098
0.14104 0.037588 0.92952
0.15819 0.037566 0.91208
0.1559 0.037595 0.9265
0.13741 0.035782 0.95307
0.15969 0.037653 0.94177
0.1594 0.033694 0.96164
0.17167 0.037578 0.044988
0.17854 0.037587 0.061529
0.18784 0.037588 0.045671
0.18685 0.03759 0.055359
0.17134 0.037588 0.076877
0.17503 0.037601 0.092723
0.19032 0.037603 0.078354
0.18993 0.037614 0.093736
0.17033 0.037607 0.10683
0.17428 0.037633 0.12982
0.18455 0.037621 0.10818
0.19136 0.037639 0.11882
0.17272 0.037644 0.1418
0.17921 0.03767 0.15502
0.18737 0.037668 0.1462
0.19161 0.037684 0.15132
0.17799 0.03774 0.19432
0.18996 0.037721 0.17292
0.18506 0.037745 0.18953
0.17318 0.037807 0.22725
0.18599 0.037776 0.2021
0.18459 0.037819 0.22023
0.17059 0.037834 0.23958
0.17203 0.037888 0.25736
0.18375 0.037907 0.2488
0.18398 0.037974 0.26969
0.17892 0.038014 0.28785
0.1622 0.037968 0.29683
0.1673 0.038045 0.31347
0.17989 0.038092 0.30706
0.1811 0.038162 0.32346
0.15926 0.038085 0.34111
0.16144 0.038117 0.34784
0.17483 0.038156 0.33554
0.17697 0.038208 0.34489
0.16569 0.038212 0.37027
0.17421 0.038287 0.37271
0.17054 0.038302 0.39002
0.15979 0.038296 0.4255
0.17681 0.038396 0.40174
0.17631 0.038437 0.42099
0.15951 0.03831 0.43855
0.16017 0.03833 0.45354
0.17276 0.03842 0.43494
0.16724 0.038387 0.45996
0.15656 0.03834 0.48748
0.16819 0.038421 0.47858
0.1705 0.038455 0.48682
0.15541 0.038332 0.50301
0.15515 0.038317 0.53081
0.17164 0.038484 0.50925
0.1694 0.03845 0.531
0.15542 0.038305 0.54605
0.1663 0.038356 0.56432
0.16294 0.038272 0.58123
0.15528 0.038194 0.59364
0.17383 0.038355 0.58789
0.16963 0.038264 0.59976
0.16399 0.038195 0.61065
0.15958 0.038114 0.6316
0.17075 0.038242 0.60923
0.17185 0.038186 0.62804
0.16087 0.038067 0.64985
0.16315 0.038048 0.65972
0.18378 0.038181 0.65529
0.18483 0.038144 0.6667
0.164 0.038 0.6774
0.16367 0.037954 0.693
0.17564 0.038056 0.67589
0.17938 0.038014 0.69564
0.17061 0.037904 0.71996
0.16789 0.037862 0.73133
0.17973 0.037976 0.70835
0.18152 0.037891 0.7366
0.17474 0.037825 0.75059
0.16833 0.037791 0.75794
0.18316 0.037853 0.75024
0.16839 0.037717 0.79253
0.18785 0.037807 0.77324
0.18798 0.037742 0.79933
0.17382 0.037696 0.80727
0.18692 0.037701 0.81528
0.18884 0.037675 0.83001
0.17887 0.037642 0.8402
0.17018 0.037606 0.85663
0.18792 0.037642 0.84727
0.18614 0.037627 0.8543
0.16858 0.037575 0.876
0.16872 0.037571 0.89266
0.19407 0.037607 0.87107
0.19352 0.037589 0.89086
0.17116 0.037634 0.93032
0.18616 0.037662 0.93144
0.18098 0.035298 0.95409
0.18793 0.037679 0.9397
0.19327 0.034489 0.95658
0.20241 0.0376 0.044393
0.2106 0.03761 0.058698
0.22402 0.037617 0.034985
0.22208 0.037619 0.056428
0.20925 0.037614 0.068898
0.20589 0.037624 0.088807
0.22647 0.037631 0.070973
0.2229 0.037647 0.093448
0.21139 0.037641 0.1009
0.20516 0.037668 0.127
0.22795 0.037662 0.10131
0.21956 0.037678 0.12135
0.2039 0.03769 0.14218
0.1989 0.03774 0.17353
0.20849 0.0378 0.18905
0.22492 0.037789 0.17173
0.22695 0.03782 0.18232
0.20345 0.037819 0.19972
0.2204 0.037863 0.19882
0.20701 0.037944 0.23632
0.22036 0.037978 0.23044
0.21622 0.038054 0.25345
0.1984 0.038036 0.27084
0.19336 0.038047 0.27926
0.2157 0.038097 0.26376
0.20813 0.038133 0.2821
0.19893 0.038173 0.30304
0.19539 0.038246 0.32281
0.20428 0.038242 0.31088
0.18918 0.038234 0.32904
0.19161 0.038347 0.35148
0.20349 0.038325 0.32722
0.20994 0.038492 0.34328
0.19383 0.038403 0.36099
0.19002 0.038448 0.37937
0.20386 0.038503 0.35833
0.19627 0.038533 0.38557
0.18703 0.038501 0.40482
0.19419 0.038564 0.401
0.18634 0.038552 0.42917
0.17912 0.038525 0.4566
0.19712 0.038708 0.43045
0.19699 0.038748 0.44936
0.18347 0.03859 0.46877
0.18549 0.038627 0.48967
0.1891 0.038681 0.47669
0.1923 0.038738 0.49006
0.18194 0.038596 0.51143
0.18336 0.038592 0.52509
0.18376 0.038577 0.54267
0.1848 0.038551 0.55787
0.19317 0.038578 0.5596
0.18501 0.038425 0.58873
0.18259 0.038381 0.60058
0.19867 0.038481 0.58844
0.19908 0.038473 0.5955
0.18392 0.038345 0.61308
0.18725 0.038269 0.63787
0.20832 0.038422 0.64027
0.18862 0.038213 0.65406
0.1974 0.03823 0.6612
0.20859 0.038381 0.64858
0.19888 0.038168 0.67905
0.19488 0.038066 0.70023
0.20897 0.038223 0.6812
0.20905 0.038125 0.70241
0.1947 0.038017 0.71359
0.19532 0.037953 0.7321
0.21055 0.038074 0.71635
0.21325 0.03804 0.72729
0.20015 0.037871 0.76335
0.21541 0.037963 0.75278
0.20012 0.037808 0.78443
0.20718 0.037792 0.79618
0.21712 0.037882 0.77634
0.20294 0.037692 0.83406
0.22504 0.037772 0.81907
0.22223 0.037729 0.83329
0.20373 0.037664 0.84825
0.20731 0.037641 0.86167
0.22088 0.037711 0.83969
0.22258 0.037664 0.86106
0.20653 0.037609 0.87715
0.2091 0.037599 0.89473
0.2192 0.037621 0.87892
0.22415 0.037608 0.8978
0.21345 0.037711 0.92943
0.22408 0.037602 0.91576
0.20222 0.037803 0.94796
0.21338 0.033617 0.96287
0.22107 0.037869 0.94419
0.22161 0.034275 0.95774
0.23453 0.037626 0.034992
0.23807 0.037637 0.061356
0.25173 0.037641 0.04242
0.25979 0.037654 0.055995
0.23973 0.037642 0.067494
0.23597 0.037651 0.084216
0.25558 0.037664 0.075409
0.25879 0.037677 0.084722
0.24506 0.037708 0.11795
0.25503 0.037695 0.10043
0.25022 0.03773 0.12449
0.23427 0.037743 0.14289
0.25329 0.037764 0.13718
0.25867 0.037814 0.15299
0.23376 0.037811 0.17355
0.24305 0.037877 0.18769
0.25079 0.03785 0.17302
0.2562 0.037896 0.18187
0.23551 0.037929 0.20656
0.22818 0.037982 0.2242
0.25185 0.03796 0.201
0.22671 0.038037 0.23864
0.23287 0.03809 0.24357
0.23241 0.038198 0.26564
0.22931 0.03829 0.2851
0.2485 0.038343 0.27289
0.24445 0.038469 0.29579
0.23952 0.038532 0.31014
0.21637 0.038556 0.34517
0.23352 0.038603 0.33067
0.23601 0.03876 0.34636
0.21774 0.038625 0.35627
0.22671 0.038698 0.36016
0.22112 0.038734 0.37574
0.20718 0.038775 0.39825
0.21333 0.038901 0.41166
0.22199 0.038808 0.38884
0.20934 0.038889 0.42745
0.20751 0.038901 0.44803
0.22163 0.038951 0.42945
0.21859 0.038966 0.45016
0.20262 0.038963 0.47398
0.21407 0.039025 0.46814
0.2182 0.039041 0.48368
0.21066 0.038844 0.50561
0.21312 0.038816 0.53484
0.20532 0.038745 0.55213
0.20427 0.038627 0.57183
0.21501 0.038616 0.60134
0.22343 0.038668 0.61006
0.22073 0.038557 0.62041
0.22087 0.038454 0.64485
0.22676 0.038524 0.62535
0.23299 0.038517 0.64217
0.21905 0.038384 0.65842
0.22709 0.038365 0.66923
0.23516 0.038462 0.66243
0.23744 0.038397 0.67636
0.22892 0.038271 0.69116
0.2465 0.038329 0.70106
0.23189 0.038134 0.72519
0.24205 0.038233 0.71757
0.24492 0.03815 0.73604
0.23292 0.038047 0.74753
0.23121 0.037971 0.76406
0.24717 0.038081 0.75371
0.25658 0.038038 0.77018
0.22947 0.037897 0.78332
0.23813 0.037879 0.79573
0.25284 0.03799 0.77886
0.23913 0.037831 0.81089
0.25656 0.037868 0.81311
0.25077 0.037792 0.83148
0.24121 0.03773 0.84675
0.23704 0.037685 0.8621
0.23579 0.03764 0.88028
0.23477 0.037623 0.88971
0.2572 0.037673 0.87892
0.24501 0.037613 0.91454
0.23586 0.037723 0.93082
0.25086 0.037628 0.90529
0.25951 0.037744 0.93291
0.243 0.033711 0.96168
0.25481 0.037785 0.93824
0.27589 0.037671 0.056305
0.29595 0.037696 0.0607
0.27751 0.037692 0.079202
0.27066 0.037706 0.093902
0.29443 0.037707 0.073787
0.27148 0.037732 0.10852
0.29076 0.037751 0.10333
0.28572 0.037783 0.12182
0.27161 0.03779 0.13492
0.2685 0.03784 0.15502
0.2927 0.037831 0.13607
0.29361 0.037899 0.15516
0.26445 0.03787 0.16756
0.26911 0.037927 0.17965
0.28382 0.038021 0.18845
0.27039 0.038087 0.21071
0.28588 0.038051 0.19309
0.28211 0.038173 0.2164
0.26234 0.038279 0.2512
0.28118 0.038232 0.22952
0.28082 0.038354 0.24654
0.27444 0.038364 0.25429
0.25148 0.038517 0.29595
0.25267 0.03859 0.30413
0.27302 0.038811 0.30306
0.24636 0.03869 0.32307
0.24638 0.038866 0.34434
0.25742 0.038813 0.32621
0.25724 0.038938 0.33784
0.24364 0.038872 0.35063
0.23944 0.038858 0.37094
0.25399 0.039111 0.35808
0.23337 0.038905 0.39385
0.22907 0.038965 0.41087
0.24472 0.03907 0.39605
0.23877 0.039028 0.4142
0.2258 0.039001 0.45418
0.23746 0.039012 0.42351
0.24435 0.039179 0.44272
0.22355 0.038964 0.46902
0.22559 0.038912 0.48664
0.23745 0.038668 0.48053
0.22367 0.039039 0.51081
0.22893 0.039737 0.54094
0.22445 0.039506 0.5471
0.23264 0.039461 0.58478
0.23074 0.040011 0.56243
0.24091 0.040411 0.57958
0.23764 0.039449 0.59284
0.23942 0.038677 0.61735
0.24481 0.039597 0.59801
0.25032 0.0391 0.61039
0.24675 0.038591 0.62782
0.24803 0.038635 0.64464
0.26169 0.038587 0.64104
0.25158 0.038568 0.66222
0.25154 0.038479 0.67741
0.26262 0.038548 0.66312
0.26695 0.038571 0.68023
0.25208 0.038444 0.68541
0.2616 0.038385 0.70647
0.27359 0.038652 0.69019
0.27305 0.038433 0.71435
0.26162 0.038269 0.72587
0.26579 0.038239 0.73361
0.28299 0.038323 0.73902
0.27086 0.038146 0.75915
0.26831 0.038059 0.77435
0.28415 0.038248 0.75381
0.26317 0.038011 0.78129
0.27204 0.037956 0.79879
0.28838 0.03807 0.78739
0.28551 0.03798 0.80345
0.288 0.037924 0.81973
0.28147 0.037853 0.83393
0.27479 0.037781 0.8505
0.29288 0.037823 0.84864
0.28546 0.037761 0.86283
0.26977 0.037677 0.88344
0.27948 0.037677 0.89575
0.29077 0.037709 0.88324
0.28396 0.037683 0.89684
0.2953 0.037678 0.91245
0.29289 0.037725 0.92859
0.27596 0.037849 0.9477
0.27873 0.034684 0.95615
0.2957 0.037769 0.93804
0.28418 0.033806 0.96066
0.30209 0.037691 0.045241
0.30546 0.037704 0.058197
0.32828 0.037716 0.044066
0.32934 0.037728 0.057879
0.30381 0.037724 0.079037
0.30768 0.037741 0.086309
0.32408 0.037738 0.069582
0.31983 0.037771 0.092572
0.30541 0.037779 0.10671
0.30292 0.037817 0.12391
0.32777 0.037802 0.10168
0.31794 0.037836 0.12136
0.30106 0.037862 0.14141
0.30381 0.03791 0.15203
0.32054 0.037896 0.13959
0.32113 0.037933 0.14833
0.30086 0.037988 0.1719
0.30298 0.038064 0.18516
0.32072 0.038011 0.16564
0.30221 0.03821 0.21194
0.32312 0.038188 0.19789
0.32119 0.038226 0.20524
0.29161 0.038279 0.23132
0.29697 0.038368 0.23992
0.30607 0.038446 0.24301
0.294 0.038456 0.2516
0.28478 0.038588 0.27259
0.30343 0.038493 0.25019
0.30595 0.03865 0.26428
0.28168 0.038724 0.28972
0.27988 0.038814 0.298
0.29648 0.038808 0.28673
0.29529 0.038864 0.29304
0.28035 0.039034 0.31208
0.26706 0.039144 0.33731
0.28884 0.039112 0.31523
0.28982 0.039307 0.32844
0.26945 0.039261 0.34133
0.25735 0.039456 0.37138
0.27539 0.039551 0.34784
0.27542 0.04021 0.36039
0.25285 0.039449 0.39219
0.2565 0.039854 0.40127
0.26294 0.040174 0.38515
0.26278 0.040556 0.40253
0.25163 0.039426 0.42598
0.24961 0.039311 0.44729
0.26186 0.040373 0.41971
0.26377 0.040264 0.4326
0.24966 0.038662 0.47656
0.25874 0.039157 0.46201
0.25037 0.038881 0.4879
0.24318 0.039647 0.50338
0.23675 0.040124 0.5257
0.24949 0.040262 0.50616
0.23979 0.041634 0.55455
0.25558 0.041062 0.58859
0.25669 0.03976 0.60141
0.29051 0.039072 0.6123
0.27045 0.038639 0.63255
0.27245 0.038638 0.64648
0.28999 0.038597 0.64939
0.29332 0.038576 0.67975
0.29939 0.038574 0.69484
0.31086 0.038747 0.72272
0.31446 0.038548 0.73802
0.3092 0.038435 0.74683
0.29567 0.038312 0.75259
0.30359 0.038214 0.77081
0.31381 0.038324 0.76113
0.31346 0.038227 0.7763
0.30524 0.038131 0.78875
0.29863 0.038034 0.8005
0.31247 0.038127 0.7932
0.31388 0.038045 0.80812
0.29801 0.037977 0.81289
0.31735 0.037927 0.83343
0.30155 0.037848 0.84632
0.30841 0.037801 0.86327
0.30169 0.037719 0.88585
0.30947 0.037715 0.89362
0.32092 0.037783 0.87586
0.31964 0.037714 0.90011
0.30296 0.037673 0.9158
0.31245 0.037715 0.93159
0.329 0.037711 0.90933
0.32021 0.0377 0.9256
0.30408 0.037796 0.94698
0.32268 0.037788 0.94453
0.33966 0.037727 0.04053
0.33865 0.037734 0.055298
0.36328 0.037751 0.040584
0.35265 0.037742 0.051024
0.33887 0.037759 0.072673
0.33822 0.037779 0.084754
0.35362 0.037794 0.082459
0.33979 0.037823 0.10289
0.33436 0.037861 0.11967
0.3541 0.037889 0.11834
0.33668 0.037916 0.13571
0.34042 0.03797 0.14708
0.35275 0.037952 0.13704
0.35911 0.037998 0.14475
0.34016 0.038044 0.16359
0.33967 0.038091 0.17342
0.34743 0.038042 0.15934
0.35171 0.038119 0.17273
0.33113 0.038177 0.19141
0.32802 0.038286 0.20945
0.34667 0.038214 0.18989
0.3338 0.038384 0.22029
0.32653 0.038533 0.24053
0.34401 0.038436 0.22153
0.34928 0.038589 0.23383
0.32983 0.038613 0.25369
0.32571 0.038669 0.26228
0.34539 0.038704 0.24923
0.33685 0.038641 0.25711
0.31628 0.03886 0.2749
0.31164 0.039043 0.29349
0.3333 0.038775 0.27182
0.32195 0.038933 0.29084
0.31384 0.039112 0.29841
0.29796 0.039277 0.31954
0.3153 0.039182 0.30529
0.30966 0.039598 0.33077
0.29918 0.04019 0.35325
0.27415 0.041329 0.37838
0.26992 0.04157 0.3991
0.28417 0.041204 0.36735
0.2694 0.04172 0.41493
0.27498 0.042825 0.40725
0.26411 0.039347 0.46293
0.25966 0.039273 0.4938
0.27053 0.038912 0.48815
0.25514 0.040451 0.50679
0.25631 0.040626 0.50813
0.25064 0.043499 0.54965
0.26898 0.040844 0.5933
0.25628 0.042696 0.57373
0.28395 0.040684 0.59219
0.3028 0.039517 0.60852
0.29755 0.039048 0.62376
0.29665 0.03887 0.63235
0.29813 0.038586 0.65836
0.30785 0.039062 0.64087
0.3148 0.038883 0.66909
0.31364 0.038485 0.68902
0.30744 0.038557 0.69811
0.32635 0.038718 0.68839
0.32721 0.038678 0.69964
0.31722 0.038773 0.72006
0.3333 0.038737 0.70876
0.34236 0.038784 0.72711
0.31845 0.03863 0.73346
0.32835 0.038496 0.74485
0.3421 0.038644 0.73666
0.33891 0.038463 0.75385
0.32914 0.038396 0.75818
0.33281 0.038256 0.78111
0.3429 0.038384 0.76386
0.34719 0.038308 0.77834
0.3468 0.038235 0.79276
0.3494 0.038119 0.81211
0.34166 0.038032 0.82315
0.33136 0.037973 0.82925
0.35158 0.038001 0.83391
0.34275 0.037919 0.85005
0.3411 0.037853 0.86557
0.35937 0.037969 0.84524
0.3594 0.037875 0.86708
0.33603 0.037783 0.88304
0.33963 0.037753 0.89643
0.35248 0.037778 0.89173
0.34502 0.037734 0.91325
0.33858 0.037771 0.9299
0.35274 0.03774 0.91627
0.35281 0.037786 0.92723
0.34482 0.037852 0.94067
0.33687 0.034033 0.95906
0.35956 0.037853 0.94052
0.35191 0.033618 0.96294
0.37011 0.037758 0.035055
0.37972 0.037779 0.05517
0.3886 0.037778 0.040599
0.38952 0.037812 0.068758
0.39295 0.037856 0.089171
0.36898 0.037857 0.10128
0.37901 0.037899 0.11305
0.39183 0.037891 0.1042
0.38643 0.037906 0.11232
0.36735 0.037985 0.13913
0.36813 0.038053 0.15133
0.39119 0.038 0.1327
0.3741 0.038113 0.16023
0.36822 0.038158 0.17127
0.38816 0.038282 0.17962
0.36796 0.038267 0.18758
0.36999 0.038356 0.20162
0.38261 0.038327 0.19114
0.38175 0.038374 0.19941
0.36294 0.038519 0.22267
0.35913 0.038634 0.23244
0.38783 0.038529 0.21399
0.38202 0.038792 0.23253
0.35618 0.038771 0.24495
0.35337 0.038735 0.2625
0.38013 0.038959 0.24531
0.36738 0.03875 0.25803
0.35613 0.038811 0.27809
0.37375 0.038685 0.26633
0.37128 0.038667 0.27416
0.33728 0.038914 0.29159
0.33397 0.039039 0.30675
0.31019 0.039733 0.33879
0.34578 0.039199 0.30899
0.30292 0.04075 0.36024
0.31057 0.040134 0.35393
0.29709 0.041947 0.37102
0.28025 0.044003 0.41065
0.28181 0.042958 0.42574
0.28372 0.044049 0.39577
0.28484 0.042687 0.43154
0.27857 0.040237 0.46071
0.28024 0.039021 0.48674
0.25638 0.042391 0.51932
0.25438 0.043322 0.56414
0.26084 0.042293 0.51675
0.25706 0.043079 0.56766
0.28947 0.041017 0.58833
0.30473 0.039986 0.59596
0.31709 0.040146 0.61371
0.31206 0.03941 0.63784
0.32395 0.040721 0.61597
0.32403 0.040412 0.66023
0.31951 0.03916 0.66952
0.32477 0.03911 0.67692
0.33397 0.039812 0.67471
0.35027 0.039529 0.68222
0.33616 0.038915 0.69074
0.3458 0.038858 0.70505
0.37134 0.038897 0.68087
0.37269 0.038751 0.69049
0.34812 0.038842 0.71351
0.36526 0.038642 0.70566
0.37018 0.038468 0.72593
0.36779 0.038598 0.75419
0.3793 0.03851 0.74027
0.37648 0.038646 0.75591
0.36707 0.038419 0.7712
0.35902 0.03836 0.77541
0.37457 0.038483 0.76933
0.37295 0.038263 0.79627
0.37178 0.038177 0.81191
0.37916 0.03831 0.7926
0.37183 0.038137 0.82049
0.36662 0.038009 0.8394
0.37017 0.037982 0.84684
0.36954 0.037905 0.86286
0.38423 0.038004 0.84776
0.38673 0.037898 0.87076
0.3728 0.037837 0.88141
0.36874 0.037783 0.89936
0.39065 0.037803 0.90316
0.37295 0.037766 0.9134
0.37998 0.0378 0.93142
0.38631 0.037782 0.91304
0.39364 0.037824 0.93405
0.37718 0.037838 0.94373
0.37134 0.035123 0.9551
0.39024 0.037846 0.94448
0.39655 0.034817 0.95591
0.41345 0.037801 0.036444
0.41903 0.037805 0.04088
0.41994 0.037826 0.062194
0.40346 0.037838 0.077659
0.42505 0.037841 0.070332
0.42991 0.03789 0.089593
0.41254 0.037912 0.10219
0.40266 0.037933 0.11277
0.41993 0.037913 0.099934
0.41919 0.037986 0.11885
0.40846 0.038047 0.13647
0.40275 0.038124 0.15114
0.42321 0.038104 0.14252
0.40572 0.03817 0.15893
0.40338 0.038292 0.17677
0.41665 0.038214 0.16376
0.41861 0.038255 0.16945
0.4055 0.038533 0.20576
0.4191 0.038397 0.18864
0.42384 0.038449 0.19417
0.39076 0.038569 0.21812
0.40002 0.03873 0.23165
0.42196 0.038637 0.20869
0.39689 0.038829 0.24399
0.39232 0.038841 0.25074
0.41291 0.038743 0.25384
0.3983 0.038547 0.26834
0.38736 0.038445 0.27624
0.41001 0.038698 0.26074
0.40624 0.038486 0.27549
0.38247 0.038865 0.28812
0.38109 0.039413 0.29569
0.40752 0.038448 0.29317
0.38982 0.039335 0.30008
0.35373 0.039443 0.31582
0.39402 0.039574 0.30646
0.3203 0.039101 0.34378
0.30619 0.041589 0.37033
0.36415 0.039385 0.32298
0.33002 0.037912 0.34158
0.2905 0.044408 0.38734
0.28718 0.044551 0.41179
0.31594 0.040148 0.36451
0.2897 0.041913 0.4428
0.28253 0.0389 0.48734
0.29231 0.041242 0.43092
0.28082 0.039315 0.50468
0.27055 0.040885 0.51145
0.25623 0.043449 0.54872
0.26696 0.040838 0.51721
0.26311 0.04169 0.56982
0.32452 0.039886 0.59416
0.33109 0.041718 0.62393
0.32847 0.041417 0.66016
0.37698 0.040244 0.65379
0.35746 0.040133 0.67327
0.37792 0.039253 0.67003
0.38243 0.03974 0.65415
0.37995 0.038856 0.67836
0.38352 0.038671 0.69574
0.38793 0.038766 0.68571
0.39675 0.038488 0.70661
0.37831 0.038373 0.7134
0.38562 0.038378 0.72552
0.40533 0.038409 0.72554
0.41007 0.038578 0.73812
0.39584 0.038674 0.74646
0.39277 0.038755 0.75503
0.4119 0.038866 0.75721
0.39575 0.038459 0.78016
0.41372 0.038631 0.77324
0.40957 0.038468 0.78482
0.40238 0.038335 0.79744
0.39586 0.038228 0.81315
0.42029 0.038358 0.80043
0.42463 0.038289 0.81354
0.40951 0.038149 0.82977
0.42652 0.03823 0.82429
0.41456 0.038115 0.83743
0.40082 0.03803 0.84939
0.42145 0.037958 0.86952
0.41077 0.037865 0.88669
0.40657 0.037823 0.90291
0.42576 0.037877 0.88744
0.42062 0.037849 0.89535
0.4084 0.037812 0.91241
0.40682 0.037844 0.93348
0.42612 0.037856 0.93149
0.40162 0.037874 0.94697
0.41727 0.037884 0.94088
0.42722 0.033711 0.96176
0.43693 0.037817 0.040935
0.4427 0.037835 0.059447
0.45635 0.037827 0.044172
0.43675 0.037846 0.068935
0.43703 0.037888 0.087803
0.46417 0.037872 0.076784
0.45769 0.037913 0.091284
0.43312 0.037978 0.11344
0.46157 0.037936 0.097564
0.44351 0.038067 0.13104
0.43515 0.038137 0.14479
0.45239 0.038082 0.13262
0.46186 0.038172 0.14526
0.44335 0.038213 0.15628
0.43917 0.038332 0.17364
0.45842 0.038259 0.16185
0.45509 0.038376 0.17578
0.4415 0.038425 0.18536
0.43497 0.038498 0.19497
0.44838 0.038639 0.19975
0.4299 0.038699 0.21111
0.42413 0.038659 0.22256
0.44497 0.038763 0.20865
0.42482 0.038672 0.23035
0.42219 0.038663 0.24293
0.44848 0.038519 0.23274
0.45193 0.038496 0.24095
0.41846 0.038798 0.2569
0.43183 0.038896 0.25723
0.44058 0.039163 0.2613
0.41812 0.038745 0.29422
0.41578 0.038658 0.30941
0.4338 0.039363 0.26805
0.42681 0.039344 0.28498
0.41467 0.03893 0.31653
0.3913 0.040784 0.31237
0.43116 0.039833 0.28895
0.42798 0.038983 0.31742
0.40779 0.040176 0.32744
0.32496 0.037289 0.35235
0.29484 0.041871 0.3884
0.37859 0.03975 0.31961
0.36449 0.034577 0.342
0.29169 0.040955 0.4187
0.29118 0.036432 0.47354
0.29383 0.034253 0.50286
0.26374 0.038891 0.52794
0.27049 0.039499 0.57489
0.26336 0.037198 0.53705
0.33785 0.037038 0.61607
0.3296 0.040763 0.6499
0.3554 0.040981 0.66142
0.3405 0.039549 0.65764
0.37029 0.039239 0.64794
0.3828 0.040221 0.64268
0.39131 0.038887 0.63357
0.3977 0.038747 0.67712
0.39377 0.038806 0.68377
0.41998 0.037912 0.69473
0.43949 0.037194 0.68726
0.40813 0.038351 0.70821
0.40925 0.03837 0.71504
0.43705 0.03752 0.70088
0.43466 0.037815 0.70925
0.41684 0.038339 0.73004
0.42855 0.038541 0.73964
0.44755 0.038557 0.74059
0.42658 0.0388 0.75097
0.43407 0.038728 0.76428
0.4412 0.038701 0.75074
0.44854 0.038677 0.76814
0.43795 0.038643 0.7729
0.42788 0.038501 0.78745
0.45157 0.038608 0.77826
0.44953 0.03856 0.78998
0.43347 0.038412 0.79946
0.43644 0.038298 0.81676
0.44873 0.038415 0.80333
0.46114 0.038326 0.81916
0.43947 0.038155 0.83592
0.45079 0.038196 0.83144
0.45097 0.038153 0.83915
0.44172 0.038094 0.84999
0.43522 0.037973 0.86985
0.46086 0.038108 0.85109
0.43783 0.03793 0.87905
0.4388 0.037856 0.89728
0.45133 0.037891 0.88881
0.45912 0.037862 0.90113
0.44569 0.03781 0.91899
0.44572 0.037855 0.9302
0.45898 0.03782 0.91969
0.45467 0.03787 0.93429
0.44296 0.037949 0.94928
0.46303 0.037888 0.94604
0.45897 0.03358 0.9636
0.30721 0.038833 0.41897
0.30807 0.036791 0.46255
0.26979 0.037603 0.56024
0.30775 0.035312 0.51754
0.48104 0.037834 0.045088
0.47781 0.037855 0.06218
0.49582 0.037832 0.038598
0.48784 0.037854 0.060329
0.47044 0.037876 0.077199
0.4738 0.037911 0.08835
0.49195 0.037872 0.070507
0.49101 0.03792 0.089228
0.48078 0.037967 0.10461
0.47605 0.037989 0.11053
0.48537 0.037951 0.099359
0.49494 0.038033 0.11794
0.47397 0.038076 0.12841
0.49139 0.038153 0.14046
0.4683 0.038249 0.15804
0.47524 0.038339 0.16901
0.48573 0.038244 0.15432
0.47584 0.038456 0.18183
0.47182 0.038599 0.19519
0.48815 0.038448 0.17922
0.4878 0.038574 0.19241
0.46765 0.038817 0.21117
0.47415 0.038843 0.21492
0.48426 0.038778 0.20456
0.49004 0.038857 0.21273
0.46195 0.038659 0.2327
0.47567 0.038842 0.23548
0.48924 0.038915 0.22996
0.49392 0.038979 0.23917
0.46748 0.038939 0.25319
0.47109 0.03927 0.25894
0.48348 0.039581 0.26144
0.46012 0.039532 0.26532
0.46622 0.040197 0.273
0.48536 0.040118 0.27172
0.49023 0.040554 0.27572
0.4602 0.040323 0.27518
0.46434 0.040601 0.27918
0.49348 0.041009 0.28366
0.43754 0.039441 0.29371
0.47698 0.040327 0.28713
0.47941 0.03898 0.29038
0.3975 0.037788 0.326
0.384 0.03523 0.32478
0.45636 0.036086 0.28654
0.45938 0.034376 0.29173
0.3758 0.033396 0.35665
0.40621 0.033335 0.49019
0.33884 0.033351 0.54817
0.34096 0.035412 0.65364
0.43507 0.033571 0.65767
0.41349 0.035123 0.67239
0.47284 0.033814 0.68442
0.47598 0.035892 0.71795
0.41563 0.037195 0.68185
0.44966 0.036409 0.66233
0.47162 0.038414 0.71927
0.48594 0.039264 0.72727
0.45407 0.036537 0.66468
0.45391 0.037238 0.6859
0.46136 0.039355 0.71504
0.48808 0.039727 0.73525
0.45099 0.037223 0.68915
0.44829 0.038035 0.71132
0.49443 0.039622 0.73758
0.45649 0.038801 0.73536
0.45804 0.038864 0.75025
0.474 0.039211 0.74748
0.48779 0.039083 0.75495
0.46809 0.038766 0.76657
0.48842 0.038961 0.76055
0.49111 0.038828 0.77163
0.4713 0.038723 0.77985
0.47443 0.038706 0.78943
0.49296 0.038764 0.78266
0.49488 0.03872 0.79064
0.47718 0.038608 0.79908
0.46792 0.038375 0.81448
0.49126 0.038349 0.82053
0.47786 0.038157 0.84312
0.49373 0.038259 0.82902
0.49142 0.038151 0.84577
0.47611 0.038095 0.85531
0.47863 0.038008 0.8695
0.48566 0.038023 0.86726
0.47564 0.037937 0.88352
0.47299 0.037891 0.89334
0.49416 0.037913 0.88849
0.46909 0.037845 0.93135
0.49112 0.037854 0.91436
0.48639 0.037836 0.93348
0.47601 0.037839 0.94669
0.47602 0.035748 0.95397
0.48756 0.037834 0.94111
0.46541 0.033692 0.35988
0.37133 0.033726 0.50468
0.36896 0.03367 0.54969
0.45997 0.033571 0.61258
0.44861 0.035064 0.31669
0.47781 0.035096 0.31571
0.31046 0.03679 0.40075
0.32977 0.034044 0.46543
0.33466 0.034711 0.37111
0.31398 0.035809 0.43369
0.47371 0.033703 0.34994
0.36754 0.033675 0.42647
0.46503 0.034744 0.31279
0.39357 0.033389 0.50152
0.37332 0.033476 0.55881
0.26942 0.0385 0.54697
0.38738 0.036197 0.58755
0.53443 0.033763 0.61115
0.43581 0.034191 0.64669
0.43201 0.03351 0.5817
0.41129 0.034705 0.63705
0.39623 0.035463 0.57421
0.48202 0.034715 0.32255
0.401 0.034116 0.37276
0.36927 0.033919 0.46576
0.42273 0.0341 0.41409
0.35778 0.034103 0.47616
0.43146 0.035274 0.36382
0.39259 0.03379 0.46534
0.45323 0.03392 0.39656
0.4733 0.033566 0.41436
0.33833 0.034978 0.57838
0.35489 0.036474 0.60873
0.32092 0.034734 0.50712
0.41397 0.033673 0.55718
0.36588 0.033921 0.53856
0.50218 0.033707 0.60331
0.47233 0.033388 0.49452
0.40916 0.03364 0.58459
0.3979 0.035297 0.5751
0.46535 0.03438 0.64496
0.40959 0.033683 0.43537
0.47988 0.033498 0.58346
0.50757 0.03783 0.04476
0.52564 0.037826 0.046746
0.5247 0.037841 0.055994
0.50681 0.03787 0.069406
0.50695 0.037909 0.08511
0.53 0.037859 0.065954
0.5241 0.037908 0.085497
0.50223 0.037959 0.10161
0.51238 0.037995 0.11112
0.52804 0.037959 0.1039
0.52334 0.037983 0.10988
0.51541 0.038094 0.12999
0.51314 0.038147 0.13922
0.51972 0.038085 0.12872
0.52138 0.038215 0.14801
0.51077 0.038244 0.15304
0.5159 0.03831 0.16489
0.53064 0.038275 0.16205
0.52016 0.038312 0.16551
0.51574 0.038503 0.18401
0.50181 0.03855 0.18986
0.53045 0.038445 0.18115
0.53384 0.038511 0.19068
0.51303 0.038859 0.20536
0.51106 0.03893 0.2146
0.52709 0.03883 0.20712
0.52345 0.038906 0.21634
0.50314 0.038905 0.23501
0.53031 0.038774 0.22671
0.5263 0.038773 0.23038
0.50413 0.039044 0.24321
0.52001 0.039338 0.24905
0.54099 0.038825 0.24595
0.54721 0.039383 0.25891
0.50612 0.039841 0.25857
0.55086 0.040282 0.26872
0.55568 0.040858 0.27329
0.50451 0.041195 0.27391
0.54215 0.041414 0.27259
0.56561 0.043041 0.28399
0.51523 0.040881 0.2689
0.51885 0.040531 0.26788
0.58968 0.043093 0.28783
0.54989 0.037526 0.29061
0.54176 0.035278 0.28849
0.58476 0.038237 0.28902
0.60188 0.034947 0.349
0.57428 0.033353 0.3647
0.61997 0.033637 0.39202
0.63718 0.033357 0.46086
0.54148 0.033353 0.55602
0.55168 0.033407 0.66874
0.65657 0.03334 0.57456
0.64609 0.034503 0.66708
0.49744 0.036153 0.71838
0.59184 0.037851 0.68003
0.58916 0.039948 0.69135
0.57258 0.038472 0.69908
0.50847 0.039634 0.72924
0.56165 0.037874 0.7027
0.56464 0.038304 0.70911
0.51249 0.039684 0.73316
0.52352 0.039442 0.73599
0.54983 0.038102 0.72239
0.55252 0.038179 0.72754
0.51469 0.039463 0.74519
0.50607 0.039259 0.75221
0.53428 0.039094 0.74028
0.54655 0.038889 0.74587
0.50384 0.038931 0.76535
0.51094 0.038885 0.77305
0.52392 0.038897 0.77292
0.50869 0.038765 0.78132
0.50951 0.03871 0.78896
0.53168 0.038825 0.77573
0.52227 0.038687 0.78961
0.51617 0.0386 0.79974
0.50562 0.038396 0.81595
0.52946 0.038473 0.8064
0.53403 0.038374 0.81576
0.50714 0.038251 0.82973
0.51273 0.038189 0.83727
0.52525 0.038211 0.83283
0.52552 0.038171 0.84059
0.51105 0.038042 0.86501
0.53274 0.038 0.87074
0.50938 0.037925 0.88599
0.51504 0.037874 0.89889
0.53109 0.037923 0.88515
0.53174 0.037865 0.90114
0.50186 0.037836 0.91979
0.52072 0.037828 0.91683
0.50482 0.036018 0.95365
0.52801 0.037972 0.94723
0.52591 0.034082 0.95905
0.56713 0.033566 0.49502
0.56991 0.033447 0.57756
0.51822 0.033817 0.3265
0.58966 0.033516 0.43968
0.58875 0.036993 0.30673
0.47386 0.033565 0.36661
0.62223 0.034571 0.49273
0.60056 0.034269 0.40265
0.65889 0.03474 0.50092
0.59256 0.033417 0.56735
0.5264 0.033684 0.61713
0.60153 0.033549 0.61385
0.5857 0.035645 0.62227
0.64292 0.033459 0.54072
0.61164 0.035847 0.64529
0.70984 0.038469 0.57599
0.65639 0.037687 0.63126
0.52881 0.033597 0.6572
0.5487 0.034853 0.31272
0.55288 0.033874 0.3373
0.53491 0.03353 0.46714
0.53446 0.033452 0.39044
0.55807 0.033696 0.39555
0.59348 0.034071 0.4018
0.64634 0.03439 0.4801
0.6116 0.033473 0.47223
0.60639 0.033464 0.57311
0.57614 0.034232 0.61
0.59106 0.03364 0.50825
0.56117 0.033793 0.60818
0.69411 0.038298 0.59485
0.64828 0.035702 0.65174
0.63053 0.034033 0.5114
0.49447 0.033551 0.40742
0.55337 0.033573 0.41528
0.60225 0.033594 0.52825
0.54119 0.037831 0.053407
0.56328 0.03781 0.036535
0.55912 0.037837 0.062049
0.5435 0.03791 0.089859
0.55518 0.037855 0.06986
0.556 0.037892 0.086164
0.54387 0.037948 0.10471
0.5485 0.038009 0.11918
0.55352 0.037939 0.10418
0.5538 0.038005 0.11945
0.54465 0.038059 0.12854
0.56462 0.038045 0.13024
0.55762 0.038107 0.13995
0.54857 0.038242 0.15999
0.5677 0.038203 0.15899
0.5513 0.038408 0.1844
0.54393 0.038553 0.1963
0.56961 0.03837 0.1835
0.56521 0.038574 0.20095
0.54949 0.038662 0.20552
0.5607 0.038642 0.20521
0.57664 0.038614 0.22554
0.55407 0.038598 0.23205
0.57755 0.038552 0.23708
0.57732 0.038577 0.24286
0.55894 0.039399 0.25949
0.58596 0.039243 0.25613
0.58336 0.039818 0.26185
0.57241 0.040757 0.26952
0.57712 0.042136 0.27636
0.59273 0.041529 0.27387
0.60535 0.041599 0.28406
0.56733 0.042167 0.27865
0.59584 0.043582 0.2875
0.60288 0.042294 0.28689
0.60145 0.041035 0.30013
0.61162 0.039644 0.34971
0.61263 0.039382 0.35489
0.60799 0.035664 0.36498
0.63452 0.037415 0.36666
0.6319 0.034383 0.41857
0.67614 0.034241 0.46905
0.71139 0.033868 0.528
0.72528 0.037222 0.54038
0.69793 0.041258 0.60486
0.66546 0.037451 0.66427
0.60654 0.040494 0.66651
0.66698 0.038717 0.63422
0.67523 0.040239 0.64951
0.61285 0.041591 0.66762
0.65303 0.040724 0.67569
0.61728 0.042093 0.67197
0.59937 0.041639 0.6913
0.57747 0.039244 0.70761
0.60966 0.040736 0.69214
0.57929 0.038957 0.71308
0.57037 0.038511 0.72598
0.60424 0.040288 0.70119
0.55805 0.038379 0.73487
0.56317 0.038829 0.74681
0.58681 0.038752 0.72883
0.57118 0.038796 0.74546
0.54626 0.039019 0.75973
0.54647 0.038887 0.76998
0.57343 0.038913 0.75039
0.54593 0.038753 0.77734
0.55987 0.038629 0.78189
0.56998 0.038534 0.79107
0.54228 0.038545 0.7989
0.5456 0.038352 0.8164
0.56935 0.038379 0.80469
0.56791 0.038292 0.81822
0.55062 0.03827 0.8252
0.54438 0.038137 0.84538
0.55755 0.038241 0.82673
0.55784 0.038136 0.84184
0.54092 0.038049 0.86098
0.55491 0.038045 0.85951
0.56158 0.037964 0.87255
0.54192 0.037877 0.89464
0.55718 0.037883 0.88944
0.56507 0.037857 0.89602
0.54702 0.037837 0.91449
0.53724 0.037895 0.93341
0.55943 0.037818 0.91732
0.55539 0.03788 0.93295
0.54383 0.037959 0.94653
0.5478 0.033835 0.96068
0.5634 0.037912 0.94388
0.55422 0.035503 0.95458
0.67646 0.034618 0.51494
0.69686 0.034617 0.53593
0.57587 0.037801 0.044576
0.58621 0.037793 0.040347
0.59436 0.037808 0.061724
0.57231 0.037892 0.092326
0.58871 0.03783 0.071574
0.59539 0.037866 0.091624
0.57176 0.037929 0.10682
0.57683 0.037984 0.12041
0.59423 0.037893 0.10179
0.58712 0.037934 0.11244
0.58332 0.038054 0.13671
0.59997 0.037996 0.13077
0.5951 0.038091 0.14627
0.58204 0.038189 0.16266
0.57524 0.038256 0.17065
0.59105 0.038179 0.1652
0.60171 0.03819 0.17134
0.57785 0.038513 0.19816
0.59838 0.038378 0.19266
0.58463 0.038702 0.21289
0.58608 0.038595 0.22573
0.61048 0.038543 0.21292
0.60383 0.038526 0.22745
0.59443 0.038562 0.23143
0.60616 0.03854 0.23885
0.61348 0.038735 0.25288
0.59252 0.039258 0.25654
0.60439 0.039838 0.26743
0.61991 0.039108 0.26785
0.6193 0.039343 0.27417
0.61004 0.040606 0.2806
0.62995 0.038909 0.29924
0.63211 0.038561 0.31209
0.61477 0.039832 0.30307
0.619 0.039038 0.33986
0.6279 0.038608 0.33019
0.629 0.038409 0.35551
0.64577 0.03792 0.3669
0.6514 0.038255 0.35653
0.64867 0.037571 0.38379
0.64227 0.038384 0.43027
0.6466 0.037983 0.41303
0.64706 0.038172 0.42868
0.69513 0.038357 0.44701
0.67645 0.039885 0.48732
0.68499 0.038851 0.43842
0.67339 0.040733 0.48473
0.72347 0.038875 0.52859
0.72279 0.04191 0.57721
0.71607 0.038426 0.5118
0.72005 0.0429 0.58383
0.70264 0.044006 0.60481
0.67331 0.040554 0.65822
0.71015 0.044614 0.60277
0.64713 0.040707 0.60698
0.668 0.04087 0.67041
0.67737 0.041146 0.65551
0.66261 0.040963 0.67917
0.63329 0.040765 0.68002
0.6231 0.040656 0.68469
0.64779 0.039961 0.68659
0.6135 0.039974 0.6976
0.60629 0.0391 0.71649
0.64051 0.039412 0.69383
0.62462 0.039163 0.70633
0.60671 0.038893 0.72346
0.61776 0.03895 0.71635
0.61111 0.038773 0.73239
0.58256 0.038773 0.76173
0.60355 0.038712 0.75593
0.58207 0.038665 0.77081
0.60664 0.038465 0.77476
0.60037 0.03843 0.78831
0.57591 0.038321 0.80981
0.59665 0.038229 0.81588
0.58273 0.038243 0.82014
0.58022 0.038131 0.8347
0.59409 0.038127 0.83024
0.58023 0.038025 0.85597
0.5996 0.037983 0.85593
0.57465 0.03791 0.88057
0.59778 0.037809 0.90098
0.57418 0.037798 0.9157
0.59369 0.03778 0.91384
0.57391 0.037909 0.94907
0.57703 0.035909 0.95369
0.5915 0.037858 0.94489
0.58584 0.033578 0.96358
0.60964 0.037774 0.044825
0.6121 0.037789 0.060973
0.62977 0.037754 0.042245
0.63174 0.037757 0.052944
0.61563 0.037804 0.07376
0.60408 0.03784 0.085143
0.63231 0.037789 0.078029
0.62743 0.037807 0.083939
0.61183 0.037887 0.10773
0.61092 0.037943 0.12241
0.62324 0.037857 0.10177
0.63006 0.037902 0.11996
0.6053 0.037969 0.12661
0.61805 0.038063 0.15207
0.63046 0.037934 0.12947
0.63194 0.03798 0.14284
0.61154 0.038119 0.1623
0.61954 0.038159 0.17354
0.6318 0.038053 0.15886
0.62054 0.03828 0.19188
0.61638 0.038444 0.20624
0.63058 0.038266 0.19602
0.63264 0.038352 0.20666
0.61796 0.038453 0.22538
0.63502 0.038384 0.2222
0.63968 0.038389 0.23116
0.64664 0.03853 0.25261
0.63947 0.038927 0.28408
0.64632 0.038769 0.27317
0.65888 0.038383 0.30275
0.65333 0.038347 0.30725
0.66687 0.038375 0.32996
0.64106 0.038319 0.33176
0.65733 0.038398 0.34984
0.65778 0.038328 0.33365
0.67056 0.038389 0.35214
0.65931 0.037775 0.40166
0.66659 0.037738 0.40593
0.65711 0.037708 0.42028
0.68771 0.038694 0.43444
0.66981 0.037721 0.42745
0.68256 0.038145 0.42774
0.68208 0.040246 0.47808
0.70866 0.039099 0.45361
0.68643 0.03993 0.48405
0.71266 0.038751 0.50154
0.73098 0.041751 0.56614
0.71366 0.038789 0.49717
0.73569 0.040423 0.54542
0.71963 0.043572 0.59119
0.68504 0.041711 0.61143
0.72362 0.042857 0.58789
0.70206 0.043092 0.61106
0.65636 0.040122 0.61534
0.66826 0.039854 0.62238
0.66551 0.04035 0.68242
0.67928 0.039797 0.67746
0.64866 0.039315 0.69308
0.63645 0.039032 0.70314
0.65433 0.038597 0.70693
0.65451 0.038639 0.71438
0.62457 0.038664 0.73791
0.61872 0.038635 0.75221
0.64024 0.038497 0.75079
0.62084 0.038481 0.76687
0.61447 0.038409 0.77825
0.63506 0.038389 0.7674
0.63421 0.038346 0.77403
0.61636 0.038266 0.79909
0.6172 0.038228 0.80419
0.63318 0.038225 0.79707
0.6351 0.038182 0.80287
0.60827 0.03818 0.81894
0.60993 0.038024 0.84343
0.63405 0.038106 0.81915
0.63658 0.037985 0.83911
0.61026 0.037993 0.84985
0.60525 0.037934 0.86321
0.62824 0.03794 0.85256
0.62554 0.037887 0.86534
0.61201 0.037865 0.87829
0.60646 0.037809 0.89724
0.62103 0.037823 0.88585
0.63093 0.037782 0.89463
0.60892 0.037767 0.91453
0.60942 0.037789 0.93069
0.62126 0.037781 0.93195
0.61089 0.037838 0.9475
0.62326 0.037801 0.94089
0.62906 0.033522 0.96462
0.63891 0.037745 0.046394
0.65377 0.037728 0.038165
0.65586 0.037741 0.062796
0.6465 0.037769 0.07751
0.6407 0.037811 0.093285
0.6636 0.037742 0.072373
0.66657 0.037754 0.083534
0.65662 0.037821 0.10672
0.65119 0.037979 0.15284
0.66038 0.037895 0.13649
0.66261 0.03795 0.15287
0.64728 0.03802 0.16098
0.65045 0.038121 0.18211
0.66252 0.038007 0.1681
0.65948 0.038042 0.17426
0.65079 0.03815 0.18831
0.6497 0.038232 0.20283
0.6704 0.038097 0.19194
0.67098 0.038163 0.2062
0.64918 0.038335 0.22206
0.65865 0.038389 0.24001
0.67168 0.038353 0.24521
0.65691 0.038492 0.2551
0.65901 0.038598 0.26937
0.68091 0.038355 0.25811
0.67301 0.038432 0.26634
0.66751 0.038502 0.28798
0.68549 0.03854 0.3065
0.66883 0.038394 0.30981
0.67884 0.038418 0.33501
0.68897 0.038557 0.31599
0.69654 0.038399 0.33878
0.68598 0.038235 0.36694
0.69214 0.038271 0.36535
0.68687 0.037948 0.40573
0.69694 0.038221 0.39276
0.69737 0.038141 0.40394
0.68982 0.038126 0.42203
0.71448 0.038905 0.43439
0.70887 0.038486 0.41807
0.70329 0.038958 0.47137
0.6957 0.039206 0.47873
0.70982 0.038743 0.4713
0.71143 0.038645 0.48519
0.71387 0.038716 0.49329
0.73563 0.039563 0.52934
0.73136 0.038667 0.50255
0.74427 0.039157 0.53069
0.7356 0.040938 0.57848
0.72576 0.041771 0.60325
0.70366 0.041585 0.6157
0.68646 0.039555 0.62244
0.70057 0.03954 0.62596
0.69111 0.039831 0.6633
0.69627 0.039307 0.63476
0.6942 0.039538 0.6652
0.68113 0.039251 0.68481
0.69774 0.039046 0.67733
0.66786 0.038553 0.718
0.67724 0.038606 0.70281
0.67552 0.038542 0.71284
0.65855 0.038428 0.73274
0.65327 0.038419 0.74748
0.67097 0.038398 0.73538
0.67856 0.038359 0.74492
0.65728 0.038347 0.75617
0.65017 0.038287 0.77323
0.66988 0.03828 0.76075
0.66584 0.038237 0.77004
0.64401 0.038214 0.79418
0.65259 0.038125 0.80377
0.66233 0.038188 0.78793
0.66108 0.038082 0.80656
0.65125 0.038053 0.81937
0.64672 0.037964 0.83853
0.66752 0.037994 0.82119
0.66828 0.037913 0.83857
0.64788 0.037932 0.84536
0.64677 0.037866 0.86081
0.65756 0.037894 0.84931
0.66245 0.037807 0.86901
0.65012 0.03777 0.88618
0.64995 0.037754 0.89367
0.65684 0.037754 0.88708
0.66519 0.037722 0.89848
0.64588 0.03773 0.91231
0.63819 0.037755 0.93092
0.66481 0.037713 0.90729
0.661 0.03772 0.92255
0.63695 0.037787 0.94426
0.64258 0.03519 0.95487
0.6583 0.037786 0.94236
0.66638 0.034816 0.95592
0.68093 0.037693 0.044686
0.68307 0.037692 0.051244
0.69951 0.037672 0.040407
0.69087 0.037692 0.058514
0.69863 0.037696 0.070929
0.69743 0.037725 0.090367
0.67149 0.037782 0.099639
0.67255 0.037828 0.11993
0.67687 0.03786 0.13648
0.67982 0.037904 0.15206
0.68383 0.037937 0.16358
0.69674 0.037919 0.16824
0.6862 0.038062 0.19756
0.67822 0.038138 0.20708
0.70139 0.038034 0.20456
0.69501 0.038115 0.21587
0.68572 0.038207 0.22802
0.69744 0.038176 0.23442
0.70391 0.038172 0.23939
0.69462 0.038337 0.27219
0.70921 0.038231 0.26491
0.70324 0.03828 0.27185
0.69728 0.038453 0.30456
0.71179 0.038338 0.29709
0.71253 0.038359 0.30328
0.70704 0.0384 0.31922
0.70496 0.038379 0.33128
0.71544 0.03843 0.3287
0.71552 0.038492 0.34198
0.70656 0.0384 0.35371
0.70549 0.038371 0.36621
0.72186 0.038548 0.36143
0.72364 0.038562 0.37152
0.71362 0.038543 0.38542
0.71345 0.038356 0.40546
0.72415 0.038544 0.38799
0.73453 0.038432 0.40661
0.73109 0.038678 0.44898
0.73878 0.038579 0.42972
0.72559 0.038587 0.47142
0.73057 0.038519 0.48269
0.74249 0.03856 0.46939
0.74599 0.038554 0.4873
0.74014 0.038578 0.50579
0.7471 0.039075 0.53244
0.75494 0.03859 0.51784
0.75004 0.039412 0.5492
0.73806 0.040167 0.59075
0.75644 0.038955 0.54319
0.74819 0.039266 0.5858
0.70986 0.039463 0.62926
0.74193 0.039585 0.60147
0.73809 0.039135 0.62263
0.71693 0.039178 0.6335
0.72494 0.038895 0.63929
0.72451 0.038639 0.65453
0.70637 0.038815 0.6745
0.70492 0.038732 0.68302
0.71808 0.038661 0.66386
0.71739 0.038613 0.67895
0.69168 0.038573 0.71625
0.70875 0.03843 0.70751
0.69445 0.038431 0.73124
0.68441 0.038377 0.74284
0.70138 0.038451 0.72239
0.68735 0.038215 0.76341
0.67955 0.038172 0.77775
0.70382 0.038215 0.75402
0.7059 0.038099 0.77309
0.68212 0.038137 0.78505
0.68299 0.038038 0.80178
0.69993 0.038083 0.7822
0.69224 0.037981 0.80804
0.67774 0.03799 0.81601
0.69113 0.037962 0.81332
0.69197 0.037871 0.83459
0.68317 0.037817 0.85478
0.69728 0.037824 0.84446
0.68955 0.037749 0.87019
0.68247 0.037741 0.87633
0.69287 0.037728 0.87506
0.69296 0.037678 0.89859
0.68057 0.03769 0.91249
0.67146 0.037791 0.93412
0.69107 0.037812 0.9335
0.68224 0.037913 0.94496
0.6833 0.033572 0.96376
0.697 0.034152 0.95857
0.70933 0.037661 0.037321
0.70835 0.037667 0.054308
0.72499 0.037644 0.042354
0.72768 0.037651 0.060316
0.71124 0.037685 0.07534
0.72871 0.037662 0.074874
0.71198 0.037715 0.099701
0.70921 0.037764 0.1239
0.72733 0.037706 0.11069
0.73164 0.037727 0.1254
0.70832 0.037844 0.15364
0.7344 0.037761 0.14402
0.73269 0.037794 0.15583
0.70991 0.037894 0.17091
0.70878 0.037953 0.18665
0.72525 0.037834 0.16423
0.73515 0.037858 0.18204
0.7112 0.037968 0.19368
0.71193 0.03803 0.211
0.72653 0.037947 0.20232
0.72158 0.038085 0.236
0.7402 0.038041 0.24422
0.72721 0.038136 0.258
0.72924 0.038195 0.27748
0.72123 0.038289 0.29153
0.73172 0.038308 0.3139
0.7459 0.038186 0.29583
0.7388 0.038277 0.31621
0.73387 0.038315 0.32045
0.73676 0.038381 0.34348
0.74441 0.038272 0.32283
0.75179 0.038296 0.34582
0.74084 0.038381 0.36328
0.73417 0.038477 0.37294
0.74717 0.03834 0.35664
0.74748 0.038408 0.37998
0.74205 0.038417 0.39739
0.75761 0.038415 0.39094
0.75299 0.038468 0.40839
0.74871 0.038499 0.42163
0.74817 0.038572 0.45155
0.76231 0.038501 0.43212
0.76184 0.038519 0.4499
0.75243 0.038531 0.46266
0.75298 0.038529 0.48108
0.75815 0.038523 0.46043
0.76591 0.038583 0.48393
0.76791 0.038588 0.50114
0.77377 0.038692 0.51942
0.76437 0.038864 0.55487
0.77475 0.038818 0.55075
0.77305 0.038738 0.57654
0.75076 0.038757 0.61932
0.77039 0.038701 0.59074
0.76324 0.038698 0.60461
0.73821 0.038612 0.64941
0.75312 0.038681 0.62621
0.75344 0.038598 0.64864
0.73407 0.038512 0.66571
0.73674 0.038463 0.67172
0.74531 0.038518 0.66046
0.74531 0.038426 0.67788
0.7301 0.038361 0.69878
0.72471 0.038344 0.70774
0.74099 0.038384 0.68945
0.7423 0.038295 0.7027
0.72818 0.038238 0.72479
0.71545 0.038238 0.73829
0.73169 0.038181 0.73277
0.71739 0.038168 0.75296
0.71571 0.038094 0.76626
0.73757 0.038098 0.74883
0.73244 0.038027 0.76684
0.71852 0.03801 0.78416
0.70855 0.037967 0.80001
0.72999 0.037976 0.78236
0.71632 0.037859 0.82122
0.70672 0.037841 0.83286
0.72928 0.037869 0.80963
0.71837 0.037786 0.84158
0.70555 0.037743 0.86389
0.72466 0.037772 0.84157
0.71188 0.03767 0.88531
0.70588 0.037667 0.89002
0.72213 0.037678 0.87658
0.73376 0.037616 0.89952
0.70458 0.037647 0.91285
0.71567 0.037654 0.92204
0.73195 0.03761 0.90919
0.711 0.033855 0.96047
0.73283 0.037886 0.94312
0.73901 0.037629 0.043356
0.74174 0.037632 0.056972
0.76154 0.037611 0.058363
0.75649 0.037629 0.076552
0.75441 0.037644 0.0902
0.76527 0.037645 0.10363
0.75546 0.037675 0.11656
0.74454 0.03774 0.14366
0.74091 0.03776 0.14914
0.75732 0.037697 0.13253
0.7658 0.037721 0.15554
0.74297 0.037798 0.16768
0.74954 0.037837 0.19015
0.75876 0.037774 0.17489
0.75797 0.03781 0.18896
0.75366 0.037854 0.20145
0.74954 0.03794 0.22402
0.76611 0.037871 0.21966
0.74989 0.037979 0.23657
0.77075 0.037885 0.22999
0.75638 0.038031 0.26038
0.74767 0.038116 0.2748
0.7701 0.03799 0.26505
0.75752 0.038202 0.31543
0.76574 0.038088 0.29285
0.77059 0.03813 0.31427
0.75662 0.038229 0.3269
0.75933 0.038274 0.35239
0.77327 0.038163 0.33538
0.77789 0.038183 0.34747
0.76928 0.038255 0.36826
0.76699 0.038298 0.37628
0.78268 0.038223 0.36644
0.77644 0.038273 0.37992
0.76721 0.038352 0.39139
0.76994 0.038421 0.41981
0.78361 0.038326 0.4034
0.76968 0.038466 0.43289
0.77237 0.038512 0.4541
0.78522 0.038449 0.43612
0.78917 0.038482 0.44828
0.77953 0.03853 0.46273
0.77525 0.038606 0.48176
0.79248 0.038543 0.47046
0.79217 0.038587 0.4814
0.79274 0.038745 0.50547
0.78949 0.038861 0.53123
0.78127 0.038859 0.54828
0.77857 0.038758 0.57134
0.79185 0.038856 0.54377
0.79625 0.038748 0.56122
0.78042 0.038645 0.59277
0.7821 0.038557 0.6101
0.78557 0.038523 0.61543
0.75857 0.038491 0.65967
0.75761 0.038403 0.67476
0.77666 0.038343 0.65654
0.75969 0.038316 0.68749
0.75529 0.038241 0.70595
0.77518 0.038183 0.69233
0.75696 0.038145 0.72345
0.75243 0.038077 0.74152
0.75087 0.038001 0.75789
0.74767 0.037994 0.76227
0.76513 0.037926 0.76339
0.75131 0.037912 0.78178
0.74919 0.03785 0.79967
0.75995 0.037899 0.77678
0.75235 0.037774 0.81895
0.7513 0.037729 0.83614
0.7602 0.037784 0.81009
0.76523 0.037719 0.8276
0.74137 0.037677 0.86325
0.75911 0.037676 0.85093
0.746 0.037642 0.87244
0.74163 0.037604 0.90127
0.7583 0.0376 0.88137
0.75752 0.037585 0.89624
0.74833 0.037594 0.90556
0.76349 0.037573 0.91247
0.75598 0.037736 0.93239
0.73847 0.037872 0.94214
0.73997 0.034139 0.95861
0.76436 0.033751 0.96129
0.77302 0.037593 0.043835
0.78148 0.037586 0.052307
0.796 0.037571 0.047358
0.79907 0.037575 0.063128
0.7769 0.037601 0.068362
0.79143 0.037599 0.089831
0.78233 0.037628 0.11269
0.78168 0.037649 0.12797
0.79298 0.037612 0.1095
0.79685 0.037622 0.12361
0.78295 0.037666 0.14246
0.78059 0.037692 0.15536
0.78965 0.037647 0.13571
0.79148 0.037681 0.16008
0.78129 0.037727 0.17485
0.79994 0.037677 0.16643
0.7899 0.037744 0.19281
0.78194 0.037785 0.20327
0.78564 0.037824 0.22395
0.79759 0.037758 0.20845
0.7943 0.037798 0.22331
0.77772 0.037871 0.23285
0.77868 0.037937 0.25715
0.79439 0.037818 0.23265
0.7955 0.037857 0.24989
0.79932 0.037895 0.27095
0.78111 0.038065 0.30538
0.788 0.038081 0.32134
0.80651 0.037932 0.29611
0.79784 0.038017 0.31661
0.79005 0.038112 0.33785
0.79059 0.038153 0.35362
0.7983 0.038048 0.33143
0.79953 0.03809 0.35072
0.79444 0.038163 0.36929
0.7991 0.038171 0.38629
0.80893 0.038098 0.36918
0.81091 0.038133 0.38807
0.79906 0.03821 0.40134
0.79764 0.038267 0.41671
0.8051 0.038176 0.3991
0.81084 0.038215 0.42359
0.7991 0.038343 0.4387
0.81074 0.038269 0.44244
0.80928 0.038286 0.44706
0.79799 0.03846 0.46745
0.80333 0.03844 0.48456
0.81238 0.038311 0.46683
0.81959 0.038313 0.49104
0.80716 0.038499 0.51171
0.81416 0.038398 0.50831
0.81985 0.038359 0.53133
0.79955 0.038662 0.56518
0.81575 0.038409 0.53732
0.81657 0.038372 0.56691
0.80215 0.038498 0.58586
0.79906 0.038488 0.59729
0.81346 0.038366 0.58341
0.80251 0.038367 0.61124
0.80888 0.038309 0.61267
0.78782 0.038312 0.64918
0.78545 0.038233 0.66821
0.80758 0.038145 0.65247
0.80124 0.038106 0.67268
0.78429 0.038138 0.69129
0.78549 0.0381 0.69887
0.80539 0.038038 0.68778
0.80464 0.038022 0.69279
0.78818 0.038014 0.71697
0.77729 0.03798 0.73807
0.79303 0.037913 0.73812
0.78301 0.037924 0.74684
0.78527 0.037846 0.76833
0.80248 0.037858 0.746
0.79868 0.037726 0.7976
0.77389 0.037721 0.8192
0.77978 0.037675 0.83355
0.79048 0.037713 0.80934
0.79994 0.03764 0.83308
0.77831 0.037631 0.85589
0.78986 0.037633 0.84468
0.77971 0.037582 0.8799
0.77331 0.037567 0.89821
0.79685 0.037542 0.89471
0.77823 0.037688 0.93419
0.79288 0.037531 0.9159
0.78258 0.037814 0.94949
0.77329 0.033585 0.96338
0.79216 0.037781 0.94356
0.79728 0.034448 0.95702
0.80351 0.037564 0.046663
0.80418 0.037565 0.05396
0.82972 0.037542 0.046872
0.8322 0.03754 0.052092
0.80371 0.037578 0.076693
0.80539 0.037585 0.091867
0.82898 0.037551 0.072753
0.82192 0.037566 0.089259
0.81069 0.037587 0.10409
0.80956 0.037603 0.12175
0.821 0.037577 0.10712
0.82822 0.037583 0.12424
0.82847 0.037598 0.13916
0.8216 0.037646 0.17243
0.8218 0.037661 0.18398
0.81329 0.037714 0.20403
0.80716 0.037757 0.21897
0.83402 0.037681 0.21055
0.83078 0.037704 0.22024
0.80878 0.037784 0.23418
0.81282 0.037814 0.2542
0.83353 0.037757 0.25512
0.8217 0.037826 0.27717
0.81753 0.037864 0.28559
0.8364 0.037786 0.27482
0.83049 0.037831 0.28984
0.82188 0.037878 0.2984
0.81762 0.037939 0.31425
0.8326 0.037848 0.30041
0.82753 0.037915 0.32395
0.81705 0.037996 0.33854
0.82201 0.037998 0.34853
0.82976 0.037945 0.3418
0.81909 0.038074 0.37283
0.8194 0.038113 0.39162
0.83938 0.037978 0.37458
0.82055 0.038133 0.40435
0.82232 0.038165 0.42363
0.83663 0.038071 0.41957
0.82375 0.038192 0.43841
0.83205 0.038151 0.45138
0.84315 0.038074 0.4365
0.82668 0.038228 0.46986
0.82394 0.038282 0.49142
0.8243 0.038309 0.5118
0.83213 0.038238 0.52148
0.8414 0.038184 0.52173
0.82909 0.038254 0.55863
0.83711 0.038194 0.55429
0.82669 0.038198 0.60335
0.84482 0.03812 0.58175
0.8396 0.038114 0.59975
0.82762 0.038141 0.61933
0.82714 0.038089 0.63466
0.84062 0.038079 0.613
0.83395 0.038064 0.63085
0.81864 0.038084 0.65315
0.81866 0.038063 0.65971
0.8333 0.038034 0.6419
0.82242 0.037999 0.67465
0.81399 0.037949 0.70392
0.83163 0.037909 0.69166
0.81572 0.037907 0.71502
0.82948 0.037857 0.7132
0.8111 0.037846 0.74096
0.81086 0.037776 0.76579
0.83625 0.037758 0.74389
0.83629 0.037723 0.75859
0.80741 0.037751 0.77872
0.81036 0.037692 0.79946
0.83433 0.037677 0.78134
0.82784 0.037661 0.79579
0.81278 0.037667 0.80869
0.82667 0.037603 0.82886
0.80613 0.037599 0.84917
0.81241 0.037568 0.86177
0.83137 0.037569 0.8447
0.83072 0.037541 0.86384
0.81615 0.037542 0.87412
0.80549 0.037532 0.89327
0.82764 0.037516 0.88288
0.80706 0.037521 0.90858
0.806 0.037585 0.924
0.81987 0.037507 0.9097
0.80599 0.037786 0.94028
0.81328 0.033721 0.9616
0.82767 0.037903 0.94948
0.82135 0.033574 0.96365
0.84308 0.037531 0.044629
0.83997 0.037535 0.054679
0.86245 0.037515 0.044809
0.84615 0.037537 0.078703
0.84975 0.037539 0.090782
0.85314 0.037529 0.073949
0.85502 0.037533 0.089081
0.85676 0.037542 0.10743
0.85628 0.037557 0.1306
0.84113 0.037586 0.14506
0.8481 0.037588 0.15733
0.86046 0.037559 0.14082
0.85442 0.037573 0.15078
0.83941 0.037625 0.17892
0.8421 0.037635 0.18963
0.85883 0.037596 0.17936
0.86694 0.037601 0.19429
0.85131 0.03764 0.20639
0.84003 0.037693 0.22631
0.86256 0.037624 0.20853
0.85518 0.037663 0.22822
0.85047 0.037693 0.24197
0.8599 0.037673 0.24268
0.86221 0.037683 0.25316
0.85963 0.037722 0.27127
0.86225 0.037748 0.29156
0.84835 0.037819 0.31028
0.84264 0.037854 0.31916
0.86487 0.037758 0.3036
0.8604 0.037789 0.31591
0.8484 0.037893 0.34946
0.86282 0.03782 0.33799
0.8709 0.037826 0.35713
0.85248 0.037924 0.37576
0.86062 0.037884 0.3746
0.86901 0.037878 0.38753
0.85722 0.037955 0.40649
0.85894 0.037967 0.41968
0.86208 0.037924 0.40143
0.87125 0.037925 0.42739
0.85307 0.038033 0.43843
0.84897 0.038076 0.4537
0.86559 0.037968 0.44313
0.87038 0.037963 0.45816
0.85235 0.03809 0.475
0.85659 0.038078 0.49004
0.85598 0.038107 0.51243
0.86133 0.038061 0.53161
0.87519 0.037983 0.5221
0.85808 0.038086 0.5424
0.85865 0.038066 0.55822
0.87349 0.037984 0.54263
0.87099 0.03799 0.55583
0.85934 0.038026 0.57828
0.85187 0.038049 0.59856
0.87174 0.037964 0.5766
0.86426 0.037977 0.59385
0.85793 0.037964 0.62451
0.86788 0.037944 0.60531
0.86156 0.037924 0.63501
0.85508 0.037891 0.66371
0.87035 0.037867 0.64274
0.86364 0.037845 0.66694
0.8529 0.037843 0.6834
0.8442 0.037854 0.69292
0.86519 0.037818 0.67548
0.8668 0.037759 0.69996
0.84478 0.03781 0.71079
0.85045 0.03775 0.72831
0.85879 0.037769 0.70683
0.85876 0.03772 0.73086
0.84752 0.037731 0.74105
0.84409 0.037685 0.76702
0.85951 0.037657 0.76244
0.83989 0.037635 0.79739
0.86291 0.037632 0.77309
0.86669 0.037594 0.79205
0.84282 0.037596 0.81705
0.86511 0.037575 0.80646
0.86178 0.037555 0.82398
0.84439 0.037551 0.84471
0.86129 0.037533 0.84028
0.86219 0.03751 0.85796
0.84656 0.037506 0.8771
0.84188 0.037493 0.89837
0.86071 0.037497 0.8711
0.84508 0.037509 0.92082
0.86417 0.037464 0.90703
0.85539 0.037523 0.92387
0.84916 0.037671 0.93791
0.84171 0.033782 0.96089
0.86258 0.037627 0.93736
0.86027 0.033561 0.96375
0.87023 0.037507 0.039083
0.87204 0.037508 0.0609
0.8871 0.037494 0.039898
0.88861 0.037495 0.051853
0.88185 0.037502 0.076247
0.88247 0.037508 0.091792
0.89728 0.0375 0.078345
0.89135 0.037501 0.085704
0.88187 0.037516 0.10836
0.88271 0.037525 0.12694
0.89128 0.037515 0.1181
0.87574 0.037539 0.1371
0.88322 0.037544 0.15722
0.89476 0.037533 0.14686
0.88999 0.037544 0.16098
0.87783 0.03758 0.18952
0.89422 0.037548 0.16855
0.89859 0.037561 0.18837
0.87327 0.0376 0.20226
0.87892 0.037607 0.21792
0.8923 0.037586 0.20951
0.8883 0.037597 0.22055
0.87176 0.037638 0.23534
0.87569 0.03768 0.27251
0.87811 0.037696 0.28764
0.90012 0.037646 0.26752
0.89341 0.037678 0.29022
0.87482 0.037743 0.31224
0.8845 0.037728 0.32061
0.89072 0.037691 0.30121
0.89008 0.037712 0.31766
0.88239 0.037768 0.34271
0.89737 0.037729 0.33765
0.90238 0.037738 0.35144
0.88374 0.037818 0.3781
0.87707 0.037849 0.38571
0.89708 0.037771 0.37046
0.90045 0.03779 0.39139
0.88007 0.037864 0.40597
0.88266 0.037869 0.41878
0.90208 0.037815 0.41237
0.89811 0.037827 0.41814
0.88944 0.037862 0.44084
0.89354 0.037863 0.45115
0.88921 0.037891 0.48059
0.88753 0.037908 0.49576
0.89363 0.037881 0.49395
0.87932 0.037957 0.50579
0.88615 0.037918 0.53097
0.89645 0.037882 0.51387
0.89796 0.037879 0.52689
0.8828 0.037931 0.54126
0.89752 0.037878 0.53917
0.90124 0.037876 0.55353
0.88635 0.037896 0.57617
0.88359 0.037883 0.5992
0.89757 0.037856 0.57637
0.89411 0.037839 0.59982
0.88249 0.037875 0.60758
0.88674 0.037809 0.63307
0.8935 0.037825 0.61092
0.89261 0.0378 0.62816
0.88455 0.037786 0.6508
0.89344 0.037765 0.64837
0.89627 0.037744 0.66037
0.87661 0.037775 0.67682
0.90191 0.037679 0.69821
0.87509 0.037705 0.71421
0.88346 0.037654 0.73092
0.89847 0.037678 0.70459
0.89346 0.037655 0.72348
0.87605 0.037649 0.74614
0.87432 0.037621 0.76557
0.88995 0.037624 0.74378
0.9002 0.037582 0.76427
0.87651 0.037592 0.78083
0.88044 0.037561 0.79751
0.89231 0.03756 0.78819
0.87312 0.037548 0.81599
0.87922 0.037526 0.82506
0.89116 0.037538 0.80492
0.87837 0.037508 0.84087
0.88298 0.037477 0.86421
0.89642 0.037497 0.83986
0.88801 0.037478 0.85925
0.87578 0.03746 0.89225
0.89371 0.037465 0.87038
0.89663 0.037445 0.89076
0.88111 0.037445 0.90481
0.88214 0.037526 0.93084
0.89454 0.037446 0.91136
0.89812 0.037562 0.93236
0.87274 0.037641 0.94242
0.89939 0.033718 0.9614
0.90654 0.037504 0.037518
0.91359 0.037506 0.054193
0.92401 0.037548 0.038843
0.91682 0.037501 0.075389
0.90533 0.037501 0.090295
0.93079 0.037628 0.094578
0.91321 0.037501 0.10868
0.91125 0.037514 0.12905
0.92303 0.037554 0.10356
0.92557 0.037585 0.11798
0.90717 0.03752 0.1344
0.9096 0.037536 0.15836
0.92377 0.037563 0.13884
0.91546 0.037551 0.18776
0.92951 0.037592 0.17121
0.9325 0.037642 0.19617
0.91657 0.037574 0.20498
0.91428 0.03759 0.22185
0.929 0.037655 0.20907
0.92096 0.037612 0.22586
0.91055 0.037599 0.24584
0.92968 0.037659 0.24246
0.92376 0.037639 0.2557
0.91082 0.037653 0.26949
0.9332 0.03771 0.27934
0.93251 0.03772 0.29364
0.9147 0.03769 0.32495
0.92576 0.037705 0.30202
0.92493 0.03771 0.32195
0.90741 0.037712 0.33555
0.91066 0.037733 0.36088
0.9317 0.037766 0.33696
0.92246 0.037736 0.35537
0.90981 0.037745 0.37134
0.91477 0.03776 0.39061
0.92821 0.037807 0.39533
0.9282 0.037812 0.40319
0.93372 0.037874 0.43069
0.91056 0.037854 0.45529
0.93042 0.037874 0.43559
0.91279 0.03784 0.4811
0.91019 0.037846 0.49703
0.93098 0.037884 0.47296
0.9286 0.037864 0.48705
0.91632 0.037833 0.50478
0.91708 0.037844 0.52487
0.9319 0.03788 0.51396
0.92946 0.037875 0.52112
0.9279 0.037898 0.53981
0.92946 0.037892 0.55646
0.91816 0.037772 0.59815
0.92846 0.03781 0.5774
0.93175 0.037804 0.5976
0.914 0.037778 0.60745
0.90898 0.037775 0.62472
0.9253 0.037788 0.60848
0.92681 0.037802 0.6209
0.90725 0.037757 0.64576
0.93513 0.037906 0.64915
0.92612 0.037789 0.66451
0.91643 0.037657 0.68879
0.92797 0.037774 0.68195
0.93089 0.037771 0.69635
0.91523 0.037665 0.70541
0.92508 0.0377 0.70929
0.91178 0.037605 0.74124
0.91506 0.037567 0.76038
0.922 0.037636 0.73723
0.92128 0.037587 0.76543
0.91624 0.037559 0.77258
0.91515 0.037547 0.78909
0.92789 0.037634 0.7766
0.9285 0.037602 0.79623
0.90644 0.037513 0.81662
0.91388 0.037503 0.82311
0.92281 0.037552 0.80381
0.92051 0.037517 0.82704
0.90781 0.037491 0.8464
0.90815 0.03747 0.8631
0.92556 0.037565 0.83712
0.92123 0.037507 0.86255
0.91365 0.03745 0.87413
0.92116 0.037484 0.87269
0.93275 0.037571 0.89059
0.90905 0.037461 0.91143
0.91019 0.037575 0.93075
0.92243 0.037509 0.91036
0.93046 0.037641 0.92654
0.90864 0.037666 0.94238
0.91453 0.033919 0.95958
0.92063 0.03769 0.94089
0.92553 0.033786 0.96074
0.93927 0.037637 0.042224
0.93956 0.037648 0.054841
0.95468 0.035092 0.037305
0.95797 0.034177 0.061582
0.93691 0.037664 0.074816
0.96035 0.033832 0.087811
0.94804 0.037831 0.106
0.95954 0.033927 0.12723
0.94757 0.0377 0.14477
0.94422 0.03766 0.15521
0.95877 0.034027 0.14034
0.95245 0.036198 0.15747
0.93774 0.037629 0.1712
0.94711 0.037721 0.19517
0.95558 0.034791 0.19673
0.94128 0.037724 0.20502
0.94136 0.037749 0.22738
0.96338 0.033584 0.2138
0.96127 0.03374 0.22068
0.94201 0.037726 0.24606
0.94773 0.037749 0.25153
0.96117 0.033745 0.2361
0.95315 0.035891 0.26272
0.9446 0.03773 0.27007
0.94136 0.03773 0.28713
0.95989 0.033878 0.27461
0.94295 0.037753 0.30119
0.94277 0.037807 0.32946
0.95539 0.034906 0.30102
0.96452 0.033525 0.32417
0.94698 0.037863 0.34158
0.94481 0.037883 0.35627
0.95913 0.034022 0.35939
0.94215 0.037882 0.36749
0.94885 0.037922 0.39672
0.96437 0.033539 0.37912
0.95314 0.036286 0.39556
0.94734 0.037892 0.40634
0.96371 0.033573 0.40955
0.95714 0.034482 0.42842
0.94349 0.037952 0.44468
0.94722 0.037982 0.45155
0.95448 0.035516 0.43542
0.96024 0.033889 0.4526
0.9418 0.03793 0.47266
0.96381 0.033573 0.47952
0.9561 0.034876 0.49551
0.9479 0.037955 0.50946
0.94427 0.03794 0.52302
0.95403 0.035853 0.5125
0.96024 0.033898 0.52755
0.93923 0.037907 0.55559
0.96449 0.033536 0.53993
0.95897 0.034096 0.5581
0.94488 0.037842 0.59551
0.94205 0.03788 0.61466
0.94231 0.037906 0.62357
0.96006 0.03391 0.62853
0.94572 0.037986 0.6404
0.96163 0.033735 0.63797
0.96379 0.033576 0.65958
0.94992 0.038083 0.67704
0.96047 0.03387 0.67505
0.95967 0.033963 0.69539
0.94216 0.037746 0.71388
0.94118 0.03773 0.72497
0.9548 0.035174 0.7155
0.95543 0.034918 0.72073
0.94483 0.03781 0.75578
0.95612 0.034712 0.74716
0.96001 0.033889 0.75588
0.94258 0.03775 0.77945
0.94251 0.037678 0.79937
0.95807 0.034175 0.78743
0.94104 0.037648 0.80456
0.95469 0.035114 0.8129
0.95941 0.033956 0.83175
0.94002 0.037756 0.84714
0.96502 0.033507 0.85771
0.9441 0.037676 0.88717
0.95987 0.033894 0.87087
0.93932 0.037686 0.92361
0.95686 0.034425 0.90905
0.96468 0.033516 0.92169
0.93999 0.037753 0.93803
0.9431 0.034053 0.95873
0.95955 0.033931 0.94346
0.9546 0.033494 0.96292
