2635
1 1 1
0.035034 0.037376 0.045196
0.04127 0.037375 0.054806
0.063338 0.037373 0.035741
0.059237 0.037374 0.051979
0.046526 0.037372 0.069944
0.043921 0.037364 0.095095
0.060585 0.037367 0.082136
0.057003 0.037362 0.098913
0.038754 0.037357 0.11286
0.041558 0.037353 0.12311
0.064388 0.037356 0.10952
0.064028 0.037338 0.14629
0.04078 0.037311 0.19326
0.059611 0.037316 0.18302
0.06262 0.037305 0.19907
0.036315 0.037303 0.20386
0.040817 0.037282 0.23034
0.054408 0.037298 0.20907
0.057749 0.037287 0.22278
0.048746 0.037274 0.23955
0.042969 0.037256 0.26113
0.05425 0.037268 0.24606
0.063753 0.037254 0.26108
0.048339 0.037245 0.27319
0.047512 0.037231 0.29056
0.057494 0.037236 0.28243
0.065702 0.037226 0.29138
0.064841 0.037208 0.31262
0.060238 0.037195 0.3278
0.046593 0.037176 0.34897
0.06579 0.037167 0.3579
0.047748 0.03715 0.37902
0.04673 0.03714 0.39251
0.064099 0.037151 0.37721
0.059229 0.037135 0.39895
0.04627 0.037125 0.40939
0.038323 0.037108 0.42845
0.064715 0.037122 0.41231
0.057678 0.037114 0.42345
0.044192 0.037093 0.4508
0.064271 0.037096 0.44886
0.063487 0.037085 0.4644
0.043569 0.037078 0.47713
0.045887 0.03707 0.4913
0.056101 0.037082 0.47693
0.063141 0.037069 0.49493
0.039511 0.037063 0.51032
0.039157 0.037057 0.5305
0.059277 0.037065 0.51226
0.064622 0.037057 0.52957
0.048033 0.037054 0.54147
0.045174 0.037053 0.5659
0.067092 0.037053 0.53996
0.065444 0.037051 0.55962
0.037897 0.037053 0.57661
0.036477 0.037055 0.59803
0.055554 0.037057 0.57522
0.057756 0.037057 0.59445
0.04576 0.037056 0.60267
0.036788 0.037064 0.62892
0.055144 0.03706 0.6085
0.062136 0.037059 0.62075
0.054316 0.037073 0.64813
0.056498 0.037075 0.65991
0.04956 0.03708 0.67191
0.055364 0.037079 0.66995
0.061535 0.037081 0.6874
0.036297 0.037097 0.72955
0.063072 0.037088 0.71216
0.053768 0.037095 0.72207
0.044486 0.037103 0.74633
0.037386 0.037108 0.76235
0.061592 0.0371 0.74279
0.053686 0.037108 0.76037
0.041418 0.037112 0.77334
0.037497 0.037119 0.8009
0.060034 0.037113 0.78211
0.057875 0.037116 0.79235
0.040163 0.037124 0.82904
0.054051 0.037122 0.81643
0.060025 0.037122 0.83476
0.038361 0.037126 0.84693
0.035142 0.037126 0.86671
0.055041 0.037125 0.84101
0.057617 0.037125 0.86466
0.035741 0.037125 0.8769
0.04592 0.037136 0.89921
0.059807 0.037123 0.88479
0.058106 0.037127 0.89542
0.042409 0.037205 0.91969
0.036778 0.033362 0.95856
0.057124 0.038544 0.9496
0.058879 0.033433 0.95693
0.080663 0.037369 0.045669
0.076412 0.037368 0.06052
0.079531 0.03736 0.090036
0.096201 0.03736 0.075297
0.093497 0.037357 0.090059
0.072543 0.037355 0.10863
0.07379 0.037344 0.13221
0.086948 0.037352 0.11123
0.091395 0.037345 0.12518
0.071274 0.037338 0.14342
0.091652 0.037337 0.1398
0.095411 0.037323 0.16195
0.073809 0.037315 0.18023
0.06977 0.037306 0.19549
0.097224 0.03731 0.18025
0.098004 0.0373 0.19594
0.079657 0.037291 0.21089
0.078445 0.037277 0.22818
0.091916 0.037285 0.21627
0.10098 0.03727 0.23249
0.072095 0.037261 0.24971
0.07492 0.037256 0.25629
0.08901 0.037259 0.25049
0.093849 0.037252 0.25897
0.079282 0.037233 0.27962
0.078608 0.037217 0.29722
0.1004 0.037231 0.28
0.071514 0.037205 0.31398
0.072333 0.037188 0.33326
0.098417 0.037204 0.31282
0.096716 0.037187 0.33422
0.075793 0.03717 0.35255
0.096045 0.037176 0.34875
0.094936 0.037163 0.36383
0.081144 0.037136 0.38658
0.098777 0.037149 0.38026
0.10338 0.037138 0.39208
0.075071 0.037115 0.41762
0.080344 0.037103 0.43072
0.10301 0.037118 0.42049
0.095392 0.037116 0.4267
0.076189 0.037088 0.45201
0.093305 0.037098 0.44461
0.095586 0.037086 0.46291
0.082604 0.037066 0.47974
0.087888 0.037058 0.48984
0.10237 0.03707 0.48569
0.10171 0.037066 0.49597
0.076935 0.037057 0.50652
0.097396 0.037056 0.52259
0.087181 0.037044 0.53812
0.080697 0.037043 0.5646
0.093671 0.037044 0.56224
0.0829 0.037042 0.5704
0.077051 0.037047 0.59774
0.097248 0.03705 0.57043
0.10005 0.037049 0.59288
0.082086 0.03705 0.62622
0.10162 0.037048 0.60963
0.10737 0.037047 0.61838
0.079972 0.037054 0.63885
0.10239 0.037056 0.6606
0.073331 0.037071 0.67801
0.094157 0.037061 0.66977
0.096799 0.037068 0.68926
0.081514 0.03708 0.70793
0.071417 0.037092 0.72972
0.097396 0.037081 0.72026
0.074919 0.037096 0.74275
0.08003 0.037098 0.75545
0.093669 0.03709 0.73813
0.089705 0.037098 0.76018
0.074546 0.037105 0.77218
0.075773 0.037113 0.79941
0.098728 0.037102 0.78383
0.074829 0.037118 0.81743
0.083128 0.037116 0.82535
0.09686 0.03711 0.80741
0.093547 0.037114 0.83482
0.077281 0.037118 0.8456
0.077299 0.03712 0.86644
0.093578 0.037117 0.87079
0.079797 0.03712 0.88881
0.092204 0.037118 0.8796
0.089115 0.037117 0.89721
0.073942 0.037133 0.91697
0.078572 0.037438 0.93808
0.093525 0.037113 0.91032
0.070866 0.037793 0.94449
0.088659 0.036768 0.95134
0.11296 0.037362 0.039263
0.10826 0.037361 0.058361
0.12944 0.037356 0.038079
0.12478 0.037358 0.05303
0.10499 0.037359 0.069777
0.10969 0.037349 0.096741
0.12738 0.037343 0.099201
0.10818 0.037344 0.11331
0.11689 0.037333 0.13247
0.12858 0.037335 0.12181
0.11067 0.037328 0.14527
0.10575 0.037321 0.1604
0.13089 0.037313 0.1608
0.11137 0.037307 0.17796
0.11032 0.037299 0.19318
0.13206 0.037305 0.17227
0.12355 0.037292 0.19977
0.11783 0.037274 0.22348
0.12258 0.037287 0.20723
0.1224 0.037266 0.23432
0.11073 0.037257 0.2455
0.10575 0.037245 0.26356
0.12677 0.037257 0.2451
0.11262 0.037228 0.28158
0.11267 0.037217 0.2945
0.1278 0.037229 0.28568
0.13686 0.037221 0.2927
0.11383 0.037202 0.31232
0.11528 0.037184 0.3351
0.13745 0.037202 0.31862
0.12516 0.037196 0.32699
0.11197 0.037178 0.34289
0.11392 0.037158 0.36774
0.12565 0.037166 0.36284
0.10773 0.037153 0.37467
0.12688 0.037157 0.37926
0.13499 0.037152 0.40323
0.11313 0.037127 0.40767
0.11484 0.037105 0.43449
0.12777 0.03711 0.43557
0.11131 0.037097 0.44622
0.11314 0.037087 0.45764
0.13037 0.037092 0.4534
0.13318 0.037088 0.46523
0.11309 0.037072 0.47734
0.12391 0.037061 0.49322
0.13531 0.037083 0.47945
0.14347 0.03708 0.49582
0.11988 0.037055 0.50811
0.11468 0.037049 0.52798
0.14117 0.037064 0.52837
0.12224 0.037043 0.53959
0.11627 0.037041 0.55933
0.1438 0.03706 0.54419
0.11315 0.037041 0.58055
0.11546 0.037041 0.59267
0.13836 0.037049 0.57398
0.139 0.037049 0.59717
0.12461 0.03704 0.6127
0.12418 0.037042 0.62215
0.14404 0.037042 0.62601
0.11946 0.037046 0.64068
0.11819 0.03705 0.65338
0.13564 0.037051 0.63465
0.13003 0.037054 0.6612
0.11523 0.037058 0.67846
0.13525 0.037058 0.67699
0.11553 0.037074 0.72414
0.13856 0.037057 0.70068
0.13779 0.037067 0.72889
0.10881 0.037082 0.73578
0.11249 0.037087 0.75287
0.12768 0.037085 0.76092
0.11319 0.037093 0.77322
0.13518 0.037087 0.77662
0.12378 0.037096 0.79015
0.11347 0.037107 0.83219
0.12328 0.037099 0.80518
0.12601 0.037105 0.83644
0.11473 0.037109 0.84302
0.13104 0.037104 0.84665
0.13108 0.037105 0.86179
0.11364 0.037109 0.88306
0.11849 0.037105 0.9012
0.13505 0.037104 0.89173
0.12942 0.037112 0.90734
0.10981 0.037108 0.91872
0.13019 0.037186 0.92242
0.12999 0.037591 0.93594
0.11289 0.037652 0.94554
0.14286 0.037611 0.95205
0.14034 0.033333 0.96515
0.14507 0.037347 0.040079
0.16091 0.03734 0.035357
0.16262 0.037339 0.054285
0.13771 0.037344 0.078105
0.14331 0.037337 0.098136
0.15632 0.037338 0.073759
0.16094 0.037331 0.093203
0.14298 0.037333 0.10963
0.14475 0.037329 0.12146
0.15554 0.037328 0.1146
0.16001 0.037324 0.1205
0.13831 0.03732 0.14218
0.13975 0.037306 0.16477
0.16506 0.0373 0.15865
0.13864 0.037295 0.18427
0.1634 0.037288 0.17913
0.1624 0.037283 0.19119
0.14197 0.037274 0.21253
0.14885 0.037257 0.23331
0.1661 0.037264 0.21458
0.142 0.03725 0.24605
0.15318 0.037236 0.2621
0.15858 0.037252 0.23947
0.16796 0.037236 0.26891
0.14571 0.037228 0.27644
0.1459 0.037213 0.29886
0.16533 0.037232 0.27685
0.16255 0.037222 0.29608
0.15486 0.037202 0.3133
0.14214 0.037198 0.32389
0.16908 0.037218 0.30796
0.16163 0.037199 0.33121
0.14607 0.037179 0.35254
0.15649 0.037175 0.35996
0.1675 0.037204 0.34222
0.1539 0.037153 0.38386
0.14754 0.037152 0.39217
0.17223 0.037242 0.39175
0.14681 0.03713 0.43231
0.1627 0.037335 0.43248
0.15877 0.037102 0.45014
0.15188 0.037087 0.46371
0.17282 0.037106 0.44983
0.1721 0.037081 0.4611
0.1536 0.037081 0.47841
0.15253 0.037071 0.49377
0.17562 0.037096 0.48098
0.166 0.037052 0.5151
0.16547 0.037045 0.52732
0.1873 0.037101 0.50933
0.15739 0.037045 0.54613
0.16459 0.037035 0.56521
0.1756 0.03704 0.54947
0.18788 0.037068 0.55283
0.1645 0.037034 0.58025
0.15752 0.037033 0.59228
0.18346 0.037063 0.57909
0.18129 0.037059 0.59066
0.15575 0.037029 0.60811
0.1578 0.037028 0.62412
0.18267 0.037058 0.61102
0.17577 0.037042 0.62069
0.15896 0.037031 0.65365
0.18414 0.037037 0.63797
0.17037 0.037034 0.6541
0.1544 0.037037 0.66669
0.15893 0.03704 0.68698
0.16595 0.037035 0.6696
0.16572 0.037045 0.69406
0.14492 0.037053 0.69934
0.15474 0.037057 0.7274
0.1699 0.037048 0.70028
0.16224 0.037056 0.7267
0.15324 0.037063 0.74388
0.14521 0.037075 0.76272
0.16766 0.037057 0.73316
0.1699 0.037058 0.75056
0.1466 0.037083 0.79182
0.16173 0.037072 0.77304
0.16179 0.037078 0.79732
0.15155 0.037085 0.80686
0.14797 0.037093 0.83029
0.17003 0.037078 0.81436
0.16139 0.037087 0.83028
0.14545 0.0371 0.85193
0.1521 0.037096 0.86928
0.1649 0.037092 0.85006
0.16495 0.037088 0.86762
0.14274 0.037099 0.8854
0.16266 0.037129 0.8899
0.16523 0.037322 0.90733
0.14438 0.037166 0.92033
0.1522 0.038089 0.93875
0.17119 0.037617 0.91618
0.16796 0.038014 0.92899
0.14924 0.033585 0.95651
0.17106 0.038746 0.94154
0.17067 0.033334 0.96173
0.17495 0.037334 0.045394
0.18212 0.037327 0.062552
0.19154 0.037327 0.04616
0.19058 0.037326 0.056223
0.17493 0.037327 0.078447
0.17895 0.03732 0.095001
0.1944 0.037316 0.080268
0.19428 0.037312 0.09637
0.17436 0.037318 0.10959
0.17908 0.037306 0.1337
0.18905 0.037309 0.11135
0.19634 0.037303 0.12273
0.17789 0.0373 0.14617
0.18524 0.037292 0.16031
0.19333 0.037293 0.15138
0.19798 0.03729 0.15701
0.18628 0.037265 0.20159
0.19762 0.037275 0.17979
0.19349 0.03727 0.19702
0.18379 0.037248 0.23615
0.19541 0.037262 0.21041
0.19547 0.037258 0.22965
0.18221 0.03724 0.24882
0.18552 0.03723 0.2675
0.19797 0.037239 0.25953
0.20053 0.037233 0.28114
0.19666 0.037228 0.29946
0.17822 0.037217 0.30769
0.18599 0.037208 0.3255
0.20046 0.037234 0.31964
0.20292 0.03723 0.33651
0.17909 0.037196 0.35396
0.18197 0.037186 0.3619
0.19614 0.037206 0.34942
0.19908 0.037204 0.36015
0.18759 0.037168 0.38926
0.19645 0.037213 0.39225
0.18861 0.037786 0.41014
0.18255 0.037897 0.42691
0.19244 0.037881 0.41691
0.19713 0.037568 0.42919
0.18682 0.037314 0.4407
0.19223 0.037073 0.46169
0.19963 0.037244 0.44287
0.20199 0.037095 0.47131
0.19661 0.037103 0.49813
0.20945 0.037106 0.49146
0.21697 0.037117 0.50084
0.19929 0.037094 0.51164
0.20098 0.037071 0.53269
0.23196 0.037247 0.52036
0.2271 0.037116 0.5353
0.20057 0.037065 0.5449
0.21473 0.037051 0.55864
0.20519 0.037043 0.57398
0.19257 0.037052 0.58715
0.21961 0.037095 0.57848
0.21216 0.037042 0.59049
0.20326 0.037028 0.60168
0.19391 0.037038 0.62157
0.21346 0.037048 0.59883
0.21225 0.037027 0.6154
0.1922 0.037029 0.6391
0.19361 0.037026 0.64813
0.22319 0.037026 0.63774
0.22194 0.03703 0.64923
0.19037 0.037028 0.66541
0.18658 0.037029 0.68172
0.20616 0.037022 0.6612
0.20552 0.037023 0.68121
0.18978 0.037028 0.70932
0.18477 0.037037 0.72213
0.20296 0.037025 0.69483
0.19945 0.037035 0.72591
0.18945 0.037043 0.74239
0.1814 0.037049 0.75127
0.19891 0.037042 0.7409
0.17767 0.037065 0.78948
0.20083 0.037043 0.76595
0.19789 0.037055 0.79523
0.18216 0.037068 0.80546
0.19513 0.037065 0.8134
0.19586 0.037068 0.82985
0.18466 0.03708 0.84203
0.17513 0.037085 0.86097
0.19346 0.037083 0.84939
0.19141 0.03708 0.85743
0.17342 0.037085 0.88297
0.17772 0.037508 0.90094
0.19874 0.03707 0.87615
0.19753 0.037541 0.89955
0.18062 0.038363 0.92414
0.19025 0.038556 0.92264
0.183 0.0342 0.94926
0.18963 0.038707 0.93057
0.18918 0.033417 0.95396
0.20645 0.037316 0.044904
0.21493 0.037308 0.059966
0.22858 0.037302 0.035078
0.22667 0.037302 0.057706
0.21368 0.037307 0.07066
0.21054 0.037304 0.091573
0.23135 0.037296 0.073154
0.22815 0.037293 0.096901
0.21652 0.037296 0.10445
0.21095 0.037291 0.13186
0.23359 0.037287 0.10539
0.22561 0.037287 0.12642
0.2103 0.037284 0.14791
0.20706 0.037269 0.18106
0.21824 0.03726 0.19859
0.23422 0.037256 0.18107
0.23713 0.037254 0.1929
0.21379 0.037254 0.20961
0.23176 0.037247 0.2103
0.22293 0.037234 0.2496
0.23708 0.037241 0.2455
0.23648 0.037246 0.26973
0.2177 0.037233 0.28379
0.21244 0.037238 0.29174
0.23757 0.037237 0.28205
0.23024 0.037346 0.30042
0.22216 0.037347 0.31816
0.21958 0.037266 0.33678
0.23061 0.037627 0.32774
0.21238 0.037236 0.34262
0.21581 0.037215 0.36838
0.22923 0.037444 0.34148
0.23651 0.037327 0.35935
0.21907 0.037204 0.37909
0.21397 0.037206 0.39968
0.23052 0.037246 0.37633
0.2215 0.037172 0.40632
0.20634 0.037417 0.42095
0.2177 0.037142 0.41968
0.21684 0.037165 0.44369
0.21708 0.03715 0.47069
0.23272 0.037191 0.4488
0.23912 0.037196 0.46969
0.22755 0.037155 0.48549
0.24343 0.037461 0.50943
0.23947 0.037191 0.49654
0.25162 0.03768 0.51323
0.2493 0.03787 0.52612
0.25217 0.037695 0.53603
0.25394 0.037324 0.54717
0.2526 0.037188 0.55728
0.26851 0.037202 0.55702
0.23751 0.037255 0.57831
0.23174 0.037335 0.5879
0.26236 0.037447 0.57654
0.25777 0.037598 0.5816
0.23342 0.037472 0.59586
0.23229 0.037266 0.61492
0.25304 0.03766 0.60372
0.22986 0.037029 0.63347
0.23951 0.037007 0.63654
0.25198 0.037337 0.61305
0.23577 0.037018 0.65717
0.22324 0.037011 0.68256
0.24701 0.037023 0.65582
0.23959 0.03701 0.68135
0.21926 0.037018 0.69753
0.21593 0.037021 0.71839
0.23722 0.037019 0.69716
0.23769 0.03701 0.70915
0.21572 0.037027 0.75298
0.23446 0.037015 0.73815
0.21255 0.037038 0.77685
0.21871 0.037036 0.78922
0.23235 0.037027 0.76506
0.21005 0.037058 0.83301
0.2346 0.037035 0.8133
0.23017 0.037043 0.83009
0.20952 0.037068 0.84906
0.21214 0.037064 0.864
0.22812 0.037048 0.83759
0.22757 0.037054 0.862
0.21023 0.037073 0.88248
0.21017 0.037329 0.90296
0.22249 0.037065 0.88335
0.22489 0.037068 0.90516
0.20801 0.038138 0.93397
0.22142 0.037226 0.92526
0.1947 0.039146 0.9462
0.20218 0.033334 0.96332
0.21187 0.038864 0.94957
0.2114 0.033344 0.95992
0.2393 0.037295 0.035095
0.24307 0.037291 0.063162
0.25681 0.037285 0.043066
0.26515 0.037279 0.057697
0.24486 0.037288 0.069715
0.24126 0.037288 0.087454
0.26123 0.037276 0.07849
0.26471 0.037273 0.088608
0.25174 0.037272 0.12396
0.26139 0.03727 0.10538
0.25738 0.037267 0.13127
0.24188 0.037266 0.1504
0.26119 0.03726 0.14526
0.2677 0.037256 0.16321
0.24357 0.037251 0.1839
0.25443 0.037247 0.20045
0.26134 0.037249 0.1848
0.26771 0.037251 0.19531
0.24839 0.037233 0.22086
0.24412 0.037239 0.23981
0.26502 0.037246 0.21631
0.24565 0.037236 0.25565
0.2525 0.037228 0.26242
0.25224 0.037225 0.2918
0.24805 0.037949 0.31567
0.26767 0.03789 0.30113
0.26021 0.038043 0.31898
0.25698 0.037952 0.33052
0.24405 0.037354 0.36163
0.25882 0.037559 0.34687
0.26703 0.037377 0.36427
0.24713 0.037314 0.37435
0.25855 0.037302 0.37876
0.25373 0.037281 0.39553
0.23778 0.037253 0.4186
0.24938 0.0373 0.43346
0.25595 0.037309 0.41009
0.24873 0.037266 0.44956
0.25352 0.037249 0.47185
0.26632 0.037327 0.45556
0.26995 0.037304 0.47661
0.25676 0.037281 0.49876
0.27018 0.037297 0.49524
0.28291 0.037425 0.5119
0.27444 0.037778 0.52592
0.30187 0.037297 0.54169
0.29785 0.037368 0.54965
0.28491 0.037504 0.56161
0.27961 0.037753 0.57843
0.28454 0.03768 0.58041
0.2715 0.037682 0.58978
0.2647 0.037337 0.60688
0.27768 0.037431 0.59113
0.28142 0.037107 0.60299
0.2622 0.037039 0.62323
0.27004 0.036994 0.63485
0.28085 0.036998 0.62463
0.28166 0.037014 0.64044
0.26693 0.037004 0.66069
0.28489 0.03702 0.66597
0.25963 0.036996 0.70171
0.27327 0.037016 0.68848
0.27183 0.037001 0.71103
0.25523 0.037005 0.72807
0.24991 0.037004 0.74816
0.26973 0.037005 0.73221
0.2766 0.036993 0.75016
0.24461 0.03702 0.77101
0.2519 0.037013 0.7843
0.27072 0.037003 0.7614
0.25056 0.037022 0.80191
0.26873 0.037011 0.80181
0.26005 0.037018 0.82452
0.24829 0.037033 0.84353
0.24207 0.037044 0.86186
0.23861 0.037055 0.88304
0.23652 0.037053 0.89414
0.26089 0.037043 0.87882
0.24418 0.037081 0.92071
0.23094 0.037753 0.93918
0.25155 0.037044 0.90955
0.25766 0.037538 0.93837
0.23533 0.033334 0.96276
0.25162 0.037636 0.9432
0.28153 0.037269 0.058217
0.302 0.037255 0.063383
0.28367 0.037259 0.083163
0.27715 0.037263 0.098964
0.30076 0.037251 0.07774
0.27854 0.037258 0.11495
0.29808 0.037248 0.11014
0.29372 0.037249 0.1304
0.27992 0.03725 0.14395
0.27802 0.037251 0.16626
0.30168 0.037238 0.14664
0.30384 0.037244 0.16843
0.27509 0.037246 0.17994
0.28093 0.037243 0.19428
0.29685 0.037246 0.20617
0.28607 0.037258 0.23074
0.29947 0.037245 0.21184
0.29883 0.037275 0.23978
0.28005 0.037593 0.28125
0.29974 0.03728 0.25648
0.29493 0.037597 0.27898
0.2879 0.037969 0.28893
0.26957 0.037959 0.31661
0.27041 0.037765 0.32361
0.29531 0.037573 0.32033
0.27154 0.037501 0.3403
0.2802 0.03742 0.36276
0.28785 0.03741 0.34438
0.29247 0.037443 0.35696
0.27799 0.03743 0.36929
0.276 0.037378 0.39099
0.29274 0.0375 0.37845
0.27013 0.037333 0.41726
0.26987 0.037339 0.43729
0.28311 0.037401 0.42205
0.2836 0.037387 0.44387
0.28119 0.037342 0.48203
0.28611 0.037372 0.45353
0.30493 0.037512 0.47464
0.28409 0.037303 0.49792
0.29786 0.037254 0.51643
0.31163 0.037239 0.51212
0.31127 0.037127 0.53443
0.37523 0.037059 0.55325
0.36344 0.037106 0.55578
0.32058 0.037662 0.5639
0.35312 0.037227 0.56074
0.3647 0.03729 0.5677
0.32277 0.037592 0.56709
0.30383 0.0372 0.57938
0.34161 0.037307 0.57188
0.33944 0.03703 0.57686
0.31134 0.036939 0.58628
0.30302 0.036964 0.60249
0.32719 0.036913 0.59601
0.30262 0.036984 0.62123
0.29946 0.037004 0.63845
0.31691 0.036992 0.62061
0.31822 0.037151 0.64137
0.29796 0.037018 0.64757
0.30149 0.037108 0.669
0.32188 0.037486 0.65422
0.31113 0.037382 0.67487
0.29241 0.037006 0.69278
0.29471 0.036991 0.70191
0.31237 0.037 0.70351
0.29434 0.036974 0.733
0.2884 0.036985 0.75254
0.31031 0.036997 0.72267
0.28137 0.036998 0.76209
0.2876 0.036986 0.78174
0.30734 0.03699 0.76426
0.30112 0.036986 0.78486
0.3008 0.036993 0.80437
0.29185 0.036999 0.82269
0.28258 0.037008 0.84323
0.30176 0.036998 0.83866
0.29223 0.037006 0.85632
0.27349 0.037028 0.88222
0.2824 0.037021 0.89499
0.29537 0.037013 0.87936
0.28695 0.037019 0.89566
0.29715 0.037017 0.91237
0.29301 0.037438 0.93097
0.2746 0.03822 0.95001
0.27708 0.03337 0.95736
0.29494 0.037691 0.94005
0.28238 0.033335 0.96127
0.30791 0.037254 0.046463
0.31152 0.03725 0.060815
0.33424 0.037238 0.045357
0.33558 0.037236 0.060851
0.31038 0.037243 0.083836
0.31457 0.037243 0.092047
0.33065 0.037235 0.073843
0.32722 0.037235 0.099519
0.31319 0.037238 0.11463
0.31148 0.03724 0.13379
0.33577 0.037228 0.11003
0.32674 0.037236 0.13182
0.31057 0.037232 0.15333
0.31401 0.037244 0.16569
0.33051 0.037225 0.15258
0.33155 0.037235 0.16273
0.31282 0.037235 0.18844
0.31605 0.037251 0.20465
0.3324 0.037233 0.18266
0.31841 0.037283 0.23716
0.33786 0.037265 0.22182
0.33695 0.03728 0.23065
0.30943 0.037282 0.26004
0.31406 0.037338 0.27111
0.32486 0.037333 0.27456
0.30673 0.037562 0.28367
0.29505 0.038021 0.29969
0.32097 0.037363 0.28136
0.32677 0.037424 0.29371
0.29875 0.037725 0.30906
0.30081 0.037616 0.31633
0.3215 0.037502 0.31072
0.32246 0.037556 0.31722
0.30971 0.037646 0.32922
0.30428 0.037591 0.35763
0.32121 0.03777 0.33804
0.32862 0.037858 0.35511
0.30868 0.037666 0.36304
0.29847 0.037589 0.39188
0.32024 0.037623 0.37105
0.32633 0.037495 0.38348
0.29165 0.037528 0.4176
0.29927 0.037696 0.43265
0.30329 0.037831 0.40653
0.30769 0.037924 0.43946
0.30928 0.037588 0.46281
0.31388 0.037646 0.48015
0.32533 0.037792 0.46773
0.341 0.037629 0.48127
0.32407 0.037051 0.50507
0.33681 0.037233 0.49381
0.33316 0.037051 0.51325
0.34032 0.037015 0.52811
0.37248 0.036635 0.5445
0.35191 0.036972 0.52437
0.39125 0.036209 0.56235
0.39569 0.037389 0.60128
0.37324 0.036959 0.58916
0.42594 0.0414 0.40931
0.35321 0.036894 0.59353
0.33779 0.037028 0.60283
0.3685 0.037082 0.61013
0.34628 0.037085 0.63631
0.34209 0.037417 0.65355
0.33799 0.037586 0.67447
0.34198 0.037122 0.69108
0.33721 0.036996 0.70488
0.32287 0.036995 0.71755
0.32725 0.036977 0.7395
0.33985 0.036995 0.72363
0.33654 0.036978 0.74425
0.32501 0.036976 0.76232
0.31558 0.036971 0.77868
0.33184 0.036965 0.76658
0.33005 0.036969 0.78544
0.31247 0.036985 0.79414
0.32901 0.036969 0.81704
0.31107 0.03699 0.83484
0.31608 0.036988 0.8545
0.3065 0.037003 0.88137
0.3139 0.036997 0.88967
0.32767 0.036991 0.86795
0.32402 0.036992 0.89633
0.30481 0.037019 0.91543
0.31343 0.0372 0.93226
0.3331 0.036987 0.90627
0.32243 0.037077 0.92496
0.3026 0.037709 0.94793
0.32377 0.037297 0.94461
0.3456 0.037231 0.041447
0.34479 0.037232 0.058085
0.36918 0.03722 0.041683
0.35863 0.037228 0.053455
0.3456 0.037225 0.077712
0.34541 0.037226 0.091431
0.36081 0.037217 0.089643
0.34805 0.037221 0.11199
0.34345 0.037229 0.13087
0.36366 0.037221 0.13064
0.34689 0.03722 0.14913
0.35134 0.037228 0.16266
0.36359 0.037212 0.15168
0.37056 0.037217 0.16104
0.35212 0.037229 0.18177
0.35229 0.037231 0.19351
0.35932 0.037231 0.17737
0.36464 0.037236 0.19362
0.34529 0.03726 0.21459
0.3446 0.037304 0.23637
0.36109 0.037267 0.21399
0.35233 0.037341 0.25064
0.34857 0.037419 0.27566
0.36239 0.037356 0.25376
0.3694 0.037444 0.27102
0.35489 0.037514 0.29316
0.35259 0.03756 0.30176
0.36994 0.037608 0.29147
0.36366 0.037573 0.29939
0.34484 0.037668 0.31063
0.34458 0.03778 0.32889
0.36555 0.037758 0.3142
0.35713 0.037805 0.33082
0.34899 0.037884 0.33537
0.33451 0.03794 0.34997
0.35329 0.037982 0.34352
0.36098 0.037129 0.36478
0.35163 0.0372 0.39233
0.31794 0.038187 0.40201
0.31326 0.038374 0.43959
0.33382 0.037915 0.4033
0.3391 0.0381 0.47077
0.33568 0.038917 0.46354
0.35355 0.037162 0.4864
0.35376 0.036689 0.51169
0.36732 0.035969 0.46417
0.36175 0.036797 0.51831
0.36575 0.036756 0.51389
0.40517 0.03733 0.57763
0.41732 0.036475 0.51947
0.41058 0.038442 0.59052
0.40785 0.047035 0.40779
0.39083 0.056056 0.39498
0.42717 0.039536 0.41634
0.40595 0.035778 0.44656
0.37237 0.037008 0.615
0.41017 0.035468 0.44417
0.39859 0.036837 0.6206
0.36638 0.037052 0.63796
0.35008 0.037317 0.65381
0.38535 0.037137 0.6341
0.37506 0.037145 0.64811
0.34638 0.037467 0.67166
0.37797 0.037136 0.65716
0.38132 0.037154 0.67439
0.34602 0.037207 0.6844
0.3574 0.037007 0.69655
0.37698 0.037083 0.68453
0.36724 0.037025 0.70633
0.35605 0.037019 0.7145
0.35554 0.036982 0.74479
0.36945 0.037006 0.71872
0.37088 0.036986 0.73712
0.36726 0.036969 0.75719
0.36575 0.03696 0.78325
0.35569 0.036965 0.79936
0.34405 0.036961 0.80915
0.36415 0.036955 0.81157
0.35293 0.036965 0.83326
0.34955 0.036967 0.85322
0.37039 0.036958 0.82495
0.36781 0.036956 0.85291
0.3426 0.036988 0.87488
0.34516 0.036979 0.89063
0.35854 0.03697 0.88398
0.34933 0.036977 0.91011
0.34186 0.037226 0.92967
0.35704 0.036986 0.91342
0.35661 0.03723 0.92643
0.34782 0.037496 0.94071
0.33901 0.033339 0.95908
0.36303 0.037575 0.94045
0.35433 0.033334 0.96295
0.37587 0.037216 0.035332
0.38534 0.037212 0.058959
0.39387 0.037207 0.041912
0.39509 0.037208 0.075468
0.4008 0.037206 0.10117
0.37787 0.037212 0.11268
0.38971 0.037218 0.12668
0.40251 0.037192 0.11829
0.39765 0.037207 0.12666
0.37895 0.037205 0.1549
0.38013 0.037229 0.16924
0.404 0.037201 0.14875
0.38653 0.037229 0.18019
0.38125 0.037236 0.19338
0.40141 0.037276 0.20644
0.38241 0.037283 0.21403
0.38568 0.037313 0.23218
0.39712 0.037293 0.22081
0.39691 0.037316 0.23142
0.38097 0.037397 0.25872
0.37876 0.037457 0.27094
0.40393 0.037418 0.25245
0.40109 0.037532 0.27585
0.37945 0.037611 0.28787
0.38555 0.03778 0.30914
0.40388 0.037748 0.29236
0.39743 0.037796 0.30678
0.38497 0.038802 0.33213
0.40151 0.03821 0.31979
0.39343 0.038912 0.33106
0.3751 0.038309 0.34121
0.39812 0.037533 0.36003
0.37084 0.036642 0.36946
0.42649 0.038706 0.37188
0.34959 0.038208 0.40649
0.3638 0.037303 0.38834
0.33667 0.039597 0.42236
0.34896 0.040248 0.45694
0.36114 0.04135 0.42734
0.32449 0.040665 0.44594
0.37051 0.041807 0.40808
0.38408 0.038387 0.40011
0.37389 0.035877 0.43284
0.3787 0.037163 0.50844
0.40759 0.038501 0.58909
0.37851 0.03731 0.5023
0.41408 0.038731 0.5838
0.37638 0.054772 0.39302
0.37236 0.055358 0.36836
0.42225 0.052958 0.43635
0.42491 0.037069 0.42833
0.43712 0.052028 0.43843
0.42859 0.036546 0.58386
0.40747 0.03678 0.61977
0.40159 0.037015 0.62598
0.42186 0.037008 0.62199
0.44015 0.037547 0.61599
0.3991 0.037264 0.63611
0.39765 0.037297 0.64797
0.42252 0.036588 0.48983
0.44351 0.037419 0.57904
0.39568 0.037289 0.65632
0.43562 0.037542 0.63796
0.4202 0.037307 0.65866
0.40096 0.037082 0.69761
0.42205 0.037203 0.67273
0.40994 0.037108 0.69664
0.39398 0.036985 0.72155
0.38422 0.036985 0.7296
0.40242 0.037003 0.71675
0.39269 0.036965 0.75562
0.38802 0.036951 0.7781
0.39968 0.036981 0.74871
0.38644 0.036952 0.79014
0.37854 0.036948 0.81661
0.38099 0.036954 0.8257
0.37843 0.036944 0.8464
0.39498 0.03695 0.82517
0.3947 0.03694 0.85475
0.37967 0.036962 0.86942
0.37439 0.036962 0.89234
0.39585 0.036951 0.89566
0.37773 0.036969 0.90913
0.38385 0.03737 0.93077
0.39108 0.036964 0.90804
0.39721 0.037343 0.93302
0.38055 0.037703 0.94344
0.37439 0.033445 0.95499
0.39329 0.037643 0.9439
0.39898 0.033401 0.95554
0.41782 0.037201 0.037089
0.42315 0.0372 0.042479
0.42338 0.037206 0.068355
0.4085 0.037211 0.087552
0.42764 0.037203 0.078749
0.4379 0.037391 0.10292
0.42416 0.03717 0.11738
0.41544 0.037175 0.12902
0.43134 0.03733 0.11384
0.43569 0.037411 0.12927
0.42367 0.037193 0.15275
0.41554 0.037226 0.17031
0.4388 0.037224 0.15495
0.41775 0.037223 0.18009
0.41555 0.037271 0.20402
0.42759 0.037223 0.18629
0.42927 0.037238 0.19428
0.41973 0.037396 0.24451
0.43083 0.037296 0.22203
0.4355 0.037306 0.23034
0.40731 0.037429 0.25863
0.41994 0.037589 0.27827
0.43532 0.037441 0.25207
0.42069 0.037806 0.29381
0.41798 0.037898 0.30105
0.4342 0.037807 0.31595
0.41093 0.038718 0.32872
0.40078 0.039014 0.33655
0.42435 0.037922 0.32312
0.40715 0.039065 0.34194
0.40222 0.038925 0.34658
0.41074 0.038832 0.3555
0.45162 0.037917 0.37546
0.44281 0.038746 0.37183
0.45569 0.041436 0.38707
0.50239 0.038104 0.39398
0.39476 0.036838 0.37851
0.34254 0.040466 0.42537
0.47643 0.04063 0.40162
0.42009 0.037201 0.38359
0.32395 0.041696 0.43404
0.35317 0.042474 0.44194
0.35558 0.038733 0.40771
0.45532 0.051212 0.39733
0.37555 0.03603 0.42862
0.38768 0.040708 0.39368
0.38442 0.035013 0.45242
0.3789 0.036759 0.49252
0.41265 0.038008 0.56355
0.38659 0.03627 0.5143
0.4186 0.037194 0.53839
0.41207 0.053246 0.4322
0.43644 0.042646 0.43154
0.42988 0.036621 0.57923
0.56028 0.041221 0.36369
0.43935 0.035879 0.51484
0.45097 0.041201 0.44101
0.55655 0.043825 0.35949
0.42702 0.038215 0.45723
0.44636 0.037753 0.59116
0.42294 0.037141 0.48588
0.46421 0.037616 0.61462
0.44437 0.037494 0.63901
0.44183 0.037436 0.64968
0.46847 0.037615 0.63432
0.46227 0.037476 0.65161
0.43673 0.037283 0.67296
0.42798 0.037199 0.68815
0.447 0.037267 0.68108
0.42048 0.037027 0.72591
0.44076 0.037076 0.70773
0.43232 0.037044 0.72818
0.42118 0.036978 0.74999
0.41105 0.036952 0.77452
0.43755 0.036973 0.7497
0.43827 0.036956 0.76862
0.42127 0.036942 0.79582
0.43794 0.036949 0.78471
0.42514 0.03694 0.80594
0.41118 0.036943 0.82487
0.4286 0.03692 0.85082
0.41664 0.036943 0.87362
0.41176 0.036933 0.89431
0.43155 0.036933 0.87374
0.42609 0.036925 0.8841
0.4133 0.036927 0.90591
0.41066 0.037202 0.93175
0.43093 0.037053 0.92866
0.40436 0.037522 0.94613
0.42139 0.037199 0.93917
0.43124 0.033334 0.96138
0.4402 0.037207 0.042649
0.44478 0.037202 0.065459
0.45837 0.037207 0.046726
0.43859 0.037195 0.076988
0.44408 0.037439 0.10086
0.46432 0.037184 0.086496
0.46395 0.037647 0.10504
0.45083 0.038023 0.11953
0.4689 0.03778 0.11126
0.45578 0.037821 0.12881
0.44767 0.037225 0.15352
0.4614 0.037814 0.13127
0.46389 0.03721 0.15738
0.45068 0.037197 0.17239
0.44675 0.037266 0.20076
0.46056 0.037213 0.18411
0.45972 0.037281 0.20553
0.44973 0.037302 0.21904
0.44499 0.037321 0.23272
0.45613 0.037383 0.24168
0.44252 0.037484 0.25756
0.44038 0.037564 0.27392
0.45392 0.037486 0.25651
0.44281 0.037678 0.28661
0.44313 0.037747 0.30581
0.46107 0.037701 0.29723
0.46625 0.03767 0.30776
0.43203 0.03758 0.3225
0.43719 0.036794 0.3292
0.43543 0.035997 0.33985
0.47683 0.037294 0.39544
0.51889 0.046331 0.39383
0.41906 0.037235 0.34218
0.42875 0.037094 0.36137
0.49261 0.05871 0.42039
0.50783 0.04094 0.40313
0.44742 0.036871 0.37006
0.49709 0.064452 0.4203
0.46212 0.065213 0.451
0.3934 0.035973 0.38297
0.32964 0.040554 0.44112
0.49843 0.038676 0.40563
0.48304 0.034782 0.40966
0.36039 0.040823 0.42123
0.37946 0.035125 0.41132
0.38766 0.034293 0.4155
0.40064 0.035612 0.52928
0.38493 0.039082 0.47208
0.40171 0.035261 0.52607
0.44462 0.040989 0.43617
0.41297 0.034999 0.50104
0.4087 0.036875 0.46941
0.43252 0.034946 0.54629
0.56026 0.038813 0.36624
0.5765 0.043028 0.39195
0.55688 0.039708 0.40503
0.44352 0.037804 0.45012
0.42087 0.037427 0.47288
0.44396 0.036933 0.50591
0.44042 0.035873 0.48192
0.46489 0.037793 0.60689
0.47434 0.037809 0.60995
0.45416 0.036387 0.51714
0.45042 0.037593 0.53963
0.47842 0.037692 0.62622
0.48265 0.037526 0.63139
0.49137 0.0376 0.60755
0.47042 0.03741 0.65934
0.46542 0.037239 0.67987
0.48484 0.037437 0.64399
0.47566 0.037235 0.67935
0.46316 0.037149 0.69418
0.44847 0.037056 0.72539
0.47163 0.037118 0.69906
0.46541 0.037062 0.7222
0.4497 0.036991 0.74448
0.44816 0.036959 0.77127
0.4616 0.036969 0.74722
0.46934 0.036958 0.77158
0.44821 0.036929 0.80036
0.45884 0.036922 0.79221
0.4583 0.036926 0.8037
0.44887 0.036931 0.82039
0.44162 0.036913 0.84997
0.46621 0.036926 0.82081
0.44368 0.036931 0.86206
0.44415 0.036913 0.88589
0.45636 0.036914 0.87418
0.46426 0.036912 0.8906
0.45121 0.036912 0.91261
0.45164 0.036982 0.92636
0.46497 0.036952 0.91429
0.46143 0.037135 0.93203
0.44923 0.03709 0.94763
0.47122 0.037633 0.94545
0.46652 0.033334 0.96345
0.47343 0.041567 0.40798
0.41319 0.037551 0.39846
0.40687 0.036817 0.42208
0.43621 0.040924 0.40841
0.4817 0.037195 0.04774
0.47802 0.037195 0.068658
0.49576 0.037192 0.039684
0.48796 0.037195 0.066239
0.47043 0.037186 0.086649
0.4766 0.037339 0.0999
0.49187 0.037192 0.077959
0.49321 0.037213 0.099914
0.48558 0.037404 0.11897
0.47976 0.037649 0.12359
0.48954 0.037252 0.11317
0.49613 0.03725 0.13657
0.47503 0.037487 0.13911
0.49002 0.037217 0.16316
0.46794 0.037221 0.18076
0.47616 0.037257 0.19812
0.48461 0.037245 0.18034
0.47887 0.037319 0.21682
0.47562 0.037371 0.23539
0.49 0.037318 0.21401
0.49008 0.037355 0.23189
0.47155 0.037529 0.26071
0.47785 0.037575 0.26623
0.4862 0.037491 0.24982
0.49227 0.037548 0.26165
0.47062 0.03772 0.2931
0.48379 0.037835 0.29285
0.49549 0.037664 0.28355
0.50087 0.037852 0.2961
0.48186 0.037294 0.31922
0.48693 0.036718 0.32642
0.50773 0.037591 0.32467
0.46364 0.035533 0.34053
0.47593 0.035575 0.33989
0.53364 0.037939 0.3249
0.55244 0.038585 0.32565
0.45449 0.035135 0.34926
0.47271 0.035375 0.34377
0.54609 0.038826 0.34019
0.4689 0.036479 0.38828
0.53916 0.037365 0.33076
0.53806 0.036909 0.33491
0.47617 0.048537 0.42193
0.49187 0.035998 0.41493
0.45214 0.034078 0.35823
0.4575 0.033607 0.35816
0.45628 0.033584 0.4211
0.46818 0.033362 0.42632
0.42195 0.033444 0.39933
0.42352 0.033763 0.50649
0.56742 0.033606 0.3682
0.46281 0.034422 0.44362
0.4924 0.03439 0.55572
0.46466 0.035562 0.56422
0.42928 0.035737 0.47455
0.5932 0.034583 0.41507
0.45738 0.037275 0.55226
0.46007 0.037154 0.5704
0.57729 0.033945 0.41807
0.4713 0.040017 0.5532
0.45878 0.038689 0.54871
0.47743 0.037853 0.57898
0.4717 0.039694 0.55427
0.45608 0.037257 0.5351
0.49504 0.037789 0.57946
0.47938 0.038112 0.59239
0.49562 0.037536 0.62524
0.50081 0.037594 0.60281
0.50725 0.037509 0.62483
0.49034 0.037359 0.66701
0.50511 0.037466 0.64308
0.50008 0.037281 0.67552
0.48482 0.03719 0.69721
0.48415 0.037114 0.71598
0.49831 0.03718 0.70017
0.49874 0.037095 0.71654
0.48481 0.037024 0.73466
0.47565 0.036961 0.76319
0.49422 0.036955 0.77178
0.48184 0.036919 0.80846
0.49594 0.03693 0.78615
0.49366 0.036922 0.81233
0.47977 0.036914 0.82666
0.48183 0.036899 0.84711
0.48836 0.036897 0.84403
0.47923 0.036906 0.86642
0.47704 0.036898 0.88015
0.49654 0.036892 0.87389
0.4758 0.037366 0.93059
0.49441 0.036968 0.90926
0.49164 0.037724 0.93482
0.48326 0.038167 0.94715
0.48332 0.033626 0.95426
0.49328 0.038092 0.94216
0.4543 0.040694 0.42418
0.52103 0.037009 0.40231
0.52945 0.03405 0.40036
0.5366 0.034406 0.35607
0.52222 0.039653 0.38931
0.47603 0.035178 0.3739
0.4041 0.036116 0.38854
0.42648 0.03515 0.39651
0.44844 0.034497 0.38947
0.47352 0.038771 0.41337
0.47184 0.038406 0.42439
0.46878 0.03481 0.41715
0.48054 0.034046 0.3675
0.47105 0.034124 0.42667
0.54075 0.033885 0.37532
0.40627 0.038257 0.41712
0.51801 0.064846 0.41246
0.58109 0.033711 0.43396
0.53254 0.036572 0.3584
0.52483 0.034531 0.36044
0.53278 0.045359 0.36727
0.49229 0.066373 0.43089
0.48579 0.036727 0.38537
0.44855 0.039861 0.41471
0.45186 0.036549 0.41084
0.48934 0.048698 0.42232
0.43892 0.036663 0.40021
0.42357 0.056084 0.42898
0.4433 0.036757 0.40434
0.47979 0.043823 0.42433
0.519 0.036464 0.40167
0.4518 0.049141 0.42935
0.54188 0.041191 0.36386
0.53299 0.035859 0.3945
0.5342 0.036871 0.38055
0.52437 0.034985 0.40341
0.5997 0.034135 0.43085
0.53269 0.03387 0.37517
0.53506 0.0355 0.38265
0.50025 0.062506 0.42244
0.59416 0.034558 0.43195
0.44048 0.03701 0.40377
0.55505 0.033874 0.35382
0.50724 0.03719 0.046912
0.52519 0.037188 0.049119
0.52426 0.037193 0.059993
0.50667 0.037193 0.076185
0.50793 0.037207 0.094922
0.52947 0.037191 0.071795
0.52427 0.037204 0.095339
0.50565 0.037221 0.11596
0.51399 0.037229 0.12864
0.52894 0.037206 0.11875
0.52425 0.037213 0.12689
0.51455 0.037211 0.15208
0.51168 0.037212 0.16354
0.51891 0.03721 0.15071
0.51965 0.037248 0.17512
0.50905 0.037252 0.18086
0.51483 0.037257 0.19619
0.5291 0.037254 0.19266
0.51913 0.037262 0.19709
0.51717 0.037339 0.22112
0.50315 0.037336 0.22854
0.53173 0.037336 0.21848
0.53429 0.037344 0.23224
0.5131 0.03751 0.24987
0.51314 0.037628 0.26213
0.52771 0.037787 0.25392
0.52657 0.037985 0.26334
0.50941 0.037679 0.28883
0.53493 0.038073 0.27267
0.531 0.03789 0.27734
0.51154 0.037796 0.30045
0.53521 0.037946 0.30081
0.55879 0.037883 0.29948
0.57855 0.037706 0.32934
0.52188 0.038042 0.31212
0.59015 0.037068 0.36573
0.6041 0.03699 0.38873
0.56187 0.039082 0.33075
0.58411 0.037755 0.36116
0.60214 0.040096 0.44538
0.55408 0.03872 0.31682
0.55552 0.038495 0.31612
0.6212 0.040068 0.42087
0.60025 0.036636 0.39671
0.58628 0.034933 0.37804
0.61808 0.036874 0.42525
0.48345 0.036343 0.38028
0.52375 0.033474 0.38025
0.59126 0.033613 0.44801
0.55497 0.033368 0.47768
0.51809 0.033474 0.3604
0.4847 0.033566 0.55358
0.50022 0.033341 0.44854
0.47485 0.033811 0.52527
0.48906 0.036991 0.56724
0.48877 0.044616 0.54332
0.49028 0.042358 0.53121
0.49361 0.040877 0.53757
0.49948 0.038979 0.571
0.49501 0.039679 0.54339
0.49834 0.039553 0.53938
0.50836 0.038211 0.57592
0.52122 0.037796 0.58622
0.51102 0.03799 0.55134
0.52437 0.037325 0.5674
0.52066 0.037722 0.60409
0.51595 0.037612 0.61933
0.53165 0.037539 0.60168
0.5374 0.037278 0.62183
0.50924 0.037333 0.65945
0.51096 0.037222 0.67918
0.51891 0.037199 0.6803
0.50872 0.037146 0.69708
0.50902 0.037091 0.71286
0.52374 0.03715 0.68882
0.51797 0.037076 0.71494
0.51404 0.037007 0.73465
0.50597 0.036954 0.76381
0.52448 0.036951 0.74901
0.5286 0.036948 0.76576
0.50716 0.036925 0.78743
0.51203 0.036914 0.79955
0.52248 0.036913 0.79337
0.52318 0.036916 0.80525
0.51152 0.03689 0.84191
0.53131 0.036892 0.85099
0.51061 0.0369 0.87124
0.5162 0.036892 0.88953
0.53073 0.036902 0.87108
0.53187 0.036896 0.89338
0.50446 0.037024 0.91708
0.52198 0.036926 0.91399
0.50938 0.033701 0.95434
0.53013 0.038774 0.94893
0.5283 0.033339 0.95968
0.52138 0.034541 0.35472
0.57363 0.033606 0.45111
0.51711 0.03618 0.38006
0.51575 0.034197 0.37365
0.57548 0.036782 0.46987
0.46194 0.038003 0.42578
0.59206 0.035593 0.39191
0.51409 0.035982 0.3768
0.52378 0.034834 0.44781
0.55302 0.03356 0.4526
0.58272 0.033612 0.43202
0.49342 0.033752 0.43618
0.44599 0.03557 0.46769
0.52215 0.033495 0.43662
0.46634 0.038883 0.54089
0.59608 0.039299 0.56202
0.51801 0.040174 0.42797
0.44742 0.033622 0.49087
0.4768 0.036177 0.37928
0.52483 0.038474 0.38333
0.52491 0.035235 0.36841
0.50256 0.034882 0.41351
0.51722 0.037272 0.39978
0.5222 0.035979 0.37767
0.54052 0.034728 0.47672
0.51976 0.033725 0.35266
0.55253 0.033546 0.44633
0.51612 0.034507 0.42089
0.58843 0.034109 0.44489
0.53805 0.033643 0.4185
0.50448 0.037838 0.49149
0.494 0.036101 0.44082
0.53946 0.034986 0.46504
0.49994 0.036251 0.41617
0.53138 0.035183 0.3847
0.5476 0.034115 0.46117
0.54054 0.037192 0.057072
0.56222 0.037188 0.037111
0.55809 0.037189 0.067275
0.54299 0.037197 0.10073
0.55418 0.037187 0.076593
0.55504 0.037194 0.096245
0.54361 0.037198 0.11943
0.54731 0.037222 0.13785
0.55277 0.037192 0.11849
0.55236 0.037219 0.1379
0.54316 0.03721 0.14946
0.56217 0.037206 0.15073
0.55506 0.037212 0.1637
0.54581 0.037252 0.1899
0.56377 0.037246 0.18785
0.54972 0.03733 0.22452
0.54207 0.037505 0.24128
0.56531 0.037316 0.22206
0.55973 0.037638 0.24769
0.54559 0.038148 0.25433
0.55429 0.03799 0.25325
0.55894 0.038171 0.27143
0.54735 0.038332 0.27455
0.56223 0.037935 0.28371
0.57233 0.037719 0.29522
0.58622 0.03758 0.33846
0.59737 0.037594 0.32264
0.60062 0.03759 0.33944
0.60122 0.037346 0.36655
0.61261 0.037799 0.38835
0.61746 0.037422 0.37537
0.62943 0.038343 0.39763
0.61255 0.038267 0.40308
0.62411 0.04026 0.42188
0.62835 0.039203 0.41495
0.59593 0.040289 0.46173
0.51581 0.04216 0.35098
0.51254 0.042028 0.35151
0.49266 0.038347 0.38371
0.60016 0.038427 0.4952
0.55104 0.03472 0.48907
0.52104 0.034054 0.46876
0.601 0.033492 0.55382
0.6155 0.034467 0.5423
0.53399 0.067587 0.52469
0.52504 0.039672 0.51496
0.48307 0.055552 0.55104
0.48766 0.038231 0.44952
0.52573 0.051347 0.51078
0.47968 0.056446 0.55116
0.51983 0.040986 0.51364
0.47565 0.051393 0.54743
0.48827 0.040264 0.52401
0.50046 0.03981 0.52724
0.48861 0.037381 0.51425
0.5095 0.038706 0.53509
0.5341 0.037546 0.57488
0.50977 0.040244 0.51788
0.54052 0.037221 0.5968
0.54398 0.037142 0.6334
0.5558 0.037585 0.60466
0.54815 0.037149 0.63392
0.53232 0.037224 0.65771
0.53327 0.037166 0.68156
0.54869 0.037211 0.64792
0.53351 0.037101 0.69633
0.54457 0.037051 0.70878
0.55433 0.037005 0.72896
0.53393 0.036982 0.73794
0.53851 0.036944 0.76845
0.55697 0.036926 0.75361
0.55814 0.036938 0.77499
0.54379 0.036926 0.78322
0.54016 0.036912 0.81377
0.55008 0.036921 0.78657
0.55187 0.036907 0.80979
0.53807 0.036889 0.83702
0.55065 0.036893 0.83568
0.55776 0.036897 0.85491
0.54103 0.036889 0.88488
0.55487 0.036891 0.87824
0.56223 0.036901 0.88774
0.54609 0.036921 0.91259
0.5381 0.037917 0.93696
0.55732 0.036968 0.91649
0.55491 0.037964 0.93707
0.54486 0.038788 0.94896
0.54862 0.033335 0.96146
0.56313 0.038756 0.94635
0.55473 0.033476 0.95607
0.50345 0.03393 0.47109
0.54565 0.034936 0.52901
0.57464 0.037187 0.046527
0.58487 0.037188 0.041531
0.5927 0.03719 0.066417
0.5708 0.037193 0.10351
0.58699 0.037187 0.078184
0.59317 0.037193 0.1021
0.57006 0.037192 0.12138
0.57439 0.037211 0.13826
0.59187 0.037191 0.1143
0.58471 0.0372 0.1279
0.57976 0.037203 0.15832
0.59604 0.037201 0.14957
0.59047 0.037226 0.16997
0.57704 0.037242 0.19212
0.57055 0.037273 0.20326
0.58523 0.037241 0.19484
0.59454 0.037252 0.20233
0.57213 0.037389 0.24323
0.58951 0.037305 0.23293
0.57245 0.037702 0.26339
0.5681 0.037817 0.27532
0.59715 0.037356 0.25747
0.58746 0.037468 0.28063
0.57816 0.03752 0.28536
0.59481 0.037757 0.29008
0.60637 0.038136 0.29615
0.60097 0.037667 0.32056
0.61068 0.037914 0.33224
0.61358 0.03808 0.31156
0.61639 0.037817 0.33147
0.62433 0.037839 0.37276
0.6358 0.037942 0.41693
0.61011 0.038231 0.45901
0.59898 0.039376 0.46387
0.56982 0.038136 0.46651
0.58812 0.039937 0.49158
0.58522 0.040096 0.49778
0.62674 0.038578 0.48302
0.62944 0.038926 0.47338
0.61322 0.038296 0.49508
0.54196 0.039492 0.48743
0.56016 0.039729 0.50031
0.53594 0.038789 0.48759
0.57735 0.039258 0.53303
0.51633 0.039036 0.45208
0.56342 0.040895 0.52391
0.51931 0.040415 0.45127
0.60025 0.035082 0.54946
0.5956 0.045873 0.56596
0.56153 0.037125 0.54765
0.58592 0.052368 0.56509
0.54324 0.062658 0.54081
0.52842 0.045646 0.5184
0.56336 0.061283 0.55669
0.47908 0.046357 0.4576
0.53244 0.037372 0.54273
0.53008 0.046541 0.52088
0.55899 0.038682 0.5775
0.47773 0.036461 0.53125
0.47728 0.037556 0.53622
0.54561 0.036936 0.56708
0.50805 0.039618 0.51006
0.56254 0.038212 0.59967
0.55817 0.037674 0.58336
0.56966 0.038115 0.59957
0.57087 0.037877 0.61421
0.57665 0.038013 0.61368
0.57222 0.037832 0.63299
0.55821 0.037124 0.67734
0.57371 0.037124 0.6759
0.55967 0.037087 0.69481
0.57982 0.036989 0.71082
0.57859 0.036979 0.73252
0.56365 0.036925 0.76332
0.5837 0.03693 0.77677
0.57183 0.036928 0.78073
0.57148 0.036898 0.80248
0.58384 0.036899 0.79812
0.57369 0.036908 0.83285
0.59195 0.036913 0.83504
0.57054 0.036907 0.86667
0.59318 0.03692 0.89495
0.57103 0.036956 0.91401
0.58974 0.036941 0.91114
0.57239 0.039038 0.95067
0.57496 0.033655 0.95479
0.58677 0.038528 0.94622
0.58256 0.033334 0.9638
0.60811 0.037191 0.046648
0.61025 0.037191 0.065329
0.62814 0.037194 0.043593
0.62997 0.037196 0.055898
0.61341 0.037188 0.080247
0.60178 0.037194 0.094055
0.6298 0.037191 0.084803
0.62486 0.037196 0.091831
0.60891 0.03719 0.12075
0.60724 0.037203 0.13869
0.62029 0.037192 0.11288
0.62614 0.037203 0.1344
0.60148 0.037202 0.14414
0.61175 0.03723 0.17546
0.62573 0.037199 0.14576
0.62586 0.037207 0.1622
0.60454 0.037229 0.18928
0.61064 0.037243 0.2037
0.62386 0.037227 0.18234
0.6103 0.037255 0.22918
0.60553 0.037298 0.24731
0.6209 0.03728 0.23261
0.62599 0.037403 0.24341
0.60151 0.037453 0.26922
0.62648 0.037419 0.25646
0.62693 0.037581 0.2628
0.62092 0.038195 0.28208
0.62369 0.037978 0.3296
0.62333 0.038183 0.29936
0.63271 0.037697 0.35591
0.63876 0.037611 0.37681
0.64712 0.037778 0.41008
0.61009 0.038614 0.47367
0.62956 0.038766 0.46546
0.63262 0.03798 0.44689
0.63766 0.038445 0.45213
0.58804 0.039684 0.5048
0.58756 0.039445 0.50725
0.55186 0.039301 0.50249
0.5696 0.04017 0.52524
0.55764 0.039395 0.50984
0.56726 0.039807 0.52025
0.51615 0.038388 0.46258
0.58373 0.040438 0.53529
0.51279 0.037389 0.47448
0.55259 0.04079 0.53501
0.60989 0.03924 0.56858
0.55467 0.041223 0.53686
0.63389 0.035587 0.54067
0.57816 0.055737 0.56435
0.47181 0.037015 0.46809
0.5824 0.051939 0.56651
0.54029 0.063215 0.53832
0.4974 0.048581 0.44735
0.5029 0.043667 0.44155
0.58118 0.038233 0.59534
0.59869 0.037731 0.60355
0.58116 0.037353 0.60309
0.58195 0.037635 0.61167
0.58856 0.0378 0.63153
0.58862 0.038001 0.64013
0.57974 0.037481 0.65358
0.58613 0.037057 0.67674
0.60552 0.036982 0.68906
0.59048 0.037007 0.70329
0.58735 0.036965 0.72
0.60305 0.036955 0.71247
0.60432 0.036937 0.7223
0.59674 0.036918 0.75513
0.59924 0.036915 0.76307
0.61231 0.036917 0.7572
0.6161 0.036913 0.76639
0.59501 0.036923 0.78345
0.60043 0.036916 0.81931
0.61922 0.036921 0.7894
0.6255 0.03692 0.81776
0.6016 0.036923 0.82806
0.5981 0.036906 0.84574
0.61951 0.036922 0.83425
0.61824 0.036916 0.85088
0.60596 0.036925 0.86597
0.60157 0.036915 0.89018
0.61554 0.03693 0.87631
0.62616 0.036933 0.88845
0.60495 0.036917 0.91142
0.60497 0.037164 0.93113
0.6181 0.037127 0.93282
0.60604 0.037402 0.94789
0.62062 0.037348 0.94181
0.62955 0.033333 0.96474
0.63723 0.037195 0.048334
0.65199 0.0372 0.038843
0.65387 0.037199 0.066859
0.64415 0.037193 0.083816
0.63782 0.037198 0.10208
0.66153 0.037199 0.077392
0.66432 0.037201 0.089964
0.65324 0.037199 0.11691
0.64386 0.037226 0.17226
0.65474 0.037198 0.15157
0.65537 0.037224 0.17086
0.6388 0.037224 0.18255
0.63843 0.037247 0.20812
0.65336 0.03722 0.18862
0.6492 0.037227 0.1966
0.63747 0.037248 0.21611
0.64133 0.037629 0.23435
0.65708 0.03724 0.21542
0.65752 0.037654 0.23245
0.64502 0.038104 0.25
0.64408 0.037878 0.26124
0.65248 0.037913 0.26182
0.63145 0.037743 0.2809
0.63219 0.037769 0.29506
0.65524 0.037322 0.27893
0.64588 0.037284 0.28996
0.63905 0.037577 0.32115
0.65345 0.037507 0.33877
0.63842 0.03763 0.35818
0.65422 0.037736 0.39174
0.6555 0.037538 0.34842
0.66512 0.03757 0.37307
0.64725 0.038267 0.44377
0.65664 0.037844 0.42316
0.60635 0.038962 0.51023
0.65082 0.038154 0.45575
0.64491 0.03836 0.47625
0.58424 0.039033 0.52089
0.64736 0.03815 0.48943
0.65252 0.038111 0.47083
0.55641 0.043636 0.52952
0.54011 0.043738 0.51204
0.56309 0.043287 0.53895
0.55441 0.043299 0.53264
0.55555 0.041694 0.53713
0.60087 0.036863 0.54274
0.58584 0.038704 0.54727
0.63058 0.036184 0.52935
0.5998 0.041838 0.57248
0.58146 0.046971 0.57435
0.54298 0.055968 0.53887
0.48244 0.036103 0.49145
0.54128 0.049138 0.53327
0.58891 0.038983 0.5919
0.53863 0.047361 0.52979
0.60555 0.037924 0.60103
0.61155 0.037153 0.62233
0.63148 0.037088 0.62439
0.60963 0.037175 0.65225
0.61102 0.037012 0.64095
0.61639 0.036999 0.65023
0.61491 0.036944 0.67053
0.61703 0.036947 0.69367
0.62929 0.036893 0.68415
0.6428 0.036908 0.70269
0.62358 0.036927 0.70868
0.62094 0.036924 0.72903
0.63902 0.036913 0.72034
0.63727 0.036904 0.73101
0.62229 0.036921 0.75667
0.63412 0.03691 0.77312
0.63944 0.036922 0.75385
0.64358 0.036913 0.77904
0.6365 0.036923 0.79389
0.63554 0.036924 0.81868
0.6534 0.036929 0.79969
0.6572 0.036934 0.82227
0.63787 0.036932 0.82773
0.63878 0.036924 0.8477
0.64821 0.036938 0.83435
0.65527 0.036944 0.86009
0.64467 0.03694 0.88001
0.64497 0.036953 0.88931
0.65145 0.036945 0.88178
0.66024 0.036968 0.89654
0.64205 0.036991 0.91193
0.63565 0.037614 0.93394
0.66021 0.036983 0.90728
0.65664 0.037407 0.92574
0.63518 0.038152 0.94614
0.64079 0.033444 0.95609
0.65393 0.038608 0.94555
0.66152 0.033379 0.95743
0.67932 0.037211 0.045897
0.68148 0.037212 0.053123
0.69823 0.037214 0.041108
0.68925 0.037211 0.06108
0.6968 0.037209 0.074725
0.69507 0.037207 0.096464
0.66851 0.037201 0.10803
0.66841 0.037203 0.13134
0.67143 0.037198 0.14998
0.67315 0.037217 0.16779
0.6761 0.037212 0.18042
0.68914 0.037202 0.18438
0.67357 0.037226 0.21894
0.66335 0.037518 0.23163
0.68888 0.037206 0.22529
0.67973 0.037273 0.23921
0.66584 0.037907 0.25056
0.67703 0.037353 0.25841
0.6837 0.037216 0.26487
0.6673 0.037269 0.2971
0.68628 0.037236 0.29015
0.6782 0.037239 0.29746
0.66692 0.037369 0.33336
0.68624 0.037254 0.32229
0.68608 0.037273 0.32849
0.67647 0.037352 0.3469
0.67308 0.037402 0.36049
0.68517 0.037369 0.35495
0.68382 0.037449 0.3693
0.67405 0.037537 0.38876
0.67045 0.037589 0.40646
0.68817 0.037469 0.39196
0.68768 0.037494 0.40406
0.67437 0.037686 0.4263
0.6669 0.037714 0.44869
0.68428 0.037571 0.42573
0.68949 0.037472 0.44611
0.65867 0.037552 0.49094
0.68442 0.037444 0.47236
0.58191 0.041122 0.54359
0.58253 0.041264 0.54583
0.66101 0.037466 0.50409
0.65489 0.037458 0.51158
0.6267 0.036686 0.52224
0.64312 0.036252 0.53002
0.66666 0.036919 0.5318
0.65112 0.036225 0.54929
0.60522 0.040312 0.5785
0.66575 0.036817 0.54836
0.63905 0.037081 0.57584
0.56321 0.041788 0.56429
0.62887 0.038109 0.58214
0.64264 0.037443 0.59012
0.59077 0.040314 0.58551
0.63178 0.037416 0.59656
0.65741 0.036947 0.61504
0.64326 0.036972 0.62672
0.64667 0.036903 0.63684
0.65429 0.03694 0.62206
0.66286 0.036936 0.63953
0.64205 0.036966 0.66802
0.66166 0.036849 0.66733
0.65472 0.036915 0.69076
0.64868 0.036911 0.70231
0.65862 0.036904 0.68201
0.6598 0.036901 0.73009
0.65495 0.036916 0.74583
0.67615 0.036903 0.72326
0.68326 0.036912 0.74757
0.66 0.036924 0.75608
0.66534 0.03692 0.77818
0.67893 0.036923 0.75722
0.67659 0.036932 0.78798
0.66303 0.036936 0.7951
0.67655 0.036939 0.79433
0.68087 0.036946 0.82098
0.67465 0.036949 0.84489
0.68771 0.036956 0.83378
0.68271 0.036966 0.86435
0.67619 0.036968 0.87117
0.68654 0.036973 0.87046
0.68788 0.036979 0.89859
0.67599 0.036985 0.91471
0.66638 0.038006 0.93885
0.68639 0.037857 0.93861
0.67727 0.038468 0.94834
0.6793 0.033334 0.96421
0.69323 0.03334 0.9598
0.70821 0.037216 0.037703
0.70711 0.037216 0.056324
0.72415 0.037221 0.043144
0.72671 0.037221 0.062634
0.70961 0.037212 0.079342
0.72754 0.037217 0.078426
0.70966 0.037208 0.10607
0.70563 0.037208 0.13319
0.72506 0.037207 0.11764
0.72861 0.037208 0.13372
0.70249 0.037203 0.16678
0.73016 0.037202 0.15411
0.72754 0.037201 0.16734
0.70262 0.037197 0.18614
0.69947 0.037209 0.20437
0.71915 0.037197 0.17725
0.72795 0.037197 0.19637
0.70101 0.037207 0.21197
0.69895 0.037207 0.23134
0.71641 0.037196 0.21996
0.70475 0.037204 0.25798
0.72562 0.037185 0.26413
0.70906 0.037213 0.28057
0.71094 0.037204 0.29964
0.69924 0.037242 0.31452
0.70846 0.037211 0.33417
0.73223 0.037131 0.31092
0.71684 0.037178 0.33448
0.70961 0.037203 0.34066
0.70814 0.037225 0.36588
0.72189 0.037164 0.34001
0.72459 0.037165 0.36468
0.70856 0.037238 0.38882
0.69845 0.037349 0.40228
0.7171 0.037192 0.37909
0.71155 0.037247 0.40676
0.70005 0.037324 0.43021
0.72084 0.037205 0.41623
0.70965 0.0373 0.43811
0.7002 0.037362 0.45647
0.68683 0.037269 0.49054
0.71518 0.037238 0.4601
0.70811 0.037233 0.47987
0.68716 0.037279 0.49917
0.67735 0.037355 0.51175
0.69779 0.037237 0.49338
0.70065 0.037215 0.51032
0.69917 0.03723 0.52289
0.70486 0.037243 0.53326
0.68118 0.037074 0.5592
0.7036 0.037086 0.55505
0.70145 0.037036 0.57298
0.67287 0.037051 0.59534
0.70034 0.037011 0.58306
0.69218 0.037052 0.59067
0.67834 0.03691 0.61598
0.68493 0.036995 0.6024
0.70572 0.037228 0.6185
0.68164 0.036853 0.62914
0.68858 0.036857 0.63537
0.69842 0.037013 0.62553
0.70234 0.036865 0.643
0.68823 0.036846 0.66452
0.68407 0.03686 0.67338
0.69988 0.036837 0.65588
0.70502 0.036842 0.67204
0.69473 0.036862 0.69445
0.68418 0.036884 0.70709
0.70192 0.036869 0.70504
0.69157 0.03691 0.72614
0.69284 0.036911 0.74206
0.71382 0.036906 0.72632
0.7121 0.036916 0.74667
0.70017 0.036933 0.76427
0.69239 0.036933 0.78137
0.71271 0.036936 0.76458
0.7045 0.036961 0.80839
0.69588 0.036957 0.82098
0.71669 0.036961 0.79678
0.70918 0.03697 0.83297
0.69832 0.036972 0.85832
0.71573 0.036974 0.83376
0.70663 0.036989 0.88397
0.70062 0.036983 0.88912
0.71656 0.036999 0.8745
0.7295 0.037006 0.90129
0.69997 0.036997 0.9157
0.71156 0.037293 0.9264
0.72792 0.037006 0.91213
0.70789 0.033335 0.96139
0.72995 0.038224 0.94665
0.73846 0.037226 0.044142
0.74116 0.037226 0.058786
0.76145 0.037231 0.060027
0.756 0.037224 0.079613
0.7535 0.037221 0.09438
0.76416 0.03722 0.10854
0.75363 0.037216 0.12299
0.74079 0.037203 0.15313
0.73664 0.037203 0.15936
0.75476 0.037209 0.14027
0.76238 0.037201 0.16467
0.73741 0.037196 0.17956
0.74243 0.037189 0.20383
0.75361 0.037187 0.18625
0.75156 0.037182 0.20181
0.74567 0.037177 0.21585
0.73844 0.037184 0.24139
0.75709 0.03717 0.23529
0.73735 0.037179 0.25485
0.76098 0.037162 0.24625
0.7461 0.037287 0.28026
0.73623 0.037184 0.29255
0.76217 0.037663 0.28611
0.74133 0.037147 0.32701
0.75953 0.037749 0.30332
0.75745 0.037239 0.32233
0.73565 0.037126 0.34065
0.73163 0.037134 0.37066
0.75138 0.037087 0.34776
0.75319 0.037091 0.36141
0.74034 0.03706 0.3875
0.7359 0.037083 0.39702
0.75607 0.037032 0.38295
0.74683 0.037035 0.39906
0.73269 0.037102 0.41387
0.72866 0.037127 0.44349
0.75169 0.037017 0.42242
0.72528 0.037159 0.45717
0.72259 0.037164 0.4776
0.74692 0.037061 0.45434
0.75008 0.037048 0.46474
0.73107 0.037104 0.48224
0.71831 0.037142 0.50175
0.75118 0.037026 0.48351
0.74787 0.037021 0.49317
0.74487 0.037017 0.51325
0.73479 0.036995 0.53527
0.7166 0.037056 0.55161
0.71159 0.037006 0.56951
0.73722 0.03697 0.54507
0.74432 0.03694 0.55883
0.71878 0.036946 0.58668
0.72567 0.037078 0.60061
0.73115 0.037062 0.60424
0.71367 0.037182 0.62543
0.71593 0.036882 0.64173
0.73323 0.036962 0.63174
0.7219 0.036829 0.65997
0.72192 0.03686 0.68035
0.74348 0.03686 0.67242
0.72936 0.03688 0.70196
0.72912 0.036909 0.72185
0.7313 0.036926 0.74063
0.72846 0.036928 0.74497
0.74889 0.036943 0.75002
0.73632 0.036957 0.76843
0.73682 0.036969 0.78903
0.74511 0.036953 0.76417
0.74286 0.036987 0.81153
0.74339 0.036993 0.83084
0.75034 0.036988 0.80246
0.75759 0.037001 0.8226
0.73533 0.037004 0.86071
0.75306 0.037008 0.84807
0.74097 0.037018 0.87142
0.73774 0.037011 0.90353
0.75446 0.037028 0.88193
0.7541 0.037027 0.89839
0.74483 0.037015 0.90853
0.76081 0.037059 0.91627
0.75408 0.037697 0.93752
0.73589 0.038171 0.94585
0.73808 0.03334 0.95984
0.76387 0.033334 0.96207
0.77338 0.037237 0.044477
0.78204 0.037239 0.053399
0.79702 0.037245 0.048084
0.79998 0.037241 0.064636
0.77709 0.037233 0.070459
0.79162 0.03723 0.093068
0.78153 0.037221 0.11764
0.78028 0.037216 0.13396
0.79267 0.037225 0.1139
0.79625 0.037221 0.12874
0.78103 0.037208 0.14942
0.77788 0.037204 0.16344
0.78828 0.037212 0.14187
0.78899 0.037199 0.16793
0.77733 0.03719 0.18448
0.79746 0.037196 0.17421
0.78483 0.037177 0.20349
0.7754 0.037174 0.21564
0.77697 0.03716 0.23844
0.79136 0.037166 0.21992
0.78609 0.037156 0.23672
0.76773 0.037159 0.24891
0.76838 0.037544 0.27874
0.78472 0.037146 0.24691
0.78357 0.037181 0.26686
0.78367 0.037639 0.28832
0.76944 0.037778 0.31
0.77176 0.037072 0.33037
0.79026 0.037446 0.30593
0.78238 0.03713 0.32672
0.76829 0.037061 0.35048
0.76649 0.037036 0.36777
0.77923 0.037026 0.34423
0.7777 0.036999 0.36478
0.76987 0.03695 0.38519
0.77526 0.03684 0.40314
0.78798 0.036872 0.38473
0.79149 0.036787 0.40489
0.77412 0.0368 0.41794
0.76882 0.036879 0.43272
0.78353 0.036735 0.41517
0.78724 0.036788 0.43729
0.76747 0.036922 0.45394
0.78439 0.036842 0.45605
0.78216 0.036853 0.46065
0.76109 0.03697 0.47957
0.76677 0.036927 0.49181
0.78716 0.036886 0.47683
0.79683 0.037088 0.49251
0.77003 0.036901 0.51313
0.78208 0.036894 0.50766
0.78645 0.036903 0.52866
0.75075 0.036915 0.56157
0.77938 0.036883 0.53512
0.7791 0.036876 0.56107
0.75694 0.036865 0.57851
0.75306 0.036859 0.58825
0.77463 0.036865 0.57609
0.7607 0.036844 0.60086
0.77087 0.036848 0.60251
0.74815 0.036868 0.63081
0.75063 0.036845 0.64974
0.77876 0.036874 0.63973
0.77365 0.036869 0.6585
0.75514 0.036882 0.67418
0.7587 0.036892 0.68271
0.7818 0.036902 0.67531
0.78186 0.036906 0.68044
0.76651 0.036914 0.70319
0.75819 0.036932 0.72419
0.77692 0.036944 0.72733
0.7669 0.036956 0.73536
0.7727 0.036967 0.75962
0.78942 0.036965 0.73731
0.79138 0.037009 0.79282
0.76629 0.037006 0.81417
0.77386 0.037019 0.83049
0.78353 0.037013 0.80494
0.79569 0.037033 0.83137
0.77386 0.037028 0.85478
0.78558 0.037032 0.84328
0.7768 0.037033 0.88114
0.77067 0.03706 0.90099
0.79521 0.037077 0.89787
0.77785 0.037701 0.93869
0.79186 0.037183 0.92027
0.78344 0.035917 0.95187
0.7736 0.033334 0.96385
0.79338 0.038223 0.94686
0.7993 0.033354 0.95842
0.80476 0.037247 0.047313
0.80539 0.037246 0.054961
0.83179 0.037253 0.04742
0.83431 0.037252 0.052839
0.80454 0.037237 0.078892
0.80596 0.037234 0.094892
0.83066 0.037246 0.074392
0.82311 0.037238 0.091794
0.81116 0.037232 0.10763
0.80952 0.037226 0.1263
0.82178 0.037232 0.11056
0.82886 0.037226 0.12835
0.82871 0.037217 0.14399
0.81994 0.037194 0.17937
0.81944 0.037187 0.19163
0.80863 0.037171 0.21364
0.80056 0.03716 0.23038
0.83053 0.037163 0.21864
0.82626 0.037155 0.22909
0.80011 0.037145 0.24659
0.80189 0.037147 0.2671
0.82636 0.037121 0.2647
0.80925 0.037086 0.28792
0.803 0.037179 0.29632
0.82825 0.037096 0.28404
0.81997 0.037078 0.29868
0.80925 0.037073 0.30763
0.80461 0.037053 0.32507
0.82239 0.037065 0.30893
0.8148 0.037003 0.33489
0.80035 0.036993 0.35146
0.80521 0.036918 0.36189
0.81492 0.036932 0.35436
0.80092 0.036807 0.38939
0.80317 0.036799 0.40846
0.82283 0.036748 0.39118
0.80485 0.036801 0.41831
0.80358 0.036764 0.43382
0.8175 0.036761 0.42725
0.80305 0.036747 0.45059
0.81434 0.037026 0.46621
0.82442 0.036679 0.44784
0.8112 0.037383 0.47948
0.80481 0.037247 0.49197
0.79758 0.036991 0.50814
0.8057 0.036895 0.51573
0.81829 0.036925 0.51416
0.79864 0.036875 0.55258
0.80968 0.036864 0.54735
0.79673 0.036874 0.59481
0.82044 0.036894 0.57462
0.81446 0.036889 0.59188
0.8 0.036878 0.61034
0.80212 0.036885 0.62534
0.81675 0.036897 0.60509
0.81063 0.036889 0.62231
0.79397 0.036903 0.64276
0.79487 0.036902 0.6494
0.81168 0.036892 0.63354
0.80194 0.036909 0.66523
0.79572 0.036936 0.69396
0.81619 0.036938 0.68413
0.7998 0.036951 0.70604
0.81643 0.036958 0.70611
0.79863 0.036969 0.73301
0.80158 0.036994 0.75957
0.82865 0.036996 0.73915
0.83005 0.037008 0.75467
0.79913 0.037004 0.77317
0.80442 0.037022 0.79575
0.82955 0.037024 0.77844
0.82339 0.037029 0.79318
0.8079 0.03703 0.80589
0.82427 0.03705 0.82842
0.80331 0.037049 0.84906
0.81049 0.037056 0.86291
0.83015 0.037062 0.84543
0.82998 0.037067 0.86567
0.81488 0.03706 0.87628
0.80423 0.037077 0.89655
0.82721 0.037071 0.8857
0.8063 0.037111 0.91284
0.80608 0.037542 0.92912
0.81976 0.037112 0.914
0.80704 0.038357 0.94421
0.81463 0.033334 0.96237
0.82811 0.036168 0.95172
0.82231 0.033334 0.96407
0.84559 0.037255 0.045046
0.8423 0.037253 0.055483
0.86559 0.037263 0.045152
0.84831 0.037249 0.080383
0.85185 0.037245 0.092895
0.8556 0.037252 0.075348
0.85733 0.037248 0.091051
0.85887 0.037239 0.11012
0.85798 0.037227 0.1343
0.84181 0.037218 0.14973
0.84871 0.037211 0.16227
0.86217 0.037221 0.14481
0.85564 0.037216 0.1553
0.83848 0.037191 0.18521
0.84076 0.037183 0.19622
0.85927 0.037191 0.1848
0.86743 0.037179 0.19991
0.84985 0.037167 0.21292
0.836 0.03715 0.23439
0.86215 0.037167 0.21468
0.85285 0.037146 0.23506
0.84655 0.037136 0.24923
0.8572 0.037131 0.24953
0.85919 0.037119 0.25999
0.85527 0.0371 0.27855
0.85713 0.037074 0.29921
0.83986 0.03705 0.31919
0.83239 0.037023 0.32885
0.8595 0.037055 0.3115
0.85346 0.03703 0.3246
0.83568 0.036916 0.36071
0.85448 0.036978 0.34745
0.86244 0.036927 0.36659
0.83762 0.036794 0.38909
0.84832 0.036825 0.38604
0.85664 0.03679 0.39849
0.83619 0.036713 0.41795
0.83992 0.03671 0.42963
0.84417 0.036685 0.41313
0.85571 0.036747 0.43733
0.83525 0.036738 0.4511
0.83171 0.037251 0.46998
0.84946 0.036885 0.45763
0.85274 0.037356 0.47309
0.83444 0.037837 0.48252
0.838 0.037738 0.48908
0.83761 0.037232 0.50324
0.843 0.036895 0.52407
0.85914 0.036936 0.51486
0.83824 0.036888 0.53541
0.83827 0.036877 0.5515
0.85746 0.036911 0.53639
0.85447 0.036897 0.54954
0.83979 0.036886 0.57177
0.83076 0.036906 0.59166
0.85587 0.036901 0.57047
0.84708 0.036898 0.5876
0.84088 0.036908 0.61805
0.85227 0.036911 0.59938
0.84694 0.036919 0.62896
0.84207 0.036937 0.65823
0.85868 0.036946 0.63787
0.85297 0.036952 0.66236
0.84137 0.036961 0.67832
0.83179 0.03696 0.68711
0.8556 0.036962 0.67131
0.8598 0.036983 0.69667
0.83451 0.036976 0.70561
0.84325 0.036995 0.72435
0.85092 0.036981 0.703
0.85323 0.037002 0.72769
0.84127 0.037006 0.73742
0.83951 0.037021 0.76437
0.85665 0.037027 0.7606
0.83681 0.037038 0.79582
0.86117 0.037038 0.77181
0.86626 0.037054 0.79171
0.84119 0.037055 0.81678
0.86509 0.037062 0.80667
0.86213 0.03707 0.82488
0.84417 0.037069 0.84595
0.86221 0.037079 0.84192
0.86371 0.037087 0.86043
0.84737 0.037082 0.87977
0.84293 0.037099 0.90174
0.86248 0.037093 0.87395
0.84697 0.037197 0.92426
0.86751 0.037109 0.91037
0.85838 0.037218 0.92712
0.85166 0.037472 0.94065
0.84329 0.033335 0.9615
0.86668 0.037384 0.93993
0.86388 0.033334 0.96401
0.87363 0.037266 0.039239
0.87531 0.037263 0.061629
0.89107 0.037267 0.040036
0.89259 0.037267 0.052231
0.88512 0.03726 0.077363
0.88552 0.037254 0.093485
0.90091 0.037262 0.079354
0.8947 0.037257 0.08706
0.88473 0.037246 0.11071
0.88549 0.037234 0.13006
0.89436 0.037238 0.12084
0.87818 0.037225 0.14066
0.88579 0.037209 0.1613
0.89805 0.037228 0.15057
0.89289 0.037213 0.16508
0.87933 0.037183 0.1946
0.89728 0.037212 0.17275
0.90172 0.037196 0.19262
0.87401 0.037174 0.20786
0.8797 0.037164 0.22365
0.89444 0.037163 0.21441
0.88987 0.037153 0.22591
0.87098 0.037137 0.24168
0.87346 0.037093 0.27892
0.87537 0.037075 0.29432
0.90148 0.037119 0.27326
0.89266 0.037085 0.29628
0.87032 0.037043 0.31987
0.88102 0.03703 0.32789
0.88914 0.037062 0.30757
0.88764 0.037036 0.3245
0.87725 0.036991 0.35079
0.89524 0.037002 0.3446
0.90048 0.036975 0.35874
0.87674 0.0369 0.38679
0.86736 0.036843 0.39544
0.89377 0.03694 0.37846
0.89699 0.036916 0.39923
0.86875 0.036769 0.4149
0.87126 0.036787 0.42681
0.89806 0.036907 0.41887
0.89245 0.036884 0.42448
0.87871 0.036849 0.44688
0.88324 0.036868 0.45586
0.87122 0.037146 0.4822
0.87033 0.037112 0.49276
0.8797 0.036918 0.4918
0.86085 0.037225 0.49851
0.87334 0.036903 0.52523
0.8867 0.03688 0.50937
0.88931 0.036881 0.52159
0.86912 0.036921 0.53536
0.88859 0.036884 0.53328
0.89315 0.036889 0.54759
0.8742 0.036912 0.57043
0.87142 0.036924 0.59416
0.88826 0.036914 0.57073
0.88439 0.036921 0.5951
0.87039 0.036933 0.60273
0.87744 0.036952 0.62935
0.884 0.03693 0.60662
0.88409 0.036942 0.62451
0.87642 0.03697 0.6476
0.88677 0.036954 0.64554
0.8912 0.03697 0.65816
0.86927 0.036974 0.67378
0.90085 0.03702 0.69845
0.87083 0.037006 0.71199
0.88185 0.037022 0.72971
0.8974 0.037017 0.70445
0.89292 0.037024 0.7229
0.87446 0.037029 0.74471
0.87348 0.037042 0.76449
0.89027 0.037035 0.74312
0.90245 0.037047 0.76423
0.87662 0.037056 0.78045
0.88143 0.037068 0.79797
0.89414 0.037059 0.78888
0.87407 0.037074 0.81695
0.88091 0.037083 0.82666
0.89326 0.037075 0.80625
0.88045 0.037092 0.84312
0.88616 0.037104 0.86766
0.89964 0.037091 0.84287
0.89136 0.037099 0.86279
0.87963 0.03711 0.89583
0.89794 0.037107 0.87454
0.90236 0.037115 0.89545
0.88621 0.037108 0.90838
0.88872 0.037238 0.93378
0.90164 0.037124 0.91559
0.90697 0.037424 0.93617
0.87843 0.037386 0.9444
0.90929 0.033334 0.962
0.91128 0.037277 0.037577
0.9185 0.037298 0.054425
0.92953 0.037646 0.038852
0.92107 0.037309 0.076023
0.90892 0.037257 0.091649
0.93475 0.037544 0.096127
0.91669 0.037241 0.1108
0.91499 0.037239 0.13235
0.92673 0.037365 0.10559
0.92921 0.037404 0.12122
0.91091 0.037239 0.13789
0.91379 0.037239 0.16214
0.9284 0.037586 0.14295
0.92015 0.037268 0.19135
0.9352 0.037863 0.17453
0.93791 0.037851 0.1993
0.92099 0.037239 0.2086
0.91822 0.037151 0.22599
0.93443 0.037658 0.21264
0.92543 0.037349 0.23008
0.9138 0.03714 0.25081
0.93451 0.037671 0.2471
0.92792 0.037453 0.26078
0.9134 0.03714 0.27516
0.93801 0.037912 0.28432
0.93708 0.037844 0.29835
0.91559 0.03705 0.33043
0.9294 0.03751 0.30678
0.92742 0.037347 0.32697
0.90681 0.037014 0.34179
0.90996 0.036969 0.36839
0.93428 0.037412 0.34223
0.92346 0.037131 0.36235
0.90906 0.036958 0.37903
0.91521 0.036965 0.39798
0.93254 0.037796 0.40191
0.93303 0.037879 0.40899
0.93822 0.038107 0.43251
0.90637 0.036914 0.4579
0.93481 0.0378 0.43725
0.90763 0.036926 0.48087
0.9046 0.036916 0.4946
0.9333 0.037719 0.47354
0.92996 0.037666 0.48594
0.9137 0.036967 0.50168
0.91526 0.036976 0.51984
0.93526 0.03795 0.50977
0.93267 0.037753 0.51624
0.92864 0.037369 0.53351
0.92876 0.037212 0.55054
0.91285 0.036958 0.59363
0.92532 0.037102 0.57209
0.92886 0.037126 0.593
0.90816 0.036939 0.60332
0.90314 0.036939 0.62132
0.92149 0.037038 0.60445
0.9238 0.037064 0.61752
0.90272 0.036946 0.64331
0.93474 0.037254 0.64801
0.9251 0.037117 0.66416
0.91616 0.037063 0.69
0.92778 0.037182 0.68382
0.93381 0.037582 0.70019
0.91715 0.037087 0.70696
0.92955 0.037601 0.71186
0.91535 0.037058 0.74178
0.91907 0.037114 0.76077
0.92709 0.037555 0.73833
0.92586 0.037311 0.76563
0.92006 0.0371 0.77346
0.91888 0.037093 0.791
0.93262 0.037354 0.77769
0.93344 0.037484 0.79937
0.90996 0.037096 0.81907
0.91795 0.037121 0.82607
0.92744 0.037369 0.80673
0.92499 0.037285 0.83026
0.91168 0.037094 0.85031
0.91293 0.037105 0.86795
0.93024 0.037393 0.84116
0.92675 0.037327 0.86827
0.91937 0.037143 0.87957
0.9273 0.037371 0.87865
0.94025 0.038077 0.89789
0.91782 0.037159 0.91656
0.92012 0.037586 0.93546
0.93264 0.03776 0.91677
0.94067 0.038865 0.93349
0.91898 0.037825 0.94554
0.92538 0.033337 0.96062
0.93192 0.038643 0.9451
0.93671 0.033335 0.96178
0.94359 0.038235 0.042121
0.9437 0.038185 0.054588
0.95657 0.033431 0.03722
0.95924 0.033344 0.060946
0.94077 0.037831 0.075003
0.96109 0.033336 0.088611
0.95002 0.037685 0.10884
0.9604 0.033337 0.13255
0.95033 0.038676 0.14949
0.9476 0.038639 0.15903
0.95987 0.033339 0.14547
0.95461 0.033811 0.16112
0.94232 0.038204 0.17432
0.95022 0.038385 0.19803
0.95733 0.033384 0.19942
0.9452 0.038131 0.20825
0.94502 0.038103 0.23163
0.96387 0.033334 0.21675
0.96207 0.033334 0.22393
0.94532 0.038124 0.25069
0.95021 0.038299 0.25619
0.96194 0.033334 0.23974
0.95498 0.033632 0.26724
0.94767 0.038321 0.27499
0.94496 0.038261 0.29175
0.96085 0.033335 0.27872
0.94591 0.038207 0.30546
0.94482 0.03783 0.33392
0.95681 0.033393 0.30474
0.96472 0.033333 0.3274
0.94832 0.037739 0.34693
0.94632 0.037795 0.3633
0.9597 0.033339 0.36606
0.94438 0.038064 0.37521
0.95132 0.038327 0.40225
0.96462 0.033333 0.38504
0.955 0.033733 0.40095
0.95031 0.039379 0.41067
0.96418 0.033334 0.4127
0.95851 0.033353 0.42935
0.94585 0.038235 0.44555
0.94888 0.0382 0.45244
0.95603 0.033471 0.43559
0.96079 0.033335 0.45325
0.94348 0.038294 0.4733
0.96399 0.033333 0.47926
0.95687 0.033378 0.49344
0.94961 0.039031 0.50555
0.9464 0.038649 0.51771
0.95523 0.033536 0.50842
0.96077 0.033335 0.52191
0.93914 0.037461 0.54967
0.9646 0.033333 0.5335
0.95888 0.03334 0.55245
0.94308 0.037303 0.59079
0.94029 0.037259 0.61094
0.94096 0.037289 0.62041
0.95976 0.033337 0.62639
0.94519 0.037411 0.63874
0.96148 0.033334 0.63674
0.96375 0.033334 0.6606
0.94966 0.036064 0.68036
0.96037 0.033336 0.67838
0.96028 0.033337 0.70169
0.94604 0.038698 0.71779
0.94531 0.038711 0.72801
0.95669 0.033429 0.71996
0.95723 0.033395 0.72476
0.94833 0.038807 0.7558
0.95791 0.033372 0.74834
0.96108 0.033336 0.7561
0.9457 0.037615 0.78087
0.94587 0.037965 0.80322
0.95921 0.033343 0.79019
0.94466 0.038008 0.80832
0.95641 0.033435 0.81674
0.9604 0.033337 0.83566
0.94366 0.037806 0.8526
0.96528 0.033333 0.86486
0.9489 0.038599 0.89507
0.96107 0.033336 0.87863
0.94705 0.039396 0.9313
0.9595 0.033348 0.91738
0.96524 0.033333 0.9299
0.94777 0.040242 0.94395
0.94991 0.033341 0.96042
0.96164 0.033337 0.9485
0.95805 0.033333 0.96374
