2635
1 1 1
0.035051 0.037256 0.045434
0.041353 0.037256 0.055237
0.063649 0.037256 0.035787
0.059507 0.037257 0.052343
0.046668 0.037256 0.070668
0.044039 0.037255 0.096258
0.060883 0.037256 0.08305
0.057267 0.037254 0.10012
0.038815 0.037251 0.11431
0.041648 0.037251 0.12471
0.064738 0.037252 0.11088
0.064323 0.037248 0.14819
0.040836 0.037237 0.19579
0.059823 0.03724 0.18541
0.06283 0.037237 0.20165
0.036336 0.037233 0.20651
0.040854 0.037225 0.23325
0.054548 0.037233 0.21176
0.057886 0.037229 0.2256
0.048812 0.037222 0.24254
0.042992 0.037215 0.26431
0.054328 0.037222 0.24909
0.063826 0.037218 0.26422
0.048359 0.037209 0.27646
0.047495 0.037203 0.29396
0.057503 0.037208 0.28576
0.065658 0.037205 0.29478
0.06467 0.037195 0.31621
0.060087 0.037186 0.33154
0.046525 0.037171 0.35289
0.065621 0.037169 0.36187
0.047671 0.037149 0.38313
0.04668 0.03714 0.3967
0.063936 0.037156 0.38133
0.059157 0.03714 0.40321
0.046254 0.037127 0.41361
0.038343 0.03711 0.43266
0.06469 0.03713 0.41662
0.057737 0.03712 0.42772
0.044312 0.037094 0.45481
0.064599 0.037101 0.45303
0.063924 0.037088 0.46841
0.043749 0.037072 0.48078
0.046162 0.037061 0.49472
0.056502 0.037079 0.48065
0.063828 0.037064 0.49838
0.039684 0.037048 0.51332
0.039337 0.037035 0.533
0.06002 0.037053 0.51527
0.065589 0.03704 0.53219
0.048502 0.037028 0.5437
0.045589 0.037016 0.56755
0.068168 0.037032 0.54231
0.066539 0.037022 0.56144
0.038064 0.037012 0.57799
0.0366 0.037003 0.59889
0.056361 0.037017 0.57664
0.058703 0.037009 0.5954
0.046253 0.037001 0.60342
0.036918 0.036995 0.62906
0.056023 0.037003 0.60912
0.06329 0.036999 0.62111
0.054988 0.036995 0.64802
0.057248 0.036992 0.65966
0.050106 0.036988 0.6716
0.056101 0.03699 0.66961
0.062523 0.036985 0.68686
0.036402 0.036981 0.72886
0.06414 0.036981 0.71145
0.054499 0.036982 0.72138
0.044865 0.036979 0.74562
0.037514 0.036978 0.76165
0.06256 0.036979 0.74203
0.054336 0.036979 0.75966
0.041658 0.036978 0.7727
0.037607 0.036976 0.80054
0.060784 0.036977 0.78155
0.058541 0.036976 0.79189
0.040338 0.036973 0.82911
0.054572 0.036974 0.8163
0.060716 0.036971 0.83493
0.038494 0.03697 0.84728
0.035193 0.036969 0.86738
0.055608 0.036971 0.84128
0.058301 0.036968 0.86534
0.035812 0.036967 0.8777
0.046358 0.036973 0.90029
0.060622 0.036964 0.88578
0.058941 0.036968 0.89654
0.042782 0.037046 0.9209
0.03693 0.033338 0.95888
0.05842 0.038398 0.95027
0.060056 0.033356 0.95731
0.081152 0.037256 0.045894
0.076864 0.037256 0.061022
0.080029 0.037254 0.091042
0.096865 0.037255 0.076033
0.094134 0.037255 0.091038
0.072975 0.037252 0.10996
0.074199 0.03725 0.13391
0.087516 0.037253 0.11256
0.091978 0.037252 0.12673
0.071638 0.037248 0.14527
0.092197 0.03725 0.14156
0.095919 0.037246 0.16399
0.074125 0.03724 0.18256
0.070032 0.037238 0.19801
0.097683 0.037243 0.1825
0.09841 0.037241 0.19837
0.079929 0.037234 0.21356
0.078655 0.037229 0.23102
0.092221 0.037235 0.21892
0.10124 0.037232 0.23525
0.072217 0.037222 0.25273
0.075014 0.037221 0.25936
0.089152 0.037226 0.25346
0.093921 0.037226 0.26198
0.079242 0.037211 0.28289
0.078456 0.037203 0.30067
0.10025 0.037219 0.28317
0.071295 0.037195 0.31758
0.072099 0.037185 0.33702
0.098042 0.037206 0.31628
0.096262 0.037196 0.33787
0.075515 0.037174 0.35647
0.095543 0.037188 0.35256
0.094413 0.037179 0.36779
0.080805 0.03715 0.39081
0.098167 0.03717 0.38438
0.10276 0.037163 0.39629
0.075025 0.037126 0.42201
0.080475 0.037115 0.4352
0.10274 0.037146 0.4253
0.095405 0.037138 0.43149
0.076636 0.037098 0.45627
0.093722 0.037116 0.44926
0.096403 0.037102 0.46742
0.083523 0.037073 0.48365
0.089066 0.037065 0.49361
0.1038 0.037085 0.48981
0.1033 0.037077 0.49983
0.078088 0.037053 0.50978
0.099307 0.037055 0.52567
0.088927 0.03703 0.54065
0.082362 0.037015 0.56628
0.095794 0.037022 0.56405
0.084668 0.037012 0.57194
0.07872 0.037002 0.59861
0.099528 0.037025 0.57202
0.1025 0.037014 0.59393
0.083936 0.036992 0.62649
0.10421 0.037005 0.61029
0.11019 0.037001 0.61885
0.081646 0.036988 0.63887
0.10483 0.036986 0.66023
0.074708 0.036983 0.67745
0.096276 0.036983 0.66923
0.098976 0.03698 0.68848
0.083178 0.036978 0.70707
0.072729 0.036978 0.72889
0.099537 0.036977 0.71927
0.076294 0.036977 0.74192
0.081492 0.036975 0.75466
0.095604 0.036976 0.73715
0.091405 0.036975 0.75935
0.075755 0.036974 0.7715
0.076883 0.036973 0.799
0.10051 0.03697 0.78316
0.075849 0.036972 0.81731
0.084336 0.036969 0.82537
0.098437 0.03697 0.80706
0.094982 0.036966 0.83498
0.078377 0.036967 0.846
0.078487 0.036963 0.86725
0.095175 0.03696 0.87182
0.081228 0.036962 0.89005
0.093837 0.036958 0.88082
0.090968 0.036965 0.89877
0.075569 0.03699 0.91834
0.080926 0.037323 0.93924
0.095792 0.036967 0.91197
0.07288 0.037687 0.94538
0.09197 0.03567 0.952
0.11376 0.037257 0.039367
0.10903 0.037257 0.058803
0.13038 0.037257 0.038158
0.12569 0.037258 0.053364
0.10574 0.037256 0.070416
0.11047 0.037254 0.097792
0.1283 0.037254 0.10024
0.10892 0.037253 0.11462
0.11764 0.037252 0.13406
0.12944 0.037255 0.12317
0.11134 0.037249 0.14705
0.10633 0.037247 0.16238
0.13163 0.037251 0.16267
0.11191 0.037244 0.18012
0.11079 0.037243 0.19551
0.13274 0.03725 0.17426
0.12402 0.037247 0.20208
0.11813 0.037238 0.22604
0.123 0.037245 0.20961
0.12262 0.03724 0.23694
0.11089 0.037231 0.24831
0.10575 0.037226 0.26655
0.12689 0.03724 0.24776
0.11237 0.037223 0.28469
0.11231 0.037217 0.29771
0.1274 0.037235 0.28865
0.13629 0.037237 0.29561
0.1133 0.037211 0.31568
0.11457 0.037202 0.33865
0.13656 0.037232 0.3218
0.12438 0.037218 0.33037
0.11125 0.037197 0.34655
0.11308 0.037183 0.37167
0.12462 0.037201 0.36654
0.10697 0.037177 0.37869
0.12577 0.037198 0.3829
0.13321 0.037201 0.4068
0.11222 0.037161 0.41224
0.11484 0.037137 0.43983
0.12772 0.037149 0.44177
0.11187 0.037124 0.45129
0.11406 0.037113 0.46259
0.13136 0.03713 0.45932
0.13463 0.037125 0.47095
0.11455 0.037095 0.48185
0.12597 0.037085 0.49763
0.13733 0.037119 0.48474
0.14624 0.037114 0.50075
0.12217 0.037071 0.51193
0.1172 0.037053 0.53112
0.14466 0.037082 0.53174
0.12524 0.037046 0.54238
0.11922 0.037031 0.56135
0.14774 0.037073 0.54693
0.11598 0.037017 0.58195
0.11843 0.037012 0.59378
0.14201 0.037043 0.57565
0.14275 0.03703 0.59832
0.12803 0.037004 0.61337
0.12757 0.037 0.62259
0.14817 0.037007 0.62641
0.12259 0.036992 0.64069
0.12121 0.036988 0.65315
0.13939 0.037006 0.6348
0.13347 0.036991 0.66072
0.11812 0.036981 0.67781
0.13889 0.036988 0.67617
0.11822 0.036973 0.723
0.14217 0.036975 0.6995
0.14109 0.03697 0.7276
0.11119 0.036973 0.73466
0.11483 0.03697 0.75183
0.13032 0.036969 0.75979
0.11539 0.036969 0.77234
0.13786 0.036966 0.77554
0.12608 0.036967 0.78937
0.11523 0.036963 0.83223
0.12542 0.036965 0.80463
0.12792 0.036962 0.83647
0.11645 0.036962 0.84338
0.13291 0.03696 0.84695
0.13304 0.036956 0.86257
0.11564 0.036951 0.88468
0.12145 0.036953 0.90345
0.13778 0.036965 0.89407
0.13317 0.036988 0.90997
0.11319 0.036954 0.92059
0.13515 0.037123 0.92521
0.13621 0.037634 0.9385
0.11826 0.037451 0.94666
0.15045 0.035864 0.95362
0.14829 0.033333 0.96531
0.14614 0.037256 0.040185
0.1621 0.037256 0.035386
0.16382 0.037256 0.054583
0.13875 0.037255 0.078807
0.14435 0.037255 0.099112
0.1575 0.037256 0.07435
0.16212 0.037256 0.094053
0.14398 0.037254 0.11075
0.14571 0.037255 0.12272
0.15661 0.037256 0.11573
0.16108 0.037258 0.12168
0.13915 0.037253 0.14375
0.14048 0.037251 0.16664
0.16584 0.037257 0.16023
0.13927 0.03725 0.18634
0.16409 0.037255 0.18092
0.16299 0.037256 0.19309
0.14237 0.037248 0.21481
0.14901 0.037248 0.23566
0.16647 0.037256 0.21659
0.14205 0.037245 0.24854
0.15289 0.037248 0.26451
0.15863 0.037254 0.2417
0.1674 0.037264 0.27102
0.14524 0.037241 0.2791
0.14509 0.037239 0.30171
0.16462 0.037263 0.27908
0.16149 0.03726 0.29851
0.15364 0.037243 0.31625
0.1411 0.037232 0.32707
0.16758 0.037268 0.31061
0.16017 0.037252 0.33464
0.14481 0.037226 0.35586
0.15529 0.037235 0.3638
0.16586 0.037266 0.34626
0.15279 0.037227 0.38687
0.14552 0.037217 0.39454
0.16911 0.037325 0.39709
0.14567 0.037178 0.44
0.16041 0.037404 0.43887
0.16057 0.037157 0.45681
0.15394 0.037139 0.47028
0.17398 0.037165 0.45577
0.17401 0.037151 0.46777
0.15625 0.037135 0.48439
0.15561 0.037115 0.49911
0.17866 0.037189 0.48747
0.17032 0.03709 0.51983
0.16999 0.037079 0.53135
0.1924 0.037168 0.51522
0.1619 0.037068 0.54897
0.16913 0.037053 0.56707
0.18112 0.037079 0.55234
0.19398 0.037117 0.55548
0.16875 0.037041 0.58184
0.16173 0.037028 0.59365
0.18796 0.037085 0.58073
0.18586 0.03707 0.59221
0.16018 0.037013 0.60909
0.16246 0.037002 0.62466
0.18798 0.037054 0.61217
0.18107 0.037027 0.62146
0.16367 0.036986 0.65323
0.18999 0.037018 0.63811
0.17562 0.036996 0.65367
0.15879 0.036982 0.66584
0.1633 0.036974 0.68577
0.17078 0.036983 0.66863
0.17023 0.036977 0.69265
0.14873 0.036974 0.69813
0.15854 0.036966 0.72595
0.17447 0.036978 0.6987
0.16625 0.036968 0.72513
0.15677 0.036963 0.74245
0.14828 0.036963 0.76142
0.17173 0.036967 0.73148
0.17377 0.03696 0.74891
0.14935 0.036959 0.79081
0.16505 0.036961 0.77162
0.16478 0.036957 0.79617
0.15423 0.036958 0.806
0.15024 0.036957 0.82991
0.17298 0.036953 0.8133
0.16385 0.036954 0.82963
0.14737 0.036957 0.85223
0.15385 0.036948 0.87
0.16697 0.036955 0.84964
0.16655 0.036944 0.86747
0.14482 0.036952 0.88746
0.16448 0.036992 0.89021
0.16845 0.03722 0.90725
0.14912 0.037171 0.92385
0.15864 0.038564 0.94101
0.17526 0.037522 0.91488
0.17278 0.038277 0.9284
0.157 0.033394 0.95747
0.17589 0.039552 0.94057
0.17616 0.033333 0.96154
0.17623 0.037256 0.045554
0.18344 0.037256 0.06292
0.19293 0.037258 0.046318
0.19195 0.037258 0.056505
0.17621 0.037255 0.079049
0.1802 0.037256 0.095816
0.19575 0.037256 0.080841
0.19557 0.037257 0.097141
0.17555 0.037256 0.1106
0.18009 0.037257 0.13497
0.19027 0.037257 0.11232
0.1975 0.03726 0.12378
0.17878 0.037256 0.14754
0.18604 0.037261 0.16171
0.19423 0.037262 0.15266
0.19885 0.037266 0.15829
0.18667 0.037263 0.20324
0.19826 0.037267 0.1812
0.1939 0.03727 0.19857
0.18379 0.037267 0.238
0.19563 0.037274 0.21198
0.19547 0.037283 0.23127
0.18206 0.037266 0.25065
0.18481 0.037272 0.26916
0.19742 0.037287 0.26076
0.19918 0.037297 0.28206
0.19411 0.037301 0.30052
0.17616 0.037274 0.31021
0.18289 0.037281 0.32907
0.19632 0.037327 0.32285
0.19798 0.037337 0.34183
0.17668 0.037272 0.3594
0.1798 0.037262 0.3682
0.19195 0.037307 0.35578
0.19561 0.037305 0.36799
0.18476 0.037255 0.39681
0.19314 0.037313 0.40078
0.18241 0.037923 0.41624
0.17798 0.03802 0.43105
0.18645 0.038023 0.42266
0.19306 0.037685 0.43425
0.18491 0.037398 0.44536
0.19278 0.037162 0.4685
0.19704 0.037343 0.44877
0.20333 0.037197 0.47838
0.2011 0.037194 0.50517
0.21313 0.037209 0.49913
0.22207 0.037229 0.50883
0.20519 0.037181 0.51786
0.20786 0.037147 0.53735
0.2405 0.037364 0.52917
0.23655 0.037218 0.54233
0.20781 0.037132 0.54831
0.22193 0.037124 0.56087
0.21 0.037095 0.57545
0.19712 0.037079 0.58894
0.22314 0.037161 0.58022
0.21639 0.037089 0.59289
0.20869 0.037054 0.604
0.19989 0.037038 0.62237
0.21876 0.037088 0.60158
0.21964 0.037051 0.61666
0.19842 0.037014 0.63899
0.20008 0.037004 0.64759
0.23149 0.037034 0.6362
0.22998 0.037027 0.64741
0.19638 0.036992 0.66422
0.19207 0.036979 0.68025
0.21298 0.036996 0.65975
0.21168 0.036984 0.67926
0.1948 0.036962 0.70734
0.18942 0.03696 0.72021
0.20868 0.036975 0.69272
0.20438 0.036962 0.72372
0.19386 0.036956 0.74039
0.18549 0.036954 0.74945
0.20354 0.03696 0.73874
0.18108 0.036952 0.788
0.20508 0.036949 0.76391
0.20167 0.036946 0.7935
0.18549 0.03695 0.80408
0.19864 0.036947 0.81194
0.19925 0.036945 0.8286
0.18758 0.036951 0.84095
0.1775 0.036947 0.8602
0.19662 0.036954 0.84829
0.19469 0.036948 0.85636
0.17545 0.036937 0.88185
0.18113 0.037376 0.89833
0.20315 0.036935 0.87515
0.20229 0.037402 0.89836
0.18464 0.038459 0.92093
0.19405 0.03858 0.92094
0.18481 0.034401 0.94745
0.19223 0.039014 0.9288
0.18906 0.03338 0.95314
0.2079 0.037256 0.045041
0.21638 0.037256 0.060275
0.23007 0.037255 0.035098
0.22815 0.037256 0.057981
0.21509 0.037256 0.071089
0.21188 0.037258 0.092224
0.2328 0.037257 0.073569
0.22948 0.03726 0.097503
0.2178 0.037258 0.1052
0.21203 0.037262 0.13291
0.23487 0.037261 0.10601
0.22673 0.037266 0.12724
0.21125 0.037263 0.14904
0.20763 0.037269 0.18239
0.21851 0.037282 0.19987
0.23463 0.037276 0.18198
0.23732 0.037287 0.19383
0.21392 0.037281 0.21093
0.23179 0.037291 0.2114
0.22292 0.0373 0.25044
0.23709 0.037318 0.24649
0.23522 0.037351 0.27085
0.21622 0.037314 0.28392
0.20978 0.037321 0.29188
0.23523 0.037358 0.28479
0.22432 0.037452 0.30314
0.21429 0.037469 0.32166
0.21181 0.037402 0.34309
0.22107 0.037767 0.33449
0.2057 0.037364 0.34927
0.21179 0.037335 0.37828
0.21974 0.037599 0.3495
0.22893 0.037465 0.36897
0.21606 0.037321 0.38949
0.2101 0.037319 0.40964
0.22671 0.037358 0.38615
0.21764 0.037289 0.41588
0.20173 0.037535 0.42786
0.2137 0.03725 0.42797
0.21407 0.037291 0.45089
0.21765 0.037263 0.47808
0.23019 0.037356 0.45733
0.23862 0.037348 0.47984
0.22989 0.037277 0.49456
0.25059 0.037595 0.51998
0.24394 0.037324 0.50687
0.25945 0.03783 0.52477
0.25905 0.038025 0.53732
0.26358 0.037861 0.54664
0.26681 0.037486 0.5564
0.26462 0.037326 0.56494
0.28367 0.037397 0.56542
0.24252 0.037345 0.5803
0.23472 0.037409 0.58851
0.27563 0.037585 0.58012
0.26937 0.037723 0.58357
0.23834 0.037537 0.59494
0.24062 0.037295 0.61281
0.26175 0.037736 0.59945
0.23853 0.037045 0.63139
0.24796 0.037027 0.63347
0.26018 0.037385 0.6087
0.24385 0.037024 0.6541
0.22984 0.03698 0.67998
0.25516 0.037045 0.65199
0.24633 0.036985 0.67806
0.22528 0.036975 0.695
0.22128 0.036961 0.71591
0.24346 0.036981 0.69413
0.24359 0.036966 0.70619
0.22041 0.036944 0.75063
0.23973 0.03695 0.73534
0.21684 0.036942 0.77473
0.22294 0.036937 0.78712
0.23715 0.036944 0.76244
0.21368 0.036939 0.83164
0.23871 0.03693 0.81135
0.23414 0.036931 0.82852
0.21307 0.036943 0.84792
0.2161 0.036937 0.86308
0.23204 0.036932 0.83619
0.23155 0.03693 0.86115
0.21472 0.03694 0.88222
0.21442 0.037198 0.90367
0.22677 0.036935 0.8835
0.22836 0.036943 0.90675
0.20831 0.03833 0.93621
0.22318 0.037184 0.92877
0.19377 0.040049 0.94564
0.19795 0.033333 0.96337
0.20908 0.038864 0.95101
0.20794 0.033335 0.96045
0.24079 0.037255 0.035114
0.24454 0.037257 0.063484
0.25827 0.037256 0.043151
0.2666 0.037257 0.057859
0.24633 0.037257 0.070084
0.24268 0.03726 0.087921
0.26272 0.037257 0.078794
0.26618 0.037261 0.088931
0.25288 0.037268 0.12444
0.26272 0.037263 0.10577
0.25843 0.037272 0.13171
0.24275 0.037272 0.15106
0.26207 0.037276 0.14564
0.26814 0.03729 0.16346
0.2438 0.03728 0.18466
0.25411 0.037301 0.20104
0.26128 0.037294 0.18514
0.26727 0.037311 0.19544
0.24795 0.037301 0.2219
0.24397 0.037318 0.2409
0.26404 0.037325 0.21648
0.24473 0.037334 0.25655
0.25006 0.037343 0.26324
0.24445 0.037348 0.29828
0.23625 0.038059 0.32417
0.25566 0.038044 0.30662
0.2474 0.038173 0.32827
0.24524 0.038107 0.34093
0.23692 0.03749 0.37114
0.24869 0.037729 0.35622
0.2606 0.037515 0.37218
0.24281 0.03742 0.38343
0.25491 0.037413 0.38688
0.25019 0.037417 0.40348
0.23453 0.037413 0.42667
0.24458 0.037504 0.44179
0.25229 0.037469 0.41755
0.24435 0.037467 0.45961
0.25277 0.037426 0.48375
0.26121 0.037492 0.46794
0.26978 0.037534 0.49032
0.2616 0.037444 0.51083
0.27397 0.037494 0.50877
0.29014 0.037637 0.52727
0.28543 0.038012 0.54003
0.32382 0.037577 0.55217
0.31997 0.037632 0.55759
0.30355 0.03772 0.56746
0.29726 0.037912 0.58119
0.30342 0.03784 0.58225
0.28566 0.037811 0.59049
0.27448 0.037424 0.60351
0.29299 0.037552 0.59132
0.29491 0.037214 0.60053
0.26986 0.037094 0.61884
0.27827 0.037053 0.62934
0.29024 0.037084 0.61968
0.29028 0.037077 0.63396
0.27463 0.03703 0.65538
0.29172 0.03705 0.65934
0.26572 0.036968 0.69803
0.27905 0.037012 0.6837
0.27768 0.036971 0.70703
0.2609 0.036955 0.72475
0.25521 0.036939 0.74509
0.27543 0.036957 0.72854
0.28211 0.036938 0.74651
0.24945 0.036939 0.76821
0.25657 0.036927 0.78159
0.27597 0.036938 0.758
0.25495 0.036927 0.79954
0.27321 0.036922 0.79923
0.26419 0.036917 0.82259
0.25225 0.036921 0.84222
0.24598 0.036923 0.86111
0.24256 0.036928 0.88332
0.24004 0.036925 0.89503
0.26445 0.036921 0.87876
0.24632 0.036967 0.9232
0.23084 0.037782 0.94209
0.25417 0.036917 0.91124
0.25951 0.037502 0.94043
0.23385 0.033333 0.96316
0.25285 0.037567 0.94512
0.28298 0.037257 0.058282
0.30341 0.037257 0.063502
0.2851 0.037256 0.083332
0.27851 0.037263 0.099252
0.30214 0.037257 0.077892
0.27979 0.037267 0.11521
0.29933 0.037267 0.11028
0.29474 0.037278 0.13048
0.28077 0.037277 0.14411
0.27836 0.037295 0.16633
0.30246 0.037283 0.14644
0.30409 0.037309 0.16788
0.27507 0.037298 0.17995
0.28049 0.037314 0.19399
0.29604 0.03734 0.20509
0.28466 0.037365 0.22957
0.2985 0.037346 0.21055
0.29653 0.037404 0.23821
0.27044 0.037754 0.28242
0.29551 0.037425 0.25517
0.28576 0.037766 0.27818
0.27667 0.038156 0.28922
0.25555 0.038111 0.32328
0.25713 0.037919 0.33051
0.27884 0.037775 0.3201
0.26028 0.037656 0.34732
0.27241 0.037565 0.36961
0.27472 0.037554 0.34823
0.28161 0.037589 0.36229
0.27195 0.037577 0.37621
0.27252 0.037491 0.39748
0.28857 0.037642 0.38544
0.26517 0.037424 0.42307
0.26203 0.037451 0.4451
0.27699 0.037422 0.42626
0.27137 0.037441 0.45342
0.28186 0.0376 0.497
0.27648 0.0375 0.46697
0.30297 0.037487 0.49707
0.2882 0.037509 0.51398
0.30829 0.037547 0.5334
0.3258 0.037571 0.53296
0.33413 0.037423 0.54897
0.43267 0.037653 0.55449
0.42209 0.037343 0.56495
0.35013 0.037965 0.56881
0.40504 0.037322 0.57085
0.41609 0.037428 0.57654
0.35305 0.037878 0.57104
0.32667 0.037405 0.57951
0.38055 0.037431 0.57712
0.37508 0.037167 0.58029
0.33473 0.037154 0.58445
0.32024 0.03709 0.59816
0.35032 0.037341 0.59201
0.31453 0.037065 0.61497
0.30898 0.037074 0.63077
0.33109 0.037354 0.61206
0.32796 0.037335 0.6309
0.30644 0.03708 0.63998
0.30753 0.037141 0.66125
0.32923 0.037576 0.64423
0.31604 0.037407 0.66671
0.29737 0.037002 0.68719
0.29986 0.03698 0.69678
0.31673 0.036992 0.69765
0.29998 0.036938 0.72855
0.2939 0.036932 0.74861
0.31572 0.036982 0.71738
0.28663 0.036937 0.75848
0.29237 0.036915 0.7784
0.31246 0.036933 0.7601
0.30577 0.036917 0.78131
0.30516 0.036913 0.80132
0.29598 0.036907 0.82036
0.2865 0.036905 0.84168
0.30567 0.036902 0.83666
0.29596 0.0369 0.85503
0.27693 0.036909 0.88212
0.28542 0.036904 0.89518
0.29885 0.0369 0.87876
0.28996 0.036903 0.89577
0.29963 0.036901 0.91267
0.29508 0.037426 0.9318
0.27685 0.03804 0.9508
0.27923 0.033341 0.95777
0.29683 0.037739 0.94069
0.28442 0.033333 0.96147
0.30932 0.037255 0.046521
0.31288 0.037257 0.060945
0.33547 0.037252 0.045426
0.3368 0.037256 0.061009
0.31171 0.037257 0.083997
0.31586 0.037263 0.092203
0.3319 0.037257 0.074016
0.32849 0.037266 0.099654
0.31444 0.037268 0.11465
0.31248 0.037282 0.13365
0.33705 0.03727 0.10996
0.32781 0.037286 0.13149
0.31126 0.037289 0.15287
0.31439 0.037314 0.16495
0.33132 0.037293 0.15166
0.3321 0.037313 0.16151
0.31255 0.037325 0.18714
0.31518 0.037357 0.20286
0.33247 0.037331 0.18078
0.31598 0.037431 0.23469
0.3362 0.037407 0.21813
0.33479 0.037431 0.22666
0.30448 0.037444 0.25785
0.30717 0.037518 0.26807
0.31809 0.037528 0.26979
0.29677 0.037751 0.28072
0.28161 0.038229 0.29845
0.31281 0.037562 0.27627
0.31597 0.037637 0.28662
0.2833 0.037934 0.3074
0.2838 0.037829 0.31457
0.3055 0.03772 0.30357
0.30465 0.037781 0.3101
0.292 0.037848 0.32557
0.29192 0.037731 0.36278
0.30078 0.037947 0.33264
0.30628 0.03779 0.35558
0.2976 0.037794 0.37003
0.29563 0.037757 0.40045
0.3097 0.037678 0.37987
0.31855 0.037539 0.39276
0.28671 0.037598 0.42324
0.28644 0.037854 0.44065
0.30158 0.038156 0.41697
0.28872 0.038221 0.45158
0.30013 0.037675 0.48318
0.31468 0.037588 0.50705
0.31825 0.037794 0.4957
0.34925 0.037805 0.52131
0.34143 0.037201 0.53387
0.35533 0.03727 0.53076
0.36162 0.037125 0.54331
0.3829 0.037135 0.5542
0.43121 0.037202 0.54511
0.39839 0.036955 0.55134
0.43539 0.036499 0.56256
0.40173 0.037702 0.61278
0.40191 0.037098 0.59484
0.43592 0.042766 0.35674
0.37442 0.037245 0.59267
0.35495 0.037745 0.59725
0.36801 0.037682 0.60435
0.34909 0.037922 0.61911
0.34613 0.037587 0.64008
0.34113 0.037615 0.66551
0.34372 0.037124 0.68283
0.3404 0.036994 0.69753
0.3278 0.03699 0.71155
0.33235 0.036949 0.73415
0.34431 0.036984 0.71711
0.34135 0.036949 0.73884
0.32999 0.036927 0.75782
0.3203 0.03691 0.77472
0.33664 0.036916 0.76215
0.33453 0.036908 0.78157
0.31691 0.036915 0.79059
0.33291 0.036891 0.81408
0.31498 0.036898 0.83259
0.3198 0.036889 0.85274
0.30994 0.036892 0.88062
0.31718 0.036886 0.88904
0.33123 0.036889 0.8665
0.32721 0.036881 0.89578
0.30731 0.036901 0.91559
0.31581 0.03709 0.93242
0.33624 0.036875 0.90583
0.32515 0.03696 0.92491
0.30436 0.037729 0.94824
0.32628 0.037183 0.94465
0.3467 0.037252 0.041497
0.34592 0.037255 0.058235
0.36999 0.037252 0.041741
0.35959 0.037256 0.053588
0.34676 0.037257 0.077882
0.34664 0.037265 0.091564
0.36198 0.037261 0.089974
0.34945 0.037272 0.11181
0.3447 0.037289 0.1303
0.36518 0.037289 0.12986
0.34802 0.037296 0.14791
0.3522 0.037319 0.16084
0.36495 0.037299 0.14998
0.37184 0.037316 0.15872
0.35247 0.037339 0.17916
0.35223 0.037354 0.19043
0.35989 0.03734 0.17468
0.36479 0.037366 0.19004
0.34421 0.037402 0.21074
0.3423 0.037465 0.23138
0.3605 0.037421 0.20937
0.34931 0.037518 0.24425
0.34296 0.037636 0.26825
0.35922 0.037542 0.24635
0.3651 0.037682 0.26152
0.34752 0.037756 0.28322
0.34312 0.037767 0.29125
0.36441 0.037889 0.27875
0.35695 0.037806 0.28684
0.33067 0.037871 0.29916
0.32404 0.037724 0.31407
0.35854 0.03793 0.29752
0.3424 0.037558 0.31063
0.32758 0.037484 0.31757
0.30842 0.037683 0.34541
0.3304 0.037052 0.32291
0.33451 0.035542 0.34488
0.3354 0.03722 0.39688
0.31249 0.038739 0.41653
0.29263 0.038809 0.45332
0.32438 0.03854 0.41691
0.33535 0.038483 0.5076
0.32509 0.039294 0.49464
0.36969 0.037218 0.52154
0.38899 0.036563 0.54223
0.34238 0.036531 0.49349
0.40201 0.036662 0.54418
0.39941 0.036552 0.53903
0.43298 0.037281 0.59462
0.405 0.035128 0.47601
0.42175 0.038991 0.61617
0.41095 0.046973 0.36102
0.37636 0.044429 0.3613
0.43564 0.040584 0.3596
0.38567 0.034705 0.40962
0.36619 0.037623 0.60801
0.40008 0.034611 0.40048
0.39148 0.037044 0.62283
0.36068 0.037525 0.62418
0.35203 0.037502 0.63955
0.37846 0.037209 0.6271
0.37119 0.037278 0.63916
0.34863 0.0375 0.66217
0.37557 0.037221 0.65008
0.38078 0.03721 0.66882
0.34757 0.037217 0.67568
0.35897 0.037013 0.68879
0.37757 0.037116 0.67838
0.36917 0.037031 0.6994
0.35906 0.037017 0.70737
0.35953 0.036959 0.73925
0.37219 0.037003 0.71239
0.37412 0.036972 0.73148
0.37102 0.036941 0.75229
0.36969 0.03691 0.77921
0.35964 0.036902 0.79582
0.34798 0.036891 0.80592
0.3679 0.036888 0.80829
0.35664 0.036884 0.8306
0.35321 0.036875 0.85117
0.37406 0.036884 0.82193
0.37142 0.036868 0.85067
0.34609 0.036887 0.8735
0.34852 0.036873 0.88966
0.36199 0.036869 0.8827
0.35256 0.036867 0.90957
0.34491 0.037116 0.92959
0.36032 0.036876 0.91291
0.35987 0.037125 0.9262
0.35091 0.037394 0.94068
0.34182 0.033334 0.95908
0.3664 0.03749 0.94037
0.35733 0.033333 0.96294
0.37656 0.037252 0.035347
0.38584 0.037256 0.059122
0.39424 0.03725 0.041932
0.39524 0.037259 0.07574
0.4025 0.037268 0.10191
0.3799 0.037267 0.11274
0.39232 0.03729 0.12613
0.40571 0.037264 0.11835
0.4006 0.037284 0.12628
0.38069 0.037301 0.15267
0.38139 0.037341 0.16622
0.40699 0.037303 0.14697
0.38754 0.037354 0.1765
0.38179 0.037375 0.18915
0.40219 0.03744 0.20136
0.38249 0.037453 0.20844
0.38513 0.0375 0.2252
0.39754 0.037476 0.21467
0.39696 0.037509 0.22449
0.37866 0.03761 0.24915
0.37567 0.03771 0.26025
0.40379 0.037643 0.24321
0.4009 0.037807 0.26332
0.37577 0.037919 0.27398
0.38543 0.038034 0.28913
0.40546 0.038068 0.27602
0.40081 0.038157 0.28717
0.38579 0.038646 0.30456
0.40821 0.038736 0.29678
0.39874 0.039109 0.30457
0.36794 0.03753 0.31315
0.4015 0.036847 0.32852
0.34695 0.035105 0.34395
0.43596 0.03903 0.34414
0.33332 0.039036 0.41932
0.34212 0.0367 0.37966
0.31893 0.040639 0.44266
0.33102 0.041295 0.49058
0.33179 0.042686 0.4464
0.30269 0.041473 0.46462
0.34559 0.040601 0.40575
0.36073 0.036019 0.37157
0.33953 0.035806 0.43949
0.39626 0.0369 0.52099
0.42113 0.038991 0.61424
0.38969 0.037069 0.51387
0.43156 0.038941 0.60782
0.35074 0.047946 0.37466
0.34928 0.045078 0.34316
0.42385 0.051801 0.37939
0.43046 0.037427 0.36776
0.44415 0.051351 0.37019
0.44281 0.036581 0.60296
0.403 0.03716 0.6281
0.39541 0.03726 0.62869
0.42457 0.037451 0.6345
0.45062 0.037849 0.6304
0.3935 0.037426 0.63527
0.3933 0.037374 0.64602
0.36667 0.036507 0.47045
0.45147 0.03741 0.5855
0.39245 0.037347 0.65347
0.44265 0.03776 0.6457
0.4218 0.037332 0.66081
0.40266 0.037134 0.69385
0.4242 0.037275 0.67247
0.41202 0.037178 0.69397
0.39644 0.036987 0.7167
0.38702 0.036977 0.72415
0.40487 0.037017 0.71261
0.39581 0.036946 0.75099
0.3916 0.036912 0.77392
0.40255 0.036969 0.74415
0.39015 0.036903 0.78625
0.38222 0.03688 0.81334
0.38462 0.036882 0.82261
0.382 0.036862 0.84387
0.39857 0.036881 0.82209
0.39817 0.036855 0.85248
0.38316 0.036871 0.86755
0.37783 0.036862 0.89118
0.39929 0.036851 0.89454
0.38115 0.036864 0.90839
0.38732 0.037281 0.93051
0.39455 0.036858 0.90722
0.40074 0.037224 0.93267
0.38403 0.037646 0.94332
0.37776 0.033373 0.95494
0.3968 0.037535 0.94369
0.40249 0.033355 0.95541
0.41801 0.037252 0.037055
0.42331 0.037253 0.042368
0.42284 0.037263 0.067974
0.40856 0.037269 0.088002
0.42654 0.037263 0.078306
0.43972 0.037462 0.10101
0.42755 0.037244 0.11601
0.41895 0.037264 0.12878
0.43424 0.037402 0.1116
0.44 0.0375 0.12452
0.42799 0.037308 0.14927
0.4178 0.037353 0.16665
0.44277 0.037348 0.14913
0.41925 0.037359 0.176
0.41661 0.037437 0.19909
0.42873 0.037364 0.1816
0.43047 0.037389 0.18944
0.42083 0.037619 0.23642
0.43239 0.037488 0.21606
0.43718 0.037503 0.22408
0.40746 0.037669 0.2486
0.42319 0.037875 0.26578
0.43737 0.037656 0.24441
0.42607 0.038175 0.27862
0.42383 0.038341 0.28368
0.44307 0.038259 0.30317
0.41856 0.039532 0.30434
0.40806 0.039337 0.30939
0.43272 0.038509 0.30494
0.41368 0.039556 0.31459
0.40841 0.038959 0.31777
0.4151 0.039308 0.32747
0.51032 0.038866 0.37807
0.4849 0.037842 0.35199
0.54065 0.0455 0.39144
0.5901 0.036268 0.3552
0.38816 0.035535 0.34373
0.32104 0.041767 0.44715
0.54062 0.042099 0.40109
0.42959 0.03772 0.34833
0.30297 0.042695 0.45122
0.3256 0.044306 0.46983
0.33669 0.039602 0.41894
0.52434 0.058717 0.39069
0.34408 0.035638 0.42908
0.36972 0.037077 0.36033
0.34048 0.035123 0.45734
0.37596 0.036841 0.50466
0.44034 0.038123 0.56257
0.40099 0.036046 0.51635
0.41844 0.037366 0.51174
0.41489 0.049848 0.38033
0.44857 0.043095 0.364
0.44526 0.036581 0.59195
0.5911 0.039651 0.32473
0.42279 0.035182 0.46633
0.47028 0.04049 0.37119
0.58105 0.042312 0.32084
0.39952 0.037107 0.41186
0.45384 0.037841 0.60941
0.36458 0.037154 0.4658
0.478 0.037787 0.61532
0.45376 0.037704 0.64658
0.44927 0.037604 0.65479
0.48213 0.037794 0.63281
0.47456 0.037657 0.65107
0.44095 0.037381 0.67298
0.43057 0.037289 0.68661
0.45194 0.037354 0.68022
0.42378 0.037039 0.72227
0.4447 0.037122 0.70431
0.43603 0.037059 0.72423
0.42439 0.036971 0.74579
0.41439 0.03692 0.7703
0.44094 0.036971 0.74531
0.44159 0.036935 0.76414
0.42467 0.036896 0.79197
0.44123 0.036911 0.78051
0.4285 0.036888 0.80229
0.41465 0.036878 0.8218
0.43186 0.036837 0.84851
0.42005 0.036854 0.87198
0.41529 0.036835 0.89315
0.43494 0.036842 0.87216
0.42955 0.036832 0.88278
0.41698 0.036821 0.90498
0.41453 0.037054 0.93124
0.43529 0.03692 0.92832
0.40811 0.037365 0.94587
0.42565 0.037032 0.93882
0.43579 0.033333 0.96134
0.44039 0.037264 0.042446
0.4444 0.037266 0.064687
0.45879 0.037268 0.04639
0.43752 0.03726 0.076037
0.44613 0.037511 0.098499
0.46459 0.037257 0.084581
0.46901 0.037741 0.10205
0.45726 0.038109 0.1142
0.47542 0.037891 0.10829
0.46181 0.037926 0.12302
0.45101 0.037352 0.14632
0.46734 0.037929 0.12625
0.46524 0.037332 0.15277
0.45189 0.037328 0.16644
0.44742 0.037429 0.19567
0.45995 0.037347 0.17935
0.46004 0.03745 0.20077
0.45092 0.037498 0.21352
0.44654 0.037517 0.22667
0.45766 0.037575 0.23576
0.4449 0.037713 0.25023
0.44466 0.037895 0.26562
0.45594 0.037703 0.2502
0.44832 0.03811 0.27854
0.45113 0.038132 0.29778
0.46675 0.038103 0.28893
0.4747 0.038059 0.29728
0.44066 0.038 0.30775
0.44563 0.0369 0.31563
0.44227 0.035974 0.32356
0.55135 0.03802 0.39838
0.59214 0.042405 0.34361
0.4248 0.037768 0.31823
0.43446 0.03712 0.33772
0.54982 0.061083 0.40965
0.60365 0.037499 0.35756
0.49415 0.036454 0.35989
0.55759 0.065901 0.41049
0.44723 0.049694 0.39151
0.38407 0.034845 0.34762
0.30574 0.04151 0.46092
0.58419 0.037118 0.37969
0.54324 0.034977 0.40435
0.3341 0.041983 0.43632
0.3533 0.034406 0.39496
0.36904 0.033691 0.38282
0.41031 0.035541 0.50932
0.34803 0.040338 0.48358
0.40812 0.035037 0.50419
0.46352 0.040759 0.36606
0.3761 0.03472 0.48306
0.3532 0.03705 0.45421
0.43192 0.035182 0.5272
0.59312 0.037615 0.32656
0.62528 0.038085 0.41555
0.61727 0.035732 0.40867
0.44289 0.036855 0.37702
0.36106 0.037433 0.44696
0.4072 0.035846 0.45365
0.37421 0.035717 0.44497
0.47368 0.037935 0.60975
0.48124 0.037942 0.60531
0.43266 0.036132 0.47445
0.43663 0.038343 0.51816
0.4912 0.03789 0.6193
0.49483 0.037729 0.62353
0.49045 0.03782 0.59466
0.48166 0.037566 0.65579
0.47295 0.037338 0.6763
0.49688 0.037625 0.63629
0.48326 0.03734 0.67415
0.46906 0.037218 0.69011
0.45253 0.037082 0.72121
0.47724 0.037183 0.69392
0.46986 0.037093 0.71724
0.45329 0.036997 0.73993
0.45144 0.036936 0.76673
0.4652 0.036971 0.74234
0.47249 0.036934 0.7668
0.45134 0.036882 0.79638
0.46191 0.03688 0.78803
0.46129 0.036875 0.79981
0.45188 0.036871 0.81703
0.44475 0.036832 0.84763
0.46894 0.036863 0.81752
0.44689 0.036843 0.86014
0.4476 0.036816 0.88474
0.45959 0.036821 0.87278
0.46779 0.036816 0.89002
0.45539 0.036816 0.91236
0.45634 0.036885 0.92648
0.46928 0.036861 0.91475
0.46664 0.037122 0.93302
0.45472 0.036963 0.94771
0.47695 0.037889 0.94654
0.47231 0.033333 0.96359
0.52605 0.043033 0.39985
0.41837 0.038608 0.35451
0.41188 0.036266 0.37161
0.46873 0.040753 0.35732
0.48227 0.037259 0.047456
0.47839 0.037262 0.067865
0.49638 0.037254 0.039548
0.48858 0.037262 0.065575
0.47098 0.037259 0.084772
0.48029 0.037432 0.097324
0.49264 0.037261 0.076716
0.49668 0.037303 0.097654
0.49216 0.037527 0.11745
0.486 0.037782 0.12192
0.49539 0.037361 0.11147
0.49949 0.037358 0.13618
0.47884 0.037607 0.13661
0.49068 0.037335 0.16177
0.46713 0.037354 0.1767
0.47591 0.037412 0.19431
0.48407 0.037378 0.17789
0.47967 0.037501 0.21236
0.47649 0.037558 0.23004
0.49073 0.03749 0.2101
0.49054 0.037536 0.22712
0.47333 0.037765 0.25561
0.48034 0.037839 0.26182
0.48629 0.037681 0.24523
0.49417 0.037768 0.25784
0.47593 0.038112 0.28423
0.49157 0.038184 0.28425
0.50393 0.037926 0.28022
0.51031 0.038119 0.29595
0.49483 0.037622 0.30736
0.50131 0.036971 0.31819
0.52073 0.037876 0.34003
0.48553 0.035331 0.32447
0.49488 0.035527 0.32593
0.53357 0.038269 0.31911
0.56236 0.038998 0.30205
0.47805 0.034713 0.33336
0.49538 0.035192 0.33152
0.5547 0.038928 0.3122
0.55229 0.037359 0.39368
0.54225 0.037614 0.31533
0.54168 0.03705 0.31989
0.50766 0.047647 0.40018
0.55864 0.036103 0.40396
0.488 0.033884 0.34347
0.49792 0.033552 0.35184
0.49534 0.033591 0.38089
0.49566 0.033359 0.39118
0.43182 0.033463 0.35368
0.3869 0.033611 0.4719
0.61446 0.033527 0.33302
0.47362 0.03417 0.38276
0.46324 0.034852 0.51953
0.46018 0.035815 0.54486
0.36818 0.03567 0.44227
0.62307 0.034208 0.47373
0.44979 0.037951 0.52809
0.45847 0.03732 0.55767
0.61883 0.033592 0.45603
0.45654 0.042379 0.52394
0.44747 0.039746 0.52301
0.46733 0.038193 0.5684
0.45748 0.041894 0.52542
0.43594 0.038014 0.51232
0.47686 0.038272 0.56067
0.47259 0.038151 0.58522
0.50478 0.037822 0.61176
0.49347 0.037909 0.58651
0.5129 0.037886 0.60732
0.50024 0.037501 0.65911
0.51416 0.037715 0.62827
0.5078 0.037403 0.66663
0.49032 0.037264 0.69093
0.48857 0.037157 0.70998
0.50335 0.03725 0.69279
0.50284 0.037136 0.70974
0.48851 0.037041 0.72889
0.47877 0.036945 0.75817
0.49688 0.036927 0.76674
0.48438 0.036863 0.80476
0.49835 0.036887 0.78157
0.49594 0.03686 0.80868
0.48229 0.036846 0.82362
0.48441 0.03682 0.84486
0.49082 0.036817 0.84164
0.48201 0.036817 0.86493
0.48001 0.036803 0.87932
0.49902 0.036795 0.87292
0.48057 0.037473 0.93255
0.49751 0.03688 0.91043
0.49603 0.038048 0.93729
0.48861 0.038738 0.94856
0.48867 0.033449 0.95516
0.49798 0.03864 0.94409
0.49054 0.040591 0.37711
0.61675 0.035566 0.35006
0.62189 0.033787 0.34939
0.5453 0.034355 0.33443
0.58018 0.038103 0.34275
0.55711 0.03561 0.38464
0.40392 0.035723 0.3511
0.44348 0.035336 0.35233
0.51986 0.03503 0.38629
0.51752 0.039276 0.3992
0.5001 0.037899 0.39581
0.50757 0.034857 0.39448
0.54887 0.034255 0.3844
0.49696 0.034023 0.39459
0.56443 0.033805 0.3316
0.41061 0.037623 0.36793
0.6068 0.047057 0.38084
0.5654 0.033509 0.48548
0.54257 0.036443 0.34442
0.54144 0.034554 0.3585
0.54932 0.044272 0.33982
0.52923 0.066288 0.41766
0.57682 0.036052 0.37076
0.4946 0.040156 0.37465
0.5037 0.037104 0.3821
0.5419 0.050292 0.40841
0.48438 0.036453 0.36108
0.42796 0.056499 0.37729
0.49363 0.036798 0.3698
0.51104 0.043297 0.40309
0.61358 0.035245 0.34925
0.48285 0.048511 0.3726
0.55606 0.040447 0.32556
0.61032 0.035111 0.34172
0.56511 0.036302 0.33692
0.62145 0.034318 0.35275
0.58753 0.033867 0.48915
0.55677 0.0338 0.33688
0.57002 0.035114 0.33725
0.56172 0.062446 0.40997
0.57988 0.034036 0.48786
0.48619 0.036821 0.36327
0.575 0.033822 0.3168
0.50793 0.037251 0.046599
0.52605 0.037247 0.048775
0.52525 0.037256 0.059407
0.50774 0.037265 0.075079
0.51041 0.037289 0.093179
0.53067 0.037259 0.071008
0.52639 0.037282 0.093945
0.51074 0.037315 0.11502
0.51739 0.037322 0.12891
0.53198 0.03729 0.1183
0.52718 0.037303 0.12692
0.51591 0.037322 0.15209
0.51246 0.037331 0.16309
0.52035 0.037318 0.15077
0.51997 0.037376 0.17426
0.5089 0.037386 0.17943
0.51513 0.037401 0.19416
0.52954 0.037391 0.19056
0.51955 0.037405 0.19501
0.51805 0.037501 0.21788
0.50347 0.037511 0.22444
0.53302 0.037484 0.21486
0.53358 0.037523 0.22786
0.51115 0.037708 0.24631
0.51314 0.037824 0.25912
0.52442 0.038016 0.24903
0.52447 0.038201 0.25831
0.5156 0.037885 0.29123
0.53213 0.038274 0.26531
0.52944 0.038068 0.27213
0.51809 0.038027 0.30865
0.53452 0.0382 0.29654
0.56085 0.038217 0.28476
0.60238 0.037697 0.30572
0.52537 0.038331 0.31893
0.6413 0.036047 0.36486
0.64853 0.036283 0.43535
0.57935 0.039342 0.30187
0.63964 0.036736 0.34797
0.55783 0.038195 0.50214
0.56181 0.039207 0.2969
0.56349 0.038961 0.2961
0.629 0.039329 0.48578
0.64542 0.035757 0.4467
0.63699 0.034387 0.40027
0.61803 0.03664 0.48974
0.56952 0.03615 0.37523
0.56016 0.033448 0.34414
0.54201 0.033566 0.49853
0.53454 0.033367 0.46254
0.54381 0.033485 0.36661
0.46065 0.033681 0.52052
0.53682 0.033341 0.41772
0.44187 0.033876 0.48759
0.4702 0.038064 0.54168
0.45409 0.048788 0.50572
0.45052 0.044229 0.48841
0.45319 0.042814 0.49505
0.47511 0.039926 0.54333
0.45575 0.041548 0.50141
0.45553 0.040858 0.49305
0.48092 0.038415 0.54959
0.49532 0.037688 0.56413
0.46373 0.038045 0.50016
0.48164 0.036387 0.5299
0.50842 0.038445 0.58339
0.5158 0.038142 0.59926
0.5167 0.038594 0.58344
0.53767 0.037628 0.60586
0.51773 0.0375 0.64639
0.51671 0.037338 0.66905
0.52351 0.037309 0.66991
0.51303 0.037222 0.68861
0.51262 0.037138 0.70531
0.52701 0.037237 0.67916
0.52085 0.037117 0.70709
0.51673 0.03702 0.72804
0.50846 0.036932 0.7584
0.52652 0.03694 0.74277
0.53043 0.036915 0.76014
0.50934 0.036878 0.7828
0.51406 0.036856 0.79529
0.52435 0.036855 0.78882
0.525 0.036849 0.80112
0.51351 0.036804 0.83932
0.53278 0.036793 0.84895
0.51268 0.036799 0.87022
0.51819 0.036789 0.88972
0.53222 0.036795 0.87015
0.53335 0.036791 0.89395
0.50732 0.036964 0.91898
0.52396 0.036839 0.91597
0.51308 0.033481 0.95543
0.53202 0.039624 0.9507
0.5303 0.033334 0.96037
0.53937 0.03469 0.36656
0.53991 0.033563 0.4775
0.5603 0.035623 0.34993
0.55412 0.034101 0.35659
0.5255 0.037133 0.48826
0.49301 0.037754 0.38437
0.63884 0.034826 0.43293
0.55765 0.035575 0.35515
0.56786 0.034526 0.42764
0.57049 0.033496 0.46095
0.57499 0.033462 0.48332
0.53377 0.033769 0.41261
0.40335 0.035056 0.41815
0.57604 0.033437 0.41565
0.44418 0.040283 0.51233
0.55807 0.041962 0.56637
0.58763 0.036883 0.39531
0.38254 0.033578 0.44846
0.5666 0.036384 0.38096
0.56534 0.037477 0.34248
0.54662 0.035097 0.35223
0.58479 0.034387 0.3833
0.60755 0.035802 0.34748
0.55643 0.035541 0.34682
0.54485 0.034468 0.45125
0.53805 0.03379 0.36913
0.57946 0.033465 0.46319
0.60122 0.033868 0.38138
0.54307 0.03392 0.49453
0.60811 0.033435 0.40126
0.45892 0.036025 0.42779
0.53018 0.036109 0.41394
0.56379 0.034654 0.44773
0.57557 0.035676 0.39286
0.57198 0.034832 0.33903
0.56808 0.033965 0.45392
0.54156 0.037251 0.056667
0.56316 0.037239 0.037068
0.55919 0.037247 0.066855
0.5449 0.037272 0.099723
0.55538 0.037249 0.07605
0.55658 0.037263 0.095516
0.54595 0.037281 0.11896
0.54903 0.037316 0.13757
0.55481 0.037273 0.11799
0.55398 0.037312 0.13755
0.5446 0.037311 0.14906
0.56345 0.037302 0.1501
0.55631 0.037322 0.16287
0.54672 0.037384 0.18754
0.56531 0.037371 0.18586
0.55101 0.037483 0.22
0.54089 0.037719 0.23562
0.56741 0.037463 0.21851
0.56028 0.037857 0.24105
0.54347 0.038437 0.24633
0.55369 0.038263 0.24509
0.55797 0.038414 0.26057
0.54533 0.038547 0.26297
0.56069 0.038178 0.27146
0.57648 0.038151 0.28007
0.61872 0.037134 0.31689
0.62605 0.037487 0.30915
0.6402 0.037149 0.33426
0.64407 0.036466 0.38824
0.65407 0.037233 0.43754
0.65432 0.037146 0.41421
0.66351 0.037846 0.44712
0.64925 0.037301 0.46446
0.63169 0.039492 0.4865
0.65038 0.038218 0.48057
0.54171 0.040496 0.51092
0.53281 0.043986 0.37139
0.52838 0.043822 0.37198
0.57355 0.037207 0.36539
0.56475 0.038616 0.52495
0.52121 0.034664 0.4672
0.54431 0.033928 0.43374
0.55812 0.033552 0.56017
0.57124 0.034532 0.54873
0.48246 0.060441 0.48826
0.48238 0.037919 0.44424
0.45946 0.064549 0.52052
0.50245 0.037 0.41279
0.48779 0.046008 0.44385
0.45783 0.064564 0.52136
0.47399 0.038879 0.44158
0.4527 0.058048 0.51565
0.44901 0.041008 0.47791
0.45532 0.040167 0.4715
0.44616 0.037384 0.46053
0.46078 0.038838 0.4743
0.49829 0.036931 0.55238
0.45843 0.039441 0.45002
0.52177 0.038515 0.58146
0.54746 0.037339 0.61827
0.54371 0.038847 0.59255
0.55138 0.037333 0.61926
0.53603 0.037386 0.64427
0.53595 0.037263 0.67161
0.55031 0.037383 0.63369
0.53563 0.037165 0.68723
0.54595 0.037086 0.70022
0.5551 0.037003 0.72146
0.53562 0.03698 0.73104
0.54005 0.036903 0.76283
0.55776 0.036891 0.74733
0.55916 0.036878 0.76963
0.54524 0.036866 0.77813
0.54162 0.036832 0.80996
0.55141 0.036854 0.78156
0.55308 0.036825 0.80579
0.53947 0.036796 0.83428
0.55179 0.036796 0.83295
0.55867 0.036785 0.85304
0.54217 0.036775 0.88493
0.55562 0.036773 0.87777
0.56261 0.036781 0.88771
0.54687 0.036829 0.91479
0.53945 0.038413 0.94004
0.55746 0.036896 0.91874
0.55548 0.038453 0.94009
0.54601 0.039471 0.95086
0.54947 0.033333 0.96203
0.56347 0.039703 0.94816
0.55536 0.033374 0.95715
0.51253 0.033755 0.42541
0.4887 0.034592 0.47848
0.57554 0.037235 0.046412
0.58573 0.037232 0.041475
0.59359 0.037236 0.066202
0.57216 0.03726 0.10298
0.58798 0.037239 0.077912
0.59422 0.037251 0.10176
0.57153 0.037268 0.12095
0.57568 0.037295 0.13778
0.59302 0.037254 0.11392
0.58595 0.037274 0.12748
0.58103 0.037298 0.15744
0.59718 0.037283 0.14885
0.59179 0.037326 0.16887
0.57871 0.037365 0.19031
0.57246 0.037406 0.20082
0.58694 0.037364 0.19319
0.59641 0.037378 0.20074
0.57407 0.03755 0.23834
0.59229 0.037445 0.23045
0.57373 0.03792 0.25571
0.56773 0.038078 0.26508
0.60183 0.037521 0.25184
0.59208 0.037792 0.27032
0.58026 0.037882 0.27315
0.60437 0.038109 0.27774
0.62007 0.038385 0.28403
0.62921 0.037584 0.30866
0.6434 0.03762 0.32944
0.63653 0.038085 0.30114
0.64639 0.037598 0.33121
0.65686 0.037598 0.4066
0.65875 0.037257 0.47765
0.56844 0.03749 0.51022
0.54593 0.039494 0.51294
0.53047 0.038433 0.47493
0.53782 0.040618 0.52423
0.53372 0.040627 0.52527
0.6189 0.038841 0.51922
0.62104 0.039086 0.51414
0.59591 0.038429 0.52422
0.5273 0.038465 0.45663
0.50901 0.039277 0.48762
0.52676 0.037492 0.45093
0.52689 0.04033 0.53954
0.55801 0.038644 0.42411
0.50264 0.039791 0.51075
0.56104 0.039624 0.42576
0.55495 0.035757 0.55721
0.5601 0.051577 0.56898
0.512 0.036929 0.53844
0.55198 0.062267 0.56765
0.48671 0.053143 0.50698
0.48433 0.042673 0.44873
0.5238 0.065788 0.55585
0.46676 0.040257 0.40513
0.4762 0.036413 0.4783
0.48438 0.043622 0.45166
0.52838 0.0409 0.57112
0.44395 0.037182 0.49641
0.44596 0.038748 0.50365
0.5059 0.036454 0.549
0.45543 0.038347 0.44245
0.54703 0.039906 0.58983
0.53084 0.039831 0.57583
0.55448 0.039725 0.59051
0.56825 0.03849 0.60443
0.57328 0.038648 0.60501
0.57352 0.038014 0.62493
0.55865 0.037211 0.66847
0.57347 0.037196 0.66862
0.56055 0.037134 0.68624
0.57981 0.036997 0.70328
0.57841 0.036954 0.72608
0.56433 0.036873 0.7576
0.58441 0.03685 0.77183
0.57269 0.036853 0.77577
0.57238 0.036807 0.79828
0.5847 0.036803 0.79386
0.57448 0.036797 0.82978
0.59272 0.036787 0.83189
0.57105 0.036783 0.8651
0.59267 0.036791 0.89442
0.57055 0.036864 0.91546
0.58883 0.036835 0.91163
0.57183 0.038567 0.95186
0.57404 0.03346 0.95563
0.58437 0.039494 0.94731
0.58079 0.033333 0.96397
0.60887 0.037225 0.046568
0.61102 0.037229 0.065139
0.62885 0.037219 0.043564
0.63067 0.037222 0.055845
0.61418 0.037228 0.080034
0.6027 0.037245 0.093774
0.63042 0.037224 0.084668
0.62556 0.037235 0.091652
0.60989 0.037249 0.12039
0.60832 0.037274 0.13817
0.62113 0.037242 0.11259
0.62711 0.03726 0.13395
0.60259 0.037279 0.14352
0.61286 0.037322 0.1744
0.62681 0.037263 0.14509
0.62686 0.037282 0.16121
0.60592 0.037335 0.18805
0.6121 0.037361 0.20254
0.6247 0.037318 0.18104
0.61378 0.037393 0.22829
0.6108 0.037445 0.2436
0.62556 0.037411 0.23074
0.63368 0.037529 0.23851
0.60815 0.037673 0.26156
0.63677 0.03755 0.24913
0.63742 0.037727 0.25439
0.63126 0.038426 0.27187
0.64966 0.037842 0.33154
0.63904 0.038332 0.28828
0.65651 0.037431 0.36817
0.66454 0.037549 0.40489
0.67493 0.037462 0.44799
0.57466 0.038365 0.51539
0.61812 0.038824 0.51054
0.62092 0.037876 0.5012
0.63056 0.038368 0.50255
0.54065 0.04032 0.53079
0.53988 0.040088 0.53176
0.50738 0.038781 0.4752
0.5127 0.040013 0.52376
0.50316 0.038569 0.48658
0.50688 0.039157 0.51412
0.54716 0.037894 0.4281
0.53577 0.04258 0.54578
0.5235 0.036365 0.43004
0.49211 0.038799 0.50195
0.57456 0.040771 0.57003
0.49521 0.039329 0.51029
0.59764 0.035458 0.55124
0.54383 0.066508 0.56665
0.44082 0.035019 0.39966
0.54864 0.06143 0.56849
0.48367 0.05368 0.49965
0.53194 0.048242 0.41671
0.54955 0.044265 0.4157
0.56364 0.040148 0.58873
0.58466 0.038699 0.59504
0.569 0.038504 0.59453
0.57665 0.038315 0.60376
0.58838 0.03795 0.62595
0.58764 0.038145 0.63509
0.57753 0.037601 0.6474
0.58653 0.037112 0.67028
0.60686 0.036989 0.68176
0.59086 0.037014 0.69598
0.58657 0.036953 0.71319
0.60234 0.036936 0.70594
0.60292 0.036904 0.71602
0.59693 0.036846 0.74966
0.59957 0.036833 0.75783
0.61247 0.03683 0.75187
0.61646 0.036815 0.76135
0.59577 0.036827 0.7788
0.60125 0.03679 0.81571
0.62011 0.036801 0.78515
0.62687 0.036774 0.81419
0.60242 0.036793 0.82467
0.59883 0.036772 0.84292
0.62062 0.036777 0.83087
0.61918 0.036766 0.84798
0.60628 0.036779 0.86373
0.60107 0.036774 0.88912
0.61563 0.036776 0.87428
0.62589 0.036774 0.8867
0.60371 0.036788 0.9113
0.60215 0.037201 0.93209
0.61535 0.037002 0.93331
0.60167 0.037639 0.94846
0.61729 0.037244 0.94218
0.62655 0.033333 0.96478
0.63791 0.037215 0.048327
0.65258 0.037212 0.038859
0.65446 0.037215 0.066953
0.64474 0.037218 0.083767
0.63851 0.037233 0.1019
0.66212 0.037212 0.077461
0.66496 0.037217 0.090011
0.65405 0.037231 0.11664
0.64499 0.0373 0.1708
0.65606 0.037247 0.15075
0.65685 0.037289 0.16949
0.63969 0.037309 0.18074
0.63949 0.037347 0.20496
0.65505 0.0373 0.18618
0.65093 0.037313 0.19357
0.63849 0.037354 0.21243
0.64759 0.037738 0.22785
0.66038 0.037328 0.21086
0.66486 0.037758 0.22636
0.65612 0.038218 0.24138
0.6556 0.037989 0.2516
0.66414 0.038031 0.25418
0.64238 0.037905 0.2706
0.64531 0.037917 0.28492
0.6645 0.037426 0.2723
0.65589 0.037393 0.28106
0.65709 0.037588 0.32193
0.66262 0.037474 0.34503
0.65939 0.037428 0.37069
0.67633 0.037686 0.41322
0.66372 0.037461 0.3546
0.6786 0.037486 0.38097
0.65557 0.038048 0.49402
0.68048 0.037752 0.45593
0.58065 0.039042 0.52908
0.65921 0.038101 0.49783
0.6461 0.038473 0.51279
0.53443 0.03997 0.53659
0.64983 0.038321 0.52132
0.65921 0.038182 0.50608
0.49544 0.041277 0.50258
0.49973 0.04173 0.45969
0.50943 0.042647 0.52978
0.49371 0.040818 0.50254
0.49662 0.039817 0.51281
0.55463 0.038029 0.55222
0.53997 0.041248 0.55547
0.60499 0.036128 0.54505
0.56729 0.045364 0.57331
0.55054 0.053961 0.57428
0.48448 0.049035 0.49288
0.42387 0.035205 0.43401
0.4848 0.045664 0.47595
0.56873 0.041384 0.58694
0.48525 0.044628 0.46832
0.58889 0.038829 0.59236
0.60859 0.037241 0.61164
0.6273 0.037183 0.61381
0.60744 0.037256 0.64353
0.60882 0.037086 0.63185
0.61381 0.037069 0.64039
0.61391 0.03698 0.66137
0.61713 0.036934 0.68669
0.62825 0.03689 0.67691
0.64151 0.036869 0.69713
0.62268 0.036894 0.70285
0.61998 0.036866 0.72321
0.63787 0.036852 0.71498
0.63646 0.03683 0.72574
0.62241 0.036824 0.75156
0.63466 0.036787 0.76897
0.63946 0.036812 0.74933
0.64452 0.036775 0.77536
0.63767 0.036782 0.79026
0.63722 0.036769 0.81523
0.65544 0.036767 0.79666
0.66005 0.036758 0.81923
0.63956 0.036774 0.82431
0.64019 0.036765 0.84446
0.65031 0.036773 0.8309
0.65669 0.03677 0.85666
0.64484 0.036775 0.87757
0.64466 0.036786 0.88733
0.65154 0.036777 0.87929
0.65941 0.036791 0.8946
0.64051 0.036824 0.91125
0.63309 0.037584 0.93454
0.6587 0.036806 0.90607
0.65393 0.03733 0.92587
0.63204 0.038235 0.94651
0.63735 0.033364 0.95629
0.64994 0.038907 0.94598
0.65694 0.033343 0.95759
0.6798 0.037205 0.045944
0.68197 0.037205 0.053199
0.69867 0.037197 0.041158
0.68974 0.037202 0.061217
0.69731 0.0372 0.07496
0.6958 0.037206 0.096755
0.66929 0.03722 0.10801
0.66952 0.037234 0.13107
0.67291 0.037237 0.14938
0.67502 0.037266 0.16683
0.67831 0.037266 0.17902
0.69176 0.037248 0.18346
0.6784 0.037311 0.21564
0.67099 0.037619 0.22641
0.69453 0.037285 0.2236
0.68781 0.037375 0.23703
0.67775 0.038034 0.24694
0.68638 0.037467 0.25894
0.69158 0.037316 0.26756
0.67549 0.037336 0.29596
0.69338 0.037307 0.2933
0.68608 0.037292 0.29984
0.67461 0.037294 0.3384
0.69505 0.037236 0.32613
0.69494 0.037233 0.33245
0.68429 0.037195 0.35024
0.68324 0.037283 0.36347
0.69522 0.037285 0.35763
0.69572 0.03739 0.37177
0.68966 0.037523 0.39357
0.69066 0.03764 0.4167
0.7025 0.037492 0.39643
0.70335 0.037569 0.41045
0.69398 0.037883 0.44089
0.68484 0.037874 0.47356
0.70143 0.037745 0.43759
0.70433 0.037646 0.46132
0.66435 0.037701 0.51956
0.69454 0.037574 0.49262
0.53524 0.043986 0.55107
0.53622 0.044527 0.5531
0.66239 0.037636 0.53199
0.65105 0.037656 0.54024
0.60655 0.036695 0.54067
0.62232 0.03632 0.5504
0.64884 0.037151 0.55664
0.62439 0.036462 0.56359
0.57524 0.04284 0.57725
0.6411 0.037368 0.56803
0.6189 0.037532 0.57649
0.52526 0.044116 0.5605
0.60591 0.038423 0.57785
0.62761 0.038276 0.58583
0.56631 0.043837 0.58248
0.6173 0.037847 0.58741
0.64622 0.037365 0.60572
0.63782 0.037083 0.61748
0.64154 0.036997 0.62947
0.64609 0.037147 0.61313
0.65644 0.037029 0.63277
0.63932 0.036994 0.66088
0.65853 0.036873 0.66072
0.65314 0.036888 0.68499
0.64732 0.036869 0.69684
0.65656 0.036895 0.67587
0.65897 0.036808 0.72556
0.65467 0.036803 0.74165
0.67485 0.036806 0.71897
0.68305 0.03677 0.74469
0.66017 0.036792 0.7525
0.6668 0.03676 0.77542
0.67934 0.036771 0.75454
0.67917 0.036751 0.78582
0.66528 0.036765 0.79242
0.67949 0.036753 0.79222
0.68541 0.036737 0.81907
0.67853 0.036739 0.84175
0.6929 0.036865 0.8354
0.68555 0.036794 0.86003
0.67757 0.036765 0.8668
0.68864 0.03685 0.86564
0.68641 0.036784 0.89617
0.67373 0.036799 0.91374
0.66233 0.038053 0.93928
0.68234 0.037753 0.93882
0.67244 0.038523 0.94855
0.67449 0.033333 0.96424
0.68858 0.033334 0.95982
0.70864 0.037193 0.037739
0.70756 0.037195 0.056511
0.72453 0.037188 0.043251
0.72715 0.037189 0.062962
0.71012 0.037196 0.079683
0.72804 0.037188 0.078885
0.71054 0.037199 0.10652
0.70704 0.037212 0.13361
0.72608 0.03719 0.11835
0.72994 0.037195 0.13463
0.70477 0.037228 0.16696
0.73192 0.037197 0.15521
0.72969 0.037206 0.16847
0.70554 0.037234 0.1861
0.70354 0.037261 0.20393
0.72163 0.037216 0.1782
0.73106 0.037216 0.19772
0.7055 0.037263 0.2117
0.70453 0.037276 0.23089
0.72081 0.037238 0.22138
0.7108 0.037271 0.26043
0.73033 0.037229 0.26755
0.71455 0.037274 0.28437
0.71829 0.037254 0.30425
0.7078 0.037272 0.31835
0.71771 0.037237 0.3374
0.74138 0.037173 0.31443
0.72612 0.037209 0.33767
0.71895 0.037223 0.34402
0.71891 0.037256 0.36979
0.73113 0.037198 0.34342
0.73446 0.037216 0.36944
0.72076 0.037281 0.3943
0.71235 0.037404 0.40864
0.72818 0.037244 0.38442
0.72429 0.037293 0.41424
0.71421 0.037413 0.4415
0.73281 0.03728 0.42479
0.72259 0.037358 0.44951
0.71173 0.037483 0.47172
0.69188 0.037401 0.51246
0.72479 0.03733 0.47338
0.71462 0.037356 0.49591
0.68986 0.03742 0.52168
0.67541 0.037518 0.53722
0.7014 0.037374 0.51287
0.69996 0.037372 0.52958
0.69397 0.037396 0.5428
0.69708 0.037416 0.5502
0.65708 0.037564 0.57484
0.68961 0.037247 0.56777
0.68302 0.037175 0.58146
0.65134 0.037746 0.59362
0.68075 0.037141 0.58888
0.6736 0.037236 0.59453
0.66797 0.037073 0.61206
0.66976 0.037213 0.60209
0.70335 0.037652 0.61349
0.67496 0.036943 0.62333
0.68349 0.036955 0.62803
0.69568 0.037254 0.61988
0.69841 0.036973 0.63506
0.68402 0.036873 0.65695
0.68048 0.03687 0.66606
0.69496 0.036862 0.64842
0.70038 0.036834 0.66545
0.69156 0.036817 0.68891
0.68203 0.036814 0.70208
0.69895 0.036795 0.70051
0.69006 0.036796 0.72269
0.69231 0.036766 0.73976
0.71142 0.036769 0.72431
0.71137 0.036735 0.74658
0.70161 0.036745 0.76439
0.69525 0.036739 0.78045
0.71477 0.03673 0.76654
0.70818 0.036682 0.81081
0.70117 0.036799 0.82467
0.71998 0.036716 0.7965
0.71084 0.037325 0.84324
0.70338 0.037297 0.8567
0.71511 0.037496 0.84556
0.70543 0.036876 0.87938
0.69938 0.036796 0.88542
0.71482 0.037302 0.86802
0.72633 0.036796 0.89878
0.6972 0.036796 0.91439
0.70828 0.03709 0.92558
0.72503 0.036788 0.91033
0.70352 0.033334 0.96134
0.72613 0.037998 0.94648
0.73881 0.037184 0.04428
0.74156 0.037184 0.05912
0.76183 0.037176 0.060452
0.7565 0.037176 0.080281
0.75416 0.037179 0.095208
0.76494 0.037174 0.1097
0.75465 0.037182 0.1242
0.74245 0.03719 0.15445
0.7385 0.037196 0.16065
0.75608 0.03718 0.14172
0.76413 0.037175 0.16659
0.7398 0.037197 0.18109
0.74551 0.037197 0.20591
0.75596 0.037177 0.18836
0.75439 0.037181 0.20417
0.74905 0.037187 0.21836
0.74267 0.037213 0.24434
0.76057 0.03718 0.23857
0.74173 0.037212 0.25825
0.76454 0.037175 0.24985
0.75037 0.037315 0.28399
0.74227 0.037221 0.29637
0.76754 0.037692 0.29032
0.75032 0.037198 0.32984
0.76771 0.037793 0.30763
0.76633 0.03729 0.32686
0.74414 0.037177 0.34418
0.74121 0.0372 0.37623
0.75795 0.037152 0.35272
0.76033 0.037171 0.36773
0.74987 0.037159 0.39471
0.74605 0.03719 0.40462
0.76417 0.037144 0.39152
0.75635 0.037168 0.40753
0.7435 0.037223 0.42215
0.73936 0.037224 0.45378
0.76148 0.037175 0.43097
0.73447 0.037257 0.46897
0.7288 0.037281 0.49076
0.75535 0.037187 0.46357
0.75729 0.037164 0.47396
0.73611 0.037215 0.49413
0.72022 0.037286 0.51625
0.75613 0.037125 0.49214
0.75118 0.037118 0.50209
0.74487 0.037115 0.52295
0.73108 0.037115 0.54587
0.70655 0.037221 0.56205
0.69713 0.037182 0.57695
0.73209 0.037086 0.55439
0.7384 0.037041 0.56654
0.70586 0.037193 0.58784
0.71865 0.037409 0.59769
0.72582 0.037348 0.60234
0.71119 0.037615 0.61869
0.71151 0.037048 0.63375
0.72893 0.037144 0.62872
0.71587 0.036813 0.65371
0.7168 0.036829 0.67514
0.73797 0.036823 0.66928
0.72478 0.036793 0.69826
0.72548 0.036774 0.72013
0.7292 0.036752 0.7413
0.72688 0.036746 0.74613
0.74563 0.036814 0.75433
0.7402 0.037161 0.77282
0.74211 0.03734 0.7859
0.74576 0.037214 0.77055
0.73872 0.036893 0.80509
0.73553 0.036936 0.83136
0.74858 0.037358 0.79175
0.74921 0.036811 0.81249
0.72767 0.037325 0.85761
0.74394 0.03685 0.84232
0.73474 0.037016 0.8655
0.73449 0.03679 0.90101
0.74957 0.036791 0.87692
0.75015 0.036792 0.89514
0.74155 0.036783 0.90633
0.75738 0.036832 0.91537
0.75124 0.037471 0.9378
0.73226 0.03793 0.94575
0.73467 0.033334 0.95981
0.76229 0.033333 0.96221
0.77369 0.037173 0.044673
0.78237 0.03717 0.053776
0.79732 0.037166 0.048371
0.80035 0.037164 0.065247
0.77752 0.03717 0.071128
0.79219 0.037163 0.094233
0.78237 0.037165 0.11918
0.78139 0.037165 0.13577
0.79344 0.03716 0.11546
0.79723 0.037159 0.1306
0.78239 0.037161 0.15149
0.7795 0.037165 0.16567
0.7895 0.037158 0.1439
0.79062 0.037154 0.17043
0.77934 0.037161 0.18707
0.79912 0.037147 0.17696
0.78716 0.037149 0.20661
0.77813 0.037158 0.21883
0.78012 0.037157 0.24211
0.79393 0.03714 0.22348
0.7891 0.037145 0.24052
0.77117 0.037168 0.25263
0.77266 0.037567 0.28305
0.78795 0.037142 0.25081
0.787 0.03719 0.27105
0.78834 0.037665 0.29349
0.77821 0.037832 0.31556
0.77865 0.03713 0.33723
0.79684 0.037481 0.31201
0.78898 0.037187 0.33467
0.77351 0.037136 0.35757
0.77273 0.037141 0.37595
0.78406 0.037095 0.35239
0.78256 0.037111 0.37366
0.7768 0.037088 0.39581
0.78443 0.037027 0.41484
0.79278 0.037063 0.39506
0.801 0.037222 0.41282
0.78454 0.037019 0.42786
0.77796 0.037061 0.44104
0.79472 0.037066 0.42367
0.79644 0.037054 0.44293
0.77518 0.037063 0.46205
0.79221 0.036996 0.46261
0.7898 0.036992 0.46751
0.76669 0.037069 0.48723
0.7704 0.037017 0.49822
0.79458 0.037 0.48239
0.80139 0.037183 0.49775
0.76963 0.036981 0.51928
0.78261 0.036973 0.51198
0.78377 0.036964 0.53338
0.74498 0.036994 0.56905
0.77616 0.036945 0.54056
0.77431 0.036926 0.56586
0.75089 0.036922 0.58434
0.74733 0.036913 0.59311
0.76961 0.036912 0.58086
0.75681 0.036873 0.60486
0.76749 0.036861 0.60646
0.7445 0.036919 0.63298
0.74585 0.03686 0.65016
0.7794 0.03682 0.64194
0.77298 0.036805 0.6565
0.75069 0.03683 0.67181
0.75429 0.03681 0.67987
0.78015 0.036789 0.67
0.77917 0.036784 0.6753
0.76143 0.036785 0.69966
0.75269 0.036783 0.72315
0.77042 0.036781 0.72467
0.76038 0.036787 0.73439
0.76544 0.03694 0.76141
0.78276 0.036787 0.73399
0.78391 0.036829 0.79027
0.75853 0.036955 0.805
0.76413 0.036789 0.82461
0.77537 0.036906 0.80034
0.7879 0.036799 0.82846
0.76546 0.036779 0.84977
0.77731 0.036792 0.83959
0.77133 0.036787 0.87827
0.76632 0.036834 0.89937
0.79033 0.03685 0.89747
0.7749 0.037961 0.94024
0.78754 0.037085 0.92167
0.78053 0.035108 0.95285
0.77182 0.033333 0.96399
0.78954 0.038901 0.94824
0.79521 0.033336 0.959
0.80507 0.037165 0.047588
0.80573 0.037164 0.055387
0.83219 0.037157 0.047748
0.83472 0.037156 0.053302
0.80498 0.03716 0.07981
0.80653 0.037158 0.09616
0.83108 0.037153 0.075348
0.82364 0.037152 0.093103
0.81186 0.037155 0.10919
0.81044 0.037155 0.12821
0.82251 0.037149 0.11227
0.82978 0.037144 0.13056
0.82977 0.03714 0.14655
0.82161 0.037131 0.18255
0.8213 0.037129 0.19503
0.81088 0.03713 0.21731
0.80325 0.037133 0.23429
0.83269 0.037109 0.22275
0.82861 0.037108 0.23334
0.80316 0.037127 0.2508
0.8048 0.037136 0.27174
0.82926 0.037087 0.26973
0.8129 0.037079 0.29277
0.80761 0.037187 0.30136
0.83163 0.037071 0.28911
0.82421 0.037072 0.30365
0.81471 0.037084 0.31331
0.80993 0.037095 0.33227
0.82711 0.037069 0.31467
0.81874 0.03706 0.34235
0.80379 0.037081 0.35966
0.80811 0.037058 0.37019
0.81802 0.037042 0.36234
0.8058 0.037157 0.39676
0.81299 0.037556 0.41251
0.82806 0.037215 0.39543
0.81575 0.037741 0.42026
0.8124 0.037319 0.43427
0.82515 0.037685 0.42685
0.80964 0.036968 0.45324
0.81909 0.037243 0.46904
0.82704 0.036968 0.44928
0.81684 0.037559 0.48406
0.80902 0.037352 0.49756
0.79757 0.037048 0.513
0.80395 0.036917 0.52058
0.81795 0.036924 0.51942
0.79422 0.036913 0.55661
0.80549 0.036898 0.55121
0.79262 0.036861 0.59902
0.81492 0.036868 0.5785
0.80931 0.036843 0.59639
0.7975 0.036829 0.61566
0.80305 0.03703 0.63268
0.81203 0.036825 0.611
0.80899 0.037039 0.63062
0.79955 0.037174 0.64549
0.80234 0.037303 0.65003
0.81183 0.037373 0.64183
0.80547 0.037261 0.65989
0.79161 0.036791 0.68837
0.8123 0.036957 0.67628
0.79476 0.036797 0.70104
0.8109 0.036803 0.70077
0.79225 0.036792 0.72929
0.79489 0.036802 0.75633
0.82284 0.036807 0.73519
0.82439 0.036808 0.75104
0.7922 0.036816 0.77016
0.79749 0.03682 0.79307
0.82379 0.036806 0.77522
0.81729 0.036805 0.79017
0.80097 0.036815 0.8033
0.81824 0.036816 0.82587
0.79639 0.036807 0.84638
0.80443 0.036809 0.8607
0.82453 0.036818 0.84322
0.82464 0.036816 0.86393
0.80946 0.036809 0.87491
0.79919 0.036844 0.8963
0.82217 0.036818 0.88503
0.80145 0.036903 0.91384
0.80132 0.037611 0.93131
0.81489 0.036891 0.91523
0.80235 0.038852 0.94579
0.81007 0.033333 0.96267
0.82298 0.0352 0.95257
0.81763 0.033333 0.96425
0.84599 0.037152 0.045352
0.84271 0.037153 0.056048
0.86599 0.037153 0.045488
0.84874 0.037147 0.081634
0.85238 0.037144 0.094503
0.85603 0.037148 0.076503
0.85784 0.037145 0.092646
0.85954 0.037139 0.11227
0.85897 0.037131 0.13713
0.84295 0.037133 0.15263
0.85009 0.037126 0.16551
0.86334 0.037126 0.14791
0.85693 0.037126 0.15851
0.84021 0.037119 0.18878
0.84262 0.037114 0.20006
0.86098 0.037107 0.18866
0.86932 0.037097 0.20416
0.8519 0.037098 0.21724
0.83834 0.037097 0.23891
0.86419 0.037093 0.21915
0.85521 0.037083 0.23982
0.84912 0.037081 0.25413
0.8598 0.037072 0.25452
0.86195 0.037064 0.26514
0.85834 0.037057 0.28396
0.86045 0.037047 0.30504
0.84354 0.037057 0.32563
0.8357 0.037054 0.33579
0.86289 0.037036 0.31765
0.8567 0.037035 0.33117
0.83891 0.037031 0.36752
0.85717 0.037018 0.3538
0.86593 0.037002 0.3727
0.84242 0.037095 0.39392
0.85263 0.037014 0.39132
0.86062 0.037 0.40402
0.84185 0.037404 0.42139
0.84322 0.037148 0.4333
0.84948 0.037158 0.41794
0.85634 0.036928 0.44315
0.83563 0.036924 0.45468
0.83364 0.037432 0.47461
0.84988 0.037012 0.4638
0.85458 0.037478 0.47884
0.83683 0.038 0.48782
0.84017 0.037863 0.49455
0.83913 0.037285 0.50868
0.84268 0.036894 0.52895
0.86004 0.036942 0.51903
0.83608 0.036884 0.53974
0.83385 0.03687 0.55508
0.85621 0.036892 0.5404
0.85163 0.036866 0.55299
0.83438 0.036851 0.57459
0.8246 0.036848 0.59516
0.85174 0.036854 0.5725
0.8414 0.036842 0.58958
0.83372 0.036856 0.62139
0.84649 0.036841 0.60044
0.83935 0.036922 0.63104
0.83276 0.037221 0.65549
0.85173 0.036838 0.63677
0.84543 0.036883 0.65907
0.83434 0.036949 0.67277
0.82576 0.036854 0.68099
0.84896 0.036831 0.6675
0.8545 0.036821 0.69309
0.82839 0.036815 0.70097
0.83779 0.03681 0.72038
0.84541 0.036815 0.6991
0.84831 0.036812 0.72397
0.83587 0.036813 0.73358
0.8342 0.036811 0.76095
0.85219 0.036814 0.75718
0.83139 0.036812 0.79283
0.85697 0.036819 0.76849
0.86235 0.036826 0.78863
0.83598 0.036821 0.81409
0.86108 0.036829 0.80381
0.85796 0.03683 0.82235
0.83919 0.036824 0.84383
0.85805 0.036834 0.83977
0.85968 0.036838 0.85879
0.84279 0.036825 0.87868
0.83825 0.036854 0.90158
0.85848 0.036839 0.87269
0.84241 0.036994 0.92482
0.86378 0.036858 0.91004
0.8543 0.036989 0.92733
0.84724 0.037292 0.94111
0.8387 0.033333 0.96166
0.86304 0.037153 0.94
0.86064 0.033333 0.96403
0.87404 0.037153 0.03941
0.87572 0.037151 0.062453
0.89149 0.037148 0.040247
0.89301 0.037148 0.052834
0.88553 0.037145 0.078712
0.886 0.03714 0.095352
0.90129 0.037141 0.080915
0.89512 0.03714 0.088819
0.88532 0.037134 0.11314
0.88644 0.037127 0.13317
0.89508 0.037129 0.12377
0.87934 0.037123 0.14389
0.88734 0.037111 0.16507
0.89952 0.037127 0.15431
0.89454 0.037118 0.169
0.88124 0.037093 0.19888
0.89908 0.037123 0.17684
0.90373 0.037109 0.19703
0.87601 0.037092 0.21232
0.88195 0.037086 0.22847
0.8966 0.03707 0.21932
0.8922 0.037071 0.23101
0.87349 0.03707 0.24668
0.87646 0.037043 0.28447
0.87847 0.037032 0.30012
0.90447 0.037061 0.27946
0.89576 0.037041 0.30242
0.87345 0.037022 0.32614
0.88401 0.037006 0.33418
0.8923 0.037024 0.3137
0.89068 0.037008 0.33075
0.88014 0.037002 0.35709
0.89801 0.036984 0.35103
0.90348 0.036975 0.36539
0.88029 0.036975 0.39298
0.87072 0.036982 0.40122
0.89723 0.03698 0.385
0.90015 0.036987 0.40567
0.87126 0.036958 0.42073
0.87246 0.036927 0.43257
0.90066 0.036997 0.42434
0.89455 0.036959 0.42986
0.87827 0.036907 0.45137
0.88367 0.036901 0.45934
0.87398 0.037185 0.48586
0.87262 0.03714 0.49636
0.88217 0.03692 0.49466
0.8627 0.037269 0.50271
0.87379 0.036886 0.52787
0.88871 0.036869 0.51137
0.8908 0.036862 0.52296
0.86861 0.036897 0.53818
0.88913 0.036854 0.53425
0.89273 0.036844 0.54798
0.87129 0.036853 0.57143
0.8671 0.036847 0.59459
0.88595 0.036846 0.57093
0.88066 0.036835 0.595
0.86576 0.036849 0.60292
0.87244 0.036842 0.62853
0.87995 0.036836 0.60627
0.8796 0.036835 0.62372
0.87084 0.036843 0.64601
0.88199 0.036821 0.64417
0.88682 0.036826 0.65629
0.86376 0.036829 0.67076
0.89821 0.036844 0.6959
0.86654 0.036826 0.7087
0.87859 0.036826 0.72656
0.89466 0.036837 0.70179
0.89029 0.03683 0.7199
0.87088 0.036822 0.74137
0.86993 0.036825 0.76112
0.88775 0.036827 0.7399
0.90068 0.036827 0.76087
0.87324 0.036832 0.77723
0.87825 0.036837 0.79499
0.89162 0.036831 0.78579
0.87048 0.036836 0.8143
0.8776 0.036843 0.8242
0.89063 0.03684 0.80342
0.87705 0.036848 0.84106
0.88313 0.036857 0.86638
0.89703 0.036846 0.84087
0.88849 0.036852 0.8614
0.87655 0.036857 0.89518
0.8955 0.036858 0.87353
0.90055 0.036865 0.89496
0.88366 0.036853 0.90785
0.88645 0.036964 0.93328
0.90028 0.036877 0.91515
0.90595 0.037121 0.93571
0.87552 0.037122 0.9442
0.90877 0.033333 0.96193
0.91166 0.037151 0.037731
0.91885 0.037168 0.055232
0.92985 0.037492 0.03909
0.92139 0.037177 0.077691
0.9093 0.037137 0.093722
0.93498 0.037388 0.098917
0.91706 0.037128 0.11371
0.91604 0.037132 0.13608
0.92701 0.037227 0.10859
0.92975 0.037294 0.12502
0.91215 0.037133 0.14163
0.9156 0.03715 0.16628
0.92998 0.037597 0.14724
0.92215 0.037211 0.19584
0.93715 0.038015 0.17898
0.93949 0.037827 0.20395
0.92285 0.037132 0.21375
0.92042 0.037063 0.23198
0.936 0.037506 0.21829
0.92768 0.037291 0.23659
0.91662 0.037077 0.25718
0.93708 0.03779 0.25446
0.93095 0.037556 0.26808
0.91653 0.037081 0.28178
0.94086 0.038329 0.29179
0.94013 0.038274 0.30553
0.91858 0.037027 0.33676
0.93307 0.037773 0.3136
0.93057 0.037458 0.33329
0.90955 0.036985 0.34828
0.91311 0.036981 0.37529
0.93667 0.037423 0.34915
0.92639 0.037191 0.36976
0.91243 0.036992 0.38584
0.91876 0.037056 0.40464
0.93649 0.038368 0.40851
0.93713 0.038542 0.41496
0.94115 0.038771 0.43632
0.90816 0.036974 0.4604
0.93788 0.038291 0.44084
0.91048 0.036963 0.48241
0.90742 0.036933 0.49605
0.93629 0.038184 0.47522
0.93323 0.038083 0.48687
0.91676 0.036983 0.50245
0.9182 0.036968 0.51968
0.9387 0.038448 0.50928
0.93652 0.038147 0.51557
0.93096 0.037499 0.53227
0.92941 0.03721 0.54912
0.91044 0.036857 0.59228
0.92436 0.037033 0.57051
0.9271 0.037019 0.59108
0.90537 0.036833 0.60206
0.89976 0.036821 0.61993
0.91931 0.036919 0.60263
0.9216 0.036926 0.61544
0.89907 0.03681 0.64148
0.933 0.037087 0.64531
0.92281 0.036949 0.66134
0.91393 0.036891 0.68751
0.92565 0.036992 0.6811
0.93308 0.037446 0.69756
0.91583 0.036898 0.70449
0.92945 0.037497 0.70904
0.91456 0.036848 0.73845
0.91835 0.036905 0.75737
0.92715 0.037433 0.73489
0.92541 0.037124 0.76206
0.9191 0.036882 0.77011
0.91757 0.036859 0.78799
0.93221 0.037134 0.77426
0.93283 0.037241 0.79669
0.90808 0.036852 0.81652
0.91633 0.036875 0.82368
0.9265 0.037133 0.80412
0.92358 0.037037 0.82804
0.90937 0.036846 0.84864
0.91101 0.036854 0.86695
0.92875 0.037119 0.83935
0.92538 0.037066 0.86746
0.91799 0.036892 0.87891
0.92625 0.037123 0.8781
0.94033 0.037944 0.89803
0.91769 0.036932 0.91622
0.92011 0.037314 0.93509
0.93362 0.037677 0.91679
0.94141 0.038891 0.93369
0.91885 0.037493 0.94527
0.92602 0.033334 0.96058
0.93279 0.038504 0.94507
0.93778 0.033333 0.9618
0.9438 0.038043 0.042554
0.9439 0.037996 0.055637
0.95666 0.033358 0.037425
0.9593 0.033335 0.06241
0.94099 0.037662 0.076983
0.96113 0.033334 0.091261
0.95013 0.037457 0.11271
0.9606 0.033334 0.13776
0.95124 0.03819 0.15433
0.9487 0.039005 0.16369
0.96022 0.033334 0.15045
0.95531 0.03351 0.1658
0.94382 0.038463 0.1788
0.95114 0.037752 0.20258
0.95784 0.033344 0.20408
0.94628 0.038 0.21372
0.94645 0.03814 0.23913
0.96402 0.033333 0.22283
0.96234 0.033333 0.23066
0.94708 0.038422 0.25868
0.95161 0.037793 0.26449
0.96229 0.033333 0.24724
0.95605 0.033434 0.27537
0.94948 0.038944 0.28301
0.94716 0.038897 0.29926
0.96142 0.033334 0.28635
0.94809 0.038904 0.31255
0.94664 0.038039 0.34041
0.95784 0.033346 0.31163
0.9649 0.033333 0.3329
0.94962 0.03775 0.35445
0.94804 0.038114 0.37182
0.9603 0.033334 0.37442
0.94648 0.038626 0.38325
0.95312 0.037215 0.40896
0.96483 0.033333 0.39244
0.95635 0.033481 0.40771
0.95234 0.039148 0.41655
0.96449 0.033333 0.41811
0.95939 0.033337 0.43322
0.94763 0.038852 0.44881
0.95034 0.038795 0.45549
0.95708 0.033371 0.43909
0.96127 0.033334 0.45611
0.94555 0.039078 0.47514
0.96424 0.033333 0.48052
0.95784 0.033344 0.49348
0.95143 0.0394 0.50472
0.9487 0.039493 0.5165
0.95647 0.033401 0.50747
0.96138 0.033334 0.52031
0.93987 0.037527 0.54798
0.96475 0.033333 0.53127
0.95904 0.033334 0.55036
0.94197 0.037198 0.58846
0.93898 0.037104 0.60844
0.93965 0.037114 0.61784
0.9594 0.033334 0.62364
0.94405 0.037229 0.63598
0.9612 0.033333 0.63401
0.96359 0.033333 0.65773
0.94865 0.035904 0.67733
0.96 0.033334 0.67546
0.96016 0.033334 0.69886
0.94643 0.038848 0.71458
0.94569 0.038842 0.72459
0.95689 0.033357 0.71671
0.95741 0.033347 0.72141
0.94847 0.038873 0.7519
0.95802 0.03334 0.74459
0.96112 0.033334 0.75227
0.94542 0.03737 0.77744
0.94548 0.037725 0.80083
0.95908 0.033335 0.78737
0.94424 0.037782 0.806
0.9562 0.03336 0.81471
0.96017 0.033334 0.83398
0.94255 0.037456 0.85144
0.96523 0.033333 0.86458
0.94889 0.038495 0.8953
0.96094 0.033334 0.87865
0.94761 0.03955 0.93168
0.95971 0.033335 0.91802
0.96528 0.033333 0.93078
0.94829 0.040464 0.94423
0.95049 0.033334 0.96051
0.96178 0.033334 0.94893
0.95837 0.033333 0.9638
