2635
1 1 1
0.035039 0.037348 0.045244
0.041293 0.037347 0.054892
0.063429 0.037345 0.035751
0.059316 0.037346 0.052054
0.046565 0.037344 0.07009
0.043953 0.037338 0.095337
0.060664 0.03734 0.082328
0.057076 0.037335 0.099168
0.038771 0.037331 0.11317
0.041584 0.037328 0.12344
0.064486 0.037331 0.10981
0.064122 0.037315 0.14669
0.040804 0.037291 0.19378
0.059697 0.037295 0.18352
0.062713 0.037285 0.19961
0.036324 0.037283 0.2044
0.040839 0.037264 0.23092
0.054474 0.037279 0.20962
0.057823 0.037269 0.22336
0.048793 0.037257 0.24014
0.042996 0.037241 0.26175
0.054312 0.037253 0.24666
0.063839 0.037241 0.2617
0.048379 0.037232 0.27382
0.047546 0.037219 0.2912
0.057557 0.037224 0.28306
0.065781 0.037216 0.29202
0.064908 0.037199 0.31327
0.060296 0.037187 0.32846
0.046625 0.037169 0.34962
0.065864 0.037162 0.35855
0.047777 0.037144 0.37966
0.04676 0.037134 0.39314
0.064162 0.037146 0.37785
0.059292 0.03713 0.39959
0.046305 0.037119 0.41001
0.038341 0.037103 0.42903
0.064803 0.037118 0.41293
0.057758 0.03711 0.42405
0.044242 0.037088 0.45133
0.064411 0.037091 0.44941
0.063633 0.037081 0.4649
0.043621 0.037072 0.47757
0.045957 0.037063 0.49169
0.056217 0.037076 0.47738
0.063311 0.037063 0.49532
0.03955 0.037055 0.51062
0.039196 0.037048 0.53071
0.059444 0.037058 0.51256
0.064832 0.037049 0.5298
0.048133 0.037045 0.54163
0.045257 0.037042 0.56597
0.06732 0.037045 0.54014
0.065666 0.037042 0.55972
0.03793 0.037042 0.57663
0.036499 0.037042 0.59797
0.05571 0.037045 0.57525
0.057934 0.037045 0.5944
0.045852 0.037042 0.6026
0.036811 0.037048 0.62876
0.055306 0.037046 0.60841
0.062347 0.037045 0.62062
0.054437 0.037056 0.64793
0.056632 0.037057 0.6597
0.049657 0.03706 0.67169
0.055494 0.03706 0.66973
0.061707 0.037061 0.68715
0.036315 0.037074 0.72931
0.063257 0.037067 0.7119
0.053894 0.037073 0.72182
0.044552 0.037079 0.7461
0.037408 0.037084 0.76212
0.061759 0.037076 0.74254
0.053798 0.037083 0.76014
0.04146 0.037087 0.77313
0.037516 0.037092 0.80075
0.060163 0.037087 0.78191
0.05799 0.03709 0.79217
0.040193 0.037096 0.82897
0.05414 0.037095 0.81632
0.060142 0.037095 0.83471
0.038383 0.037098 0.84692
0.03515 0.037098 0.86676
0.055137 0.037097 0.84098
0.057728 0.037097 0.86471
0.035753 0.037097 0.87697
0.045983 0.037107 0.89934
0.059934 0.037095 0.8849
0.058228 0.037099 0.89555
0.042456 0.037179 0.91987
0.036789 0.033355 0.95862
0.057232 0.038544 0.94971
0.058967 0.033414 0.95699
0.080802 0.037342 0.045719
0.076539 0.037341 0.060629
0.079668 0.037334 0.090253
0.096385 0.037334 0.075461
0.093675 0.037332 0.090275
0.072665 0.03733 0.10892
0.073915 0.03732 0.13258
0.087111 0.037327 0.11152
0.091571 0.037321 0.12552
0.07139 0.037315 0.14381
0.091827 0.037314 0.14018
0.095597 0.037302 0.16239
0.073937 0.037294 0.18072
0.069885 0.037287 0.19602
0.097416 0.037291 0.18074
0.098195 0.037282 0.19646
0.079795 0.037273 0.21144
0.078577 0.037261 0.22876
0.092087 0.037269 0.21682
0.10117 0.037256 0.23307
0.072207 0.037247 0.25032
0.075035 0.037243 0.2569
0.089163 0.037246 0.2511
0.094007 0.037241 0.25958
0.079393 0.037222 0.28025
0.078707 0.037208 0.29787
0.10055 0.037223 0.28062
0.071592 0.037197 0.31463
0.072414 0.037181 0.33391
0.098543 0.037199 0.31345
0.096829 0.037183 0.33486
0.075879 0.037165 0.3532
0.096152 0.037173 0.34939
0.095036 0.037161 0.36447
0.081229 0.037133 0.38723
0.098874 0.037147 0.3809
0.10349 0.037138 0.39271
0.075185 0.037111 0.41824
0.080497 0.0371 0.43133
0.10317 0.037119 0.42115
0.09557 0.037115 0.42735
0.076375 0.037085 0.45256
0.09353 0.037096 0.44522
0.095864 0.037084 0.46348
0.082857 0.037062 0.48021
0.088188 0.037055 0.49027
0.10274 0.037068 0.48617
0.1021 0.037064 0.4964
0.077202 0.037052 0.50686
0.09781 0.037052 0.52288
0.087543 0.037037 0.53833
0.081024 0.037034 0.56467
0.094087 0.037036 0.56232
0.083244 0.037032 0.57045
0.077363 0.037035 0.59768
0.097689 0.037041 0.57048
0.10051 0.037039 0.59284
0.082421 0.037036 0.62607
0.1021 0.037037 0.60953
0.10788 0.037036 0.61825
0.080273 0.037039 0.63867
0.10282 0.037041 0.66036
0.073572 0.037052 0.67775
0.094528 0.037045 0.66951
0.097176 0.03705 0.68897
0.081802 0.037059 0.70764
0.071643 0.037069 0.72945
0.097763 0.037061 0.71996
0.075156 0.037073 0.74249
0.080281 0.037075 0.7552
0.094001 0.037068 0.73785
0.089997 0.037075 0.75993
0.074754 0.03708 0.77196
0.075965 0.037087 0.79925
0.099035 0.037077 0.78362
0.075005 0.037091 0.81732
0.083336 0.037089 0.82527
0.097132 0.037084 0.80726
0.093793 0.037087 0.83476
0.077468 0.037091 0.84559
0.077493 0.037092 0.8665
0.093837 0.037089 0.87088
0.080018 0.037092 0.88895
0.092464 0.03709 0.87972
0.089396 0.03709 0.8974
0.074166 0.037106 0.91716
0.078856 0.037413 0.93825
0.093862 0.037086 0.91054
0.07107 0.037774 0.94463
0.08908 0.036605 0.95143
0.11318 0.037336 0.039287
0.10848 0.037335 0.058461
0.1297 0.037331 0.038098
0.12503 0.037333 0.053107
0.1052 0.037333 0.06992
0.10991 0.037325 0.096978
0.12765 0.037319 0.099445
0.1084 0.03732 0.1136
0.11713 0.037311 0.13283
0.12885 0.037314 0.12213
0.11089 0.037307 0.14567
0.10597 0.0373 0.16083
0.13117 0.037295 0.16124
0.11159 0.037289 0.17844
0.11054 0.037282 0.1937
0.13233 0.037288 0.17273
0.1238 0.037277 0.20029
0.11805 0.037261 0.22404
0.12282 0.037272 0.20776
0.12263 0.037255 0.2349
0.11093 0.037246 0.24609
0.10593 0.037235 0.26417
0.127 0.037248 0.24568
0.11278 0.037221 0.2822
0.11283 0.037212 0.29512
0.12798 0.037225 0.28628
0.13704 0.037218 0.29329
0.11397 0.037198 0.31294
0.1154 0.037182 0.33573
0.1376 0.037203 0.31922
0.1253 0.037195 0.3276
0.11208 0.037176 0.34352
0.11403 0.037158 0.36838
0.12575 0.037168 0.36345
0.10783 0.037152 0.37531
0.12698 0.03716 0.37984
0.13502 0.037155 0.40375
0.11323 0.037129 0.40831
0.11505 0.037107 0.43521
0.12799 0.037113 0.43646
0.11159 0.037097 0.44688
0.11348 0.037087 0.45827
0.13075 0.037095 0.4542
0.13363 0.037091 0.46597
0.11349 0.037072 0.47788
0.12441 0.037062 0.49372
0.13583 0.037086 0.48009
0.14411 0.037082 0.49637
0.1204 0.037054 0.50851
0.1152 0.037046 0.52826
0.14188 0.037063 0.52868
0.12284 0.03704 0.53982
0.11684 0.037036 0.55944
0.14457 0.037059 0.54439
0.11369 0.037033 0.58056
0.11602 0.037032 0.59263
0.13906 0.037044 0.57401
0.13969 0.037042 0.59711
0.12523 0.037031 0.61259
0.12478 0.037032 0.622
0.14477 0.037033 0.62584
0.12001 0.037034 0.64048
0.11872 0.037036 0.65316
0.1363 0.03704 0.63446
0.13063 0.03704 0.66093
0.11573 0.037042 0.67818
0.13587 0.037043 0.67668
0.11598 0.037055 0.72381
0.13917 0.037041 0.70033
0.13835 0.037049 0.72854
0.10921 0.037061 0.73547
0.11289 0.037065 0.75258
0.12813 0.037063 0.76062
0.11357 0.03707 0.77297
0.13564 0.037064 0.77634
0.12418 0.037072 0.78992
0.11378 0.037081 0.83211
0.12365 0.037075 0.805
0.12635 0.037079 0.83635
0.11503 0.037082 0.84299
0.13138 0.037078 0.84661
0.13142 0.037078 0.86183
0.11396 0.037081 0.88323
0.11892 0.037077 0.90148
0.13547 0.037079 0.892
0.12994 0.037087 0.90768
0.11029 0.03708 0.91899
0.13088 0.037169 0.92282
0.13089 0.03759 0.93634
0.11365 0.037614 0.94572
0.144 0.037404 0.9523
0.14151 0.033333 0.96518
0.14537 0.037324 0.040105
0.16124 0.037317 0.035365
0.16295 0.037316 0.054362
0.138 0.037321 0.078274
0.14361 0.037315 0.098375
0.15665 0.037315 0.073909
0.16128 0.03731 0.093422
0.14328 0.037312 0.10991
0.14505 0.037309 0.12177
0.15587 0.037307 0.11489
0.16035 0.037305 0.1208
0.1386 0.0373 0.14255
0.14004 0.037289 0.16521
0.16539 0.037285 0.15906
0.13892 0.03728 0.18475
0.16372 0.037276 0.17959
0.16272 0.037271 0.19168
0.14225 0.037263 0.21306
0.14912 0.03725 0.23386
0.16641 0.037257 0.21509
0.14225 0.037244 0.24661
0.15341 0.037233 0.26265
0.15885 0.037247 0.24001
0.16818 0.037236 0.26943
0.14591 0.037225 0.27701
0.14606 0.037213 0.29944
0.16553 0.037233 0.27738
0.1627 0.037225 0.29661
0.15499 0.037205 0.31388
0.14227 0.0372 0.32448
0.16919 0.037224 0.3085
0.16174 0.037206 0.33183
0.14618 0.037184 0.35311
0.15662 0.037182 0.36057
0.1676 0.037213 0.34289
0.15407 0.037162 0.38435
0.14756 0.037159 0.39257
0.17216 0.037254 0.3925
0.14688 0.037133 0.43351
0.16262 0.037344 0.43339
0.15943 0.037108 0.45107
0.1525 0.037093 0.46458
0.17345 0.037112 0.45058
0.17279 0.037089 0.46193
0.15427 0.037087 0.47915
0.15324 0.037075 0.49439
0.17639 0.037108 0.48178
0.16686 0.037055 0.51559
0.16636 0.037047 0.52769
0.18833 0.037109 0.50998
0.15826 0.037045 0.54632
0.16546 0.037035 0.56524
0.17663 0.037042 0.54964
0.189 0.037072 0.55294
0.16531 0.037031 0.58023
0.1583 0.037029 0.59224
0.18434 0.037063 0.57905
0.18216 0.037057 0.59061
0.15654 0.037023 0.60801
0.15862 0.03702 0.62396
0.18361 0.037053 0.61091
0.17668 0.037036 0.62054
0.15975 0.037021 0.65336
0.18512 0.037031 0.63775
0.17125 0.037025 0.65381
0.15514 0.037025 0.66635
0.15966 0.037026 0.68661
0.16676 0.037024 0.66925
0.16647 0.037031 0.69366
0.14556 0.037037 0.69898
0.15538 0.037039 0.72703
0.17065 0.037034 0.69986
0.16291 0.037039 0.72631
0.15383 0.037045 0.74353
0.14573 0.037054 0.7624
0.16834 0.03704 0.73276
0.17054 0.03704 0.75017
0.14708 0.037061 0.79156
0.16229 0.037052 0.77271
0.1623 0.037056 0.79704
0.15201 0.037062 0.80663
0.14837 0.037068 0.83014
0.17053 0.037056 0.81411
0.16182 0.037063 0.8301
0.1458 0.037074 0.85189
0.15243 0.03707 0.86932
0.16528 0.037068 0.84993
0.16526 0.037062 0.86755
0.14308 0.037073 0.88562
0.16298 0.037104 0.88992
0.16567 0.0373 0.90734
0.14503 0.037157 0.92082
0.15312 0.038157 0.93919
0.17174 0.037595 0.91603
0.16865 0.038043 0.92897
0.15038 0.033544 0.95669
0.17182 0.038845 0.94144
0.1716 0.033334 0.96171
0.1753 0.037312 0.045437
0.1825 0.037307 0.062653
0.19193 0.037306 0.046206
0.19097 0.037306 0.056304
0.17529 0.037306 0.07861
0.17931 0.037301 0.095225
0.19478 0.037297 0.080436
0.19466 0.037294 0.096596
0.17472 0.037299 0.10987
0.17943 0.03729 0.13405
0.18943 0.037292 0.11163
0.19672 0.037288 0.12304
0.17824 0.037285 0.14655
0.18559 0.037279 0.16072
0.19369 0.03728 0.15176
0.19835 0.037279 0.15741
0.1866 0.037259 0.20207
0.19797 0.037267 0.18023
0.19382 0.037264 0.19749
0.18409 0.037247 0.23666
0.19573 0.037259 0.21089
0.19577 0.037258 0.23014
0.18249 0.03724 0.24932
0.18575 0.037234 0.26797
0.19823 0.037244 0.25995
0.2007 0.037242 0.28147
0.19666 0.037239 0.29976
0.17826 0.037224 0.30822
0.18592 0.03722 0.32615
0.20025 0.037249 0.32019
0.20264 0.037248 0.33731
0.1791 0.037209 0.35474
0.18201 0.037198 0.36275
0.19596 0.037225 0.35031
0.19897 0.037221 0.36118
0.18758 0.037181 0.39027
0.19636 0.03723 0.39342
0.18808 0.037816 0.411
0.18218 0.037923 0.42738
0.19181 0.037912 0.41772
0.19684 0.03759 0.42987
0.18692 0.037327 0.44122
0.1927 0.037084 0.46252
0.19965 0.037259 0.44361
0.20254 0.03711 0.47218
0.19759 0.037115 0.49895
0.21033 0.03712 0.49234
0.21805 0.037132 0.50176
0.20047 0.037104 0.51232
0.20225 0.037079 0.53309
0.23357 0.037262 0.5213
0.22876 0.037128 0.53598
0.20185 0.037072 0.54511
0.21605 0.037058 0.5586
0.20616 0.037046 0.57388
0.19345 0.037052 0.5871
0.22042 0.037101 0.57837
0.213 0.037045 0.59048
0.20422 0.037028 0.60169
0.19493 0.037034 0.62142
0.21441 0.037051 0.59889
0.21342 0.037028 0.61529
0.19323 0.037023 0.63884
0.19467 0.037019 0.64781
0.2245 0.037023 0.63727
0.22323 0.037026 0.64872
0.19135 0.037019 0.66501
0.18747 0.037018 0.6813
0.20725 0.037015 0.66074
0.2065 0.037014 0.6807
0.1906 0.037015 0.70885
0.18554 0.037023 0.72168
0.20388 0.037015 0.69432
0.20026 0.037021 0.72542
0.19017 0.037027 0.74194
0.18208 0.037031 0.75086
0.19967 0.037027 0.74043
0.17824 0.037045 0.78914
0.20153 0.037026 0.76552
0.19852 0.037036 0.79486
0.18272 0.037047 0.80516
0.19572 0.037044 0.81309
0.19643 0.037046 0.82959
0.18516 0.037057 0.8418
0.17554 0.03706 0.86081
0.19399 0.03706 0.84916
0.19196 0.037057 0.85722
0.17377 0.037059 0.88279
0.17823 0.037482 0.9006
0.19943 0.037046 0.87596
0.19826 0.037514 0.89935
0.1812 0.038371 0.9237
0.19082 0.038553 0.92234
0.18332 0.034224 0.94898
0.19005 0.038743 0.93026
0.18921 0.033409 0.95383
0.20685 0.037297 0.044947
0.21534 0.037291 0.060065
0.229 0.037285 0.035085
0.22709 0.037286 0.057799
0.21408 0.03729 0.070798
0.21094 0.037288 0.091781
0.23177 0.037281 0.073301
0.22856 0.037279 0.097121
0.21692 0.037282 0.1047
0.21134 0.037278 0.13219
0.234 0.037274 0.10563
0.226 0.037276 0.12672
0.21068 0.037273 0.14828
0.20741 0.037263 0.1815
0.21857 0.037259 0.19904
0.23456 0.037254 0.18147
0.23745 0.037255 0.19332
0.21411 0.037254 0.21008
0.23207 0.03725 0.21075
0.22328 0.037242 0.25001
0.23743 0.037252 0.24597
0.23676 0.037263 0.27017
0.21793 0.037247 0.28399
0.21246 0.037252 0.2919
0.23777 0.037258 0.28265
0.22986 0.037365 0.30097
0.22137 0.037368 0.31877
0.2189 0.037288 0.33769
0.22963 0.037652 0.32878
0.21188 0.037257 0.34355
0.2155 0.037238 0.36972
0.22833 0.037471 0.34264
0.23573 0.037355 0.36072
0.21887 0.037227 0.38051
0.21373 0.037225 0.40119
0.23011 0.03727 0.37773
0.22124 0.037191 0.40775
0.20594 0.037437 0.42196
0.21741 0.037157 0.42092
0.21689 0.037186 0.44467
0.21757 0.037168 0.47159
0.23282 0.037216 0.44998
0.2395 0.037219 0.47096
0.22825 0.037173 0.48655
0.24479 0.037479 0.51062
0.24047 0.03721 0.49771
0.25305 0.037699 0.51453
0.25101 0.037888 0.52739
0.2541 0.037714 0.53723
0.25614 0.037343 0.54809
0.25467 0.037206 0.55797
0.27099 0.037228 0.55756
0.23846 0.037267 0.57822
0.23242 0.037344 0.58762
0.26442 0.037465 0.57647
0.25955 0.037615 0.58133
0.2343 0.037478 0.59537
0.23366 0.037264 0.61434
0.25442 0.037664 0.60258
0.23124 0.037027 0.6329
0.24088 0.037005 0.6358
0.25329 0.037334 0.61197
0.23707 0.037016 0.65646
0.22427 0.037004 0.68196
0.24828 0.037024 0.65498
0.24063 0.037004 0.68065
0.22021 0.037009 0.69696
0.21679 0.037009 0.71785
0.23819 0.037011 0.69652
0.23861 0.037002 0.70853
0.21648 0.037012 0.75249
0.2353 0.037004 0.73759
0.21326 0.037021 0.77642
0.21941 0.037019 0.7888
0.23313 0.037013 0.76454
0.21065 0.037037 0.83272
0.23527 0.037017 0.81291
0.23082 0.037024 0.82977
0.21011 0.037045 0.84882
0.21278 0.037042 0.86382
0.22876 0.037028 0.8373
0.22821 0.037032 0.86181
0.21094 0.037049 0.8824
0.21086 0.037304 0.90303
0.22316 0.037041 0.88334
0.22547 0.037045 0.90537
0.20816 0.038159 0.93432
0.22179 0.037216 0.92578
0.19461 0.039253 0.94611
0.20162 0.033334 0.96333
0.21157 0.03893 0.94982
0.21099 0.033341 0.96001
0.23973 0.03728 0.035102
0.2435 0.037276 0.063278
0.25723 0.037271 0.043102
0.26557 0.037267 0.05778
0.24529 0.037274 0.069853
0.24168 0.037275 0.087642
0.26166 0.037264 0.078642
0.26514 0.037263 0.088786
0.25214 0.037264 0.12423
0.26181 0.037261 0.1056
0.25777 0.037261 0.13155
0.24225 0.03726 0.15073
0.26156 0.037256 0.14556
0.26803 0.037256 0.16352
0.24389 0.03725 0.18429
0.25467 0.037252 0.20085
0.26161 0.037252 0.18515
0.26793 0.037257 0.19564
0.24863 0.037241 0.22134
0.24443 0.03725 0.2403
0.26517 0.037257 0.21665
0.24592 0.037251 0.25612
0.2526 0.037247 0.26287
0.25169 0.037249 0.29284
0.24675 0.037972 0.31703
0.26647 0.037924 0.30194
0.25874 0.038074 0.32015
0.25571 0.037985 0.33189
0.24329 0.037384 0.36305
0.25774 0.037595 0.34817
0.26627 0.037409 0.36535
0.24662 0.037339 0.37574
0.25811 0.037329 0.37998
0.25337 0.037307 0.39677
0.23761 0.037279 0.4199
0.24919 0.037331 0.43483
0.25556 0.037339 0.41135
0.24867 0.037294 0.45097
0.2539 0.037275 0.47336
0.26624 0.037354 0.45723
0.27039 0.037334 0.47838
0.25779 0.037304 0.50015
0.27111 0.037324 0.49687
0.2844 0.037452 0.51351
0.27632 0.037807 0.52728
0.30499 0.037367 0.54279
0.30119 0.037436 0.55031
0.28776 0.037541 0.56183
0.28212 0.037772 0.57821
0.28714 0.037701 0.58006
0.27357 0.037696 0.58921
0.26617 0.037344 0.60585
0.27984 0.037444 0.59053
0.28326 0.03712 0.60213
0.26343 0.03704 0.62217
0.2713 0.036998 0.6337
0.28219 0.037007 0.62347
0.28295 0.037019 0.63916
0.26809 0.037004 0.65961
0.28587 0.037021 0.66469
0.26056 0.03699 0.701
0.27411 0.037013 0.68757
0.27272 0.036996 0.71029
0.25611 0.036996 0.72744
0.25076 0.036993 0.74757
0.27061 0.036997 0.73153
0.27747 0.036984 0.7495
0.24539 0.037006 0.77048
0.25266 0.036999 0.78378
0.27155 0.036992 0.76077
0.25127 0.037006 0.80145
0.26946 0.036997 0.80131
0.26073 0.037001 0.82413
0.24894 0.037013 0.84325
0.2427 0.037023 0.86167
0.23923 0.037033 0.88302
0.23709 0.03703 0.89422
0.26147 0.037021 0.87873
0.24458 0.037061 0.92103
0.23102 0.037757 0.93963
0.25201 0.037022 0.90974
0.25799 0.037529 0.93866
0.23519 0.033334 0.96282
0.25186 0.037622 0.94347
0.28194 0.037258 0.058288
0.3024 0.037247 0.063478
0.28409 0.03725 0.08331
0.27757 0.037255 0.099166
0.30116 0.037243 0.077876
0.27895 0.037252 0.11519
0.29848 0.037244 0.11035
0.2941 0.037247 0.13065
0.28028 0.037248 0.14423
0.27833 0.037253 0.16655
0.30203 0.03724 0.14688
0.30413 0.037251 0.16866
0.27536 0.03725 0.18024
0.28115 0.037252 0.19456
0.29702 0.037261 0.20635
0.2862 0.037276 0.23089
0.29962 0.037262 0.21199
0.29887 0.037299 0.23987
0.27927 0.037626 0.2816
0.29953 0.037308 0.25657
0.29406 0.037633 0.27906
0.28681 0.03801 0.28914
0.26793 0.037997 0.31747
0.26888 0.037802 0.32449
0.29336 0.03762 0.3203
0.27025 0.037536 0.34122
0.27921 0.037454 0.36355
0.28637 0.037447 0.34484
0.29116 0.03748 0.35755
0.27718 0.037464 0.37016
0.27546 0.03741 0.39194
0.29194 0.037532 0.37932
0.26954 0.037361 0.4185
0.26945 0.037367 0.43877
0.28225 0.037426 0.42332
0.2829 0.037414 0.44555
0.28178 0.037375 0.48396
0.28555 0.037405 0.45543
0.30501 0.037551 0.47729
0.28517 0.037334 0.49979
0.29965 0.037305 0.51843
0.31354 0.037307 0.51471
0.3144 0.037206 0.53608
0.38442 0.037394 0.55463
0.37286 0.037333 0.55713
0.32459 0.03775 0.56362
0.36072 0.037357 0.56142
0.37245 0.037471 0.56791
0.32677 0.037675 0.56654
0.30693 0.037247 0.57862
0.34677 0.037373 0.57106
0.34404 0.037085 0.57577
0.31442 0.036987 0.58509
0.30521 0.036989 0.60103
0.32997 0.036948 0.59411
0.30413 0.036997 0.61973
0.30081 0.037013 0.63697
0.3183 0.037007 0.61885
0.3193 0.037164 0.6398
0.29923 0.037025 0.64616
0.30229 0.037111 0.66774
0.32269 0.037499 0.65287
0.31168 0.037384 0.67368
0.29307 0.037004 0.69183
0.29542 0.036989 0.70106
0.31298 0.036999 0.70262
0.29519 0.036969 0.73225
0.28926 0.036977 0.75185
0.31113 0.036996 0.72184
0.2822 0.036988 0.76144
0.28837 0.036975 0.78114
0.30815 0.036982 0.76356
0.30187 0.036976 0.78423
0.30151 0.03698 0.80382
0.29253 0.036984 0.82224
0.28322 0.036991 0.8429
0.3024 0.036983 0.83826
0.29284 0.036988 0.85603
0.27405 0.037007 0.88213
0.2829 0.037 0.89495
0.29594 0.036993 0.87919
0.28746 0.036998 0.8956
0.29758 0.036996 0.91236
0.29336 0.037434 0.93107
0.27498 0.038243 0.95012
0.27743 0.033362 0.95742
0.29526 0.037697 0.94013
0.28271 0.033334 0.9613
0.30831 0.037245 0.046506
0.31191 0.037242 0.060908
0.3346 0.037231 0.0454
0.33594 0.037231 0.060948
0.31078 0.037237 0.083992
0.31496 0.037238 0.092224
0.33102 0.03723 0.073978
0.3276 0.037232 0.099715
0.31358 0.037236 0.11484
0.31185 0.03724 0.13402
0.33614 0.037228 0.11023
0.3271 0.037238 0.13203
0.31091 0.037237 0.15355
0.3143 0.037251 0.16589
0.33085 0.037232 0.15274
0.33185 0.037244 0.16287
0.31304 0.037248 0.18858
0.31619 0.037269 0.20474
0.33264 0.037247 0.18273
0.31838 0.037311 0.23715
0.33787 0.037292 0.22165
0.3369 0.037309 0.23044
0.30911 0.037314 0.26004
0.31346 0.037375 0.27097
0.32426 0.037374 0.27416
0.30574 0.037603 0.28346
0.29356 0.038068 0.29967
0.32019 0.037405 0.2809
0.32557 0.037472 0.29292
0.29693 0.037773 0.3089
0.29874 0.037665 0.31608
0.31958 0.037554 0.30974
0.32028 0.037611 0.31613
0.30755 0.037699 0.32855
0.30266 0.037634 0.35813
0.31849 0.037816 0.33703
0.32537 0.037836 0.35439
0.307 0.037707 0.36374
0.29757 0.037619 0.39291
0.31842 0.037635 0.37177
0.32507 0.037451 0.38413
0.29056 0.037559 0.41884
0.2981 0.037749 0.43409
0.30209 0.037867 0.40776
0.30616 0.038005 0.44114
0.30847 0.037653 0.4654
0.31411 0.037674 0.48314
0.32422 0.03786 0.47102
0.34059 0.037698 0.48571
0.32578 0.037104 0.50873
0.33763 0.037283 0.49837
0.33561 0.037093 0.51754
0.3444 0.037072 0.53314
0.38127 0.036893 0.5465
0.35602 0.037022 0.52979
0.39844 0.036382 0.56344
0.39787 0.037482 0.60299
0.37755 0.037055 0.58915
0.42747 0.041267 0.4012
0.35674 0.036933 0.59175
0.34013 0.037053 0.60051
0.36929 0.037126 0.60928
0.34687 0.037101 0.63532
0.34267 0.037437 0.65255
0.33828 0.037592 0.67348
0.34228 0.037123 0.69007
0.33772 0.036997 0.70389
0.32365 0.036996 0.71666
0.32806 0.036974 0.73867
0.34059 0.036995 0.72269
0.33733 0.036975 0.7434
0.32581 0.036969 0.76157
0.31635 0.036963 0.778
0.33262 0.036959 0.76584
0.33079 0.036961 0.78477
0.3132 0.036975 0.79351
0.32965 0.036957 0.81649
0.31171 0.036975 0.83441
0.31669 0.036972 0.85414
0.30706 0.036984 0.88118
0.31444 0.036978 0.8895
0.32825 0.036974 0.86764
0.32454 0.036973 0.89617
0.30523 0.036998 0.91541
0.31382 0.03718 0.93225
0.33361 0.036968 0.90614
0.32287 0.037056 0.9249
0.30288 0.03771 0.94796
0.32416 0.037275 0.94459
0.34594 0.037226 0.041477
0.34513 0.037227 0.058174
0.36946 0.037217 0.041714
0.35893 0.037224 0.053529
0.34595 0.037223 0.077858
0.34577 0.037225 0.091609
0.36115 0.037217 0.089847
0.34843 0.037222 0.11218
0.34382 0.037233 0.13105
0.36404 0.037227 0.13081
0.34725 0.037228 0.14926
0.35166 0.03724 0.16274
0.36395 0.037223 0.15176
0.37091 0.037231 0.16105
0.35238 0.037246 0.18175
0.35249 0.037251 0.19343
0.35959 0.037247 0.17734
0.36485 0.037258 0.19348
0.34536 0.037286 0.2144
0.34453 0.037337 0.23601
0.3612 0.037295 0.2137
0.35217 0.037381 0.25005
0.34803 0.037468 0.27484
0.36218 0.037399 0.25304
0.36898 0.037497 0.26995
0.35401 0.03757 0.29195
0.35145 0.037617 0.30044
0.36929 0.037667 0.28992
0.36278 0.037629 0.29783
0.34322 0.037727 0.30907
0.34209 0.037775 0.3266
0.3645 0.037811 0.31177
0.35502 0.037762 0.32784
0.34632 0.037823 0.33263
0.33059 0.037883 0.34859
0.35034 0.037842 0.34058
0.35786 0.036931 0.36119
0.34897 0.037059 0.39258
0.3166 0.038221 0.4034
0.31143 0.038476 0.44129
0.33224 0.037886 0.40475
0.33776 0.038177 0.47479
0.33376 0.039013 0.46719
0.35299 0.037242 0.49102
0.3557 0.036706 0.51682
0.36408 0.035978 0.46518
0.36465 0.036831 0.5225
0.36763 0.036775 0.51758
0.40963 0.037437 0.57978
0.41938 0.036254 0.51367
0.41368 0.038553 0.59351
0.40782 0.046216 0.40052
0.38894 0.054152 0.38997
0.42781 0.039429 0.40805
0.40254 0.03559 0.44056
0.37237 0.037046 0.61436
0.40732 0.035308 0.43767
0.39881 0.036896 0.62138
0.36646 0.037074 0.63717
0.35059 0.037339 0.65295
0.38544 0.037171 0.63351
0.37534 0.037165 0.64742
0.34672 0.037476 0.67077
0.3783 0.037152 0.65653
0.38173 0.037166 0.67376
0.34624 0.037208 0.68343
0.35782 0.03701 0.69555
0.37742 0.037092 0.68378
0.36776 0.037029 0.70538
0.35667 0.037021 0.71351
0.35625 0.036981 0.74392
0.37005 0.037008 0.7178
0.37151 0.036987 0.73623
0.36793 0.036967 0.75638
0.36643 0.036955 0.78254
0.35635 0.036957 0.79872
0.3447 0.036951 0.80856
0.36477 0.036946 0.81096
0.35353 0.036953 0.83275
0.35014 0.036953 0.85281
0.37099 0.036947 0.82437
0.36839 0.036943 0.85246
0.34317 0.036972 0.87458
0.3457 0.036961 0.8904
0.35909 0.036953 0.8837
0.34985 0.036958 0.90997
0.34235 0.037206 0.92962
0.35756 0.036968 0.91329
0.35712 0.037212 0.92635
0.3483 0.037478 0.94067
0.33945 0.033338 0.95907
0.36354 0.03756 0.94041
0.35478 0.033334 0.96294
0.37613 0.037214 0.03534
0.38556 0.037212 0.059051
0.39406 0.037206 0.041938
0.39523 0.037209 0.075621
0.40113 0.03721 0.10146
0.37829 0.037215 0.11292
0.39019 0.037224 0.12688
0.40304 0.037198 0.11855
0.39816 0.037215 0.12689
0.37935 0.037217 0.15492
0.38046 0.037246 0.16917
0.40455 0.037215 0.14882
0.38681 0.037249 0.18003
0.38148 0.03726 0.19316
0.40161 0.037306 0.20609
0.38256 0.037314 0.21363
0.38574 0.037351 0.23159
0.39728 0.037328 0.22032
0.39702 0.037355 0.23083
0.38081 0.037446 0.25773
0.37845 0.037513 0.26973
0.40399 0.037466 0.25153
0.401 0.037593 0.27441
0.37902 0.037674 0.28619
0.38558 0.037831 0.30642
0.40408 0.037821 0.29035
0.398 0.037868 0.30423
0.38471 0.038697 0.32784
0.40257 0.038294 0.31667
0.39391 0.038884 0.32715
0.37357 0.038126 0.33691
0.39827 0.03739 0.35574
0.36783 0.03644 0.3649
0.4292 0.038681 0.36944
0.34688 0.038135 0.40827
0.36041 0.037072 0.38607
0.33447 0.039635 0.42472
0.34593 0.040362 0.46109
0.35728 0.041113 0.42846
0.32185 0.040834 0.44836
0.36663 0.041187 0.4058
0.38162 0.037886 0.39456
0.36988 0.035709 0.43093
0.37914 0.037221 0.51048
0.41094 0.038618 0.59178
0.37797 0.037404 0.5043
0.41752 0.038835 0.58675
0.37327 0.05311 0.38929
0.36953 0.05399 0.36428
0.42083 0.051845 0.42895
0.42435 0.036926 0.42004
0.43628 0.051108 0.42904
0.43116 0.036582 0.58591
0.40817 0.036849 0.62118
0.40191 0.037072 0.62661
0.42335 0.037078 0.62373
0.44266 0.037599 0.61782
0.39928 0.037306 0.63613
0.39779 0.037318 0.64779
0.41495 0.036687 0.48333
0.44452 0.037453 0.57954
0.3959 0.037306 0.656
0.43721 0.037583 0.63879
0.42089 0.037328 0.6587
0.40155 0.037092 0.69696
0.42275 0.037222 0.67243
0.41057 0.037121 0.69608
0.39457 0.036989 0.72075
0.38482 0.036987 0.72873
0.40303 0.037009 0.71601
0.39328 0.036966 0.7548
0.38864 0.036948 0.77735
0.40025 0.036983 0.7479
0.38706 0.036947 0.78943
0.37915 0.036939 0.81599
0.38158 0.036944 0.82511
0.379 0.036932 0.84591
0.39556 0.036941 0.82457
0.39524 0.036928 0.85429
0.38021 0.036948 0.86904
0.37493 0.036946 0.89209
0.39637 0.036935 0.89541
0.37825 0.036952 0.90896
0.38437 0.037355 0.9307
0.3916 0.036947 0.90785
0.39772 0.037325 0.93294
0.38107 0.037692 0.9434
0.37489 0.033429 0.95497
0.3938 0.037628 0.94385
0.39948 0.03339 0.95551
0.41797 0.037201 0.037095
0.42328 0.037201 0.042489
0.4234 0.037208 0.0684
0.40859 0.037214 0.087756
0.42757 0.037206 0.078808
0.43817 0.037397 0.10284
0.42464 0.037177 0.11746
0.416 0.037185 0.12931
0.43174 0.037337 0.11376
0.4363 0.037422 0.12888
0.42437 0.03721 0.15261
0.41594 0.037247 0.17013
0.43946 0.037242 0.15447
0.41802 0.037246 0.17986
0.41575 0.037302 0.20368
0.4278 0.037248 0.18597
0.42947 0.037266 0.19394
0.41987 0.037442 0.24373
0.43102 0.037334 0.22153
0.43568 0.037347 0.22979
0.40737 0.037481 0.25761
0.42019 0.037652 0.2768
0.43551 0.037491 0.25132
0.4212 0.037887 0.29187
0.41862 0.037992 0.29875
0.43519 0.037885 0.31434
0.41172 0.03883 0.32549
0.4017 0.039016 0.33271
0.42513 0.038012 0.32074
0.40777 0.039116 0.3384
0.40298 0.038892 0.34275
0.41109 0.038859 0.35234
0.45846 0.038129 0.37388
0.44759 0.038859 0.37025
0.46514 0.042026 0.3843
0.51216 0.038067 0.38956
0.39348 0.03662 0.37324
0.33983 0.040505 0.42822
0.48408 0.040803 0.40197
0.42333 0.037095 0.37893
0.32175 0.04184 0.43597
0.34935 0.042541 0.44565
0.35243 0.038583 0.4087
0.46252 0.0522 0.39292
0.3718 0.035817 0.42606
0.3855 0.040075 0.38787
0.37997 0.034916 0.44904
0.37676 0.036888 0.49379
0.41683 0.038115 0.56504
0.38762 0.036267 0.51506
0.42148 0.037135 0.5339
0.41061 0.051979 0.42572
0.43614 0.042354 0.42195
0.4322 0.036663 0.58083
0.56675 0.040975 0.35572
0.43963 0.035838 0.50925
0.45057 0.040842 0.42972
0.56208 0.043567 0.351
0.42356 0.037859 0.44954
0.44771 0.037766 0.5927
0.41459 0.037283 0.47934
0.4671 0.037648 0.61466
0.4462 0.037529 0.63986
0.4432 0.037466 0.65008
0.47107 0.037647 0.63391
0.46431 0.037508 0.65125
0.43764 0.037303 0.67261
0.4287 0.037214 0.68765
0.44797 0.037284 0.68056
0.42114 0.037034 0.72518
0.44154 0.037087 0.70693
0.43302 0.037051 0.72737
0.42177 0.036982 0.74918
0.41162 0.03695 0.77372
0.43814 0.036978 0.74882
0.43882 0.036957 0.76774
0.42181 0.036938 0.79507
0.43846 0.036947 0.78389
0.42566 0.036935 0.80522
0.41172 0.036935 0.82425
0.42906 0.036909 0.85033
0.41714 0.03693 0.87326
0.41227 0.036917 0.89405
0.43202 0.03692 0.87338
0.42658 0.036911 0.8838
0.41382 0.03691 0.9057
0.4112 0.03718 0.93165
0.43152 0.037031 0.92856
0.40489 0.037501 0.94607
0.42197 0.037174 0.93909
0.43183 0.033334 0.96137
0.44031 0.037209 0.042649
0.4448 0.037206 0.06545
0.45849 0.03721 0.046721
0.43852 0.037199 0.076976
0.44439 0.037445 0.10071
0.46441 0.03719 0.086377
0.46466 0.037656 0.10479
0.45163 0.038032 0.1189
0.46983 0.037792 0.11101
0.45654 0.037834 0.12811
0.44821 0.037243 0.15283
0.46216 0.037828 0.13069
0.46411 0.037229 0.15701
0.45086 0.037219 0.17186
0.44683 0.037297 0.20038
0.46044 0.037238 0.18375
0.45971 0.037314 0.20515
0.44984 0.03734 0.21857
0.44511 0.037363 0.23218
0.45618 0.037428 0.2411
0.4427 0.037538 0.25683
0.44071 0.037631 0.27304
0.45398 0.037539 0.25586
0.44321 0.037754 0.28573
0.44388 0.037811 0.30486
0.46139 0.037765 0.29615
0.46681 0.037728 0.30623
0.43275 0.037636 0.32065
0.43756 0.03679 0.3276
0.43515 0.035965 0.33814
0.48536 0.037415 0.39627
0.52972 0.045968 0.3862
0.41919 0.037328 0.33935
0.42984 0.037075 0.35966
0.50034 0.05826 0.41736
0.5179 0.040733 0.39698
0.45234 0.036945 0.36909
0.50544 0.063693 0.41743
0.46013 0.062971 0.44668
0.39176 0.035793 0.37744
0.32687 0.040689 0.4437
0.50772 0.038595 0.40172
0.49037 0.03479 0.40889
0.35668 0.040576 0.42211
0.37653 0.03494 0.40708
0.38568 0.034181 0.40994
0.40409 0.035592 0.52685
0.38039 0.039154 0.47015
0.40452 0.035222 0.52341
0.44444 0.04072 0.42539
0.40934 0.034987 0.49601
0.40266 0.036824 0.46407
0.43304 0.034989 0.54435
0.56685 0.038622 0.35801
0.58516 0.041697 0.39095
0.56647 0.038632 0.40078
0.44184 0.037456 0.44027
0.4144 0.037389 0.46621
0.44051 0.036933 0.49871
0.43186 0.035895 0.47429
0.46679 0.037829 0.60695
0.47633 0.03785 0.60886
0.45242 0.036407 0.51239
0.44975 0.037765 0.53873
0.48099 0.037724 0.6249
0.48503 0.037557 0.62984
0.49252 0.037646 0.60482
0.4723 0.037438 0.65846
0.4667 0.037258 0.67896
0.48697 0.037467 0.64241
0.47688 0.037256 0.67818
0.46417 0.037164 0.6932
0.44918 0.037065 0.72449
0.47257 0.037133 0.69792
0.46612 0.037072 0.72115
0.4503 0.036997 0.74355
0.44867 0.03696 0.77036
0.46216 0.036975 0.74622
0.46979 0.036959 0.77062
0.44867 0.036926 0.79957
0.45927 0.03692 0.79137
0.45871 0.036922 0.80292
0.44929 0.036925 0.81971
0.44205 0.036902 0.84947
0.46656 0.03692 0.82013
0.44412 0.036919 0.86164
0.44462 0.036899 0.88561
0.45677 0.036901 0.87384
0.46471 0.036898 0.89041
0.45177 0.036897 0.91248
0.45227 0.036964 0.9263
0.46554 0.036938 0.91427
0.46212 0.037129 0.9321
0.44997 0.037061 0.9476
0.472 0.037666 0.94558
0.46733 0.033333 0.96347
0.47995 0.041723 0.40649
0.4142 0.037345 0.39144
0.40638 0.036582 0.41521
0.43896 0.041005 0.4001
0.4818 0.037198 0.047745
0.47809 0.0372 0.068653
0.49585 0.037195 0.039683
0.48806 0.0372 0.066246
0.47055 0.037192 0.086535
0.47714 0.037348 0.099717
0.49198 0.037197 0.077911
0.49368 0.037223 0.099771
0.48646 0.037419 0.11895
0.4806 0.037665 0.12353
0.49034 0.037265 0.11313
0.49657 0.037265 0.13673
0.47555 0.037503 0.13896
0.49009 0.037237 0.16324
0.46779 0.037246 0.18049
0.47607 0.037288 0.19785
0.48449 0.03727 0.18027
0.47888 0.037357 0.2164
0.47558 0.037416 0.23482
0.49001 0.037355 0.21365
0.49 0.037398 0.23134
0.4715 0.037586 0.26001
0.47786 0.037633 0.26549
0.48604 0.037544 0.24916
0.49233 0.037602 0.26091
0.47083 0.037786 0.2917
0.48436 0.037899 0.29101
0.49617 0.037721 0.28248
0.50193 0.037913 0.29514
0.48296 0.037348 0.31641
0.48732 0.036766 0.3236
0.5082 0.037677 0.32356
0.46446 0.035484 0.33915
0.47595 0.035571 0.33773
0.53494 0.038048 0.32188
0.55549 0.038714 0.32065
0.45475 0.035034 0.34866
0.47292 0.035354 0.34224
0.54848 0.038844 0.33363
0.47857 0.03664 0.38787
0.54074 0.037442 0.32652
0.53928 0.036967 0.33057
0.48082 0.04853 0.41887
0.50013 0.035959 0.41162
0.45441 0.034057 0.35788
0.4602 0.033602 0.35793
0.45875 0.033588 0.41307
0.47088 0.033362 0.42052
0.42427 0.033441 0.39209
0.42155 0.033752 0.50015
0.5744 0.033593 0.362
0.46233 0.034374 0.43488
0.48768 0.034516 0.55256
0.46353 0.035713 0.56263
0.42246 0.035714 0.4674
0.60381 0.034445 0.42135
0.45642 0.037586 0.551
0.45936 0.037308 0.56909
0.5874 0.03383 0.42238
0.46938 0.040852 0.55159
0.45765 0.039134 0.54747
0.47585 0.038022 0.57726
0.46975 0.040471 0.55265
0.45476 0.037432 0.53413
0.49279 0.037922 0.57619
0.47904 0.038185 0.59061
0.49778 0.03757 0.62263
0.50113 0.03764 0.5993
0.50899 0.037547 0.62141
0.49182 0.037384 0.66541
0.50677 0.037498 0.64033
0.50121 0.037303 0.67375
0.48568 0.037207 0.69589
0.4848 0.037126 0.71473
0.49904 0.037196 0.69866
0.4993 0.037107 0.71515
0.48533 0.037032 0.73346
0.47608 0.036964 0.76218
0.49451 0.036956 0.77075
0.48213 0.036915 0.80768
0.49618 0.036928 0.78521
0.49388 0.036917 0.81157
0.48005 0.036907 0.82601
0.4821 0.03689 0.8466
0.48861 0.036887 0.8435
0.47954 0.036894 0.86604
0.47738 0.036884 0.87989
0.49677 0.036879 0.87361
0.47642 0.03738 0.93082
0.49474 0.036955 0.90935
0.49216 0.037768 0.93516
0.48395 0.038251 0.94734
0.48402 0.033594 0.95438
0.49384 0.038166 0.94243
0.45616 0.040739 0.41523
0.53204 0.036795 0.39458
0.54062 0.033996 0.39217
0.53743 0.034409 0.34846
0.53316 0.039536 0.38134
0.48325 0.035244 0.37505
0.40365 0.035946 0.38287
0.42988 0.035135 0.3898
0.45644 0.034588 0.38492
0.4792 0.038836 0.41103
0.47542 0.038394 0.41982
0.47317 0.034825 0.41294
0.48532 0.034065 0.36892
0.47413 0.03412 0.42154
0.54741 0.033876 0.36399
0.406 0.037931 0.41017
0.52875 0.062388 0.4082
0.58573 0.033665 0.44215
0.53344 0.036602 0.35114
0.52594 0.034557 0.35429
0.53676 0.045355 0.3582
0.49783 0.065899 0.42827
0.49547 0.036815 0.3852
0.45157 0.04005 0.40561
0.45597 0.036661 0.40306
0.49621 0.048503 0.41875
0.44354 0.036766 0.39292
0.42284 0.055113 0.42218
0.44772 0.036885 0.39636
0.48459 0.043776 0.42171
0.52986 0.036308 0.394
0.45285 0.049014 0.41913
0.54569 0.041082 0.35363
0.54385 0.035723 0.38571
0.54261 0.036826 0.37069
0.53558 0.034864 0.39562
0.60391 0.034076 0.44028
0.53939 0.033866 0.36538
0.54405 0.035468 0.37278
0.50855 0.061731 0.41882
0.59833 0.034448 0.44099
0.44465 0.03712 0.39588
0.55971 0.033864 0.34571
0.50732 0.037193 0.046907
0.52527 0.037191 0.049113
0.52435 0.037197 0.059983
0.5068 0.037199 0.076148
0.50824 0.037215 0.094841
0.52957 0.037196 0.071789
0.52451 0.037212 0.095305
0.50632 0.037233 0.11602
0.51442 0.037242 0.12888
0.5293 0.037217 0.11888
0.5246 0.037225 0.1271
0.51469 0.037229 0.1523
0.51174 0.037233 0.16372
0.51906 0.037227 0.15095
0.51963 0.037272 0.17522
0.50897 0.037278 0.18089
0.51481 0.037287 0.19609
0.5291 0.037283 0.19257
0.51912 0.037292 0.19698
0.5172 0.037377 0.22073
0.50308 0.037378 0.22804
0.53184 0.037373 0.21808
0.53419 0.037388 0.23167
0.51279 0.037562 0.24919
0.51305 0.03768 0.26135
0.52735 0.037844 0.25298
0.52626 0.038043 0.26225
0.51003 0.037732 0.28829
0.53453 0.038131 0.27118
0.53063 0.037944 0.27602
0.51254 0.037854 0.3002
0.53595 0.038036 0.29898
0.56033 0.037985 0.29685
0.58334 0.037769 0.32652
0.52331 0.038124 0.31122
0.59759 0.036909 0.3652
0.61272 0.036823 0.393
0.56625 0.039166 0.32626
0.59116 0.037589 0.35948
0.60119 0.039729 0.45612
0.55687 0.038904 0.31266
0.55833 0.038667 0.31212
0.62747 0.039979 0.42978
0.6097 0.036423 0.40111
0.59438 0.034797 0.37789
0.62333 0.036811 0.43518
0.49241 0.036436 0.38079
0.53213 0.033473 0.37212
0.59067 0.033597 0.45928
0.55074 0.03337 0.47921
0.51878 0.033479 0.35559
0.4809 0.033606 0.55162
0.50399 0.033341 0.44152
0.47033 0.033831 0.52235
0.48588 0.03731 0.56465
0.48361 0.046073 0.54081
0.48403 0.043014 0.52799
0.48731 0.041516 0.53394
0.49582 0.039206 0.56717
0.48889 0.040283 0.53953
0.49144 0.03999 0.53466
0.50481 0.038262 0.57114
0.51854 0.037845 0.58108
0.50351 0.038038 0.54454
0.51842 0.03722 0.56151
0.5202 0.037773 0.59967
0.51739 0.037656 0.61517
0.53043 0.037627 0.59774
0.53812 0.037308 0.61849
0.51046 0.03736 0.65707
0.51172 0.037243 0.67722
0.51946 0.037219 0.67825
0.50931 0.037163 0.69539
0.50947 0.037104 0.71133
0.52411 0.037167 0.6869
0.51826 0.037088 0.71335
0.51431 0.037015 0.73331
0.50621 0.036957 0.7627
0.52459 0.036955 0.74774
0.52866 0.036949 0.7646
0.50733 0.036923 0.78647
0.51216 0.03691 0.79867
0.52255 0.036909 0.79242
0.52324 0.036911 0.80439
0.51164 0.03688 0.84135
0.5313 0.036881 0.85053
0.51075 0.036887 0.87095
0.51632 0.036878 0.88945
0.53074 0.036888 0.87082
0.53189 0.036882 0.89337
0.50473 0.037013 0.91729
0.5221 0.036913 0.91421
0.50981 0.03366 0.95449
0.5303 0.038911 0.94919
0.5285 0.033338 0.95978
0.52019 0.034587 0.35032
0.57439 0.033597 0.46001
0.52516 0.036187 0.37302
0.52129 0.034209 0.36728
0.57187 0.036872 0.47948
0.46409 0.037996 0.41852
0.60148 0.035383 0.39421
0.52079 0.036006 0.37055
0.52728 0.034846 0.44205
0.5547 0.033564 0.45486
0.58784 0.033577 0.43997
0.4986 0.033746 0.43057
0.44063 0.035466 0.45921
0.52859 0.033489 0.43092
0.46423 0.039346 0.53957
0.58891 0.039734 0.56307
0.5267 0.039766 0.4211
0.43879 0.033626 0.48295
0.48577 0.036297 0.3804
0.53442 0.038436 0.37499
0.52887 0.035255 0.36075
0.5121 0.034834 0.40803
0.52796 0.037116 0.39219
0.52954 0.035983 0.36987
0.53759 0.034744 0.47415
0.51778 0.033743 0.34893
0.55578 0.033543 0.44883
0.52642 0.034419 0.41364
0.58884 0.034054 0.45564
0.54909 0.033579 0.41441
0.49593 0.037497 0.48354
0.49844 0.036068 0.43483
0.53884 0.035015 0.46264
0.50921 0.036165 0.41105
0.54127 0.035158 0.37545
0.5475 0.034139 0.46113
0.54061 0.037196 0.057081
0.56225 0.03719 0.037115
0.55815 0.037193 0.067308
0.54317 0.037205 0.10075
0.55425 0.037192 0.076629
0.55516 0.037201 0.096295
0.54384 0.037208 0.11956
0.54746 0.037236 0.13802
0.55295 0.037202 0.11861
0.55249 0.037233 0.13806
0.54328 0.037226 0.14962
0.56224 0.037221 0.15086
0.55514 0.037231 0.16381
0.54587 0.037278 0.18979
0.56388 0.037271 0.1878
0.54987 0.037369 0.22401
0.54199 0.037557 0.24044
0.56558 0.037351 0.22176
0.56003 0.037693 0.24678
0.5455 0.038214 0.25299
0.55445 0.038054 0.252
0.55918 0.038236 0.26972
0.54728 0.038396 0.27244
0.56254 0.037998 0.28175
0.57387 0.037803 0.29348
0.59178 0.037608 0.33622
0.60191 0.037663 0.32106
0.60595 0.03763 0.33855
0.60841 0.037245 0.36792
0.62046 0.037721 0.3939
0.62396 0.03739 0.37939
0.63609 0.038308 0.40271
0.62119 0.038198 0.41037
0.62997 0.040166 0.43056
0.63538 0.039139 0.42216
0.59367 0.04023 0.47416
0.51317 0.042585 0.34801
0.50959 0.042411 0.3487
0.50208 0.038439 0.38194
0.59715 0.038557 0.50228
0.54531 0.034778 0.48912
0.51966 0.03404 0.4614
0.59297 0.033499 0.55525
0.60913 0.03443 0.54338
0.52648 0.068157 0.52154
0.51613 0.039814 0.50597
0.47947 0.059446 0.54968
0.48946 0.038126 0.44355
0.51741 0.051524 0.50253
0.47659 0.060195 0.54991
0.51102 0.041114 0.504
0.47285 0.053843 0.54595
0.48177 0.040571 0.52041
0.49243 0.040084 0.52133
0.48133 0.037397 0.50941
0.50113 0.038867 0.52735
0.52893 0.037572 0.57062
0.50063 0.040443 0.50972
0.53843 0.037353 0.59332
0.54431 0.037169 0.63039
0.55449 0.037724 0.60191
0.54838 0.037175 0.63103
0.53255 0.03725 0.6552
0.53348 0.037184 0.67957
0.5485 0.037239 0.64537
0.53366 0.037115 0.69451
0.54453 0.037061 0.70708
0.55416 0.03701 0.72746
0.53396 0.036987 0.73655
0.53849 0.036944 0.7673
0.55678 0.036926 0.75233
0.55797 0.036935 0.77388
0.54373 0.036923 0.78217
0.54011 0.036905 0.81297
0.54997 0.036917 0.78554
0.55174 0.0369 0.80895
0.53802 0.036879 0.83642
0.55052 0.036883 0.83509
0.55759 0.036884 0.8545
0.54097 0.036874 0.88479
0.55471 0.036876 0.87808
0.56201 0.036885 0.88768
0.54599 0.036908 0.91286
0.53815 0.037983 0.93742
0.5571 0.036955 0.91679
0.55481 0.038035 0.93754
0.54489 0.038925 0.94925
0.54861 0.033334 0.96154
0.56299 0.038897 0.94664
0.55467 0.033454 0.95624
0.50058 0.033899 0.46306
0.53648 0.034936 0.52528
0.57465 0.037189 0.046544
0.58486 0.037189 0.041543
0.59269 0.037192 0.066466
0.57087 0.0372 0.1036
0.587 0.037191 0.078252
0.59317 0.037198 0.10221
0.57015 0.037202 0.12151
0.57444 0.037223 0.1384
0.59189 0.037198 0.11443
0.58475 0.03721 0.12804
0.57981 0.037218 0.15843
0.59604 0.037213 0.14969
0.59051 0.037244 0.17006
0.57715 0.037266 0.1921
0.57072 0.037302 0.20315
0.58533 0.037266 0.19486
0.59462 0.037278 0.20236
0.57255 0.037435 0.24274
0.58982 0.037342 0.23289
0.57293 0.037759 0.2625
0.56855 0.037879 0.27392
0.59767 0.037401 0.25698
0.58804 0.037531 0.27974
0.57882 0.037586 0.28418
0.59612 0.037829 0.28883
0.60825 0.03821 0.29455
0.60522 0.037738 0.31911
0.61478 0.037972 0.3316
0.6165 0.038143 0.31017
0.61999 0.037875 0.33109
0.6299 0.037831 0.3759
0.64202 0.037882 0.42345
0.609 0.038153 0.46997
0.59659 0.039362 0.47581
0.5671 0.038229 0.47444
0.58361 0.040175 0.50096
0.58011 0.040299 0.50629
0.62816 0.038679 0.48878
0.63109 0.038982 0.47988
0.61198 0.038387 0.50026
0.53703 0.039557 0.48491
0.55299 0.039949 0.50257
0.53134 0.038721 0.48338
0.56991 0.03953 0.53529
0.51918 0.03917 0.44405
0.55515 0.041005 0.52473
0.52219 0.04057 0.4441
0.59186 0.035165 0.55118
0.5888 0.046818 0.56676
0.55342 0.037118 0.54692
0.57927 0.05443 0.56586
0.53474 0.061899 0.53813
0.51912 0.046033 0.51022
0.55605 0.061852 0.55624
0.47752 0.045677 0.45065
0.52325 0.037264 0.53554
0.52059 0.046953 0.51308
0.55396 0.038991 0.57572
0.4733 0.03668 0.52927
0.4733 0.037941 0.53466
0.53917 0.036936 0.56413
0.49916 0.039599 0.50192
0.56038 0.038434 0.59723
0.55383 0.037987 0.58132
0.56734 0.038349 0.59744
0.57074 0.037939 0.61227
0.57632 0.038084 0.61201
0.57202 0.037857 0.63138
0.55802 0.037141 0.67552
0.5734 0.037139 0.6744
0.55952 0.037098 0.69307
0.57946 0.036995 0.7093
0.5782 0.03698 0.73116
0.56342 0.036923 0.76213
0.5834 0.036924 0.77571
0.57159 0.036923 0.77969
0.57123 0.03689 0.80159
0.58354 0.03689 0.7972
0.57342 0.036896 0.83221
0.59159 0.036899 0.83442
0.57028 0.036891 0.86635
0.59275 0.036903 0.89488
0.57069 0.036943 0.91422
0.5893 0.036927 0.91124
0.5721 0.039085 0.95086
0.57462 0.03362 0.95493
0.58616 0.038671 0.94642
0.58209 0.033333 0.96383
0.60806 0.037191 0.046667
0.6102 0.037192 0.065376
0.62806 0.037192 0.043612
0.62989 0.037195 0.055942
0.61335 0.03719 0.080321
0.60175 0.037198 0.094152
0.6297 0.037191 0.084895
0.62478 0.037198 0.091932
0.60889 0.037196 0.12088
0.60723 0.037213 0.13883
0.62023 0.037196 0.113
0.62609 0.037209 0.13454
0.60147 0.037213 0.14427
0.61173 0.037246 0.17555
0.62569 0.037207 0.14588
0.62581 0.037218 0.16229
0.60455 0.037249 0.18936
0.6106 0.037266 0.2038
0.62378 0.037243 0.18241
0.61058 0.037285 0.22939
0.60613 0.037334 0.24706
0.62135 0.037309 0.23274
0.62696 0.037434 0.24306
0.60215 0.037505 0.26839
0.62773 0.037456 0.25573
0.62814 0.037623 0.2619
0.62188 0.038262 0.28076
0.62666 0.038033 0.32926
0.62514 0.038244 0.29776
0.63573 0.037736 0.35718
0.64348 0.037638 0.37905
0.65279 0.03772 0.41444
0.6088 0.038707 0.48272
0.63086 0.038767 0.47276
0.63351 0.037894 0.45475
0.63896 0.038399 0.45885
0.5831 0.039816 0.51226
0.58246 0.039555 0.51441
0.54459 0.039484 0.50243
0.56169 0.040317 0.52704
0.54962 0.039549 0.51069
0.55916 0.039919 0.52212
0.51635 0.038369 0.45432
0.57649 0.040934 0.53837
0.50946 0.037184 0.4662
0.54387 0.040693 0.53288
0.60348 0.039358 0.56909
0.54608 0.041122 0.53522
0.62935 0.035538 0.54225
0.57159 0.057681 0.5646
0.46635 0.036786 0.45994
0.57596 0.053816 0.56698
0.53184 0.062618 0.53519
0.50122 0.048486 0.44064
0.50797 0.043609 0.43451
0.57801 0.038553 0.59397
0.59633 0.037865 0.60207
0.57914 0.037531 0.60143
0.58121 0.037723 0.61022
0.5882 0.037823 0.63047
0.58806 0.038025 0.63906
0.57899 0.037503 0.65234
0.58593 0.037071 0.67541
0.60543 0.036988 0.68758
0.59019 0.037012 0.70178
0.58687 0.036967 0.71858
0.60255 0.036957 0.71107
0.60374 0.036936 0.72093
0.59632 0.036913 0.75392
0.59882 0.036908 0.7619
0.61182 0.03691 0.75599
0.61561 0.036904 0.76523
0.59466 0.036914 0.78243
0.60002 0.036903 0.81857
0.61875 0.036909 0.78843
0.62501 0.036904 0.81702
0.6012 0.036909 0.82739
0.59772 0.036891 0.84521
0.61904 0.036906 0.83363
0.61778 0.036898 0.8504
0.60553 0.036908 0.86562
0.60111 0.036897 0.89003
0.61508 0.036911 0.87602
0.62566 0.036913 0.88826
0.60443 0.0369 0.91144
0.60427 0.03717 0.93131
0.61741 0.037109 0.93294
0.60515 0.037433 0.94799
0.61987 0.037336 0.9419
0.62895 0.033333 0.96475
0.63714 0.037193 0.048367
0.65188 0.037197 0.038858
0.65375 0.037197 0.066946
0.64404 0.037193 0.083916
0.63772 0.037199 0.10219
0.66141 0.037196 0.07749
0.6642 0.037199 0.090081
0.65315 0.0372 0.11703
0.6438 0.037237 0.17229
0.6547 0.037203 0.15167
0.65534 0.037233 0.17091
0.63871 0.037238 0.18254
0.63823 0.037265 0.20792
0.65335 0.037232 0.18852
0.64915 0.037241 0.19643
0.63721 0.037268 0.21584
0.64201 0.037656 0.23371
0.65716 0.037255 0.21499
0.65824 0.037676 0.23173
0.64646 0.03814 0.24907
0.64536 0.037914 0.26022
0.65367 0.037946 0.2609
0.63257 0.037794 0.27973
0.63368 0.037819 0.29378
0.65602 0.037351 0.27823
0.6469 0.037318 0.28904
0.64108 0.037618 0.32079
0.65524 0.037541 0.33903
0.64145 0.037668 0.35925
0.65849 0.037757 0.39389
0.65737 0.037572 0.34875
0.66771 0.037605 0.37372
0.64963 0.038257 0.44941
0.66116 0.037814 0.42773
0.60381 0.039022 0.51466
0.65302 0.038174 0.46011
0.64708 0.038413 0.48054
0.5779 0.039212 0.52588
0.6491 0.038205 0.49333
0.65473 0.03815 0.4745
0.54783 0.043648 0.5286
0.5316 0.043958 0.5077
0.55497 0.043372 0.53871
0.54576 0.043234 0.53107
0.54701 0.0416 0.53569
0.59333 0.036988 0.54478
0.5779 0.039287 0.54953
0.62779 0.036151 0.53132
0.59347 0.042362 0.57281
0.57575 0.048309 0.57429
0.53412 0.055498 0.53509
0.47323 0.035897 0.48457
0.53193 0.049033 0.5281
0.58506 0.039384 0.59095
0.52915 0.047405 0.52404
0.6028 0.038051 0.59955
0.61111 0.037173 0.62098
0.63094 0.037117 0.62311
0.60896 0.037196 0.65075
0.61042 0.037033 0.63957
0.61575 0.037021 0.64865
0.61454 0.036955 0.66877
0.61672 0.03695 0.69224
0.62888 0.036899 0.68266
0.64226 0.03691 0.70135
0.62307 0.036928 0.70735
0.62038 0.03692 0.72769
0.63845 0.03691 0.71902
0.63669 0.036899 0.7297
0.62177 0.036912 0.75547
0.63357 0.036898 0.77204
0.63886 0.036911 0.75267
0.643 0.036899 0.77802
0.63596 0.036909 0.79297
0.63501 0.036907 0.81796
0.65282 0.036912 0.79883
0.65662 0.036915 0.82159
0.63735 0.036914 0.82708
0.63826 0.036905 0.84721
0.64766 0.036919 0.83376
0.65472 0.036923 0.85971
0.64415 0.036919 0.87979
0.64444 0.036932 0.88916
0.65093 0.036924 0.88158
0.65965 0.036946 0.89646
0.64146 0.03697 0.91195
0.63499 0.037619 0.93412
0.65958 0.036961 0.90729
0.65591 0.037404 0.9259
0.63448 0.038179 0.94625
0.64007 0.033426 0.95615
0.65307 0.038673 0.94569
0.66059 0.03337 0.95749
0.67918 0.037205 0.045925
0.68134 0.037205 0.053167
0.69807 0.037206 0.041128
0.6891 0.037204 0.061146
0.69665 0.037203 0.074828
0.69494 0.037202 0.096613
0.6684 0.037199 0.10817
0.66834 0.037205 0.13149
0.6714 0.037201 0.15011
0.67316 0.037222 0.1679
0.67615 0.037218 0.18049
0.68922 0.037206 0.18452
0.67391 0.03724 0.21874
0.66409 0.037538 0.23106
0.68931 0.037217 0.22532
0.68054 0.037288 0.23915
0.66722 0.037932 0.25018
0.67799 0.037371 0.2586
0.68445 0.037232 0.26547
0.66801 0.037295 0.29697
0.6869 0.037256 0.29063
0.67892 0.037261 0.29769
0.66829 0.037396 0.33357
0.68739 0.037272 0.32259
0.68734 0.037291 0.32876
0.67807 0.037376 0.34711
0.67511 0.037428 0.36073
0.68695 0.037388 0.35515
0.68602 0.037468 0.36949
0.67704 0.037563 0.38962
0.67426 0.037602 0.40832
0.6909 0.03749 0.39254
0.6907 0.037524 0.40491
0.67805 0.037711 0.42891
0.67021 0.03774 0.45228
0.68752 0.037613 0.42739
0.69207 0.037503 0.4483
0.66024 0.037592 0.49465
0.68623 0.037468 0.47533
0.57422 0.04178 0.54573
0.57473 0.042 0.54788
0.66187 0.037501 0.5078
0.65531 0.037493 0.51519
0.6248 0.03667 0.52453
0.64082 0.036258 0.53273
0.66492 0.036961 0.5353
0.64625 0.036259 0.55109
0.59946 0.040658 0.57841
0.66191 0.036871 0.55063
0.63465 0.037117 0.57586
0.55674 0.0421 0.5633
0.62437 0.038193 0.5818
0.63938 0.037507 0.58939
0.58594 0.040905 0.585
0.62893 0.037478 0.59543
0.65636 0.036998 0.61399
0.64261 0.037006 0.62552
0.64606 0.036934 0.63566
0.65348 0.036983 0.62092
0.66218 0.036976 0.63818
0.64155 0.036983 0.66657
0.66112 0.03687 0.66583
0.65419 0.036922 0.68938
0.64813 0.036913 0.70096
0.6581 0.036915 0.68057
0.65919 0.036895 0.72878
0.65432 0.036905 0.74461
0.67549 0.036897 0.72187
0.68254 0.036899 0.74634
0.65936 0.036911 0.75492
0.66471 0.036904 0.77717
0.67823 0.036908 0.75606
0.67594 0.036913 0.78704
0.66241 0.036919 0.79421
0.67591 0.03692 0.79345
0.68024 0.036925 0.82031
0.67404 0.036927 0.8444
0.68707 0.036934 0.83321
0.68211 0.036942 0.86401
0.6756 0.036944 0.87089
0.68594 0.036949 0.87018
0.68724 0.036954 0.89854
0.67531 0.036961 0.91478
0.66547 0.038026 0.93903
0.68554 0.03785 0.93877
0.67631 0.038488 0.94845
0.67839 0.033333 0.96423
0.69236 0.033338 0.95984
0.70805 0.037207 0.037715
0.70695 0.037208 0.05639
0.72398 0.037211 0.043175
0.72655 0.03721 0.062728
0.70945 0.037204 0.079467
0.72738 0.037207 0.078561
0.70954 0.037202 0.10625
0.70557 0.037204 0.13341
0.72495 0.037199 0.11786
0.72853 0.037201 0.134
0.70252 0.037203 0.16702
0.73013 0.037196 0.15443
0.72755 0.037197 0.16768
0.70272 0.0372 0.18638
0.69969 0.037214 0.20457
0.71919 0.037196 0.17759
0.72806 0.037195 0.19677
0.70128 0.037213 0.21218
0.69937 0.037216 0.23152
0.71667 0.037199 0.22038
0.70527 0.037213 0.25852
0.72599 0.037188 0.26481
0.70952 0.037222 0.28125
0.71173 0.037211 0.30038
0.70026 0.037254 0.31502
0.70979 0.037218 0.33465
0.73335 0.037129 0.31168
0.71817 0.03718 0.33506
0.71102 0.037209 0.34119
0.71001 0.037231 0.36653
0.72326 0.037165 0.34069
0.72629 0.037165 0.36563
0.71086 0.037244 0.38974
0.70103 0.037366 0.40322
0.71916 0.037193 0.38006
0.71403 0.037252 0.40796
0.70253 0.037345 0.43188
0.72331 0.037208 0.41757
0.71189 0.03731 0.43979
0.70211 0.03738 0.45864
0.68786 0.03729 0.49382
0.71681 0.037245 0.46194
0.70916 0.037246 0.48212
0.68784 0.037302 0.50261
0.67768 0.037383 0.51547
0.69846 0.037258 0.49623
0.70067 0.037243 0.51313
0.69862 0.037265 0.52582
0.70382 0.037284 0.53581
0.67827 0.037131 0.56112
0.70169 0.037142 0.5567
0.69932 0.037112 0.57391
0.67077 0.037114 0.59534
0.6981 0.037097 0.58362
0.69028 0.037142 0.59114
0.67766 0.036987 0.6153
0.68361 0.037074 0.60257
0.70568 0.037494 0.61715
0.6811 0.036918 0.62781
0.68811 0.036935 0.6336
0.69834 0.037176 0.62398
0.70176 0.036954 0.64092
0.68752 0.036878 0.6627
0.68336 0.036885 0.6716
0.69913 0.03688 0.65396
0.70406 0.036872 0.67024
0.69389 0.036873 0.69282
0.68346 0.036886 0.70555
0.70105 0.036873 0.7035
0.69082 0.036903 0.72476
0.69208 0.036899 0.74079
0.71295 0.036897 0.72495
0.71128 0.036901 0.74546
0.69943 0.036915 0.76318
0.69171 0.036913 0.7804
0.71194 0.036916 0.76351
0.70381 0.036938 0.80765
0.69522 0.036935 0.82032
0.71598 0.036937 0.79595
0.70851 0.036946 0.83243
0.69769 0.036947 0.85796
0.71506 0.036949 0.83324
0.70601 0.036964 0.88381
0.69998 0.036957 0.88899
0.71595 0.036972 0.87428
0.7289 0.036978 0.90125
0.69928 0.036971 0.91575
0.71086 0.037269 0.92648
0.72732 0.036978 0.91214
0.7071 0.033335 0.96141
0.72928 0.038199 0.94672
0.73828 0.037214 0.044177
0.74099 0.037214 0.05887
0.76128 0.037217 0.06012
0.75584 0.037211 0.079767
0.75336 0.037209 0.094578
0.76403 0.037208 0.1088
0.75353 0.037206 0.12328
0.74075 0.037195 0.15347
0.73661 0.037197 0.15971
0.75469 0.037199 0.14061
0.76235 0.037191 0.16509
0.73744 0.037191 0.17996
0.74254 0.037184 0.20432
0.75364 0.03718 0.18672
0.75165 0.037176 0.20233
0.74582 0.037172 0.21639
0.73871 0.037183 0.24201
0.75727 0.037164 0.23597
0.73766 0.037178 0.25553
0.76118 0.037155 0.247
0.74646 0.037281 0.28103
0.73683 0.037182 0.29331
0.76268 0.037651 0.28702
0.74256 0.037143 0.32783
0.76043 0.037739 0.30426
0.7586 0.03723 0.32338
0.73694 0.037124 0.34152
0.73337 0.037134 0.37182
0.75244 0.037081 0.34897
0.7545 0.03709 0.3629
0.74232 0.037062 0.38898
0.73805 0.037087 0.3985
0.75785 0.037043 0.38473
0.7491 0.037041 0.40075
0.73503 0.037108 0.4152
0.73059 0.037131 0.44483
0.75431 0.037038 0.42354
0.72691 0.037165 0.45871
0.72361 0.037174 0.47934
0.74852 0.037065 0.45529
0.75138 0.037053 0.46565
0.73189 0.037111 0.48372
0.71856 0.037164 0.5037
0.75197 0.037029 0.48436
0.74833 0.037026 0.49411
0.74467 0.037026 0.51431
0.73395 0.037021 0.53658
0.71497 0.037104 0.55293
0.70965 0.037086 0.57035
0.73609 0.036999 0.54615
0.74295 0.036971 0.55959
0.71693 0.037078 0.58668
0.72443 0.037267 0.60017
0.72997 0.037237 0.60376
0.7132 0.037449 0.62346
0.71491 0.037012 0.63933
0.73193 0.037101 0.63035
0.72045 0.036873 0.65812
0.72066 0.036881 0.6787
0.74195 0.036879 0.67121
0.72821 0.036882 0.70054
0.72814 0.036899 0.72055
0.73039 0.03691 0.73946
0.72758 0.036912 0.74381
0.74803 0.036923 0.74901
0.73552 0.036935 0.76747
0.73609 0.036944 0.78823
0.7443 0.03693 0.76321
0.74214 0.036961 0.8109
0.74271 0.036966 0.83033
0.74962 0.036962 0.8018
0.75691 0.036973 0.82207
0.7347 0.036977 0.86041
0.75242 0.03698 0.8477
0.74036 0.03699 0.8712
0.73715 0.036982 0.90351
0.7539 0.036999 0.88179
0.75356 0.036997 0.89836
0.74427 0.036984 0.90854
0.7603 0.03703 0.91637
0.75362 0.037672 0.93767
0.73527 0.038143 0.94594
0.73751 0.033338 0.95986
0.76361 0.033334 0.9621
0.77321 0.037221 0.044518
0.78188 0.037223 0.053473
0.79687 0.037227 0.048139
0.79983 0.037223 0.064752
0.77694 0.037217 0.070594
0.79149 0.037214 0.093292
0.78141 0.037207 0.11794
0.78019 0.037202 0.13432
0.79256 0.037209 0.1142
0.79616 0.037205 0.12909
0.78097 0.037195 0.14983
0.77784 0.037191 0.1639
0.78821 0.037197 0.14227
0.78896 0.037185 0.16842
0.77733 0.037178 0.185
0.79744 0.037181 0.17474
0.78487 0.037164 0.20411
0.77549 0.037162 0.21629
0.77712 0.037149 0.2392
0.79144 0.037152 0.22063
0.78622 0.037143 0.2375
0.76792 0.03715 0.24969
0.76878 0.037531 0.27967
0.78488 0.037133 0.24773
0.78382 0.037167 0.26778
0.78409 0.037623 0.28948
0.77043 0.037766 0.3112
0.7727 0.037065 0.33188
0.79093 0.037432 0.3073
0.78322 0.037122 0.32845
0.76914 0.03706 0.35218
0.7678 0.037049 0.36968
0.77994 0.037024 0.34613
0.77873 0.037018 0.36693
0.7716 0.036986 0.38736
0.77788 0.036938 0.40536
0.78933 0.036964 0.387
0.79424 0.037041 0.40656
0.77735 0.036927 0.41936
0.77127 0.036951 0.43339
0.78694 0.036928 0.41668
0.78956 0.036931 0.43747
0.76902 0.036953 0.45447
0.78587 0.036896 0.45619
0.78354 0.036894 0.46081
0.76199 0.036975 0.48015
0.76728 0.036931 0.49217
0.78824 0.036907 0.47674
0.79738 0.037098 0.49234
0.76975 0.036904 0.51345
0.78194 0.036896 0.50759
0.78569 0.036906 0.52873
0.74937 0.036939 0.56223
0.77854 0.03689 0.53536
0.77789 0.036891 0.56112
0.75539 0.036889 0.5788
0.7515 0.036891 0.58845
0.77326 0.036886 0.57606
0.75935 0.036884 0.60072
0.76953 0.036877 0.60218
0.74682 0.036937 0.63043
0.74889 0.036879 0.64911
0.7774 0.036884 0.6391
0.77224 0.036877 0.65766
0.75371 0.036893 0.67313
0.75737 0.036895 0.68164
0.78055 0.036896 0.67435
0.78064 0.036898 0.67946
0.76538 0.036904 0.70208
0.75721 0.036916 0.72311
0.77598 0.036924 0.72634
0.76598 0.036936 0.73435
0.77189 0.036942 0.75876
0.78856 0.036941 0.7364
0.79071 0.03698 0.79219
0.76561 0.036978 0.81361
0.77322 0.036989 0.83005
0.78287 0.036984 0.80437
0.79511 0.037003 0.83096
0.77326 0.036998 0.85448
0.78499 0.037002 0.84293
0.77625 0.037001 0.88103
0.77015 0.037032 0.90102
0.79469 0.037048 0.89792
0.77746 0.037723 0.93891
0.79135 0.037168 0.92047
0.78308 0.035795 0.95199
0.77333 0.033333 0.96387
0.79295 0.03828 0.94703
0.79887 0.033349 0.95849
0.80461 0.037229 0.047365
0.80525 0.037228 0.055041
0.83168 0.037232 0.047478
0.83421 0.037232 0.052919
0.80441 0.03722 0.079063
0.80584 0.037216 0.095128
0.83055 0.037225 0.07456
0.823 0.037219 0.092028
0.81106 0.037214 0.10792
0.80944 0.037208 0.12665
0.82169 0.037213 0.11087
0.8288 0.037206 0.12874
0.82866 0.037198 0.14444
0.81994 0.037176 0.17995
0.81946 0.037169 0.19225
0.80867 0.037155 0.21434
0.80065 0.037145 0.23115
0.83059 0.037144 0.21939
0.82634 0.037135 0.22988
0.80025 0.03713 0.24744
0.80207 0.03713 0.26807
0.82652 0.037099 0.2657
0.80952 0.037067 0.28904
0.80339 0.037162 0.29752
0.82847 0.037074 0.28516
0.82029 0.037059 0.29986
0.80973 0.037057 0.30897
0.80518 0.037047 0.32674
0.82275 0.037048 0.31029
0.81516 0.037009 0.33669
0.80076 0.037014 0.35342
0.8057 0.036998 0.36388
0.8152 0.036987 0.35622
0.80232 0.037032 0.39103
0.8057 0.037252 0.4092
0.82311 0.037074 0.3922
0.80759 0.037355 0.41834
0.80571 0.037096 0.43303
0.8184 0.037329 0.42617
0.80434 0.036879 0.44997
0.81486 0.03714 0.46538
0.82426 0.036866 0.44687
0.81184 0.037436 0.47901
0.80528 0.037263 0.49177
0.79733 0.036989 0.50804
0.80509 0.036882 0.51562
0.81788 0.036909 0.51403
0.7976 0.036881 0.55245
0.80871 0.036865 0.54713
0.79546 0.036882 0.59435
0.81935 0.036889 0.57426
0.8133 0.036885 0.59144
0.79875 0.03688 0.6098
0.80089 0.036883 0.62476
0.8156 0.036889 0.60459
0.80945 0.036884 0.62174
0.7927 0.036902 0.64207
0.7936 0.0369 0.64866
0.81053 0.036885 0.63294
0.80078 0.036899 0.6644
0.79466 0.03692 0.69301
0.81521 0.036917 0.68331
0.79883 0.036931 0.70511
0.81556 0.036935 0.70527
0.79778 0.036944 0.73213
0.80083 0.036967 0.75881
0.82797 0.036968 0.73841
0.82942 0.036979 0.75397
0.79842 0.036975 0.77246
0.80379 0.036992 0.79516
0.82899 0.036994 0.77783
0.82283 0.036999 0.7926
0.80731 0.037 0.80535
0.82376 0.037019 0.82802
0.80277 0.037018 0.84877
0.80997 0.037024 0.86271
0.82966 0.03703 0.84513
0.8295 0.037035 0.86548
0.81437 0.037028 0.87618
0.80371 0.037048 0.8966
0.82672 0.037039 0.88564
0.80578 0.037084 0.913
0.80557 0.037543 0.92938
0.81925 0.037083 0.91416
0.80656 0.038403 0.9444
0.81417 0.033334 0.9624
0.82758 0.036024 0.95182
0.82183 0.033333 0.96409
0.84549 0.037233 0.045098
0.8422 0.037232 0.05558
0.86552 0.03724 0.045207
0.84822 0.037227 0.080595
0.85177 0.037223 0.093166
0.85552 0.03723 0.075541
0.85725 0.037225 0.091317
0.85881 0.037217 0.11047
0.85796 0.037204 0.13476
0.84178 0.037197 0.15023
0.84872 0.03719 0.16282
0.86218 0.037199 0.14532
0.85565 0.037194 0.15584
0.83852 0.037171 0.18583
0.84081 0.037162 0.1969
0.85933 0.037168 0.18545
0.86753 0.037156 0.20063
0.84993 0.037144 0.21368
0.83609 0.037128 0.23522
0.86225 0.037144 0.21545
0.85297 0.037122 0.23592
0.84668 0.037112 0.25015
0.85735 0.037106 0.25046
0.85935 0.037093 0.26097
0.85544 0.037074 0.27965
0.85729 0.037049 0.30049
0.84005 0.037032 0.32071
0.83258 0.037015 0.33051
0.85962 0.037031 0.31289
0.85356 0.037011 0.32615
0.83568 0.036975 0.3626
0.85442 0.036968 0.3492
0.8621 0.036946 0.3684
0.83728 0.036994 0.39055
0.8479 0.036936 0.3878
0.85577 0.036911 0.40014
0.83514 0.037144 0.41814
0.83888 0.036983 0.42936
0.84311 0.036982 0.4139
0.85449 0.036849 0.43738
0.8344 0.036851 0.45055
0.83138 0.037329 0.4695
0.84859 0.03694 0.45755
0.85226 0.03739 0.47299
0.83428 0.037876 0.48224
0.83784 0.037761 0.48888
0.83739 0.037231 0.50312
0.84259 0.036878 0.524
0.85886 0.036919 0.51472
0.83761 0.036874 0.53531
0.83735 0.036868 0.55128
0.85696 0.036895 0.53631
0.85379 0.036882 0.54937
0.83884 0.036875 0.57143
0.8297 0.036895 0.59122
0.85511 0.036886 0.57012
0.84618 0.036883 0.58717
0.83989 0.036893 0.61748
0.85141 0.036894 0.59889
0.84605 0.0369 0.62833
0.84122 0.036917 0.65752
0.85792 0.036924 0.63723
0.85222 0.036929 0.66167
0.84056 0.036938 0.67758
0.83093 0.036937 0.68633
0.85488 0.036937 0.67062
0.85919 0.036956 0.69599
0.83374 0.03695 0.70484
0.84262 0.036966 0.72363
0.85027 0.036953 0.70228
0.85268 0.036972 0.72701
0.84066 0.036977 0.73672
0.83896 0.03699 0.76373
0.85619 0.036996 0.75998
0.8363 0.037007 0.79529
0.86076 0.037007 0.77123
0.8659 0.037023 0.79119
0.84073 0.037023 0.81635
0.86473 0.037031 0.80621
0.86177 0.037038 0.82449
0.84374 0.037037 0.84566
0.86185 0.037047 0.8416
0.86335 0.037055 0.86021
0.84694 0.037049 0.87964
0.84249 0.037068 0.90173
0.86212 0.03706 0.87379
0.84654 0.03717 0.92431
0.86719 0.037078 0.91033
0.85802 0.037187 0.92712
0.85127 0.037441 0.94068
0.84286 0.033334 0.96151
0.8664 0.037351 0.93993
0.86364 0.033333 0.96401
0.87357 0.037243 0.039266
0.87525 0.03724 0.061761
0.89103 0.037243 0.040068
0.89256 0.037243 0.052324
0.88507 0.037236 0.077577
0.88548 0.03723 0.093782
0.90088 0.037237 0.079594
0.89466 0.037233 0.087335
0.8847 0.037222 0.1111
0.88551 0.03721 0.13056
0.89436 0.037214 0.1213
0.87822 0.037202 0.14119
0.88588 0.037186 0.16191
0.89816 0.037204 0.15117
0.89301 0.037189 0.16571
0.87945 0.037159 0.19531
0.89743 0.037188 0.17341
0.9019 0.037171 0.19333
0.87413 0.03715 0.20862
0.87985 0.037139 0.22448
0.89461 0.037136 0.21522
0.89005 0.037127 0.22676
0.87115 0.037112 0.24258
0.87363 0.037065 0.28001
0.87552 0.037047 0.29551
0.90172 0.03709 0.27435
0.89284 0.037055 0.29746
0.87039 0.037017 0.32128
0.88105 0.037002 0.32929
0.88928 0.037033 0.30881
0.88771 0.037007 0.32584
0.87711 0.036971 0.35234
0.89519 0.036973 0.34601
0.90037 0.036948 0.36018
0.87613 0.036913 0.38828
0.86643 0.036908 0.39698
0.89346 0.036922 0.37988
0.89651 0.036906 0.40049
0.86738 0.036872 0.4158
0.86994 0.036854 0.42727
0.89742 0.036903 0.41962
0.89166 0.036882 0.42509
0.87762 0.03685 0.44698
0.8824 0.036853 0.45582
0.87099 0.03714 0.48201
0.87012 0.037103 0.49256
0.87955 0.036901 0.49158
0.86061 0.037221 0.49832
0.87304 0.036885 0.52499
0.88659 0.036861 0.50909
0.88919 0.036862 0.52125
0.86872 0.036904 0.53515
0.88838 0.036866 0.53289
0.89286 0.036871 0.54713
0.87362 0.036894 0.57
0.87074 0.036905 0.59366
0.88779 0.036894 0.57023
0.8838 0.036901 0.59458
0.8697 0.036913 0.6022
0.87682 0.03693 0.62876
0.8834 0.036909 0.60608
0.8835 0.03692 0.62394
0.87582 0.036945 0.647
0.88624 0.036929 0.64496
0.89073 0.036944 0.65757
0.86866 0.036947 0.67314
0.90057 0.036991 0.69792
0.87035 0.036976 0.71136
0.88151 0.036991 0.72912
0.89711 0.036988 0.70391
0.89266 0.036993 0.72233
0.8741 0.036997 0.74411
0.87314 0.037011 0.7639
0.89004 0.037003 0.74254
0.90231 0.037015 0.76367
0.87631 0.037025 0.77991
0.88115 0.037036 0.79749
0.89393 0.037027 0.78839
0.87376 0.037041 0.81654
0.88062 0.037051 0.82628
0.89304 0.037043 0.80581
0.88015 0.037059 0.84282
0.88591 0.037072 0.86749
0.89942 0.037059 0.84258
0.89112 0.037067 0.8626
0.87938 0.037077 0.89575
0.89775 0.037075 0.87441
0.90226 0.037083 0.8954
0.88603 0.037075 0.90832
0.8886 0.037203 0.93372
0.90161 0.037092 0.91554
0.907 0.037386 0.93612
0.87824 0.037351 0.94437
0.90939 0.033334 0.96199
0.91126 0.037252 0.0376
0.91849 0.037272 0.054542
0.92954 0.037617 0.038885
0.92105 0.037282 0.076267
0.90889 0.037232 0.091966
0.93473 0.03751 0.096532
0.91667 0.037217 0.11125
0.91507 0.037214 0.13294
0.92671 0.037334 0.10604
0.92921 0.037376 0.12181
0.91101 0.037214 0.13848
0.91398 0.037215 0.16278
0.92859 0.037581 0.14362
0.92038 0.037248 0.19206
0.93547 0.037873 0.1752
0.93813 0.037841 0.20001
0.92121 0.037212 0.2094
0.91846 0.037123 0.22691
0.93465 0.037631 0.21349
0.92569 0.037327 0.23107
0.9141 0.037113 0.25184
0.93484 0.037674 0.2482
0.92828 0.037447 0.2619
0.9137 0.03711 0.27628
0.93836 0.037937 0.2855
0.93741 0.037868 0.29953
0.91573 0.037019 0.33167
0.92974 0.037512 0.30796
0.92765 0.037333 0.32816
0.90683 0.036982 0.34312
0.90988 0.036942 0.36979
0.93444 0.037388 0.34346
0.92351 0.037106 0.36373
0.90892 0.036934 0.38037
0.91511 0.036944 0.39918
0.93281 0.03784 0.40302
0.93335 0.037937 0.40993
0.93843 0.03817 0.43286
0.90601 0.036898 0.45787
0.93501 0.037836 0.43756
0.90763 0.036912 0.48065
0.90463 0.036901 0.49434
0.93349 0.037753 0.47348
0.93018 0.037698 0.48573
0.91384 0.036953 0.50137
0.91544 0.03696 0.51938
0.93563 0.037997 0.50934
0.9331 0.037788 0.51576
0.92881 0.037371 0.53291
0.92871 0.037197 0.54992
0.91248 0.036935 0.59302
0.92511 0.037082 0.57146
0.9286 0.037103 0.59234
0.90775 0.036916 0.60272
0.90269 0.036915 0.62071
0.92118 0.037013 0.6038
0.92351 0.037037 0.61686
0.9023 0.03692 0.6427
0.93455 0.037221 0.64738
0.92484 0.037085 0.66355
0.91592 0.037034 0.68948
0.92752 0.037149 0.68328
0.93377 0.037561 0.69973
0.91705 0.037057 0.70647
0.92961 0.037587 0.71136
0.91534 0.037027 0.74122
0.91906 0.037084 0.76022
0.92718 0.03754 0.73777
0.92588 0.037286 0.76506
0.92002 0.03707 0.77293
0.9188 0.03706 0.79054
0.93263 0.037323 0.77716
0.93344 0.037453 0.79898
0.90982 0.037063 0.81869
0.91784 0.037089 0.82572
0.92741 0.03734 0.80635
0.9249 0.037253 0.82993
0.91149 0.037061 0.85007
0.91279 0.037072 0.86783
0.93012 0.037358 0.84091
0.92666 0.037294 0.86819
0.9193 0.037111 0.8795
0.92725 0.037341 0.8786
0.94035 0.038069 0.89796
0.91795 0.037131 0.91653
0.92027 0.037554 0.93544
0.93289 0.037758 0.91681
0.94089 0.038891 0.93357
0.91913 0.037785 0.94552
0.92562 0.033336 0.96062
0.9322 0.038642 0.94512
0.93699 0.033335 0.96179
0.9436 0.038204 0.042179
0.94371 0.038153 0.054728
0.95657 0.033414 0.037246
0.95924 0.033342 0.061133
0.94077 0.037798 0.075277
0.96109 0.033335 0.088968
0.95001 0.037636 0.10942
0.96042 0.033336 0.13339
0.95046 0.038682 0.15024
0.94775 0.038696 0.15972
0.95992 0.033338 0.14624
0.95471 0.033751 0.1618
0.94253 0.038231 0.17498
0.95035 0.038346 0.19873
0.9574 0.033374 0.20011
0.94535 0.038112 0.20906
0.94521 0.038099 0.23274
0.96389 0.033334 0.21762
0.96211 0.033334 0.22489
0.94555 0.038156 0.25185
0.95039 0.038301 0.25738
0.96199 0.033334 0.24081
0.95511 0.03359 0.26842
0.9479 0.038374 0.27619
0.94521 0.038311 0.29294
0.96092 0.033335 0.27984
0.94614 0.03826 0.30663
0.94496 0.037833 0.33503
0.95691 0.033382 0.30585
0.96474 0.033333 0.32833
0.94839 0.037712 0.34816
0.94641 0.037796 0.3647
0.95973 0.033337 0.36743
0.94449 0.038093 0.37657
0.95146 0.038254 0.40333
0.96464 0.033333 0.38622
0.95509 0.033685 0.40204
0.95048 0.039507 0.41155
0.9642 0.033333 0.41346
0.95858 0.033349 0.42974
0.94595 0.038282 0.4458
0.94894 0.038243 0.45266
0.9561 0.033449 0.43588
0.96081 0.033335 0.45346
0.94361 0.038366 0.4733
0.96401 0.033333 0.47923
0.95696 0.03337 0.49318
0.9498 0.039155 0.50511
0.94666 0.038744 0.51719
0.95536 0.033507 0.50798
0.96084 0.033335 0.52137
0.93914 0.037454 0.54903
0.96461 0.033333 0.53285
0.95888 0.033338 0.55181
0.94292 0.037281 0.59009
0.94011 0.037229 0.61024
0.94079 0.037255 0.61972
0.95971 0.033336 0.62573
0.94506 0.037374 0.63808
0.96145 0.033334 0.63611
0.96373 0.033333 0.66005
0.94953 0.036034 0.67984
0.96033 0.033335 0.67789
0.96027 0.033336 0.70128
0.94614 0.038728 0.7173
0.94541 0.038739 0.72748
0.95673 0.033412 0.71948
0.95728 0.033383 0.72426
0.9484 0.038827 0.7552
0.95795 0.033364 0.74778
0.9611 0.033335 0.75552
0.94571 0.03758 0.78036
0.94587 0.03794 0.80289
0.95921 0.033341 0.7898
0.94466 0.037986 0.80799
0.95641 0.033417 0.81646
0.96039 0.033336 0.83543
0.94357 0.03776 0.85247
0.96527 0.033333 0.86488
0.94896 0.038599 0.89517
0.96106 0.033335 0.8787
0.94721 0.039446 0.93142
0.95956 0.033344 0.91754
0.96525 0.033333 0.93009
0.94793 0.040313 0.94404
0.95006 0.033339 0.96045
0.96169 0.033336 0.9486
0.95813 0.033333 0.96375
