2635
1 1 1
0.034991 0.037547 0.045009
0.041072 0.037547 0.054467
0.062585 0.037549 0.035698
0.058589 0.037549 0.051661
0.046205 0.03755 0.069355
0.043645 0.037557 0.093988
0.059934 0.037555 0.081252
0.056368 0.037559 0.097705
0.038592 0.037563 0.11141
0.041296 0.037567 0.12146
0.063484 0.037565 0.10807
0.062892 0.037584 0.14407
0.0404 0.03761 0.19022
0.058347 0.037606 0.18007
0.061072 0.037621 0.19574
0.036153 0.037619 0.20062
0.040334 0.037643 0.22652
0.053225 0.037625 0.20566
0.056261 0.03764 0.21902
0.047687 0.037652 0.23555
0.042218 0.037675 0.2567
0.052749 0.037661 0.24188
0.061385 0.037685 0.25641
0.047101 0.037688 0.26853
0.046239 0.037708 0.2855
0.055418 0.037705 0.27744
0.062781 0.037724 0.28606
0.061466 0.037751 0.30696
0.057046 0.037765 0.32202
0.044851 0.03778 0.34321
0.061438 0.037808 0.35167
0.045795 0.03781 0.37301
0.044832 0.037823 0.38628
0.059938 0.037827 0.37083
0.055382 0.037842 0.39247
0.044202 0.037841 0.40304
0.037435 0.037859 0.42227
0.059599 0.037864 0.40576
0.053438 0.037865 0.41714
0.042072 0.037874 0.44514
0.05828 0.037892 0.44291
0.057454 0.037898 0.45891
0.041475 0.037884 0.47228
0.043255 0.037887 0.48698
0.051445 0.03789 0.47202
0.056869 0.037904 0.4906
0.038191 0.037884 0.50675
0.037895 0.037878 0.52782
0.053722 0.037894 0.50875
0.057845 0.037898 0.52691
0.044827 0.037875 0.53931
0.042621 0.037861 0.56496
0.059735 0.037897 0.53785
0.058473 0.037883 0.55854
0.036925 0.037853 0.57614
0.035836 0.037833 0.59852
0.050813 0.037858 0.57473
0.052737 0.037843 0.59484
0.043256 0.037828 0.60332
0.036168 0.037796 0.63044
0.050812 0.037825 0.60936
0.056697 0.03782 0.62212
0.051006 0.037773 0.64978
0.052984 0.037761 0.66169
0.047191 0.037741 0.67345
0.052129 0.037748 0.67167
0.057672 0.037733 0.68925
0.035971 0.037675 0.73026
0.059489 0.037704 0.71362
0.051424 0.037685 0.723
0.043372 0.037655 0.74653
0.037024 0.037638 0.76204
0.058711 0.037666 0.74333
0.051839 0.037641 0.76016
0.040755 0.037626 0.77257
0.037211 0.037598 0.79891
0.057995 0.037621 0.78108
0.056104 0.03761 0.79082
0.039738 0.037573 0.82568
0.052755 0.037585 0.8137
0.058366 0.037572 0.83114
0.03805 0.03756 0.84277
0.035027 0.037543 0.86171
0.053695 0.037565 0.8371
0.056085 0.037547 0.85967
0.035587 0.037534 0.87155
0.045154 0.037531 0.89312
0.058088 0.037529 0.87902
0.056565 0.037528 0.8893
0.041935 0.037551 0.91282
0.037047 0.034377 0.95654
0.058376 0.037624 0.94545
0.060789 0.034959 0.95458
0.079496 0.037553 0.045419
0.075346 0.037554 0.059985
0.078332 0.037561 0.088917
0.094593 0.037562 0.074378
0.091895 0.037565 0.088851
0.071408 0.037566 0.10717
0.072424 0.037578 0.13022
0.085362 0.037571 0.10963
0.089533 0.03758 0.12319
0.069896 0.037584 0.1412
0.089581 0.037589 0.13746
0.092838 0.037607 0.15899
0.071904 0.037609 0.17715
0.067893 0.037621 0.19213
0.09421 0.037623 0.17679
0.094593 0.037639 0.19205
0.07698 0.037642 0.20705
0.075532 0.037659 0.22398
0.088355 0.037657 0.21205
0.096389 0.037685 0.2276
0.069253 0.037678 0.24515
0.071751 0.037687 0.25153
0.084846 0.037692 0.24558
0.089092 0.03771 0.25368
0.075273 0.037722 0.27429
0.07421 0.037745 0.29158
0.094335 0.03775 0.27406
0.067397 0.03776 0.30819
0.067622 0.037786 0.32716
0.091257 0.037794 0.30639
0.088963 0.037822 0.32748
0.070206 0.037814 0.34611
0.087886 0.037841 0.34181
0.086495 0.03786 0.35668
0.074327 0.037863 0.37965
0.089271 0.037891 0.37289
0.092678 0.037917 0.38453
0.068045 0.037886 0.41091
0.071859 0.037904 0.42405
0.090741 0.037944 0.41294
0.084179 0.037932 0.41953
0.067839 0.037913 0.4459
0.081686 0.037939 0.43787
0.082841 0.037956 0.45669
0.072322 0.037934 0.47444
0.076163 0.037945 0.4849
0.087404 0.037979 0.48025
0.086608 0.037977 0.49106
0.067609 0.037925 0.50253
0.08282 0.037962 0.51948
0.075141 0.037928 0.53606
0.070423 0.0379 0.56402
0.080298 0.037921 0.56176
0.0722 0.037897 0.57012
0.068169 0.037864 0.59851
0.083234 0.037924 0.57046
0.085994 0.037907 0.59404
0.072984 0.037839 0.62808
0.087687 0.037891 0.61158
0.092611 0.03789 0.621
0.071871 0.03782 0.64103
0.091089 0.037823 0.66418
0.0676 0.037759 0.6804
0.084775 0.037797 0.673
0.088034 0.037771 0.6925
0.075625 0.037724 0.71014
0.067267 0.037688 0.73096
0.090119 0.037725 0.72278
0.070719 0.037674 0.74359
0.075682 0.037662 0.7559
0.087441 0.037696 0.73979
0.084635 0.037664 0.76071
0.071147 0.03764 0.77182
0.072847 0.037611 0.79774
0.093795 0.037643 0.7835
0.072258 0.037591 0.81478
0.080097 0.037587 0.82231
0.092722 0.037615 0.80566
0.089993 0.037585 0.83137
0.074658 0.037569 0.84142
0.074608 0.037551 0.8611
0.089962 0.037553 0.86504
0.076811 0.037532 0.8825
0.08858 0.037545 0.87345
0.08539 0.037531 0.89033
0.071452 0.037533 0.91014
0.076972 0.03756 0.93164
0.089177 0.037528 0.90302
0.071226 0.037587 0.93934
0.086148 0.037592 0.9478
0.11103 0.037561 0.03912
0.10641 0.037562 0.057772
0.12712 0.037568 0.037951
0.12255 0.037567 0.052519
0.10317 0.037564 0.068936
0.10756 0.037575 0.095249
0.12471 0.037585 0.097448
0.10594 0.037581 0.11141
0.11405 0.037597 0.12993
0.12559 0.037597 0.11938
0.10781 0.037603 0.14249
0.10279 0.037612 0.15729
0.12682 0.037633 0.15712
0.10773 0.037631 0.17428
0.10635 0.037646 0.18908
0.12759 0.037646 0.16819
0.11861 0.037666 0.19512
0.11236 0.03769 0.21831
0.11741 0.037674 0.2024
0.11618 0.037711 0.22866
0.10503 0.037713 0.23997
0.099863 0.037733 0.25776
0.11975 0.037735 0.23897
0.10528 0.03777 0.27518
0.10475 0.03779 0.28785
0.11861 0.037804 0.27857
0.12627 0.037835 0.28489
0.10492 0.037818 0.30533
0.10514 0.037857 0.32768
0.12518 0.037882 0.3103
0.11403 0.037863 0.31929
0.10197 0.037864 0.33549
0.10262 0.037907 0.35999
0.11262 0.037928 0.3548
0.097079 0.037903 0.36706
0.11288 0.037958 0.37118
0.11816 0.038021 0.39477
0.099968 0.037956 0.39968
0.099575 0.037983 0.42644
0.10971 0.038017 0.4266
0.095945 0.037983 0.43874
0.096806 0.037996 0.45055
0.11019 0.038038 0.44519
0.11174 0.038054 0.45756
0.09601 0.038001 0.47113
0.10361 0.038027 0.48753
0.11263 0.038065 0.47249
0.11784 0.038097 0.48954
0.10013 0.038016 0.5035
0.095863 0.037998 0.5251
0.1149 0.038075 0.52549
0.10147 0.038009 0.53767
0.097463 0.037981 0.55904
0.11679 0.038073 0.54309
0.095872 0.037951 0.58161
0.098085 0.03794 0.59457
0.11414 0.038025 0.57562
0.11592 0.037992 0.60059
0.10581 0.037927 0.61602
0.10612 0.037912 0.62586
0.12192 0.037956 0.63141
0.10373 0.037878 0.64467
0.10362 0.037856 0.65755
0.11607 0.037921 0.63957
0.11383 0.037863 0.66637
0.10298 0.037812 0.68264
0.11947 0.037849 0.68271
0.10632 0.037745 0.7276
0.12449 0.037818 0.70648
0.12629 0.03777 0.7337
0.10096 0.037718 0.73841
0.1051 0.037696 0.75484
0.11944 0.037703 0.76324
0.10677 0.037669 0.77407
0.12737 0.037689 0.77834
0.11738 0.037657 0.79031
0.10892 0.0376 0.82916
0.1175 0.037638 0.80429
0.12102 0.037605 0.83329
0.11032 0.03759 0.83917
0.12613 0.037598 0.84267
0.12609 0.037582 0.85641
0.10898 0.037552 0.87627
0.1128 0.037542 0.89309
0.12912 0.037555 0.88331
0.12279 0.037543 0.89811
0.10387 0.037529 0.91047
0.12224 0.037534 0.91297
0.12078 0.037568 0.92643
0.10565 0.037603 0.93933
0.13076 0.037674 0.94722
0.12922 0.033492 0.96465
0.14238 0.037577 0.039875
0.15782 0.037585 0.03529
0.15944 0.037588 0.05358
0.13496 0.037581 0.076819
0.14018 0.037593 0.096193
0.1531 0.03759 0.072445
0.15734 0.037602 0.091156
0.13971 0.037599 0.10734
0.14123 0.037607 0.11875
0.15178 0.03761 0.11192
0.15602 0.037619 0.11748
0.13446 0.037622 0.13892
0.13519 0.037646 0.16068
0.15963 0.037665 0.15391
0.1335 0.037666 0.17954
0.15716 0.037692 0.17362
0.15569 0.037708 0.18523
0.13542 0.03771 0.20668
0.1407 0.037754 0.22635
0.15779 0.037751 0.20743
0.13372 0.037763 0.23908
0.14284 0.037811 0.2541
0.1492 0.037782 0.23176
0.15554 0.037862 0.25967
0.13526 0.037824 0.26851
0.13396 0.037867 0.29033
0.1526 0.037872 0.26766
0.14868 0.037905 0.28655
0.14066 0.037918 0.30389
0.12895 0.037905 0.31517
0.15335 0.037953 0.2975
0.14495 0.037979 0.32093
0.13034 0.037974 0.3434
0.13846 0.03802 0.34978
0.14893 0.038026 0.33121
0.13478 0.038056 0.37419
0.12942 0.038052 0.38322
0.15019 0.03815 0.37634
0.12551 0.038097 0.42179
0.13799 0.038167 0.42513
0.13191 0.038144 0.44086
0.12576 0.038123 0.45468
0.14242 0.038214 0.44342
0.14081 0.038209 0.45326
0.12633 0.038134 0.47024
0.12466 0.03813 0.48687
0.1422 0.038237 0.47265
0.13255 0.038158 0.51021
0.13192 0.038144 0.52445
0.14718 0.038265 0.50193
0.12646 0.038102 0.54571
0.13276 0.038096 0.56772
0.13887 0.038148 0.55039
0.14725 0.03821 0.55525
0.13386 0.038077 0.58397
0.12964 0.038045 0.59646
0.14723 0.038152 0.58446
0.14657 0.038126 0.59663
0.12944 0.038017 0.61334
0.13245 0.037994 0.63075
0.14905 0.038099 0.61887
0.1452 0.038056 0.62874
0.13644 0.037941 0.66174
0.15386 0.038041 0.64795
0.14542 0.037971 0.66338
0.13441 0.037907 0.67462
0.14049 0.037879 0.69503
0.14416 0.037928 0.67868
0.1471 0.037882 0.70269
0.12987 0.037831 0.70577
0.14124 0.037798 0.73357
0.15147 0.037881 0.70921
0.1478 0.037813 0.73358
0.14153 0.037768 0.74893
0.1357 0.037724 0.76606
0.15335 0.037813 0.74023
0.15719 0.037785 0.75664
0.13887 0.037681 0.79302
0.15179 0.037732 0.77669
0.15351 0.037694 0.79895
0.14435 0.037667 0.80703
0.14203 0.037633 0.82826
0.16246 0.03768 0.81492
0.15513 0.037647 0.82881
0.1404 0.037605 0.84752
0.14706 0.03759 0.86281
0.15983 0.037626 0.84659
0.1601 0.037602 0.86223
0.13731 0.037566 0.87717
0.1571 0.037571 0.88164
0.15578 0.037568 0.8987
0.13577 0.037545 0.91001
0.14095 0.037603 0.92971
0.15807 0.037578 0.91231
0.1558 0.037611 0.9267
0.13735 0.035717 0.95314
0.15961 0.037677 0.94191
0.15935 0.033655 0.96167
0.17151 0.037594 0.044959
0.17836 0.037603 0.061456
0.18766 0.037605 0.045637
0.18666 0.037607 0.055299
0.17116 0.037605 0.076765
0.17482 0.037618 0.092564
0.19011 0.037621 0.078221
0.18971 0.037633 0.093555
0.17011 0.037625 0.10664
0.17402 0.037652 0.12956
0.18431 0.03764 0.10796
0.19109 0.037659 0.11856
0.17243 0.037664 0.14151
0.17888 0.03769 0.15468
0.18705 0.037689 0.14586
0.19127 0.037705 0.15096
0.17755 0.037761 0.19388
0.18957 0.037742 0.1725
0.18463 0.037766 0.18908
0.17265 0.037827 0.22675
0.18551 0.037796 0.20162
0.18406 0.037838 0.2197
0.17003 0.037854 0.23907
0.1714 0.037906 0.25683
0.18312 0.037924 0.24823
0.18329 0.037987 0.26911
0.1782 0.038024 0.28728
0.16148 0.037982 0.29631
0.16651 0.038053 0.31294
0.17911 0.038095 0.30649
0.18028 0.038158 0.3229
0.15845 0.03809 0.34064
0.1606 0.038118 0.34738
0.17399 0.038151 0.33502
0.17611 0.038197 0.3444
0.16479 0.0382 0.36987
0.17332 0.038265 0.37232
0.16964 0.038275 0.38971
0.15892 0.03827 0.42532
0.17595 0.038355 0.40149
0.17549 0.038386 0.42081
0.15868 0.03828 0.43842
0.15937 0.038293 0.45346
0.17196 0.038367 0.43482
0.16646 0.038334 0.45992
0.15581 0.0383 0.48752
0.16746 0.038358 0.47861
0.16982 0.038385 0.48688
0.1547 0.038292 0.5031
0.15449 0.038275 0.53099
0.17106 0.038412 0.5094
0.16883 0.038382 0.53122
0.15478 0.038262 0.54627
0.16572 0.038299 0.56458
0.16236 0.038227 0.58152
0.15467 0.038166 0.59396
0.17335 0.038294 0.58818
0.16907 0.038217 0.60007
0.16338 0.038161 0.61099
0.15896 0.038096 0.63199
0.17019 0.038198 0.60956
0.17126 0.038151 0.62841
0.16024 0.038056 0.65027
0.16252 0.038039 0.66015
0.18321 0.038151 0.65572
0.18425 0.038119 0.66717
0.16338 0.037997 0.67786
0.16307 0.037956 0.69347
0.17503 0.038044 0.67636
0.17879 0.038008 0.69614
0.17005 0.03791 0.72045
0.16735 0.037871 0.73182
0.17915 0.037975 0.70886
0.18098 0.037898 0.73712
0.17423 0.037837 0.75108
0.16785 0.037805 0.75842
0.18264 0.037863 0.75075
0.16801 0.037733 0.79297
0.18738 0.037819 0.77376
0.18758 0.037757 0.79982
0.17346 0.037712 0.80771
0.18655 0.037717 0.81573
0.1885 0.03769 0.83044
0.17858 0.037657 0.84059
0.16994 0.03762 0.85697
0.18763 0.037657 0.84767
0.18587 0.037642 0.85468
0.16837 0.037588 0.87631
0.16855 0.037584 0.89294
0.19382 0.037621 0.87144
0.19331 0.037603 0.89119
0.17106 0.037655 0.93053
0.18604 0.037687 0.93167
0.1809 0.035229 0.95417
0.18782 0.037709 0.93988
0.19319 0.034421 0.95665
0.20221 0.037618 0.044358
0.21038 0.037629 0.05861
0.2238 0.037637 0.034979
0.22186 0.037639 0.056341
0.20903 0.037634 0.068777
0.20565 0.037644 0.088621
0.22623 0.037652 0.070827
0.22264 0.037667 0.09322
0.21113 0.037662 0.10066
0.20486 0.037688 0.12669
0.22767 0.037683 0.10104
0.21926 0.037699 0.12102
0.20356 0.037711 0.14181
0.19848 0.03776 0.17307
0.20802 0.037819 0.18851
0.22448 0.037809 0.1712
0.22648 0.037839 0.18176
0.20295 0.037838 0.19916
0.21988 0.037879 0.19821
0.20638 0.037956 0.23569
0.21974 0.037988 0.22977
0.21552 0.038058 0.25277
0.19768 0.038042 0.27022
0.19264 0.038052 0.27865
0.21499 0.038097 0.26308
0.20739 0.038128 0.28146
0.19814 0.038163 0.30243
0.19456 0.038228 0.32224
0.20348 0.038222 0.31028
0.18835 0.038219 0.32849
0.19075 0.038317 0.35101
0.20267 0.038296 0.32665
0.20914 0.038442 0.34277
0.19298 0.038363 0.36056
0.18918 0.038401 0.37903
0.20304 0.038451 0.35789
0.19546 0.038473 0.38528
0.18623 0.038442 0.4046
0.19342 0.038495 0.4008
0.18565 0.038477 0.42905
0.17849 0.038446 0.45657
0.19654 0.038606 0.43041
0.19657 0.038627 0.4494
0.18294 0.038496 0.46879
0.18506 0.038521 0.48979
0.18868 0.038568 0.47678
0.19197 0.038608 0.49022
0.18152 0.038504 0.51162
0.18299 0.038498 0.52533
0.18346 0.03848 0.54294
0.18453 0.038451 0.55814
0.19304 0.038432 0.55989
0.18468 0.038342 0.58902
0.18218 0.038314 0.60087
0.19855 0.038338 0.5887
0.19891 0.038342 0.59575
0.18348 0.038282 0.61341
0.18674 0.03822 0.63825
0.20802 0.038336 0.64057
0.18807 0.038174 0.65448
0.19687 0.038183 0.66162
0.20821 0.038305 0.64892
0.19832 0.038133 0.67951
0.1943 0.03805 0.70073
0.20848 0.038178 0.68164
0.20851 0.038098 0.70291
0.19412 0.038009 0.71411
0.19476 0.037952 0.73264
0.20999 0.038057 0.71687
0.2127 0.038028 0.72784
0.19963 0.037878 0.76389
0.21486 0.037962 0.75336
0.19964 0.03782 0.78496
0.20673 0.037804 0.79672
0.21661 0.037888 0.77692
0.20259 0.037707 0.83452
0.22463 0.037785 0.81962
0.22185 0.037744 0.83381
0.20341 0.037679 0.84868
0.20702 0.037657 0.86209
0.22053 0.037726 0.84019
0.22227 0.03768 0.86152
0.20627 0.037624 0.87753
0.20888 0.037613 0.89508
0.21893 0.037636 0.87933
0.22392 0.037623 0.89816
0.21328 0.037739 0.92972
0.22387 0.037616 0.91609
0.20211 0.037847 0.9481
0.21326 0.033584 0.96291
0.2209 0.037917 0.94439
0.22146 0.034211 0.95782
0.2343 0.037647 0.034985
0.23783 0.037658 0.061238
0.25149 0.037663 0.042378
0.25954 0.037677 0.055886
0.23949 0.037664 0.067348
0.23572 0.037672 0.084004
0.25532 0.037687 0.075212
0.25852 0.0377 0.084478
0.24474 0.03773 0.11758
0.25473 0.037718 0.10012
0.24988 0.037752 0.12408
0.23389 0.037765 0.14245
0.25292 0.037785 0.13671
0.25826 0.037833 0.15244
0.23331 0.03783 0.17299
0.24255 0.037893 0.18707
0.25032 0.037867 0.17242
0.2557 0.037911 0.18123
0.23495 0.037941 0.20591
0.22757 0.037991 0.22352
0.25131 0.03797 0.20033
0.22604 0.038041 0.23795
0.23218 0.038088 0.24287
0.2317 0.038183 0.26493
0.22859 0.038264 0.28441
0.24788 0.038307 0.27216
0.24385 0.038413 0.29509
0.23891 0.038466 0.3095
0.21563 0.038496 0.34467
0.23287 0.038522 0.33012
0.23543 0.038651 0.3459
0.21701 0.038553 0.35583
0.22606 0.03859 0.35977
0.22046 0.038629 0.37546
0.20652 0.038685 0.39809
0.21286 0.038785 0.41161
0.22142 0.03868 0.3887
0.20895 0.038761 0.42747
0.20731 0.038751 0.44814
0.22153 0.038773 0.42958
0.2187 0.03878 0.45034
0.20243 0.038813 0.47417
0.21419 0.038847 0.46841
0.21858 0.038836 0.48396
0.21103 0.038605 0.50589
0.21384 0.038531 0.53514
0.20564 0.038516 0.55243
0.20446 0.038431 0.57213
0.21537 0.038437 0.60153
0.22387 0.038487 0.61027
0.22088 0.038411 0.62062
0.22072 0.038351 0.64511
0.22698 0.038364 0.62554
0.23306 0.03838 0.64234
0.21876 0.038301 0.65876
0.22683 0.03828 0.66954
0.23505 0.038356 0.66264
0.23726 0.038303 0.67662
0.22853 0.038208 0.69155
0.2462 0.038255 0.70139
0.23136 0.038105 0.72571
0.24157 0.038186 0.71801
0.2444 0.038119 0.73658
0.23237 0.038034 0.74811
0.23067 0.037967 0.76467
0.24664 0.038064 0.75431
0.25606 0.038026 0.77083
0.22896 0.037902 0.78391
0.23764 0.037884 0.79635
0.25233 0.037985 0.7795
0.23868 0.03784 0.81148
0.25612 0.037875 0.81374
0.25037 0.037804 0.83207
0.24085 0.037745 0.84727
0.23671 0.0377 0.86257
0.23551 0.037657 0.88071
0.2345 0.037639 0.89011
0.25689 0.037689 0.87939
0.24477 0.037628 0.91489
0.23564 0.037753 0.93114
0.2506 0.037643 0.90567
0.25927 0.037775 0.93322
0.24281 0.033671 0.96172
0.25458 0.037821 0.93851
0.27564 0.037695 0.056186
0.29569 0.037721 0.060543
0.27724 0.037716 0.078963
0.27036 0.03773 0.093597
0.29415 0.037732 0.073558
0.27116 0.037755 0.10815
0.29044 0.037774 0.10295
0.28537 0.037805 0.12135
0.27124 0.037811 0.13442
0.26808 0.037859 0.15444
0.29232 0.037851 0.13552
0.2932 0.037914 0.15453
0.26399 0.037886 0.16694
0.26861 0.037939 0.17898
0.28333 0.038025 0.18771
0.26984 0.038085 0.20997
0.28539 0.038051 0.19235
0.28159 0.038162 0.21563
0.26174 0.038252 0.25044
0.28067 0.038211 0.22873
0.28032 0.038317 0.24577
0.27392 0.038323 0.25354
0.25096 0.038451 0.29526
0.25219 0.038512 0.30348
0.27276 0.038704 0.30258
0.24588 0.038594 0.32249
0.246 0.038732 0.34388
0.25712 0.038692 0.32573
0.25703 0.038793 0.33744
0.24324 0.038734 0.35021
0.23903 0.038667 0.37069
0.25388 0.038911 0.35781
0.23297 0.038693 0.39393
0.22884 0.038753 0.41101
0.24488 0.03877 0.39633
0.23903 0.038735 0.41449
0.22614 0.038779 0.45434
0.23781 0.03873 0.42381
0.2456 0.038871 0.44295
0.22397 0.038734 0.46919
0.22629 0.038634 0.48679
0.23871 0.038322 0.48048
0.22481 0.038684 0.51114
0.23058 0.039434 0.54165
0.22587 0.039223 0.5476
0.23422 0.039216 0.585
0.23244 0.039761 0.56273
0.24283 0.040161 0.57977
0.23914 0.039204 0.59309
0.24032 0.038435 0.61753
0.24648 0.039332 0.5983
0.25205 0.0388 0.61052
0.24778 0.038362 0.62791
0.24855 0.03847 0.64471
0.26285 0.03836 0.64046
0.25184 0.038433 0.66226
0.2516 0.038362 0.67754
0.26312 0.03839 0.66286
0.26721 0.038433 0.68012
0.25203 0.038338 0.68559
0.26136 0.038298 0.70674
0.27373 0.038519 0.69014
0.27276 0.038342 0.71463
0.26119 0.03821 0.72632
0.26534 0.038185 0.73412
0.28261 0.038258 0.73953
0.27036 0.038116 0.75977
0.2678 0.038043 0.77501
0.28372 0.038202 0.75439
0.26267 0.038003 0.78194
0.27157 0.037953 0.79946
0.28792 0.038055 0.78807
0.28506 0.037976 0.80415
0.28757 0.037926 0.82041
0.28107 0.037862 0.83459
0.27442 0.037794 0.85109
0.29251 0.037834 0.84927
0.28512 0.037775 0.86341
0.26946 0.037694 0.88391
0.27919 0.037695 0.89619
0.29046 0.037726 0.88374
0.28367 0.0377 0.89729
0.29503 0.037696 0.91284
0.29262 0.037752 0.92891
0.27572 0.037895 0.94787
0.27849 0.034612 0.95625
0.29543 0.037802 0.9383
0.28395 0.03376 0.96071
0.30183 0.037717 0.045171
0.3052 0.037729 0.058047
0.32804 0.037743 0.043997
0.32909 0.037755 0.057723
0.30353 0.03775 0.078768
0.30739 0.037767 0.085994
0.32381 0.037764 0.069353
0.31954 0.037796 0.092204
0.30509 0.037802 0.10629
0.30257 0.037839 0.1234
0.32746 0.037826 0.10125
0.3176 0.037857 0.12084
0.30068 0.03788 0.14082
0.30342 0.037925 0.15139
0.32018 0.037912 0.13898
0.32075 0.037947 0.14768
0.30042 0.037994 0.1712
0.30252 0.038063 0.18443
0.32032 0.038016 0.16493
0.30176 0.038189 0.21121
0.32271 0.038166 0.19716
0.32078 0.038198 0.20453
0.29115 0.038247 0.23057
0.29656 0.03832 0.23923
0.30574 0.038382 0.2424
0.29361 0.038397 0.25093
0.28443 0.038508 0.27192
0.3031 0.038423 0.2496
0.30575 0.038553 0.26378
0.28141 0.038622 0.2892
0.27966 0.038704 0.29754
0.29633 0.038687 0.28634
0.29521 0.038734 0.2927
0.28027 0.038902 0.31175
0.26702 0.038979 0.33705
0.28891 0.038958 0.31506
0.29007 0.039122 0.32844
0.26949 0.039081 0.34117
0.25746 0.039183 0.37139
0.27562 0.039337 0.34788
0.27583 0.039933 0.36064
0.25326 0.039102 0.39256
0.25744 0.039457 0.40194
0.26345 0.03981 0.38565
0.26412 0.040108 0.4034
0.25306 0.039038 0.42649
0.25136 0.03898 0.44745
0.2639 0.039895 0.42048
0.26627 0.039808 0.43335
0.25196 0.038231 0.47633
0.26154 0.03868 0.46196
0.25288 0.038371 0.48774
0.24528 0.039109 0.50339
0.23879 0.039664 0.52663
0.252 0.0396 0.50633
0.24207 0.041424 0.55511
0.25781 0.040717 0.5883
0.25887 0.039418 0.60099
0.29507 0.038528 0.60869
0.27244 0.038326 0.63129
0.27357 0.038403 0.64549
0.29111 0.038265 0.64765
0.29382 0.03835 0.67923
0.29965 0.038374 0.69466
0.31085 0.038613 0.72291
0.31435 0.038438 0.73836
0.30895 0.038347 0.74727
0.29529 0.03825 0.75314
0.3032 0.03817 0.77145
0.31353 0.038255 0.7617
0.31311 0.038183 0.77695
0.30482 0.038107 0.78943
0.2982 0.038022 0.8012
0.31208 0.038103 0.7939
0.31348 0.038032 0.80883
0.29758 0.037973 0.81359
0.31698 0.037927 0.83412
0.30118 0.037857 0.84696
0.30808 0.037814 0.86387
0.30139 0.037736 0.88636
0.30918 0.037733 0.89411
0.32061 0.037798 0.87643
0.31936 0.037732 0.90058
0.3027 0.037692 0.91618
0.31219 0.03774 0.93191
0.32874 0.037729 0.90978
0.31996 0.037723 0.92595
0.30381 0.037832 0.94716
0.32245 0.037821 0.94474
0.33942 0.037754 0.040484
0.33841 0.037761 0.055158
0.36304 0.037779 0.040534
0.35241 0.03777 0.050909
0.3386 0.037786 0.072421
0.33794 0.037805 0.084422
0.35336 0.037821 0.082131
0.33949 0.037847 0.10244
0.33403 0.037881 0.11913
0.3538 0.037909 0.11778
0.33633 0.037931 0.13508
0.34006 0.037981 0.14641
0.35242 0.037965 0.13638
0.35878 0.038006 0.14407
0.33979 0.038045 0.16286
0.33929 0.038085 0.17269
0.34707 0.038044 0.15862
0.35135 0.038111 0.172
0.33073 0.038158 0.19068
0.32763 0.038248 0.20878
0.34631 0.03819 0.18917
0.33347 0.038326 0.21972
0.32636 0.038451 0.24009
0.34372 0.038366 0.22102
0.34912 0.038497 0.23347
0.32982 0.038507 0.25346
0.32574 0.038551 0.26207
0.34536 0.038591 0.24916
0.33692 0.038522 0.25705
0.31629 0.038729 0.27462
0.3118 0.038881 0.29336
0.33352 0.038628 0.27194
0.32223 0.03876 0.29094
0.31411 0.038935 0.29837
0.29823 0.039091 0.31959
0.31568 0.038985 0.30539
0.31002 0.039372 0.33126
0.29995 0.039932 0.35458
0.27478 0.040939 0.37903
0.27148 0.041071 0.4002
0.28486 0.040858 0.36804
0.27188 0.041138 0.41593
0.27741 0.042202 0.40847
0.26739 0.038787 0.46292
0.2629 0.038558 0.49438
0.27512 0.038035 0.4893
0.25798 0.039689 0.50747
0.25922 0.03983 0.50897
0.25367 0.043305 0.55054
0.27194 0.04038 0.59185
0.25888 0.042309 0.57344
0.28857 0.04013 0.58927
0.30837 0.038884 0.60322
0.3017 0.038453 0.61994
0.29977 0.038345 0.62906
0.29905 0.038209 0.65683
0.31044 0.03844 0.63735
0.31597 0.038405 0.66794
0.31443 0.038202 0.68855
0.30783 0.03834 0.69797
0.32754 0.038371 0.6876
0.32806 0.038403 0.69926
0.31732 0.038626 0.72017
0.33398 0.038505 0.70841
0.34276 0.038611 0.72692
0.31842 0.038506 0.73371
0.3283 0.038382 0.74511
0.34232 0.038495 0.73664
0.33886 0.038355 0.75411
0.32898 0.038306 0.7586
0.33253 0.038205 0.78168
0.3428 0.038292 0.76422
0.347 0.03824 0.7788
0.34653 0.038188 0.79334
0.34909 0.038094 0.81277
0.34132 0.038019 0.82385
0.33101 0.037967 0.82995
0.35126 0.037992 0.83463
0.34242 0.037923 0.85073
0.34079 0.037863 0.86621
0.35906 0.037967 0.84594
0.3591 0.037883 0.86775
0.33573 0.037799 0.88361
0.33935 0.03777 0.89694
0.35221 0.037794 0.89228
0.34477 0.037753 0.9137
0.33835 0.037801 0.93026
0.35249 0.037759 0.91672
0.35257 0.037816 0.92763
0.3446 0.037893 0.94095
0.33668 0.033976 0.95914
0.35934 0.037895 0.94081
0.35173 0.033585 0.96298
0.36988 0.037787 0.035043
0.3795 0.037808 0.055004
0.38839 0.037807 0.040542
0.38931 0.037839 0.06848
0.39274 0.037881 0.088738
0.36872 0.03788 0.1008
0.37875 0.037919 0.11249
0.39159 0.037912 0.10367
0.38618 0.037926 0.11175
0.36704 0.037994 0.13846
0.3678 0.038056 0.15062
0.39092 0.038009 0.13202
0.37379 0.038107 0.1595
0.36789 0.038145 0.17054
0.38789 0.038253 0.17893
0.36764 0.038237 0.18688
0.36971 0.0383 0.20097
0.38235 0.038283 0.19047
0.38152 0.038315 0.19877
0.36271 0.038432 0.22225
0.35896 0.038536 0.23212
0.38766 0.038437 0.21357
0.38195 0.038678 0.23234
0.3561 0.038657 0.24488
0.35356 0.038583 0.26281
0.38013 0.038831 0.24533
0.3675 0.038592 0.25826
0.3566 0.038603 0.27886
0.37413 0.038478 0.26674
0.37181 0.03843 0.27489
0.33784 0.038703 0.29225
0.33473 0.03878 0.30758
0.31049 0.039501 0.33976
0.34706 0.03888 0.31033
0.30374 0.040468 0.36223
0.31097 0.039885 0.35604
0.29812 0.041593 0.37294
0.28334 0.043272 0.412
0.28585 0.042243 0.42693
0.28577 0.04341 0.39729
0.2894 0.0419 0.43255
0.28355 0.039472 0.46092
0.2863 0.03796 0.48838
0.25929 0.041468 0.52073
0.25721 0.042966 0.56412
0.26391 0.041281 0.51834
0.2599 0.042663 0.56735
0.29486 0.040453 0.58453
0.3108 0.039418 0.58974
0.3233 0.039325 0.60791
0.31524 0.038691 0.63368
0.3306 0.039802 0.61111
0.32556 0.039638 0.65807
0.32081 0.038636 0.66824
0.32613 0.038644 0.67574
0.33569 0.039221 0.67312
0.35264 0.038977 0.68028
0.33759 0.038538 0.68978
0.34695 0.038564 0.70439
0.37432 0.038314 0.6754
0.37488 0.038266 0.68625
0.34895 0.038611 0.71297
0.36692 0.038321 0.70376
0.37094 0.038265 0.72467
0.36797 0.038453 0.75396
0.37968 0.038323 0.73929
0.37662 0.038492 0.75554
0.36705 0.038315 0.77139
0.35891 0.038274 0.77573
0.37456 0.038365 0.76939
0.37274 0.038201 0.79677
0.3715 0.038141 0.81252
0.37896 0.038238 0.79301
0.37153 0.038112 0.82114
0.36632 0.038001 0.8401
0.36987 0.037978 0.84753
0.36925 0.03791 0.86354
0.38394 0.037998 0.84845
0.38648 0.037905 0.87143
0.37254 0.03785 0.88202
0.36849 0.0378 0.89989
0.39042 0.03782 0.90368
0.37271 0.037785 0.91385
0.37975 0.037832 0.93178
0.38608 0.037802 0.9135
0.39343 0.037857 0.9344
0.37696 0.03788 0.94397
0.37113 0.035045 0.95522
0.39002 0.037887 0.94471
0.39635 0.034739 0.95603
0.41328 0.037831 0.036418
0.41887 0.037835 0.040816
0.41979 0.037855 0.061949
0.40327 0.037865 0.077304
0.4249 0.037869 0.070019
0.42976 0.037913 0.089135
0.41234 0.037933 0.10165
0.40243 0.037951 0.11218
0.41974 0.037934 0.0994
0.41897 0.038 0.11822
0.40823 0.038051 0.13577
0.4025 0.03812 0.15042
0.423 0.038102 0.1418
0.40548 0.038156 0.1582
0.40314 0.038258 0.17609
0.41643 0.03819 0.16302
0.4184 0.038223 0.16874
0.40536 0.03845 0.20534
0.41892 0.038337 0.18808
0.42369 0.038378 0.19367
0.39063 0.038469 0.21779
0.40004 0.038603 0.23162
0.42185 0.038544 0.20841
0.39699 0.038685 0.24426
0.39246 0.03869 0.25109
0.41303 0.038543 0.25481
0.39901 0.038294 0.26946
0.38816 0.038166 0.27738
0.4103 0.038465 0.2619
0.40697 0.038187 0.27763
0.38375 0.038493 0.28959
0.38288 0.038952 0.29749
0.40948 0.038122 0.29717
0.39222 0.038874 0.30291
0.35562 0.039025 0.31761
0.3971 0.039094 0.31005
0.3202 0.038786 0.34549
0.30725 0.041275 0.37303
0.36722 0.038798 0.32551
0.32968 0.037469 0.34336
0.29204 0.043827 0.38913
0.29095 0.043659 0.41334
0.31669 0.039908 0.3679
0.29522 0.040987 0.44358
0.28891 0.037865 0.48903
0.29759 0.040388 0.43167
0.28657 0.038354 0.50738
0.27468 0.039892 0.51357
0.2596 0.043028 0.54968
0.27053 0.039935 0.51924
0.26613 0.041224 0.5692
0.33095 0.039338 0.58864
0.33752 0.040635 0.61983
0.33012 0.040506 0.65789
0.38312 0.039265 0.64313
0.36085 0.03939 0.66939
0.38201 0.038511 0.66156
0.38863 0.038802 0.64258
0.38291 0.038228 0.671
0.38497 0.038205 0.69124
0.38952 0.03814 0.67953
0.39743 0.038061 0.70329
0.37929 0.038109 0.71101
0.38619 0.038154 0.7236
0.40574 0.038133 0.72335
0.4103 0.038339 0.73658
0.39601 0.03848 0.74544
0.39286 0.038584 0.75439
0.41189 0.038688 0.75646
0.39563 0.038346 0.78023
0.41362 0.038487 0.77302
0.40942 0.038353 0.78491
0.40219 0.038254 0.79785
0.39561 0.038183 0.81372
0.42009 0.038273 0.80085
0.42441 0.038232 0.81406
0.40926 0.038119 0.83045
0.4263 0.038187 0.82491
0.41432 0.038091 0.83814
0.40055 0.038021 0.85009
0.42126 0.03796 0.87023
0.41057 0.037878 0.88732
0.40637 0.03784 0.90346
0.42559 0.037888 0.88808
0.42044 0.037863 0.89595
0.4082 0.037831 0.91291
0.40662 0.037876 0.93385
0.42595 0.037885 0.93188
0.40141 0.037917 0.94718
0.41709 0.037921 0.94117
0.42707 0.03367 0.96182
0.4368 0.037847 0.040868
0.44259 0.037864 0.059218
0.45626 0.037857 0.044075
0.43662 0.037873 0.068628
0.43689 0.037913 0.087358
0.46409 0.037898 0.076411
0.45759 0.037935 0.090807
0.43294 0.037993 0.11283
0.46148 0.037956 0.097039
0.44335 0.03807 0.13032
0.43497 0.038132 0.14406
0.45226 0.038082 0.13189
0.46175 0.038162 0.14453
0.44319 0.038193 0.15555
0.43901 0.038286 0.17298
0.4583 0.038227 0.16111
0.45495 0.03832 0.17515
0.44134 0.038359 0.18483
0.43483 0.038423 0.19452
0.44826 0.038554 0.19941
0.42981 0.038601 0.21092
0.42406 0.038534 0.22257
0.44487 0.038668 0.20847
0.42476 0.038517 0.23052
0.42215 0.038474 0.24356
0.44855 0.038299 0.23308
0.45216 0.038213 0.24169
0.41855 0.038561 0.25812
0.43171 0.038574 0.25857
0.44069 0.038742 0.2629
0.42005 0.038403 0.299
0.41958 0.03838 0.31503
0.43364 0.038928 0.26998
0.42726 0.038871 0.28851
0.41907 0.038661 0.32232
0.39475 0.04016 0.31602
0.43204 0.03929 0.29272
0.43265 0.038592 0.32384
0.41224 0.039809 0.33305
0.32474 0.036918 0.35483
0.29665 0.041411 0.39056
0.38196 0.039129 0.32273
0.36943 0.03441 0.34571
0.29639 0.040222 0.42006
0.29843 0.035946 0.47473
0.30154 0.034072 0.50458
0.26717 0.038338 0.53018
0.2743 0.039085 0.57377
0.26695 0.03687 0.53905
0.34662 0.036578 0.61286
0.33157 0.039805 0.64681
0.35945 0.04 0.65708
0.34315 0.038767 0.65497
0.37721 0.038475 0.6383
0.38971 0.039513 0.62932
0.39722 0.038458 0.62004
0.40013 0.037933 0.67006
0.39525 0.03809 0.67748
0.42234 0.037237 0.68947
0.44448 0.036542 0.67778
0.40901 0.037891 0.70485
0.4099 0.038007 0.71211
0.43994 0.036926 0.69326
0.43639 0.037274 0.70324
0.41721 0.038059 0.72796
0.42872 0.03825 0.73776
0.44727 0.038196 0.73828
0.42651 0.03859 0.7497
0.43393 0.038541 0.76359
0.44098 0.038465 0.74918
0.44828 0.038485 0.76748
0.43778 0.038478 0.77248
0.42772 0.038381 0.78751
0.45133 0.03845 0.77792
0.44933 0.038436 0.78999
0.43329 0.038319 0.79981
0.43623 0.038242 0.81729
0.44853 0.038323 0.80368
0.46096 0.038263 0.81971
0.43928 0.038123 0.83661
0.45062 0.038154 0.83211
0.45081 0.038123 0.83985
0.44155 0.038079 0.8507
0.43505 0.037973 0.87056
0.46073 0.038093 0.85182
0.43768 0.037937 0.87972
0.43866 0.03787 0.89788
0.45121 0.037901 0.88945
0.45901 0.037877 0.90173
0.44556 0.03783 0.91946
0.4456 0.037883 0.93061
0.45888 0.037842 0.92016
0.45457 0.037899 0.93466
0.44284 0.037989 0.94948
0.46297 0.037923 0.94628
0.4589 0.033549 0.96363
0.31537 0.038098 0.4204
0.31592 0.036212 0.46487
0.27451 0.037262 0.56005
0.31798 0.034761 0.52033
0.48101 0.037864 0.044982
0.47776 0.037884 0.061921
0.49582 0.037862 0.038552
0.48781 0.037883 0.060089
0.47037 0.037902 0.076821
0.47374 0.037935 0.087887
0.49193 0.037899 0.070182
0.49099 0.037943 0.088754
0.48074 0.037984 0.10403
0.476 0.038003 0.10992
0.48534 0.03797 0.098806
0.49495 0.038042 0.11729
0.47391 0.038078 0.12771
0.49137 0.038144 0.13972
0.4682 0.038222 0.15731
0.47516 0.038291 0.1683
0.48569 0.03822 0.15358
0.47576 0.038386 0.18126
0.47171 0.038507 0.19477
0.48811 0.038381 0.17862
0.48776 0.038481 0.19194
0.46753 0.038701 0.21106
0.47406 0.038714 0.21489
0.4842 0.03866 0.20428
0.49 0.03872 0.21262
0.46217 0.038436 0.23306
0.4759 0.038604 0.23604
0.48927 0.038699 0.23023
0.49393 0.038702 0.23992
0.46827 0.038585 0.25488
0.47199 0.038888 0.26111
0.48425 0.039225 0.26414
0.46107 0.039051 0.26755
0.46766 0.039666 0.27596
0.48651 0.039694 0.27522
0.49149 0.040028 0.2796
0.46141 0.039721 0.27802
0.46589 0.039991 0.28245
0.49505 0.040316 0.2885
0.43917 0.038874 0.29762
0.47881 0.039694 0.29152
0.48134 0.038395 0.29511
0.40181 0.037478 0.33083
0.38789 0.035058 0.32856
0.45783 0.035803 0.28991
0.46129 0.034262 0.29556
0.38386 0.033389 0.3629
0.41226 0.033335 0.49295
0.3397 0.03335 0.54586
0.34379 0.035135 0.65076
0.44007 0.033522 0.64556
0.41719 0.034779 0.66582
0.47888 0.033744 0.67237
0.47497 0.035531 0.7128
0.41854 0.036501 0.67611
0.45749 0.035831 0.64964
0.47036 0.037721 0.71415
0.48512 0.038524 0.72388
0.46255 0.035964 0.65175
0.46054 0.0366 0.67469
0.46122 0.038545 0.70871
0.48748 0.039059 0.73293
0.45684 0.036589 0.6784
0.44949 0.037411 0.7038
0.494 0.039041 0.73554
0.45589 0.038318 0.7327
0.45758 0.038561 0.74856
0.47344 0.038776 0.74576
0.48751 0.038703 0.75386
0.46768 0.038524 0.76603
0.48818 0.038634 0.75982
0.49092 0.038596 0.7714
0.47102 0.038558 0.7797
0.47421 0.038576 0.78954
0.49281 0.038613 0.78268
0.49475 0.038589 0.79086
0.477 0.038497 0.79944
0.46774 0.038301 0.81499
0.4912 0.038281 0.82117
0.47777 0.03813 0.84388
0.49367 0.038207 0.82975
0.49138 0.038128 0.84655
0.47603 0.038083 0.85607
0.47856 0.038007 0.87026
0.4856 0.038019 0.86803
0.47557 0.037945 0.88422
0.47291 0.037903 0.89399
0.49414 0.037924 0.88917
0.46903 0.037873 0.93173
0.49111 0.037875 0.91488
0.48639 0.037865 0.93385
0.476 0.037873 0.94691
0.47601 0.035666 0.95411
0.48757 0.037867 0.94139
0.46997 0.033673 0.37087
0.37688 0.033676 0.50341
0.36973 0.033647 0.54498
0.46156 0.033533 0.60172
0.45237 0.03488 0.32393
0.48073 0.03477 0.32545
0.31607 0.036474 0.40416
0.33801 0.033923 0.46526
0.3367 0.034314 0.37528
0.32372 0.03539 0.43378
0.47733 0.03369 0.3615
0.36933 0.033622 0.42994
0.46789 0.034521 0.32064
0.39887 0.033382 0.5009
0.37705 0.033467 0.55199
0.27467 0.038027 0.54816
0.39659 0.035785 0.57847
0.53658 0.033721 0.59906
0.43856 0.034025 0.63295
0.44016 0.033485 0.57218
0.41399 0.034528 0.62146
0.40603 0.035163 0.56246
0.48532 0.034494 0.33453
0.40906 0.034001 0.3813
0.37496 0.033841 0.46826
0.43691 0.034048 0.42598
0.36593 0.033955 0.47627
0.43789 0.035084 0.37365
0.39656 0.033733 0.47057
0.46101 0.03385 0.40968
0.47829 0.033527 0.42133
0.34393 0.034866 0.57535
0.36636 0.036194 0.60484
0.33211 0.034419 0.50809
0.42524 0.033621 0.54336
0.36685 0.033873 0.53503
0.50512 0.033664 0.59175
0.47232 0.033377 0.49787
0.41826 0.033586 0.5748
0.40773 0.035009 0.56341
0.47254 0.034217 0.63338
0.41759 0.033648 0.44274
0.48227 0.033463 0.57534
0.50759 0.03786 0.044663
0.5257 0.037855 0.046632
0.52476 0.037869 0.055802
0.50683 0.037897 0.069098
0.50696 0.037933 0.084671
0.53009 0.037886 0.065675
0.52418 0.037932 0.085057
0.50225 0.037976 0.10104
0.51244 0.038008 0.11049
0.52815 0.037974 0.10332
0.52343 0.037995 0.10926
0.51548 0.038093 0.12926
0.5132 0.038138 0.13847
0.51981 0.038085 0.128
0.52148 0.038199 0.14727
0.51083 0.038221 0.1523
0.516 0.038266 0.16414
0.53081 0.038236 0.16133
0.52028 0.038267 0.16477
0.51587 0.038423 0.1834
0.50183 0.03846 0.18933
0.53068 0.038372 0.18058
0.53411 0.038422 0.19025
0.51314 0.038733 0.20498
0.51115 0.038784 0.21441
0.52733 0.038704 0.20688
0.52366 0.03876 0.21624
0.50311 0.03864 0.23537
0.53061 0.038554 0.22693
0.52656 0.038524 0.23061
0.50409 0.038717 0.24411
0.5202 0.038912 0.25022
0.5413 0.038435 0.24758
0.54727 0.038915 0.26191
0.5064 0.039337 0.26046
0.55073 0.039766 0.27264
0.5555 0.040327 0.27724
0.50537 0.040446 0.27764
0.54191 0.04074 0.27663
0.56517 0.042353 0.28797
0.51558 0.040099 0.27163
0.5191 0.0398 0.27047
0.58926 0.042467 0.29084
0.54889 0.037026 0.29604
0.54096 0.035055 0.29415
0.58414 0.037904 0.29206
0.5932 0.034774 0.3573
0.56905 0.033352 0.3748
0.60926 0.033588 0.39809
0.62309 0.033355 0.45891
0.54252 0.033349 0.54316
0.54842 0.033396 0.65874
0.65012 0.033339 0.57128
0.64327 0.034373 0.66271
0.49678 0.035809 0.71451
0.58983 0.037447 0.67484
0.58849 0.039329 0.68722
0.57172 0.037735 0.69456
0.50822 0.039082 0.72693
0.56015 0.037083 0.69753
0.56373 0.037628 0.70495
0.51238 0.039193 0.73127
0.52367 0.039022 0.73439
0.54979 0.03765 0.71916
0.55247 0.037773 0.72513
0.51471 0.039084 0.74392
0.50603 0.038906 0.75117
0.5346 0.038739 0.73893
0.54677 0.038619 0.74484
0.50375 0.038669 0.76498
0.51091 0.038676 0.77292
0.52401 0.0387 0.77283
0.50863 0.038603 0.78136
0.50946 0.038573 0.78918
0.53181 0.038648 0.77573
0.5223 0.038551 0.78988
0.51618 0.038489 0.80021
0.5056 0.038322 0.81656
0.52954 0.038384 0.80699
0.53413 0.03831 0.81644
0.50714 0.038202 0.83049
0.51276 0.038153 0.83807
0.52532 0.038171 0.83364
0.5256 0.038141 0.8414
0.51107 0.038036 0.8658
0.53285 0.038 0.87152
0.5094 0.037935 0.88669
0.51509 0.037888 0.89953
0.53118 0.037932 0.88585
0.53184 0.03788 0.90177
0.50189 0.037859 0.92027
0.52079 0.037848 0.91735
0.50488 0.035942 0.9538
0.52809 0.038024 0.94747
0.52598 0.034022 0.95914
0.56229 0.033544 0.49668
0.566 0.033439 0.5644
0.51716 0.033794 0.34294
0.57875 0.033495 0.44379
0.58636 0.036594 0.31103
0.47847 0.03355 0.37688
0.61151 0.034513 0.48867
0.58943 0.034136 0.40737
0.64891 0.034651 0.50042
0.58581 0.033415 0.55483
0.52778 0.033638 0.60509
0.59445 0.033524 0.60449
0.57941 0.035251 0.61369
0.63177 0.033446 0.53927
0.60254 0.035602 0.63934
0.70883 0.038195 0.5782
0.65064 0.0373 0.62701
0.52424 0.033532 0.64842
0.54598 0.034548 0.32449
0.54514 0.03391 0.35169
0.53237 0.033504 0.46734
0.52701 0.03344 0.39698
0.55075 0.033664 0.40053
0.58293 0.033972 0.40575
0.63367 0.034331 0.479
0.60312 0.033466 0.46517
0.59703 0.033454 0.55946
0.56972 0.034121 0.59847
0.58381 0.033614 0.51041
0.55707 0.033751 0.59666
0.69119 0.038111 0.59609
0.64409 0.035412 0.64736
0.61939 0.033995 0.51069
0.49955 0.033507 0.41299
0.54236 0.033542 0.42382
0.59386 0.033578 0.53247
0.54129 0.037859 0.053232
0.56343 0.037838 0.036508
0.55927 0.037864 0.061803
0.54363 0.037931 0.089393
0.55532 0.037881 0.069548
0.55616 0.037915 0.085735
0.54402 0.037964 0.10415
0.54867 0.038018 0.11857
0.55368 0.037955 0.10363
0.55397 0.038014 0.11883
0.54482 0.038059 0.12788
0.56484 0.038046 0.12958
0.55783 0.0381 0.13928
0.54879 0.038208 0.15932
0.56796 0.038174 0.15833
0.55157 0.038331 0.18399
0.5442 0.038456 0.19602
0.56989 0.038299 0.18305
0.56547 0.03848 0.20075
0.54976 0.038551 0.20548
0.56096 0.03854 0.20512
0.57685 0.038447 0.22577
0.5543 0.038344 0.23266
0.57773 0.038305 0.2377
0.57748 0.038286 0.24385
0.55895 0.038966 0.26231
0.58614 0.038901 0.25771
0.5835 0.039447 0.2638
0.57239 0.040304 0.27239
0.57712 0.041644 0.27928
0.59295 0.041096 0.27624
0.60545 0.041122 0.28688
0.56718 0.041622 0.28225
0.59557 0.042938 0.29051
0.60273 0.041745 0.28987
0.60009 0.040408 0.30388
0.60346 0.038911 0.35702
0.60376 0.038638 0.36243
0.59678 0.035376 0.37356
0.62785 0.036842 0.3716
0.62167 0.034257 0.42673
0.66807 0.034173 0.46967
0.71035 0.033796 0.52693
0.72595 0.036812 0.54024
0.69482 0.041026 0.60585
0.66412 0.037135 0.66128
0.60026 0.039846 0.66015
0.66243 0.038355 0.63097
0.67336 0.039929 0.64706
0.60738 0.040781 0.66116
0.65155 0.039978 0.67244
0.61318 0.041223 0.66567
0.59892 0.040909 0.68717
0.57698 0.038601 0.70428
0.60909 0.040133 0.6881
0.57901 0.038406 0.71028
0.57005 0.03809 0.72385
0.60414 0.039747 0.69807
0.55801 0.038038 0.73344
0.56331 0.03859 0.7459
0.58694 0.038378 0.72727
0.57127 0.038551 0.74455
0.54649 0.038812 0.75928
0.54668 0.038708 0.76991
0.5736 0.038714 0.74968
0.54612 0.038594 0.77743
0.56011 0.038492 0.78212
0.57026 0.038427 0.79152
0.54243 0.038441 0.79945
0.54576 0.038294 0.81711
0.56962 0.038305 0.80535
0.56816 0.038246 0.81896
0.55079 0.038226 0.82598
0.54453 0.038118 0.84619
0.55776 0.038202 0.82752
0.55804 0.038116 0.84266
0.54105 0.038044 0.86178
0.55509 0.03804 0.86031
0.56177 0.037968 0.8733
0.54204 0.03789 0.8953
0.55734 0.037895 0.89011
0.56525 0.037871 0.89665
0.54715 0.037856 0.91503
0.53733 0.037931 0.93382
0.55958 0.037839 0.91782
0.55551 0.037915 0.93336
0.54392 0.038009 0.94678
0.54788 0.033786 0.96076
0.56352 0.037954 0.94415
0.55432 0.035421 0.95472
0.66948 0.034508 0.51406
0.69522 0.034416 0.53491
0.57604 0.037829 0.044486
0.5864 0.037821 0.040292
0.59457 0.037834 0.061508
0.5725 0.037913 0.09187
0.58892 0.037855 0.071283
0.59562 0.037887 0.091198
0.57196 0.037944 0.10628
0.57705 0.037993 0.11981
0.59448 0.03791 0.10129
0.58736 0.037947 0.11189
0.58359 0.038052 0.13605
0.60027 0.038 0.13016
0.59541 0.038084 0.14563
0.58233 0.038157 0.162
0.57552 0.038209 0.17003
0.59136 0.038146 0.16455
0.60205 0.038152 0.17073
0.57813 0.03843 0.19789
0.59869 0.03831 0.19227
0.58489 0.038608 0.21284
0.58632 0.03844 0.22589
0.61078 0.038457 0.21276
0.60412 0.038385 0.22755
0.5947 0.038384 0.23165
0.60645 0.038351 0.2393
0.61373 0.038509 0.25389
0.59276 0.038936 0.25803
0.60467 0.039504 0.26928
0.62009 0.038835 0.2694
0.61946 0.039033 0.27618
0.61026 0.040198 0.28319
0.62878 0.038598 0.30235
0.63004 0.038248 0.31565
0.61321 0.039372 0.30716
0.61311 0.038421 0.34599
0.62388 0.038153 0.33505
0.62238 0.037775 0.36093
0.64041 0.03733 0.37039
0.6472 0.037756 0.35916
0.64254 0.036927 0.38784
0.62996 0.037843 0.43775
0.63764 0.037497 0.41888
0.63571 0.037647 0.43549
0.69053 0.037904 0.4471
0.66803 0.039566 0.48747
0.67903 0.038332 0.43912
0.6647 0.040392 0.48502
0.72337 0.038227 0.52758
0.72207 0.041572 0.57949
0.71391 0.037762 0.50987
0.71887 0.042662 0.5862
0.69995 0.043734 0.60607
0.67193 0.040164 0.65572
0.70794 0.044385 0.60457
0.63974 0.040223 0.6006
0.66709 0.040335 0.66779
0.67592 0.040832 0.65326
0.66187 0.04034 0.67676
0.63128 0.040051 0.67573
0.62184 0.040015 0.68019
0.64694 0.039341 0.68387
0.61309 0.039484 0.69416
0.60677 0.038734 0.71441
0.63973 0.038928 0.69127
0.62438 0.038807 0.704
0.60715 0.038581 0.72185
0.61806 0.038666 0.71442
0.6114 0.038536 0.73144
0.58276 0.038609 0.76152
0.60367 0.038563 0.75562
0.58231 0.038522 0.77088
0.60692 0.038361 0.77492
0.60072 0.038345 0.78872
0.57619 0.038262 0.81051
0.59699 0.038192 0.81659
0.58303 0.038205 0.8209
0.58051 0.038108 0.83552
0.59443 0.038104 0.83102
0.5805 0.038022 0.85675
0.59994 0.037983 0.85668
0.57487 0.037919 0.88126
0.59805 0.037825 0.90154
0.57436 0.037818 0.91618
0.59393 0.037799 0.91432
0.57405 0.037951 0.94926
0.57717 0.035831 0.95382
0.59168 0.037892 0.94512
0.58598 0.033547 0.96362
0.60987 0.037801 0.044742
0.61233 0.037815 0.060774
0.63002 0.03778 0.042183
0.63199 0.037783 0.052808
0.61588 0.037829 0.073475
0.60432 0.037863 0.084771
0.63259 0.037812 0.07773
0.6277 0.03783 0.083601
0.61211 0.037903 0.10724
0.61121 0.037953 0.12185
0.62353 0.037875 0.10132
0.63037 0.037915 0.11944
0.6056 0.037976 0.12603
0.61842 0.038057 0.15145
0.63079 0.037943 0.12891
0.63232 0.037982 0.14225
0.61189 0.038098 0.16167
0.61991 0.038127 0.17296
0.63219 0.038043 0.15826
0.6209 0.038225 0.19143
0.61671 0.038368 0.20595
0.63096 0.038213 0.19558
0.633 0.038287 0.20632
0.61825 0.038338 0.22538
0.63535 0.038296 0.22204
0.63998 0.038286 0.23108
0.64685 0.038396 0.25294
0.63936 0.038695 0.28584
0.64633 0.038593 0.27413
0.6579 0.038192 0.30441
0.65205 0.03814 0.30919
0.66512 0.038122 0.33174
0.63771 0.037943 0.3353
0.65404 0.037997 0.35216
0.65535 0.038022 0.33586
0.66821 0.038072 0.354
0.65246 0.037309 0.40579
0.65989 0.037341 0.40937
0.6482 0.037292 0.42516
0.68211 0.038223 0.435
0.66202 0.0373 0.43063
0.67635 0.037729 0.42905
0.67398 0.039885 0.47821
0.70507 0.038659 0.45336
0.67824 0.039653 0.48399
0.70882 0.038178 0.49938
0.73121 0.041244 0.5681
0.7094 0.03825 0.49513
0.73688 0.03984 0.54553
0.71824 0.043357 0.59355
0.68017 0.041402 0.61109
0.72246 0.042627 0.59011
0.69904 0.04287 0.61187
0.64916 0.039642 0.61027
0.66194 0.039461 0.61919
0.66507 0.039812 0.68038
0.67879 0.039463 0.67593
0.64803 0.038822 0.69092
0.63597 0.038663 0.70113
0.65414 0.038316 0.70583
0.65449 0.038426 0.71358
0.62474 0.038488 0.73739
0.61885 0.0385 0.75192
0.64043 0.038388 0.7508
0.62107 0.038378 0.76696
0.61477 0.038321 0.77848
0.63531 0.038303 0.76766
0.63448 0.03827 0.77435
0.61671 0.038213 0.79967
0.61756 0.038183 0.8048
0.63353 0.038181 0.79766
0.63546 0.038146 0.80351
0.60864 0.038151 0.81963
0.61029 0.038018 0.84418
0.63445 0.038087 0.81984
0.63697 0.037981 0.83984
0.61062 0.037992 0.85058
0.60559 0.037938 0.86394
0.62861 0.037943 0.85327
0.62589 0.037894 0.86604
0.61233 0.037876 0.87894
0.60675 0.037825 0.89782
0.62135 0.037837 0.88646
0.63125 0.037798 0.8952
0.60919 0.037786 0.915
0.60967 0.037814 0.93106
0.62154 0.037806 0.93231
0.61112 0.03787 0.9477
0.62354 0.037831 0.94116
0.6293 0.033497 0.96464
0.63917 0.03777 0.046305
0.65404 0.037753 0.038134
0.65614 0.037765 0.062607
0.64678 0.037792 0.077226
0.64099 0.037832 0.092908
0.66388 0.037765 0.072142
0.66685 0.037776 0.083246
0.65695 0.037839 0.1063
0.65161 0.037979 0.15226
0.66077 0.037904 0.13595
0.66303 0.037952 0.15231
0.6477 0.038013 0.16039
0.65088 0.038097 0.18156
0.66296 0.037999 0.16751
0.65992 0.038028 0.17369
0.65122 0.038119 0.18779
0.65011 0.038183 0.20238
0.67086 0.038073 0.19142
0.67143 0.038126 0.20573
0.64956 0.03826 0.22182
0.65896 0.038295 0.23996
0.67201 0.038265 0.24515
0.65711 0.038371 0.25535
0.65903 0.038455 0.26991
0.68114 0.038257 0.25816
0.67309 0.038312 0.2666
0.66714 0.038342 0.28895
0.68486 0.03838 0.30729
0.66778 0.038207 0.31122
0.67728 0.038201 0.33638
0.68818 0.038391 0.31681
0.69537 0.038221 0.33968
0.68357 0.038029 0.36843
0.69001 0.038071 0.36664
0.68206 0.037655 0.40711
0.69382 0.03799 0.39392
0.69361 0.037879 0.40497
0.68449 0.037767 0.42284
0.71153 0.038578 0.43394
0.70542 0.038216 0.41827
0.6972 0.038567 0.47099
0.68826 0.038873 0.47836
0.70454 0.038353 0.47082
0.70532 0.038256 0.48398
0.70917 0.038222 0.49148
0.73627 0.039033 0.52832
0.73007 0.038233 0.50031
0.74503 0.038791 0.52969
0.73518 0.040654 0.58024
0.72438 0.041621 0.60515
0.70053 0.041428 0.61629
0.68197 0.039372 0.62147
0.69771 0.039411 0.6257
0.69012 0.039653 0.66196
0.69367 0.03918 0.63369
0.69333 0.039362 0.66404
0.68093 0.038937 0.68375
0.69741 0.038851 0.67667
0.66787 0.038408 0.71767
0.67715 0.038403 0.70237
0.67551 0.038393 0.71258
0.65868 0.038296 0.73271
0.65349 0.038318 0.74762
0.67114 0.038296 0.73556
0.67884 0.038283 0.74529
0.65754 0.038266 0.75647
0.65048 0.038225 0.77369
0.6702 0.038217 0.76121
0.66617 0.038183 0.77056
0.64437 0.038173 0.79478
0.65299 0.038099 0.80444
0.66271 0.038152 0.78854
0.6615 0.038062 0.80724
0.65167 0.038041 0.82007
0.64712 0.037962 0.83925
0.66796 0.037986 0.82189
0.6687 0.037914 0.83926
0.64827 0.037934 0.84607
0.64714 0.037873 0.86149
0.65796 0.037899 0.85
0.66283 0.037817 0.86965
0.65047 0.037785 0.88677
0.65029 0.03777 0.89423
0.6572 0.037769 0.88766
0.66555 0.037738 0.89901
0.64621 0.037749 0.91278
0.6385 0.037782 0.93129
0.66516 0.03773 0.90778
0.66134 0.037744 0.92297
0.63726 0.037821 0.94449
0.64288 0.035111 0.955
0.65864 0.037825 0.94262
0.66672 0.03474 0.95604
0.68121 0.037716 0.044628
0.68336 0.037715 0.051156
0.69979 0.037693 0.040373
0.69116 0.037714 0.058392
0.69893 0.037718 0.070747
0.69775 0.037745 0.090085
0.67181 0.037802 0.099268
0.67292 0.037844 0.11947
0.67727 0.037871 0.13596
0.68025 0.037911 0.15151
0.68428 0.037937 0.16301
0.6972 0.03792 0.16769
0.68667 0.038042 0.19703
0.67868 0.038105 0.20661
0.70189 0.038016 0.20406
0.6955 0.038086 0.21542
0.68615 0.038158 0.22766
0.69787 0.038128 0.23407
0.70434 0.038124 0.23907
0.69477 0.038236 0.27231
0.7095 0.038161 0.26477
0.70345 0.038193 0.27186
0.69691 0.038314 0.30509
0.71175 0.038231 0.29727
0.7124 0.038246 0.3035
0.70655 0.038259 0.31969
0.70418 0.038222 0.3319
0.71494 0.038288 0.32906
0.71477 0.038334 0.34243
0.7053 0.03822 0.35448
0.70382 0.038183 0.36711
0.72087 0.03838 0.36189
0.72249 0.038388 0.37196
0.71171 0.038343 0.38602
0.71077 0.038137 0.40586
0.72265 0.038359 0.38836
0.73317 0.03826 0.40671
0.72924 0.038407 0.44858
0.73735 0.038388 0.42946
0.72233 0.03825 0.4708
0.72754 0.038217 0.4814
0.74082 0.038369 0.46884
0.74452 0.038388 0.48594
0.73965 0.038251 0.50388
0.74793 0.038754 0.53147
0.75553 0.038387 0.51661
0.75126 0.039072 0.54929
0.73741 0.039974 0.59239
0.75752 0.0387 0.54294
0.748 0.039065 0.58705
0.70776 0.039355 0.62942
0.74134 0.039423 0.60287
0.73736 0.039027 0.62346
0.71543 0.039074 0.63392
0.72409 0.038782 0.6397
0.72413 0.038515 0.65479
0.70607 0.038662 0.67415
0.70491 0.038567 0.6828
0.71771 0.038535 0.66396
0.7174 0.038505 0.67913
0.69173 0.038475 0.71638
0.70889 0.038334 0.70781
0.69466 0.038355 0.7316
0.6847 0.038305 0.74325
0.70153 0.038371 0.72271
0.68775 0.03817 0.764
0.67996 0.038137 0.77836
0.70426 0.038174 0.75458
0.70638 0.038075 0.77374
0.68255 0.038111 0.78569
0.68343 0.038023 0.80247
0.70041 0.038063 0.78285
0.6927 0.037973 0.80872
0.6782 0.037983 0.8167
0.69159 0.037957 0.814
0.69241 0.037874 0.83527
0.68357 0.037826 0.85543
0.6977 0.037831 0.84511
0.68994 0.037762 0.87079
0.68285 0.037754 0.87692
0.69325 0.037741 0.87564
0.69331 0.037693 0.89909
0.68092 0.037706 0.91296
0.67181 0.037827 0.9345
0.6914 0.03785 0.9339
0.68257 0.037966 0.94522
0.68361 0.033542 0.9638
0.6973 0.034091 0.95867
0.7096 0.037682 0.037302
0.70863 0.037688 0.054209
0.72527 0.037664 0.042314
0.72796 0.03767 0.060199
0.71154 0.037705 0.075145
0.72901 0.037681 0.074697
0.71232 0.037734 0.099399
0.70959 0.03778 0.1235
0.72768 0.037723 0.11037
0.73202 0.037743 0.12504
0.70876 0.037853 0.15315
0.73482 0.037775 0.14361
0.73314 0.037805 0.15539
0.71038 0.037896 0.17039
0.70927 0.037948 0.18614
0.72571 0.037842 0.16376
0.73564 0.037863 0.18157
0.71169 0.037961 0.19316
0.71243 0.038013 0.21053
0.72704 0.03794 0.20183
0.72206 0.038055 0.2356
0.7407 0.038017 0.24382
0.72763 0.038092 0.25771
0.72957 0.038134 0.2773
0.72136 0.038203 0.29153
0.73176 0.038211 0.31394
0.7462 0.038128 0.29562
0.7389 0.03819 0.31618
0.73387 0.038215 0.3205
0.73649 0.038258 0.34363
0.74449 0.038187 0.32276
0.75173 0.038197 0.34578
0.74036 0.038249 0.36346
0.73339 0.038324 0.37323
0.74691 0.038224 0.35669
0.74694 0.038275 0.38007
0.7411 0.038265 0.39753
0.7572 0.038294 0.39094
0.75221 0.038332 0.40837
0.74766 0.03835 0.42154
0.74704 0.03841 0.45122
0.76175 0.038375 0.43191
0.76127 0.03839 0.44956
0.75136 0.038402 0.46222
0.75176 0.038423 0.48006
0.75736 0.038399 0.46001
0.76549 0.038485 0.48306
0.76815 0.03847 0.49997
0.77457 0.038582 0.51877
0.76542 0.038669 0.55519
0.77583 0.038693 0.55084
0.77376 0.038627 0.57716
0.75048 0.038628 0.62007
0.77094 0.038592 0.59146
0.76355 0.03858 0.60543
0.73817 0.038511 0.6498
0.75303 0.038569 0.62683
0.75365 0.038522 0.64911
0.73416 0.038418 0.66597
0.73692 0.03838 0.67203
0.74549 0.038439 0.66086
0.74563 0.03836 0.6783
0.73042 0.038291 0.69923
0.72501 0.038274 0.7082
0.74136 0.038321 0.68989
0.74272 0.038243 0.70321
0.7286 0.038187 0.72533
0.71585 0.03819 0.73884
0.73216 0.038141 0.73334
0.71787 0.038138 0.75356
0.7162 0.038072 0.76692
0.7381 0.038077 0.74945
0.73298 0.038013 0.7675
0.71903 0.038 0.78483
0.70903 0.03796 0.80069
0.73052 0.037969 0.78302
0.71678 0.037863 0.82188
0.70717 0.037846 0.83352
0.72976 0.037871 0.81028
0.7188 0.037795 0.8422
0.70595 0.037754 0.86449
0.7251 0.037781 0.84218
0.71224 0.037684 0.88584
0.70623 0.037682 0.89054
0.72249 0.037692 0.87711
0.73409 0.037629 0.89998
0.70492 0.037661 0.9133
0.71599 0.037676 0.92247
0.73227 0.037623 0.90962
0.71127 0.033807 0.96055
0.73309 0.037938 0.94339
0.73928 0.037648 0.043315
0.74202 0.03765 0.056879
0.76182 0.037628 0.058278
0.75678 0.037646 0.076399
0.75471 0.037662 0.089993
0.7656 0.037661 0.1034
0.75581 0.037691 0.11626
0.74495 0.037754 0.14327
0.74133 0.037773 0.14873
0.7577 0.037712 0.13219
0.76622 0.037734 0.15517
0.74343 0.037807 0.16724
0.75004 0.037843 0.1897
0.75922 0.037784 0.17447
0.75846 0.037817 0.18852
0.75417 0.037857 0.20099
0.75006 0.037933 0.22356
0.76664 0.037871 0.21923
0.75041 0.037965 0.23613
0.77128 0.037883 0.22956
0.75688 0.038007 0.26
0.7481 0.038076 0.27449
0.77063 0.037972 0.26466
0.75782 0.038142 0.31524
0.7662 0.038051 0.29255
0.771 0.038085 0.31402
0.75681 0.038157 0.32675
0.75935 0.038182 0.35231
0.77358 0.038106 0.33517
0.77816 0.038126 0.34726
0.76934 0.03817 0.36815
0.76697 0.038204 0.37619
0.78291 0.038162 0.36623
0.77652 0.038194 0.37976
0.76706 0.038249 0.39131
0.7696 0.038309 0.41961
0.78365 0.038245 0.40318
0.76935 0.038352 0.43263
0.77211 0.038402 0.45373
0.78522 0.03836 0.43578
0.78926 0.038396 0.44792
0.77943 0.038433 0.46232
0.77508 0.038511 0.48111
0.79268 0.038461 0.47005
0.79239 0.038505 0.48095
0.79332 0.038678 0.505
0.79037 0.038798 0.53101
0.78232 0.038783 0.54831
0.77938 0.038669 0.57181
0.79281 0.038792 0.54373
0.79717 0.038686 0.56144
0.78105 0.03857 0.59328
0.78268 0.03849 0.61061
0.78617 0.038461 0.61593
0.75893 0.038428 0.66014
0.75804 0.038348 0.67524
0.77721 0.038294 0.65707
0.76018 0.038271 0.68801
0.7558 0.038205 0.7065
0.77576 0.038153 0.69289
0.75752 0.03812 0.72404
0.75299 0.03806 0.74214
0.75143 0.037992 0.75853
0.74822 0.037985 0.76291
0.7657 0.037923 0.764
0.75186 0.037911 0.78242
0.7497 0.037854 0.8003
0.76051 0.037899 0.7774
0.75282 0.037782 0.81954
0.75174 0.037739 0.83671
0.76069 0.037792 0.81068
0.76568 0.03773 0.82815
0.74175 0.037689 0.86378
0.75951 0.037688 0.85144
0.74636 0.037655 0.87293
0.74195 0.037617 0.90171
0.75864 0.037613 0.88183
0.75783 0.037597 0.89666
0.74864 0.037607 0.90598
0.76377 0.037584 0.91285
0.75623 0.037767 0.93276
0.73873 0.037921 0.94242
0.7402 0.034078 0.9587
0.76454 0.033708 0.96134
0.77328 0.037609 0.043802
0.78173 0.037601 0.052253
0.79624 0.037584 0.047321
0.79933 0.037589 0.063052
0.77718 0.037617 0.068257
0.79172 0.037614 0.089672
0.78265 0.037644 0.11246
0.78202 0.037664 0.1277
0.79329 0.037627 0.10929
0.79718 0.037636 0.12338
0.78333 0.03768 0.14215
0.78099 0.037706 0.15502
0.79 0.037661 0.13543
0.79188 0.037694 0.15975
0.78173 0.037739 0.17447
0.80034 0.03769 0.16611
0.79036 0.037755 0.19243
0.78243 0.037794 0.20286
0.78615 0.037828 0.22354
0.79807 0.037767 0.20806
0.79481 0.037804 0.22291
0.77824 0.03787 0.23243
0.77922 0.037928 0.25674
0.79492 0.037822 0.23224
0.79604 0.037857 0.24949
0.79988 0.03789 0.27056
0.78159 0.038035 0.30507
0.78847 0.03805 0.32104
0.80707 0.037923 0.29574
0.79837 0.037995 0.31628
0.79048 0.038073 0.33757
0.79096 0.038107 0.35336
0.7988 0.03802 0.33113
0.79999 0.038054 0.35044
0.7948 0.038114 0.36904
0.79947 0.03812 0.38603
0.80939 0.038064 0.36889
0.81135 0.038096 0.38778
0.79939 0.038152 0.40108
0.79791 0.0382 0.41642
0.80549 0.038127 0.39883
0.81125 0.038166 0.42328
0.7994 0.038274 0.43836
0.81116 0.038214 0.44211
0.80969 0.038229 0.44672
0.7983 0.038386 0.46707
0.80378 0.038372 0.48416
0.81286 0.038255 0.4665
0.82026 0.038263 0.49074
0.80791 0.038441 0.5114
0.81492 0.038342 0.50803
0.82077 0.038308 0.53123
0.80046 0.038601 0.56545
0.81668 0.038352 0.53725
0.81752 0.03832 0.56715
0.80298 0.038443 0.58623
0.79985 0.038436 0.59773
0.81435 0.038317 0.58375
0.80328 0.038322 0.6117
0.80967 0.038271 0.61313
0.78846 0.03827 0.64971
0.78608 0.038198 0.66876
0.80834 0.038125 0.65298
0.80196 0.038087 0.67321
0.78492 0.038114 0.69186
0.78612 0.03808 0.69944
0.80609 0.038027 0.68831
0.80534 0.038013 0.69333
0.78882 0.038003 0.71754
0.77789 0.037973 0.73866
0.79365 0.037912 0.73869
0.78361 0.037923 0.74742
0.78584 0.03785 0.7689
0.80309 0.037862 0.74655
0.79917 0.037735 0.79812
0.77435 0.037731 0.81974
0.7802 0.037686 0.83405
0.79095 0.037723 0.80986
0.80035 0.037651 0.83354
0.77869 0.037643 0.85635
0.79025 0.037645 0.84514
0.78003 0.037594 0.88032
0.7736 0.037578 0.89859
0.79713 0.037552 0.89506
0.77847 0.037713 0.93449
0.79314 0.037539 0.91622
0.7828 0.03785 0.94964
0.77348 0.033554 0.96342
0.7924 0.037815 0.94377
0.7975 0.034378 0.9571
0.80375 0.037577 0.04663
0.80443 0.037578 0.053908
0.82995 0.037552 0.046843
0.83243 0.037551 0.052052
0.80397 0.037591 0.076583
0.80567 0.037599 0.091717
0.82923 0.037562 0.072668
0.82219 0.037578 0.089131
0.81098 0.0376 0.10392
0.80987 0.037616 0.12154
0.82129 0.037589 0.10696
0.82852 0.037596 0.12404
0.82879 0.037611 0.13893
0.82198 0.037659 0.17213
0.8222 0.037673 0.18366
0.81375 0.037725 0.20368
0.80765 0.037766 0.21859
0.83446 0.037693 0.21023
0.83124 0.037715 0.21991
0.80929 0.03779 0.23379
0.81335 0.037819 0.25382
0.83404 0.037766 0.25477
0.82225 0.037829 0.2768
0.81809 0.037865 0.28521
0.83693 0.037793 0.27447
0.83105 0.037834 0.28948
0.82244 0.037876 0.29802
0.81818 0.037931 0.31389
0.83317 0.037849 0.30005
0.8281 0.037909 0.32361
0.81759 0.03798 0.33821
0.82256 0.037981 0.34821
0.83034 0.037935 0.34147
0.8196 0.038049 0.37252
0.81989 0.038083 0.39132
0.83996 0.037967 0.37428
0.82105 0.038101 0.40405
0.82284 0.03813 0.42332
0.83724 0.038049 0.41928
0.8243 0.038154 0.4381
0.8327 0.038119 0.45109
0.8438 0.038056 0.43623
0.82732 0.038189 0.46956
0.82464 0.038238 0.49114
0.82515 0.038265 0.5116
0.83306 0.038204 0.52136
0.84232 0.038163 0.52166
0.83008 0.038219 0.55878
0.8381 0.038169 0.55441
0.82758 0.038173 0.60375
0.84575 0.038109 0.582
0.84051 0.038102 0.6001
0.82847 0.038124 0.61975
0.82797 0.038077 0.63512
0.84148 0.03807 0.61338
0.8348 0.038054 0.63129
0.81942 0.038074 0.65364
0.81942 0.038054 0.6602
0.83412 0.038028 0.64236
0.82315 0.037995 0.67515
0.81467 0.037948 0.70446
0.83233 0.037912 0.69216
0.81638 0.037909 0.71555
0.83014 0.037863 0.71369
0.81171 0.037851 0.7415
0.81142 0.037784 0.76631
0.83683 0.037767 0.74436
0.83683 0.037733 0.75906
0.80794 0.03776 0.77923
0.81084 0.037703 0.79995
0.83482 0.037688 0.78179
0.82831 0.037672 0.79624
0.81323 0.037677 0.80915
0.82706 0.037613 0.82927
0.8065 0.03761 0.84959
0.81275 0.037578 0.86216
0.83172 0.037579 0.84507
0.83103 0.03755 0.8642
0.81646 0.037551 0.87448
0.80578 0.037542 0.89362
0.82793 0.037524 0.88321
0.80732 0.03753 0.9089
0.80625 0.037601 0.92431
0.82013 0.037515 0.91001
0.80623 0.037821 0.94051
0.81346 0.033681 0.96164
0.82783 0.037947 0.94962
0.8215 0.033544 0.96368
0.84331 0.037541 0.044606
0.8402 0.037545 0.054635
0.86267 0.037523 0.044788
0.8464 0.037547 0.078613
0.85 0.037549 0.090672
0.85338 0.037539 0.073871
0.85527 0.037543 0.088977
0.85702 0.037552 0.10729
0.85656 0.037568 0.13042
0.84144 0.037599 0.14484
0.84842 0.0376 0.1571
0.86075 0.03757 0.14063
0.85472 0.037585 0.15058
0.83978 0.037638 0.17865
0.84248 0.037647 0.18935
0.85917 0.037608 0.17912
0.86728 0.037614 0.19404
0.8517 0.037653 0.2061
0.84047 0.037705 0.22599
0.86293 0.037637 0.20826
0.8556 0.037675 0.22792
0.85092 0.037705 0.24165
0.86033 0.037685 0.24237
0.86265 0.037696 0.25285
0.86011 0.037734 0.27095
0.86275 0.037758 0.29124
0.8489 0.037825 0.30995
0.8432 0.037856 0.31882
0.86538 0.037768 0.30329
0.86093 0.037797 0.31559
0.84898 0.037893 0.34914
0.86338 0.037826 0.33768
0.87145 0.037833 0.35685
0.85306 0.037921 0.37546
0.8612 0.037885 0.37432
0.8696 0.037881 0.38726
0.85784 0.037951 0.40622
0.85958 0.037963 0.41942
0.8627 0.037923 0.40116
0.87191 0.037927 0.42715
0.85374 0.038024 0.43818
0.84965 0.038063 0.45345
0.86629 0.037966 0.44291
0.87109 0.037964 0.45797
0.85309 0.038079 0.4748
0.85737 0.038069 0.48988
0.85683 0.038099 0.51235
0.86221 0.038059 0.53163
0.87599 0.037988 0.52209
0.85899 0.038083 0.54246
0.85956 0.038064 0.55836
0.87433 0.037989 0.5427
0.87185 0.037994 0.55595
0.86022 0.038026 0.5785
0.85274 0.038048 0.59888
0.87257 0.037971 0.5768
0.8651 0.037981 0.59413
0.85873 0.037968 0.62488
0.86868 0.037951 0.60561
0.86233 0.037931 0.6354
0.85581 0.037898 0.66416
0.87108 0.037878 0.64312
0.86435 0.037855 0.66737
0.85359 0.037852 0.68386
0.84488 0.037862 0.69339
0.86587 0.037829 0.67591
0.86742 0.037771 0.70038
0.84541 0.037819 0.71125
0.85103 0.037762 0.72876
0.8594 0.03778 0.70727
0.85932 0.037732 0.73129
0.84808 0.037742 0.7415
0.84459 0.037696 0.76746
0.86 0.037669 0.76285
0.84033 0.037646 0.7978
0.86337 0.037644 0.77348
0.86711 0.037605 0.79242
0.84322 0.037606 0.81744
0.8655 0.037585 0.80681
0.86214 0.037564 0.82432
0.84473 0.03756 0.84506
0.86163 0.037541 0.84062
0.86249 0.037517 0.85827
0.84684 0.037514 0.87741
0.84214 0.037499 0.89866
0.861 0.037504 0.87139
0.84531 0.037517 0.92108
0.86442 0.037468 0.90728
0.85561 0.037531 0.92411
0.84935 0.037691 0.93812
0.84184 0.033737 0.96093
0.86278 0.037643 0.93756
0.8604 0.033532 0.96377
0.87045 0.037515 0.039073
0.87226 0.037516 0.060852
0.88733 0.037501 0.039888
0.88883 0.037502 0.051823
0.88208 0.03751 0.076178
0.8827 0.037516 0.091699
0.89751 0.037506 0.078275
0.89159 0.037509 0.085621
0.88212 0.037525 0.10824
0.88297 0.037535 0.12679
0.89153 0.037523 0.11797
0.87601 0.037549 0.13693
0.88349 0.037554 0.15703
0.895 0.037542 0.14669
0.89026 0.037554 0.16079
0.87816 0.037592 0.18929
0.89449 0.037558 0.16837
0.89888 0.037573 0.18817
0.87362 0.037613 0.20201
0.87928 0.03762 0.21766
0.89262 0.037599 0.20927
0.88864 0.03761 0.22029
0.87215 0.037651 0.23505
0.87613 0.037693 0.27221
0.87856 0.037709 0.28735
0.90048 0.037661 0.26725
0.89383 0.037693 0.28995
0.87531 0.037754 0.31194
0.88498 0.037742 0.32032
0.89115 0.037705 0.30093
0.89053 0.037726 0.31738
0.88289 0.037781 0.34242
0.89782 0.037743 0.33738
0.90282 0.037753 0.35118
0.88428 0.037829 0.37784
0.87764 0.037857 0.38544
0.89756 0.037784 0.37021
0.90096 0.037804 0.39116
0.88067 0.037872 0.40572
0.88327 0.037877 0.41855
0.90261 0.037829 0.41216
0.89867 0.03784 0.41794
0.89005 0.037872 0.44065
0.89414 0.037874 0.45099
0.88987 0.037901 0.48049
0.88822 0.037918 0.49568
0.8943 0.037893 0.49387
0.88007 0.037964 0.50574
0.88691 0.037928 0.531
0.89713 0.037895 0.51385
0.89865 0.037893 0.52691
0.88359 0.037941 0.54132
0.89822 0.037893 0.53923
0.90193 0.037892 0.55363
0.8871 0.037908 0.57635
0.88432 0.037897 0.59946
0.89825 0.037871 0.57654
0.89477 0.037854 0.60007
0.8832 0.037889 0.60786
0.8874 0.037824 0.63341
0.89415 0.037841 0.6112
0.89324 0.037815 0.62848
0.8852 0.037801 0.65116
0.89406 0.03778 0.64872
0.89685 0.037759 0.66073
0.87725 0.037789 0.67722
0.90242 0.037695 0.69856
0.87565 0.037719 0.71461
0.88396 0.037668 0.7313
0.89898 0.037693 0.70495
0.89395 0.03767 0.72385
0.87654 0.037662 0.74653
0.87477 0.037633 0.76595
0.89041 0.037638 0.74414
0.9006 0.037594 0.7646
0.87693 0.037603 0.78119
0.88082 0.037571 0.79785
0.89269 0.03757 0.78852
0.87348 0.037557 0.81632
0.87956 0.037535 0.82538
0.89151 0.037548 0.80524
0.87869 0.037515 0.84118
0.88327 0.037483 0.86449
0.89673 0.037504 0.84015
0.8883 0.037484 0.85952
0.87604 0.037464 0.8925
0.89399 0.03747 0.87064
0.89689 0.037449 0.891
0.88137 0.037447 0.90504
0.88238 0.037533 0.93106
0.89479 0.037447 0.91159
0.89838 0.037573 0.93258
0.87295 0.037656 0.94257
0.89963 0.033678 0.96143
0.90676 0.037509 0.037512
0.91382 0.037511 0.054163
0.92424 0.03756 0.038835
0.91706 0.037506 0.075327
0.90556 0.037507 0.090206
0.93104 0.037647 0.094487
0.91345 0.037507 0.10856
0.91148 0.037522 0.1289
0.92327 0.037565 0.10346
0.92581 0.037599 0.11786
0.9074 0.037529 0.13424
0.90983 0.037546 0.15819
0.92398 0.037576 0.13869
0.91573 0.037562 0.18757
0.92973 0.037608 0.17104
0.93275 0.037665 0.196
0.91685 0.037585 0.20477
0.91458 0.037602 0.22162
0.92927 0.037678 0.20887
0.92124 0.037628 0.22562
0.91085 0.037612 0.24559
0.92992 0.03768 0.24222
0.92402 0.037657 0.25546
0.91114 0.037668 0.26924
0.93345 0.037735 0.2791
0.93278 0.037745 0.2934
0.91508 0.037707 0.3247
0.92607 0.037727 0.30178
0.92526 0.037732 0.32171
0.90782 0.037727 0.33529
0.91107 0.03775 0.36064
0.93201 0.037793 0.33674
0.92281 0.037757 0.35514
0.91024 0.037761 0.3711
0.91521 0.037777 0.3904
0.92858 0.037833 0.39513
0.92858 0.037838 0.403
0.93409 0.037906 0.43056
0.91108 0.03787 0.45516
0.93081 0.037905 0.43545
0.91335 0.037857 0.48102
0.91078 0.037863 0.49697
0.93142 0.037917 0.47287
0.92908 0.037894 0.48698
0.91687 0.037852 0.50474
0.91764 0.037865 0.52488
0.93234 0.037915 0.51395
0.92992 0.037907 0.52113
0.92839 0.03793 0.53986
0.92995 0.037926 0.55654
0.91866 0.037794 0.59837
0.92891 0.037836 0.57755
0.93215 0.037832 0.59782
0.91451 0.037798 0.6077
0.90952 0.037794 0.62501
0.92573 0.037814 0.60873
0.92723 0.03783 0.62118
0.9078 0.037773 0.64609
0.93553 0.037945 0.64946
0.92658 0.037818 0.66484
0.9169 0.037673 0.68911
0.92843 0.037806 0.68227
0.9313 0.037804 0.69666
0.91567 0.037681 0.70573
0.92548 0.037725 0.7096
0.91218 0.037619 0.74156
0.91544 0.037579 0.76068
0.92238 0.037656 0.73754
0.92163 0.037604 0.76572
0.91659 0.03757 0.77288
0.91548 0.037557 0.78938
0.92821 0.037655 0.77688
0.9288 0.03762 0.7965
0.90675 0.037521 0.81691
0.91418 0.03751 0.8234
0.92311 0.037565 0.80409
0.9208 0.037527 0.82732
0.90811 0.037496 0.84668
0.90844 0.037474 0.86336
0.92586 0.037579 0.83739
0.92152 0.037516 0.8628
0.91393 0.037453 0.87437
0.92144 0.037492 0.87292
0.93302 0.037588 0.89081
0.9093 0.037462 0.91166
0.91045 0.037587 0.93097
0.92269 0.037515 0.91058
0.93071 0.037663 0.92675
0.9089 0.037689 0.94254
0.91476 0.033868 0.95963
0.92088 0.037717 0.94106
0.92575 0.033742 0.96078
0.93946 0.037663 0.042211
0.93975 0.037675 0.054812
0.95476 0.035021 0.0373
0.95803 0.034116 0.061548
0.93713 0.037689 0.074758
0.9604 0.033785 0.087745
0.94817 0.037868 0.1059
0.95959 0.033875 0.12711
0.94767 0.037728 0.14462
0.94435 0.037685 0.15505
0.95882 0.033971 0.1402
0.95254 0.036142 0.15731
0.93792 0.03765 0.17103
0.94725 0.037754 0.19502
0.95566 0.034718 0.19659
0.94148 0.037757 0.20485
0.94156 0.037783 0.22716
0.96341 0.033553 0.21364
0.96132 0.033698 0.22049
0.94218 0.037753 0.24583
0.94786 0.037778 0.2513
0.96121 0.033702 0.23589
0.95324 0.035825 0.26249
0.94476 0.03776 0.26984
0.94156 0.03776 0.2869
0.95994 0.033827 0.27439
0.94315 0.037784 0.30096
0.94298 0.03784 0.32925
0.95549 0.03483 0.3008
0.96454 0.033499 0.32399
0.94716 0.037901 0.34138
0.94501 0.037921 0.35607
0.9592 0.033964 0.35921
0.94238 0.037919 0.36728
0.94903 0.037963 0.39654
0.96439 0.033512 0.37896
0.95328 0.036215 0.39539
0.94755 0.037932 0.40618
0.96374 0.033543 0.40942
0.95725 0.034408 0.42832
0.94375 0.037998 0.44457
0.94744 0.038034 0.45145
0.95462 0.035435 0.43533
0.96032 0.033837 0.45251
0.94213 0.037974 0.47257
0.96385 0.033542 0.47945
0.95624 0.034794 0.49547
0.94814 0.038005 0.50946
0.94457 0.037987 0.52303
0.95419 0.035772 0.5125
0.96032 0.033845 0.52758
0.93961 0.03795 0.55567
0.96452 0.033509 0.53997
0.95907 0.034035 0.55816
0.94514 0.037876 0.59573
0.94232 0.037917 0.61492
0.94259 0.037946 0.62386
0.96014 0.033858 0.62881
0.94597 0.038036 0.6407
0.96169 0.033693 0.63825
0.96383 0.033546 0.65986
0.95014 0.038147 0.67734
0.96055 0.03382 0.67532
0.95976 0.033908 0.69566
0.94242 0.037787 0.71417
0.94144 0.03777 0.72526
0.95493 0.035101 0.71578
0.95554 0.034846 0.721
0.94504 0.037856 0.75603
0.95623 0.03464 0.7474
0.96008 0.033839 0.75611
0.9428 0.037784 0.7797
0.94272 0.037707 0.79962
0.95814 0.034114 0.78765
0.94126 0.037675 0.80482
0.95478 0.035041 0.81314
0.95948 0.033902 0.832
0.94026 0.03779 0.84739
0.96504 0.033483 0.8579
0.94428 0.037706 0.88738
0.95992 0.033843 0.87105
0.93952 0.037714 0.92382
0.95693 0.034356 0.90924
0.96469 0.033492 0.92187
0.94018 0.037795 0.93821
0.94325 0.033998 0.95878
0.9596 0.03388 0.9436
0.95468 0.033471 0.96294
