2635
1 1 1
0.034984 0.037619 0.044859
0.04104 0.037618 0.054196
0.062462 0.037616 0.03567
0.058483 0.037617 0.051436
0.046153 0.037614 0.0689
0.043612 0.037608 0.093299
0.05983 0.037609 0.080711
0.0563 0.037605 0.096999
0.038582 0.037603 0.11058
0.041289 0.037599 0.12056
0.063418 0.0376 0.10731
0.062985 0.037583 0.14311
0.040467 0.037562 0.18912
0.058536 0.037565 0.17903
0.061378 0.037553 0.19475
0.036187 0.037554 0.19954
0.040472 0.037534 0.22556
0.053499 0.037549 0.20463
0.056661 0.037537 0.21809
0.048007 0.037526 0.23464
0.042474 0.037508 0.25601
0.053219 0.03752 0.24106
0.06219 0.037503 0.25585
0.047552 0.037497 0.26795
0.046735 0.037482 0.28519
0.056207 0.037486 0.27707
0.063923 0.037473 0.28592
0.062913 0.037452 0.30712
0.058467 0.03744 0.32236
0.045636 0.037423 0.34378
0.063442 0.037406 0.35266
0.04677 0.037395 0.37418
0.045799 0.037383 0.38776
0.062001 0.037388 0.37219
0.057349 0.037373 0.39422
0.045266 0.037365 0.40488
0.037897 0.037346 0.42441
0.062234 0.037354 0.40784
0.055637 0.037349 0.41927
0.04319 0.037328 0.44752
0.061436 0.037323 0.44545
0.060767 0.037312 0.46155
0.04267 0.037309 0.47477
0.044794 0.037301 0.48938
0.054101 0.037311 0.47454
0.060535 0.037294 0.49313
0.038962 0.037294 0.50901
0.038642 0.037288 0.52989
0.056965 0.037291 0.51104
0.061853 0.03728 0.52899
0.046748 0.037285 0.5412
0.044166 0.037284 0.56639
0.064136 0.037275 0.53972
0.06269 0.037276 0.55998
0.037513 0.037285 0.57739
0.036217 0.03729 0.5994
0.053681 0.037286 0.57598
0.055737 0.037288 0.59573
0.04474 0.037291 0.60415
0.036531 0.037303 0.63101
0.053362 0.037294 0.61012
0.059871 0.037292 0.62264
0.052963 0.037313 0.65037
0.055017 0.037316 0.66224
0.048526 0.037325 0.6742
0.053959 0.037322 0.67232
0.059749 0.037324 0.6899
0.036121 0.03735 0.73188
0.061228 0.037335 0.71467
0.052528 0.037346 0.72444
0.043855 0.037357 0.74855
0.037176 0.037363 0.76444
0.059977 0.037351 0.74513
0.052618 0.037362 0.76249
0.041028 0.037368 0.77526
0.037323 0.037374 0.80229
0.058818 0.037367 0.78391
0.056808 0.03737 0.79394
0.039902 0.037377 0.82973
0.053247 0.037376 0.81744
0.059009 0.037374 0.83532
0.038172 0.037378 0.84716
0.035075 0.037374 0.86643
0.05422 0.037377 0.84139
0.056718 0.037373 0.86441
0.035653 0.037369 0.87637
0.045477 0.037382 0.89812
0.058845 0.037366 0.88399
0.057225 0.037371 0.89435
0.042115 0.037427 0.91802
0.036779 0.033477 0.95804
0.056894 0.038392 0.94854
0.058839 0.033702 0.95633
0.07932 0.037611 0.04529
0.075187 0.03761 0.059692
0.078199 0.037603 0.088358
0.094409 0.037601 0.074004
0.091747 0.037598 0.088351
0.071333 0.037599 0.10644
0.07246 0.037589 0.12936
0.085301 0.037594 0.10894
0.089552 0.037587 0.12247
0.069995 0.037583 0.14029
0.089725 0.037579 0.13668
0.093202 0.037564 0.15825
0.072207 0.037562 0.17623
0.068244 0.037553 0.19119
0.094783 0.037551 0.17611
0.095392 0.03754 0.19143
0.077672 0.037536 0.20624
0.076401 0.037523 0.22327
0.089378 0.037526 0.21143
0.0979 0.037507 0.22728
0.070175 0.037508 0.24455
0.07283 0.037502 0.25104
0.086304 0.0375 0.24519
0.090842 0.03749 0.2535
0.076844 0.037475 0.27413
0.076045 0.037458 0.29166
0.096835 0.037462 0.27428
0.069175 0.037446 0.30846
0.069741 0.037426 0.32777
0.094518 0.037431 0.30707
0.092658 0.037412 0.32855
0.072795 0.037405 0.34716
0.091863 0.037397 0.34316
0.090724 0.037383 0.35832
0.077844 0.037363 0.38153
0.094208 0.03736 0.37498
0.098345 0.037342 0.38699
0.071697 0.03734 0.41326
0.076367 0.037324 0.42668
0.097445 0.037319 0.41595
0.090261 0.037324 0.4224
0.072292 0.037309 0.44867
0.088059 0.037306 0.44089
0.090049 0.037291 0.45986
0.07827 0.037282 0.47737
0.083091 0.03727 0.48786
0.096281 0.037268 0.48358
0.095671 0.037263 0.49428
0.07308 0.037274 0.50515
0.091769 0.037256 0.52186
0.082524 0.037254 0.53791
0.076721 0.03726 0.56518
0.088637 0.03725 0.56284
0.078782 0.037258 0.57115
0.073509 0.037269 0.59914
0.091995 0.037254 0.5713
0.094739 0.037253 0.59432
0.078411 0.037272 0.62819
0.096299 0.037253 0.61145
0.10173 0.037248 0.62044
0.076669 0.03728 0.64106
0.097713 0.037272 0.66336
0.070777 0.037307 0.68066
0.090162 0.037285 0.67261
0.09284 0.037295 0.69225
0.078603 0.03732 0.71075
0.069185 0.037339 0.73228
0.093727 0.037316 0.72323
0.072601 0.037343 0.74521
0.077594 0.037346 0.75778
0.090384 0.03733 0.7409
0.086879 0.037343 0.76257
0.072566 0.037355 0.77423
0.074009 0.037364 0.80095
0.095834 0.037347 0.78591
0.073248 0.037369 0.81848
0.081281 0.037366 0.82621
0.094373 0.037356 0.80892
0.091393 0.037361 0.83553
0.075691 0.037367 0.84586
0.075739 0.037367 0.86606
0.091527 0.037362 0.87026
0.07816 0.037362 0.88774
0.090206 0.037363 0.87876
0.087096 0.037356 0.89579
0.072471 0.037369 0.91536
0.077034 0.037616 0.93646
0.091193 0.037348 0.90856
0.070065 0.037877 0.94319
0.086265 0.03764 0.9504
0.11079 0.037599 0.039074
0.10619 0.037599 0.057567
0.12687 0.037591 0.037923
0.12231 0.037593 0.05239
0.10297 0.037598 0.068631
0.10746 0.037588 0.094796
0.12468 0.037578 0.09711
0.10592 0.037583 0.11087
0.11426 0.03757 0.12941
0.12574 0.03757 0.11902
0.10811 0.037566 0.14191
0.10322 0.03756 0.15668
0.12757 0.037544 0.15687
0.10848 0.037545 0.17377
0.10731 0.037535 0.18863
0.12858 0.037534 0.16801
0.12002 0.037523 0.19493
0.1142 0.037504 0.21823
0.11898 0.037517 0.20224
0.11845 0.037492 0.2288
0.10711 0.037488 0.23999
0.10214 0.037475 0.25789
0.12249 0.037478 0.23937
0.10843 0.037451 0.27572
0.10829 0.037438 0.28859
0.12281 0.037439 0.27957
0.13131 0.037421 0.28637
0.1091 0.037419 0.30639
0.11015 0.037394 0.32923
0.13137 0.037394 0.31228
0.11959 0.037398 0.32093
0.10693 0.037388 0.33711
0.1085 0.037358 0.36216
0.11957 0.037354 0.35716
0.10262 0.037357 0.36922
0.12051 0.037338 0.37392
0.12778 0.037312 0.39847
0.10719 0.037318 0.40277
0.10809 0.037292 0.43007
0.11999 0.037277 0.43068
0.10453 0.037287 0.44237
0.10605 0.037274 0.45429
0.12171 0.03726 0.44952
0.12432 0.037251 0.46206
0.10605 0.037259 0.47487
0.11599 0.037233 0.49145
0.12631 0.03724 0.47701
0.13396 0.037225 0.49418
0.11239 0.037232 0.50694
0.10769 0.037232 0.52748
0.13212 0.037214 0.52809
0.11471 0.037218 0.53956
0.10941 0.037226 0.56002
0.13459 0.037205 0.54461
0.10681 0.037231 0.58183
0.10906 0.037231 0.59427
0.1301 0.037208 0.57544
0.13102 0.037214 0.59915
0.11774 0.037225 0.61484
0.11747 0.037229 0.62448
0.13611 0.037211 0.62867
0.1134 0.037243 0.64328
0.11241 0.037252 0.65614
0.12841 0.037231 0.6374
0.1236 0.037248 0.66437
0.10997 0.03727 0.68151
0.1287 0.037253 0.68049
0.11095 0.037299 0.72739
0.13228 0.037257 0.70442
0.13219 0.037279 0.73253
0.10475 0.037314 0.73886
0.10854 0.037321 0.75576
0.12325 0.037314 0.76397
0.10956 0.037332 0.77575
0.13078 0.037316 0.77949
0.12006 0.037332 0.79247
0.11072 0.03735 0.83323
0.11983 0.037337 0.80712
0.12299 0.037345 0.83751
0.11206 0.037352 0.84365
0.12807 0.037344 0.84738
0.12824 0.037344 0.86189
0.11119 0.037351 0.882
0.11565 0.037346 0.89929
0.13215 0.037338 0.89021
0.12626 0.037345 0.90501
0.10679 0.037344 0.91634
0.12639 0.037362 0.91932
0.12493 0.037593 0.93232
0.10834 0.037746 0.94355
0.13592 0.038105 0.95008
0.13355 0.033335 0.96495
0.14216 0.037581 0.039849
0.15767 0.03757 0.035287
0.15931 0.037568 0.053561
0.13482 0.037578 0.076625
0.14021 0.037568 0.095996
0.15304 0.037568 0.072366
0.15745 0.037558 0.091135
0.13984 0.037564 0.10714
0.1415 0.037559 0.11861
0.15207 0.037554 0.11188
0.1564 0.037548 0.11755
0.13499 0.03755 0.13873
0.13615 0.037533 0.16063
0.16096 0.037517 0.15441
0.13484 0.037519 0.17963
0.15904 0.037501 0.17431
0.15788 0.037492 0.18605
0.13767 0.037492 0.20716
0.14397 0.037466 0.22739
0.16107 0.037466 0.20878
0.13712 0.03746 0.24006
0.14759 0.037432 0.25572
0.15325 0.037451 0.23326
0.16169 0.037412 0.2621
0.14013 0.037425 0.27005
0.13985 0.037403 0.29231
0.15899 0.037408 0.27003
0.15587 0.037391 0.28918
0.14808 0.037375 0.30655
0.13572 0.037382 0.31746
0.16184 0.037371 0.30076
0.15402 0.037349 0.32425
0.13886 0.037344 0.34648
0.14847 0.03732 0.35356
0.15927 0.037336 0.33504
0.14549 0.037299 0.37849
0.13984 0.0373 0.38741
0.16383 0.037285 0.38196
0.13824 0.037264 0.42682
0.15343 0.037232 0.43125
0.14735 0.037227 0.44682
0.14115 0.037229 0.46033
0.16065 0.037213 0.4504
0.15968 0.037203 0.46032
0.14302 0.037211 0.47593
0.14229 0.037203 0.49204
0.16382 0.037183 0.47979
0.155 0.037166 0.5144
0.15458 0.037161 0.52722
0.17504 0.037169 0.50836
0.14717 0.037171 0.54683
0.15442 0.037155 0.56699
0.164 0.037144 0.55067
0.1755 0.037157 0.55449
0.1549 0.037156 0.58229
0.14844 0.037172 0.59438
0.17306 0.037156 0.58155
0.17113 0.037157 0.59315
0.14686 0.037179 0.61052
0.14895 0.03718 0.62691
0.1724 0.037157 0.61383
0.1658 0.037159 0.62361
0.15049 0.037192 0.65732
0.17379 0.037149 0.64146
0.16115 0.037178 0.65799
0.14656 0.03721 0.67065
0.15136 0.037216 0.69116
0.15751 0.037193 0.67382
0.158 0.037216 0.69848
0.13831 0.037247 0.70323
0.14837 0.037256 0.73139
0.16215 0.037219 0.70485
0.15553 0.037248 0.73092
0.14736 0.037271 0.74766
0.14014 0.037294 0.76611
0.1609 0.037247 0.7375
0.16352 0.037255 0.75472
0.14214 0.03731 0.79457
0.15632 0.037285 0.7766
0.15697 0.037298 0.80033
0.14724 0.037313 0.80931
0.14429 0.037326 0.83198
0.16535 0.037301 0.8171
0.15741 0.037315 0.83231
0.14232 0.037337 0.85268
0.14928 0.037328 0.86935
0.16144 0.037322 0.85153
0.16209 0.037321 0.86851
0.14008 0.037331 0.88427
0.16019 0.03736 0.88988
0.16247 0.037548 0.9071
0.14086 0.037342 0.91696
0.14694 0.037726 0.93472
0.16808 0.037845 0.91688
0.16391 0.037899 0.92863
0.14246 0.034061 0.95505
0.16616 0.038209 0.94172
0.16436 0.033343 0.96172
0.17142 0.03756 0.044978
0.17841 0.037551 0.061544
0.18771 0.037547 0.045701
0.18674 0.037547 0.055408
0.17125 0.037552 0.076858
0.17512 0.037542 0.092773
0.19043 0.037535 0.078521
0.19022 0.037528 0.093991
0.17052 0.037539 0.10687
0.17497 0.037521 0.13009
0.18497 0.037525 0.10844
0.19206 0.037512 0.11935
0.17369 0.037514 0.14217
0.18072 0.037498 0.15576
0.18879 0.037497 0.14701
0.19327 0.037488 0.15239
0.18109 0.037456 0.19579
0.19257 0.037466 0.17442
0.18825 0.037456 0.19119
0.17788 0.037426 0.22941
0.18992 0.037441 0.20413
0.18952 0.037426 0.22277
0.17597 0.037413 0.24193
0.1788 0.037387 0.26029
0.19108 0.037386 0.25221
0.1931 0.037359 0.27383
0.189 0.037342 0.29226
0.17082 0.037356 0.30021
0.17791 0.037324 0.31771
0.19215 0.03732 0.31218
0.19516 0.0373 0.32909
0.17088 0.037305 0.34556
0.17385 0.037292 0.35275
0.18862 0.037282 0.34103
0.19196 0.037273 0.351
0.1805 0.037254 0.37653
0.19114 0.037244 0.37986
0.18836 0.037222 0.39761
0.17939 0.037199 0.43365
0.19774 0.03722 0.41055
0.19953 0.037202 0.43094
0.18041 0.037181 0.44719
0.18327 0.037164 0.46279
0.19672 0.037172 0.44522
0.19328 0.03714 0.47034
0.18467 0.037152 0.49644
0.19819 0.037123 0.48922
0.20454 0.037121 0.4978
0.18633 0.037136 0.51036
0.18739 0.037115 0.53279
0.21582 0.037233 0.5176
0.21092 0.037107 0.53434
0.18694 0.037115 0.5461
0.20091 0.037064 0.56158
0.19368 0.037088 0.57721
0.18209 0.03713 0.58983
0.20869 0.037105 0.5822
0.20138 0.037083 0.5937
0.19229 0.037092 0.60459
0.1831 0.037123 0.62478
0.20238 0.037095 0.60189
0.20062 0.037091 0.61892
0.18136 0.037128 0.64282
0.18266 0.037129 0.6523
0.21041 0.03708 0.64278
0.20914 0.037089 0.65476
0.18039 0.037149 0.67016
0.17749 0.037167 0.68657
0.19506 0.037116 0.66657
0.19552 0.037135 0.68686
0.18148 0.037183 0.71446
0.17708 0.037206 0.72706
0.1936 0.037151 0.7005
0.19136 0.037189 0.73129
0.18223 0.037219 0.74723
0.1747 0.037237 0.75574
0.19134 0.037208 0.74605
0.1722 0.037273 0.79309
0.19401 0.037223 0.77073
0.19201 0.037254 0.7993
0.17696 0.037281 0.8088
0.1898 0.037275 0.81686
0.19088 0.037282 0.83282
0.18034 0.0373 0.84444
0.17164 0.037316 0.86256
0.18899 0.037304 0.85182
0.18701 0.037307 0.85964
0.17062 0.037326 0.8843
0.17429 0.037749 0.90287
0.1937 0.037305 0.87811
0.19243 0.037793 0.90138
0.17704 0.038353 0.92694
0.18656 0.038622 0.92542
0.18105 0.034141 0.95112
0.18699 0.038543 0.93344
0.18931 0.033523 0.95492
0.20237 0.037533 0.044453
0.21075 0.037521 0.05888
0.22428 0.037511 0.035003
0.22238 0.037511 0.056664
0.20949 0.037519 0.069153
0.20631 0.037514 0.089269
0.22697 0.0375 0.071444
0.22369 0.037494 0.094268
0.21214 0.037501 0.10161
0.2064 0.03749 0.12801
0.22902 0.037482 0.10239
0.22097 0.03748 0.12266
0.20558 0.037478 0.14347
0.20188 0.037452 0.17547
0.21277 0.037423 0.19213
0.22892 0.037415 0.17506
0.2317 0.037402 0.18638
0.20817 0.037415 0.20289
0.22609 0.03739 0.20316
0.21551 0.037357 0.24164
0.2296 0.037346 0.23685
0.22797 0.037338 0.2604
0.20937 0.03733 0.27652
0.20454 0.037331 0.28467
0.2288 0.037324 0.2712
0.22225 0.037297 0.28914
0.21396 0.037288 0.30964
0.21212 0.037273 0.32962
0.22165 0.03727 0.3182
0.20531 0.03728 0.33546
0.21028 0.037242 0.35915
0.22243 0.037251 0.33485
0.2323 0.037243 0.35208
0.21407 0.037223 0.36938
0.21152 0.037212 0.38841
0.22623 0.037222 0.36754
0.22002 0.037189 0.39577
0.21099 0.037194 0.41507
0.21942 0.03717 0.41204
0.2137 0.037164 0.44104
0.20902 0.037147 0.46852
0.22782 0.037146 0.44425
0.23159 0.037132 0.46474
0.21768 0.037118 0.48196
0.22892 0.037377 0.50516
0.22764 0.037125 0.49225
0.23685 0.037548 0.50833
0.23227 0.037757 0.52132
0.23396 0.037597 0.53086
0.23406 0.037257 0.54408
0.23364 0.037123 0.55638
0.24676 0.037099 0.55695
0.22632 0.037192 0.58236
0.22124 0.037308 0.59272
0.24575 0.037329 0.58086
0.24304 0.037463 0.58712
0.22226 0.03746 0.60162
0.21967 0.037305 0.62073
0.24019 0.0376 0.61342
0.21676 0.03707 0.63921
0.22586 0.037024 0.64382
0.23929 0.037315 0.62256
0.22287 0.037055 0.66439
0.21285 0.0371 0.68902
0.2341 0.037033 0.66413
0.22885 0.03707 0.68867
0.20962 0.037124 0.70384
0.20721 0.037148 0.72437
0.2272 0.037099 0.70406
0.22821 0.0371 0.71595
0.20815 0.037185 0.75843
0.22604 0.03714 0.74451
0.20578 0.037216 0.78175
0.21217 0.037218 0.79405
0.22477 0.037179 0.77088
0.2048 0.037269 0.83625
0.22852 0.037222 0.81783
0.22451 0.037244 0.83392
0.20459 0.037286 0.85177
0.20704 0.037287 0.86625
0.22265 0.037254 0.84108
0.22246 0.037271 0.86447
0.20491 0.037303 0.88383
0.20492 0.037576 0.90323
0.21745 0.037288 0.88428
0.2203 0.037305 0.90435
0.20646 0.038098 0.93203
0.21812 0.037388 0.92221
0.19553 0.038618 0.94688
0.20578 0.033339 0.9632
0.21349 0.038536 0.94775
0.21402 0.033406 0.9592
0.23494 0.0375 0.035016
0.23865 0.037491 0.061812
0.25242 0.037482 0.042615
0.26069 0.03747 0.056577
0.24041 0.037487 0.06807
0.23675 0.037485 0.085114
0.25665 0.037465 0.076445
0.26006 0.037458 0.086122
0.24699 0.03745 0.12008
0.25668 0.03745 0.10219
0.25258 0.037437 0.12706
0.23698 0.037437 0.14553
0.25634 0.037419 0.14047
0.26277 0.037396 0.15769
0.23829 0.037399 0.17765
0.24918 0.037373 0.19342
0.25618 0.037378 0.17843
0.26264 0.037362 0.18855
0.24287 0.037352 0.21282
0.23725 0.03734 0.23102
0.26003 0.037345 0.20867
0.23798 0.03732 0.24613
0.24572 0.037296 0.25207
0.24889 0.037275 0.2755
0.2489 0.037269 0.29401
0.27207 0.037725 0.28642
0.27072 0.03748 0.3044
0.26595 0.03726 0.3201
0.24073 0.037237 0.35465
0.26076 0.037216 0.34164
0.26602 0.037234 0.35884
0.24388 0.037223 0.36664
0.25583 0.037195 0.37207
0.25091 0.037199 0.3882
0.23613 0.037196 0.41097
0.24659 0.037191 0.4265
0.25401 0.037195 0.40265
0.24404 0.037166 0.44302
0.24573 0.037146 0.46512
0.2613 0.037173 0.44726
0.26141 0.037145 0.4684
0.24476 0.037161 0.49338
0.25876 0.037153 0.48776
0.26822 0.0373 0.5045
0.25791 0.037628 0.52096
0.27581 0.037077 0.53935
0.27 0.037122 0.55151
0.26172 0.037345 0.56601
0.26048 0.037644 0.5851
0.26542 0.037586 0.58788
0.25526 0.037581 0.59814
0.25163 0.037269 0.61694
0.26106 0.037344 0.59985
0.26687 0.037037 0.61283
0.24947 0.036997 0.63349
0.25719 0.036942 0.6455
0.268 0.036927 0.63568
0.26876 0.036939 0.65187
0.25535 0.036983 0.67081
0.27497 0.036976 0.67757
0.24991 0.037045 0.70941
0.26382 0.037024 0.69754
0.26221 0.03704 0.71924
0.2462 0.037094 0.73534
0.24158 0.037124 0.75493
0.26066 0.037079 0.74
0.26805 0.037085 0.75791
0.23702 0.037166 0.77713
0.24469 0.037164 0.79027
0.26258 0.037115 0.76873
0.24395 0.03719 0.80727
0.262 0.037168 0.80776
0.25406 0.0372 0.8293
0.24279 0.037235 0.84713
0.23695 0.037258 0.86447
0.2339 0.03728 0.88425
0.2321 0.03728 0.89455
0.25621 0.037264 0.88078
0.24079 0.037294 0.91929
0.22981 0.037801 0.93624
0.24771 0.037268 0.90926
0.25523 0.037681 0.93691
0.23628 0.033342 0.9624
0.24984 0.037795 0.94181
0.27708 0.037452 0.057091
0.29757 0.037427 0.061918
0.27908 0.037436 0.080885
0.27247 0.037435 0.095975
0.29627 0.037419 0.075605
0.27379 0.037422 0.11129
0.29342 0.037402 0.10656
0.28898 0.037393 0.12602
0.27511 0.037395 0.13913
0.27312 0.037379 0.16062
0.29692 0.037364 0.14165
0.2991 0.037344 0.16272
0.27008 0.037363 0.1738
0.276 0.037338 0.18762
0.29218 0.037305 0.19927
0.28104 0.037293 0.22308
0.29486 0.037293 0.20481
0.29406 0.037271 0.23198
0.28018 0.03756 0.27055
0.29565 0.037242 0.24801
0.29583 0.037528 0.27002
0.29047 0.03789 0.27911
0.27907 0.03764 0.30436
0.28103 0.037448 0.3137
0.30191 0.037378 0.31605
0.27653 0.037257 0.33528
0.27989 0.037261 0.35842
0.29031 0.037237 0.34086
0.29296 0.037231 0.3533
0.27717 0.037265 0.36469
0.27436 0.037205 0.38549
0.29253 0.037261 0.37402
0.26949 0.037175 0.40989
0.26734 0.037179 0.42855
0.28502 0.037192 0.41417
0.28177 0.037175 0.43362
0.2723 0.037141 0.47273
0.28269 0.037132 0.44311
0.29963 0.037156 0.46105
0.27213 0.037134 0.48858
0.28022 0.037095 0.5067
0.29528 0.036948 0.49701
0.28589 0.036903 0.52503
0.31563 0.036843 0.54585
0.30883 0.037029 0.55079
0.29238 0.037458 0.57182
0.30841 0.037194 0.56105
0.32218 0.03716 0.57175
0.29554 0.037408 0.57591
0.28384 0.037091 0.58916
0.31103 0.037198 0.5796
0.31295 0.036911 0.58616
0.29236 0.036822 0.59786
0.28759 0.036864 0.61447
0.31042 0.036752 0.61048
0.28915 0.036875 0.63353
0.2865 0.036897 0.65062
0.30462 0.036839 0.63385
0.30697 0.037006 0.6535
0.2858 0.036919 0.65965
0.29319 0.03703 0.6802
0.31271 0.037322 0.66521
0.30445 0.03728 0.68554
0.2842 0.036987 0.70251
0.28612 0.036981 0.71129
0.30429 0.036973 0.71328
0.28546 0.037016 0.74173
0.27994 0.037068 0.76068
0.30152 0.037002 0.73208
0.27326 0.037101 0.76979
0.28021 0.037112 0.78904
0.29936 0.037071 0.77273
0.29385 0.037104 0.79247
0.29421 0.037134 0.81125
0.2858 0.037165 0.82849
0.27708 0.0372 0.84779
0.29617 0.037178 0.84394
0.28707 0.037205 0.86046
0.26893 0.037248 0.8844
0.27828 0.037244 0.89676
0.29075 0.037226 0.88234
0.28287 0.037242 0.89754
0.29369 0.037249 0.91357
0.29017 0.037566 0.93096
0.27205 0.038148 0.94953
0.27475 0.033501 0.95713
0.29245 0.037757 0.93999
0.28021 0.033349 0.96117
0.30359 0.037426 0.045806
0.3072 0.037417 0.059419
0.33024 0.037398 0.044714
0.33153 0.037392 0.059376
0.30595 0.037404 0.081347
0.31012 0.037397 0.089146
0.32645 0.037388 0.071718
0.32282 0.037376 0.096178
0.30859 0.03738 0.11077
0.3068 0.037367 0.12917
0.33135 0.037356 0.10621
0.32214 0.037352 0.12722
0.30583 0.037343 0.14809
0.30933 0.037336 0.16007
0.32585 0.037318 0.14737
0.32696 0.037313 0.15725
0.30823 0.037299 0.18218
0.31169 0.037285 0.19798
0.32797 0.037283 0.17675
0.3143 0.037251 0.22973
0.33415 0.037234 0.21557
0.33331 0.037229 0.22433
0.30627 0.03722 0.2518
0.31277 0.037248 0.26314
0.32344 0.037206 0.26788
0.30827 0.03746 0.27662
0.29977 0.037874 0.29176
0.32068 0.037234 0.27548
0.3278 0.03722 0.28966
0.30448 0.037538 0.30356
0.30733 0.037396 0.31281
0.32588 0.037232 0.3092
0.32773 0.037254 0.31667
0.31503 0.037352 0.32983
0.30652 0.037295 0.35447
0.32823 0.037413 0.33876
0.33699 0.037605 0.35521
0.31144 0.037341 0.35927
0.29946 0.037292 0.38765
0.32359 0.037403 0.36768
0.32761 0.037531 0.37907
0.29519 0.037218 0.4107
0.30248 0.037279 0.42322
0.30813 0.037415 0.40227
0.31264 0.037371 0.42831
0.30752 0.037112 0.44899
0.30945 0.037253 0.46479
0.32673 0.037194 0.45003
0.34168 0.037073 0.45972
0.31355 0.036739 0.48648
0.33302 0.036864 0.4737
0.31962 0.036748 0.49396
0.31796 0.036742 0.50939
0.32573 0.036443 0.53052
0.33201 0.036761 0.50543
0.34455 0.036293 0.55716
0.36813 0.037205 0.58756
0.34525 0.03687 0.59077
0.42175 0.044144 0.48182
0.33367 0.036789 0.6051
0.32389 0.036893 0.6157
0.35755 0.036848 0.61209
0.33775 0.036868 0.64454
0.33418 0.037164 0.66247
0.33245 0.037424 0.68433
0.3356 0.037021 0.70194
0.32954 0.036934 0.71561
0.31426 0.03698 0.72744
0.31887 0.036989 0.74919
0.33162 0.036959 0.73421
0.32834 0.036989 0.75418
0.31715 0.037036 0.77138
0.30819 0.03707 0.78695
0.32418 0.037027 0.7757
0.32303 0.037066 0.79385
0.30562 0.037106 0.80181
0.32317 0.037111 0.82405
0.30544 0.037162 0.84053
0.31093 0.037178 0.85931
0.30193 0.037215 0.88452
0.3096 0.037214 0.89254
0.32284 0.037188 0.87232
0.31986 0.037211 0.89905
0.30143 0.037251 0.91671
0.31046 0.03742 0.93303
0.32912 0.037211 0.90864
0.31906 0.037312 0.9263
0.30046 0.0378 0.94808
0.32086 0.037543 0.94525
0.3418 0.037387 0.041007
0.34093 0.037384 0.056742
0.36581 0.037364 0.041206
0.35504 0.037375 0.052335
0.34162 0.037368 0.07534
0.3413 0.037361 0.088366
0.35699 0.037345 0.086418
0.34374 0.037339 0.10803
0.33895 0.037333 0.12624
0.35928 0.037314 0.12587
0.34228 0.037302 0.14403
0.34683 0.037287 0.15728
0.35901 0.037281 0.14656
0.36608 0.037264 0.15585
0.34781 0.037258 0.1761
0.34814 0.037237 0.18771
0.355 0.037259 0.17185
0.36054 0.037227 0.188
0.34147 0.037235 0.20862
0.34111 0.037224 0.23049
0.35727 0.037221 0.20839
0.34927 0.037206 0.24533
0.34702 0.037205 0.27066
0.35976 0.03719 0.2489
0.36803 0.0372 0.26716
0.35511 0.037209 0.28943
0.35382 0.037218 0.29866
0.36978 0.037268 0.28903
0.36427 0.037213 0.29702
0.34764 0.037297 0.30883
0.3512 0.037407 0.33073
0.36745 0.037289 0.316
0.36419 0.037361 0.33525
0.35716 0.037487 0.33858
0.34454 0.037646 0.3513
0.36371 0.03757 0.3485
0.37219 0.037935 0.37438
0.36665 0.038004 0.39055
0.3245 0.037804 0.39652
0.32063 0.037699 0.42795
0.34358 0.037964 0.39216
0.34317 0.037373 0.44997
0.34252 0.038068 0.44353
0.35326 0.036536 0.47233
0.34174 0.036456 0.49108
0.3731 0.03547 0.48012
0.34382 0.036641 0.50209
0.3487 0.03657 0.50295
0.36736 0.037816 0.56415
0.39624 0.03841 0.55236
0.37646 0.038342 0.57727
0.41465 0.051508 0.47557
0.4167 0.062103 0.47065
0.42524 0.041625 0.48696
0.41694 0.037091 0.50786
0.36357 0.036672 0.61554
0.42015 0.036775 0.50803
0.38233 0.036325 0.61601
0.35957 0.036766 0.64461
0.34234 0.037036 0.66188
0.37641 0.036748 0.63963
0.36801 0.036861 0.65487
0.34015 0.037283 0.681
0.37083 0.036879 0.66423
0.37384 0.036933 0.68268
0.34003 0.037086 0.69484
0.3504 0.036891 0.70789
0.3696 0.036897 0.69406
0.36009 0.036912 0.71746
0.34842 0.036933 0.72578
0.34803 0.036976 0.7554
0.36232 0.036922 0.72991
0.36386 0.036949 0.74817
0.3604 0.036981 0.76764
0.35939 0.03703 0.79258
0.34961 0.037066 0.80775
0.33817 0.037084 0.81688
0.35853 0.037072 0.81966
0.34763 0.037119 0.84015
0.34458 0.037147 0.85889
0.36512 0.037094 0.8326
0.36305 0.037131 0.85898
0.33798 0.037188 0.87916
0.34086 0.03719 0.89405
0.3542 0.037173 0.88801
0.34538 0.037203 0.91251
0.33828 0.037456 0.93094
0.35312 0.037216 0.9157
0.35287 0.037455 0.92796
0.34436 0.037721 0.94159
0.33601 0.033372 0.95932
0.35942 0.037775 0.94134
0.35126 0.033338 0.96307
0.37268 0.037356 0.035216
0.38247 0.037344 0.057443
0.39117 0.037339 0.041426
0.39278 0.037328 0.07291
0.39751 0.037308 0.09663
0.37371 0.037317 0.10801
0.38506 0.037303 0.12158
0.39784 0.037282 0.11312
0.39288 0.037288 0.12134
0.3743 0.037258 0.14982
0.37576 0.037253 0.1641
0.3989 0.037242 0.14332
0.38246 0.037223 0.17502
0.37733 0.037207 0.18802
0.39783 0.037198 0.20116
0.37871 0.037207 0.20879
0.38246 0.037178 0.22722
0.39365 0.037183 0.21569
0.39374 0.037171 0.22644
0.37883 0.037176 0.25484
0.37741 0.037194 0.26766
0.40145 0.037192 0.24843
0.39999 0.037206 0.27389
0.37885 0.037266 0.286
0.38425 0.037283 0.31212
0.40204 0.037298 0.29292
0.39476 0.037264 0.30959
0.39193 0.038064 0.34192
0.40123 0.037504 0.3258
0.3988 0.038095 0.33974
0.38441 0.037836 0.35144
0.39537 0.037867 0.37146
0.37853 0.038017 0.38428
0.41098 0.038165 0.37922
0.36789 0.038744 0.40024
0.37971 0.038626 0.39985
0.35455 0.039358 0.40645
0.36078 0.039038 0.44499
0.37971 0.040868 0.43856
0.33587 0.039732 0.42979
0.38887 0.042714 0.43273
0.39826 0.039016 0.43887
0.38619 0.035827 0.46458
0.36732 0.036911 0.51673
0.37278 0.038562 0.57505
0.37209 0.036845 0.516
0.37888 0.038894 0.5725
0.40991 0.060217 0.47081
0.40992 0.067828 0.46558
0.43138 0.059402 0.48282
0.42778 0.038568 0.49662
0.44057 0.051453 0.48879
0.40345 0.036107 0.58607
0.3879 0.036285 0.61426
0.38632 0.03652 0.62428
0.40162 0.036504 0.61781
0.421 0.036951 0.61148
0.38828 0.036833 0.6392
0.39083 0.036958 0.65286
0.4389 0.036586 0.54379
0.43706 0.036783 0.58494
0.38875 0.036987 0.66252
0.42083 0.037046 0.6374
0.41124 0.036936 0.66422
0.3933 0.0369 0.70779
0.41334 0.036899 0.68093
0.40215 0.036911 0.70665
0.38706 0.036889 0.73275
0.37737 0.03692 0.74094
0.39539 0.036885 0.72773
0.38656 0.036956 0.76664
0.38221 0.036996 0.78823
0.3936 0.03695 0.75995
0.38079 0.037021 0.79972
0.37324 0.037067 0.8248
0.37591 0.037087 0.83354
0.37371 0.03711 0.85306
0.39011 0.037078 0.83329
0.3904 0.037112 0.86112
0.37537 0.037148 0.87473
0.37029 0.03717 0.89604
0.3921 0.03716 0.89935
0.37381 0.037193 0.91177
0.3802 0.037559 0.93201
0.3873 0.037187 0.91086
0.39369 0.037556 0.93429
0.37701 0.037856 0.9442
0.371 0.033656 0.95538
0.38985 0.037822 0.94472
0.39575 0.033548 0.95596
0.41566 0.037325 0.036902
0.42109 0.037321 0.042041
0.42212 0.037315 0.066669
0.40681 0.037315 0.084165
0.42707 0.037304 0.076563
0.43565 0.037478 0.10051
0.42036 0.037251 0.11301
0.41072 0.037242 0.12307
0.42813 0.037412 0.11079
0.43089 0.037467 0.1273
0.41755 0.037209 0.14792
0.41111 0.037217 0.16555
0.43273 0.037231 0.1525
0.41408 0.037195 0.17521
0.41231 0.037186 0.19876
0.42458 0.037174 0.18169
0.42634 0.037167 0.18944
0.41711 0.037183 0.24001
0.42805 0.037149 0.21695
0.43294 0.03713 0.22525
0.40508 0.037173 0.25493
0.41765 0.037216 0.27702
0.43289 0.037191 0.24746
0.41814 0.037304 0.29528
0.41531 0.037318 0.30419
0.43288 0.037314 0.31747
0.41605 0.037805 0.33586
0.40729 0.03809 0.34498
0.42779 0.037398 0.32764
0.4171 0.038037 0.3494
0.40721 0.038171 0.35504
0.41298 0.038183 0.36149
0.43443 0.036526 0.37912
0.42763 0.037549 0.37554
0.42441 0.038151 0.39683
0.46472 0.036494 0.41793
0.39534 0.037886 0.39854
0.36318 0.040329 0.41093
0.43381 0.037622 0.41313
0.40652 0.037279 0.40591
0.33865 0.040846 0.41999
0.36997 0.04141 0.43844
0.37689 0.039509 0.41047
0.4221 0.043813 0.43388
0.38848 0.036069 0.46331
0.39923 0.042066 0.42889
0.39473 0.035139 0.49544
0.38148 0.03609 0.51544
0.3772 0.039284 0.55864
0.38032 0.036428 0.52502
0.38852 0.039271 0.55613
0.42945 0.07872 0.47896
0.43858 0.043151 0.49671
0.40645 0.036278 0.58436
0.51077 0.04676 0.45467
0.4306 0.036068 0.55759
0.46016 0.040205 0.50618
0.512 0.04925 0.45131
0.44687 0.038207 0.51962
0.44025 0.037011 0.59069
0.44457 0.03695 0.54108
0.44555 0.036999 0.6125
0.42912 0.036998 0.63915
0.42926 0.036981 0.65348
0.44916 0.03709 0.64014
0.44697 0.037021 0.65965
0.42745 0.036965 0.68244
0.41981 0.03695 0.69829
0.43816 0.03698 0.69247
0.41379 0.036914 0.73737
0.43342 0.036901 0.72026
0.42581 0.036933 0.74044
0.41554 0.036935 0.76164
0.40585 0.036981 0.78538
0.43223 0.036924 0.7621
0.43368 0.036964 0.78057
0.41672 0.037008 0.80611
0.43378 0.036995 0.79587
0.42088 0.037023 0.81572
0.40672 0.037066 0.83328
0.42503 0.037087 0.85767
0.41305 0.03713 0.87886
0.40817 0.037142 0.89824
0.42818 0.037121 0.87901
0.42268 0.037122 0.8887
0.40968 0.037151 0.90912
0.40707 0.037448 0.93329
0.42716 0.037315 0.93051
0.40096 0.037749 0.94697
0.41767 0.037478 0.94046
0.42759 0.033343 0.96163
0.43842 0.037319 0.042259
0.44373 0.037306 0.064173
0.45681 0.037314 0.04619
0.43815 0.037295 0.075288
0.44155 0.037526 0.098953
0.46302 0.037271 0.08506
0.45897 0.037723 0.10383
0.44537 0.038094 0.12033
0.46225 0.037849 0.10995
0.4504 0.037869 0.13053
0.44282 0.037232 0.15255
0.4561 0.037855 0.13186
0.46174 0.037203 0.15465
0.44828 0.03716 0.16976
0.44492 0.037162 0.196
0.46028 0.037145 0.17986
0.45874 0.037158 0.2005
0.44784 0.037147 0.21405
0.44299 0.037131 0.22759
0.45489 0.037155 0.23662
0.44044 0.037199 0.25282
0.43774 0.037193 0.26991
0.45263 0.037199 0.25151
0.44011 0.037246 0.28307
0.44033 0.037296 0.30384
0.459 0.037241 0.29413
0.46313 0.037154 0.30721
0.43517 0.037276 0.32518
0.44303 0.03689 0.33149
0.44672 0.03639 0.34247
0.45174 0.035881 0.40113
0.47331 0.042206 0.43834
0.43287 0.036846 0.34736
0.42959 0.036715 0.36395
0.45989 0.047054 0.454
0.46432 0.038098 0.43352
0.43933 0.03624 0.37194
0.46095 0.050324 0.45354
0.45427 0.055361 0.46832
0.39727 0.036689 0.40785
0.34468 0.039823 0.42377
0.4544 0.036666 0.42441
0.44266 0.034208 0.42411
0.38058 0.040755 0.43169
0.39506 0.0352 0.45036
0.4003 0.034438 0.46498
0.38194 0.036314 0.53895
0.40266 0.038668 0.51398
0.38535 0.035911 0.54011
0.44884 0.039806 0.50034
0.41235 0.03567 0.54977
0.43216 0.037075 0.5277
0.41424 0.035226 0.56981
0.50823 0.04376 0.45796
0.50721 0.064881 0.45945
0.49819 0.064931 0.46978
0.462 0.037532 0.51393
0.44842 0.037176 0.53149
0.45634 0.036342 0.55108
0.48034 0.036533 0.52661
0.45312 0.03708 0.60701
0.45524 0.037169 0.61806
0.47576 0.036122 0.54337
0.45765 0.036692 0.56414
0.45795 0.037154 0.63819
0.46379 0.037029 0.64711
0.47471 0.037036 0.63221
0.45617 0.037009 0.67254
0.45591 0.036945 0.69397
0.46902 0.036981 0.66174
0.46663 0.036938 0.69529
0.45543 0.036918 0.70887
0.44246 0.036931 0.73868
0.46488 0.036908 0.7146
0.46014 0.036929 0.73673
0.4447 0.036921 0.75755
0.44415 0.036973 0.7834
0.45726 0.036908 0.76075
0.46639 0.036971 0.78421
0.44477 0.036999 0.81091
0.45577 0.036979 0.80341
0.45534 0.037001 0.81418
0.44573 0.037037 0.82969
0.43848 0.037077 0.85699
0.4638 0.037034 0.83019
0.4406 0.037107 0.86816
0.44097 0.037113 0.89034
0.45356 0.037104 0.87944
0.46128 0.037115 0.89452
0.44758 0.037135 0.91536
0.44764 0.037239 0.92833
0.46128 0.037165 0.91633
0.4571 0.037318 0.93299
0.44472 0.037415 0.94854
0.46628 0.037594 0.94552
0.46162 0.033337 0.9635
0.43617 0.038216 0.4299
0.4127 0.037861 0.45928
0.4117 0.038688 0.48827
0.42623 0.04127 0.4747
0.48054 0.037302 0.047078
0.47693 0.037289 0.067124
0.49489 0.037299 0.039405
0.48689 0.03729 0.064738
0.46899 0.03727 0.08514
0.47257 0.037409 0.098294
0.49073 0.037277 0.076287
0.48984 0.037278 0.097921
0.47918 0.037453 0.11552
0.47356 0.037695 0.12058
0.48406 0.037304 0.11004
0.49289 0.03727 0.13089
0.47111 0.037508 0.136
0.4892 0.037189 0.15692
0.46803 0.037159 0.17603
0.47606 0.037149 0.19264
0.48474 0.03718 0.17426
0.4781 0.037159 0.2116
0.47523 0.037148 0.23054
0.48948 0.037162 0.20866
0.49007 0.037139 0.2272
0.47127 0.037212 0.25609
0.47754 0.037233 0.26181
0.48684 0.037207 0.24545
0.49239 0.037223 0.25791
0.469 0.037239 0.29115
0.48147 0.037302 0.29272
0.49358 0.037253 0.28203
0.49749 0.037349 0.2958
0.47822 0.036998 0.32462
0.48319 0.036718 0.33486
0.49821 0.037092 0.33395
0.46712 0.036123 0.34509
0.47598 0.036048 0.34844
0.51419 0.037043 0.34223
0.52492 0.037466 0.34784
0.4628 0.035914 0.35217
0.47422 0.03593 0.35162
0.52784 0.037712 0.37574
0.45453 0.035363 0.39205
0.51527 0.036467 0.35467
0.51828 0.036044 0.36289
0.45508 0.041691 0.46207
0.45624 0.034834 0.44086
0.45978 0.034232 0.36014
0.46551 0.033658 0.36193
0.44552 0.033505 0.47369
0.45584 0.033351 0.47822
0.41642 0.033459 0.46691
0.41625 0.033926 0.55382
0.51605 0.033754 0.44948
0.474 0.034583 0.50678
0.51246 0.033965 0.57895
0.48314 0.034875 0.57072
0.4628 0.035604 0.53008
0.51502 0.036841 0.46633
0.47514 0.036143 0.56413
0.47765 0.036187 0.57951
0.5092 0.036904 0.47789
0.49377 0.037262 0.55559
0.47769 0.037017 0.55992
0.48725 0.036601 0.59742
0.49386 0.037087 0.55684
0.47462 0.036346 0.55243
0.49636 0.036752 0.60888
0.47466 0.037174 0.61401
0.48026 0.037043 0.64942
0.48866 0.037015 0.63248
0.49594 0.037044 0.65253
0.48129 0.037005 0.68605
0.49509 0.037046 0.66751
0.49441 0.036984 0.69544
0.4794 0.036971 0.71409
0.4802 0.036966 0.73208
0.49472 0.036986 0.71811
0.49615 0.036957 0.73341
0.48168 0.03693 0.74989
0.47281 0.036948 0.77645
0.49283 0.036971 0.78484
0.48015 0.037007 0.81885
0.49485 0.036978 0.79822
0.49267 0.037018 0.82245
0.47806 0.037033 0.83565
0.48025 0.037053 0.85457
0.48704 0.037046 0.85171
0.47732 0.037089 0.87238
0.47485 0.037099 0.88484
0.49531 0.037085 0.87892
0.47189 0.037416 0.93059
0.49254 0.037168 0.91079
0.48867 0.037598 0.9337
0.47911 0.037816 0.94661
0.47913 0.033962 0.95392
0.49008 0.037793 0.94129
0.44709 0.038541 0.48055
0.47647 0.036226 0.46564
0.48299 0.034226 0.47374
0.51307 0.03449 0.44155
0.47686 0.038013 0.4382
0.49147 0.034786 0.39111
0.40443 0.03637 0.42275
0.41665 0.035107 0.45909
0.41525 0.034078 0.41638
0.44299 0.036445 0.4393
0.45559 0.036322 0.47172
0.44667 0.034143 0.45127
0.49069 0.033998 0.38071
0.45761 0.033834 0.47927
0.49091 0.034211 0.45712
0.41103 0.040493 0.48331
0.47199 0.054709 0.4648
0.51867 0.034512 0.46964
0.50835 0.037017 0.44533
0.50524 0.034586 0.44327
0.49604 0.048657 0.45014
0.46381 0.052305 0.47039
0.48542 0.035729 0.40799
0.43679 0.038548 0.47223
0.43496 0.035657 0.46399
0.46351 0.042282 0.46838
0.4222 0.036197 0.46117
0.43277 0.065926 0.47352
0.42632 0.036206 0.46413
0.45948 0.039527 0.47156
0.47425 0.035549 0.45855
0.44936 0.044917 0.48902
0.50053 0.045404 0.45475
0.48262 0.036545 0.46631
0.48602 0.03755 0.45169
0.481 0.035018 0.47493
0.52939 0.034463 0.44345
0.48952 0.03397 0.44932
0.48517 0.036004 0.45391
0.46655 0.050622 0.46792
0.5237 0.035591 0.45499
0.42498 0.036612 0.46576
0.52046 0.033923 0.43361
0.50654 0.037297 0.046353
0.52472 0.037296 0.04845
0.5237 0.037294 0.058874
0.50561 0.037281 0.074497
0.50576 0.037277 0.092612
0.52892 0.037285 0.070094
0.52291 0.037276 0.092657
0.50129 0.037268 0.11201
0.51113 0.037257 0.12308
0.52684 0.037251 0.11415
0.52209 0.037245 0.12147
0.51358 0.037208 0.14544
0.51119 0.037183 0.15677
0.51794 0.037209 0.14406
0.51965 0.037193 0.16834
0.50928 0.037184 0.17432
0.51484 0.037148 0.1899
0.52914 0.037157 0.18646
0.51907 0.03715 0.19084
0.51652 0.037152 0.21624
0.50322 0.03713 0.22394
0.53068 0.037156 0.2134
0.53421 0.037119 0.22785
0.51451 0.037228 0.24686
0.51365 0.037297 0.25992
0.52899 0.037461 0.25229
0.52733 0.037602 0.26276
0.50681 0.037253 0.28776
0.53536 0.037615 0.27428
0.53128 0.037438 0.2787
0.50676 0.037325 0.30031
0.52633 0.037387 0.30634
0.54597 0.037249 0.3078
0.5524 0.036918 0.3365
0.51223 0.037537 0.31807
0.55235 0.036975 0.36799
0.55703 0.037539 0.38143
0.53134 0.037802 0.35129
0.5476 0.037551 0.37152
0.5606 0.040416 0.40439
0.5308 0.037674 0.33532
0.53251 0.037501 0.33411
0.57758 0.040082 0.38499
0.54316 0.037073 0.40759
0.54057 0.035098 0.40239
0.57219 0.036927 0.38958
0.49453 0.035553 0.40479
0.48438 0.033452 0.43718
0.54141 0.033654 0.42864
0.54724 0.03337 0.45413
0.5071 0.03346 0.43719
0.5077 0.033465 0.56705
0.51993 0.033347 0.50527
0.51741 0.033923 0.53444
0.50094 0.035706 0.58768
0.51885 0.039697 0.56441
0.52853 0.039351 0.55816
0.5276 0.037834 0.56824
0.50626 0.037416 0.6016
0.52513 0.037029 0.5745
0.53158 0.037059 0.57645
0.51234 0.037195 0.61147
0.52263 0.037115 0.62205
0.53707 0.036711 0.59388
0.54249 0.036643 0.60653
0.51436 0.037192 0.63785
0.50717 0.03714 0.65028
0.52971 0.03701 0.63456
0.53559 0.036908 0.65154
0.50332 0.03699 0.68229
0.50806 0.036961 0.70021
0.51779 0.036955 0.70202
0.50657 0.036952 0.71618
0.50773 0.036949 0.73058
0.52398 0.036944 0.70943
0.51812 0.036944 0.7329
0.51385 0.036924 0.75073
0.50534 0.036951 0.7776
0.52544 0.036915 0.76409
0.52992 0.036961 0.77951
0.50682 0.036978 0.79942
0.51203 0.036988 0.81063
0.52317 0.03698 0.80491
0.52382 0.037002 0.81589
0.51127 0.037042 0.84963
0.53207 0.037061 0.85766
0.51008 0.037089 0.87627
0.51578 0.037094 0.89268
0.53123 0.037092 0.87583
0.53221 0.0371 0.8959
0.50309 0.037225 0.91761
0.52159 0.037135 0.91454
0.50705 0.034115 0.95383
0.52923 0.038221 0.94791
0.52725 0.033374 0.95929
0.51544 0.034296 0.42662
0.53238 0.033766 0.45225
0.48493 0.035535 0.43091
0.49474 0.034076 0.43438
0.55384 0.036818 0.42891
0.45204 0.036202 0.47664
0.53029 0.036185 0.42902
0.49117 0.035476 0.43098
0.5301 0.036092 0.49251
0.52717 0.033764 0.469
0.51803 0.034218 0.46989
0.49579 0.033844 0.50073
0.48556 0.036867 0.51864
0.52338 0.0337 0.49514
0.49302 0.037596 0.54366
0.64037 0.037178 0.55341
0.51237 0.047664 0.49429
0.48574 0.033722 0.52764
0.49056 0.03531 0.40097
0.48186 0.03762 0.43842
0.49618 0.035315 0.44385
0.46722 0.034252 0.45732
0.47237 0.03596 0.44831
0.48715 0.035612 0.43677
0.54182 0.035032 0.47085
0.51797 0.03362 0.41443
0.52117 0.033936 0.47724
0.50048 0.035245 0.49154
0.53392 0.034409 0.44332
0.50538 0.034442 0.48654
0.55254 0.038159 0.53003
0.50468 0.037457 0.50246
0.53204 0.036045 0.47601
0.46727 0.035071 0.46257
0.48296 0.035273 0.45015
0.52991 0.034657 0.47037
0.54032 0.037297 0.055914
0.5626 0.037302 0.036911
0.55828 0.037292 0.065481
0.54228 0.037268 0.097502
0.55421 0.037283 0.07436
0.55486 0.037273 0.093077
0.54252 0.037249 0.11488
0.5468 0.037248 0.1322
0.55214 0.037249 0.11404
0.55204 0.037246 0.13233
0.54277 0.037216 0.1434
0.56237 0.037214 0.14482
0.55515 0.037191 0.1574
0.5459 0.037167 0.1839
0.56385 0.03717 0.18153
0.54875 0.037127 0.21965
0.54195 0.037237 0.23829
0.56425 0.037121 0.21607
0.55768 0.03733 0.24466
0.54532 0.03777 0.25427
0.55297 0.037629 0.25238
0.5578 0.037698 0.27249
0.54702 0.037799 0.27853
0.55949 0.037431 0.28559
0.56274 0.0372 0.29577
0.5599 0.03685 0.3397
0.57818 0.037061 0.31611
0.57809 0.037035 0.33064
0.56684 0.037204 0.35736
0.56979 0.038214 0.36951
0.58592 0.037308 0.35723
0.59478 0.038176 0.37063
0.56357 0.038795 0.38355
0.58351 0.040073 0.3843
0.59049 0.038926 0.38011
0.57581 0.040344 0.40504
0.51822 0.039438 0.40403
0.51696 0.03934 0.40428
0.49097 0.03709 0.41196
0.58465 0.037203 0.44906
0.55538 0.034587 0.46511
0.54317 0.034322 0.49521
0.64567 0.033457 0.54307
0.65537 0.034483 0.53578
0.5818 0.050886 0.54206
0.57424 0.036534 0.55374
0.50851 0.04544 0.5625
0.50917 0.042167 0.50668
0.57114 0.041916 0.54457
0.50542 0.045814 0.55836
0.56928 0.03738 0.5582
0.50336 0.043736 0.55101
0.5313 0.038988 0.55051
0.54116 0.03744 0.57017
0.53663 0.037289 0.54565
0.55019 0.037083 0.58467
0.55104 0.036869 0.61188
0.55728 0.037671 0.56996
0.54418 0.036681 0.62941
0.54594 0.036844 0.66047
0.56113 0.037041 0.63315
0.55133 0.036863 0.66045
0.53353 0.03694 0.68154
0.53514 0.036949 0.70261
0.55364 0.036947 0.67179
0.5358 0.036934 0.71595
0.54844 0.036934 0.72714
0.55879 0.036946 0.74529
0.53593 0.036924 0.75385
0.54058 0.036969 0.78195
0.56084 0.036926 0.76788
0.56146 0.036989 0.78766
0.54602 0.036986 0.79561
0.54169 0.03702 0.82368
0.55265 0.036988 0.79868
0.5542 0.037014 0.81995
0.53931 0.037037 0.84493
0.55264 0.037041 0.84358
0.55993 0.037075 0.86095
0.54194 0.037092 0.8881
0.55658 0.037092 0.88201
0.56432 0.037106 0.89054
0.54719 0.037128 0.91274
0.53805 0.037718 0.93497
0.55921 0.037175 0.91621
0.55583 0.037717 0.93486
0.54476 0.03821 0.94765
0.54869 0.033349 0.96105
0.56406 0.038103 0.94499
0.55508 0.033763 0.95527
0.54221 0.034362 0.51442
0.59334 0.03429 0.5414
0.57533 0.037306 0.045826
0.58581 0.03731 0.041094
0.59383 0.037306 0.064668
0.5711 0.03727 0.099815
0.58795 0.037294 0.075778
0.59424 0.03728 0.098394
0.57027 0.037249 0.11671
0.57486 0.037242 0.13274
0.59284 0.037265 0.10999
0.58546 0.037251 0.12289
0.58047 0.0372 0.15219
0.59723 0.037222 0.14378
0.59147 0.037197 0.16351
0.57743 0.037153 0.18545
0.57039 0.037145 0.19677
0.58591 0.037142 0.18792
0.59556 0.037123 0.19505
0.56982 0.037112 0.23758
0.5892 0.037063 0.22517
0.57027 0.037333 0.25938
0.56656 0.037389 0.27391
0.59632 0.036992 0.25194
0.58683 0.037091 0.27516
0.57637 0.037116 0.2815
0.59147 0.037311 0.28695
0.60075 0.037618 0.29687
0.58336 0.037136 0.31459
0.59381 0.037352 0.32663
0.60347 0.037552 0.31147
0.60276 0.037279 0.32776
0.59969 0.037525 0.35613
0.60558 0.037487 0.38413
0.59502 0.037925 0.40714
0.5835 0.039224 0.40691
0.5514 0.038393 0.43618
0.57483 0.038226 0.43447
0.57581 0.0382 0.44798
0.60777 0.03777 0.44755
0.60999 0.038087 0.43888
0.59864 0.037437 0.45546
0.55162 0.039233 0.47277
0.56839 0.038382 0.4704
0.55155 0.038581 0.47971
0.61176 0.037066 0.50585
0.53475 0.04238 0.49966
0.59456 0.037309 0.50197
0.53404 0.044721 0.49646
0.64429 0.034683 0.53626
0.6399 0.041228 0.55976
0.60995 0.035928 0.54223
0.63029 0.04384 0.55955
0.59735 0.057124 0.54994
0.57883 0.039821 0.55441
0.61001 0.051406 0.55657
0.50972 0.062917 0.50731
0.58432 0.036962 0.57797
0.58148 0.040627 0.55548
0.59234 0.036871 0.59824
0.51865 0.036557 0.53843
0.51476 0.037057 0.54155
0.58171 0.036298 0.59593
0.55652 0.037317 0.55915
0.57371 0.037395 0.62537
0.58393 0.036427 0.6073
0.58276 0.037203 0.62239
0.57697 0.037433 0.6377
0.5837 0.03755 0.63538
0.58191 0.037446 0.65307
0.56397 0.036923 0.69673
0.58037 0.036922 0.69268
0.56544 0.036942 0.71334
0.5874 0.036916 0.72682
0.58511 0.036953 0.74725
0.56775 0.036953 0.77661
0.58838 0.037002 0.78846
0.57579 0.036999 0.79255
0.57505 0.037002 0.81276
0.58805 0.037002 0.80839
0.57691 0.037061 0.84071
0.59587 0.037076 0.84242
0.57321 0.0371 0.8716
0.59684 0.03713 0.89724
0.57373 0.037157 0.91417
0.59328 0.037147 0.91195
0.5743 0.038284 0.94974
0.57725 0.034042 0.95413
0.59098 0.037889 0.94541
0.58568 0.033336 0.96367
0.60956 0.037322 0.045954
0.6118 0.037315 0.063665
0.62997 0.037334 0.04304
0.63188 0.037334 0.054677
0.6151 0.037305 0.077787
0.60315 0.037293 0.090813
0.63193 0.037313 0.082107
0.62685 0.037309 0.088778
0.61041 0.037264 0.11621
0.60874 0.037247 0.13332
0.6221 0.03728 0.10878
0.62817 0.037262 0.12937
0.60282 0.037234 0.13856
0.61368 0.037187 0.16881
0.6278 0.037239 0.14032
0.62821 0.037205 0.15618
0.60619 0.037147 0.18222
0.61297 0.037102 0.19597
0.62657 0.037161 0.17572
0.61124 0.037014 0.22013
0.60429 0.036968 0.24062
0.62118 0.036961 0.22402
0.6226 0.036917 0.23772
0.60107 0.037049 0.26643
0.6217 0.036862 0.25478
0.62315 0.037015 0.2632
0.62022 0.037652 0.28514
0.61426 0.037446 0.32856
0.61898 0.037663 0.30388
0.62525 0.037234 0.3491
0.62146 0.037265 0.36464
0.62561 0.03736 0.38951
0.5949 0.037877 0.42329
0.61189 0.038027 0.42991
0.61342 0.037422 0.40792
0.62015 0.037848 0.42004
0.58633 0.038232 0.46412
0.58945 0.038113 0.4681
0.56577 0.037732 0.48048
0.59923 0.037358 0.49803
0.57656 0.037196 0.4851
0.5927 0.037228 0.49159
0.54078 0.040844 0.5006
0.61999 0.038164 0.50772
0.5469 0.038991 0.50727
0.59921 0.038115 0.53734
0.65307 0.038288 0.56292
0.60104 0.038467 0.53643
0.66876 0.03592 0.53699
0.62265 0.045425 0.56094
0.51591 0.0431 0.51556
0.62677 0.043419 0.56355
0.59478 0.05526 0.54954
0.51566 0.060976 0.5022
0.51546 0.051446 0.50154
0.60261 0.036885 0.6122
0.61525 0.037026 0.6175
0.59425 0.036609 0.6215
0.59019 0.03717 0.63091
0.60169 0.037497 0.64726
0.60378 0.037721 0.65531
0.59118 0.037201 0.66852
0.59243 0.036881 0.69216
0.6129 0.036907 0.70347
0.59851 0.036931 0.71872
0.59525 0.036924 0.73492
0.61206 0.036927 0.72641
0.61295 0.036929 0.736
0.60326 0.03696 0.76774
0.60542 0.036974 0.77516
0.61927 0.03698 0.76918
0.62272 0.036994 0.77775
0.60005 0.037013 0.79438
0.60494 0.03706 0.82767
0.62506 0.037037 0.79923
0.63078 0.037076 0.8256
0.606 0.037081 0.83579
0.60209 0.037087 0.85217
0.62429 0.037096 0.84114
0.6227 0.037108 0.85659
0.61003 0.037126 0.87073
0.60549 0.037129 0.89301
0.61969 0.03714 0.88025
0.63036 0.037152 0.89135
0.60892 0.037139 0.91269
0.60963 0.037286 0.93094
0.62248 0.03734 0.9328
0.61143 0.037433 0.94771
0.62507 0.037508 0.94168
0.63252 0.033335 0.96472
0.63924 0.037339 0.047503
0.65433 0.03735 0.038534
0.65626 0.037343 0.065004
0.64646 0.037324 0.081167
0.64007 0.037306 0.098592
0.66402 0.037341 0.075161
0.66685 0.037336 0.087183
0.65575 0.037299 0.11291
0.64687 0.037192 0.16629
0.6576 0.037246 0.1463
0.65846 0.037208 0.16506
0.64203 0.037153 0.17652
0.64289 0.037011 0.20265
0.65669 0.037138 0.18313
0.65287 0.037073 0.19132
0.64237 0.036955 0.21118
0.64041 0.036917 0.23113
0.66112 0.036976 0.21165
0.65853 0.036937 0.23078
0.63922 0.036942 0.25001
0.64072 0.036977 0.26335
0.65125 0.036902 0.26472
0.63052 0.037253 0.28359
0.63002 0.037296 0.29857
0.65791 0.036844 0.28
0.64669 0.036861 0.29211
0.6364 0.037151 0.32131
0.65204 0.037148 0.33777
0.63244 0.037213 0.35269
0.6364 0.037353 0.38282
0.65357 0.037197 0.34784
0.65613 0.037217 0.37181
0.62986 0.037741 0.41944
0.63922 0.037445 0.40868
0.61217 0.038075 0.4749
0.63436 0.037622 0.4364
0.63026 0.037712 0.45259
0.60555 0.037475 0.48737
0.63945 0.037564 0.46726
0.63933 0.037541 0.45296
0.59687 0.039036 0.52364
0.57491 0.037747 0.51856
0.60582 0.039555 0.52698
0.59845 0.039344 0.53146
0.60153 0.038755 0.53543
0.64269 0.036087 0.5258
0.62864 0.036755 0.52446
0.66035 0.036172 0.52041
0.6439 0.038952 0.57006
0.62513 0.040794 0.57767
0.59707 0.050101 0.55181
0.5353 0.038661 0.5283
0.59437 0.044239 0.55275
0.61744 0.037186 0.60547
0.59137 0.042389 0.55328
0.62619 0.037107 0.61396
0.62335 0.036986 0.6331
0.64388 0.036989 0.6358
0.62198 0.037071 0.66773
0.62452 0.036913 0.65396
0.62841 0.036912 0.66498
0.62372 0.036866 0.68618
0.62569 0.036911 0.70674
0.63909 0.036866 0.69696
0.65218 0.036928 0.71401
0.63278 0.036927 0.72114
0.62951 0.036951 0.74163
0.64795 0.036949 0.73194
0.64591 0.036954 0.74264
0.62963 0.036992 0.76823
0.64101 0.037017 0.78333
0.64729 0.037007 0.76468
0.65038 0.037035 0.78857
0.64273 0.037058 0.80291
0.64104 0.037087 0.8262
0.65975 0.037082 0.80789
0.66305 0.037112 0.82902
0.64324 0.037106 0.83461
0.64376 0.037119 0.85318
0.65363 0.037124 0.84054
0.66031 0.037153 0.8644
0.64916 0.03716 0.88312
0.64945 0.037175 0.89178
0.656 0.037168 0.88466
0.66502 0.037195 0.89827
0.64651 0.037216 0.91274
0.63994 0.037631 0.93322
0.66509 0.037212 0.90821
0.66184 0.037497 0.92524
0.63945 0.037983 0.9457
0.64517 0.033682 0.95579
0.65967 0.038238 0.9448
0.6678 0.033528 0.9571
0.68199 0.037376 0.045334
0.68416 0.037376 0.052254
0.70095 0.037387 0.040753
0.692 0.037375 0.059844
0.6997 0.03737 0.072844
0.69805 0.037355 0.093583
0.6712 0.037321 0.10448
0.6713 0.037295 0.12683
0.67457 0.037267 0.14489
0.6764 0.037243 0.16219
0.67944 0.037209 0.17477
0.69265 0.037217 0.1787
0.67714 0.037036 0.21413
0.66508 0.036956 0.22904
0.69268 0.03707 0.21972
0.68226 0.036964 0.23415
0.6653 0.036934 0.24863
0.67934 0.036867 0.25329
0.6873 0.036918 0.25764
0.67151 0.036959 0.29495
0.69092 0.037016 0.28443
0.6823 0.036989 0.29317
0.66736 0.03707 0.33146
0.68818 0.037059 0.31875
0.68741 0.037065 0.32534
0.6756 0.037079 0.34501
0.66916 0.0371 0.35942
0.68348 0.037105 0.35278
0.67927 0.037154 0.36742
0.66388 0.037188 0.38452
0.65801 0.037224 0.39909
0.6813 0.037158 0.38705
0.68018 0.037166 0.39764
0.66223 0.037306 0.41589
0.65239 0.037293 0.43537
0.67515 0.037207 0.41591
0.68238 0.037141 0.43263
0.65524 0.03708 0.47332
0.67991 0.037119 0.45358
0.62286 0.038314 0.51882
0.62452 0.038329 0.52188
0.665 0.037104 0.48475
0.66426 0.037153 0.49333
0.65156 0.036379 0.50585
0.66901 0.036326 0.52162
0.68516 0.036776 0.5152
0.68445 0.036499 0.54199
0.64866 0.038145 0.5797
0.69307 0.036774 0.53613
0.67385 0.03703 0.57761
0.60824 0.038821 0.57352
0.66555 0.037469 0.58669
0.67009 0.037232 0.60014
0.62894 0.037595 0.59423
0.65674 0.037051 0.60911
0.67202 0.036922 0.62639
0.65594 0.036913 0.63854
0.65852 0.036869 0.64853
0.6679 0.036914 0.6338
0.67476 0.036963 0.6516
0.65255 0.036946 0.68
0.67237 0.036887 0.67914
0.66454 0.03695 0.70201
0.65804 0.036943 0.71344
0.66884 0.036942 0.69346
0.66845 0.036983 0.74082
0.66328 0.037009 0.75626
0.68497 0.037006 0.73373
0.69156 0.037043 0.75707
0.66798 0.037035 0.76605
0.67248 0.03706 0.78706
0.68689 0.037057 0.76655
0.6835 0.03709 0.79609
0.66966 0.037092 0.80328
0.6833 0.037103 0.80216
0.687 0.037135 0.82725
0.68021 0.037156 0.84988
0.6936 0.03716 0.83917
0.68795 0.037187 0.86803
0.68124 0.03719 0.87447
0.69171 0.037197 0.87367
0.69297 0.037215 0.89989
0.68112 0.037223 0.91496
0.67247 0.037948 0.93789
0.69219 0.03796 0.9378
0.68355 0.038412 0.94773
0.6851 0.033337 0.96413
0.69882 0.033384 0.95963
0.71097 0.037393 0.037498
0.7099 0.03739 0.05525
0.72696 0.037404 0.042694
0.72957 0.0374 0.061304
0.71255 0.037378 0.077254
0.73044 0.037392 0.076454
0.71271 0.03736 0.10291
0.70887 0.037332 0.12896
0.72815 0.037362 0.11413
0.73191 0.03735 0.12963
0.706 0.037277 0.16144
0.73376 0.037327 0.14939
0.73124 0.037308 0.16218
0.70625 0.037236 0.18041
0.70334 0.037185 0.19833
0.72287 0.03728 0.17174
0.73192 0.037265 0.19051
0.705 0.037166 0.20597
0.70328 0.037096 0.22559
0.72059 0.037192 0.21371
0.7098 0.037057 0.2517
0.73085 0.037138 0.25815
0.71408 0.037094 0.27466
0.71463 0.037091 0.29401
0.70178 0.037089 0.31006
0.70961 0.037081 0.33056
0.73444 0.037092 0.30608
0.71811 0.03708 0.33058
0.71047 0.037073 0.33692
0.7072 0.037064 0.36177
0.72319 0.037082 0.33585
0.72528 0.037082 0.35934
0.70603 0.037057 0.38274
0.69388 0.037097 0.3955
0.71616 0.037064 0.37317
0.70923 0.037073 0.39879
0.69605 0.037071 0.41972
0.71953 0.037083 0.40721
0.70777 0.037106 0.42704
0.69761 0.037113 0.4422
0.68821 0.037016 0.46985
0.71533 0.037084 0.44759
0.71075 0.037055 0.46491
0.69125 0.037046 0.47838
0.68513 0.037106 0.48981
0.70209 0.037036 0.47573
0.70967 0.037058 0.49386
0.71152 0.037095 0.50749
0.71984 0.037164 0.52089
0.70666 0.036952 0.55014
0.724 0.037062 0.54729
0.72109 0.037026 0.56917
0.69336 0.037011 0.60076
0.71932 0.03701 0.58065
0.71064 0.037016 0.59082
0.69049 0.036942 0.62557
0.70072 0.03699 0.60732
0.71364 0.036991 0.62913
0.69257 0.036916 0.64157
0.69872 0.036919 0.64889
0.70679 0.036947 0.6392
0.71259 0.036966 0.65797
0.6989 0.036958 0.67732
0.69466 0.036963 0.68579
0.71036 0.036977 0.66956
0.71592 0.036987 0.68464
0.70476 0.036988 0.70586
0.69346 0.036994 0.71805
0.71154 0.037006 0.7158
0.70043 0.037039 0.73617
0.70129 0.037049 0.75147
0.72279 0.037062 0.7358
0.72036 0.037076 0.75539
0.70786 0.037094 0.77269
0.69953 0.0371 0.7893
0.72032 0.037108 0.7726
0.71102 0.037153 0.81473
0.70212 0.037154 0.82688
0.72341 0.037154 0.80335
0.71512 0.037183 0.83791
0.70377 0.037196 0.86205
0.72165 0.037191 0.8385
0.71166 0.037224 0.88608
0.70572 0.037218 0.89097
0.72165 0.037233 0.87701
0.7343 0.037254 0.9023
0.70519 0.037243 0.91601
0.71667 0.03751 0.92628
0.73271 0.03726 0.91264
0.71293 0.033353 0.9613
0.73456 0.03841 0.94635
0.74126 0.037414 0.043676
0.74397 0.037412 0.057703
0.76414 0.037424 0.058974
0.75877 0.03741 0.077769
0.75637 0.037401 0.091942
0.76711 0.037399 0.10565
0.75673 0.037383 0.11945
0.74429 0.037341 0.14851
0.74024 0.03733 0.15454
0.75801 0.037367 0.13614
0.76579 0.03735 0.15998
0.7412 0.037303 0.17422
0.74644 0.037276 0.19801
0.75735 0.037311 0.18095
0.75549 0.037289 0.19614
0.74979 0.037258 0.20989
0.74317 0.03721 0.23515
0.76142 0.037253 0.22913
0.74244 0.037184 0.24875
0.7654 0.037241 0.24013
0.75085 0.03731 0.27483
0.74065 0.037164 0.28738
0.76593 0.037735 0.28042
0.74279 0.037136 0.3226
0.76202 0.037809 0.29822
0.75882 0.037282 0.31721
0.73742 0.03709 0.33615
0.73271 0.037079 0.36469
0.75427 0.0371 0.34232
0.7561 0.03712 0.35498
0.7414 0.03705 0.38003
0.73659 0.037051 0.38904
0.75813 0.037103 0.37508
0.74783 0.037061 0.39068
0.73284 0.037052 0.405
0.72912 0.037043 0.43299
0.75228 0.037067 0.41334
0.72613 0.037057 0.44586
0.72586 0.037051 0.46548
0.74843 0.037061 0.44462
0.75221 0.03706 0.45527
0.73537 0.037032 0.47136
0.72573 0.037038 0.48984
0.75452 0.037041 0.47527
0.75278 0.037031 0.48541
0.7535 0.037023 0.50707
0.74801 0.03701 0.52978
0.73465 0.037088 0.54516
0.7304 0.037043 0.56558
0.75186 0.037009 0.54143
0.75957 0.037014 0.5581
0.73656 0.036988 0.58401
0.74371 0.036992 0.59979
0.7504 0.037004 0.60555
0.72565 0.036985 0.64235
0.72834 0.036994 0.65821
0.75013 0.037 0.64445
0.73437 0.037009 0.67267
0.73324 0.037025 0.69168
0.75543 0.037043 0.68179
0.7396 0.037052 0.71156
0.73833 0.03708 0.73077
0.7397 0.0371 0.74878
0.73672 0.037101 0.75311
0.75657 0.037133 0.75717
0.74361 0.037148 0.77547
0.74354 0.037171 0.79519
0.75242 0.037147 0.77108
0.74905 0.037201 0.81655
0.74914 0.037217 0.83511
0.75659 0.037203 0.8076
0.76327 0.037226 0.82685
0.74053 0.037239 0.86368
0.75828 0.037244 0.85136
0.74588 0.037255 0.87379
0.74237 0.037263 0.90438
0.75898 0.03727 0.88364
0.75846 0.037274 0.89932
0.74929 0.037273 0.9091
0.76484 0.0373 0.91635
0.75765 0.037904 0.93698
0.74021 0.038373 0.94552
0.74193 0.033384 0.95973
0.76624 0.033346 0.96198
0.77592 0.037435 0.044054
0.78449 0.037439 0.052659
0.79928 0.037446 0.047571
0.80225 0.037442 0.063561
0.77966 0.037428 0.069068
0.79413 0.037425 0.090918
0.78433 0.037407 0.11459
0.7832 0.037395 0.13038
0.7953 0.037416 0.11106
0.7989 0.037409 0.12547
0.78402 0.037381 0.1454
0.78106 0.037367 0.15899
0.79113 0.037392 0.13814
0.79204 0.037368 0.16347
0.78075 0.037341 0.17953
0.80043 0.037367 0.1697
0.78837 0.037326 0.19824
0.77925 0.037304 0.21003
0.78101 0.037275 0.23242
0.79503 0.037314 0.21443
0.78994 0.037287 0.23083
0.77207 0.037248 0.24282
0.77215 0.037634 0.27272
0.78866 0.037267 0.24093
0.7874 0.0373 0.26076
0.78708 0.037776 0.28167
0.77129 0.037867 0.30391
0.77383 0.037156 0.32349
0.79256 0.037585 0.29899
0.78414 0.037246 0.31881
0.77216 0.037139 0.34324
0.7699 0.037137 0.36007
0.78235 0.03714 0.33606
0.7811 0.037144 0.35638
0.77235 0.037104 0.37637
0.77603 0.037078 0.39321
0.79036 0.037129 0.3746
0.79066 0.037106 0.39356
0.77387 0.037065 0.40858
0.76966 0.037057 0.42375
0.78205 0.037078 0.40551
0.78671 0.037076 0.42876
0.76878 0.037043 0.44466
0.7847 0.037057 0.44686
0.78219 0.037044 0.45136
0.76353 0.037031 0.47163
0.77007 0.037016 0.48689
0.7846 0.037044 0.46969
0.79342 0.037064 0.49201
0.77671 0.036992 0.51191
0.78655 0.037028 0.50858
0.79476 0.03705 0.5308
0.76535 0.037013 0.5619
0.78887 0.037022 0.53636
0.79095 0.037037 0.56392
0.7715 0.037016 0.58063
0.76833 0.037018 0.59069
0.78761 0.037033 0.57929
0.77535 0.037011 0.60436
0.78442 0.03703 0.60664
0.76379 0.037029 0.63953
0.76403 0.03704 0.65857
0.79063 0.037078 0.64635
0.78511 0.037074 0.66601
0.7666 0.037071 0.68271
0.76942 0.037083 0.69095
0.79193 0.037108 0.68244
0.79174 0.037111 0.68755
0.77577 0.037113 0.71075
0.76664 0.037127 0.73164
0.78473 0.037151 0.73394
0.7747 0.037158 0.74216
0.77958 0.037176 0.76551
0.79652 0.037181 0.74327
0.79687 0.037236 0.79731
0.77196 0.037231 0.8185
0.77901 0.037252 0.83411
0.78895 0.037242 0.80918
0.80025 0.037271 0.83458
0.77856 0.037268 0.85745
0.79021 0.037271 0.84621
0.78098 0.037286 0.8826
0.77471 0.037295 0.90158
0.79894 0.037312 0.89834
0.78076 0.037751 0.93803
0.79535 0.037362 0.9199
0.78582 0.03689 0.95149
0.77575 0.033337 0.96378
0.79588 0.038131 0.94632
0.80144 0.033445 0.95818
0.80689 0.03745 0.046843
0.80753 0.037449 0.054235
0.83344 0.037458 0.04696
0.83593 0.037458 0.0522
0.80681 0.037438 0.077333
0.80828 0.037432 0.092773
0.8325 0.037451 0.073044
0.82514 0.037441 0.089853
0.81345 0.03743 0.10513
0.81192 0.03742 0.12322
0.82389 0.037432 0.10802
0.83091 0.037425 0.12529
0.83082 0.037414 0.1405
0.82243 0.03738 0.17498
0.82206 0.03737 0.18698
0.81182 0.037339 0.20849
0.8041 0.037313 0.22485
0.83313 0.03735 0.21363
0.829 0.037336 0.22391
0.8037 0.037289 0.24087
0.80539 0.037292 0.26126
0.82898 0.037299 0.25914
0.81228 0.037241 0.28206
0.80584 0.03733 0.29017
0.83058 0.037278 0.27828
0.82239 0.037253 0.29296
0.8115 0.037233 0.30136
0.80648 0.037217 0.31757
0.82465 0.037248 0.30273
0.81739 0.03721 0.32694
0.80355 0.037185 0.34254
0.80844 0.03718 0.35239
0.81837 0.037192 0.34504
0.80253 0.037146 0.37725
0.80103 0.037124 0.39619
0.82742 0.037171 0.37744
0.80133 0.037115 0.40879
0.80203 0.037103 0.42745
0.8212 0.037116 0.42215
0.80285 0.037093 0.44166
0.8134 0.037079 0.45347
0.82842 0.037119 0.43833
0.80443 0.037076 0.47157
0.79957 0.037068 0.49214
0.80081 0.037063 0.51171
0.81187 0.03705 0.52094
0.82402 0.037073 0.521
0.80844 0.037063 0.55676
0.81909 0.037072 0.5527
0.80799 0.037077 0.59962
0.83023 0.037112 0.5797
0.82464 0.037105 0.59712
0.81077 0.037088 0.61553
0.81241 0.0371 0.6308
0.82664 0.037116 0.61039
0.82051 0.037107 0.62762
0.80443 0.037119 0.64882
0.8051 0.037121 0.65557
0.82117 0.037114 0.6389
0.81118 0.03713 0.6714
0.8043 0.037153 0.70045
0.82398 0.037168 0.68977
0.80765 0.037171 0.71222
0.82345 0.037188 0.71167
0.80558 0.037189 0.7388
0.80761 0.037219 0.76473
0.83407 0.037232 0.74396
0.83502 0.037245 0.75921
0.80489 0.037229 0.77804
0.80944 0.037254 0.79996
0.83407 0.037262 0.78256
0.82784 0.037266 0.79711
0.81258 0.037266 0.80974
0.82809 0.037291 0.83131
0.8074 0.037289 0.85153
0.81424 0.037302 0.86478
0.83357 0.037305 0.8477
0.83326 0.037313 0.86729
0.8184 0.037309 0.87754
0.8078 0.037317 0.89701
0.8304 0.037319 0.88658
0.80971 0.037336 0.91264
0.80912 0.037641 0.9283
0.82287 0.037341 0.91379
0.80966 0.038262 0.94352
0.81683 0.033345 0.96223
0.83071 0.037268 0.95146
0.82455 0.033337 0.96401
0.84699 0.037461 0.044657
0.84379 0.037459 0.054752
0.86664 0.037467 0.044775
0.84987 0.037456 0.078828
0.85336 0.037452 0.090941
0.85699 0.037459 0.073974
0.85874 0.037455 0.08917
0.86023 0.037446 0.10763
0.85934 0.037433 0.13107
0.84361 0.037419 0.14615
0.85036 0.037415 0.15842
0.86342 0.037429 0.14134
0.85707 0.037422 0.15161
0.84052 0.037388 0.18082
0.84281 0.03738 0.19162
0.86066 0.037398 0.18051
0.8686 0.037389 0.19537
0.85169 0.037369 0.20813
0.83841 0.037339 0.22924
0.86353 0.037375 0.2099
0.85461 0.037351 0.23001
0.84856 0.037336 0.24399
0.8588 0.037339 0.2443
0.86071 0.03733 0.25465
0.85685 0.037315 0.27282
0.85877 0.037298 0.29293
0.84211 0.037262 0.3122
0.8351 0.037242 0.32139
0.86121 0.037285 0.30486
0.85556 0.037264 0.31742
0.8396 0.037219 0.35162
0.8572 0.037243 0.33949
0.86563 0.037232 0.3583
0.84312 0.037196 0.37758
0.85296 0.037199 0.37608
0.86241 0.037199 0.38867
0.84741 0.037168 0.40787
0.84895 0.037154 0.42089
0.85361 0.037175 0.4027
0.86367 0.037166 0.42815
0.84081 0.037139 0.43966
0.8349 0.037122 0.4549
0.8564 0.037147 0.4439
0.86178 0.03715 0.45859
0.83832 0.037117 0.47557
0.8436 0.037112 0.48987
0.84296 0.037106 0.5116
0.85015 0.037112 0.53041
0.86729 0.037148 0.52111
0.84604 0.037113 0.54107
0.84707 0.037118 0.55676
0.86526 0.03715 0.54143
0.86235 0.037147 0.55457
0.84843 0.037124 0.57682
0.8399 0.037138 0.59683
0.86349 0.037153 0.57547
0.85515 0.037144 0.59269
0.84903 0.037155 0.62327
0.85989 0.037162 0.60443
0.85434 0.037171 0.63418
0.84894 0.037185 0.66336
0.86508 0.037203 0.64275
0.85914 0.037205 0.6672
0.84785 0.037206 0.68333
0.83856 0.037199 0.69232
0.86145 0.037215 0.676
0.86477 0.037234 0.70103
0.8406 0.037215 0.71062
0.84835 0.037239 0.72894
0.8562 0.037228 0.70755
0.85773 0.037248 0.732
0.84612 0.037248 0.74191
0.84386 0.037262 0.76852
0.86027 0.037274 0.76447
0.84072 0.037279 0.79942
0.86439 0.037285 0.77546
0.86899 0.0373 0.79493
0.84461 0.037296 0.81976
0.86772 0.037306 0.80959
0.8647 0.037313 0.8274
0.84713 0.037313 0.84807
0.8646 0.03732 0.84398
0.86587 0.037329 0.86194
0.84995 0.037328 0.88091
0.84545 0.037332 0.90225
0.86456 0.037334 0.87512
0.84905 0.03743 0.92452
0.86889 0.037339 0.91084
0.85985 0.037463 0.92744
0.85324 0.037757 0.94082
0.845 0.033349 0.9615
0.86742 0.037655 0.94019
0.86429 0.033337 0.96404
0.87454 0.037469 0.039054
0.87625 0.037468 0.060749
0.89164 0.037471 0.039834
0.89315 0.037472 0.051665
0.88599 0.037466 0.075998
0.88642 0.037462 0.091581
0.90151 0.037468 0.077924
0.89544 0.037464 0.085361
0.88562 0.037456 0.10822
0.88623 0.037444 0.12688
0.89503 0.037447 0.1179
0.87901 0.037436 0.13724
0.88627 0.037422 0.15745
0.89817 0.037441 0.14684
0.89312 0.037426 0.16115
0.88004 0.037397 0.19019
0.89733 0.037424 0.16872
0.90158 0.037413 0.18837
0.87494 0.037387 0.20321
0.88042 0.037381 0.21876
0.89463 0.037388 0.20972
0.89018 0.037376 0.22097
0.87202 0.037352 0.23653
0.87444 0.037318 0.27331
0.87638 0.037308 0.28837
0.90124 0.037355 0.26763
0.89302 0.037327 0.29039
0.87185 0.037286 0.31317
0.88227 0.037287 0.3212
0.88975 0.037307 0.30145
0.88855 0.03729 0.318
0.87917 0.037264 0.34345
0.89617 0.037274 0.33781
0.90136 0.037261 0.35167
0.87977 0.037228 0.37881
0.87183 0.037212 0.38659
0.89528 0.03724 0.37105
0.89889 0.037229 0.39197
0.87478 0.037195 0.40667
0.87754 0.037183 0.41929
0.90064 0.037231 0.41267
0.89597 0.037216 0.41836
0.88508 0.037177 0.44091
0.88978 0.037176 0.45098
0.88444 0.037163 0.48012
0.88237 0.037163 0.49508
0.88983 0.037165 0.4932
0.87235 0.03716 0.50505
0.88057 0.037165 0.52985
0.89326 0.03717 0.5128
0.89491 0.037168 0.52562
0.87645 0.037173 0.54013
0.89417 0.037162 0.53784
0.89825 0.037169 0.55225
0.88059 0.03718 0.5753
0.87783 0.037193 0.59887
0.89372 0.037193 0.57551
0.88997 0.037198 0.59966
0.87679 0.037197 0.60743
0.88294 0.037216 0.63378
0.8895 0.037201 0.6111
0.88929 0.03721 0.62888
0.88153 0.037233 0.65189
0.89134 0.037222 0.6497
0.89524 0.037238 0.66216
0.87429 0.037233 0.67804
0.90333 0.03728 0.70147
0.87472 0.037256 0.71596
0.88466 0.037274 0.73335
0.8999 0.037278 0.70763
0.89521 0.037282 0.7263
0.87738 0.03728 0.74845
0.8762 0.037291 0.76812
0.89226 0.037288 0.74659
0.90362 0.037299 0.76751
0.879 0.037303 0.78377
0.88346 0.037313 0.8009
0.89569 0.037308 0.79178
0.87625 0.037317 0.81954
0.88277 0.037324 0.82896
0.89475 0.037321 0.8088
0.88223 0.03733 0.84498
0.88748 0.03734 0.86872
0.9008 0.03733 0.84447
0.89257 0.037335 0.86388
0.88069 0.037344 0.89639
0.89872 0.037343 0.87521
0.9024 0.037344 0.89558
0.88664 0.03734 0.90877
0.88843 0.037484 0.93412
0.901 0.037347 0.9157
0.90563 0.037669 0.93626
0.87845 0.037655 0.94467
0.90739 0.033345 0.96201
0.91143 0.037486 0.037454
0.91854 0.037501 0.053824
0.92927 0.037812 0.0387
0.92135 0.037517 0.074715
0.90947 0.037463 0.089767
0.93505 0.037816 0.093873
0.91721 0.037447 0.10811
0.91503 0.037448 0.12871
0.92716 0.037614 0.10297
0.92953 0.037658 0.11768
0.91087 0.037449 0.13415
0.91315 0.037451 0.15822
0.92758 0.03767 0.13876
0.91924 0.037458 0.18724
0.93369 0.037832 0.1707
0.93669 0.037917 0.19535
0.92021 0.037456 0.2042
0.91751 0.037389 0.22104
0.93324 0.037827 0.20813
0.92441 0.037543 0.2249
0.91289 0.037363 0.24536
0.93291 0.037709 0.24142
0.92639 0.037547 0.25505
0.91254 0.037382 0.26938
0.93616 0.037834 0.2785
0.93534 0.037794 0.29257
0.9153 0.037305 0.32431
0.92795 0.037591 0.30097
0.92647 0.037496 0.32108
0.90715 0.037285 0.33529
0.91032 0.03726 0.36116
0.9334 0.037603 0.33616
0.9231 0.037385 0.35531
0.90943 0.03725 0.37182
0.91513 0.037252 0.39113
0.93053 0.037675 0.3954
0.93081 0.037699 0.40314
0.93672 0.037886 0.42958
0.90985 0.037211 0.45465
0.93346 0.037749 0.43444
0.91252 0.037207 0.48019
0.9095 0.0372 0.49599
0.93372 0.037736 0.47213
0.9311 0.037681 0.48603
0.91674 0.037251 0.50356
0.91751 0.037267 0.52327
0.93486 0.037859 0.5124
0.93225 0.037742 0.51941
0.92979 0.03757 0.53794
0.93075 0.037509 0.55501
0.91652 0.037251 0.59816
0.92804 0.037379 0.57666
0.93139 0.037409 0.5977
0.91208 0.03723 0.60782
0.90721 0.037225 0.62572
0.92445 0.037337 0.60901
0.92647 0.037378 0.622
0.9064 0.037229 0.64748
0.93645 0.03762 0.65183
0.92748 0.037442 0.66772
0.91833 0.037319 0.69275
0.93003 0.03751 0.68644
0.93439 0.037781 0.70201
0.91821 0.03735 0.70951
0.92933 0.037729 0.71411
0.9157 0.037316 0.74485
0.91929 0.037346 0.7639
0.92663 0.037669 0.74119
0.92579 0.037511 0.76884
0.92044 0.037345 0.77637
0.91937 0.037342 0.79343
0.93251 0.037603 0.78043
0.93322 0.037681 0.80111
0.91067 0.037342 0.82114
0.9184 0.037358 0.82791
0.92741 0.037562 0.80858
0.92524 0.037499 0.8319
0.91255 0.037332 0.85145
0.91337 0.037341 0.86844
0.93054 0.037631 0.84228
0.92676 0.037543 0.86833
0.91932 0.037363 0.87963
0.92699 0.037561 0.87845
0.93903 0.038068 0.89676
0.9162 0.037366 0.91637
0.91803 0.037774 0.9353
0.93013 0.037747 0.91595
0.93832 0.038553 0.93231
0.91679 0.038052 0.94547
0.92262 0.033364 0.96054
0.92899 0.038522 0.94462
0.93362 0.033351 0.96164
0.94334 0.038347 0.041891
0.94351 0.038318 0.054033
0.95646 0.033697 0.037127
0.9592 0.033402 0.060306
0.94084 0.03806 0.073729
0.96114 0.033354 0.086803
0.95022 0.038182 0.1056
0.96033 0.033364 0.12755
0.94963 0.038339 0.1449
0.94667 0.038267 0.15493
0.95963 0.033376 0.14064
0.95402 0.034462 0.15709
0.94115 0.038053 0.17056
0.94952 0.038346 0.19423
0.95694 0.033552 0.19571
0.94436 0.038205 0.20401
0.94413 0.038149 0.22608
0.96377 0.033337 0.21241
0.9619 0.033346 0.21918
0.94421 0.037981 0.24483
0.94932 0.038062 0.25027
0.96172 0.033345 0.23436
0.9543 0.034127 0.26153
0.94651 0.038063 0.26911
0.9436 0.038043 0.28598
0.96049 0.033355 0.27334
0.94478 0.038002 0.29978
0.94408 0.037863 0.32837
0.95627 0.033576 0.29941
0.96465 0.033335 0.32282
0.94788 0.037911 0.34072
0.94573 0.037881 0.35596
0.95947 0.033371 0.35899
0.94342 0.037947 0.3676
0.95025 0.038343 0.39611
0.96451 0.033335 0.37867
0.95419 0.034237 0.39492
0.94906 0.038414 0.40555
0.96398 0.033336 0.40852
0.95803 0.033436 0.42703
0.94536 0.038124 0.44342
0.9487 0.038186 0.45041
0.95555 0.033769 0.43387
0.96073 0.033353 0.45147
0.94375 0.038104 0.47186
0.96404 0.033336 0.47861
0.95696 0.03352 0.49441
0.94949 0.038512 0.50793
0.94611 0.038307 0.52106
0.95511 0.033907 0.51091
0.96074 0.033354 0.52548
0.94046 0.037725 0.55409
0.96463 0.033336 0.53783
0.95927 0.033376 0.55663
0.94467 0.037567 0.59563
0.94192 0.037587 0.61562
0.94249 0.037638 0.62494
0.96016 0.033359 0.63045
0.94638 0.037804 0.64278
0.96177 0.033345 0.64045
0.96392 0.033337 0.66338
0.95079 0.036564 0.68248
0.96079 0.033353 0.68031
0.96037 0.033363 0.70255
0.94549 0.038482 0.71969
0.94472 0.038488 0.73022
0.95642 0.033684 0.72162
0.95697 0.033587 0.72657
0.94791 0.038634 0.759
0.95765 0.033517 0.75109
0.96095 0.033358 0.7591
0.94567 0.037911 0.78336
0.94571 0.038082 0.80454
0.95918 0.033395 0.79185
0.94445 0.038083 0.80966
0.95629 0.03369 0.81789
0.96042 0.033366 0.83669
0.94389 0.0381 0.85285
0.96528 0.033335 0.86386
0.94818 0.038506 0.89368
0.96098 0.033358 0.87731
0.9453 0.038892 0.9298
0.95892 0.033435 0.91552
0.96511 0.033335 0.92789
0.94595 0.039493 0.94288
0.94818 0.033386 0.9601
0.96115 0.033366 0.94741
0.95715 0.033335 0.96357
