2635
1 1 1
0.035049 0.037282 0.045368
0.041343 0.037282 0.055117
0.063616 0.037281 0.035775
0.059477 0.037282 0.052245
0.046648 0.037281 0.070469
0.044021 0.037277 0.095951
0.060835 0.037279 0.082811
0.057229 0.037276 0.099809
0.038807 0.037273 0.11393
0.041638 0.037272 0.12429
0.064692 0.037273 0.11053
0.0643 0.037265 0.1477
0.040841 0.037249 0.1951
0.059837 0.037252 0.18477
0.062856 0.037247 0.20095
0.036339 0.037244 0.20578
0.040868 0.037232 0.23243
0.054572 0.037242 0.21102
0.057926 0.037236 0.22482
0.048847 0.037227 0.24168
0.043022 0.037217 0.26338
0.054382 0.037225 0.24822
0.063921 0.037218 0.2633
0.048412 0.03721 0.27549
0.047561 0.037201 0.29292
0.057599 0.037206 0.28475
0.065813 0.037201 0.29374
0.064881 0.03719 0.31507
0.060272 0.037179 0.33031
0.046617 0.037163 0.35155
0.065844 0.037159 0.36049
0.047768 0.03714 0.38164
0.046762 0.037131 0.39515
0.064143 0.037145 0.37984
0.059308 0.037129 0.40162
0.046323 0.037117 0.41202
0.03836 0.0371 0.43102
0.064854 0.037119 0.41498
0.057834 0.037109 0.42606
0.044321 0.037085 0.45319
0.064632 0.037091 0.45134
0.063901 0.037079 0.46674
0.043726 0.037065 0.47923
0.046111 0.037055 0.49322
0.056451 0.037071 0.47907
0.063694 0.037057 0.49686
0.039644 0.037045 0.51195
0.039292 0.037034 0.53179
0.059846 0.037048 0.51389
0.065351 0.037037 0.53093
0.048384 0.037028 0.54257
0.045475 0.03702 0.56661
0.067896 0.03703 0.54113
0.066245 0.037023 0.56044
0.038017 0.037017 0.57714
0.036563 0.037012 0.59823
0.056132 0.037022 0.57578
0.058425 0.037016 0.5947
0.046107 0.037011 0.6028
0.036879 0.03701 0.62866
0.055761 0.037014 0.60855
0.062943 0.03701 0.62062
0.054783 0.037013 0.64771
0.057017 0.037012 0.65942
0.049935 0.037011 0.67139
0.055871 0.037012 0.66941
0.062209 0.03701 0.68674
0.036368 0.037014 0.72884
0.063795 0.037011 0.71141
0.054261 0.037014 0.72135
0.044741 0.037015 0.74563
0.037472 0.037017 0.76167
0.062243 0.037014 0.74204
0.054123 0.037017 0.75968
0.041579 0.037018 0.77271
0.03757 0.037019 0.80048
0.060538 0.037018 0.78153
0.058322 0.037018 0.79185
0.04028 0.03702 0.82892
0.054399 0.03702 0.81617
0.060484 0.037018 0.83471
0.038449 0.03702 0.84701
0.035175 0.037019 0.86701
0.055417 0.037019 0.84103
0.058062 0.037018 0.86496
0.035787 0.037018 0.8773
0.046189 0.037026 0.89982
0.060325 0.037015 0.88532
0.058622 0.037019 0.89604
0.042624 0.037101 0.92044
0.036848 0.033343 0.95877
0.057753 0.038514 0.95003
0.059429 0.033373 0.95718
0.081092 0.03728 0.04584
0.076805 0.037279 0.060898
0.079958 0.037276 0.09079
0.096774 0.037276 0.075856
0.094049 0.037275 0.090799
0.072919 0.037273 0.10962
0.074161 0.037268 0.13347
0.087447 0.037272 0.11223
0.091921 0.037269 0.12635
0.071611 0.037265 0.14479
0.09216 0.037265 0.14112
0.095921 0.037259 0.16347
0.074145 0.037252 0.18194
0.070063 0.037248 0.19734
0.097723 0.037252 0.18193
0.098479 0.037248 0.19774
0.079992 0.037241 0.21283
0.078744 0.037233 0.23023
0.092317 0.03724 0.21821
0.10139 0.037234 0.23451
0.072324 0.037224 0.25187
0.075144 0.037221 0.25848
0.089315 0.037226 0.25263
0.094133 0.037224 0.26113
0.079444 0.037208 0.28192
0.078708 0.037198 0.29961
0.10058 0.037214 0.28223
0.071553 0.037189 0.31643
0.072372 0.037176 0.33577
0.09847 0.037196 0.31519
0.096721 0.037184 0.33667
0.075824 0.037164 0.35513
0.096023 0.037176 0.35127
0.094899 0.037166 0.36642
0.081158 0.037137 0.38926
0.098707 0.037155 0.3829
0.10334 0.037147 0.39474
0.075247 0.037114 0.42031
0.080654 0.037102 0.43343
0.10319 0.037129 0.42341
0.095701 0.037122 0.4296
0.076673 0.037086 0.45454
0.093844 0.037101 0.44739
0.096372 0.037088 0.46556
0.083387 0.037062 0.48199
0.088852 0.037055 0.49198
0.10355 0.037071 0.48805
0.10299 0.037065 0.49814
0.077834 0.037046 0.50831
0.098844 0.037046 0.52423
0.088475 0.037026 0.5394
0.081903 0.037015 0.56533
0.095208 0.03702 0.56304
0.084174 0.037013 0.57104
0.078233 0.037008 0.59794
0.098891 0.037024 0.57109
0.1018 0.037016 0.59318
0.083381 0.037003 0.62604
0.10345 0.03701 0.60967
0.10935 0.037007 0.6183
0.081139 0.037002 0.63851
0.10408 0.037001 0.66001
0.074275 0.037005 0.67732
0.095616 0.037001 0.66908
0.098287 0.037002 0.68843
0.082643 0.037005 0.70708
0.072302 0.03701 0.72891
0.098843 0.037005 0.71933
0.075845 0.037011 0.74196
0.081013 0.037011 0.75469
0.094974 0.037008 0.73723
0.090848 0.037011 0.75941
0.075358 0.037013 0.77152
0.076518 0.037015 0.79895
0.099926 0.03701 0.78318
0.075513 0.037017 0.81718
0.083937 0.037015 0.82519
0.097918 0.037013 0.80699
0.094507 0.037013 0.83476
0.07801 0.037015 0.84571
0.078074 0.037014 0.86682
0.094617 0.03701 0.8713
0.080705 0.037013 0.88949
0.093256 0.03701 0.88024
0.090282 0.037013 0.89809
0.07492 0.037034 0.91778
0.079905 0.037349 0.93878
0.094941 0.037013 0.91128
0.071925 0.037719 0.94504
0.090579 0.036071 0.95173
0.11365 0.037278 0.039343
0.10893 0.037277 0.058699
0.13026 0.037276 0.038141
0.12556 0.037277 0.053289
0.10564 0.037276 0.070265
0.11037 0.037272 0.097543
0.12819 0.03727 0.10001
0.10884 0.037269 0.11431
0.11758 0.037266 0.13368
0.12937 0.037268 0.12286
0.11131 0.037262 0.14662
0.10634 0.037259 0.16189
0.13164 0.037259 0.16224
0.11195 0.037253 0.17959
0.11087 0.037249 0.19493
0.13279 0.037256 0.1738
0.12414 0.037251 0.20152
0.11832 0.037239 0.22539
0.12314 0.037247 0.20902
0.12286 0.037238 0.23627
0.11112 0.037229 0.24755
0.10603 0.037223 0.26571
0.12719 0.037236 0.24707
0.11278 0.037216 0.28379
0.11277 0.037209 0.29675
0.12793 0.037225 0.2878
0.13692 0.037224 0.29478
0.11384 0.0372 0.31463
0.11519 0.037188 0.33749
0.13732 0.037215 0.32082
0.12506 0.037204 0.32929
0.11187 0.037183 0.34533
0.11377 0.037167 0.37031
0.12542 0.037182 0.36528
0.10761 0.037161 0.37727
0.12663 0.037177 0.38163
0.13438 0.037175 0.4055
0.11297 0.037142 0.41049
0.11521 0.037118 0.43771
0.12814 0.037128 0.43944
0.112 0.037106 0.44925
0.11406 0.037095 0.46057
0.1314 0.037109 0.45699
0.13451 0.037104 0.46863
0.11434 0.037078 0.47995
0.12557 0.037068 0.49573
0.13699 0.037098 0.48254
0.14565 0.037092 0.49863
0.12166 0.037056 0.51023
0.11657 0.037042 0.52964
0.14376 0.037064 0.53018
0.12444 0.037035 0.54102
0.11841 0.037024 0.56025
0.14668 0.037057 0.54557
0.11519 0.037015 0.58106
0.11759 0.037011 0.59299
0.14102 0.037033 0.57465
0.1417 0.037024 0.59748
0.12703 0.037006 0.61272
0.12657 0.037004 0.62203
0.14695 0.037007 0.62583
0.12164 0.037 0.6403
0.12028 0.036999 0.65286
0.13827 0.03701 0.63433
0.13241 0.037002 0.6605
0.11722 0.036998 0.6777
0.13775 0.037002 0.67608
0.11734 0.037 0.72311
0.14101 0.036994 0.69956
0.14002 0.036995 0.72775
0.11042 0.037003 0.73478
0.11406 0.037003 0.75194
0.12946 0.037002 0.75994
0.11467 0.037005 0.77242
0.13698 0.037001 0.77569
0.12532 0.037005 0.78943
0.11466 0.037008 0.83203
0.12472 0.037006 0.80463
0.12731 0.037006 0.83628
0.1159 0.037008 0.84307
0.13232 0.037005 0.84667
0.13239 0.037003 0.86212
0.11493 0.037002 0.88393
0.12033 0.037001 0.90249
0.13679 0.037008 0.89302
0.13172 0.037023 0.90887
0.11189 0.037001 0.91984
0.13326 0.037131 0.92411
0.13393 0.037598 0.93754
0.11622 0.037494 0.94624
0.14771 0.036575 0.95305
0.14539 0.033333 0.96525
0.146 0.037272 0.040163
0.16194 0.03727 0.035381
0.16365 0.03727 0.054528
0.13861 0.037271 0.078658
0.14423 0.037268 0.09891
0.15734 0.037269 0.074236
0.16198 0.037268 0.093894
0.14388 0.037267 0.11052
0.14563 0.037267 0.12246
0.15651 0.037267 0.11551
0.161 0.037267 0.12146
0.13912 0.037262 0.14341
0.14052 0.037258 0.16622
0.16591 0.037259 0.15994
0.13936 0.037253 0.18587
0.1642 0.037256 0.18057
0.16315 0.037255 0.19271
0.14258 0.037246 0.21428
0.14935 0.037242 0.23511
0.16675 0.03725 0.21618
0.14242 0.037238 0.24793
0.15343 0.037236 0.26392
0.15904 0.037245 0.2412
0.16809 0.037248 0.27056
0.14584 0.03723 0.27839
0.14584 0.037223 0.3009
0.16537 0.037247 0.27856
0.16238 0.037242 0.29788
0.15458 0.037224 0.31538
0.14193 0.037214 0.32609
0.16865 0.037247 0.30987
0.16122 0.03723 0.33356
0.14574 0.037203 0.35477
0.15622 0.037209 0.36247
0.16699 0.037242 0.34488
0.15375 0.037196 0.38589
0.1468 0.037187 0.39379
0.17093 0.037292 0.39507
0.14654 0.037153 0.43732
0.16177 0.037374 0.4365
0.16066 0.03713 0.45426
0.15376 0.037113 0.46767
0.1744 0.037134 0.45338
0.17406 0.037116 0.46508
0.15579 0.037107 0.48195
0.15495 0.03709 0.49685
0.17814 0.037146 0.48486
0.16921 0.037064 0.51776
0.1688 0.037054 0.52949
0.19115 0.037131 0.51273
0.16069 0.037047 0.54754
0.16794 0.037032 0.56598
0.17962 0.03705 0.55087
0.19232 0.037082 0.55408
0.16766 0.037024 0.58082
0.1606 0.037016 0.5927
0.1869 0.03706 0.57965
0.18473 0.037049 0.59114
0.15892 0.037005 0.60828
0.1611 0.036997 0.624
0.18652 0.037038 0.61123
0.17956 0.037016 0.62068
0.16223 0.036989 0.65293
0.18826 0.037008 0.63756
0.17402 0.036995 0.65336
0.15744 0.036989 0.66572
0.16192 0.036985 0.6858
0.16928 0.036988 0.66854
0.1688 0.036988 0.69275
0.14752 0.036991 0.6982
0.1573 0.036988 0.72615
0.17301 0.036991 0.69887
0.16495 0.036988 0.72536
0.15562 0.036989 0.74267
0.14728 0.036994 0.76162
0.17041 0.036988 0.73175
0.1725 0.036985 0.7492
0.14846 0.036996 0.79095
0.16396 0.036992 0.77187
0.1638 0.036993 0.79637
0.15336 0.036996 0.80611
0.14952 0.036999 0.82987
0.17202 0.036991 0.8135
0.16307 0.036995 0.8297
0.14678 0.037002 0.85195
0.15332 0.036995 0.86959
0.16634 0.036998 0.84966
0.1661 0.03699 0.86742
0.1441 0.036999 0.88651
0.16389 0.037035 0.89003
0.1672 0.037246 0.9073
0.14728 0.037151 0.92246
0.15624 0.038375 0.94034
0.17368 0.037543 0.91543
0.171 0.03816 0.92871
0.15416 0.033442 0.95718
0.17425 0.039208 0.941
0.17442 0.033334 0.96162
0.17605 0.037268 0.045527
0.18327 0.037266 0.062862
0.19274 0.037267 0.046296
0.19177 0.037267 0.056465
0.17604 0.037265 0.078947
0.18006 0.037264 0.095684
0.19558 0.037262 0.080765
0.19543 0.037262 0.097039
0.17544 0.037264 0.11043
0.18007 0.037261 0.13477
0.19016 0.037262 0.11218
0.19743 0.037262 0.12364
0.17882 0.037259 0.14732
0.18613 0.03726 0.16152
0.19429 0.037261 0.15249
0.19893 0.037263 0.15814
0.18696 0.037255 0.203
0.19845 0.03726 0.18104
0.1942 0.037261 0.19837
0.18426 0.037254 0.23768
0.19602 0.037262 0.21178
0.19596 0.037268 0.23106
0.1826 0.037251 0.25033
0.18559 0.037253 0.2689
0.19815 0.037267 0.26068
0.20026 0.037273 0.28201
0.19563 0.037275 0.30032
0.17746 0.037251 0.30952
0.18463 0.037255 0.32795
0.19847 0.037295 0.32176
0.20055 0.037299 0.33985
0.17815 0.037244 0.35732
0.18116 0.037233 0.36569
0.19421 0.037273 0.3533
0.19753 0.03727 0.36481
0.18649 0.037223 0.3938
0.19504 0.037278 0.39746
0.18541 0.037882 0.41392
0.18025 0.037979 0.42933
0.18915 0.037979 0.4205
0.19517 0.037643 0.43236
0.18634 0.037363 0.44341
0.19331 0.03712 0.46578
0.19878 0.037303 0.44645
0.20354 0.037151 0.47557
0.20012 0.037148 0.50229
0.21253 0.037157 0.49596
0.22098 0.037171 0.50553
0.20373 0.037133 0.51522
0.20599 0.037101 0.53521
0.23828 0.037297 0.52546
0.23384 0.037157 0.53927
0.20574 0.037089 0.54662
0.22007 0.037076 0.55947
0.209 0.037055 0.57439
0.19606 0.03705 0.58775
0.22277 0.037114 0.57903
0.21558 0.03705 0.59139
0.20731 0.037025 0.60257
0.19821 0.037019 0.62153
0.2175 0.037052 0.60003
0.21749 0.037021 0.61567
0.19659 0.037001 0.6385
0.19813 0.036993 0.64726
0.22905 0.037007 0.63618
0.22761 0.037005 0.64748
0.19453 0.036988 0.66414
0.19034 0.036982 0.68032
0.21091 0.036986 0.6597
0.20976 0.036981 0.67944
0.1932 0.036972 0.70764
0.18792 0.036975 0.72052
0.20688 0.036977 0.693
0.2028 0.036975 0.72412
0.19242 0.036976 0.74077
0.18415 0.036978 0.74979
0.20204 0.036978 0.73916
0.17996 0.036984 0.7883
0.20368 0.036973 0.76435
0.20042 0.036977 0.79389
0.18439 0.036984 0.80438
0.19747 0.036982 0.81227
0.19812 0.036982 0.82889
0.18662 0.03699 0.84121
0.17674 0.03699 0.8604
0.19557 0.036994 0.84857
0.19358 0.036989 0.85665
0.1748 0.036985 0.88223
0.1799 0.037414 0.89938
0.2016 0.036977 0.87545
0.20061 0.037443 0.89877
0.18315 0.038414 0.92214
0.19269 0.03856 0.92149
0.1843 0.034315 0.94808
0.19136 0.038884 0.92937
0.18926 0.03339 0.95343
0.2077 0.037263 0.045027
0.21619 0.03726 0.060248
0.22987 0.037257 0.035097
0.22796 0.037258 0.057963
0.21492 0.037259 0.07105
0.21174 0.03726 0.092163
0.23263 0.037257 0.073553
0.22936 0.037259 0.097489
0.21769 0.037258 0.10515
0.21202 0.03726 0.1328
0.23478 0.037257 0.10602
0.22671 0.037262 0.12723
0.2113 0.037259 0.14894
0.20786 0.03726 0.18227
0.21889 0.037268 0.19981
0.23493 0.037262 0.18206
0.23772 0.03727 0.19392
0.21436 0.037265 0.21086
0.23227 0.037271 0.21144
0.22347 0.037275 0.25056
0.23763 0.037291 0.2466
0.23642 0.037316 0.27084
0.21749 0.037288 0.28413
0.2114 0.037294 0.292
0.23697 0.03732 0.28403
0.22723 0.037419 0.30232
0.21772 0.037428 0.32047
0.21547 0.037353 0.34064
0.22528 0.037719 0.33201
0.209 0.037318 0.34666
0.21366 0.037298 0.37438
0.22414 0.037544 0.34642
0.23217 0.037425 0.36529
0.21755 0.037286 0.38544
0.21208 0.037277 0.40608
0.22822 0.037327 0.38245
0.21958 0.037243 0.41246
0.20398 0.037491 0.42538
0.21574 0.037206 0.42506
0.21601 0.037246 0.44822
0.21827 0.037213 0.47515
0.23206 0.037289 0.45422
0.2398 0.037282 0.4759
0.22985 0.037218 0.49086
0.24881 0.037519 0.51563
0.24317 0.037256 0.50262
0.25745 0.03774 0.52
0.25632 0.03793 0.53273
0.26022 0.037759 0.54229
0.26312 0.037389 0.55245
0.26126 0.037241 0.56157
0.27919 0.037285 0.5614
0.24162 0.037285 0.5791
0.2345 0.037355 0.58776
0.27176 0.037494 0.57804
0.26608 0.037639 0.58213
0.23738 0.037484 0.59476
0.23844 0.037253 0.61309
0.2596 0.037666 0.60026
0.23608 0.037013 0.63154
0.24569 0.036992 0.63392
0.25825 0.037326 0.60956
0.24153 0.036999 0.65455
0.22778 0.036972 0.68034
0.25288 0.037014 0.65266
0.2443 0.036972 0.67861
0.22338 0.036973 0.69539
0.21957 0.036967 0.71636
0.24153 0.036975 0.69464
0.24175 0.036963 0.70671
0.21887 0.036962 0.75113
0.23802 0.036959 0.73592
0.21542 0.036967 0.77521
0.22153 0.036964 0.78761
0.23557 0.036962 0.76305
0.21246 0.036974 0.83198
0.23732 0.036959 0.81183
0.23278 0.036964 0.8289
0.21186 0.036981 0.84821
0.21473 0.036976 0.86333
0.23069 0.036967 0.83653
0.23015 0.036968 0.86135
0.21313 0.036982 0.88226
0.21296 0.037236 0.90337
0.22524 0.036975 0.88339
0.2272 0.03698 0.90613
0.20843 0.038253 0.93545
0.22274 0.037196 0.9275
0.19425 0.039669 0.94585
0.19965 0.033333 0.96336
0.21037 0.039049 0.95056
0.20946 0.033336 0.96029
0.2406 0.037255 0.035114
0.24436 0.037255 0.063475
0.25809 0.037252 0.043156
0.26642 0.037252 0.05789
0.24615 0.037254 0.070081
0.24252 0.037256 0.087937
0.26254 0.037251 0.078848
0.26601 0.037253 0.089014
0.25285 0.037259 0.12457
0.26261 0.037254 0.10588
0.25844 0.03726 0.13188
0.24284 0.037261 0.15118
0.26215 0.037262 0.14587
0.26841 0.037271 0.16378
0.24417 0.037263 0.18481
0.25469 0.037278 0.2013
0.26176 0.037273 0.18546
0.26788 0.037287 0.19586
0.2486 0.037275 0.22202
0.24456 0.03729 0.241
0.26486 0.037296 0.2169
0.24571 0.037301 0.25671
0.2517 0.037306 0.26342
0.24824 0.037313 0.29595
0.24123 0.038024 0.32109
0.26095 0.038007 0.30435
0.25274 0.038141 0.32423
0.25031 0.038064 0.33677
0.23994 0.037453 0.36767
0.25303 0.037685 0.35263
0.26312 0.037481 0.36927
0.24443 0.037393 0.38024
0.25631 0.037384 0.38406
0.25167 0.037369 0.40079
0.23629 0.037349 0.42408
0.24739 0.037417 0.43918
0.25381 0.037411 0.4153
0.24712 0.037379 0.45598
0.25415 0.037347 0.47921
0.26445 0.037427 0.46356
0.27112 0.037419 0.48524
0.26072 0.037357 0.50587
0.27371 0.03739 0.50327
0.28855 0.037516 0.52075
0.28231 0.037877 0.53403
0.31602 0.037468 0.54813
0.31264 0.037528 0.55468
0.29774 0.037609 0.56498
0.29157 0.037805 0.57963
0.29721 0.037735 0.58116
0.28148 0.037713 0.5894
0.27199 0.037347 0.60398
0.28837 0.037459 0.59064
0.29117 0.037135 0.6009
0.26823 0.037033 0.61962
0.27643 0.036992 0.63038
0.28835 0.037014 0.62053
0.28845 0.037016 0.63522
0.2726 0.03699 0.65632
0.29006 0.037005 0.66055
0.26388 0.036955 0.69868
0.27738 0.036987 0.68454
0.27588 0.036959 0.70778
0.25909 0.036955 0.72542
0.25347 0.036948 0.74576
0.2736 0.036956 0.72931
0.28029 0.036942 0.74734
0.24784 0.036956 0.76888
0.255 0.036947 0.78225
0.27422 0.036948 0.75879
0.25346 0.036952 0.80013
0.27169 0.036945 0.79987
0.26278 0.036945 0.82306
0.25089 0.036954 0.84252
0.24461 0.03696 0.86124
0.24115 0.036968 0.88311
0.23882 0.036965 0.89461
0.26321 0.036959 0.87864
0.24568 0.037003 0.9222
0.23107 0.037777 0.94107
0.25333 0.036957 0.91051
0.25893 0.037511 0.93965
0.23455 0.033333 0.96302
0.25251 0.037588 0.94439
0.28279 0.037248 0.05835
0.30323 0.037244 0.063576
0.28493 0.037245 0.083455
0.27838 0.037251 0.099391
0.30197 0.037243 0.078009
0.27971 0.037253 0.11541
0.29923 0.03725 0.11052
0.29474 0.037259 0.13081
0.28085 0.03726 0.14443
0.27866 0.037274 0.16673
0.30255 0.037261 0.14692
0.30439 0.037283 0.16853
0.27552 0.037275 0.1804
0.2811 0.037287 0.19457
0.29678 0.037308 0.20597
0.2857 0.037331 0.23046
0.2993 0.037313 0.21151
0.29797 0.037365 0.23924
0.27512 0.03771 0.28222
0.29771 0.037384 0.25602
0.28998 0.037723 0.2787
0.28179 0.03811 0.28933
0.26132 0.038078 0.32036
0.26262 0.037884 0.32749
0.28556 0.037732 0.32016
0.26494 0.037617 0.34446
0.27532 0.037529 0.36686
0.28006 0.037521 0.34661
0.28583 0.037555 0.36009
0.27412 0.03754 0.37357
0.27361 0.037473 0.39523
0.28961 0.03761 0.38275
0.26729 0.037411 0.42193
0.26642 0.037427 0.44312
0.27925 0.037456 0.42625
0.27751 0.037458 0.45088
0.2833 0.037467 0.49135
0.28149 0.037467 0.46262
0.30572 0.037501 0.48741
0.28809 0.037399 0.5073
0.30506 0.037414 0.52658
0.32033 0.037453 0.52452
0.32545 0.037309 0.54314
0.41662 0.037793 0.55592
0.40418 0.037377 0.56225
0.33922 0.037813 0.56741
0.38564 0.037302 0.56715
0.39806 0.037437 0.57201
0.34184 0.037728 0.57001
0.3193 0.037298 0.5794
0.36554 0.037361 0.57576
0.36151 0.03709 0.57991
0.32737 0.037046 0.58519
0.31554 0.037018 0.59931
0.34335 0.037205 0.59496
0.31236 0.037016 0.61609
0.30717 0.037018 0.632
0.32862 0.037262 0.61427
0.32622 0.03726 0.63268
0.30475 0.037022 0.64131
0.30613 0.03709 0.66281
0.32763 0.037502 0.64603
0.31482 0.037354 0.66851
0.29591 0.036974 0.68829
0.2983 0.036957 0.6978
0.31546 0.036965 0.69891
0.29815 0.036931 0.72955
0.29207 0.036935 0.74954
0.31398 0.036965 0.71857
0.28487 0.036945 0.75934
0.29076 0.036929 0.77923
0.31074 0.036938 0.76115
0.30419 0.03693 0.78222
0.30367 0.036932 0.80212
0.29456 0.036933 0.82094
0.28515 0.036936 0.84203
0.30432 0.03693 0.83716
0.29467 0.036932 0.85531
0.27574 0.036946 0.88201
0.28439 0.03694 0.89497
0.29764 0.036935 0.87882
0.28893 0.036939 0.8956
0.29879 0.036937 0.91247
0.29437 0.037428 0.93147
0.27609 0.038208 0.95051
0.27848 0.033348 0.95762
0.29617 0.037722 0.94044
0.2837 0.033334 0.9614
0.30913 0.037242 0.046553
0.31271 0.037242 0.06101
0.33532 0.037236 0.045449
0.33665 0.037238 0.061063
0.31156 0.037241 0.084138
0.31571 0.037246 0.092378
0.33175 0.037238 0.074116
0.32834 0.037246 0.099867
0.31432 0.037249 0.11496
0.31247 0.03726 0.13408
0.33688 0.037247 0.1103
0.32774 0.037262 0.132
0.31138 0.037263 0.15346
0.31463 0.037285 0.16568
0.33136 0.037265 0.15244
0.33225 0.037283 0.16243
0.31305 0.037293 0.1881
0.31591 0.037323 0.20402
0.3328 0.037296 0.18198
0.3174 0.037387 0.23606
0.33721 0.037365 0.22
0.33602 0.037388 0.22863
0.30696 0.037398 0.25907
0.31038 0.037469 0.26954
0.3212 0.037476 0.2719
0.30122 0.037704 0.28205
0.28735 0.038182 0.2991
0.31649 0.03751 0.27846
0.32051 0.037584 0.2895
0.28966 0.037888 0.30811
0.29066 0.037783 0.31521
0.31196 0.03767 0.30621
0.31174 0.037731 0.31256
0.29909 0.03781 0.32668
0.29661 0.037714 0.3606
0.30849 0.037924 0.3343
0.31405 0.037803 0.35447
0.3013 0.037784 0.36718
0.29552 0.037686 0.3969
0.31291 0.03769 0.37604
0.32138 0.037466 0.38778
0.28778 0.037603 0.4223
0.29227 0.037866 0.43888
0.30004 0.037945 0.41244
0.29775 0.038217 0.44767
0.30525 0.037706 0.47495
0.31549 0.037587 0.49497
0.32189 0.037871 0.48332
0.34246 0.037815 0.50511
0.33345 0.037148 0.52278
0.34447 0.037291 0.51683
0.34765 0.037074 0.5334
0.36378 0.037067 0.5482
0.41637 0.037314 0.54934
0.37771 0.036934 0.54598
0.42124 0.036627 0.56189
0.40044 0.037536 0.60842
0.38997 0.037045 0.5917
0.43311 0.041908 0.37609
0.36563 0.037168 0.59471
0.34935 0.037592 0.60133
0.36461 0.03758 0.60751
0.34852 0.037762 0.62248
0.34528 0.037497 0.6425
0.34036 0.037552 0.66716
0.34336 0.037073 0.68449
0.33952 0.036958 0.69916
0.32629 0.036967 0.71291
0.33067 0.036938 0.73543
0.34287 0.036963 0.71863
0.33976 0.036939 0.74015
0.3283 0.036928 0.75895
0.3187 0.03692 0.77574
0.33502 0.036918 0.76327
0.333 0.036918 0.78257
0.31539 0.03693 0.79152
0.33155 0.036911 0.81486
0.31363 0.036924 0.83317
0.3185 0.036919 0.85318
0.30874 0.036927 0.88074
0.31603 0.036922 0.88913
0.32999 0.03692 0.86685
0.32609 0.036917 0.89585
0.30645 0.036938 0.91545
0.31497 0.037125 0.93231
0.33513 0.036911 0.90588
0.32419 0.036997 0.92485
0.30372 0.037721 0.94811
0.32537 0.037217 0.9446
0.34659 0.037233 0.041511
0.3458 0.037236 0.05828
0.36995 0.03723 0.041752
0.35951 0.037235 0.053618
0.34662 0.037236 0.078
0.34647 0.037242 0.091751
0.36181 0.037237 0.090082
0.3492 0.037246 0.1122
0.34453 0.037262 0.13091
0.36486 0.03726 0.13057
0.3479 0.037265 0.14881
0.35218 0.037285 0.16201
0.3647 0.037265 0.15109
0.37161 0.03728 0.16009
0.35266 0.037301 0.18065
0.35257 0.037313 0.19211
0.35997 0.037302 0.17621
0.36502 0.037323 0.19193
0.34497 0.037358 0.21268
0.34359 0.037421 0.23372
0.36104 0.037373 0.21165
0.35093 0.037476 0.24703
0.34551 0.03758 0.27118
0.36089 0.037497 0.24958
0.36712 0.037624 0.26549
0.35059 0.037696 0.28703
0.34706 0.037744 0.29529
0.36682 0.037815 0.28384
0.35972 0.037758 0.29174
0.33668 0.037856 0.30327
0.33228 0.037729 0.3187
0.36131 0.037926 0.30342
0.34812 0.037627 0.31717
0.33632 0.037569 0.32299
0.31748 0.037693 0.34584
0.33959 0.037265 0.32937
0.3458 0.036047 0.35072
0.34106 0.037069 0.39329
0.3135 0.038334 0.40945
0.30226 0.038762 0.44833
0.328 0.038045 0.41021
0.33583 0.038351 0.49124
0.32942 0.039236 0.48106
0.35714 0.037309 0.51081
0.37202 0.036577 0.53466
0.35127 0.036245 0.47665
0.38392 0.036668 0.53958
0.38382 0.036572 0.53385
0.42351 0.03724 0.58567
0.41362 0.035702 0.49527
0.41991 0.038642 0.60654
0.40904 0.04621 0.37858
0.38223 0.048666 0.37247
0.4328 0.039881 0.38019
0.39292 0.034943 0.42346
0.36422 0.037518 0.61107
0.40288 0.034794 0.41786
0.39352 0.036948 0.62183
0.36102 0.037417 0.62679
0.35156 0.037409 0.64205
0.37974 0.03715 0.62855
0.37188 0.037196 0.64068
0.34807 0.037435 0.66389
0.37618 0.03713 0.6512
0.38097 0.037142 0.66958
0.34715 0.037161 0.67732
0.35857 0.036967 0.69035
0.37745 0.037064 0.6794
0.36857 0.036994 0.70091
0.35813 0.036987 0.70898
0.35818 0.036947 0.74058
0.37128 0.036975 0.71381
0.373 0.036954 0.73281
0.36971 0.036934 0.75348
0.36831 0.036917 0.78023
0.35826 0.036915 0.79674
0.34661 0.036908 0.80677
0.36658 0.036905 0.80915
0.35533 0.036907 0.8313
0.35191 0.036903 0.85169
0.37275 0.036905 0.82273
0.37012 0.036896 0.85125
0.34486 0.036919 0.87383
0.34733 0.036907 0.88987
0.36076 0.036901 0.88301
0.3514 0.036903 0.90966
0.34381 0.037151 0.92955
0.35914 0.036912 0.913
0.35868 0.037159 0.92622
0.34978 0.037427 0.94064
0.34079 0.033335 0.95906
0.36515 0.037517 0.94036
0.35622 0.033333 0.96294
0.37656 0.037229 0.035349
0.38588 0.037231 0.059156
0.39433 0.037226 0.041956
0.39536 0.037233 0.075798
0.40197 0.03724 0.1019
0.37932 0.037241 0.11306
0.39149 0.037259 0.12675
0.40459 0.037232 0.1187
0.39961 0.037252 0.12684
0.38026 0.037265 0.154
0.38113 0.037302 0.16787
0.40602 0.037266 0.14811
0.38734 0.037312 0.17843
0.3818 0.03733 0.19132
0.402 0.037388 0.20385
0.38266 0.037398 0.21116
0.38557 0.037443 0.2285
0.3975 0.037418 0.21761
0.3971 0.037449 0.22777
0.37991 0.037556 0.25338
0.37712 0.037648 0.26482
0.40401 0.037574 0.24743
0.40088 0.037732 0.26875
0.37731 0.037842 0.27967
0.38572 0.037953 0.29713
0.40471 0.037985 0.28287
0.3998 0.03805 0.29518
0.38529 0.038563 0.31457
0.4062 0.038555 0.30597
0.39682 0.038938 0.31456
0.36958 0.037625 0.32282
0.40053 0.03691 0.34098
0.3567 0.035675 0.35216
0.43355 0.038667 0.35811
0.339 0.038402 0.41379
0.34995 0.036813 0.38044
0.32666 0.040102 0.43345
0.3372 0.04096 0.47631
0.34253 0.041762 0.43845
0.31129 0.041373 0.45708
0.3533 0.040097 0.40235
0.37152 0.036706 0.37896
0.35203 0.035516 0.43398
0.38833 0.036944 0.52119
0.41845 0.038666 0.60419
0.38325 0.037228 0.51429
0.42629 0.038735 0.59669
0.36055 0.049816 0.37865
0.35867 0.048839 0.35178
0.42256 0.050548 0.40236
0.42785 0.036985 0.39025
0.43928 0.050418 0.39521
0.43732 0.036505 0.59229
0.40482 0.037004 0.62444
0.39747 0.037143 0.62691
0.42396 0.037262 0.62866
0.44742 0.037639 0.6234
0.39526 0.037326 0.63421
0.39471 0.037292 0.64535
0.38819 0.036569 0.47046
0.44619 0.037453 0.57983
0.39354 0.03727 0.65314
0.43995 0.037615 0.64115
0.42097 0.037283 0.65841
0.40208 0.037077 0.69411
0.42327 0.037204 0.67108
0.41128 0.037112 0.69379
0.39562 0.03696 0.71761
0.38607 0.036956 0.72536
0.40404 0.036985 0.71319
0.3947 0.036937 0.75206
0.39031 0.036915 0.77496
0.40152 0.036957 0.74515
0.38881 0.036912 0.78724
0.3809 0.036899 0.8142
0.38331 0.036903 0.82343
0.38071 0.036888 0.84454
0.39727 0.036902 0.82289
0.39689 0.036882 0.85307
0.38188 0.0369 0.86803
0.37657 0.036895 0.89146
0.398 0.036884 0.89481
0.37989 0.036899 0.90856
0.38602 0.037311 0.93056
0.39325 0.036893 0.90741
0.3994 0.037268 0.93276
0.38273 0.037664 0.94334
0.3765 0.033392 0.95494
0.39547 0.037576 0.94374
0.40114 0.033366 0.95545
0.41813 0.037225 0.037081
0.42343 0.037226 0.042444
0.42318 0.037236 0.068248
0.40865 0.037242 0.088025
0.42706 0.037236 0.078634
0.43902 0.037432 0.10199
0.42622 0.037213 0.11692
0.41768 0.037229 0.12939
0.43309 0.037373 0.11278
0.43831 0.037467 0.12672
0.42644 0.037267 0.1511
0.41702 0.03731 0.16853
0.44136 0.037303 0.15183
0.41871 0.037314 0.17806
0.41624 0.037384 0.2015
0.4283 0.037319 0.18388
0.43 0.037341 0.1918
0.42034 0.037547 0.24015
0.43167 0.037427 0.21888
0.43636 0.03744 0.22703
0.40754 0.037595 0.25318
0.42161 0.037787 0.27123
0.43633 0.03759 0.24799
0.42355 0.038066 0.28499
0.42131 0.038214 0.29077
0.43975 0.038108 0.30867
0.41584 0.039222 0.31412
0.40549 0.039084 0.31984
0.42956 0.03831 0.31233
0.41116 0.039234 0.32543
0.40626 0.038755 0.32904
0.41349 0.038875 0.3394
0.48828 0.03861 0.37333
0.46669 0.038639 0.36351
0.50856 0.043833 0.38452
0.56265 0.036938 0.3753
0.39085 0.035994 0.35666
0.33 0.041145 0.43804
0.51449 0.041359 0.39953
0.42794 0.037304 0.36411
0.31251 0.042412 0.44385
0.33451 0.043703 0.45883
0.34285 0.038883 0.41391
0.49808 0.055046 0.38699
0.35487 0.035376 0.42573
0.37746 0.038335 0.37031
0.35748 0.034916 0.44836
0.37453 0.03699 0.50241
0.42842 0.038435 0.56257
0.39651 0.036021 0.52069
0.42478 0.037192 0.5253
0.41324 0.04899 0.40177
0.44169 0.042451 0.38808
0.43844 0.036561 0.58416
0.58285 0.040051 0.33686
0.4307 0.035586 0.49154
0.45789 0.040643 0.39215
0.57626 0.042661 0.33155
0.40885 0.037405 0.42761
0.45027 0.037702 0.5993
0.3878 0.037163 0.46585
0.47389 0.037637 0.61388
0.45008 0.037548 0.64233
0.44606 0.037477 0.65127
0.47755 0.03766 0.63235
0.46969 0.037534 0.65009
0.43916 0.037298 0.67148
0.4296 0.037212 0.68589
0.44993 0.03728 0.67916
0.42255 0.037013 0.72275
0.44316 0.037076 0.70451
0.43462 0.037033 0.72484
0.42318 0.036959 0.74666
0.41315 0.036921 0.77133
0.43963 0.036958 0.74624
0.4403 0.036933 0.76522
0.42338 0.036906 0.79295
0.43995 0.036918 0.78157
0.42722 0.036902 0.80324
0.41335 0.036897 0.82259
0.43059 0.036864 0.8491
0.41874 0.036883 0.87239
0.41394 0.036867 0.89343
0.43362 0.036873 0.87255
0.42821 0.036863 0.88309
0.41556 0.036857 0.90521
0.41303 0.037109 0.9314
0.43357 0.036964 0.92838
0.40666 0.037428 0.94595
0.42398 0.037092 0.93891
0.43395 0.033334 0.96135
0.44047 0.037236 0.042562
0.44464 0.037237 0.065116
0.45873 0.037239 0.046577
0.43802 0.037231 0.076561
0.44536 0.037481 0.099658
0.46454 0.037226 0.085511
0.46707 0.037703 0.10341
0.45462 0.038076 0.11633
0.47294 0.037847 0.10964
0.45928 0.037887 0.12531
0.44979 0.037305 0.14951
0.46485 0.037886 0.12828
0.46472 0.03729 0.15489
0.45137 0.037284 0.16913
0.44706 0.037377 0.1981
0.46003 0.037305 0.18159
0.45975 0.037395 0.20299
0.45027 0.037433 0.21612
0.44569 0.037454 0.22952
0.45668 0.037516 0.2385
0.44367 0.037645 0.25369
0.44253 0.037781 0.26954
0.45469 0.03764 0.25315
0.44552 0.037943 0.28245
0.44785 0.037992 0.30167
0.46394 0.037913 0.29272
0.47075 0.037833 0.30181
0.43734 0.037851 0.31394
0.44205 0.036821 0.32139
0.43849 0.035899 0.33044
0.52123 0.03777 0.39614
0.57315 0.043764 0.36218
0.42222 0.037519 0.32795
0.43243 0.036923 0.3493
0.52581 0.060367 0.41058
0.57073 0.038866 0.37983
0.47477 0.036952 0.36622
0.53306 0.065842 0.41142
0.45032 0.054299 0.42043
0.38776 0.035271 0.36022
0.31516 0.041334 0.45284
0.5492 0.037943 0.39244
0.51813 0.034878 0.40416
0.34359 0.041054 0.43028
0.36308 0.034463 0.39631
0.37813 0.033814 0.39207
0.41307 0.035463 0.5211
0.36273 0.039624 0.4708
0.4109 0.035056 0.51686
0.45215 0.04067 0.38828
0.39022 0.034871 0.48649
0.37715 0.036788 0.45225
0.43159 0.035259 0.5394
0.58356 0.037912 0.33909
0.60709 0.039035 0.40195
0.59664 0.03649 0.40212
0.44016 0.036894 0.40494
0.38744 0.037318 0.45073
0.42557 0.036292 0.47786
0.4041 0.035712 0.45435
0.47053 0.037789 0.60692
0.47935 0.037809 0.60522
0.44011 0.036412 0.49791
0.44326 0.038622 0.53519
0.48734 0.037737 0.62044
0.49101 0.037579 0.62497
0.49167 0.037646 0.59683
0.47722 0.037458 0.6559
0.46993 0.037262 0.67639
0.49266 0.037492 0.63777
0.48015 0.037264 0.67489
0.46668 0.037161 0.69046
0.45091 0.037052 0.72187
0.47496 0.037131 0.69475
0.46802 0.037063 0.71819
0.45186 0.036981 0.74089
0.45013 0.036936 0.76785
0.46372 0.036958 0.74344
0.47116 0.036935 0.76802
0.45008 0.036895 0.79743
0.46064 0.036891 0.78911
0.46005 0.03689 0.80084
0.45067 0.03689 0.81792
0.4435 0.036859 0.84823
0.46779 0.036883 0.81839
0.44561 0.036872 0.86063
0.44624 0.036849 0.88499
0.45828 0.036852 0.87309
0.46637 0.036848 0.89007
0.45374 0.036847 0.91232
0.45449 0.036912 0.92632
0.46758 0.03689 0.91445
0.46459 0.037118 0.93255
0.45257 0.036989 0.94761
0.47474 0.037783 0.94609
0.47012 0.033333 0.96353
0.50489 0.042116 0.40087
0.41679 0.037875 0.37204
0.40909 0.036132 0.39088
0.45498 0.04104 0.37411
0.48207 0.037228 0.047629
0.47825 0.037232 0.068319
0.49612 0.037225 0.039626
0.48832 0.037232 0.065973
0.47081 0.037228 0.085687
0.47888 0.037394 0.098538
0.4923 0.037231 0.077361
0.49529 0.037267 0.098736
0.48951 0.03748 0.11828
0.4835 0.037731 0.12278
0.49308 0.037319 0.11237
0.4981 0.03732 0.13658
0.4773 0.037563 0.13779
0.49034 0.037296 0.16265
0.46729 0.037312 0.17865
0.47583 0.037362 0.1961
0.48413 0.037336 0.17917
0.4791 0.037441 0.21434
0.47576 0.037499 0.23237
0.49019 0.037433 0.21181
0.49001 0.037478 0.2291
0.47199 0.037686 0.25772
0.47868 0.037738 0.26343
0.48584 0.037625 0.24702
0.493 0.037687 0.25906
0.47283 0.037923 0.28769
0.48739 0.038008 0.28664
0.49984 0.037802 0.28075
0.50563 0.037967 0.29491
0.48788 0.037378 0.31118
0.49186 0.036815 0.32025
0.51041 0.037754 0.3286
0.4742 0.035432 0.33521
0.48256 0.035614 0.33361
0.53453 0.038133 0.31747
0.56212 0.038896 0.30841
0.46455 0.034854 0.34405
0.48086 0.035371 0.33964
0.55428 0.03881 0.31775
0.51965 0.037099 0.39012
0.54285 0.037491 0.31721
0.54143 0.03697 0.32142
0.49504 0.047805 0.40834
0.53081 0.036098 0.4047
0.46966 0.034007 0.35417
0.47757 0.033598 0.35723
0.47792 0.033597 0.39008
0.48319 0.033361 0.40259
0.42976 0.033451 0.37147
0.40408 0.03367 0.48245
0.59432 0.033545 0.348
0.46514 0.034256 0.40441
0.47177 0.034983 0.53928
0.45791 0.036186 0.55503
0.39464 0.035667 0.44962
0.61854 0.034245 0.44742
0.45054 0.038728 0.54551
0.45511 0.037796 0.56216
0.60302 0.033633 0.43678
0.4613 0.043402 0.54259
0.4509 0.040627 0.54191
0.46812 0.038334 0.57023
0.46175 0.042881 0.54359
0.44634 0.038167 0.53038
0.48105 0.038246 0.56609
0.47388 0.038063 0.58512
0.5028 0.037622 0.61454
0.49696 0.037691 0.58958
0.51252 0.037637 0.61102
0.49622 0.037401 0.66077
0.51115 0.037542 0.63189
0.50463 0.037317 0.66868
0.48803 0.03721 0.6922
0.48668 0.037121 0.7113
0.50121 0.037199 0.69448
0.50104 0.037102 0.71134
0.4869 0.037021 0.73024
0.47744 0.036943 0.75943
0.49564 0.036931 0.76807
0.48325 0.036881 0.80573
0.49721 0.036899 0.78279
0.49488 0.03688 0.80966
0.48119 0.036868 0.82441
0.48328 0.036847 0.84541
0.48972 0.036844 0.84225
0.48083 0.036847 0.86524
0.47876 0.036834 0.87943
0.49791 0.036827 0.87308
0.47868 0.037427 0.93174
0.49619 0.036908 0.90989
0.49423 0.037915 0.93636
0.4865 0.03852 0.94803
0.48657 0.033502 0.95482
0.49606 0.038419 0.94337
0.47347 0.040987 0.38904
0.58455 0.036111 0.37125
0.58922 0.033884 0.369
0.54114 0.034369 0.33667
0.56783 0.038608 0.35719
0.52075 0.03549 0.38059
0.40339 0.035787 0.36593
0.43819 0.035212 0.36975
0.49384 0.034788 0.37994
0.49986 0.038905 0.40312
0.48827 0.038111 0.40596
0.49181 0.034828 0.40071
0.51474 0.034155 0.37581
0.48569 0.03407 0.4059
0.55995 0.033826 0.34019
0.40802 0.037452 0.38641
0.57302 0.053653 0.39479
0.58779 0.033554 0.47134
0.53631 0.03651 0.34264
0.52921 0.034551 0.35103
0.54367 0.044678 0.34322
0.51474 0.066083 0.42109
0.54427 0.036475 0.38189
0.47565 0.040488 0.3828
0.48316 0.036938 0.38527
0.5194 0.049531 0.40998
0.46691 0.036832 0.37349
0.42597 0.054631 0.39723
0.47472 0.037103 0.37752
0.49847 0.043321 0.4107
0.58238 0.035702 0.37097
0.46696 0.049392 0.38828
0.55316 0.040545 0.33259
0.5853 0.03537 0.36051
0.5596 0.036481 0.34606
0.58796 0.034571 0.37273
0.60471 0.033944 0.47161
0.55144 0.033823 0.34398
0.564 0.035235 0.34767
0.53689 0.063005 0.41142
0.5989 0.034189 0.47165
0.46848 0.037235 0.3752
0.57221 0.033832 0.32654
0.50761 0.037223 0.046771
0.52562 0.03722 0.048963
0.52477 0.037228 0.059727
0.50725 0.037234 0.075657
0.50937 0.037256 0.094048
0.53008 0.03723 0.071442
0.52545 0.037251 0.094672
0.50868 0.03728 0.1156
0.51596 0.037289 0.12901
0.53067 0.037259 0.11869
0.52592 0.037271 0.12713
0.51529 0.037284 0.15231
0.51205 0.037292 0.16351
0.51969 0.037281 0.15098
0.51972 0.037335 0.1748
0.50882 0.037343 0.1802
0.51486 0.037355 0.19509
0.52924 0.037347 0.19154
0.51923 0.037359 0.19596
0.51746 0.037448 0.21912
0.50304 0.037454 0.22606
0.53236 0.037436 0.21631
0.53377 0.037465 0.22952
0.51173 0.037643 0.24741
0.51285 0.037747 0.25979
0.52575 0.037939 0.25047
0.52509 0.038115 0.25966
0.5124 0.037771 0.28935
0.53287 0.038178 0.26748
0.52946 0.037974 0.2734
0.51463 0.037889 0.30366
0.53503 0.038079 0.29665
0.56218 0.038066 0.28976
0.59886 0.037835 0.31549
0.52381 0.038183 0.31373
0.61692 0.036459 0.37063
0.63361 0.036414 0.41226
0.57777 0.039318 0.31221
0.61005 0.036954 0.3572
0.58356 0.038707 0.48927
0.56206 0.039077 0.30272
0.56377 0.038836 0.30227
0.63336 0.03941 0.45947
0.6315 0.035903 0.42255
0.61629 0.034574 0.38761
0.62674 0.036574 0.46565
0.53629 0.036383 0.38081
0.55308 0.033457 0.35187
0.56802 0.033567 0.49084
0.53799 0.03337 0.47291
0.52521 0.033481 0.35686
0.46789 0.033713 0.54003
0.52003 0.033341 0.42359
0.45315 0.033874 0.50877
0.47351 0.03834 0.55359
0.4666 0.049625 0.52767
0.46317 0.04427 0.51157
0.46675 0.043059 0.51816
0.48052 0.040029 0.5548
0.46916 0.041953 0.5242
0.46922 0.041095 0.517
0.48805 0.038353 0.55893
0.50481 0.037673 0.56888
0.47852 0.038405 0.52454
0.4946 0.036555 0.54491
0.51434 0.038048 0.58742
0.51788 0.037819 0.60329
0.52347 0.038138 0.58716
0.53893 0.03744 0.60898
0.51428 0.03738 0.64978
0.51416 0.037257 0.67157
0.52133 0.037232 0.67243
0.51112 0.037168 0.69066
0.51095 0.037101 0.70714
0.52538 0.037174 0.68152
0.5194 0.037084 0.70904
0.51538 0.037003 0.72973
0.50723 0.036933 0.75982
0.52537 0.036935 0.74442
0.52936 0.03692 0.76167
0.50825 0.036891 0.78405
0.51302 0.036874 0.79647
0.52332 0.036873 0.79008
0.52401 0.03687 0.80228
0.51254 0.036832 0.84002
0.53198 0.036825 0.8495
0.5117 0.036832 0.87041
0.51725 0.036821 0.8895
0.53143 0.036829 0.87033
0.53259 0.036823 0.89361
0.50607 0.036976 0.91818
0.52303 0.036863 0.91514
0.51159 0.033544 0.95502
0.53124 0.0394 0.95006
0.52948 0.033335 0.96012
0.52163 0.034626 0.35381
0.55809 0.033569 0.47894
0.54969 0.035834 0.35717
0.53981 0.034145 0.35819
0.5446 0.037106 0.49236
0.47825 0.038004 0.39593
0.62283 0.034971 0.41276
0.54341 0.035743 0.35955
0.54736 0.034652 0.42967
0.56491 0.033526 0.45675
0.59242 0.033497 0.46756
0.51648 0.033755 0.41694
0.41799 0.035098 0.43338
0.55445 0.033456 0.41904
0.45419 0.040714 0.53247
0.5686 0.041386 0.56565
0.5602 0.037987 0.4063
0.41288 0.033585 0.46136
0.53007 0.036493 0.3831
0.55854 0.037802 0.35208
0.53763 0.035169 0.35082
0.55123 0.034632 0.39581
0.57925 0.036342 0.36933
0.54852 0.035714 0.35289
0.53652 0.034631 0.45988
0.51879 0.03376 0.35431
0.57322 0.033495 0.45378
0.56792 0.034102 0.3966
0.56939 0.033934 0.48756
0.58436 0.033478 0.40384
0.47492 0.036666 0.45335
0.51478 0.036048 0.41951
0.54688 0.034857 0.45111
0.54461 0.035994 0.40054
0.56512 0.034945 0.35026
0.55496 0.034068 0.45414
0.54102 0.037225 0.056907
0.5626 0.037215 0.037097
0.55858 0.037221 0.067133
0.54399 0.037242 0.10031
0.55474 0.037222 0.076397
0.5558 0.037235 0.095977
0.54488 0.03725 0.11935
0.5482 0.037283 0.1379
0.55384 0.037243 0.11839
0.55319 0.037279 0.13791
0.5439 0.037277 0.14944
0.56278 0.037269 0.15058
0.55567 0.037285 0.16343
0.54624 0.037341 0.18864
0.56456 0.037331 0.18684
0.55043 0.037436 0.22183
0.54143 0.037651 0.23764
0.56657 0.037415 0.22007
0.56046 0.037794 0.24354
0.54458 0.038342 0.24897
0.55432 0.038179 0.24796
0.55892 0.038306 0.26435
0.5463 0.03844 0.26663
0.56205 0.038043 0.27579
0.57673 0.037929 0.28653
0.60859 0.037412 0.32819
0.61719 0.037712 0.31652
0.62075 0.037345 0.33846
0.62643 0.036977 0.38013
0.64057 0.0373 0.41328
0.64111 0.037256 0.39444
0.65305 0.037886 0.42515
0.63986 0.037526 0.43596
0.63577 0.039588 0.46018
0.64676 0.03849 0.45132
0.56751 0.040247 0.50319
0.51292 0.043014 0.35304
0.50848 0.042868 0.35301
0.54597 0.037744 0.37644
0.58371 0.038473 0.52143
0.52937 0.034719 0.48025
0.52906 0.033987 0.4416
0.5701 0.033537 0.55933
0.58657 0.034482 0.54931
0.4993 0.06289 0.50747
0.49088 0.038853 0.47446
0.465 0.06782 0.53994
0.49655 0.03739 0.42602
0.49401 0.048594 0.47181
0.46295 0.068055 0.54084
0.48525 0.039989 0.47215
0.46085 0.060123 0.53625
0.46025 0.040895 0.50205
0.46769 0.040198 0.49852
0.45811 0.03733 0.48702
0.47416 0.038957 0.50264
0.51092 0.0371 0.55934
0.4738 0.039897 0.47997
0.52962 0.038096 0.58451
0.54582 0.037194 0.62159
0.54862 0.038583 0.59438
0.54974 0.037194 0.62251
0.53394 0.037272 0.64768
0.53442 0.037191 0.67399
0.54896 0.037262 0.6375
0.53441 0.037115 0.68948
0.54493 0.037051 0.70243
0.55427 0.036988 0.72347
0.53455 0.036969 0.73289
0.53905 0.036912 0.76439
0.55696 0.036894 0.74907
0.55831 0.036892 0.77116
0.54428 0.036882 0.77957
0.54073 0.036857 0.81105
0.55048 0.036873 0.783
0.55225 0.036849 0.80696
0.53866 0.036825 0.83505
0.55105 0.036826 0.83373
0.55805 0.036819 0.85357
0.54153 0.03681 0.88479
0.55511 0.036808 0.87783
0.56225 0.036815 0.88763
0.54638 0.036853 0.9139
0.53882 0.038211 0.93893
0.5572 0.036906 0.91786
0.5551 0.03826 0.93903
0.54547 0.039373 0.95019
0.54903 0.033334 0.96182
0.56317 0.039339 0.94753
0.55499 0.033401 0.95677
0.50507 0.033805 0.44029
0.50516 0.034676 0.50452
0.57497 0.037212 0.046499
0.58516 0.037211 0.041522
0.59299 0.037214 0.066386
0.57142 0.037233 0.10337
0.58736 0.037216 0.078149
0.59357 0.037227 0.10208
0.57075 0.03724 0.12134
0.57498 0.037265 0.1382
0.59233 0.03723 0.11428
0.58525 0.037247 0.12788
0.58034 0.037266 0.15803
0.5965 0.037254 0.14938
0.59107 0.037293 0.16956
0.5779 0.037325 0.19124
0.57159 0.037362 0.20197
0.58609 0.037324 0.19408
0.59546 0.037336 0.20162
0.57365 0.037512 0.24043
0.59119 0.037407 0.2318
0.57381 0.037845 0.25885
0.56873 0.037956 0.26895
0.60004 0.037476 0.25442
0.59033 0.037641 0.27496
0.58 0.037694 0.27851
0.60081 0.037952 0.28325
0.6151 0.038313 0.28915
0.61977 0.037794 0.31523
0.62786 0.037819 0.33156
0.62726 0.038207 0.30612
0.63212 0.037764 0.33133
0.64484 0.037752 0.38922
0.6533 0.037413 0.45208
0.58925 0.037787 0.49884
0.57169 0.039314 0.50471
0.54424 0.038483 0.4818
0.56107 0.040166 0.5198
0.55653 0.040256 0.52205
0.62488 0.03849 0.50607
0.62795 0.038755 0.49975
0.60495 0.03825 0.51668
0.52744 0.039004 0.46987
0.5273 0.039536 0.5015
0.52323 0.038084 0.46447
0.54422 0.040366 0.54028
0.53809 0.038854 0.42744
0.52591 0.040566 0.523
0.54109 0.039989 0.42885
0.56765 0.035589 0.55605
0.5697 0.050328 0.56857
0.52882 0.037275 0.54413
0.56053 0.060406 0.5679
0.50752 0.055977 0.5253
0.49303 0.044251 0.47891
0.53525 0.066616 0.55623
0.47147 0.042328 0.42735
0.49205 0.036632 0.50908
0.49375 0.045112 0.48205
0.53863 0.040551 0.57255
0.45688 0.037188 0.51729
0.45886 0.038874 0.52461
0.51948 0.036748 0.55561
0.47261 0.038889 0.47143
0.55257 0.039616 0.59108
0.54034 0.039447 0.57727
0.55945 0.039402 0.59175
0.56934 0.03821 0.60619
0.57468 0.038338 0.60655
0.57249 0.037859 0.62631
0.55794 0.037141 0.67047
0.57302 0.037131 0.67013
0.55968 0.037088 0.68832
0.57917 0.036971 0.70524
0.57786 0.036947 0.72777
0.56356 0.036882 0.7592
0.5836 0.036867 0.77328
0.57186 0.036871 0.77722
0.5716 0.036831 0.79955
0.5839 0.036826 0.79517
0.57384 0.036828 0.83075
0.5921 0.036819 0.83299
0.5706 0.036818 0.86557
0.59269 0.036824 0.89456
0.57052 0.036884 0.9149
0.58898 0.036859 0.91142
0.57185 0.038937 0.95145
0.57419 0.03352 0.95534
0.58504 0.03911 0.94694
0.58125 0.033333 0.96391
0.60829 0.037207 0.046638
0.61044 0.03721 0.065307
0.62826 0.037204 0.043606
0.63008 0.037206 0.055934
0.61359 0.037209 0.080249
0.60208 0.037223 0.094053
0.62986 0.037207 0.084867
0.62498 0.037217 0.091885
0.60925 0.037226 0.12076
0.60764 0.037248 0.13862
0.62051 0.037221 0.11291
0.62645 0.037238 0.13438
0.60191 0.037251 0.14401
0.61219 0.037292 0.17509
0.62611 0.037239 0.14562
0.6262 0.037256 0.16188
0.60515 0.037301 0.1888
0.61122 0.037322 0.20328
0.62412 0.037287 0.18184
0.61222 0.037349 0.22909
0.60873 0.037402 0.24542
0.62356 0.03737 0.23206
0.63069 0.037494 0.24093
0.60535 0.037594 0.26488
0.63267 0.037518 0.2525
0.63309 0.037691 0.25816
0.62649 0.038361 0.2763
0.63756 0.037983 0.32959
0.6324 0.038328 0.29292
0.64616 0.037648 0.36443
0.65531 0.037654 0.39137
0.66624 0.037419 0.43344
0.59176 0.03849 0.50702
0.62648 0.038504 0.49521
0.63115 0.037672 0.48206
0.63819 0.038209 0.48371
0.56162 0.039843 0.52696
0.5605 0.039632 0.52813
0.52152 0.038921 0.49238
0.53418 0.040491 0.52983
0.52139 0.038908 0.50416
0.5303 0.039716 0.52372
0.52985 0.03817 0.4344
0.55126 0.042184 0.54422
0.51356 0.036692 0.44344
0.51406 0.039562 0.52087
0.58514 0.040172 0.57018
0.51746 0.040166 0.5258
0.6136 0.035389 0.54949
0.55293 0.064648 0.56694
0.44926 0.035566 0.42785
0.55751 0.059716 0.56873
0.50381 0.056525 0.5206
0.51661 0.048172 0.42318
0.52856 0.044118 0.41866
0.56861 0.039665 0.58974
0.58967 0.038228 0.59649
0.57273 0.038132 0.59591
0.57866 0.037996 0.60517
0.58819 0.037808 0.62672
0.58751 0.038011 0.63558
0.57755 0.0375 0.64841
0.58588 0.037054 0.67157
0.60584 0.036952 0.68343
0.59009 0.036984 0.69776
0.58619 0.036937 0.71494
0.60191 0.036917 0.70753
0.60281 0.036893 0.71758
0.5962 0.036856 0.75116
0.5988 0.036846 0.75932
0.61171 0.03684 0.75337
0.61565 0.036828 0.76283
0.59493 0.036846 0.78022
0.60054 0.036819 0.81697
0.61919 0.036819 0.78658
0.62604 0.036799 0.81562
0.60177 0.036824 0.82588
0.59829 0.036806 0.84392
0.61998 0.036808 0.83223
0.61872 0.036802 0.8491
0.60599 0.036818 0.86453
0.6011 0.036811 0.88946
0.61552 0.036817 0.875
0.62598 0.036813 0.88725
0.60402 0.036819 0.9113
0.60304 0.037167 0.9317
0.61627 0.037025 0.93306
0.60314 0.037521 0.94823
0.61844 0.037262 0.942
0.62764 0.033333 0.96476
0.63732 0.037202 0.048376
0.652 0.037201 0.03887
0.65388 0.037203 0.067022
0.64418 0.037204 0.083934
0.63792 0.037216 0.10216
0.66153 0.037201 0.077561
0.66436 0.037205 0.090151
0.6534 0.037215 0.11697
0.64426 0.037273 0.17168
0.65522 0.037227 0.15137
0.65596 0.037264 0.17035
0.63906 0.03728 0.18175
0.63858 0.037312 0.2065
0.65408 0.037271 0.18745
0.64987 0.037283 0.19507
0.63751 0.037318 0.21418
0.64494 0.037708 0.23074
0.65857 0.037297 0.21291
0.6616 0.037725 0.2289
0.65173 0.038193 0.24496
0.65064 0.037968 0.2557
0.65892 0.038002 0.25727
0.63753 0.037869 0.27528
0.63979 0.037894 0.28937
0.66005 0.037405 0.27517
0.6514 0.037375 0.285
0.64956 0.037695 0.32049
0.66135 0.037578 0.34179
0.65109 0.037645 0.36636
0.66834 0.037676 0.40416
0.66322 0.03759 0.35241
0.67391 0.037607 0.37799
0.65482 0.038089 0.47295
0.67271 0.037649 0.44477
0.59521 0.038951 0.52821
0.65783 0.038077 0.48
0.64822 0.038359 0.49767
0.55321 0.039677 0.53452
0.65081 0.038186 0.50782
0.65818 0.038112 0.49131
0.51777 0.042379 0.51999
0.50772 0.042439 0.48319
0.5287 0.043556 0.53679
0.51588 0.041862 0.52065
0.51872 0.040695 0.52722
0.56848 0.037696 0.55087
0.55306 0.040783 0.55375
0.61783 0.036022 0.54077
0.57634 0.044423 0.57334
0.55914 0.052807 0.57411
0.50436 0.051003 0.51748
0.44646 0.035311 0.45627
0.50059 0.046499 0.50427
0.57444 0.040703 0.58781
0.49881 0.045377 0.49746
0.59496 0.038359 0.59402
0.61056 0.037131 0.61457
0.62973 0.037091 0.6158
0.60781 0.037172 0.64557
0.60952 0.037002 0.63412
0.61455 0.036991 0.64291
0.61395 0.03692 0.6635
0.6165 0.036904 0.6883
0.62819 0.03685 0.67841
0.64136 0.036845 0.69814
0.62237 0.036874 0.70411
0.61968 0.03686 0.72463
0.63763 0.036841 0.71611
0.63607 0.036823 0.72694
0.62164 0.036834 0.75299
0.63375 0.036798 0.77026
0.63867 0.036816 0.75054
0.64347 0.036784 0.7766
0.63667 0.036796 0.79163
0.63631 0.036791 0.81673
0.65422 0.036776 0.79803
0.65891 0.03677 0.82089
0.63878 0.036796 0.82587
0.63981 0.036788 0.84585
0.64964 0.03679 0.83264
0.65678 0.036797 0.85795
0.64499 0.036806 0.87832
0.64493 0.03682 0.88786
0.65182 0.036807 0.88001
0.65996 0.036827 0.89492
0.64108 0.036864 0.91132
0.634 0.037579 0.93425
0.65936 0.036844 0.90614
0.65488 0.037338 0.92563
0.63317 0.038193 0.94633
0.63857 0.033384 0.95619
0.65131 0.038788 0.94575
0.65848 0.033351 0.95749
0.67924 0.037199 0.045958
0.6814 0.0372 0.05322
0.69811 0.037195 0.04116
0.68917 0.037198 0.061236
0.69672 0.037196 0.074979
0.69512 0.037199 0.096811
0.66863 0.037208 0.10822
0.66873 0.037219 0.13144
0.67197 0.037219 0.14993
0.67394 0.037245 0.16756
0.6771 0.037243 0.17998
0.69033 0.037227 0.18424
0.67606 0.03728 0.21735
0.66764 0.037585 0.22868
0.69184 0.037255 0.2247
0.6843 0.037336 0.23833
0.67291 0.03799 0.24852
0.68233 0.037427 0.25893
0.68805 0.037286 0.26694
0.67159 0.037355 0.29628
0.69007 0.03731 0.29207
0.68244 0.037316 0.2986
0.67299 0.037439 0.33528
0.69171 0.037314 0.32395
0.69181 0.037332 0.33009
0.68301 0.037408 0.34849
0.68061 0.037441 0.36255
0.69218 0.037414 0.35634
0.69184 0.037469 0.37069
0.68432 0.037546 0.39182
0.68386 0.03759 0.41315
0.69776 0.037494 0.39448
0.69824 0.037546 0.40767
0.68754 0.03775 0.43543
0.67902 0.037729 0.46491
0.69586 0.037657 0.43274
0.69936 0.037544 0.45556
0.66305 0.03758 0.50818
0.69091 0.03747 0.48533
0.54904 0.043611 0.55013
0.54969 0.04406 0.55201
0.66305 0.037513 0.5218
0.65448 0.037533 0.53009
0.61788 0.036552 0.53498
0.63239 0.036217 0.54497
0.65526 0.03703 0.5495
0.63396 0.036326 0.56174
0.58407 0.041927 0.57769
0.64876 0.037168 0.56415
0.62812 0.037312 0.57751
0.53723 0.044029 0.56212
0.61574 0.038128 0.57978
0.63557 0.037986 0.58634
0.57295 0.042941 0.58305
0.62492 0.037626 0.58978
0.65061 0.037196 0.60527
0.6402 0.036994 0.61816
0.64354 0.03691 0.62968
0.64932 0.03703 0.61278
0.65836 0.036943 0.63261
0.64012 0.036928 0.66199
0.65914 0.036811 0.6615
0.65313 0.036857 0.68586
0.6472 0.036845 0.69777
0.65679 0.036853 0.67677
0.65855 0.036797 0.72642
0.65398 0.036799 0.74263
0.67466 0.036788 0.7196
0.68231 0.03675 0.74517
0.65929 0.036788 0.75341
0.66554 0.036754 0.77643
0.67836 0.036754 0.75515
0.6776 0.036737 0.78691
0.66393 0.036765 0.79371
0.67791 0.03674 0.79344
0.6839 0.036735 0.8207
0.67835 0.036778 0.84356
0.69227 0.036875 0.83608
0.68607 0.03684 0.86124
0.67812 0.03681 0.86806
0.68935 0.036889 0.86647
0.68742 0.036825 0.89624
0.67454 0.036838 0.91361
0.6637 0.038014 0.93897
0.68366 0.037758 0.9385
0.67406 0.038472 0.94834
0.67611 0.033333 0.96421
0.69011 0.033335 0.95975
0.70808 0.037193 0.037737
0.70699 0.037195 0.056502
0.72399 0.037191 0.043237
0.72658 0.037192 0.062915
0.70953 0.037194 0.079675
0.72745 0.03719 0.078826
0.70979 0.037195 0.10654
0.70608 0.037204 0.1337
0.72527 0.037188 0.11829
0.72899 0.037192 0.13452
0.70344 0.037214 0.16723
0.73079 0.037191 0.15507
0.7284 0.037197 0.16835
0.70394 0.037216 0.1865
0.70145 0.037238 0.20453
0.7202 0.037203 0.17817
0.72936 0.037203 0.19755
0.70323 0.037239 0.21221
0.70187 0.037249 0.23144
0.71859 0.037218 0.22118
0.70803 0.03725 0.25981
0.72812 0.037214 0.26652
0.71199 0.03726 0.28307
0.71512 0.037249 0.30252
0.70428 0.037295 0.31662
0.7143 0.037257 0.33602
0.73761 0.037163 0.31335
0.72262 0.03722 0.33646
0.71561 0.037248 0.34264
0.71523 0.037263 0.36829
0.72766 0.037207 0.34222
0.73096 0.037211 0.3678
0.71669 0.037269 0.39226
0.70771 0.037387 0.40608
0.72443 0.037232 0.3825
0.72012 0.037274 0.41146
0.70934 0.037373 0.43724
0.72898 0.037252 0.42162
0.71806 0.037332 0.44531
0.7076 0.037409 0.46611
0.6901 0.037293 0.50494
0.72131 0.037276 0.46851
0.71205 0.037276 0.49005
0.68897 0.037307 0.51414
0.67644 0.037394 0.52876
0.69994 0.037275 0.50608
0.70003 0.037267 0.52299
0.69545 0.037283 0.53632
0.69923 0.037303 0.54459
0.66363 0.037369 0.57062
0.69351 0.037148 0.56308
0.68837 0.037099 0.57763
0.65756 0.037509 0.59183
0.68606 0.037069 0.58561
0.67868 0.037132 0.59198
0.67136 0.036979 0.61123
0.6742 0.037102 0.60047
0.70381 0.037556 0.61386
0.67691 0.036868 0.62349
0.68483 0.036886 0.629
0.69616 0.037173 0.6203
0.69929 0.03691 0.63636
0.68505 0.036821 0.65829
0.68125 0.036825 0.66732
0.69634 0.03681 0.64966
0.70167 0.036794 0.66646
0.69223 0.036787 0.68964
0.68224 0.03679 0.70275
0.69954 0.036763 0.70089
0.68998 0.03677 0.72295
0.69173 0.036739 0.73979
0.71191 0.03673 0.72383
0.71107 0.036693 0.7456
0.70028 0.036697 0.76376
0.6935 0.036692 0.78083
0.71338 0.036659 0.76495
0.70684 0.036663 0.811
0.69978 0.036792 0.82462
0.71835 0.036622 0.79733
0.71078 0.037285 0.8415
0.70383 0.037289 0.85608
0.71514 0.037435 0.84332
0.70651 0.036911 0.87882
0.70084 0.036839 0.88521
0.71525 0.037293 0.8665
0.72657 0.036838 0.8986
0.69807 0.036838 0.91413
0.70912 0.037129 0.92528
0.72535 0.036834 0.91011
0.70492 0.033334 0.9613
0.72714 0.038039 0.94629
0.73828 0.03719 0.044254
0.74101 0.03719 0.059055
0.7613 0.037186 0.060349
0.75591 0.037184 0.080133
0.7535 0.037185 0.095035
0.76423 0.037181 0.10942
0.75384 0.037185 0.12394
0.74136 0.037186 0.15422
0.73733 0.037191 0.16044
0.75515 0.037182 0.1414
0.76301 0.037175 0.16612
0.7384 0.03719 0.18081
0.74383 0.037187 0.20543
0.75459 0.037172 0.18786
0.75283 0.037173 0.20359
0.74726 0.037176 0.21771
0.74059 0.037198 0.24352
0.7588 0.037169 0.23765
0.73963 0.037197 0.25724
0.76276 0.037163 0.24884
0.74839 0.037301 0.28285
0.73957 0.037209 0.29514
0.76511 0.037674 0.28907
0.74678 0.037184 0.32921
0.76413 0.037773 0.3063
0.76271 0.037271 0.32547
0.74098 0.03717 0.34316
0.7379 0.037186 0.37436
0.7555 0.037136 0.35123
0.75777 0.037153 0.36576
0.74673 0.037133 0.39227
0.74276 0.03716 0.40199
0.76147 0.037119 0.38861
0.75336 0.037134 0.4046
0.74006 0.037185 0.41913
0.7356 0.037182 0.44989
0.75851 0.037134 0.42769
0.73121 0.037208 0.46453
0.72637 0.037215 0.48586
0.75236 0.037139 0.45987
0.75461 0.037118 0.47028
0.73408 0.037154 0.48963
0.71923 0.037205 0.51093
0.75414 0.037078 0.48868
0.74972 0.037067 0.49855
0.74446 0.037056 0.51914
0.73176 0.03704 0.5419
0.70914 0.037119 0.55808
0.70127 0.037087 0.57376
0.73311 0.037011 0.5508
0.73967 0.03697 0.5634
0.70941 0.037091 0.58658
0.72048 0.037302 0.59823
0.72715 0.037257 0.60241
0.71153 0.037521 0.61959
0.71257 0.036985 0.63491
0.7301 0.03708 0.62858
0.7177 0.036775 0.65458
0.71842 0.036793 0.67567
0.74002 0.03678 0.66891
0.72636 0.036753 0.69824
0.72671 0.036725 0.71959
0.72982 0.036677 0.74025
0.72724 0.036672 0.74495
0.74639 0.036629 0.75306
0.73819 0.03678 0.77203
0.73927 0.036836 0.78723
0.74425 0.036788 0.76953
0.73899 0.036685 0.80795
0.73656 0.03688 0.83259
0.74698 0.036843 0.79466
0.75129 0.036653 0.81651
0.72764 0.037295 0.85704
0.74489 0.036823 0.84459
0.73467 0.037014 0.86564
0.73454 0.03683 0.90108
0.74998 0.036807 0.87817
0.7505 0.036822 0.89581
0.74178 0.036825 0.9065
0.75791 0.03688 0.91528
0.75174 0.037518 0.93739
0.73317 0.037977 0.94554
0.73557 0.033335 0.95974
0.76244 0.033334 0.96211
0.77319 0.037186 0.044622
0.78187 0.037184 0.053672
0.79685 0.037184 0.048289
0.79985 0.037181 0.065073
0.77698 0.037182 0.07095
0.7916 0.037176 0.093906
0.78165 0.037175 0.11876
0.78056 0.037173 0.13528
0.79276 0.037173 0.11502
0.79646 0.03717 0.13007
0.78146 0.037168 0.15093
0.77845 0.037169 0.16508
0.78863 0.037167 0.14334
0.78957 0.037159 0.16974
0.77812 0.037161 0.18637
0.79807 0.037153 0.17618
0.78583 0.037148 0.20574
0.77663 0.037153 0.21795
0.77848 0.037149 0.2411
0.79251 0.037138 0.22248
0.78751 0.037138 0.23947
0.76944 0.037157 0.2516
0.77077 0.037549 0.28182
0.78628 0.037133 0.24975
0.78536 0.037177 0.26992
0.7862 0.037646 0.29206
0.77444 0.037806 0.31382
0.77589 0.037112 0.33505
0.79391 0.037462 0.31024
0.78627 0.037168 0.33219
0.77148 0.037119 0.35541
0.77055 0.037119 0.37335
0.78213 0.03708 0.34988
0.78081 0.037088 0.37087
0.77452 0.037063 0.39219
0.78164 0.037006 0.41086
0.79112 0.037041 0.3917
0.79818 0.037198 0.41029
0.78161 0.036995 0.42415
0.77509 0.037028 0.43755
0.79165 0.037043 0.42083
0.79353 0.037028 0.44045
0.7724 0.037025 0.45856
0.7893 0.036966 0.45961
0.78689 0.03696 0.46437
0.76448 0.037028 0.48404
0.76884 0.036976 0.49544
0.79149 0.036968 0.47965
0.79944 0.037151 0.49499
0.76939 0.036935 0.51655
0.78204 0.036933 0.5098
0.78427 0.036923 0.53116
0.74629 0.036933 0.56592
0.77688 0.036902 0.53814
0.77559 0.03688 0.56364
0.75241 0.036867 0.5816
0.74871 0.036856 0.59072
0.771 0.036862 0.57864
0.75791 0.036824 0.60268
0.76856 0.036812 0.6045
0.74586 0.036867 0.63135
0.74782 0.036807 0.64886
0.78036 0.036792 0.64084
0.77435 0.036779 0.65598
0.75258 0.036787 0.67101
0.75616 0.036774 0.67933
0.78161 0.036775 0.67028
0.78079 0.036771 0.67556
0.76359 0.036746 0.69958
0.75486 0.036713 0.72268
0.77303 0.036726 0.72485
0.76279 0.036704 0.73416
0.76614 0.036728 0.76145
0.78523 0.036743 0.73471
0.78375 0.03672 0.79025
0.75959 0.036722 0.8079
0.76705 0.036729 0.82696
0.77595 0.03675 0.80069
0.79014 0.036784 0.82912
0.76753 0.036784 0.8516
0.7796 0.036781 0.84087
0.77237 0.036819 0.87904
0.76702 0.036872 0.89956
0.79158 0.036896 0.89733
0.77553 0.037783 0.93934
0.7887 0.037079 0.92075
0.7813 0.035399 0.95231
0.77209 0.033333 0.9639
0.79075 0.038508 0.9475
0.79665 0.03334 0.95869
0.80461 0.037184 0.047509
0.80525 0.037183 0.055264
0.83174 0.03718 0.047647
0.83427 0.037179 0.053159
0.80446 0.037177 0.079544
0.80596 0.037174 0.095792
0.83061 0.037174 0.075055
0.82311 0.037171 0.092708
0.81124 0.037171 0.10873
0.80972 0.037169 0.12765
0.82189 0.037167 0.11176
0.82909 0.037161 0.12988
0.82902 0.037155 0.14577
0.8206 0.03714 0.1816
0.82021 0.037137 0.19401
0.8096 0.037132 0.21623
0.80178 0.037131 0.23316
0.83149 0.037114 0.2215
0.82733 0.037111 0.23205
0.80156 0.037122 0.24958
0.80336 0.037129 0.2704
0.82781 0.037086 0.26822
0.81115 0.037073 0.29143
0.80546 0.037177 0.29998
0.82999 0.037069 0.28767
0.82221 0.037067 0.30226
0.8122 0.037076 0.31167
0.80762 0.037081 0.33006
0.8249 0.037061 0.31301
0.81698 0.037046 0.34004
0.80226 0.037066 0.35707
0.80688 0.037046 0.36751
0.8166 0.03703 0.35969
0.8041 0.037139 0.39432
0.80979 0.037526 0.41111
0.82559 0.037199 0.39401
0.81225 0.037707 0.4194
0.80955 0.037294 0.43357
0.82194 0.037656 0.42612
0.80728 0.036949 0.45155
0.81703 0.037219 0.46704
0.82564 0.036952 0.44782
0.81439 0.037523 0.48143
0.8072 0.037321 0.49458
0.79721 0.037017 0.51052
0.80409 0.03689 0.51811
0.81757 0.036906 0.51672
0.79545 0.036873 0.55467
0.80664 0.036861 0.54926
0.794 0.036822 0.59736
0.81655 0.036833 0.57686
0.81087 0.036815 0.59484
0.79862 0.036801 0.614
0.80365 0.036981 0.63088
0.81344 0.036811 0.60935
0.80973 0.036993 0.62874
0.7997 0.037108 0.6443
0.8023 0.03722 0.64899
0.81209 0.037285 0.64018
0.8059 0.037196 0.65922
0.79359 0.036785 0.68857
0.8135 0.036943 0.67587
0.79706 0.036781 0.70127
0.81294 0.0368 0.70077
0.79471 0.036757 0.72995
0.79665 0.036754 0.75765
0.82487 0.036798 0.7359
0.82627 0.0368 0.75188
0.79313 0.03674 0.77154
0.79865 0.036759 0.79321
0.82538 0.036801 0.77611
0.81877 0.036796 0.7909
0.80253 0.036779 0.80332
0.82008 0.036829 0.82655
0.79843 0.036822 0.84718
0.80627 0.036846 0.8614
0.82638 0.036856 0.84388
0.82643 0.03687 0.86448
0.81111 0.036862 0.87531
0.80063 0.036895 0.89615
0.82383 0.036882 0.88514
0.80293 0.036951 0.91316
0.80289 0.037525 0.93012
0.81651 0.036947 0.91451
0.80403 0.038559 0.94498
0.81184 0.033333 0.96252
0.82499 0.035544 0.95213
0.81948 0.033333 0.96416
0.84556 0.037177 0.045255
0.84227 0.037177 0.055871
0.8656 0.03718 0.045379
0.8483 0.037171 0.081239
0.8519 0.037168 0.093994
0.8556 0.037173 0.076134
0.85738 0.037169 0.092135
0.85902 0.037162 0.11158
0.85832 0.037152 0.13622
0.84219 0.03715 0.15172
0.84926 0.037142 0.16448
0.86262 0.037146 0.14691
0.85615 0.037144 0.15748
0.83921 0.037131 0.18768
0.84157 0.037124 0.19887
0.86004 0.037122 0.18743
0.86832 0.03711 0.20281
0.85079 0.037106 0.21589
0.83709 0.037101 0.23753
0.86312 0.037103 0.21775
0.854 0.037089 0.23835
0.84781 0.037085 0.25264
0.8585 0.037076 0.253
0.86058 0.037067 0.26358
0.85682 0.037056 0.28238
0.8588 0.037043 0.30338
0.84177 0.037048 0.32377
0.83413 0.037043 0.33375
0.86119 0.03703 0.31589
0.85508 0.037026 0.32929
0.83733 0.037017 0.36558
0.85572 0.037007 0.35211
0.86396 0.036987 0.3711
0.83987 0.037077 0.39269
0.85028 0.036994 0.39016
0.85806 0.036983 0.40261
0.83835 0.03738 0.41982
0.84089 0.037127 0.4313
0.84608 0.037138 0.41618
0.85523 0.03691 0.44049
0.83473 0.036907 0.45256
0.83231 0.037405 0.47204
0.84894 0.036991 0.46085
0.85321 0.037455 0.47606
0.83538 0.037967 0.48499
0.83882 0.037832 0.49167
0.838 0.03726 0.50584
0.8423 0.036872 0.5264
0.85917 0.036921 0.51675
0.83642 0.036862 0.53749
0.83502 0.036845 0.55324
0.85618 0.036875 0.53827
0.85221 0.03685 0.55114
0.83591 0.036825 0.5732
0.82629 0.036826 0.59391
0.85277 0.036836 0.57133
0.84294 0.03682 0.5887
0.83515 0.036844 0.62067
0.84789 0.036825 0.60001
0.84019 0.036905 0.6308
0.83268 0.03717 0.65484
0.85236 0.03684 0.63725
0.84573 0.03688 0.65875
0.835 0.036938 0.67228
0.82692 0.036858 0.68059
0.84953 0.036836 0.66703
0.85557 0.036827 0.69293
0.83006 0.036817 0.7009
0.83965 0.036813 0.7207
0.84673 0.036821 0.69898
0.84995 0.036824 0.7243
0.83774 0.036816 0.73418
0.83597 0.036816 0.76181
0.85374 0.036838 0.7579
0.83305 0.036821 0.79359
0.85843 0.036849 0.76931
0.86375 0.036865 0.78948
0.83771 0.036846 0.81483
0.86254 0.036874 0.80465
0.85949 0.036882 0.82314
0.84093 0.036874 0.8445
0.8596 0.036894 0.84047
0.86121 0.036907 0.85935
0.84444 0.036896 0.87902
0.83998 0.036926 0.90152
0.86 0.036913 0.87311
0.8442 0.03705 0.92443
0.86529 0.036942 0.91011
0.85597 0.03706 0.92713
0.84908 0.037329 0.94081
0.84063 0.033334 0.96157
0.86463 0.037223 0.9399
0.86211 0.033333 0.96401
0.87367 0.037182 0.039354
0.87534 0.037179 0.062182
0.89115 0.037179 0.040175
0.89267 0.037179 0.052629
0.88517 0.037173 0.078262
0.88561 0.037168 0.09473
0.90098 0.037171 0.08038
0.89478 0.037169 0.088224
0.8849 0.037161 0.11233
0.88587 0.037151 0.13214
0.89462 0.037154 0.12279
0.87868 0.037145 0.14283
0.88654 0.037131 0.16383
0.8988 0.037147 0.15306
0.89372 0.037135 0.1677
0.88027 0.037109 0.1975
0.89822 0.037137 0.17549
0.9028 0.037121 0.19558
0.87499 0.037104 0.2109
0.88084 0.037096 0.22695
0.89557 0.037085 0.21771
0.8911 0.037081 0.22936
0.87227 0.037076 0.24513
0.87499 0.037043 0.28281
0.87694 0.03703 0.29841
0.9031 0.03706 0.27746
0.89428 0.037037 0.30052
0.87186 0.037016 0.32432
0.88249 0.037001 0.33234
0.89076 0.037019 0.31184
0.88917 0.037002 0.32889
0.87856 0.036992 0.35529
0.89657 0.036977 0.34909
0.90187 0.036962 0.36334
0.87814 0.036962 0.39111
0.86843 0.036967 0.39961
0.89528 0.036961 0.38293
0.89823 0.036954 0.40348
0.86909 0.036945 0.41858
0.87097 0.036913 0.43011
0.89894 0.036957 0.42218
0.89298 0.036931 0.42763
0.87772 0.036891 0.4492
0.88281 0.036887 0.45749
0.87243 0.037172 0.48383
0.87126 0.037125 0.49432
0.88077 0.03691 0.49293
0.86148 0.037248 0.50038
0.8731 0.036872 0.52624
0.88747 0.036855 0.50999
0.88977 0.036849 0.52183
0.86829 0.036883 0.53649
0.88847 0.036843 0.53327
0.89246 0.036835 0.54724
0.87185 0.036842 0.57058
0.868 0.036835 0.59417
0.88634 0.036839 0.57034
0.88144 0.036828 0.59466
0.86666 0.036838 0.60267
0.87321 0.036839 0.62864
0.88073 0.036829 0.60606
0.88036 0.03683 0.62366
0.87154 0.036846 0.64607
0.88267 0.036821 0.64415
0.88747 0.03683 0.65633
0.86447 0.036836 0.67052
0.8988 0.03687 0.69605
0.86767 0.036844 0.7088
0.87961 0.036858 0.72695
0.8953 0.036865 0.70194
0.89104 0.036865 0.72026
0.87211 0.036855 0.74194
0.87121 0.036862 0.76191
0.88859 0.036868 0.74049
0.90133 0.03688 0.76173
0.87448 0.036876 0.77808
0.87945 0.036891 0.79585
0.8926 0.036888 0.78667
0.87185 0.036892 0.81511
0.87889 0.036907 0.82499
0.89167 0.036903 0.80429
0.87838 0.036917 0.84175
0.88436 0.036935 0.86683
0.89811 0.036922 0.84156
0.88967 0.036931 0.86189
0.87782 0.036941 0.89539
0.89653 0.036941 0.8739
0.90137 0.036952 0.89515
0.88477 0.036941 0.90803
0.88752 0.037061 0.93346
0.90096 0.036965 0.91532
0.90656 0.037233 0.9359
0.87686 0.03721 0.94425
0.90922 0.033334 0.96196
0.91138 0.037184 0.037677
0.91861 0.037202 0.054943
0.92965 0.037535 0.039002
0.92115 0.037211 0.077098
0.90901 0.037167 0.093009
0.9348 0.037426 0.097911
0.91679 0.037154 0.11271
0.91552 0.037154 0.13483
0.92679 0.037259 0.10754
0.92943 0.037313 0.12372
0.91155 0.037155 0.14037
0.91481 0.037162 0.16488
0.92933 0.037582 0.14578
0.92132 0.037211 0.19434
0.93641 0.037934 0.17742
0.9389 0.037826 0.20235
0.92209 0.037154 0.21199
0.91948 0.037073 0.22989
0.93541 0.037556 0.21631
0.92675 0.037293 0.23431
0.91542 0.037077 0.25503
0.93608 0.037729 0.25181
0.92971 0.037488 0.26549
0.91516 0.037078 0.27959
0.93972 0.038123 0.28919
0.93887 0.038063 0.3031
0.91719 0.037015 0.33478
0.93147 0.037633 0.31135
0.92917 0.037393 0.33128
0.90819 0.036979 0.34627
0.91147 0.036961 0.37308
0.93563 0.037405 0.34681
0.92497 0.037141 0.36729
0.91065 0.036966 0.38359
0.91697 0.036994 0.40231
0.93491 0.038135 0.40616
0.93554 0.038284 0.41273
0.93999 0.038511 0.43449
0.90701 0.036938 0.45899
0.93663 0.038087 0.4391
0.90903 0.036935 0.48128
0.90597 0.03691 0.49492
0.93501 0.037977 0.47413
0.93179 0.037899 0.48601
0.91528 0.036957 0.50159
0.91678 0.036945 0.51912
0.93732 0.038229 0.50888
0.93498 0.037968 0.51522
0.92985 0.03742 0.53208
0.9289 0.037178 0.54902
0.91096 0.03686 0.59227
0.92444 0.037027 0.57052
0.92751 0.037025 0.59125
0.90596 0.036835 0.60207
0.90045 0.036824 0.61999
0.91979 0.036927 0.60279
0.92208 0.036939 0.6157
0.89971 0.036816 0.64163
0.93339 0.037104 0.64582
0.92329 0.036971 0.66183
0.91442 0.03692 0.68782
0.92615 0.037026 0.68159
0.9332 0.037465 0.69811
0.9161 0.036934 0.70483
0.92936 0.037507 0.70964
0.91479 0.036898 0.73925
0.91862 0.03696 0.75829
0.92708 0.037454 0.73578
0.92559 0.037173 0.76309
0.91948 0.036942 0.77108
0.91812 0.036928 0.78892
0.9324 0.037197 0.77533
0.93314 0.03732 0.79758
0.90888 0.036927 0.81736
0.91704 0.036955 0.82449
0.92694 0.03721 0.80498
0.92421 0.03712 0.8288
0.91035 0.036929 0.84923
0.91185 0.036941 0.86732
0.92941 0.037214 0.83999
0.92601 0.03716 0.86779
0.91862 0.036982 0.87917
0.92676 0.037215 0.87834
0.9404 0.038003 0.89805
0.9179 0.037016 0.91637
0.92032 0.03742 0.93527
0.9334 0.037715 0.91684
0.94128 0.038911 0.93371
0.91914 0.037623 0.94539
0.92601 0.033334 0.9606
0.93269 0.038582 0.94513
0.93758 0.033334 0.9618
0.94367 0.038102 0.042391
0.94378 0.038053 0.055242
0.95661 0.033375 0.037346
0.95926 0.033337 0.061842
0.94084 0.037708 0.07625
0.9611 0.033334 0.090249
0.95003 0.037523 0.11133
0.96051 0.033334 0.13601
0.9509 0.038515 0.15263
0.94829 0.038871 0.16199
0.96009 0.033335 0.14872
0.95505 0.033597 0.16409
0.94325 0.038342 0.17721
0.95079 0.03809 0.20101
0.95765 0.033353 0.20244
0.94588 0.038052 0.21178
0.94589 0.038116 0.23643
0.96396 0.033333 0.2206
0.96223 0.033334 0.22818
0.9464 0.038296 0.25574
0.95106 0.038137 0.2614
0.96215 0.033334 0.24446
0.95563 0.033488 0.27238
0.94877 0.038649 0.28012
0.94627 0.038599 0.29665
0.96119 0.033334 0.28357
0.94718 0.038581 0.31014
0.94586 0.037944 0.33818
0.95741 0.033357 0.30925
0.96482 0.033333 0.33105
0.94903 0.037716 0.35178
0.94727 0.037944 0.36883
0.96003 0.033335 0.37148
0.94556 0.038353 0.38046
0.9524 0.037868 0.40657
0.96474 0.033333 0.38982
0.95581 0.03356 0.40531
0.95156 0.039661 0.41432
0.96437 0.033333 0.41598
0.95904 0.03334 0.43138
0.94687 0.038582 0.44716
0.9497 0.03854 0.45393
0.95665 0.033397 0.43733
0.96106 0.033334 0.45464
0.94466 0.038742 0.47402
0.96413 0.033333 0.47965
0.95744 0.033352 0.49298
0.95069 0.039511 0.50447
0.94779 0.039142 0.51636
0.95597 0.033438 0.50727
0.96113 0.033334 0.52033
0.9394 0.037467 0.54798
0.96468 0.033333 0.5315
0.95892 0.033335 0.55054
0.94224 0.037205 0.58876
0.93928 0.037125 0.60884
0.93995 0.037141 0.61828
0.95948 0.033334 0.62419
0.94431 0.037252 0.63653
0.96127 0.033334 0.63458
0.96362 0.033333 0.65846
0.9489 0.035935 0.67813
0.96009 0.033334 0.67627
0.96018 0.033334 0.69971
0.94624 0.038773 0.71548
0.94551 0.038774 0.72557
0.95678 0.033373 0.71769
0.95732 0.033357 0.72243
0.94843 0.038837 0.7531
0.95798 0.033347 0.74577
0.96111 0.033334 0.75349
0.94555 0.037443 0.77856
0.94568 0.037812 0.80165
0.95914 0.033336 0.78834
0.94446 0.037867 0.80679
0.95632 0.033377 0.81542
0.96028 0.033334 0.83457
0.94305 0.037581 0.85189
0.96525 0.033333 0.86479
0.94896 0.038549 0.89531
0.961 0.033334 0.87875
0.94751 0.03953 0.93164
0.95967 0.033337 0.91789
0.96527 0.033333 0.93057
0.94822 0.040442 0.9442
0.95038 0.033335 0.9605
0.96176 0.033334 0.94883
0.9583 0.033333 0.96378
