2635
1 1 1
0.034968 0.037671 0.044832
0.040965 0.037673 0.054146
0.062181 0.037675 0.035662
0.05824 0.037674 0.051377
0.046027 0.037676 0.068807
0.043496 0.037683 0.093062
0.059565 0.037681 0.080514
0.056027 0.037686 0.096719
0.03851 0.03769 0.11024
0.041166 0.037695 0.12015
0.063018 0.037691 0.10693
0.062374 0.03771 0.14246
0.040247 0.037735 0.18819
0.057819 0.03773 0.1781
0.060471 0.037741 0.19364
0.036091 0.037742 0.19851
0.040179 0.037761 0.22427
0.052794 0.037747 0.20352
0.055761 0.037757 0.2168
0.047361 0.037767 0.23325
0.04201 0.037782 0.25438
0.052301 0.037773 0.23957
0.060728 0.037784 0.25407
0.046785 0.03779 0.26619
0.045948 0.037801 0.28319
0.054917 0.037797 0.27512
0.062116 0.037803 0.28376
0.060805 0.037815 0.30475
0.056481 0.037823 0.31993
0.04458 0.037833 0.34132
0.060788 0.037836 0.34991
0.045581 0.037841 0.37149
0.044668 0.037844 0.38489
0.059464 0.037841 0.3693
0.05506 0.037846 0.39117
0.044037 0.037847 0.40182
0.037373 0.037849 0.4214
0.059198 0.037847 0.40467
0.053119 0.037851 0.4162
0.041969 0.037847 0.44467
0.057978 0.037847 0.44244
0.057229 0.037845 0.45873
0.041421 0.037844 0.47229
0.043213 0.037841 0.48719
0.051324 0.037847 0.47202
0.056774 0.03784 0.4909
0.038175 0.037836 0.50725
0.037886 0.037831 0.52861
0.053658 0.037837 0.50928
0.057797 0.037828 0.52769
0.044815 0.037828 0.54023
0.042601 0.03782 0.56615
0.059704 0.037824 0.53875
0.058437 0.037819 0.55966
0.036913 0.037816 0.57747
0.035822 0.037808 0.60013
0.050755 0.037819 0.57604
0.052635 0.03781 0.59638
0.043198 0.037806 0.60497
0.036148 0.037793 0.63236
0.0507 0.037805 0.61107
0.056535 0.037797 0.62392
0.050883 0.037783 0.6518
0.052813 0.037776 0.66376
0.047047 0.037769 0.67558
0.051938 0.037771 0.67378
0.057357 0.037761 0.69144
0.035924 0.037736 0.73265
0.059047 0.037747 0.71593
0.051106 0.037741 0.72536
0.043185 0.037724 0.74897
0.036958 0.037711 0.76452
0.058242 0.037726 0.74577
0.051505 0.037713 0.76264
0.040625 0.037702 0.77506
0.037147 0.03768 0.80136
0.057577 0.037696 0.78355
0.055726 0.037687 0.79329
0.03964 0.037657 0.82803
0.052449 0.037668 0.8161
0.057989 0.037654 0.83348
0.037981 0.037643 0.84505
0.035004 0.037624 0.86389
0.053393 0.037648 0.83941
0.055768 0.037628 0.86187
0.035556 0.037613 0.87367
0.044982 0.037614 0.89513
0.057762 0.037607 0.88112
0.05624 0.037607 0.89134
0.041785 0.037643 0.91475
0.03689 0.033897 0.95709
0.057353 0.037972 0.94656
0.059616 0.034388 0.95521
0.078867 0.037679 0.045224
0.074767 0.03768 0.05956
0.077689 0.037687 0.08805
0.093737 0.037688 0.073711
0.091054 0.037691 0.087968
0.070825 0.037692 0.10604
0.071775 0.037704 0.12877
0.084569 0.037696 0.10845
0.088641 0.037704 0.12181
0.069264 0.03771 0.13962
0.08864 0.037712 0.13588
0.091763 0.037724 0.15716
0.071118 0.03773 0.17519
0.067148 0.03774 0.19004
0.093037 0.037735 0.17478
0.093368 0.037745 0.1899
0.076061 0.037753 0.20484
0.074625 0.037765 0.2217
0.087216 0.037759 0.20979
0.095081 0.037769 0.22526
0.068428 0.037777 0.24281
0.07087 0.037782 0.24918
0.083737 0.03778 0.24322
0.087901 0.037785 0.25132
0.074351 0.037797 0.27194
0.073313 0.037807 0.28932
0.093063 0.037798 0.27173
0.066596 0.037816 0.30601
0.06681 0.037825 0.32514
0.090088 0.037815 0.30426
0.087891 0.037824 0.32552
0.069383 0.037832 0.34429
0.08689 0.03783 0.33998
0.085599 0.037835 0.355
0.073744 0.037841 0.37828
0.088495 0.037837 0.37145
0.091973 0.037835 0.38335
0.067518 0.037845 0.40999
0.07138 0.037843 0.42335
0.09028 0.037836 0.41225
0.083738 0.037845 0.41886
0.067447 0.037843 0.44554
0.081358 0.037842 0.43745
0.082672 0.03784 0.45658
0.072182 0.037835 0.47456
0.076157 0.03783 0.48519
0.087533 0.037829 0.48054
0.086804 0.037826 0.4915
0.067502 0.037829 0.50303
0.083093 0.037819 0.52021
0.075274 0.037812 0.53695
0.070416 0.037807 0.56517
0.080494 0.037803 0.56288
0.072199 0.037804 0.57134
0.067997 0.037799 0.60003
0.083431 0.037804 0.57166
0.086107 0.037794 0.59542
0.072803 0.037787 0.6298
0.087745 0.037786 0.61306
0.092669 0.037776 0.62248
0.07166 0.037782 0.64286
0.090758 0.037766 0.66608
0.067212 0.037765 0.68254
0.084375 0.037768 0.67506
0.087452 0.037757 0.69469
0.074998 0.037748 0.71246
0.06666 0.037735 0.73337
0.089298 0.037739 0.72513
0.070055 0.037726 0.74603
0.074959 0.037717 0.75837
0.0866 0.037729 0.74223
0.083803 0.037714 0.76319
0.070502 0.037705 0.7743
0.072214 0.037683 0.80022
0.092834 0.037697 0.78599
0.071657 0.037669 0.8172
0.0794 0.037663 0.82471
0.091825 0.037679 0.80814
0.089167 0.037657 0.83377
0.074056 0.037647 0.84374
0.074041 0.03763 0.86334
0.089208 0.037629 0.86731
0.076264 0.037609 0.88461
0.087873 0.037621 0.87566
0.084735 0.037606 0.89241
0.070849 0.037609 0.91205
0.075965 0.037705 0.93335
0.088468 0.0376 0.90501
0.070018 0.037802 0.94073
0.084883 0.037758 0.94873
0.11 0.037686 0.039023
0.10542 0.037688 0.057363
0.12589 0.037693 0.03787
0.12138 0.037692 0.052186
0.10221 0.03769 0.068345
0.10649 0.037699 0.094239
0.12341 0.037706 0.09636
0.10485 0.037704 0.11015
0.11278 0.037715 0.12838
0.12423 0.037714 0.11796
0.10657 0.037719 0.14081
0.10156 0.037726 0.15546
0.12525 0.037733 0.15522
0.10636 0.037736 0.17226
0.10495 0.037745 0.18693
0.12597 0.037739 0.16616
0.11704 0.037752 0.19289
0.11084 0.037764 0.21597
0.11585 0.037756 0.20011
0.11462 0.037771 0.22627
0.10358 0.037776 0.23759
0.09848 0.037787 0.25539
0.11814 0.037777 0.23657
0.10386 0.037796 0.27288
0.10335 0.037802 0.28563
0.11712 0.037799 0.27633
0.12478 0.037797 0.28274
0.10359 0.037808 0.30324
0.10394 0.037815 0.32579
0.12391 0.037803 0.30837
0.11281 0.037811 0.31736
0.10082 0.037818 0.33366
0.10166 0.037822 0.35845
0.11176 0.037816 0.35327
0.096186 0.037828 0.36557
0.11219 0.037817 0.36989
0.11792 0.037817 0.39401
0.099379 0.037824 0.39886
0.099278 0.037819 0.42607
0.10974 0.037804 0.42637
0.095734 0.037823 0.43852
0.096708 0.037819 0.45052
0.1105 0.037801 0.44526
0.11231 0.037799 0.45783
0.096156 0.037814 0.47139
0.10418 0.037793 0.48811
0.11348 0.037794 0.47298
0.11925 0.037788 0.49029
0.10067 0.037794 0.50422
0.096439 0.037795 0.52593
0.11654 0.037777 0.5264
0.10223 0.037783 0.53859
0.098016 0.037785 0.56009
0.11856 0.037771 0.54404
0.096206 0.037782 0.5828
0.098381 0.037775 0.5958
0.11544 0.037763 0.57665
0.11697 0.037758 0.60162
0.10622 0.037758 0.61731
0.10641 0.037756 0.62721
0.12266 0.037743 0.63253
0.10369 0.037757 0.64623
0.10342 0.037755 0.65924
0.11647 0.037751 0.64093
0.1137 0.037747 0.66803
0.10245 0.037751 0.68459
0.11912 0.037744 0.68447
0.10538 0.037731 0.72989
0.12382 0.03773 0.70842
0.12529 0.037721 0.73589
0.099977 0.037726 0.74079
0.10405 0.037715 0.75727
0.11828 0.037709 0.7657
0.10567 0.037703 0.77656
0.1261 0.0377 0.78081
0.11618 0.037692 0.79283
0.10785 0.037661 0.83165
0.11631 0.037683 0.80681
0.11983 0.03766 0.83581
0.10925 0.037653 0.84162
0.1249 0.037654 0.84516
0.12491 0.037643 0.85885
0.10806 0.037624 0.87853
0.1119 0.037614 0.89525
0.12804 0.037622 0.88561
0.12182 0.037614 0.90028
0.10306 0.037602 0.91242
0.12133 0.037608 0.91496
0.11988 0.037678 0.92824
0.10465 0.037746 0.94068
0.12994 0.03788 0.94825
0.12854 0.033368 0.96476
0.141 0.037702 0.039753
0.15629 0.03771 0.035252
0.15788 0.037711 0.053193
0.13359 0.037704 0.076042
0.1387 0.037712 0.095077
0.15155 0.037712 0.071701
0.15569 0.037719 0.090081
0.13821 0.037714 0.10605
0.13969 0.037719 0.1173
0.15015 0.037721 0.11053
0.15432 0.037725 0.116
0.13288 0.037727 0.13721
0.1335 0.037738 0.15871
0.15776 0.037743 0.15196
0.13178 0.037746 0.17741
0.15528 0.03775 0.17148
0.1538 0.037756 0.18301
0.13365 0.037761 0.20437
0.13892 0.03777 0.22402
0.15593 0.037763 0.20512
0.13196 0.037775 0.23674
0.14115 0.037779 0.25185
0.14743 0.037773 0.22946
0.15402 0.037779 0.25754
0.13362 0.037785 0.26628
0.1325 0.037792 0.28828
0.15115 0.037782 0.26552
0.14741 0.037788 0.28458
0.13949 0.037788 0.30205
0.12773 0.037801 0.31334
0.15237 0.037786 0.29573
0.14417 0.037788 0.31938
0.12956 0.037802 0.34198
0.138 0.037792 0.34864
0.1485 0.037789 0.32988
0.13455 0.037791 0.37346
0.1292 0.037798 0.38253
0.15089 0.037783 0.37608
0.12603 0.037798 0.42179
0.13925 0.037777 0.42551
0.13312 0.037775 0.44133
0.12698 0.037781 0.45518
0.14465 0.037764 0.44419
0.14315 0.037757 0.45411
0.12787 0.037773 0.47095
0.12641 0.03777 0.4877
0.1452 0.037751 0.4737
0.13527 0.037727 0.51119
0.13471 0.037721 0.52538
0.15164 0.037716 0.50305
0.12886 0.037734 0.54661
0.13533 0.037709 0.56849
0.14245 0.037694 0.55117
0.15185 0.037699 0.55591
0.13628 0.037704 0.58465
0.13148 0.037721 0.59719
0.15122 0.03769 0.58487
0.15005 0.037695 0.59697
0.13086 0.037726 0.61413
0.13355 0.037723 0.63153
0.15193 0.037699 0.61911
0.14731 0.037707 0.6291
0.1369 0.03772 0.66288
0.15563 0.037695 0.64833
0.14624 0.037712 0.66434
0.13445 0.037724 0.67599
0.14027 0.037716 0.69659
0.14446 0.037714 0.67992
0.14688 0.037714 0.70424
0.12924 0.037726 0.70762
0.14032 0.037713 0.7356
0.1512 0.037714 0.71077
0.14697 0.037712 0.73554
0.14038 0.037711 0.75111
0.13444 0.037704 0.76844
0.15244 0.03771 0.74218
0.15606 0.037703 0.75875
0.1375 0.037689 0.79552
0.15046 0.037699 0.77905
0.15208 0.037687 0.80146
0.14293 0.037682 0.80956
0.14063 0.037668 0.83082
0.16092 0.03768 0.81746
0.15364 0.03767 0.83139
0.13905 0.037655 0.85003
0.14572 0.037644 0.8653
0.15831 0.037661 0.84916
0.15865 0.037647 0.86477
0.13612 0.037629 0.87955
0.15574 0.037628 0.88409
0.15459 0.03763 0.90106
0.13477 0.037611 0.91213
0.14005 0.03774 0.93164
0.15699 0.037644 0.91455
0.15485 0.037746 0.92879
0.1366 0.035065 0.95388
0.15876 0.03792 0.94339
0.15865 0.033432 0.96197
0.16985 0.037716 0.044739
0.17661 0.037722 0.060928
0.18586 0.037724 0.045403
0.18486 0.037725 0.054883
0.16943 0.037722 0.075941
0.17303 0.037728 0.09143
0.18827 0.037733 0.077344
0.18783 0.037737 0.09237
0.16831 0.037729 0.10527
0.17212 0.037738 0.12783
0.18243 0.037737 0.10653
0.18914 0.037743 0.11695
0.17051 0.037741 0.13964
0.17691 0.037747 0.15266
0.18506 0.037747 0.14391
0.18925 0.037751 0.14896
0.17566 0.037758 0.19163
0.18762 0.037756 0.17033
0.18274 0.037761 0.18685
0.17092 0.037765 0.22452
0.18372 0.037762 0.19934
0.18239 0.037766 0.21749
0.16839 0.037768 0.2369
0.17003 0.037769 0.25488
0.18185 0.037768 0.24629
0.18254 0.037761 0.26752
0.17773 0.037762 0.28595
0.16065 0.037775 0.29473
0.16622 0.037766 0.31178
0.1794 0.037757 0.30557
0.18126 0.03775 0.32232
0.1586 0.037768 0.33977
0.16102 0.03776 0.34674
0.17489 0.03774 0.33448
0.17751 0.037736 0.34418
0.16613 0.037738 0.36994
0.17557 0.037724 0.37276
0.17222 0.037713 0.39046
0.16213 0.037721 0.42641
0.18 0.037708 0.40278
0.18055 0.037698 0.42254
0.16236 0.037709 0.43968
0.1637 0.037689 0.45484
0.17723 0.037681 0.43665
0.17188 0.037654 0.46152
0.16099 0.037685 0.48881
0.17391 0.037637 0.48016
0.17713 0.03763 0.48841
0.16022 0.037678 0.50432
0.1603 0.037664 0.53207
0.17935 0.037638 0.51091
0.17699 0.037624 0.53279
0.16052 0.03766 0.54706
0.17264 0.037617 0.56473
0.16827 0.037625 0.58141
0.15915 0.037665 0.594
0.18102 0.037605 0.58745
0.17511 0.037608 0.59927
0.16802 0.037632 0.61054
0.16196 0.037666 0.63181
0.17585 0.037608 0.60876
0.17573 0.037619 0.62768
0.16223 0.037676 0.65042
0.16424 0.037674 0.66042
0.18692 0.037636 0.65495
0.18743 0.03764 0.66657
0.16445 0.037682 0.67843
0.16359 0.037689 0.69434
0.17695 0.037656 0.6764
0.18002 0.037667 0.69642
0.16988 0.037691 0.72167
0.16681 0.037696 0.73337
0.17978 0.037676 0.70948
0.18064 0.037688 0.73848
0.17335 0.037693 0.75284
0.16675 0.037695 0.7604
0.18192 0.037692 0.75237
0.16655 0.037688 0.79538
0.1863 0.037687 0.77572
0.18617 0.037684 0.80221
0.17194 0.037682 0.8102
0.185 0.037681 0.81823
0.18691 0.037673 0.83303
0.17698 0.037667 0.84319
0.16838 0.037654 0.85955
0.18598 0.037667 0.85028
0.18424 0.03766 0.8573
0.1669 0.037634 0.87883
0.16721 0.037642 0.89539
0.19219 0.037646 0.87405
0.19176 0.03765 0.89376
0.17006 0.037842 0.93269
0.18486 0.037909 0.93393
0.17997 0.0346 0.95497
0.18669 0.038003 0.94166
0.19211 0.033901 0.95734
0.20028 0.037734 0.044129
0.20844 0.037741 0.058062
0.22181 0.037747 0.034941
0.21987 0.037747 0.05582
0.20709 0.037741 0.068017
0.20371 0.037743 0.087496
0.22423 0.037751 0.06999
0.22064 0.037752 0.091978
0.20915 0.037747 0.099298
0.20285 0.03775 0.12496
0.22565 0.037755 0.099654
0.21725 0.037755 0.11937
0.20153 0.037752 0.13991
0.19654 0.037756 0.17092
0.20628 0.03776 0.1864
0.22279 0.037754 0.1692
0.22491 0.037754 0.17986
0.20126 0.037759 0.19702
0.21847 0.037755 0.19622
0.2054 0.037745 0.23408
0.21902 0.037742 0.2284
0.21537 0.037742 0.2519
0.19744 0.037735 0.26917
0.1925 0.037741 0.2776
0.2154 0.03773 0.2625
0.20822 0.037713 0.28105
0.1994 0.037708 0.30213
0.1966 0.037707 0.32222
0.20571 0.037685 0.31038
0.19018 0.037725 0.32832
0.19377 0.037698 0.35158
0.20572 0.03768 0.3271
0.21407 0.037669 0.34402
0.19678 0.03768 0.36154
0.19362 0.03768 0.38036
0.20795 0.037667 0.35934
0.20107 0.037654 0.38722
0.19187 0.037675 0.40649
0.1998 0.037644 0.40312
0.19291 0.037653 0.43154
0.18622 0.037646 0.45856
0.20581 0.037617 0.43372
0.20764 0.037591 0.45296
0.19226 0.03761 0.47099
0.19573 0.037579 0.49207
0.1997 0.037567 0.47958
0.20417 0.037562 0.49331
0.1919 0.037632 0.51345
0.19424 0.037621 0.52714
0.19575 0.037597 0.54394
0.19687 0.037583 0.55804
0.20759 0.037505 0.55919
0.19471 0.03757 0.58753
0.19061 0.037591 0.59927
0.2117 0.037462 0.58594
0.21127 0.037475 0.59257
0.19099 0.037589 0.61183
0.1923 0.037603 0.63671
0.21639 0.037535 0.63693
0.19234 0.037615 0.65325
0.20156 0.037582 0.65983
0.21546 0.037543 0.64562
0.20193 0.037599 0.67819
0.19616 0.037636 0.70035
0.21298 0.037579 0.67968
0.21122 0.037608 0.70182
0.19508 0.037653 0.71422
0.19496 0.037663 0.73337
0.21164 0.03763 0.71628
0.21394 0.037631 0.72756
0.19893 0.037674 0.76534
0.21492 0.037659 0.75398
0.19847 0.03768 0.78689
0.2055 0.037675 0.79879
0.21592 0.037671 0.77828
0.20097 0.037672 0.83708
0.22326 0.037672 0.82182
0.22033 0.037672 0.83627
0.20171 0.037669 0.85128
0.20534 0.03766 0.86473
0.21893 0.037672 0.8427
0.22058 0.037665 0.86414
0.2046 0.037648 0.88016
0.20723 0.03765 0.89769
0.21721 0.037656 0.88198
0.22216 0.037649 0.90078
0.21168 0.037969 0.93239
0.22211 0.037659 0.91875
0.20086 0.038281 0.94944
0.2118 0.033403 0.9632
0.21917 0.038352 0.94613
0.21977 0.033741 0.95851
0.23228 0.037753 0.034947
0.23581 0.037756 0.060598
0.24948 0.037762 0.042169
0.25753 0.037767 0.055381
0.23746 0.037758 0.066567
0.23367 0.037759 0.082924
0.2533 0.037767 0.074298
0.25649 0.03777 0.083413
0.24276 0.037763 0.11601
0.25275 0.037766 0.098759
0.24798 0.037765 0.12244
0.23202 0.037759 0.14064
0.25114 0.037763 0.135
0.25666 0.037761 0.15089
0.23174 0.03775 0.17116
0.24134 0.037746 0.18559
0.24899 0.037749 0.17088
0.25461 0.037745 0.17999
0.23398 0.037733 0.2045
0.22687 0.037734 0.22229
0.25073 0.03773 0.19929
0.22579 0.037726 0.23703
0.23232 0.037712 0.24237
0.23325 0.037684 0.26522
0.23146 0.037671 0.28514
0.25188 0.037632 0.27361
0.24984 0.03761 0.29714
0.24571 0.037605 0.3119
0.22171 0.037645 0.34638
0.24058 0.037592 0.33301
0.2451 0.037595 0.34968
0.22416 0.037633 0.35809
0.23514 0.037577 0.3631
0.22993 0.037601 0.37889
0.21522 0.037652 0.40131
0.22439 0.037612 0.41566
0.23241 0.037589 0.39285
0.22106 0.037588 0.43163
0.22107 0.037559 0.4527
0.2372 0.037533 0.43488
0.23585 0.0375 0.45557
0.21694 0.037566 0.47859
0.23206 0.037538 0.47371
0.23961 0.037552 0.4886
0.23072 0.037464 0.50973
0.23621 0.037289 0.53521
0.22515 0.037449 0.55163
0.22152 0.037451 0.56993
0.23178 0.037432 0.59626
0.24073 0.037423 0.6042
0.23487 0.037438 0.61498
0.23057 0.037469 0.64017
0.24141 0.03737 0.61922
0.2457 0.037391 0.63559
0.22658 0.037503 0.65475
0.23464 0.037481 0.665
0.24495 0.037442 0.65666
0.2458 0.037465 0.67115
0.23417 0.037526 0.68804
0.25265 0.037507 0.69647
0.23382 0.03759 0.72396
0.24536 0.037565 0.71487
0.24682 0.037583 0.73456
0.2333 0.037622 0.74759
0.23079 0.03764 0.76513
0.24781 0.037612 0.75342
0.25677 0.037617 0.77048
0.22827 0.037665 0.78512
0.23687 0.03766 0.79776
0.25247 0.03764 0.77978
0.23759 0.037665 0.81325
0.2553 0.037658 0.81517
0.24913 0.037663 0.83416
0.23928 0.037669 0.84964
0.23501 0.037667 0.86512
0.23371 0.037663 0.88329
0.23269 0.037653 0.89269
0.25512 0.03767 0.88184
0.24286 0.037653 0.91743
0.23366 0.037956 0.93373
0.24871 0.037658 0.9082
0.25731 0.037952 0.9355
0.24085 0.033438 0.96209
0.2526 0.038047 0.94048
0.27366 0.037775 0.055708
0.29377 0.037784 0.059998
0.27526 0.037776 0.078065
0.2684 0.037773 0.092426
0.29225 0.037782 0.072789
0.26928 0.03777 0.10681
0.28866 0.037776 0.10176
0.28369 0.03777 0.12008
0.26957 0.037762 0.13293
0.26661 0.037756 0.15309
0.29091 0.037758 0.13434
0.29214 0.037748 0.15373
0.26274 0.037745 0.16561
0.26772 0.037733 0.17805
0.2832 0.037714 0.18752
0.27034 0.037699 0.21015
0.28559 0.037701 0.19244
0.28294 0.037676 0.21678
0.26451 0.037637 0.25214
0.28316 0.037638 0.2307
0.28445 0.037617 0.24889
0.27837 0.037603 0.2566
0.25805 0.037578 0.29796
0.26047 0.037559 0.30679
0.28507 0.037512 0.30897
0.25533 0.037571 0.32626
0.25798 0.037578 0.34867
0.26918 0.0375 0.3312
0.27077 0.0375 0.34336
0.25523 0.037583 0.35496
0.25192 0.037507 0.37583
0.2692 0.037494 0.36373
0.24706 0.037507 0.39971
0.24425 0.037533 0.41677
0.26276 0.037419 0.40387
0.25805 0.037455 0.42142
0.24595 0.037477 0.45969
0.2578 0.037437 0.43062
0.27213 0.037481 0.44917
0.24495 0.03747 0.47415
0.25006 0.037385 0.49045
0.26701 0.037274 0.48194
0.25075 0.03717 0.51306
0.26198 0.037219 0.54077
0.25431 0.037331 0.54649
0.26347 0.03743 0.5803
0.26395 0.037486 0.56035
0.27917 0.03779 0.57648
0.2682 0.037444 0.58754
0.26064 0.037275 0.60995
0.27776 0.037533 0.59225
0.28085 0.037302 0.60248
0.26796 0.037219 0.61959
0.26468 0.037356 0.63627
0.28493 0.037205 0.62951
0.26519 0.037373 0.65405
0.26236 0.037403 0.67029
0.27916 0.037288 0.65301
0.28049 0.03734 0.67088
0.26156 0.037428 0.67888
0.26862 0.037444 0.70065
0.28619 0.037389 0.68099
0.27995 0.037435 0.70823
0.26565 0.037497 0.72217
0.26923 0.037498 0.7304
0.2874 0.037488 0.73494
0.27227 0.03757 0.75776
0.26871 0.037603 0.77419
0.2869 0.037546 0.751
0.26303 0.037626 0.78179
0.27158 0.037624 0.79988
0.28895 0.037598 0.78699
0.28527 0.037621 0.80425
0.28722 0.037645 0.82118
0.28024 0.037659 0.83611
0.27312 0.037668 0.85305
0.29149 0.037663 0.85086
0.28377 0.037667 0.86545
0.26767 0.037667 0.88623
0.2774 0.03767 0.89842
0.28886 0.037669 0.88582
0.28191 0.037672 0.89947
0.29322 0.037682 0.91488
0.29062 0.037857 0.93089
0.27371 0.038218 0.94903
0.27648 0.03402 0.95688
0.29331 0.037975 0.93989
0.28191 0.033479 0.96106
0.29992 0.037786 0.044934
0.30332 0.037788 0.057554
0.32629 0.037796 0.043804
0.32737 0.037796 0.057285
0.30168 0.037785 0.077948
0.30559 0.037788 0.085099
0.32208 0.037793 0.068695
0.31788 0.037787 0.091305
0.30344 0.037776 0.10522
0.30108 0.037767 0.12236
0.32595 0.037781 0.10034
0.31622 0.03777 0.11998
0.29945 0.03775 0.13992
0.3024 0.037749 0.15082
0.31916 0.037745 0.13843
0.31991 0.037741 0.14746
0.30013 0.037712 0.17113
0.3028 0.037692 0.18526
0.32009 0.037706 0.16531
0.3038 0.037635 0.21401
0.32437 0.037617 0.2003
0.32298 0.037601 0.20836
0.2946 0.037595 0.23389
0.30151 0.037552 0.24414
0.3119 0.037507 0.24915
0.29986 0.037543 0.25662
0.29357 0.037518 0.27792
0.31013 0.037497 0.25684
0.3163 0.037428 0.27356
0.29328 0.037484 0.29626
0.29272 0.037494 0.30498
0.31074 0.037404 0.29765
0.31098 0.0374 0.30472
0.29618 0.037524 0.32037
0.28384 0.037487 0.3443
0.30822 0.037472 0.32685
0.31457 0.037504 0.34164
0.28823 0.037482 0.34879
0.27501 0.037465 0.3784
0.29867 0.037473 0.3566
0.30005 0.037651 0.36919
0.27289 0.037384 0.40125
0.28075 0.037415 0.41205
0.28517 0.037559 0.39529
0.29154 0.037532 0.41522
0.28007 0.037337 0.43597
0.28144 0.037542 0.45337
0.29684 0.037445 0.43392
0.30547 0.03748 0.44642
0.28753 0.036982 0.47575
0.30248 0.036964 0.46516
0.29103 0.036935 0.48404
0.2813 0.037056 0.49788
0.27518 0.037038 0.52606
0.29212 0.037081 0.50054
0.2828 0.038369 0.55448
0.30448 0.03849 0.58226
0.29826 0.037629 0.59287
0.35763 0.037009 0.56076
0.30144 0.03714 0.61754
0.29714 0.037306 0.63238
0.31889 0.036953 0.62534
0.31288 0.037171 0.66298
0.31539 0.037232 0.67979
0.32086 0.037394 0.71156
0.32212 0.037389 0.72957
0.31487 0.037446 0.74045
0.29944 0.037507 0.74849
0.30619 0.037517 0.76808
0.31811 0.037462 0.75643
0.31617 0.037516 0.77339
0.30646 0.037573 0.78751
0.29893 0.037597 0.80055
0.3138 0.037566 0.79197
0.31434 0.037595 0.80793
0.29768 0.037626 0.81363
0.31688 0.037623 0.83464
0.30035 0.037656 0.84829
0.30702 0.037661 0.86557
0.29986 0.037669 0.88833
0.30767 0.03767 0.89607
0.31949 0.037669 0.87809
0.31791 0.037672 0.9025
0.30091 0.037682 0.91814
0.31034 0.037803 0.93372
0.3273 0.037677 0.91164
0.31829 0.037743 0.92777
0.30159 0.038027 0.94822
0.32072 0.037938 0.9459
0.33775 0.037799 0.040368
0.33674 0.037799 0.0548
0.36151 0.037806 0.040432
0.35082 0.037805 0.050657
0.33699 0.037795 0.071826
0.33634 0.037795 0.083733
0.35194 0.037797 0.081564
0.33811 0.03778 0.10166
0.33278 0.037771 0.11852
0.35274 0.037769 0.11747
0.33544 0.037744 0.13475
0.33947 0.037732 0.14669
0.35177 0.037735 0.13648
0.3584 0.037721 0.1448
0.33978 0.037692 0.16391
0.3397 0.037664 0.17444
0.34702 0.0377 0.15972
0.35195 0.037656 0.17424
0.33205 0.037627 0.1937
0.33041 0.037577 0.21373
0.34782 0.03761 0.19291
0.33779 0.03751 0.22694
0.33398 0.037436 0.25022
0.34844 0.037465 0.22964
0.35597 0.037394 0.24569
0.34081 0.037326 0.26775
0.33856 0.037296 0.27727
0.35563 0.037338 0.26618
0.34921 0.037257 0.27436
0.33109 0.037359 0.28984
0.33229 0.037348 0.31154
0.35003 0.03721 0.29309
0.34489 0.037169 0.31329
0.33732 0.037316 0.3181
0.32291 0.037478 0.33523
0.34245 0.037241 0.32652
0.34356 0.037561 0.35205
0.33448 0.038047 0.37364
0.30006 0.037987 0.38972
0.3024 0.037918 0.41407
0.31409 0.038262 0.38074
0.30992 0.037938 0.43274
0.31543 0.038649 0.42572
0.31612 0.036723 0.46587
0.30808 0.036409 0.49001
0.33109 0.035667 0.49007
0.30032 0.036904 0.50382
0.30188 0.036878 0.50692
0.30238 0.041067 0.55345
0.32714 0.038972 0.57559
0.30826 0.040174 0.56937
0.35451 0.039121 0.54531
0.37227 0.038216 0.54061
0.36019 0.036621 0.56927
0.34772 0.03673 0.58592
0.32435 0.036707 0.63313
0.35391 0.03634 0.58997
0.34086 0.036378 0.64354
0.33364 0.036971 0.66954
0.32357 0.037187 0.68194
0.34865 0.036826 0.66805
0.34558 0.037057 0.68156
0.32854 0.037351 0.70735
0.35047 0.037121 0.69149
0.35655 0.03723 0.71185
0.32733 0.037366 0.72355
0.33616 0.037332 0.73539
0.35381 0.037241 0.7234
0.34627 0.037349 0.74436
0.33496 0.037401 0.75091
0.33627 0.037484 0.7766
0.34926 0.037367 0.75562
0.35194 0.037427 0.77173
0.34992 0.037492 0.78829
0.35082 0.037542 0.80968
0.34219 0.037575 0.82231
0.3314 0.037596 0.82951
0.35186 0.037585 0.83351
0.34222 0.037639 0.85091
0.34017 0.037652 0.86725
0.35925 0.037614 0.84523
0.35864 0.037643 0.86835
0.33466 0.03767 0.88511
0.33816 0.03767 0.89868
0.35116 0.037661 0.89376
0.34339 0.037687 0.91556
0.33692 0.037866 0.93222
0.35112 0.037702 0.91859
0.35119 0.037869 0.92963
0.34318 0.038067 0.94245
0.33534 0.033586 0.95956
0.35795 0.03808 0.94228
0.35039 0.033401 0.9632
0.36841 0.037807 0.035019
0.37817 0.037809 0.054707
0.38714 0.03781 0.040449
0.38818 0.037804 0.068051
0.39177 0.037793 0.088452
0.36765 0.037779 0.10032
0.37788 0.037766 0.11247
0.39075 0.037773 0.10354
0.38536 0.037766 0.11183
0.36664 0.03772 0.13909
0.36772 0.037707 0.1521
0.39056 0.037725 0.13286
0.37416 0.037669 0.16187
0.36873 0.037639 0.1736
0.38928 0.037602 0.18447
0.36939 0.037593 0.19205
0.37258 0.037499 0.2084
0.38445 0.037541 0.19742
0.38422 0.037487 0.20698
0.3679 0.037388 0.23376
0.36564 0.037359 0.24561
0.39162 0.037395 0.22625
0.38878 0.037272 0.24997
0.36531 0.037326 0.26271
0.36817 0.037141 0.28755
0.38928 0.03722 0.26827
0.38003 0.037084 0.28457
0.379 0.037373 0.31454
0.38797 0.037087 0.3003
0.38826 0.037362 0.31333
0.36827 0.037154 0.32271
0.37261 0.036961 0.33911
0.34643 0.037675 0.36177
0.38561 0.036946 0.34765
0.34046 0.038597 0.38322
0.34991 0.038128 0.3799
0.33267 0.039415 0.39135
0.32736 0.039805 0.4302
0.34417 0.040115 0.43978
0.32221 0.039961 0.41472
0.35404 0.040521 0.44077
0.35318 0.037665 0.45911
0.34844 0.035756 0.49279
0.30421 0.037987 0.52773
0.30658 0.040829 0.56275
0.30892 0.037743 0.52666
0.31061 0.040804 0.56405
0.35911 0.040434 0.53447
0.36774 0.040045 0.53065
0.38969 0.038301 0.54701
0.36482 0.036206 0.58242
0.39915 0.037952 0.55648
0.35316 0.036521 0.62713
0.34613 0.036387 0.64376
0.35039 0.036549 0.65384
0.36416 0.036604 0.65003
0.38794 0.03672 0.64833
0.36116 0.036853 0.66969
0.36824 0.037048 0.68362
0.41468 0.036445 0.61131
0.41148 0.036469 0.63418
0.36792 0.037155 0.69306
0.39446 0.036804 0.6711
0.39014 0.036966 0.69769
0.37839 0.037213 0.73766
0.39495 0.037 0.71446
0.38708 0.037194 0.73748
0.37434 0.037299 0.75991
0.36508 0.037363 0.76642
0.38235 0.037265 0.75614
0.37673 0.037422 0.78955
0.37384 0.037495 0.80779
0.38342 0.037398 0.78433
0.37318 0.037532 0.81755
0.36692 0.037586 0.83874
0.37014 0.037609 0.84655
0.36902 0.037628 0.86366
0.38442 0.0376 0.84704
0.38622 0.037631 0.87148
0.37183 0.037656 0.88279
0.36744 0.037669 0.90133
0.38952 0.037673 0.90487
0.37148 0.037693 0.91541
0.37844 0.037902 0.93345
0.38498 0.037694 0.91487
0.39211 0.037923 0.93589
0.37557 0.038079 0.94511
0.36974 0.034333 0.95582
0.38858 0.038065 0.94573
0.39484 0.034083 0.95651
0.41235 0.037815 0.036389
0.41801 0.037815 0.040751
0.41898 0.03781 0.061704
0.40233 0.0378 0.077013
0.42418 0.037805 0.069778
0.42916 0.037793 0.089112
0.41167 0.037773 0.10166
0.40175 0.037763 0.1125
0.41912 0.037776 0.099423
0.4185 0.037755 0.11903
0.40808 0.037708 0.13724
0.4027 0.037686 0.15313
0.42306 0.037691 0.14422
0.40602 0.037646 0.16175
0.40447 0.037588 0.18206
0.41714 0.037611 0.16749
0.41932 0.037585 0.17409
0.40843 0.037424 0.21766
0.42069 0.037487 0.19729
0.42573 0.037437 0.20427
0.3952 0.037339 0.23201
0.40678 0.037213 0.252
0.42486 0.03739 0.22342
0.40581 0.037147 0.2702
0.40233 0.0371 0.27917
0.42102 0.036949 0.28958
0.40901 0.037051 0.3116
0.40069 0.037162 0.31917
0.41851 0.036949 0.30097
0.41533 0.037017 0.32434
0.40166 0.037034 0.3283
0.40628 0.03691 0.33499
0.42861 0.036144 0.34835
0.41867 0.036604 0.34674
0.39319 0.036729 0.3624
0.43217 0.036062 0.37292
0.36051 0.037117 0.37278
0.34489 0.039753 0.39511
0.3969 0.036254 0.37872
0.37257 0.036171 0.37657
0.3279 0.040801 0.4065
0.34014 0.041294 0.42935
0.35645 0.038402 0.39281
0.37213 0.039708 0.44944
0.35165 0.035733 0.4946
0.36472 0.039297 0.43897
0.33528 0.03566 0.51644
0.32027 0.036666 0.52551
0.31208 0.041722 0.55341
0.31853 0.037172 0.53345
0.32141 0.040135 0.56174
0.39183 0.041766 0.53615
0.40337 0.037506 0.57317
0.35843 0.036826 0.62724
0.46471 0.038133 0.55637
0.40225 0.036722 0.61834
0.43558 0.037106 0.58337
0.46935 0.038191 0.55324
0.42528 0.036698 0.59582
0.41795 0.03643 0.63816
0.42529 0.036291 0.61143
0.42546 0.036362 0.65502
0.40448 0.036718 0.67475
0.40695 0.036836 0.68955
0.42723 0.036755 0.68115
0.42682 0.03688 0.70006
0.41006 0.037017 0.71805
0.40433 0.037132 0.73167
0.42298 0.037086 0.72973
0.4021 0.037269 0.76615
0.42121 0.037157 0.75363
0.41504 0.037271 0.77004
0.40633 0.03736 0.78755
0.39812 0.03746 0.80715
0.4238 0.037332 0.78937
0.42684 0.037418 0.80503
0.41077 0.037494 0.82565
0.428 0.037466 0.81795
0.41546 0.037513 0.83412
0.40124 0.037582 0.8481
0.42133 0.037613 0.86952
0.41014 0.037649 0.88764
0.40563 0.037668 0.90444
0.42534 0.037642 0.88814
0.42 0.037648 0.89651
0.40735 0.037684 0.91406
0.40542 0.037897 0.93531
0.4251 0.037842 0.93327
0.39991 0.038076 0.94806
0.41597 0.037969 0.94227
0.42606 0.033433 0.96201
0.43618 0.037817 0.04082
0.44206 0.037813 0.059068
0.4559 0.037818 0.044026
0.43604 0.037806 0.068423
0.43636 0.037797 0.087354
0.46385 0.037799 0.076387
0.45733 0.037788 0.090945
0.43254 0.037754 0.11354
0.4613 0.037774 0.097274
0.4433 0.037707 0.13205
0.43513 0.037688 0.14697
0.45229 0.037699 0.13383
0.46195 0.037683 0.14793
0.44358 0.037645 0.15993
0.43989 0.037566 0.17991
0.45871 0.037604 0.16643
0.45562 0.037551 0.18302
0.44253 0.037489 0.19443
0.4367 0.037426 0.20595
0.44974 0.037413 0.21318
0.43287 0.037377 0.22764
0.42842 0.037247 0.2429
0.44685 0.037393 0.22579
0.42993 0.037173 0.25452
0.42893 0.037039 0.27404
0.45148 0.037058 0.26225
0.4551 0.036856 0.27502
0.42534 0.036901 0.29645
0.43587 0.036653 0.30032
0.44313 0.036431 0.31031
0.43878 0.03591 0.35923
0.46265 0.036658 0.40733
0.43401 0.036682 0.31843
0.43145 0.036425 0.3362
0.4633 0.037898 0.42199
0.43583 0.036444 0.38399
0.43933 0.036284 0.34224
0.46759 0.038754 0.42422
0.45778 0.040077 0.4313
0.3677 0.035798 0.38308
0.3344 0.039625 0.40927
0.41676 0.035855 0.38072
0.40271 0.033899 0.39562
0.35386 0.039275 0.43183
0.36574 0.034643 0.48317
0.36423 0.033727 0.50961
0.32026 0.03698 0.54366
0.33722 0.038343 0.55393
0.32386 0.036219 0.54708
0.41835 0.035909 0.56961
0.36462 0.036316 0.60913
0.40466 0.037112 0.60181
0.37752 0.035858 0.62102
0.45945 0.037496 0.55713
0.46909 0.042012 0.53812
0.4682 0.043248 0.52703
0.44377 0.03602 0.59277
0.43119 0.036182 0.60631
0.45502 0.035497 0.62015
0.49317 0.035354 0.58485
0.43848 0.036287 0.65268
0.43728 0.03654 0.66264
0.48082 0.035357 0.60725
0.46343 0.035833 0.63018
0.4373 0.036782 0.6825
0.44411 0.036764 0.69368
0.45748 0.036644 0.68664
0.43935 0.036961 0.71494
0.44295 0.037028 0.73463
0.45204 0.03683 0.70921
0.45522 0.037011 0.7374
0.44472 0.037076 0.74751
0.43281 0.037238 0.77061
0.45628 0.037086 0.75314
0.45286 0.03721 0.7708
0.43693 0.037302 0.78663
0.43827 0.037425 0.80807
0.45112 0.037287 0.79022
0.46236 0.037403 0.80971
0.44035 0.03748 0.83117
0.45173 0.037447 0.82535
0.45164 0.037488 0.83432
0.44204 0.037555 0.84699
0.43519 0.037607 0.86937
0.46113 0.037554 0.84779
0.43766 0.037633 0.879
0.43838 0.037641 0.89825
0.45108 0.037626 0.88906
0.45884 0.037647 0.90208
0.44514 0.037682 0.92034
0.44515 0.037796 0.93178
0.45867 0.037697 0.921
0.45433 0.037833 0.93575
0.44225 0.037983 0.9501
0.46302 0.037942 0.94697
0.45879 0.033386 0.96374
0.39235 0.036232 0.43543
0.39584 0.034369 0.48777
0.34453 0.036852 0.54321
0.38871 0.034389 0.51987
0.481 0.037817 0.044938
0.4777 0.03781 0.061811
0.49602 0.037814 0.038537
0.48789 0.037811 0.059999
0.47022 0.037799 0.076818
0.47365 0.037793 0.088052
0.49206 0.037802 0.070125
0.49111 0.03779 0.088983
0.48078 0.037759 0.10461
0.47602 0.03775 0.11082
0.48541 0.03777 0.099183
0.49514 0.03775 0.11864
0.47402 0.037713 0.12959
0.49162 0.037682 0.14274
0.46851 0.037626 0.16233
0.47554 0.037575 0.17497
0.48597 0.037643 0.15834
0.4762 0.037527 0.19074
0.4722 0.037438 0.20724
0.48848 0.037546 0.18755
0.48803 0.037456 0.20372
0.46791 0.037374 0.22952
0.47422 0.037361 0.23467
0.48444 0.037421 0.21985
0.48996 0.037369 0.23105
0.46339 0.037116 0.26101
0.47637 0.037195 0.26423
0.48926 0.037245 0.25491
0.4933 0.037232 0.26884
0.47093 0.036666 0.29381
0.47421 0.036612 0.30411
0.4877 0.036749 0.30751
0.46099 0.036309 0.31562
0.46685 0.036436 0.32465
0.4963 0.036642 0.32521
0.50587 0.036907 0.33506
0.45938 0.036358 0.32666
0.46619 0.036449 0.33153
0.51211 0.037799 0.35778
0.45024 0.035749 0.35826
0.49426 0.036616 0.34762
0.5009 0.036145 0.35552
0.45335 0.036375 0.42126
0.43064 0.034157 0.3956
0.45905 0.034454 0.33828
0.46517 0.03376 0.34854
0.44359 0.033383 0.4332
0.45815 0.033336 0.48464
0.37857 0.033351 0.52409
0.37967 0.03415 0.61411
0.48148 0.03346 0.55207
0.46514 0.034172 0.58689
0.51894 0.033672 0.60985
0.49198 0.034593 0.62995
0.4564 0.034972 0.6029
0.49951 0.034864 0.55534
0.48423 0.035752 0.63068
0.48657 0.035933 0.64709
0.50454 0.03507 0.55816
0.5084 0.03552 0.59235
0.48515 0.036313 0.62313
0.48679 0.036209 0.66492
0.5068 0.035454 0.59416
0.48063 0.035703 0.61846
0.49356 0.036337 0.67215
0.46186 0.036629 0.6722
0.46562 0.036777 0.70363
0.47776 0.036627 0.6941
0.48964 0.036773 0.7085
0.4727 0.036998 0.73242
0.48999 0.036904 0.71966
0.49163 0.037047 0.74018
0.47384 0.037142 0.75387
0.4759 0.037228 0.76814
0.49297 0.03718 0.75756
0.49475 0.03722 0.76963
0.47818 0.037261 0.78246
0.46909 0.037357 0.80353
0.49143 0.037391 0.81076
0.47818 0.037502 0.83856
0.49382 0.03742 0.82172
0.49157 0.037516 0.84158
0.47629 0.03756 0.85251
0.47866 0.037587 0.86842
0.48572 0.037579 0.86605
0.47553 0.037625 0.88341
0.47286 0.037633 0.8939
0.49421 0.037623 0.8888
0.46909 0.03781 0.93288
0.49124 0.037699 0.91564
0.4867 0.037843 0.93499
0.47631 0.037927 0.94758
0.47634 0.034815 0.95453
0.48799 0.037909 0.94228
0.45678 0.034177 0.45583
0.44352 0.033911 0.51296
0.43334 0.033709 0.54233
0.49145 0.033598 0.52712
0.47703 0.034787 0.41482
0.50141 0.034361 0.39541
0.3776 0.035315 0.42298
0.41239 0.033747 0.48041
0.38435 0.033808 0.39835
0.40495 0.034951 0.44362
0.46453 0.03403 0.445
0.42598 0.033682 0.43242
0.48898 0.034076 0.38655
0.44356 0.03342 0.49568
0.44876 0.033523 0.52689
0.34641 0.037451 0.53772
0.46298 0.03693 0.5046
0.52179 0.033856 0.54292
0.4813 0.034045 0.535
0.49118 0.033593 0.51276
0.47416 0.035636 0.52666
0.46556 0.036422 0.49271
0.49769 0.034351 0.40618
0.44257 0.034363 0.45059
0.42163 0.034049 0.45598
0.47332 0.034892 0.47863
0.41921 0.033992 0.47423
0.44815 0.03801 0.46134
0.42808 0.033936 0.46831
0.46994 0.034426 0.46881
0.4817 0.033786 0.47236
0.40132 0.035652 0.53976
0.45365 0.036512 0.53959
0.42484 0.034239 0.5213
0.48596 0.034079 0.49241
0.43052 0.034006 0.54043
0.52048 0.033795 0.51582
0.48941 0.033456 0.48953
0.47803 0.033742 0.50695
0.46839 0.036158 0.49346
0.51259 0.03421 0.53856
0.43678 0.033872 0.47353
0.5121 0.033556 0.51139
0.50795 0.037811 0.044641
0.52628 0.037807 0.046602
0.52533 0.037807 0.055752
0.50717 0.037801 0.069059
0.5073 0.037796 0.084865
0.53075 0.037799 0.065585
0.52478 0.037793 0.08526
0.50251 0.037764 0.10148
0.51283 0.037749 0.11146
0.52876 0.037757 0.1039
0.52397 0.037748 0.11016
0.51588 0.037712 0.13123
0.51357 0.037687 0.14126
0.52026 0.037716 0.1299
0.52189 0.037682 0.15107
0.51116 0.037657 0.15674
0.51636 0.037586 0.16996
0.53124 0.037606 0.16676
0.52066 0.037587 0.17065
0.51615 0.037527 0.19295
0.50199 0.037476 0.20031
0.53103 0.037546 0.1896
0.53426 0.037474 0.20131
0.51306 0.037474 0.22
0.51087 0.037427 0.23272
0.52719 0.037464 0.22275
0.52326 0.037441 0.23528
0.50248 0.037193 0.26162
0.52988 0.037252 0.25023
0.52586 0.037189 0.25499
0.50302 0.037174 0.27423
0.51996 0.037149 0.282
0.54 0.036941 0.28228
0.54332 0.036561 0.30957
0.50773 0.037044 0.29678
0.54513 0.036787 0.33363
0.54895 0.037223 0.34218
0.51449 0.037229 0.33655
0.53683 0.037394 0.3402
0.55426 0.039097 0.35683
0.51841 0.037 0.32233
0.52052 0.036851 0.31967
0.5768 0.040019 0.3403
0.53353 0.036051 0.37686
0.5282 0.034665 0.37522
0.57111 0.036674 0.34531
0.52845 0.034452 0.40968
0.50228 0.033368 0.42801
0.54916 0.03352 0.42814
0.55041 0.033353 0.46629
0.50382 0.033371 0.4949
0.52521 0.033402 0.59676
0.59247 0.03334 0.53914
0.58865 0.033848 0.58535
0.50612 0.035134 0.63997
0.54003 0.037208 0.60781
0.55114 0.037602 0.61735
0.53946 0.036264 0.62064
0.50691 0.036812 0.65823
0.53153 0.035621 0.62156
0.53596 0.035853 0.63124
0.51027 0.036763 0.66739
0.5205 0.036715 0.67698
0.53532 0.036067 0.65216
0.5422 0.036212 0.66516
0.51243 0.036785 0.693
0.5048 0.036839 0.70517
0.52992 0.036682 0.68867
0.54004 0.036746 0.70237
0.50272 0.036991 0.73008
0.5092 0.037077 0.74367
0.52115 0.037091 0.74482
0.50738 0.037139 0.75617
0.50847 0.037196 0.76754
0.52857 0.037109 0.75018
0.52068 0.0372 0.76934
0.51518 0.037267 0.78358
0.50524 0.03737 0.8049
0.52806 0.037316 0.79386
0.53265 0.037399 0.80608
0.50688 0.037422 0.82264
0.51245 0.037448 0.83182
0.52459 0.037435 0.82698
0.52506 0.037478 0.836
0.51113 0.037573 0.86394
0.53296 0.037594 0.87028
0.50958 0.037624 0.88626
0.5154 0.037633 0.89998
0.53157 0.037624 0.88556
0.53234 0.037639 0.90244
0.5022 0.037727 0.92127
0.52126 0.037682 0.91843
0.50558 0.035079 0.95432
0.52866 0.038234 0.94839
0.52658 0.033603 0.9595
0.51987 0.033758 0.49286
0.52788 0.033502 0.51389
0.49837 0.034034 0.41694
0.5151 0.03359 0.46174
0.55453 0.035759 0.37903
0.46234 0.033849 0.45439
0.53602 0.034827 0.47606
0.51575 0.034077 0.43629
0.57654 0.03452 0.50292
0.53781 0.033468 0.52618
0.51994 0.033737 0.54378
0.53663 0.033554 0.55877
0.51785 0.035275 0.57019
0.57889 0.033452 0.52282
0.52624 0.035552 0.58029
0.6616 0.03632 0.56664
0.56725 0.037564 0.54794
0.51425 0.033552 0.57497
0.51325 0.034348 0.4042
0.49591 0.034537 0.42445
0.49724 0.033825 0.48309
0.48203 0.03358 0.44386
0.48956 0.034029 0.43702
0.5089 0.034031 0.43844
0.55622 0.03426 0.48819
0.53254 0.033484 0.45716
0.5463 0.033512 0.53546
0.52122 0.034274 0.55559
0.53191 0.033824 0.49884
0.52011 0.033872 0.55295
0.61748 0.036847 0.56443
0.5702 0.034803 0.56014
0.55617 0.034274 0.50519
0.47844 0.033714 0.45916
0.49266 0.03377 0.46292
0.54399 0.033739 0.51698
0.54209 0.037805 0.053153
0.56456 0.037799 0.036491
0.56032 0.037796 0.061655
0.54446 0.037781 0.089638
0.55631 0.037793 0.069416
0.55712 0.037785 0.085875
0.54479 0.037754 0.10477
0.54941 0.037748 0.1199
0.55454 0.037754 0.10419
0.55475 0.037746 0.12013
0.54545 0.037716 0.12969
0.56555 0.037713 0.13127
0.5584 0.037686 0.14189
0.5491 0.03762 0.16445
0.56816 0.037634 0.16279
0.55135 0.037512 0.19371
0.54376 0.037455 0.20852
0.56927 0.037525 0.19163
0.56374 0.037455 0.21379
0.5486 0.037429 0.22146
0.55917 0.037442 0.22008
0.57192 0.037331 0.24609
0.55042 0.037195 0.25923
0.5714 0.037167 0.26173
0.57082 0.037009 0.27029
0.55311 0.036639 0.3085
0.57943 0.036966 0.28736
0.57661 0.037038 0.29809
0.56443 0.037337 0.31987
0.56858 0.038414 0.3287
0.58621 0.038007 0.31566
0.5952 0.03853 0.33005
0.5585 0.038443 0.34218
0.58313 0.040264 0.33829
0.59057 0.039215 0.33571
0.57856 0.039189 0.35739
0.54366 0.037028 0.40667
0.54381 0.036887 0.41064
0.52614 0.034937 0.41715
0.5845 0.035821 0.41538
0.55828 0.034057 0.45101
0.58162 0.03395 0.48927
0.66785 0.033438 0.54269
0.70369 0.034502 0.53991
0.62903 0.039669 0.57401
0.62144 0.035515 0.61409
0.53476 0.039901 0.59618
0.58628 0.037201 0.55773
0.62214 0.037781 0.59813
0.53632 0.040009 0.59269
0.61132 0.036598 0.62193
0.54402 0.038905 0.5902
0.56285 0.037784 0.61413
0.55158 0.03642 0.63638
0.57349 0.036737 0.61248
0.55844 0.03641 0.64745
0.55536 0.036463 0.66925
0.57803 0.036955 0.63516
0.54836 0.036436 0.68413
0.55466 0.036807 0.70793
0.57165 0.036771 0.68259
0.56159 0.036821 0.70749
0.54069 0.037007 0.72649
0.54204 0.037098 0.74358
0.56475 0.036988 0.71644
0.54228 0.037123 0.75453
0.55611 0.037173 0.76294
0.56674 0.037284 0.77702
0.54034 0.037288 0.78525
0.54423 0.037415 0.80778
0.56718 0.037348 0.79521
0.56667 0.037449 0.81143
0.5496 0.037449 0.8189
0.54403 0.037525 0.8421
0.55663 0.037459 0.82112
0.55748 0.037515 0.8386
0.54096 0.03757 0.85967
0.55505 0.037573 0.85827
0.56211 0.037603 0.87255
0.54257 0.037625 0.89572
0.55792 0.03762 0.89034
0.56591 0.037632 0.89736
0.54781 0.037673 0.91633
0.53794 0.03797 0.93551
0.56031 0.037695 0.91917
0.55624 0.037944 0.93512
0.54457 0.038213 0.94785
0.54853 0.033482 0.96109
0.56432 0.038087 0.94525
0.55503 0.034598 0.95536
0.60222 0.03413 0.52486
0.63352 0.033675 0.53831
0.57734 0.037795 0.044422
0.58783 0.037791 0.040251
0.59607 0.037785 0.061337
0.57361 0.037771 0.092022
0.59031 0.037783 0.071125
0.59699 0.037767 0.091214
0.57298 0.037745 0.10681
0.57801 0.037737 0.12089
0.59576 0.037751 0.10143
0.5885 0.037739 0.11252
0.58434 0.037702 0.13789
0.60125 0.037713 0.13133
0.59605 0.037697 0.14808
0.5824 0.037616 0.16638
0.57534 0.037583 0.17579
0.59131 0.037608 0.16884
0.60171 0.037594 0.17545
0.57634 0.037468 0.20917
0.59701 0.037514 0.20064
0.58167 0.037494 0.22821
0.58141 0.037348 0.24491
0.60754 0.037494 0.22443
0.59913 0.03736 0.24384
0.58915 0.037314 0.25055
0.60026 0.037303 0.25808
0.60695 0.037254 0.27501
0.58615 0.037089 0.286
0.59849 0.037324 0.29985
0.61268 0.037252 0.29505
0.6116 0.037172 0.30603
0.60182 0.037766 0.32219
0.60954 0.037209 0.34613
0.60171 0.037205 0.36271
0.58773 0.038274 0.35886
0.55806 0.03643 0.40139
0.57857 0.03668 0.38843
0.57588 0.036363 0.41134
0.60914 0.036476 0.40793
0.61479 0.036869 0.39873
0.59953 0.036065 0.42103
0.56225 0.036813 0.46762
0.57325 0.0364 0.45062
0.56673 0.036594 0.47214
0.64299 0.036026 0.46417
0.58537 0.038224 0.50117
0.62487 0.036242 0.45948
0.58122 0.039214 0.49822
0.69051 0.034546 0.5302
0.67489 0.039506 0.57757
0.64602 0.034551 0.52117
0.67016 0.040577 0.58073
0.64129 0.042178 0.57895
0.62769 0.037542 0.61148
0.65514 0.042265 0.58563
0.56262 0.044159 0.54022
0.62986 0.037175 0.62759
0.63093 0.038088 0.61075
0.62826 0.037035 0.63929
0.58193 0.036186 0.59359
0.57422 0.036229 0.59568
0.61248 0.036322 0.6403
0.58236 0.036536 0.62904
0.58596 0.036944 0.66962
0.60748 0.036285 0.6483
0.59809 0.036756 0.66167
0.58864 0.036982 0.6819
0.59657 0.03697 0.67538
0.59622 0.036991 0.69843
0.57532 0.037097 0.73667
0.5944 0.037123 0.73198
0.57618 0.037165 0.75048
0.60067 0.037225 0.75936
0.59626 0.037329 0.7764
0.57411 0.037394 0.80185
0.59551 0.037468 0.81031
0.58175 0.037469 0.81458
0.57985 0.037496 0.83156
0.5937 0.037497 0.82709
0.58062 0.037574 0.85502
0.6003 0.037585 0.85552
0.57554 0.037624 0.8812
0.59932 0.03764 0.90266
0.57531 0.037672 0.91739
0.59529 0.037656 0.91554
0.57497 0.038103 0.95002
0.5781 0.034978 0.95436
0.59284 0.037955 0.94599
0.58692 0.033384 0.96374
0.61158 0.037782 0.044668
0.61403 0.037778 0.060595
0.63194 0.037773 0.042105
0.63391 0.037773 0.05263
0.61757 0.037771 0.073284
0.60584 0.037774 0.08469
0.63446 0.037762 0.077461
0.6295 0.037766 0.083386
0.61355 0.037741 0.10744
0.61247 0.037729 0.12256
0.62514 0.037747 0.10123
0.63189 0.037729 0.11982
0.60671 0.037721 0.12696
0.6191 0.037684 0.15374
0.63211 0.037713 0.12956
0.63336 0.037692 0.14353
0.61206 0.037636 0.16496
0.61965 0.037607 0.17712
0.63271 0.037661 0.16054
0.61953 0.037548 0.19789
0.61415 0.037511 0.21532
0.62941 0.037543 0.2017
0.63068 0.037525 0.21386
0.61385 0.037385 0.23871
0.63173 0.037446 0.23186
0.63572 0.037415 0.24154
0.6408 0.037406 0.2659
0.62793 0.037263 0.31225
0.63784 0.037383 0.29257
0.64157 0.037147 0.329
0.63343 0.037045 0.33911
0.63939 0.036948 0.36053
0.60198 0.036799 0.38006
0.62053 0.037029 0.39055
0.62551 0.036842 0.37152
0.63463 0.037133 0.38633
0.59075 0.036358 0.4374
0.59811 0.036393 0.43914
0.57947 0.036272 0.46357
0.62939 0.036294 0.45373
0.59459 0.036164 0.46112
0.61961 0.036213 0.45068
0.58715 0.038019 0.49492
0.65719 0.036868 0.46706
0.59599 0.037513 0.50169
0.63647 0.035337 0.51402
0.69469 0.037934 0.57757
0.63731 0.03558 0.51073
0.72078 0.036384 0.54477
0.66972 0.04103 0.58678
0.60102 0.039938 0.5572
0.67556 0.0403 0.58761
0.6402 0.041539 0.58188
0.56762 0.041932 0.54057
0.58091 0.039494 0.54563
0.6348 0.0369 0.64746
0.65069 0.037029 0.64964
0.61809 0.03634 0.65458
0.60898 0.036639 0.6644
0.63354 0.036836 0.68061
0.63684 0.037121 0.69071
0.61217 0.037024 0.7118
0.60898 0.037131 0.72996
0.63099 0.037225 0.73517
0.61366 0.03723 0.75115
0.60897 0.037274 0.76494
0.62804 0.037276 0.75527
0.62815 0.037306 0.76329
0.61347 0.037393 0.79173
0.61488 0.037419 0.79786
0.63014 0.037425 0.79121
0.63276 0.037452 0.79823
0.60742 0.037492 0.81453
0.61033 0.037567 0.8423
0.63331 0.037525 0.81657
0.6371 0.037573 0.8388
0.61097 0.037589 0.84924
0.60622 0.037596 0.86357
0.62928 0.0376 0.85281
0.62688 0.037608 0.86637
0.61346 0.037629 0.8794
0.60812 0.037636 0.89894
0.62277 0.037634 0.88739
0.63301 0.037636 0.89666
0.61088 0.037651 0.91634
0.61137 0.037756 0.93257
0.62363 0.037777 0.93398
0.61288 0.037887 0.94855
0.62578 0.037862 0.94244
0.63169 0.03337 0.96475
0.64118 0.037768 0.046172
0.65622 0.03776 0.038079
0.65828 0.037755 0.062276
0.64877 0.037756 0.076869
0.64285 0.03775 0.092639
0.66604 0.037747 0.071775
0.66897 0.037745 0.082862
0.65886 0.037731 0.10607
0.65274 0.037688 0.15356
0.66237 0.0377 0.13631
0.66437 0.037688 0.15328
0.64844 0.037662 0.1622
0.65087 0.037621 0.18481
0.66377 0.037647 0.16913
0.66044 0.03763 0.17589
0.65089 0.0376 0.19154
0.64888 0.03755 0.20751
0.67102 0.037603 0.19436
0.67099 0.03757 0.20979
0.64684 0.037489 0.22933
0.65504 0.037459 0.24891
0.66847 0.03746 0.25341
0.65142 0.037409 0.26682
0.65165 0.037378 0.28399
0.67686 0.037413 0.26696
0.66702 0.037362 0.27769
0.65576 0.037285 0.30596
0.67111 0.037311 0.32209
0.65005 0.037181 0.33332
0.65239 0.037061 0.35945
0.67253 0.037312 0.33174
0.67479 0.037169 0.3544
0.64775 0.037173 0.39168
0.65786 0.037059 0.38588
0.63134 0.036835 0.428
0.65375 0.037011 0.40996
0.64969 0.036921 0.42045
0.63241 0.036429 0.44112
0.67161 0.037069 0.44003
0.66411 0.036989 0.42765
0.6285 0.03651 0.492
0.61065 0.036575 0.49817
0.63954 0.036642 0.48984
0.63188 0.036159 0.50385
0.63702 0.035761 0.50842
0.71363 0.035919 0.51776
0.68587 0.035868 0.49185
0.72597 0.036508 0.52096
0.69605 0.038282 0.58736
0.68074 0.039312 0.60256
0.64368 0.040215 0.58648
0.60925 0.038022 0.57139
0.64288 0.038281 0.5926
0.65934 0.037256 0.63827
0.64091 0.03784 0.59748
0.66532 0.037213 0.64361
0.65703 0.037001 0.66224
0.67618 0.037245 0.66172
0.65225 0.037246 0.70013
0.65816 0.037064 0.68423
0.65909 0.037171 0.69591
0.64671 0.037162 0.71771
0.64441 0.037258 0.73522
0.66038 0.037223 0.72393
0.6712 0.037334 0.73682
0.6503 0.037304 0.74651
0.64496 0.037366 0.76554
0.66447 0.037368 0.75388
0.66121 0.037387 0.76403
0.64106 0.037447 0.78912
0.65098 0.037494 0.80098
0.65951 0.037472 0.78391
0.66004 0.037516 0.80464
0.651 0.037545 0.81806
0.64741 0.03758 0.83864
0.66779 0.037564 0.82095
0.6694 0.037592 0.83955
0.64896 0.0376 0.84591
0.6483 0.03761 0.8622
0.65898 0.037611 0.85043
0.6644 0.037621 0.87116
0.65228 0.037628 0.88843
0.65223 0.037636 0.89611
0.65909 0.037626 0.88948
0.66773 0.037635 0.90126
0.64845 0.037666 0.9148
0.64095 0.03783 0.93329
0.66749 0.037647 0.91011
0.66385 0.037767 0.92536
0.63989 0.037975 0.94577
0.64556 0.034385 0.9557
0.66134 0.038074 0.94429
0.6695 0.034093 0.95683
0.68357 0.037739 0.044522
0.68573 0.037738 0.050988
0.70222 0.037726 0.04029
0.69356 0.037732 0.058128
0.70138 0.037725 0.070336
0.70018 0.037723 0.089579
0.67391 0.037731 0.098823
0.67492 0.037717 0.1193
0.67911 0.037698 0.136
0.68192 0.037691 0.15197
0.68573 0.037667 0.16374
0.69884 0.037657 0.16837
0.68716 0.037601 0.19953
0.6785 0.037578 0.21025
0.70268 0.03759 0.20656
0.69568 0.037577 0.21903
0.685 0.037536 0.23269
0.69691 0.037522 0.23905
0.70349 0.037521 0.24406
0.69027 0.037389 0.28099
0.70738 0.037453 0.27105
0.69999 0.037408 0.27934
0.68619 0.037304 0.31654
0.70558 0.037366 0.30506
0.70507 0.037351 0.31153
0.69433 0.037264 0.33014
0.68814 0.037198 0.34379
0.70228 0.037286 0.33821
0.69874 0.037276 0.35216
0.6835 0.037132 0.36707
0.67799 0.037063 0.38032
0.70204 0.03725 0.37083
0.70187 0.037224 0.38075
0.68356 0.037145 0.39669
0.67586 0.036964 0.41521
0.69806 0.037167 0.39726
0.70877 0.037125 0.41309
0.69475 0.036945 0.45177
0.71107 0.03714 0.4334
0.67142 0.03674 0.47773
0.67642 0.036731 0.4827
0.70862 0.037048 0.46755
0.71182 0.037128 0.47869
0.70876 0.0363 0.49027
0.73003 0.036742 0.52345
0.73757 0.037109 0.50974
0.73712 0.037078 0.54743
0.70351 0.037889 0.59767
0.74344 0.037195 0.5391
0.72217 0.037279 0.59119
0.66098 0.037655 0.6096
0.71376 0.037658 0.60532
0.71244 0.037563 0.62077
0.67771 0.037428 0.62191
0.69738 0.037355 0.63198
0.7057 0.037307 0.64754
0.68693 0.037254 0.66206
0.68824 0.037251 0.67136
0.69944 0.037294 0.65533
0.70292 0.037392 0.67144
0.67894 0.037307 0.70524
0.69756 0.037305 0.7
0.6856 0.037362 0.72366
0.67715 0.037361 0.73541
0.69146 0.037357 0.71484
0.68353 0.037443 0.75938
0.67665 0.037475 0.77437
0.70033 0.037483 0.75078
0.7042 0.037524 0.77181
0.68007 0.037513 0.78269
0.68234 0.037542 0.80105
0.69865 0.037539 0.78106
0.69241 0.037567 0.80823
0.67805 0.037572 0.81594
0.69164 0.037579 0.81376
0.69336 0.037598 0.83626
0.68505 0.037616 0.857
0.69909 0.037612 0.84662
0.69182 0.037621 0.87297
0.68478 0.037626 0.87909
0.69526 0.037622 0.87794
0.69566 0.037622 0.90175
0.68339 0.037641 0.91563
0.67446 0.038012 0.93698
0.69405 0.038067 0.93667
0.6853 0.038339 0.947
0.68631 0.033385 0.96404
0.69998 0.033654 0.95935
0.71209 0.037719 0.03725
0.71111 0.03772 0.053938
0.72783 0.037707 0.042194
0.73053 0.037704 0.059843
0.71405 0.037716 0.074658
0.73157 0.037703 0.07421
0.71479 0.037708 0.098805
0.71195 0.037699 0.12308
0.7302 0.037692 0.10979
0.73454 0.037685 0.12452
0.71087 0.037677 0.15328
0.7373 0.037673 0.14331
0.73553 0.037668 0.15534
0.71221 0.037653 0.17098
0.71077 0.037635 0.18747
0.7279 0.03766 0.16395
0.73777 0.037645 0.18227
0.71307 0.037621 0.19475
0.71337 0.037592 0.21313
0.72862 0.037612 0.20349
0.72261 0.037551 0.23953
0.74221 0.03755 0.2477
0.72792 0.037509 0.26263
0.72934 0.037475 0.28213
0.71802 0.037429 0.29726
0.72613 0.037386 0.31845
0.74764 0.037482 0.29676
0.73406 0.0374 0.3193
0.72739 0.037372 0.32492
0.72604 0.037326 0.34867
0.7393 0.037407 0.32507
0.74347 0.037387 0.34791
0.72678 0.037272 0.36867
0.71604 0.03724 0.37991
0.7359 0.037331 0.36036
0.73181 0.037289 0.38437
0.72141 0.037201 0.40306
0.74304 0.037352 0.39365
0.73409 0.037317 0.4116
0.72648 0.037257 0.42484
0.7229 0.037162 0.45214
0.74438 0.037342 0.43326
0.74261 0.037306 0.45025
0.72742 0.037244 0.46211
0.72537 0.037304 0.47602
0.73627 0.037287 0.46025
0.74621 0.03738 0.48083
0.7521 0.037365 0.4959
0.76236 0.037445 0.51548
0.7525 0.037285 0.55451
0.7651 0.037435 0.55
0.76011 0.03743 0.57743
0.73208 0.037422 0.61774
0.75683 0.037431 0.59087
0.74818 0.037436 0.60381
0.72315 0.037377 0.64436
0.737 0.037446 0.62357
0.74256 0.03749 0.64539
0.72106 0.037362 0.66015
0.72545 0.037382 0.6668
0.73414 0.037429 0.65638
0.73675 0.037456 0.67447
0.72178 0.037413 0.69495
0.71663 0.037415 0.70384
0.73328 0.037458 0.6862
0.7364 0.037476 0.70033
0.72305 0.037464 0.72214
0.71065 0.03747 0.73512
0.72807 0.037491 0.73088
0.71488 0.037528 0.75128
0.7141 0.037534 0.76549
0.73628 0.037554 0.74849
0.73196 0.037559 0.7672
0.71835 0.037576 0.78456
0.7088 0.037574 0.80068
0.73032 0.037585 0.7833
0.71781 0.037604 0.82317
0.70833 0.037604 0.83493
0.73075 0.037605 0.81162
0.72041 0.037616 0.84419
0.70785 0.037619 0.86682
0.7268 0.037615 0.8443
0.71451 0.037615 0.88856
0.70853 0.037614 0.89324
0.72472 0.037618 0.87982
0.73651 0.037603 0.90292
0.70744 0.037627 0.91621
0.71853 0.037761 0.92552
0.73475 0.037606 0.91262
0.71382 0.033502 0.96108
0.73555 0.038348 0.94546
0.74189 0.037694 0.043189
0.74462 0.037692 0.056586
0.76444 0.037674 0.057986
0.75939 0.037679 0.075926
0.75732 0.03768 0.089413
0.76823 0.037669 0.10275
0.75841 0.037674 0.11564
0.74745 0.03767 0.1429
0.74381 0.03767 0.14848
0.76028 0.037667 0.1316
0.76875 0.037654 0.1549
0.74576 0.037654 0.16733
0.75217 0.037636 0.19049
0.76161 0.037642 0.17468
0.7607 0.037633 0.18923
0.75616 0.037619 0.20217
0.7518 0.037596 0.22611
0.76854 0.037608 0.22155
0.75228 0.037575 0.23942
0.7731 0.0376 0.23258
0.7609 0.037708 0.26582
0.75225 0.03759 0.27814
0.77447 0.038112 0.27246
0.75643 0.037515 0.31386
0.77174 0.038215 0.29029
0.77071 0.037682 0.30903
0.75284 0.037441 0.32673
0.75119 0.037398 0.35372
0.76958 0.037465 0.33347
0.77277 0.037477 0.34588
0.76087 0.037397 0.36928
0.75718 0.037386 0.37768
0.77621 0.03748 0.36573
0.76784 0.037431 0.3803
0.75544 0.037379 0.39298
0.75538 0.037367 0.42063
0.77411 0.037452 0.40339
0.75433 0.037368 0.4333
0.75674 0.037373 0.45355
0.77409 0.037463 0.4351
0.77864 0.037489 0.44675
0.76586 0.037416 0.46138
0.75977 0.037423 0.4792
0.7827 0.037507 0.46828
0.78225 0.037507 0.47892
0.78485 0.037585 0.50269
0.78225 0.037614 0.52962
0.77286 0.037597 0.54765
0.76775 0.037519 0.57234
0.78536 0.037655 0.54317
0.79052 0.037653 0.56199
0.7699 0.037521 0.5928
0.77321 0.037526 0.60983
0.77788 0.037537 0.61536
0.75046 0.037503 0.65714
0.75098 0.037513 0.67259
0.77189 0.037533 0.65601
0.75474 0.037534 0.68608
0.75146 0.037543 0.70494
0.77265 0.037566 0.69252
0.7549 0.037568 0.72334
0.75151 0.037578 0.74194
0.7509 0.037582 0.75897
0.74773 0.037581 0.76339
0.76616 0.037599 0.76526
0.75246 0.03761 0.78377
0.75086 0.037614 0.80219
0.76123 0.037605 0.77886
0.75462 0.037616 0.82187
0.75375 0.037614 0.83931
0.76248 0.037618 0.81296
0.76783 0.037612 0.83078
0.74396 0.037613 0.86657
0.76181 0.037611 0.85423
0.74868 0.037608 0.87582
0.74438 0.037599 0.90467
0.76106 0.037594 0.88474
0.76024 0.037587 0.89958
0.75106 0.037597 0.90897
0.76615 0.037586 0.91574
0.75853 0.037994 0.93567
0.74113 0.038318 0.94458
0.74247 0.033652 0.95941
0.76646 0.033455 0.96178
0.77589 0.037663 0.043683
0.78433 0.037656 0.052043
0.79881 0.037641 0.047171
0.8019 0.03764 0.062734
0.77979 0.037661 0.067869
0.79432 0.037649 0.089123
0.78526 0.037654 0.11183
0.78461 0.037652 0.12707
0.79588 0.037645 0.10865
0.79975 0.037641 0.12271
0.78587 0.037647 0.14163
0.78348 0.037647 0.15467
0.79256 0.037644 0.1348
0.79429 0.037638 0.15939
0.78405 0.037638 0.17455
0.80263 0.037632 0.16576
0.79231 0.037625 0.19301
0.78426 0.037621 0.20409
0.78726 0.03761 0.22604
0.79953 0.037614 0.20911
0.79559 0.037608 0.22492
0.77954 0.037604 0.23571
0.78039 0.037996 0.26519
0.79496 0.037601 0.23479
0.79464 0.037648 0.25431
0.79462 0.038126 0.27484
0.78104 0.038263 0.29615
0.7854 0.037562 0.31537
0.80076 0.037957 0.29219
0.79438 0.037647 0.31107
0.78626 0.037523 0.33482
0.7859 0.037513 0.35161
0.79467 0.037533 0.32793
0.79573 0.037526 0.34842
0.78924 0.037503 0.36807
0.79378 0.037499 0.38521
0.80533 0.037547 0.36735
0.8069 0.03755 0.38651
0.79307 0.037491 0.40055
0.7906 0.037484 0.4157
0.80009 0.037516 0.39801
0.8059 0.037544 0.42211
0.79172 0.037503 0.43723
0.8054 0.037546 0.44075
0.80358 0.037535 0.44532
0.78992 0.037514 0.46536
0.7967 0.037525 0.48223
0.80721 0.037556 0.46479
0.81608 0.037605 0.48905
0.8029 0.037575 0.50977
0.81072 0.037592 0.50648
0.81785 0.037595 0.53061
0.79455 0.037631 0.56617
0.81321 0.037579 0.53677
0.81435 0.037585 0.56759
0.79771 0.037583 0.58664
0.79423 0.037584 0.59786
0.81081 0.037589 0.58431
0.79863 0.037571 0.6119
0.80596 0.037594 0.61356
0.78449 0.037575 0.64949
0.78274 0.037576 0.66869
0.80701 0.037627 0.6537
0.80075 0.037606 0.67398
0.78271 0.03759 0.6922
0.78446 0.037595 0.69999
0.80567 0.037624 0.68952
0.80506 0.037622 0.6946
0.78835 0.037608 0.71861
0.77779 0.03761 0.73975
0.79444 0.037619 0.74035
0.78429 0.037627 0.74899
0.78723 0.037619 0.77096
0.8046 0.037631 0.7486
0.80151 0.037618 0.8008
0.77656 0.037615 0.82236
0.78259 0.037609 0.83687
0.79329 0.037617 0.81256
0.80294 0.0376 0.83646
0.78116 0.0376 0.85925
0.7928 0.037599 0.84804
0.78253 0.037588 0.88322
0.77605 0.037579 0.90147
0.79968 0.037565 0.89789
0.78084 0.037884 0.93693
0.79565 0.037568 0.91891
0.78518 0.037956 0.95091
0.77548 0.033391 0.96367
0.79495 0.038101 0.94546
0.80002 0.033852 0.95781
0.80629 0.037634 0.046489
0.80698 0.037634 0.053691
0.83241 0.03761 0.046691
0.83489 0.037608 0.051839
0.80655 0.037638 0.076145
0.80825 0.037637 0.09115
0.83174 0.037614 0.072239
0.82473 0.037622 0.08857
0.81354 0.037632 0.10326
0.8124 0.037632 0.12085
0.82381 0.037623 0.10628
0.83098 0.037618 0.12329
0.83119 0.037618 0.13818
0.82411 0.03762 0.17168
0.82418 0.037619 0.18339
0.81527 0.037616 0.20402
0.80869 0.037611 0.21974
0.83582 0.037611 0.21006
0.83229 0.03761 0.22003
0.8091 0.037603 0.23548
0.81146 0.037626 0.25572
0.83347 0.037607 0.25494
0.81815 0.037607 0.27667
0.81249 0.037698 0.28433
0.83502 0.037611 0.27392
0.828 0.037613 0.28796
0.81857 0.037608 0.29577
0.8151 0.037597 0.31133
0.83088 0.037609 0.29768
0.82611 0.037588 0.32116
0.81476 0.03758 0.33579
0.82013 0.037584 0.34598
0.82854 0.03759 0.33917
0.81637 0.037585 0.37072
0.81626 0.037584 0.38984
0.8384 0.03761 0.37236
0.81735 0.037587 0.4027
0.8191 0.037592 0.42192
0.83529 0.037607 0.41767
0.8206 0.037598 0.43665
0.8302 0.037601 0.44954
0.84231 0.037631 0.43461
0.82398 0.037609 0.46794
0.82115 0.037613 0.48953
0.82251 0.037618 0.51037
0.83168 0.037621 0.52057
0.84164 0.03766 0.52099
0.82876 0.037608 0.55901
0.8375 0.037639 0.55455
0.82631 0.037638 0.60464
0.84584 0.03769 0.58276
0.8404 0.03767 0.60116
0.82761 0.037641 0.62074
0.82763 0.037644 0.63621
0.84156 0.037672 0.6146
0.83494 0.037652 0.63251
0.81901 0.037659 0.65482
0.81917 0.037656 0.6615
0.83456 0.037652 0.64377
0.82352 0.037653 0.67679
0.81531 0.037646 0.70628
0.83368 0.037657 0.69422
0.81745 0.037647 0.71756
0.83185 0.037649 0.71593
0.81336 0.037637 0.7437
0.81353 0.037631 0.7688
0.83931 0.037641 0.74698
0.83942 0.037632 0.7618
0.81019 0.037626 0.78181
0.81334 0.037616 0.80278
0.83751 0.037618 0.78463
0.83099 0.037609 0.79913
0.81583 0.037612 0.81204
0.82982 0.037588 0.83225
0.80915 0.037588 0.85254
0.81539 0.037574 0.86513
0.8345 0.037573 0.84803
0.83373 0.037558 0.86711
0.81908 0.037561 0.87738
0.80834 0.037559 0.89643
0.83054 0.037545 0.88599
0.80987 0.037555 0.91161
0.80877 0.037726 0.9269
0.82267 0.037544 0.91265
0.80872 0.038137 0.94243
0.81558 0.033444 0.96201
0.82977 0.038194 0.95081
0.82341 0.033388 0.96389
0.84575 0.037599 0.04447
0.84265 0.037602 0.054382
0.86508 0.037581 0.044641
0.84888 0.0376 0.078094
0.85246 0.037598 0.090036
0.85583 0.037593 0.073386
0.85772 0.037594 0.088351
0.85942 0.037595 0.10653
0.85888 0.037598 0.12954
0.84377 0.03761 0.14404
0.85064 0.037606 0.15627
0.86302 0.037595 0.13971
0.85698 0.037601 0.14969
0.84178 0.037612 0.178
0.84432 0.037612 0.18873
0.86118 0.037602 0.17824
0.86914 0.037599 0.1931
0.85329 0.037608 0.20537
0.84141 0.03761 0.22578
0.86459 0.037604 0.20739
0.85673 0.037609 0.22718
0.85152 0.037613 0.24097
0.86116 0.037608 0.24151
0.86325 0.03761 0.25187
0.85999 0.037614 0.2698
0.86246 0.037619 0.28938
0.84794 0.037618 0.30766
0.84213 0.037611 0.31649
0.86536 0.037623 0.30113
0.86073 0.037623 0.31338
0.84826 0.037625 0.34698
0.86339 0.03763 0.33546
0.87181 0.037641 0.35477
0.85237 0.037629 0.37347
0.86106 0.03763 0.37232
0.86991 0.037647 0.38533
0.85747 0.037639 0.40435
0.85938 0.037643 0.41766
0.86269 0.037641 0.39927
0.87244 0.037665 0.4255
0.85307 0.037656 0.43654
0.84865 0.037657 0.45192
0.86664 0.037665 0.44138
0.87168 0.037679 0.45664
0.85246 0.037672 0.47348
0.85728 0.03768 0.48874
0.85711 0.0377 0.5116
0.86314 0.037704 0.53138
0.8774 0.037712 0.52172
0.8598 0.037715 0.54244
0.86052 0.037713 0.55869
0.87587 0.037712 0.54277
0.87338 0.037712 0.55631
0.86127 0.037698 0.57928
0.85342 0.037705 0.60005
0.87412 0.03771 0.57763
0.86653 0.0377 0.59529
0.86008 0.037697 0.62653
0.87025 0.037705 0.60703
0.86407 0.037695 0.63727
0.85768 0.037681 0.66646
0.87316 0.0377 0.64522
0.86662 0.037683 0.66978
0.85561 0.037671 0.68627
0.84671 0.037665 0.69575
0.86827 0.037678 0.67838
0.87003 0.037661 0.70302
0.84753 0.037659 0.71374
0.85352 0.03765 0.73143
0.86188 0.037656 0.70987
0.862 0.037643 0.73403
0.85068 0.037644 0.74424
0.84731 0.037626 0.77034
0.86287 0.037621 0.76576
0.84311 0.037604 0.80075
0.8663 0.037611 0.77642
0.87004 0.037593 0.79538
0.84605 0.037588 0.82041
0.86842 0.037581 0.80978
0.86502 0.037567 0.82728
0.84754 0.037563 0.84799
0.86447 0.037552 0.84354
0.86529 0.037538 0.86111
0.84954 0.037537 0.88015
0.84475 0.037524 0.90123
0.86376 0.03753 0.87414
0.84778 0.037579 0.92343
0.86709 0.037494 0.90962
0.8581 0.037602 0.92634
0.85157 0.03786 0.93995
0.84359 0.033472 0.96131
0.86513 0.037774 0.93932
0.86219 0.033385 0.96395
0.87286 0.037574 0.038998
0.87467 0.037574 0.060491
0.88972 0.03756 0.039799
0.89122 0.037561 0.051572
0.88445 0.037568 0.07564
0.88504 0.037571 0.091015
0.89982 0.037561 0.077684
0.8939 0.037564 0.084966
0.88442 0.037575 0.10741
0.8852 0.037577 0.1258
0.89379 0.037568 0.11701
0.87822 0.037584 0.13592
0.88556 0.037582 0.15596
0.89706 0.03758 0.14558
0.89229 0.037582 0.1597
0.88007 0.037592 0.18824
0.89648 0.037584 0.16725
0.90081 0.03759 0.18692
0.8754 0.037598 0.20101
0.88094 0.0376 0.21655
0.89442 0.037596 0.20799
0.89033 0.037596 0.21902
0.87339 0.037603 0.23402
0.87666 0.037613 0.27073
0.87893 0.037621 0.28556
0.90173 0.037627 0.26562
0.89467 0.037634 0.28806
0.87565 0.037631 0.30983
0.88562 0.037638 0.31823
0.89194 0.037631 0.29891
0.89133 0.037635 0.31529
0.88355 0.037648 0.3403
0.89889 0.037647 0.33523
0.904 0.037656 0.34912
0.88506 0.037665 0.37588
0.87821 0.03766 0.38352
0.89876 0.03766 0.36826
0.90233 0.037673 0.3894
0.88145 0.03767 0.40393
0.88422 0.037675 0.41687
0.90418 0.037692 0.41058
0.90021 0.037688 0.41636
0.89127 0.03768 0.43923
0.89552 0.037688 0.44972
0.89141 0.037695 0.47955
0.88983 0.037703 0.4949
0.89614 0.0377 0.49309
0.88146 0.037713 0.50508
0.88876 0.037709 0.53086
0.89922 0.037712 0.51339
0.90085 0.037716 0.52671
0.8854 0.037713 0.5414
0.90048 0.037715 0.53927
0.90426 0.03773 0.55395
0.88902 0.037718 0.57721
0.88618 0.03772 0.60086
0.90044 0.037722 0.57739
0.89685 0.037715 0.60151
0.88506 0.037718 0.60943
0.88958 0.0377 0.63553
0.89622 0.03771 0.61288
0.89544 0.037699 0.63054
0.88757 0.037695 0.65352
0.8965 0.037686 0.6511
0.89948 0.037682 0.6633
0.87982 0.037681 0.6798
0.90535 0.037663 0.7014
0.87842 0.037649 0.71738
0.88686 0.037633 0.73418
0.90193 0.037661 0.70779
0.8969 0.037644 0.72672
0.87946 0.037628 0.74941
0.87771 0.037612 0.76888
0.89338 0.037622 0.74705
0.90356 0.037598 0.76751
0.87987 0.037597 0.78414
0.88373 0.037578 0.80082
0.8956 0.037579 0.79147
0.87636 0.037567 0.81928
0.88241 0.037552 0.82833
0.89437 0.037565 0.8082
0.88152 0.037537 0.84407
0.88607 0.037515 0.86725
0.89954 0.037527 0.84307
0.89112 0.037513 0.86232
0.8788 0.037498 0.89495
0.89681 0.037503 0.87336
0.89974 0.037482 0.89351
0.88414 0.037477 0.9073
0.88514 0.037601 0.93297
0.89766 0.037471 0.91386
0.90143 0.037697 0.93463
0.87545 0.037782 0.94396
0.90268 0.033446 0.96175
0.90916 0.037566 0.037453
0.91621 0.037567 0.053866
0.92666 0.037708 0.038748
0.91939 0.037571 0.074725
0.90784 0.037558 0.08945
0.93332 0.037826 0.093633
0.91568 0.037552 0.10758
0.91357 0.037566 0.12776
0.92551 0.037673 0.10251
0.92799 0.037722 0.11682
0.90947 0.037572 0.13308
0.91173 0.037587 0.15701
0.92587 0.037677 0.13752
0.91771 0.037594 0.18618
0.93161 0.03774 0.16975
0.93476 0.037833 0.19459
0.91882 0.037613 0.20321
0.91645 0.037606 0.21991
0.93131 0.037828 0.2073
0.92309 0.037683 0.22383
0.91236 0.0376 0.24385
0.93151 0.037771 0.2403
0.92544 0.037691 0.25363
0.91244 0.03765 0.26752
0.93488 0.037843 0.27715
0.93426 0.03784 0.29134
0.91635 0.03765 0.32254
0.92748 0.037764 0.29966
0.92667 0.037741 0.3196
0.90902 0.037652 0.33313
0.91236 0.037665 0.35867
0.93344 0.037847 0.3347
0.92416 0.037739 0.35316
0.91159 0.037667 0.36922
0.91674 0.037684 0.38874
0.93034 0.037851 0.3935
0.93044 0.037858 0.40145
0.93607 0.03799 0.42933
0.91289 0.037729 0.45403
0.9329 0.037957 0.43424
0.91553 0.037728 0.48016
0.91297 0.037727 0.49626
0.93382 0.037984 0.47197
0.93158 0.037935 0.48626
0.91915 0.037755 0.50416
0.91999 0.037779 0.52467
0.93472 0.038008 0.51359
0.93235 0.037971 0.52086
0.93095 0.037971 0.53988
0.93243 0.037969 0.55684
0.9206 0.03774 0.59982
0.93088 0.037827 0.57839
0.93394 0.037848 0.59936
0.91649 0.037728 0.60937
0.91167 0.037716 0.62709
0.92758 0.037806 0.61049
0.92916 0.037846 0.62325
0.91025 0.037699 0.64854
0.93776 0.038082 0.65211
0.92929 0.037891 0.66768
0.91984 0.037677 0.69199
0.93138 0.03793 0.68526
0.93422 0.03799 0.6998
0.91861 0.037688 0.70863
0.92841 0.037859 0.71261
0.91514 0.037629 0.74447
0.91835 0.037601 0.76356
0.92531 0.037769 0.74045
0.9245 0.03769 0.76849
0.91945 0.037599 0.77576
0.91827 0.037581 0.79232
0.931 0.037789 0.7796
0.93145 0.03776 0.79936
0.90948 0.037552 0.81988
0.91688 0.037542 0.82638
0.92575 0.03766 0.807
0.92348 0.037607 0.83026
0.91092 0.037516 0.84958
0.91127 0.037501 0.86617
0.9286 0.037709 0.84029
0.92435 0.037607 0.8656
0.91676 0.037484 0.8771
0.92427 0.037587 0.87565
0.93579 0.037814 0.89339
0.91223 0.037482 0.91404
0.91347 0.037738 0.93321
0.92565 0.037617 0.91304
0.9337 0.037973 0.92916
0.91199 0.037935 0.94409
0.91765 0.033543 0.96009
0.92389 0.038055 0.94279
0.92848 0.033478 0.96118
0.94137 0.037978 0.042046
0.94162 0.037986 0.054411
0.9556 0.03441 0.03722
0.95863 0.033692 0.060989
0.93914 0.037942 0.074076
0.96082 0.033497 0.086976
0.94937 0.038195 0.10498
0.96 0.033545 0.12613
0.94863 0.037989 0.14347
0.94545 0.037915 0.15381
0.95923 0.0336 0.13912
0.95324 0.035529 0.15605
0.93949 0.037837 0.16972
0.94841 0.038046 0.19367
0.95631 0.034118 0.19527
0.94298 0.038025 0.20338
0.94294 0.038035 0.22526
0.9636 0.033391 0.21209
0.96163 0.033453 0.2188
0.94327 0.037912 0.24383
0.94864 0.037944 0.24929
0.96149 0.033453 0.23392
0.95381 0.03512 0.26054
0.94569 0.037932 0.26789
0.94265 0.037927 0.28486
0.96023 0.033511 0.27248
0.94418 0.037941 0.29882
0.944 0.037973 0.32726
0.95598 0.034179 0.29873
0.96463 0.03337 0.32224
0.94797 0.038067 0.33946
0.94591 0.038072 0.35417
0.95952 0.033579 0.35745
0.94345 0.03805 0.36541
0.94996 0.038163 0.3949
0.9645 0.033374 0.37735
0.95398 0.035357 0.39378
0.94863 0.038124 0.40467
0.96391 0.033384 0.40811
0.95782 0.033838 0.42725
0.94515 0.038212 0.44351
0.94862 0.038307 0.45042
0.95535 0.03463 0.43433
0.96071 0.033509 0.45156
0.94382 0.03817 0.47167
0.96405 0.033383 0.47872
0.95699 0.034091 0.49499
0.94944 0.038294 0.50913
0.94612 0.038234 0.52281
0.95506 0.034897 0.5122
0.96077 0.03351 0.52743
0.94156 0.0381 0.55593
0.96468 0.033374 0.53997
0.9596 0.033611 0.55839
0.94626 0.037955 0.59728
0.94357 0.038019 0.61693
0.94395 0.038076 0.62606
0.96053 0.033523 0.63113
0.94735 0.038251 0.64325
0.96201 0.033446 0.6407
0.96404 0.033389 0.66258
0.9515 0.038031 0.68047
0.96105 0.033508 0.67828
0.96034 0.033555 0.69888
0.94444 0.038155 0.71734
0.94353 0.038138 0.72832
0.9559 0.03443 0.71892
0.95647 0.034217 0.72409
0.94682 0.038277 0.75856
0.9571 0.034053 0.75003
0.96062 0.033521 0.7585
0.94469 0.038046 0.78226
0.94451 0.037972 0.80242
0.9588 0.03368 0.79011
0.94313 0.03793 0.80762
0.95564 0.034402 0.81582
0.96003 0.033558 0.83468
0.94242 0.038089 0.85017
0.96517 0.033367 0.86037
0.94611 0.038064 0.88997
0.96047 0.033524 0.87354
0.94186 0.038102 0.92628
0.95777 0.033842 0.91166
0.96486 0.033369 0.92412
0.94243 0.03835 0.94023
0.94507 0.033629 0.95935
0.96019 0.033555 0.94514
0.95558 0.033363 0.9632
