2635
1 1 1
0.035 0.0375 0.045075
0.041115 0.0375 0.054586
0.062746 0.0375 0.035713
0.058729 0.0375 0.051769
0.046282 0.0375 0.06956
0.043719 0.0375 0.094349
0.060102 0.0375 0.081547
0.056538 0.0375 0.098101
0.038636 0.0375 0.11189
0.04137 0.0375 0.122
0.063729 0.0375 0.10855
0.063243 0.0375 0.14482
0.040539 0.0375 0.19124
0.058793 0.0375 0.18107
0.061644 0.0375 0.19688
0.036213 0.0375 0.20171
0.040524 0.0375 0.2278
0.053671 0.0375 0.20681
0.056836 0.0375 0.2203
0.048111 0.0375 0.23689
0.042532 0.0375 0.25818
0.053356 0.0375 0.24329
0.062374 0.0375 0.25802
0.047633 0.0375 0.27008
0.046809 0.0375 0.28716
0.056327 0.0375 0.27912
0.064089 0.0375 0.28787
0.063017 0.0375 0.30883
0.058526 0.0375 0.32385
0.045676 0.0375 0.34489
0.063533 0.0375 0.35352
0.046753 0.0375 0.37457
0.045755 0.0375 0.38782
0.061978 0.0375 0.37259
0.057236 0.0375 0.39407
0.045187 0.0375 0.40452
0.037847 0.0375 0.42352
0.062025 0.0375 0.4073
0.055429 0.0375 0.41848
0.043013 0.0375 0.44604
0.06095 0.0375 0.44393
0.060112 0.0375 0.45964
0.042385 0.0375 0.47273
0.044373 0.0375 0.48716
0.053471 0.0375 0.47248
0.059508 0.0375 0.49074
0.038724 0.0375 0.5066
0.038386 0.0375 0.52735
0.055954 0.0375 0.50856
0.060484 0.0375 0.52641
0.046056 0.0375 0.53866
0.043573 0.0375 0.5639
0.062561 0.0375 0.53714
0.061092 0.0375 0.55749
0.037282 0.0375 0.57494
0.036066 0.0375 0.59704
0.052558 0.0375 0.57353
0.054544 0.0375 0.59336
0.044148 0.0375 0.60179
0.036384 0.0375 0.62868
0.052341 0.0375 0.60776
0.0586 0.0375 0.62034
0.052141 0.0375 0.64798
0.054177 0.0375 0.65985
0.04799 0.0375 0.67168
0.053221 0.0375 0.66985
0.05896 0.0375 0.68734
0.036071 0.0375 0.72859
0.060625 0.0375 0.71175
0.052152 0.0375 0.72128
0.043707 0.0375 0.74491
0.03713 0.0375 0.76048
0.059581 0.0375 0.74161
0.052383 0.0375 0.75858
0.040946 0.0375 0.77106
0.037285 0.0375 0.79752
0.05857 0.0375 0.77954
0.056581 0.0375 0.78935
0.039828 0.0375 0.82438
0.053067 0.0375 0.81234
0.058701 0.0375 0.82983
0.038105 0.0375 0.84153
0.035043 0.0375 0.86051
0.05395 0.0375 0.83583
0.056303 0.0375 0.85844
0.035605 0.037499 0.87035
0.045235 0.037502 0.8919
0.058267 0.037499 0.8778
0.056722 0.0375 0.88808
0.041997 0.037508 0.91164
0.037102 0.035862 0.9562
0.058739 0.03747 0.94474
0.061199 0.036308 0.95418
0.079756 0.0375 0.0455
0.075593 0.0375 0.06016
0.078647 0.0375 0.089291
0.094992 0.0375 0.074689
0.092312 0.0375 0.089265
0.071717 0.0375 0.10766
0.07283 0.0375 0.13089
0.0858 0.0375 0.11018
0.090078 0.0375 0.12388
0.070321 0.0375 0.14196
0.090223 0.0375 0.13828
0.093702 0.0375 0.16004
0.072576 0.0375 0.17821
0.068586 0.0375 0.19328
0.095281 0.0375 0.17804
0.095864 0.0375 0.19347
0.078004 0.0375 0.20839
0.076685 0.0375 0.22546
0.089735 0.0375 0.21358
0.098233 0.0375 0.22943
0.070419 0.0375 0.24675
0.073075 0.0375 0.25321
0.086569 0.0375 0.24737
0.091113 0.0375 0.25564
0.077044 0.0375 0.27618
0.076222 0.0375 0.29355
0.097037 0.0375 0.2763
0.069312 0.0375 0.31014
0.069856 0.0375 0.32914
0.09463 0.0375 0.30876
0.092713 0.0375 0.32986
0.072928 0.0375 0.34812
0.091894 0.0375 0.34418
0.090703 0.0375 0.35902
0.077728 0.0375 0.38159
0.094049 0.0375 0.37523
0.098066 0.0375 0.38683
0.07142 0.0375 0.41247
0.075877 0.0375 0.42548
0.096696 0.0375 0.4148
0.089545 0.0375 0.42117
0.071637 0.0375 0.44694
0.087096 0.0375 0.43919
0.088641 0.0375 0.45763
0.076843 0.0375 0.47496
0.081216 0.0375 0.48523
0.093911 0.0375 0.48074
0.093013 0.0375 0.49131
0.071473 0.0375 0.50248
0.08866 0.0375 0.51905
0.079873 0.0375 0.53528
0.074343 0.0375 0.56272
0.085438 0.0375 0.56038
0.076259 0.0375 0.5687
0.071415 0.0375 0.59678
0.088578 0.0375 0.56886
0.091188 0.0375 0.59203
0.076184 0.0375 0.62604
0.092666 0.0375 0.60934
0.097828 0.0375 0.61853
0.074677 0.0375 0.63894
0.094953 0.0375 0.66156
0.069534 0.0375 0.67831
0.087971 0.0375 0.67055
0.090992 0.0375 0.69004
0.077559 0.0375 0.70804
0.068559 0.0375 0.72908
0.092481 0.0375 0.72046
0.072012 0.0375 0.74175
0.077003 0.0375 0.75409
0.08941 0.0375 0.73768
0.086183 0.0375 0.75882
0.072144 0.0375 0.77013
0.073631 0.0375 0.79618
0.095246 0.0375 0.78159
0.072881 0.0375 0.81332
0.080792 0.0375 0.82085
0.093824 0.0375 0.80395
0.09077 0.0375 0.82985
0.075159 0.037501 0.84008
0.074997 0.0375 0.85982
0.090464 0.0375 0.86367
0.077093 0.037499 0.88126
0.089 0.037499 0.87212
0.085689 0.0375 0.88909
0.07169 0.037505 0.90898
0.077274 0.037503 0.93059
0.089445 0.037502 0.90179
0.071614 0.037495 0.93846
0.086431 0.037512 0.9472
0.11148 0.0375 0.039169
0.10685 0.0375 0.057972
0.12767 0.0375 0.037997
0.12308 0.0375 0.052701
0.10362 0.0375 0.069222
0.10813 0.0375 0.095778
0.12544 0.0375 0.098096
0.10657 0.0375 0.11209
0.11493 0.0375 0.13085
0.12648 0.0375 0.12029
0.10873 0.0375 0.14351
0.10379 0.0375 0.15842
0.12823 0.0375 0.15853
0.10903 0.0375 0.17564
0.10784 0.0375 0.19062
0.12918 0.0375 0.16977
0.12051 0.0375 0.19692
0.11457 0.0375 0.22032
0.11943 0.0375 0.20429
0.11876 0.0375 0.2309
0.10742 0.0375 0.24211
0.10243 0.0375 0.25998
0.12273 0.0375 0.24145
0.10862 0.0375 0.27769
0.10844 0.0375 0.29045
0.12284 0.0375 0.28151
0.13123 0.0375 0.28825
0.1092 0.0375 0.30807
0.11018 0.0375 0.33054
0.13117 0.0375 0.3139
0.11952 0.0375 0.32239
0.10698 0.0375 0.33828
0.10845 0.0375 0.36277
0.11935 0.0375 0.35789
0.10249 0.0375 0.36967
0.12024 0.0375 0.37421
0.12719 0.0375 0.3978
0.10672 0.0375 0.40201
0.10706 0.0375 0.42822
0.11872 0.0375 0.42853
0.10318 0.0375 0.44022
0.10446 0.0375 0.45178
0.11978 0.0375 0.4467
0.12176 0.0375 0.45883
0.10366 0.0375 0.47189
0.11258 0.0375 0.48794
0.12294 0.0375 0.4734
0.12912 0.0375 0.48995
0.10854 0.0375 0.50347
0.10347 0.0375 0.52444
0.12568 0.0375 0.52463
0.10991 0.0375 0.5366
0.10487 0.0375 0.5574
0.12771 0.0375 0.54153
0.10247 0.0375 0.57951
0.10464 0.0375 0.59217
0.12362 0.0375 0.5731
0.1246 0.0375 0.59743
0.11263 0.0375 0.61315
0.11261 0.0375 0.62292
0.12986 0.0375 0.6277
0.1093 0.0375 0.64174
0.10873 0.0375 0.65461
0.12304 0.0375 0.63616
0.1195 0.0375 0.66313
0.1072 0.0375 0.67976
0.12495 0.0375 0.67926
0.10937 0.0375 0.72491
0.12933 0.0375 0.70298
0.13018 0.0375 0.73044
0.1035 0.0375 0.73596
0.10746 0.0375 0.75244
0.12213 0.0375 0.76058
0.10877 0.0375 0.77183
0.12988 0.0375 0.77567
0.11932 0.0375 0.78805
0.11002 0.0375 0.82739
0.11917 0.0375 0.80219
0.12227 0.0375 0.83137
0.11133 0.0375 0.83744
0.12732 0.0375 0.84074
0.12708 0.0375 0.85459
0.10953 0.037498 0.87477
0.11323 0.037499 0.89162
0.12977 0.037496 0.8816
0.12323 0.0375 0.89655
0.10412 0.037503 0.90915
0.12253 0.037504 0.91148
0.12096 0.037508 0.92501
0.10578 0.037514 0.93829
0.13072 0.037508 0.94633
0.12912 0.034621 0.96456
0.14303 0.0375 0.039953
0.15857 0.0375 0.035316
0.16022 0.0375 0.053859
0.13567 0.0375 0.077302
0.14105 0.0375 0.096937
0.15393 0.0375 0.072961
0.15833 0.0375 0.09197
0.14065 0.0375 0.10823
0.1423 0.0375 0.11981
0.1529 0.0375 0.11299
0.15724 0.0375 0.11869
0.13573 0.0375 0.14019
0.13682 0.0375 0.16227
0.16159 0.0375 0.15587
0.13541 0.0375 0.18142
0.15953 0.0375 0.17593
0.15832 0.0375 0.18774
0.13807 0.0375 0.20907
0.14417 0.0375 0.22927
0.16124 0.0375 0.21054
0.13731 0.0375 0.24201
0.14751 0.0375 0.2576
0.15326 0.0375 0.23508
0.16123 0.0375 0.26395
0.14011 0.0375 0.27198
0.13974 0.0375 0.29412
0.15852 0.0375 0.27195
0.15537 0.0375 0.29103
0.14773 0.0375 0.30822
0.13548 0.0375 0.319
0.16113 0.0375 0.30258
0.15346 0.0375 0.32569
0.13848 0.0375 0.34746
0.148 0.0375 0.35429
0.15855 0.0375 0.3364
0.14525 0.0375 0.37835
0.1395 0.0375 0.38694
0.1633 0.037501 0.38148
0.13687 0.0375 0.42433
0.152 0.037501 0.42794
0.1451 0.037501 0.44303
0.13803 0.0375 0.45639
0.15766 0.037501 0.44593
0.15601 0.037501 0.45546
0.13897 0.037501 0.47153
0.13713 0.037501 0.48743
0.15841 0.037501 0.47421
0.14701 0.037501 0.50969
0.14614 0.037501 0.52325
0.16489 0.037501 0.50186
0.13912 0.0375 0.54374
0.14585 0.0375 0.5646
0.1541 0.037501 0.54778
0.16389 0.037501 0.552
0.14627 0.0375 0.58038
0.14054 0.0375 0.59276
0.16191 0.037501 0.58002
0.16028 0.037501 0.59194
0.13929 0.0375 0.60939
0.14175 0.0375 0.62646
0.16153 0.037501 0.61364
0.15639 0.037501 0.6237
0.14444 0.0375 0.65729
0.16468 0.037501 0.64227
0.15425 0.0375 0.6584
0.14155 0.0375 0.67037
0.14708 0.0375 0.69072
0.15197 0.0375 0.67397
0.15377 0.0375 0.69815
0.1351 0.0375 0.70203
0.14596 0.0375 0.72978
0.15808 0.0375 0.7045
0.15291 0.0375 0.72953
0.14562 0.0375 0.74539
0.1389 0.0375 0.76296
0.15844 0.0375 0.73601
0.16168 0.0375 0.75258
0.14133 0.0375 0.79029
0.1552 0.0375 0.77328
0.15625 0.0375 0.79591
0.14663 0.0375 0.80437
0.14377 0.0375 0.82591
0.16499 0.0375 0.81185
0.15713 0.0375 0.82617
0.14173 0.0375 0.8454
0.14823 0.037499 0.86074
0.16149 0.0375 0.84409
0.16146 0.037499 0.85991
0.13814 0.037497 0.87533
0.15809 0.037495 0.87953
0.15645 0.037504 0.89671
0.13614 0.037505 0.90835
0.14112 0.037505 0.92809
0.1585 0.037515 0.91041
0.15604 0.037509 0.92494
0.13727 0.036746 0.9525
0.15971 0.037492 0.94061
0.15934 0.034997 0.96141
0.17235 0.0375 0.045135
0.17932 0.0375 0.061902
0.18863 0.0375 0.045852
0.18766 0.0375 0.055678
0.17216 0.0375 0.077447
0.176 0.0375 0.093558
0.19127 0.0375 0.079073
0.19103 0.0375 0.094732
0.17139 0.0375 0.10785
0.17572 0.0375 0.13129
0.18576 0.0375 0.10939
0.19278 0.0375 0.12035
0.17436 0.0375 0.14348
0.18124 0.0375 0.15711
0.18932 0.0375 0.14828
0.19376 0.0375 0.15365
0.18118 0.0375 0.19736
0.19273 0.0375 0.17582
0.18828 0.0375 0.19273
0.1776 0.0375 0.23107
0.18974 0.0375 0.20574
0.18913 0.0375 0.22442
0.1755 0.0375 0.24363
0.178 0.0375 0.26199
0.18996 0.0375 0.25392
0.19157 0.0375 0.27555
0.18753 0.0375 0.29392
0.16992 0.0375 0.30197
0.17691 0.0375 0.31928
0.19044 0.0375 0.31378
0.19346 0.037501 0.33067
0.16992 0.0375 0.3466
0.17298 0.037501 0.35351
0.18747 0.037501 0.34227
0.19085 0.037501 0.35185
0.18019 0.037501 0.37617
0.19064 0.037501 0.37928
0.18811 0.037501 0.39599
0.17759 0.037501 0.42962
0.197 0.037502 0.40808
0.19802 0.037502 0.4267
0.17746 0.037501 0.44212
0.17883 0.037501 0.45651
0.19412 0.037502 0.43975
0.18838 0.037502 0.46295
0.17597 0.037501 0.48851
0.19088 0.037502 0.48048
0.19409 0.037503 0.48826
0.17444 0.037501 0.50307
0.17371 0.037501 0.52911
0.19568 0.037503 0.50906
0.19264 0.037502 0.52905
0.17365 0.037501 0.54327
0.18677 0.037502 0.55945
0.1806 0.037501 0.57593
0.16999 0.037501 0.58869
0.19319 0.037502 0.58144
0.1869 0.037501 0.5935
0.17911 0.037501 0.60474
0.1719 0.037501 0.62591
0.18728 0.037501 0.60276
0.18661 0.037501 0.62144
0.17173 0.037501 0.64414
0.17354 0.037501 0.65391
0.19749 0.037501 0.64746
0.19752 0.037501 0.65896
0.17316 0.037501 0.67174
0.17165 0.0375 0.68767
0.18629 0.037501 0.66932
0.1887 0.037501 0.68919
0.17733 0.0375 0.71481
0.17376 0.0375 0.72663
0.18806 0.037501 0.70223
0.18793 0.0375 0.73126
0.17988 0.0375 0.74606
0.17277 0.0375 0.75391
0.18876 0.0375 0.74523
0.17137 0.0375 0.78927
0.19243 0.0375 0.7687
0.19138 0.0375 0.79548
0.17652 0.0375 0.80414
0.18967 0.0375 0.81187
0.19118 0.0375 0.8269
0.18076 0.0375 0.83757
0.17154 0.037499 0.85438
0.18978 0.0375 0.84451
0.1878 0.0375 0.85169
0.1696 0.037496 0.87397
0.16945 0.037502 0.89073
0.1955 0.037497 0.86853
0.19455 0.0375 0.88854
0.17133 0.03751 0.92874
0.18639 0.037512 0.92976
0.18091 0.036466 0.95349
0.18803 0.037494 0.93829
0.19316 0.0359 0.956
0.20329 0.0375 0.044587
0.21158 0.0375 0.059184
0.22503 0.0375 0.035022
0.22312 0.0375 0.05693
0.21028 0.0375 0.069578
0.20705 0.0375 0.089881
0.22763 0.0375 0.071846
0.22428 0.0375 0.094844
0.21278 0.0375 0.1023
0.20695 0.0375 0.12896
0.22951 0.0375 0.103
0.2214 0.0375 0.12345
0.20602 0.0375 0.14456
0.2019 0.0375 0.17679
0.21237 0.0375 0.19334
0.22843 0.0375 0.17599
0.23096 0.0375 0.18718
0.20769 0.0375 0.20421
0.22516 0.0375 0.20417
0.21387 0.0375 0.24279
0.22755 0.0375 0.23758
0.22534 0.0375 0.26147
0.20734 0.0375 0.27796
0.20242 0.0375 0.28623
0.22581 0.037501 0.27227
0.21928 0.037501 0.29044
0.21147 0.037501 0.31131
0.20994 0.037501 0.33144
0.21856 0.037501 0.31994
0.20336 0.037501 0.33722
0.20917 0.037501 0.36012
0.22005 0.037501 0.33689
0.23024 0.037502 0.35455
0.21328 0.037502 0.36997
0.21098 0.037502 0.38759
0.22538 0.037502 0.36877
0.22001 0.037503 0.39439
0.21034 0.037503 0.41203
0.2194 0.037503 0.40908
0.21153 0.037503 0.43533
0.20332 0.037503 0.46056
0.22639 0.037505 0.43735
0.22762 0.037506 0.45507
0.21023 0.037504 0.47219
0.21429 0.037504 0.49162
0.21889 0.037505 0.47983
0.22428 0.037506 0.49236
0.20958 0.037504 0.51111
0.21174 0.037504 0.52317
0.21226 0.037504 0.5386
0.2127 0.037503 0.55192
0.22467 0.037505 0.55249
0.20697 0.037502 0.58086
0.20238 0.037502 0.59271
0.22533 0.037504 0.57845
0.22468 0.037504 0.58515
0.20252 0.037502 0.60489
0.20353 0.037501 0.62922
0.22853 0.037503 0.62832
0.20324 0.037501 0.64558
0.21271 0.037501 0.65184
0.22742 0.037502 0.637
0.21226 0.037501 0.67018
0.20538 0.037501 0.69246
0.22336 0.037501 0.67121
0.22089 0.037501 0.69332
0.20388 0.037501 0.70635
0.20297 0.037501 0.72553
0.22096 0.037501 0.70777
0.22271 0.037501 0.71895
0.20587 0.0375 0.75773
0.22269 0.037501 0.74558
0.20464 0.0375 0.77956
0.2114 0.0375 0.79134
0.22292 0.0375 0.77017
0.20546 0.0375 0.83058
0.2286 0.0375 0.81423
0.2252 0.0375 0.82911
0.20584 0.0375 0.84505
0.20915 0.037499 0.85867
0.2236 0.0375 0.83576
0.22467 0.037499 0.85767
0.20799 0.037496 0.87442
0.21025 0.037503 0.89218
0.22079 0.037495 0.87597
0.22545 0.037504 0.89505
0.21409 0.037512 0.92701
0.22509 0.037519 0.91314
0.20223 0.037482 0.94675
0.21361 0.034847 0.96259
0.2217 0.037492 0.94243
0.22211 0.035693 0.95704
0.2356 0.0375 0.035033
0.23924 0.0375 0.062075
0.25288 0.0375 0.042684
0.26103 0.0375 0.056706
0.24096 0.0375 0.068388
0.23731 0.0375 0.085554
0.25697 0.0375 0.076717
0.2603 0.0375 0.086397
0.24711 0.0375 0.1206
0.25681 0.0375 0.1026
0.25251 0.0375 0.12753
0.23685 0.0375 0.14624
0.25601 0.0375 0.14092
0.2621 0.0375 0.15781
0.23757 0.0375 0.17829
0.24797 0.0375 0.19356
0.25509 0.0375 0.17857
0.26122 0.0375 0.1883
0.24134 0.0375 0.21314
0.23522 0.0375 0.23143
0.25807 0.0375 0.20834
0.23511 0.0375 0.24667
0.24229 0.037501 0.25238
0.24444 0.037501 0.27609
0.24366 0.037501 0.29671
0.26282 0.037502 0.28662
0.26231 0.037502 0.31131
0.25951 0.037503 0.32597
0.23854 0.037503 0.35788
0.2573 0.037504 0.3468
0.26426 0.037506 0.36397
0.24265 0.037504 0.36963
0.25582 0.037506 0.37577
0.25188 0.037506 0.38963
0.23628 0.037505 0.40848
0.24766 0.037508 0.42196
0.25624 0.037508 0.4025
0.24304 0.037508 0.43591
0.24192 0.037509 0.45491
0.26176 0.037514 0.43954
0.25874 0.037515 0.45838
0.23773 0.037509 0.47847
0.25457 0.037514 0.4743
0.2634 0.037519 0.48861
0.25285 0.037513 0.50688
0.25743 0.037514 0.52977
0.24423 0.037509 0.54432
0.23692 0.037507 0.56125
0.24431 0.037506 0.58671
0.25404 0.037508 0.59291
0.24789 0.037505 0.60486
0.24274 0.037503 0.63115
0.25428 0.037506 0.60886
0.25782 0.037506 0.62635
0.23785 0.037503 0.64576
0.24592 0.037503 0.65598
0.2565 0.037504 0.64753
0.25694 0.037503 0.66185
0.24486 0.037502 0.6788
0.26318 0.037502 0.68665
0.24322 0.037501 0.71457
0.25559 0.037502 0.7051
0.25611 0.037501 0.72464
0.2419 0.037501 0.73832
0.23859 0.037501 0.75604
0.25644 0.037501 0.74345
0.2648 0.037501 0.76024
0.2354 0.037501 0.77655
0.24353 0.0375 0.78911
0.2601 0.037501 0.76997
0.24359 0.0375 0.80505
0.26139 0.0375 0.80634
0.25446 0.0375 0.82609
0.24406 0.0375 0.84238
0.23932 0.037499 0.85836
0.23756 0.037495 0.87703
0.23633 0.037496 0.88665
0.25931 0.037495 0.87514
0.24635 0.037514 0.91167
0.23693 0.037508 0.92816
0.25241 0.037507 0.90228
0.26089 0.037504 0.93021
0.24392 0.035015 0.96126
0.25608 0.037499 0.93583
0.27721 0.0375 0.057132
0.29739 0.0375 0.061856
0.27905 0.0375 0.080935
0.27243 0.0375 0.096114
0.296 0.0375 0.075516
0.27357 0.0375 0.11142
0.29288 0.0375 0.10642
0.28831 0.0375 0.12581
0.2745 0.0375 0.13918
0.27223 0.0375 0.16041
0.29586 0.0375 0.14122
0.29773 0.0375 0.1618
0.26886 0.0375 0.17358
0.27438 0.0375 0.18685
0.29011 0.0375 0.19757
0.27819 0.037501 0.22096
0.29258 0.0375 0.20289
0.29107 0.037501 0.22878
0.27505 0.037501 0.26497
0.2919 0.037501 0.24365
0.29412 0.037502 0.26307
0.28853 0.037502 0.27082
0.27036 0.037503 0.31303
0.27348 0.037504 0.32228
0.29795 0.037507 0.32615
0.27102 0.037505 0.34191
0.27723 0.037509 0.36478
0.28595 0.037508 0.3477
0.28965 0.037511 0.36046
0.27549 0.037509 0.37075
0.27623 0.037512 0.39006
0.29271 0.037517 0.38157
0.27418 0.037515 0.40999
0.2717 0.037516 0.42447
0.29196 0.037526 0.41484
0.28689 0.037525 0.42965
0.27036 0.037521 0.46367
0.28522 0.037526 0.43749
0.29564 0.037543 0.45632
0.26964 0.037522 0.4767
0.27606 0.037526 0.492
0.29388 0.037546 0.48832
0.2752 0.037525 0.51072
0.28744 0.037533 0.53115
0.27808 0.037524 0.53659
0.27609 0.037518 0.56466
0.28746 0.03753 0.5462
0.29741 0.037539 0.5555
0.28038 0.037519 0.57068
0.27117 0.037512 0.59644
0.2894 0.037525 0.57296
0.28906 0.037521 0.5853
0.27563 0.037511 0.60723
0.27446 0.037508 0.62611
0.29114 0.037513 0.62207
0.276 0.037506 0.64449
0.27318 0.037505 0.66057
0.28939 0.037509 0.64414
0.29124 0.037507 0.6611
0.27244 0.037504 0.66907
0.27956 0.037503 0.69019
0.29737 0.037507 0.66975
0.29107 0.037504 0.69675
0.27578 0.037502 0.71144
0.27915 0.037502 0.71936
0.29703 0.037503 0.72219
0.2811 0.037501 0.74685
0.27677 0.037501 0.76371
0.29611 0.037502 0.73886
0.27068 0.037501 0.77168
0.27837 0.037501 0.78984
0.29638 0.037501 0.77587
0.29192 0.037501 0.79379
0.29318 0.0375 0.81129
0.28568 0.0375 0.82697
0.27805 0.0375 0.84486
0.29648 0.0375 0.84215
0.28838 0.037499 0.85745
0.27189 0.037495 0.87945
0.28144 0.037502 0.89198
0.29302 0.037496 0.87872
0.28593 0.037502 0.89303
0.29711 0.037509 0.90907
0.29459 0.037508 0.92582
0.27743 0.037483 0.94619
0.28015 0.036042 0.95532
0.29742 0.037503 0.93574
0.2856 0.03517 0.96019
0.30342 0.0375 0.045767
0.30689 0.0375 0.059323
0.32962 0.0375 0.044613
0.3308 0.0375 0.059137
0.30548 0.0375 0.081156
0.30951 0.0375 0.088863
0.32569 0.0375 0.071437
0.32186 0.0375 0.09569
0.30771 0.0375 0.11039
0.30574 0.0375 0.12861
0.33005 0.0375 0.10557
0.32076 0.0375 0.12642
0.30451 0.0375 0.14734
0.30785 0.0375 0.15895
0.32409 0.0375 0.14629
0.3251 0.0375 0.15586
0.30618 0.0375 0.18064
0.30941 0.037501 0.19558
0.32578 0.0375 0.17497
0.31128 0.037501 0.22576
0.3312 0.037501 0.21197
0.33004 0.037501 0.22024
0.30304 0.037502 0.24691
0.31008 0.037502 0.2575
0.32016 0.037503 0.26231
0.30912 0.037503 0.27077
0.30352 0.037504 0.29422
0.31874 0.037503 0.27039
0.32424 0.037506 0.28847
0.30467 0.037506 0.31356
0.30483 0.037508 0.32256
0.32134 0.037509 0.31408
0.32211 0.037511 0.32149
0.31052 0.037512 0.33899
0.30228 0.037516 0.36306
0.32308 0.037518 0.34577
0.33028 0.037531 0.36183
0.30721 0.03752 0.36847
0.30346 0.037528 0.39605
0.31936 0.03753 0.37796
0.32856 0.03755 0.3927
0.30377 0.037535 0.41385
0.31299 0.037548 0.42309
0.31978 0.03755 0.41108
0.32544 0.037575 0.42671
0.30677 0.037552 0.44317
0.30383 0.037555 0.46171
0.32621 0.037591 0.44153
0.32877 0.037609 0.45231
0.31223 0.037574 0.48671
0.32401 0.037608 0.4765
0.3187 0.037589 0.49527
0.31286 0.037574 0.50586
0.30414 0.037559 0.5198
0.33021 0.037635 0.5071
0.31768 0.037574 0.53656
0.32146 0.037572 0.55722
0.30431 0.037538 0.57364
0.32879 0.037561 0.58771
0.30156 0.037521 0.6127
0.3044 0.037518 0.62548
0.33096 0.037537 0.62117
0.32658 0.037519 0.64828
0.32874 0.037516 0.66266
0.33086 0.037509 0.69425
0.33007 0.037505 0.71327
0.32327 0.037504 0.72545
0.30861 0.037502 0.73523
0.31402 0.037502 0.75514
0.3256 0.037503 0.74196
0.32335 0.037502 0.76025
0.31359 0.037501 0.77558
0.3057 0.037501 0.78938
0.32044 0.037501 0.77983
0.32046 0.037501 0.79669
0.30401 0.037501 0.80318
0.32199 0.0375 0.82452
0.30538 0.0375 0.83933
0.31151 0.0375 0.85723
0.30392 0.037496 0.88122
0.3116 0.037498 0.88922
0.32364 0.037498 0.87021
0.32169 0.037499 0.89584
0.30472 0.037506 0.91246
0.31407 0.037508 0.9288
0.33086 0.037504 0.90529
0.32181 0.037505 0.92245
0.30576 0.037507 0.94537
0.32407 0.037506 0.94258
0.34101 0.0375 0.040913
0.34009 0.0375 0.056463
0.36467 0.0375 0.041032
0.35405 0.0375 0.052026
0.34054 0.0375 0.074847
0.34009 0.0375 0.087705
0.35542 0.0375 0.085528
0.34208 0.0375 0.10718
0.3372 0.0375 0.12524
0.35677 0.0375 0.12453
0.34018 0.0375 0.14288
0.34449 0.0375 0.15561
0.35635 0.0375 0.14516
0.36318 0.0375 0.15405
0.34525 0.037501 0.17397
0.34539 0.037501 0.18511
0.35232 0.037501 0.16962
0.35748 0.037501 0.18531
0.33864 0.037501 0.20504
0.33774 0.037502 0.22588
0.35409 0.037501 0.20458
0.34525 0.037503 0.23948
0.34113 0.037504 0.26308
0.35574 0.037503 0.24258
0.36323 0.037506 0.25909
0.34696 0.037507 0.28012
0.34469 0.037509 0.2904
0.3621 0.037509 0.27788
0.35467 0.037509 0.28604
0.33908 0.037511 0.30475
0.3416 0.03752 0.32833
0.35583 0.037515 0.30477
0.35233 0.037524 0.32841
0.34677 0.037525 0.33575
0.33712 0.037531 0.35539
0.35231 0.037534 0.34539
0.36355 0.037588 0.3776
0.36227 0.037623 0.39541
0.34067 0.03759 0.41197
0.33954 0.037611 0.42781
0.35262 0.037611 0.40628
0.34334 0.037643 0.4419
0.35695 0.037713 0.43923
0.33427 0.03765 0.47809
0.34073 0.037679 0.49718
0.35819 0.037822 0.4923
0.34536 0.037698 0.50566
0.35052 0.037731 0.50591
0.36206 0.037831 0.52696
0.33425 0.037604 0.56046
0.35993 0.037777 0.53881
0.35436 0.037686 0.55748
0.3468 0.037602 0.5809
0.33676 0.037563 0.59854
0.33715 0.037556 0.60642
0.34178 0.037544 0.62346
0.36031 0.037605 0.60335
0.36432 0.037581 0.61906
0.34767 0.03753 0.64773
0.33624 0.037518 0.66274
0.36108 0.037547 0.64287
0.35562 0.037529 0.65956
0.33821 0.037511 0.68942
0.35705 0.037523 0.67213
0.3613 0.037514 0.69592
0.33522 0.037507 0.70697
0.34282 0.037506 0.72032
0.35852 0.03751 0.70787
0.35219 0.037505 0.7304
0.34152 0.037504 0.7367
0.3424 0.037502 0.76373
0.3546 0.037504 0.74178
0.35724 0.037503 0.75865
0.35522 0.037502 0.77579
0.35592 0.037501 0.79828
0.3471 0.037501 0.81132
0.33632 0.037501 0.81888
0.35637 0.037501 0.82271
0.34659 0.037501 0.84117
0.34425 0.037499 0.85824
0.3635 0.037501 0.83512
0.36246 0.037499 0.85915
0.33855 0.037496 0.87726
0.34179 0.0375 0.89141
0.35473 0.037496 0.88605
0.34682 0.037513 0.90904
0.34008 0.037503 0.92659
0.35449 0.037516 0.9121
0.35442 0.037507 0.92361
0.34622 0.037482 0.93805
0.33792 0.035457 0.95833
0.36109 0.037485 0.93789
0.35307 0.034841 0.96256
0.37148 0.0375 0.035167
0.3811 0.0375 0.056691
0.38987 0.0375 0.041132
0.39095 0.0375 0.071436
0.39466 0.0375 0.09377
0.37109 0.0375 0.10635
0.38137 0.0375 0.11958
0.39394 0.0375 0.11026
0.38876 0.0375 0.11903
0.37108 0.0375 0.14814
0.37261 0.037501 0.16192
0.3944 0.0375 0.14191
0.37904 0.037501 0.17255
0.37393 0.037501 0.18508
0.39437 0.037502 0.19674
0.37516 0.037502 0.20424
0.3786 0.037503 0.22182
0.38995 0.037502 0.21041
0.38994 0.037503 0.22067
0.37496 0.037505 0.24712
0.37298 0.037507 0.25914
0.39815 0.037506 0.23949
0.39571 0.037511 0.2635
0.37252 0.03751 0.27465
0.37263 0.037518 0.29777
0.39616 0.037516 0.28097
0.38525 0.03752 0.29577
0.38002 0.037534 0.32139
0.39279 0.037532 0.30952
0.39207 0.03754 0.3196
0.36938 0.037542 0.33629
0.37557 0.037574 0.35758
0.37104 0.037629 0.38801
0.39159 0.037638 0.36947
0.37803 0.037719 0.40767
0.38737 0.037781 0.40726
0.38483 0.037827 0.41986
0.37539 0.037892 0.44694
0.37635 0.037946 0.45753
0.38161 0.037907 0.43891
0.38366 0.038102 0.46308
0.3672 0.037921 0.47962
0.38597 0.038303 0.49172
0.36909 0.037946 0.51117
0.37464 0.037948 0.5316
0.38377 0.038212 0.50857
0.38092 0.038026 0.53216
0.3764 0.037887 0.54905
0.3687 0.037769 0.56186
0.36775 0.037691 0.58018
0.36796 0.037642 0.59734
0.38483 0.037825 0.57455
0.39114 0.037756 0.59647
0.37126 0.037602 0.61547
0.37044 0.037585 0.6241
0.38523 0.037641 0.61391
0.38936 0.037625 0.62478
0.36853 0.037554 0.64374
0.37001 0.037535 0.66486
0.3959 0.037599 0.64106
0.39622 0.037571 0.65282
0.36994 0.037526 0.6769
0.38672 0.037542 0.66882
0.3904 0.037525 0.6918
0.38148 0.037509 0.72647
0.39698 0.03752 0.70573
0.39022 0.03751 0.72723
0.37801 0.037505 0.74729
0.36951 0.037504 0.75355
0.38591 0.037506 0.74391
0.38093 0.037503 0.77722
0.37826 0.037502 0.79614
0.38757 0.037503 0.77221
0.37753 0.037501 0.80616
0.37109 0.037501 0.82825
0.37418 0.037501 0.83645
0.37274 0.0375 0.85412
0.38814 0.037501 0.8368
0.38952 0.037498 0.86223
0.37524 0.037495 0.87439
0.3708 0.0375 0.894
0.3924 0.037502 0.89768
0.37473 0.037508 0.90895
0.38151 0.037504 0.92812
0.38798 0.037507 0.9084
0.39505 0.037504 0.9308
0.37864 0.037493 0.94151
0.37273 0.036358 0.95397
0.39157 0.037496 0.94228
0.39768 0.036165 0.95482
0.41451 0.0375 0.036703
0.42004 0.0375 0.04152
0.42102 0.0375 0.064647
0.40482 0.0375 0.081366
0.42612 0.0375 0.073587
0.43124 0.0375 0.094777
0.41443 0.0375 0.10856
0.40498 0.0375 0.12004
0.42167 0.0375 0.10617
0.42151 0.0375 0.1274
0.41155 0.037501 0.14714
0.4067 0.037501 0.16384
0.42619 0.037501 0.15496
0.41004 0.037501 0.17329
0.40902 0.037502 0.19463
0.42096 0.037501 0.18001
0.42322 0.037502 0.18704
0.41413 0.037506 0.23114
0.42539 0.037503 0.21087
0.43051 0.037504 0.2186
0.40166 0.037507 0.2454
0.41305 0.037514 0.26465
0.43077 0.037508 0.23695
0.41203 0.037519 0.28031
0.4082 0.037524 0.28936
0.43054 0.037537 0.2949
0.41452 0.037546 0.31214
0.40662 0.037559 0.32442
0.42768 0.037544 0.30273
0.42334 0.037562 0.31886
0.40814 0.037597 0.34373
0.41254 0.037655 0.35851
0.42665 0.037614 0.3383
0.42045 0.037701 0.36286
0.40743 0.037796 0.38827
0.42677 0.037777 0.37088
0.39933 0.037899 0.40816
0.40034 0.038101 0.42516
0.4241 0.038216 0.40695
0.41837 0.038316 0.4205
0.40319 0.038408 0.44156
0.4035 0.038639 0.45579
0.41652 0.038475 0.43065
0.39453 0.038525 0.47247
0.39467 0.038628 0.49203
0.40961 0.038973 0.46922
0.40487 0.039072 0.49807
0.39979 0.038831 0.50318
0.39679 0.038617 0.52241
0.41011 0.03911 0.5061
0.40807 0.039021 0.52761
0.40121 0.038373 0.55097
0.41597 0.038529 0.5584
0.40236 0.037903 0.58802
0.42176 0.037974 0.60082
0.40344 0.037747 0.61006
0.40715 0.037653 0.63228
0.42048 0.037822 0.6126
0.40779 0.037618 0.6425
0.41213 0.037586 0.65582
0.42113 0.037652 0.64144
0.42914 0.037617 0.65342
0.40288 0.037545 0.67661
0.40862 0.037536 0.6865
0.42933 0.037568 0.67551
0.42928 0.037542 0.69208
0.41285 0.037522 0.70887
0.40736 0.037514 0.72201
0.42543 0.037518 0.72026
0.40573 0.037506 0.75441
0.42395 0.03751 0.742
0.41838 0.037506 0.75852
0.40986 0.037504 0.77513
0.4019 0.037502 0.79531
0.42692 0.037504 0.77682
0.42994 0.037503 0.7932
0.41382 0.037501 0.81367
0.43087 0.037502 0.80615
0.41839 0.037501 0.82229
0.40455 0.037501 0.83745
0.42371 0.0375 0.8596
0.41252 0.037496 0.87902
0.40815 0.037504 0.89695
0.42733 0.037497 0.87952
0.42212 0.037499 0.8883
0.40986 0.037512 0.9072
0.40811 0.037507 0.92999
0.4272 0.03751 0.92757
0.40283 0.037494 0.94492
0.4184 0.0375 0.93801
0.42804 0.035016 0.9612
0.43774 0.0375 0.041608
0.44351 0.0375 0.061792
0.45693 0.0375 0.045172
0.43768 0.0375 0.072137
0.4382 0.0375 0.09287
0.46485 0.0375 0.080988
0.45855 0.0375 0.096913
0.4351 0.0375 0.12173
0.46237 0.0375 0.104
0.44561 0.037501 0.14255
0.43795 0.037501 0.15824
0.45428 0.037501 0.1447
0.46396 0.037501 0.15977
0.44646 0.037501 0.17232
0.44342 0.037503 0.19358
0.46123 0.037502 0.18009
0.45873 0.037503 0.19726
0.44654 0.037504 0.20857
0.44124 0.037505 0.22085
0.45422 0.037507 0.22869
0.43888 0.037509 0.24162
0.4357 0.037514 0.25731
0.45214 0.03751 0.2405
0.43844 0.037519 0.26857
0.43891 0.037529 0.28499
0.45863 0.037529 0.2794
0.46252 0.037547 0.29313
0.43761 0.037549 0.3017
0.45212 0.037573 0.31392
0.45998 0.037631 0.32921
0.43966 0.037639 0.33954
0.43802 0.037726 0.35701
0.4573 0.037656 0.33659
0.45348 0.037716 0.35088
0.44006 0.03783 0.36908
0.4356 0.03811 0.39177
0.4613 0.037943 0.36996
0.455 0.038078 0.38222
0.45056 0.038672 0.40373
0.42757 0.038419 0.43343
0.42299 0.038312 0.45004
0.44762 0.038141 0.4237
0.4443 0.037062 0.44163
0.41722 0.038447 0.46417
0.4186 0.037986 0.48895
0.43458 0.035962 0.49746
0.42007 0.038085 0.51061
0.41672 0.038682 0.52755
0.42555 0.037481 0.51415
0.43512 0.037594 0.54378
0.43283 0.038202 0.55835
0.43623 0.038268 0.56894
0.44038 0.037946 0.55768
0.44259 0.038196 0.56825
0.43626 0.038425 0.58735
0.44673 0.03852 0.58213
0.44486 0.038086 0.60921
0.43399 0.037774 0.62772
0.45585 0.038071 0.61405
0.46086 0.037893 0.62726
0.43946 0.03767 0.64642
0.43749 0.03762 0.65762
0.45648 0.037706 0.64658
0.4538 0.037647 0.65678
0.43744 0.037567 0.67886
0.44431 0.037548 0.69386
0.46358 0.037556 0.69331
0.44055 0.037529 0.71008
0.445 0.037519 0.72789
0.45485 0.037534 0.70891
0.45849 0.037519 0.73065
0.44719 0.037514 0.73857
0.43558 0.037507 0.75997
0.45942 0.037513 0.74383
0.45581 0.037508 0.76102
0.43971 0.037505 0.77453
0.44107 0.037503 0.79656
0.45386 0.037505 0.77816
0.46449 0.037503 0.79797
0.44263 0.037501 0.81944
0.45375 0.037502 0.81356
0.45355 0.037501 0.82297
0.44412 0.037501 0.83631
0.43713 0.0375 0.85963
0.46254 0.037501 0.83706
0.43944 0.037498 0.87002
0.44005 0.0375 0.89018
0.45247 0.037498 0.88059
0.46002 0.037501 0.89419
0.44661 0.037509 0.91381
0.44658 0.037509 0.92595
0.45974 0.037508 0.91453
0.45541 0.037508 0.93039
0.44379 0.037506 0.94717
0.46362 0.037505 0.9436
0.45955 0.034765 0.96323
0.44776 0.057628 0.47446
0.44426 0.057588 0.48796
0.44608 0.058101 0.51837
0.45102 0.059029 0.50559
0.48129 0.0375 0.046216
0.47818 0.0375 0.064936
0.49585 0.0375 0.039097
0.48805 0.0375 0.062915
0.47104 0.0375 0.081503
0.47436 0.0375 0.093889
0.49216 0.0375 0.074162
0.49126 0.0375 0.095013
0.48116 0.0375 0.11233
0.47652 0.0375 0.11906
0.48568 0.0375 0.1064
0.49505 0.0375 0.12773
0.47498 0.037501 0.13974
0.49185 0.037501 0.1545
0.47053 0.037502 0.17565
0.47734 0.037503 0.19
0.48677 0.037502 0.1714
0.47842 0.037504 0.20649
0.47537 0.037507 0.22475
0.48963 0.037504 0.20351
0.48977 0.037507 0.22208
0.47258 0.037512 0.24698
0.47849 0.037516 0.25367
0.48703 0.037511 0.23871
0.49253 0.037515 0.25208
0.46871 0.037531 0.2803
0.48042 0.037539 0.28538
0.4927 0.037533 0.27959
0.49744 0.037556 0.29489
0.47406 0.037584 0.31358
0.47751 0.037628 0.32452
0.48806 0.037639 0.32582
0.47299 0.037703 0.34234
0.47767 0.037885 0.35989
0.48972 0.037735 0.34562
0.49354 0.037916 0.3608
0.47649 0.038029 0.37079
0.47922 0.038254 0.38129
0.49554 0.038524 0.38711
0.47202 0.039007 0.4013
0.48648 0.039002 0.3974
0.48844 0.039126 0.40508
0.45703 0.037476 0.42432
0.45776 0.036069 0.43864
0.4824 0.037368 0.41601
0.48499 0.035963 0.42634
0.45815 0.034976 0.45997
0.48721 0.034337 0.49681
0.45786 0.034692 0.51708
0.4505 0.036294 0.54777
0.47735 0.035348 0.55764
0.46855 0.0375 0.57118
0.48967 0.035966 0.5656
0.49547 0.037899 0.57967
0.46438 0.038753 0.58584
0.47189 0.038699 0.59954
0.4927 0.039145 0.59147
0.49737 0.038687 0.60373
0.47208 0.038294 0.61101
0.47139 0.037858 0.63436
0.48585 0.038268 0.61462
0.49571 0.037902 0.63415
0.46888 0.037795 0.63987
0.46924 0.037657 0.65918
0.49756 0.037771 0.64561
0.47544 0.037617 0.67163
0.47274 0.037552 0.69874
0.48498 0.037603 0.67691
0.4917 0.037565 0.69147
0.47709 0.037527 0.71962
0.49175 0.037549 0.70312
0.49295 0.037525 0.72446
0.47705 0.037516 0.74057
0.47844 0.03751 0.75494
0.49394 0.037515 0.74302
0.49542 0.03751 0.75577
0.48016 0.037507 0.76867
0.47112 0.037504 0.79118
0.49182 0.037503 0.79811
0.47905 0.037501 0.82704
0.49396 0.037502 0.80878
0.49186 0.037501 0.82998
0.47711 0.037501 0.84157
0.47937 0.0375 0.85806
0.48622 0.0375 0.85532
0.47632 0.037499 0.87418
0.47366 0.037499 0.88526
0.49428 0.037498 0.87965
0.46963 0.037506 0.92732
0.49122 0.037505 0.90861
0.48644 0.037502 0.92978
0.47626 0.0375 0.94443
0.47624 0.036741 0.95253
0.4875 0.037498 0.93824
0.4883 0.046171 0.46558
0.46401 0.050532 0.5052
0.48013 0.048076 0.51606
0.48725 0.050226 0.53219
0.48507 0.052193 0.44362
0.49146 0.055255 0.43978
0.45433 0.054065 0.47047
0.45221 0.052846 0.48951
0.456 0.056939 0.46102
0.44766 0.054414 0.48095
0.49217 0.049341 0.45137
0.46859 0.046154 0.47814
0.48931 0.05244 0.4431
0.48577 0.048687 0.49619
0.46198 0.052957 0.5186
0.44483 0.057248 0.51537
0.4656 0.059799 0.54793
0.49498 0.048343 0.52937
0.47954 0.055006 0.55009
0.48426 0.051742 0.52565
0.47514 0.056667 0.55134
0.46826 0.059173 0.54958
0.49266 0.055883 0.44042
0.46219 0.059328 0.45968
0.45951 0.054787 0.49213
0.47119 0.059224 0.45792
0.45635 0.059777 0.49373
0.47694 0.055703 0.44438
0.47491 0.054404 0.48999
0.48061 0.059046 0.45832
0.48974 0.063954 0.47668
0.45114 0.059572 0.5247
0.45295 0.060482 0.53066
0.45225 0.05925 0.50286
0.46941 0.061715 0.52646
0.47453 0.053912 0.51039
0.48992 0.056804 0.53314
0.49323 0.057965 0.5041
0.48132 0.061151 0.53535
0.46908 0.060051 0.54984
0.48758 0.057938 0.55662
0.48373 0.062612 0.47309
0.48904 0.063992 0.52399
0.50744 0.0375 0.045828
0.5253 0.0375 0.047989
0.52434 0.0375 0.058093
0.50675 0.0375 0.072896
0.50688 0.0375 0.090461
0.5295 0.0375 0.069014
0.5236 0.0375 0.090867
0.50219 0.0375 0.1091
0.51195 0.0375 0.12012
0.5272 0.0375 0.11167
0.52257 0.0375 0.11861
0.51483 0.037501 0.14222
0.51263 0.037501 0.15328
0.51899 0.037501 0.14062
0.52044 0.037501 0.1637
0.5103 0.037502 0.16992
0.51496 0.037502 0.18532
0.52871 0.037502 0.18112
0.51888 0.037502 0.18601
0.51437 0.037505 0.21087
0.50232 0.037506 0.21902
0.5274 0.037504 0.20582
0.52974 0.037506 0.21905
0.51171 0.037512 0.24287
0.51013 0.037519 0.25816
0.52319 0.037512 0.24412
0.5198 0.03752 0.26045
0.50462 0.037551 0.29196
0.52401 0.03753 0.27647
0.52063 0.037538 0.28478
0.5053 0.037576 0.30634
0.5136 0.037642 0.32657
0.52851 0.037568 0.30431
0.53003 0.037625 0.32519
0.50506 0.037722 0.34314
0.5297 0.037704 0.34328
0.53166 0.037771 0.35258
0.50227 0.038512 0.38684
0.52062 0.038026 0.36951
0.53042 0.038471 0.38951
0.5061 0.039105 0.39924
0.50715 0.039227 0.40351
0.53599 0.039015 0.40754
0.51748 0.037618 0.41581
0.5128 0.03629 0.42479
0.52948 0.037496 0.41983
0.54011 0.036065 0.43862
0.51562 0.034547 0.45797
0.54694 0.035294 0.45573
0.53953 0.034498 0.48558
0.50222 0.034354 0.51845
0.50962 0.035192 0.55844
0.53598 0.034484 0.52192
0.54686 0.036043 0.55263
0.50279 0.03838 0.58376
0.52893 0.037954 0.5785
0.53007 0.038895 0.58814
0.52493 0.038799 0.59924
0.50538 0.037963 0.62946
0.5241 0.038396 0.60985
0.53095 0.03792 0.6293
0.507 0.037795 0.64356
0.51337 0.037683 0.6573
0.52776 0.03772 0.64879
0.53137 0.037662 0.65897
0.50851 0.037609 0.67573
0.5029 0.037569 0.6894
0.52106 0.037622 0.67176
0.53172 0.037566 0.68791
0.50221 0.037533 0.71464
0.50829 0.037523 0.72921
0.51897 0.037522 0.73037
0.50693 0.037516 0.74198
0.50801 0.037511 0.75386
0.52587 0.037519 0.73544
0.51926 0.03751 0.75559
0.51424 0.037507 0.76958
0.50487 0.037504 0.7919
0.52648 0.037505 0.77945
0.53107 0.037504 0.79255
0.50642 0.037502 0.80948
0.51181 0.037502 0.81877
0.52348 0.037502 0.81351
0.52392 0.037502 0.82321
0.51067 0.0375 0.8526
0.53146 0.0375 0.85972
0.50911 0.037498 0.87689
0.51464 0.037499 0.8914
0.53022 0.037498 0.87611
0.531 0.037501 0.89403
0.5017 0.037505 0.91453
0.52024 0.037503 0.91122
0.50424 0.03685 0.9521
0.52748 0.037484 0.94482
0.5254 0.035508 0.9581
0.50611 0.045447 0.49809
0.50939 0.046064 0.52233
0.50606 0.049256 0.45283
0.5251 0.045448 0.48677
0.52392 0.05496 0.44426
0.49965 0.050206 0.47473
0.54802 0.050394 0.50537
0.53813 0.055876 0.46008
0.55501 0.054226 0.50454
0.51624 0.045592 0.51774
0.50343 0.053486 0.54799
0.52642 0.048873 0.52774
0.52166 0.057437 0.55458
0.53941 0.047786 0.5207
0.53304 0.055594 0.54408
0.55736 0.055503 0.52087
0.5449 0.058511 0.54096
0.50706 0.057702 0.55722
0.51367 0.056477 0.44344
0.51471 0.057109 0.44753
0.50378 0.055343 0.48558
0.50967 0.0597 0.45724
0.51363 0.063863 0.47846
0.53613 0.059311 0.45979
0.54385 0.058194 0.49013
0.53283 0.06105 0.48753
0.52189 0.053443 0.51963
0.51549 0.058133 0.55117
0.51391 0.058234 0.51106
0.50828 0.0618 0.5352
0.55146 0.057624 0.52585
0.53924 0.06022 0.54184
0.54549 0.058382 0.51633
0.5027 0.063407 0.47257
0.51128 0.06442 0.48054
0.51666 0.06473 0.51638
0.5406 0.0375 0.055281
0.56238 0.0375 0.036819
0.55818 0.0375 0.064639
0.54253 0.0375 0.095586
0.55424 0.0375 0.073297
0.55489 0.0375 0.09133
0.54268 0.0375 0.11232
0.54697 0.0375 0.12859
0.55217 0.0375 0.11154
0.55213 0.0375 0.12874
0.54305 0.037501 0.13952
0.5623 0.037501 0.14091
0.55524 0.037501 0.15275
0.54565 0.037502 0.1778
0.56375 0.037501 0.17533
0.54657 0.037504 0.20872
0.53866 0.037507 0.22564
0.56392 0.037503 0.20562
0.55806 0.037507 0.22932
0.54298 0.037509 0.23697
0.55328 0.037508 0.23527
0.56342 0.037518 0.26396
0.54283 0.037528 0.27747
0.5615 0.037526 0.28037
0.55995 0.037535 0.28869
0.53987 0.0376 0.32089
0.56291 0.037556 0.3071
0.55848 0.037579 0.31885
0.54611 0.037663 0.33876
0.54447 0.037804 0.35849
0.55821 0.037661 0.34363
0.5626 0.037736 0.35739
0.53644 0.037927 0.36703
0.54518 0.038337 0.39056
0.55606 0.037877 0.37032
0.54363 0.038935 0.40877
0.56857 0.038375 0.40641
0.5674 0.038578 0.41491
0.55345 0.037249 0.43824
0.57287 0.038547 0.42852
0.55764 0.035605 0.45927
0.56539 0.035209 0.48533
0.56559 0.035405 0.51116
0.58584 0.038101 0.51712
0.58185 0.038248 0.54031
0.56051 0.037874 0.56001
0.54802 0.038479 0.58046
0.57032 0.038279 0.55925
0.57497 0.03844 0.56662
0.5527 0.038637 0.58345
0.57033 0.038419 0.57956
0.56017 0.038404 0.59494
0.54845 0.038189 0.60975
0.53722 0.037919 0.62744
0.56601 0.03778 0.63011
0.54375 0.037764 0.6414
0.54458 0.037634 0.66338
0.56163 0.037747 0.63718
0.53802 0.03761 0.67201
0.5463 0.037553 0.69499
0.5595 0.037586 0.6742
0.55287 0.03755 0.69556
0.53514 0.037534 0.71197
0.53762 0.037521 0.72836
0.55677 0.037538 0.70416
0.53862 0.037516 0.73928
0.55179 0.037511 0.74796
0.56214 0.037507 0.76298
0.53774 0.037507 0.77023
0.54189 0.037503 0.79403
0.56316 0.037504 0.78058
0.56289 0.037503 0.79817
0.54708 0.037503 0.80534
0.54195 0.037501 0.82999
0.55371 0.037502 0.80769
0.55469 0.037501 0.82626
0.5391 0.037501 0.84833
0.55259 0.037501 0.847
0.55955 0.037499 0.86241
0.54094 0.037498 0.88683
0.55583 0.037496 0.88125
0.56366 0.037498 0.8888
0.54612 0.03751 0.90877
0.5366 0.0375 0.92935
0.5584 0.03751 0.91206
0.55457 0.037506 0.92897
0.54323 0.037491 0.94404
0.54726 0.03521 0.95994
0.56264 0.037503 0.94127
0.55362 0.036579 0.95311
0.5548 0.053401 0.50792
0.55364 0.056406 0.51336
0.57483 0.0375 0.045514
0.58508 0.0375 0.040904
0.59301 0.0375 0.063913
0.57084 0.0375 0.097815
0.58732 0.0375 0.074705
0.59359 0.0375 0.096532
0.57007 0.0375 0.11408
0.5746 0.0375 0.12922
0.59226 0.0375 0.10782
0.58504 0.0375 0.11998
0.58022 0.037501 0.14793
0.59674 0.037501 0.14014
0.59112 0.037501 0.15839
0.57741 0.037501 0.17893
0.57028 0.037502 0.1892
0.58601 0.037501 0.1813
0.59594 0.037502 0.18764
0.57023 0.037505 0.22443
0.59008 0.037503 0.21445
0.57381 0.037509 0.244
0.57214 0.037516 0.26284
0.59831 0.037506 0.23847
0.58868 0.037512 0.26048
0.5785 0.037517 0.26871
0.58769 0.037518 0.2744
0.59014 0.037527 0.29127
0.56862 0.037551 0.30548
0.57469 0.037567 0.31956
0.59063 0.037543 0.31019
0.58711 0.037559 0.32036
0.57173 0.03763 0.34149
0.59493 0.037595 0.34279
0.59819 0.037617 0.35322
0.57085 0.037786 0.36851
0.58088 0.037902 0.38887
0.59179 0.037722 0.37395
0.58217 0.038154 0.40944
0.58529 0.038329 0.42212
0.60083 0.037878 0.40303
0.58468 0.038539 0.43138
0.59272 0.038806 0.45336
0.59879 0.038355 0.43841
0.60092 0.03848 0.44964
0.59024 0.038585 0.47512
0.5964 0.039172 0.4966
0.60295 0.03867 0.46593
0.60411 0.03887 0.49424
0.59499 0.039158 0.51502
0.59538 0.039018 0.52987
0.6017 0.038972 0.50972
0.60018 0.038743 0.53416
0.59067 0.038875 0.54263
0.57715 0.03842 0.5716
0.60074 0.038557 0.54364
0.59692 0.038321 0.5638
0.5838 0.038178 0.58367
0.59294 0.038065 0.58302
0.59369 0.037881 0.59994
0.5791 0.037859 0.61241
0.5765 0.037761 0.6255
0.59513 0.037691 0.62499
0.57421 0.037667 0.64374
0.5711 0.037598 0.66489
0.59854 0.037607 0.64544
0.59004 0.037579 0.6632
0.57598 0.037568 0.67556
0.58553 0.037565 0.67282
0.58526 0.03754 0.68999
0.56874 0.037519 0.72409
0.58767 0.037516 0.7221
0.57014 0.037514 0.73632
0.5945 0.037508 0.74745
0.59041 0.037506 0.76414
0.56985 0.037503 0.78809
0.59045 0.037502 0.79801
0.57736 0.037502 0.80174
0.57595 0.037501 0.81881
0.58927 0.037502 0.81467
0.57702 0.037501 0.84385
0.59591 0.037501 0.8449
0.5726 0.037497 0.87181
0.59575 0.037499 0.89502
0.57289 0.037504 0.91064
0.592 0.037503 0.90893
0.57312 0.037508 0.94717
0.57626 0.036811 0.95231
0.59044 0.037513 0.94268
0.58513 0.034766 0.96327
0.60834 0.0375 0.04566
0.61063 0.0375 0.062962
0.62836 0.0375 0.042838
0.63026 0.0375 0.054237
0.61398 0.0375 0.076722
0.60231 0.0375 0.08927
0.63052 0.0375 0.081057
0.62556 0.0375 0.087494
0.60954 0.0375 0.11387
0.608 0.0375 0.13015
0.621 0.0375 0.10692
0.62711 0.0375 0.12666
0.60222 0.037501 0.13508
0.61329 0.037501 0.16349
0.62695 0.0375 0.13717
0.62763 0.037501 0.15213
0.60622 0.037501 0.17602
0.61326 0.037501 0.18859
0.62639 0.037501 0.17024
0.61188 0.037503 0.21047
0.60548 0.037505 0.22877
0.62139 0.037502 0.21412
0.62188 0.037503 0.22642
0.60341 0.037508 0.25343
0.62132 0.037505 0.24499
0.62418 0.037507 0.25533
0.62599 0.037512 0.27919
0.6073 0.037543 0.32004
0.61949 0.037524 0.30349
0.6298 0.03754 0.33118
0.62279 0.037553 0.33779
0.63075 0.037578 0.36122
0.60541 0.03766 0.37058
0.61081 0.037723 0.39076
0.62047 0.037609 0.36796
0.62622 0.037641 0.3865
0.61121 0.037975 0.42722
0.62432 0.037818 0.42636
0.61641 0.037988 0.43937
0.61445 0.038226 0.46136
0.62454 0.03793 0.4465
0.62848 0.037913 0.45061
0.62049 0.038207 0.48798
0.63065 0.037989 0.4734
0.6316 0.038015 0.49419
0.62178 0.038164 0.50754
0.61214 0.038366 0.52988
0.6339 0.037979 0.5066
0.62465 0.038067 0.5253
0.61526 0.038148 0.54224
0.61471 0.037976 0.56338
0.62676 0.037944 0.54401
0.62321 0.037892 0.55955
0.61056 0.037905 0.57834
0.62306 0.037729 0.58927
0.60875 0.037678 0.61567
0.62997 0.037596 0.62447
0.60506 0.037602 0.64342
0.60227 0.037564 0.66416
0.62642 0.037529 0.67917
0.62873 0.037523 0.68801
0.60233 0.037524 0.70268
0.60182 0.037514 0.72163
0.62324 0.03751 0.72533
0.6075 0.037509 0.74075
0.60292 0.037506 0.75385
0.62209 0.037507 0.74417
0.62233 0.037505 0.75205
0.60796 0.037503 0.77957
0.60939 0.037503 0.78576
0.62464 0.037503 0.77935
0.62712 0.037502 0.78632
0.60215 0.037502 0.80274
0.60551 0.037501 0.83157
0.62753 0.037502 0.8053
0.63163 0.037501 0.82832
0.60619 0.037501 0.83878
0.60183 0.0375 0.85342
0.62426 0.037501 0.84282
0.62214 0.0375 0.85677
0.60917 0.037498 0.87049
0.60423 0.037499 0.89107
0.61841 0.037497 0.87901
0.62843 0.037499 0.88876
0.60702 0.037508 0.90981
0.60781 0.037512 0.92714
0.61949 0.037513 0.92852
0.60956 0.037513 0.94553
0.62158 0.03751 0.93828
0.6277 0.034633 0.96442
0.63745 0.0375 0.047226
0.65224 0.0375 0.038447
0.65422 0.0375 0.064483
0.64472 0.0375 0.080262
0.63858 0.0375 0.097206
0.66187 0.0375 0.074497
0.66474 0.0375 0.08627
0.65414 0.0375 0.1113
0.64623 0.037501 0.16202
0.65647 0.0375 0.14355
0.6577 0.037501 0.16136
0.64174 0.037501 0.17143
0.64314 0.037501 0.19514
0.6566 0.037501 0.17829
0.65311 0.037501 0.18542
0.6428 0.037502 0.20217
0.64 0.037502 0.21935
0.66235 0.037501 0.20423
0.6614 0.037502 0.2203
0.63604 0.037504 0.24207
0.64243 0.037506 0.26123
0.65545 0.037505 0.26447
0.63709 0.03751 0.27927
0.63617 0.037515 0.2949
0.6636 0.037506 0.27717
0.65338 0.037509 0.28803
0.64217 0.03752 0.31282
0.6589 0.037522 0.32979
0.63863 0.037539 0.33697
0.64378 0.03756 0.36308
0.66091 0.037526 0.33933
0.6645 0.037538 0.36165
0.6472 0.037594 0.39138
0.65558 0.037573 0.38831
0.6483 0.037658 0.42452
0.65955 0.037602 0.41276
0.6589 0.037622 0.42425
0.64206 0.037761 0.44454
0.64898 0.037734 0.45977
0.66155 0.037648 0.44437
0.64654 0.037807 0.48124
0.64646 0.037813 0.48867
0.65599 0.037722 0.48085
0.65826 0.037714 0.49648
0.64323 0.037854 0.5047
0.63998 0.03788 0.52196
0.65779 0.037716 0.51024
0.6655 0.037668 0.52598
0.65455 0.037684 0.54693
0.65573 0.037651 0.56206
0.64387 0.037686 0.57215
0.64651 0.037622 0.59223
0.66191 0.037581 0.59506
0.64434 0.03757 0.62322
0.65963 0.037566 0.60861
0.65213 0.037552 0.62876
0.64334 0.03755 0.64126
0.66304 0.037532 0.64333
0.6477 0.037514 0.69571
0.65648 0.037519 0.67392
0.65701 0.037513 0.68982
0.63945 0.037512 0.70963
0.63685 0.037509 0.72463
0.6548 0.037508 0.71374
0.66456 0.037506 0.72509
0.64342 0.037506 0.7358
0.63876 0.037504 0.7538
0.65788 0.037504 0.74236
0.6549 0.037504 0.75236
0.63528 0.037503 0.77742
0.64499 0.037502 0.78949
0.65336 0.037503 0.77257
0.65387 0.037502 0.79355
0.6449 0.037501 0.80707
0.64179 0.037501 0.82824
0.66154 0.037501 0.81038
0.66348 0.037501 0.82956
0.64342 0.037501 0.83588
0.64317 0.0375 0.85271
0.6534 0.037501 0.84068
0.65914 0.037499 0.86226
0.64739 0.037497 0.8802
0.64735 0.037498 0.88819
0.65413 0.037496 0.88133
0.6626 0.037502 0.89359
0.64358 0.037507 0.90794
0.63615 0.037506 0.92759
0.66231 0.037508 0.90286
0.65866 0.037513 0.91884
0.63504 0.0375 0.94207
0.6407 0.036418 0.95374
0.65599 0.03749 0.94001
0.66398 0.036151 0.95484
0.67939 0.0375 0.045184
0.68153 0.0375 0.05201
0.69802 0.0375 0.04068
0.68928 0.0375 0.059538
0.69691 0.0375 0.072443
0.69537 0.0375 0.092863
0.66919 0.0375 0.10327
0.66954 0.0375 0.12506
0.67304 0.0375 0.14277
0.67516 0.037501 0.15947
0.67854 0.037501 0.17175
0.69145 0.037501 0.17587
0.67821 0.037501 0.20884
0.66887 0.037502 0.22034
0.69345 0.037501 0.21499
0.68538 0.037502 0.22789
0.67376 0.037502 0.24272
0.68548 0.037502 0.24806
0.69179 0.037502 0.25266
0.67676 0.037507 0.28961
0.6942 0.037504 0.2796
0.68654 0.037505 0.28784
0.67317 0.037515 0.32437
0.69155 0.037508 0.31387
0.69126 0.037509 0.32034
0.68142 0.037516 0.33815
0.67641 0.037523 0.35156
0.68979 0.037516 0.34709
0.68704 0.037521 0.36077
0.6737 0.037538 0.3741
0.67207 0.037549 0.38627
0.69283 0.037526 0.3792
0.69386 0.03753 0.38947
0.67919 0.037555 0.4061
0.67511 0.037585 0.42844
0.69123 0.037542 0.40725
0.69838 0.037544 0.42484
0.67472 0.037621 0.46396
0.69543 0.03756 0.44739
0.67547 0.037632 0.48042
0.68233 0.037602 0.49305
0.69886 0.037566 0.47827
0.69869 0.037568 0.4979
0.67175 0.03765 0.51234
0.67168 0.037639 0.5277
0.6937 0.037574 0.52048
0.6723 0.037628 0.53624
0.67607 0.037591 0.56059
0.69062 0.037573 0.53568
0.69476 0.037553 0.56245
0.67197 0.03756 0.59822
0.69123 0.03755 0.57316
0.69847 0.037532 0.59557
0.68094 0.037541 0.60511
0.69143 0.037528 0.61431
0.69449 0.03752 0.63107
0.67488 0.037524 0.64527
0.67488 0.03752 0.65343
0.68863 0.037519 0.63918
0.69039 0.037514 0.65389
0.6739 0.037509 0.693
0.68923 0.037508 0.68537
0.67932 0.037506 0.71105
0.67039 0.037505 0.72319
0.68524 0.037506 0.70215
0.67646 0.037503 0.74716
0.66998 0.037503 0.76275
0.69229 0.037503 0.73872
0.69665 0.037502 0.76031
0.67339 0.037502 0.77129
0.67585 0.037502 0.79018
0.69134 0.037502 0.76987
0.68577 0.037501 0.79794
0.67157 0.037501 0.8055
0.68504 0.037501 0.80359
0.68729 0.037501 0.82659
0.67947 0.037502 0.84781
0.69318 0.037502 0.83741
0.68641 0.037498 0.86448
0.67948 0.037496 0.87071
0.6899 0.037497 0.86966
0.6905 0.037503 0.89416
0.67819 0.037518 0.90839
0.66903 0.037502 0.93085
0.68885 0.037503 0.93005
0.6799 0.037484 0.94263
0.68121 0.034744 0.96345
0.69499 0.03557 0.9577
0.70786 0.0375 0.037466
0.70683 0.0375 0.055077
0.72356 0.037501 0.042647
0.72615 0.037501 0.061171
0.70951 0.0375 0.076912
0.72706 0.037501 0.076217
0.70977 0.0375 0.1023
0.70623 0.037501 0.12779
0.725 0.037501 0.11341
0.72888 0.037501 0.12863
0.70402 0.037501 0.15936
0.73101 0.037501 0.14801
0.72872 0.037501 0.16043
0.70475 0.037501 0.17776
0.70256 0.037501 0.19485
0.72073 0.037501 0.1696
0.72991 0.037501 0.18799
0.70451 0.037501 0.20226
0.70386 0.037501 0.22097
0.71975 0.037501 0.21027
0.71131 0.037502 0.24697
0.73056 0.037501 0.25366
0.7148 0.037502 0.26965
0.71453 0.037503 0.29023
0.70325 0.037506 0.30658
0.71129 0.037507 0.32848
0.73048 0.037503 0.30774
0.71915 0.037506 0.32989
0.71278 0.037508 0.335
0.7128 0.037511 0.35823
0.72498 0.037506 0.33608
0.7308 0.037508 0.35865
0.71508 0.037514 0.3776
0.70559 0.037523 0.38898
0.72379 0.037511 0.37019
0.72065 0.037516 0.39428
0.70993 0.037528 0.41321
0.73116 0.037515 0.40399
0.72211 0.037521 0.42218
0.71294 0.037532 0.43647
0.70515 0.037551 0.46274
0.72867 0.037523 0.4436
0.72425 0.037528 0.45972
0.71138 0.037543 0.47145
0.71127 0.037546 0.49046
0.71877 0.037533 0.46926
0.725 0.037531 0.492
0.72111 0.037533 0.50793
0.72631 0.037529 0.52099
0.70745 0.037544 0.54475
0.72649 0.037526 0.54384
0.73131 0.03752 0.56359
0.71435 0.03752 0.59723
0.73149 0.037517 0.57584
0.72598 0.037518 0.58642
0.70857 0.037515 0.62845
0.71983 0.037515 0.60582
0.72715 0.03751 0.63027
0.70816 0.037511 0.64577
0.71254 0.037509 0.65275
0.72049 0.037509 0.64195
0.72388 0.037507 0.66055
0.7109 0.037506 0.68043
0.70683 0.037506 0.6892
0.72104 0.037506 0.6723
0.72535 0.037504 0.68677
0.71419 0.037504 0.7094
0.70265 0.037504 0.72259
0.7191 0.037503 0.71873
0.70652 0.037503 0.73931
0.70627 0.037502 0.75378
0.72734 0.037502 0.73709
0.72383 0.037502 0.75615
0.71077 0.037502 0.77372
0.70182 0.037502 0.79019
0.72252 0.037502 0.77278
0.71138 0.037501 0.81355
0.70219 0.037501 0.82546
0.72382 0.037501 0.80202
0.71442 0.037501 0.83529
0.70233 0.0375 0.85828
0.72081 0.037502 0.83556
0.70937 0.037495 0.88073
0.70338 0.037496 0.88548
0.71946 0.037497 0.87197
0.73164 0.037502 0.89576
0.70239 0.037512 0.90895
0.71366 0.037508 0.91842
0.72992 0.037508 0.90554
0.70926 0.035227 0.9598
0.73122 0.037482 0.94061
0.7376 0.037501 0.043641
0.74028 0.037501 0.057628
0.76013 0.037501 0.058928
0.75493 0.037501 0.077628
0.75265 0.037501 0.09169
0.76334 0.037501 0.10535
0.75322 0.037501 0.11888
0.74134 0.037501 0.1473
0.73743 0.037501 0.15313
0.75466 0.037501 0.13535
0.76259 0.037501 0.15886
0.73869 0.037501 0.17242
0.74432 0.037501 0.19555
0.75462 0.037501 0.17918
0.7531 0.037501 0.19381
0.74794 0.037501 0.20711
0.74213 0.037501 0.23134
0.75976 0.037501 0.22551
0.74155 0.037501 0.24461
0.76401 0.037501 0.236
0.74627 0.037501 0.26898
0.73533 0.037502 0.28524
0.76064 0.037501 0.27271
0.74092 0.037504 0.32658
0.75287 0.037502 0.3021
0.75583 0.037503 0.32369
0.73865 0.037505 0.3386
0.73869 0.037507 0.36415
0.7569 0.037503 0.34499
0.76105 0.037504 0.35679
0.74808 0.037506 0.37886
0.7443 0.037508 0.38739
0.76444 0.037504 0.37558
0.75519 0.037506 0.38993
0.74222 0.037511 0.40287
0.74091 0.037515 0.43054
0.7612 0.037507 0.41254
0.73776 0.037518 0.44324
0.7377 0.03752 0.46249
0.75829 0.03751 0.44432
0.76174 0.03751 0.45533
0.74682 0.037515 0.46971
0.73842 0.037522 0.48846
0.76391 0.03751 0.47586
0.76254 0.037511 0.4862
0.75997 0.037512 0.50812
0.7524 0.037513 0.52962
0.73781 0.037519 0.54281
0.73857 0.037517 0.56061
0.75577 0.037512 0.54002
0.7642 0.037509 0.55507
0.74717 0.037511 0.58092
0.75362 0.037508 0.59778
0.75958 0.037506 0.60389
0.73617 0.037507 0.64346
0.73776 0.037505 0.65938
0.75695 0.037504 0.64376
0.74224 0.037504 0.67337
0.74042 0.037503 0.69236
0.76071 0.037503 0.68103
0.74498 0.037503 0.71165
0.74226 0.037502 0.73068
0.74241 0.037502 0.74818
0.7394 0.037502 0.75259
0.75765 0.037502 0.75544
0.74455 0.037502 0.77386
0.74358 0.037502 0.79276
0.75314 0.037502 0.76926
0.74804 0.037501 0.81323
0.74765 0.037502 0.83114
0.75552 0.037502 0.80436
0.76152 0.037502 0.82278
0.73852 0.037499 0.85878
0.75612 0.037502 0.84663
0.74347 0.037496 0.86839
0.73961 0.037504 0.89768
0.75614 0.037492 0.87776
0.7556 0.0375 0.89283
0.74644 0.037509 0.90212
0.76187 0.037516 0.90928
0.75453 0.03751 0.92915
0.73692 0.037487 0.93953
0.73869 0.035562 0.95776
0.76344 0.035087 0.96076
0.7717 0.037501 0.044042
0.78016 0.037501 0.052644
0.79473 0.037501 0.047576
0.79772 0.037501 0.063581
0.77546 0.037501 0.069032
0.78984 0.037501 0.090839
0.78037 0.037501 0.11431
0.77941 0.037501 0.12996
0.79114 0.037501 0.11089
0.79483 0.037501 0.12523
0.78039 0.037501 0.14479
0.77765 0.037501 0.15813
0.78731 0.037501 0.13771
0.78858 0.037501 0.16266
0.77774 0.037501 0.17819
0.79701 0.037501 0.16897
0.78582 0.037501 0.1964
0.77712 0.037501 0.20753
0.77991 0.037501 0.22871
0.79309 0.037501 0.21222
0.78898 0.037501 0.22764
0.77116 0.037501 0.2385
0.77054 0.037501 0.26375
0.78862 0.037501 0.23727
0.78887 0.037501 0.25503
0.79158 0.037501 0.27652
0.76873 0.037502 0.31342
0.77493 0.037502 0.32895
0.79757 0.037501 0.30189
0.78628 0.037501 0.32326
0.77584 0.037502 0.34556
0.77488 0.037503 0.36162
0.78559 0.037502 0.33829
0.78528 0.037502 0.35783
0.77765 0.037503 0.37705
0.78129 0.037503 0.39358
0.79448 0.037502 0.37581
0.79517 0.037502 0.39453
0.77969 0.037504 0.40855
0.77634 0.037505 0.42388
0.78712 0.037503 0.40589
0.79173 0.037504 0.42964
0.77526 0.037507 0.44514
0.78963 0.037504 0.44782
0.78725 0.037505 0.45231
0.77103 0.037509 0.47252
0.77634 0.037508 0.4883
0.78964 0.037505 0.47092
0.79751 0.037504 0.4933
0.77975 0.037507 0.51299
0.78963 0.037505 0.50964
0.79681 0.037504 0.5306
0.76954 0.037508 0.55884
0.79122 0.037505 0.5359
0.79352 0.037504 0.56224
0.77586 0.037506 0.57833
0.77366 0.037506 0.58875
0.7907 0.037504 0.5773
0.78025 0.037504 0.60272
0.78862 0.037503 0.60478
0.76896 0.037504 0.63817
0.76909 0.037503 0.65744
0.79251 0.037503 0.64432
0.7875 0.037502 0.66429
0.77082 0.037503 0.68131
0.77302 0.037502 0.6894
0.79389 0.037502 0.68021
0.79354 0.037502 0.68529
0.77796 0.037502 0.70878
0.76832 0.037502 0.72976
0.78499 0.037502 0.73137
0.77514 0.037502 0.73964
0.77898 0.037502 0.76242
0.79555 0.037502 0.74018
0.79444 0.037502 0.7932
0.77005 0.037502 0.81443
0.77652 0.037502 0.82946
0.78651 0.037502 0.80497
0.79699 0.037502 0.82957
0.77571 0.037501 0.85224
0.7871 0.037501 0.84112
0.77769 0.037494 0.87668
0.77155 0.037502 0.89509
0.79516 0.037499 0.89188
0.77689 0.037516 0.93133
0.79139 0.037513 0.91312
0.7813 0.037517 0.94798
0.77236 0.03479 0.96308
0.79075 0.037514 0.94157
0.79592 0.035878 0.95619
0.80225 0.037501 0.046858
0.80289 0.037501 0.054259
0.82844 0.037501 0.04703
0.83091 0.037501 0.052306
0.80227 0.037501 0.077359
0.80381 0.037501 0.092788
0.82757 0.037501 0.073225
0.8204 0.037501 0.089998
0.80901 0.037501 0.10517
0.80766 0.037501 0.12314
0.81933 0.037501 0.10813
0.8264 0.037501 0.12543
0.82645 0.037501 0.14057
0.81887 0.0375 0.17454
0.81879 0.0375 0.18633
0.80944 0.0375 0.20711
0.80256 0.0375 0.22265
0.83054 0.0375 0.21308
0.82691 0.0375 0.22305
0.80358 0.0375 0.23819
0.80688 0.0375 0.2585
0.82857 0.0375 0.25848
0.81498 0.0375 0.28149
0.81007 0.0375 0.29038
0.8306 0.037501 0.27843
0.8236 0.0375 0.29401
0.81393 0.0375 0.30322
0.80834 0.037501 0.31958
0.82533 0.0375 0.30466
0.81848 0.0375 0.32874
0.80599 0.037501 0.34425
0.81073 0.037501 0.35401
0.81974 0.0375 0.34666
0.80577 0.037501 0.37873
0.80467 0.037502 0.39749
0.82857 0.037501 0.37896
0.80498 0.037502 0.41001
0.80549 0.037502 0.42885
0.8225 0.037501 0.4238
0.80598 0.037503 0.44309
0.81496 0.037502 0.45502
0.82928 0.037501 0.44
0.8073 0.037503 0.47297
0.80285 0.037504 0.49341
0.80259 0.037504 0.51248
0.81211 0.037503 0.52139
0.82376 0.037502 0.52148
0.80901 0.037503 0.55575
0.81892 0.037502 0.55202
0.80941 0.037502 0.59734
0.83014 0.037502 0.57827
0.82482 0.037502 0.59505
0.81203 0.037502 0.61318
0.81292 0.037502 0.62831
0.8269 0.037502 0.60808
0.82037 0.037502 0.62512
0.80517 0.037502 0.64618
0.80585 0.037502 0.65287
0.82054 0.037502 0.6361
0.81147 0.037502 0.66844
0.80473 0.037502 0.69752
0.82303 0.037502 0.68639
0.80744 0.037502 0.70911
0.82203 0.037502 0.7082
0.8043 0.037502 0.73552
0.8055 0.037502 0.76108
0.8309 0.037502 0.73988
0.83161 0.037503 0.75486
0.80261 0.037502 0.77419
0.8065 0.037502 0.79556
0.83045 0.037503 0.77793
0.82425 0.037502 0.79242
0.80928 0.037502 0.80506
0.82396 0.037502 0.82596
0.8037 0.037502 0.84605
0.81028 0.0375 0.85893
0.82907 0.037502 0.84205
0.82874 0.0375 0.86132
0.81426 0.037498 0.87144
0.80383 0.037498 0.89054
0.82593 0.037496 0.88038
0.80554 0.037505 0.90591
0.80458 0.03751 0.92131
0.81841 0.037504 0.90714
0.8046 0.037506 0.93804
0.81228 0.035033 0.96117
0.82692 0.037499 0.94806
0.82057 0.034752 0.9634
0.84177 0.037501 0.044746
0.83864 0.037501 0.054906
0.86106 0.0375 0.044907
0.84469 0.037501 0.079163
0.84821 0.037501 0.091341
0.85168 0.037501 0.074331
0.85349 0.0375 0.089599
0.85513 0.0375 0.10813
0.85449 0.0375 0.1316
0.83914 0.037501 0.14639
0.84597 0.0375 0.1587
0.85862 0.0375 0.14189
0.85245 0.0375 0.15201
0.83681 0.037501 0.18077
0.8393 0.037501 0.19158
0.85648 0.0375 0.18085
0.86446 0.037499 0.19583
0.84831 0.037501 0.20832
0.83627 0.037501 0.2289
0.85976 0.0375 0.21031
0.85177 0.0375 0.23035
0.84658 0.037501 0.24443
0.85627 0.037499 0.24493
0.85835 0.037498 0.25551
0.85507 0.0375 0.27391
0.85713 0.037499 0.29433
0.84175 0.0375 0.31379
0.83522 0.0375 0.32306
0.85953 0.037499 0.30639
0.85435 0.037499 0.31894
0.83978 0.0375 0.3532
0.85599 0.037499 0.34105
0.86402 0.037497 0.35989
0.84304 0.0375 0.3792
0.85205 0.0375 0.37765
0.86076 0.037498 0.39025
0.84675 0.0375 0.40949
0.84804 0.0375 0.42246
0.85243 0.0375 0.40429
0.86162 0.037498 0.42969
0.84053 0.037501 0.44128
0.83518 0.037501 0.45644
0.85452 0.0375 0.44535
0.8596 0.037499 0.45993
0.83827 0.037501 0.4769
0.84282 0.037501 0.49115
0.84161 0.037502 0.51248
0.84798 0.037502 0.5307
0.86442 0.0375 0.52172
0.84419 0.037502 0.54101
0.84523 0.037502 0.55625
0.86239 0.037499 0.54152
0.85962 0.0375 0.55424
0.84686 0.037501 0.57569
0.8392 0.037502 0.59493
0.86117 0.0375 0.57443
0.8532 0.037501 0.59103
0.84741 0.037501 0.62078
0.85784 0.037501 0.60235
0.85203 0.037501 0.63125
0.84645 0.037502 0.65948
0.86223 0.037499 0.63934
0.85595 0.037501 0.66314
0.84536 0.037502 0.67929
0.83666 0.037502 0.68845
0.85804 0.0375 0.67183
0.86089 0.0375 0.69668
0.83818 0.037502 0.70665
0.84497 0.037502 0.72474
0.85275 0.037502 0.70335
0.85375 0.037502 0.72763
0.84247 0.037503 0.73751
0.83994 0.037503 0.76375
0.85563 0.037503 0.75961
0.83659 0.037503 0.79442
0.85942 0.037503 0.77045
0.86374 0.037502 0.78967
0.84005 0.037503 0.81439
0.8624 0.037502 0.80416
0.85935 0.037502 0.82172
0.84218 0.037503 0.8423
0.8591 0.037502 0.8381
0.86022 0.037501 0.85584
0.84479 0.037498 0.87484
0.84034 0.037503 0.89607
0.85889 0.037498 0.86899
0.8438 0.037516 0.91838
0.86272 0.037508 0.9049
0.85416 0.037517 0.92149
0.84821 0.037513 0.93562
0.84118 0.035136 0.96042
0.86154 0.037511 0.93517
0.8597 0.034731 0.96353
0.8688 0.037499 0.039128
0.87056 0.037499 0.061113
0.88555 0.037499 0.03994
0.88704 0.0375 0.051969
0.88026 0.037497 0.076553
0.88081 0.037497 0.092221
0.89558 0.037504 0.078644
0.88967 0.0375 0.086074
0.88014 0.037498 0.10895
0.88093 0.037498 0.12772
0.88947 0.0375 0.11879
0.87395 0.037498 0.13803
0.88133 0.037497 0.15821
0.89299 0.0375 0.14775
0.8881 0.037498 0.16195
0.87553 0.037497 0.19085
0.89228 0.037499 0.16955
0.89649 0.037502 0.18947
0.87074 0.037498 0.20379
0.87623 0.037498 0.21954
0.88988 0.037501 0.21086
0.88569 0.037498 0.22206
0.86861 0.037496 0.23728
0.87174 0.037495 0.27471
0.87385 0.037496 0.28989
0.89707 0.037503 0.26916
0.88967 0.0375 0.2921
0.86976 0.037498 0.31477
0.87965 0.037496 0.32289
0.88662 0.037498 0.3032
0.88557 0.037497 0.31977
0.8768 0.037495 0.34511
0.89282 0.037498 0.33966
0.8979 0.037498 0.35333
0.87713 0.037495 0.38037
0.86967 0.037497 0.38817
0.89171 0.037496 0.37244
0.89477 0.037499 0.39323
0.87217 0.037496 0.40822
0.87456 0.037496 0.42081
0.89598 0.037503 0.41401
0.8915 0.0375 0.41981
0.88139 0.037494 0.44235
0.88571 0.037497 0.45237
0.88052 0.037496 0.48125
0.8785 0.037497 0.4961
0.88536 0.037497 0.49431
0.86922 0.037499 0.50596
0.87674 0.037497 0.53041
0.88836 0.037499 0.51379
0.89001 0.037501 0.52651
0.87295 0.037497 0.54036
0.88949 0.037502 0.5385
0.8937 0.03751 0.55256
0.8776 0.037498 0.57442
0.87522 0.037499 0.5969
0.89011 0.037501 0.57484
0.88685 0.037499 0.59776
0.87427 0.037499 0.60511
0.87968 0.037496 0.63041
0.88648 0.037499 0.60869
0.88591 0.037498 0.6257
0.87781 0.037495 0.64801
0.88726 0.0375 0.64582
0.8906 0.037503 0.65787
0.8703 0.037497 0.6737
0.89758 0.037504 0.69605
0.87019 0.037499 0.71133
0.87934 0.037499 0.72843
0.89416 0.037503 0.70237
0.88946 0.037503 0.72121
0.87216 0.037501 0.74356
0.87088 0.037502 0.76312
0.88634 0.037501 0.74154
0.89719 0.037505 0.76232
0.87345 0.037501 0.77855
0.87772 0.037501 0.79541
0.88956 0.037504 0.78622
0.87066 0.037501 0.81385
0.87689 0.037501 0.82305
0.88863 0.037502 0.80301
0.8762 0.037501 0.83889
0.881 0.037496 0.86234
0.8942 0.037506 0.838
0.88596 0.037499 0.85741
0.87411 0.037495 0.8903
0.89172 0.037498 0.86861
0.89477 0.037499 0.88896
0.8795 0.037504 0.90288
0.88073 0.03751 0.92871
0.89284 0.037519 0.90944
0.89643 0.037516 0.93029
0.87163 0.037508 0.9407
0.89787 0.03504 0.96106
0.90484 0.037512 0.037539
0.91182 0.037516 0.054284
0.92221 0.037511 0.03886
0.91488 0.037517 0.075629
0.90349 0.037508 0.090706
0.92858 0.037501 0.094971
0.91121 0.037508 0.10928
0.90938 0.037505 0.12984
0.92092 0.037508 0.1041
0.92346 0.037506 0.11868
0.90535 0.037504 0.13522
0.90783 0.037504 0.15922
0.92199 0.037505 0.1397
0.91346 0.037508 0.18868
0.92773 0.03751 0.17209
0.9305 0.037504 0.19692
0.91439 0.037514 0.206
0.91195 0.037514 0.22309
0.92684 0.037498 0.21
0.91868 0.037512 0.22709
0.90808 0.037504 0.24725
0.92756 0.037506 0.24377
0.9215 0.037511 0.25701
0.90805 0.037513 0.27095
0.93106 0.037507 0.28064
0.93013 0.037506 0.29495
0.91116 0.037508 0.32653
0.92299 0.037511 0.3034
0.92183 0.037508 0.32333
0.90343 0.037503 0.33733
0.90637 0.037501 0.3626
0.92875 0.037507 0.33824
0.91888 0.037506 0.35685
0.90526 0.037501 0.37306
0.91011 0.037505 0.39217
0.92435 0.037508 0.39669
0.92425 0.03751 0.40449
0.92996 0.037512 0.43156
0.9045 0.037519 0.45616
0.92634 0.037518 0.43646
0.9066 0.037512 0.48159
0.90373 0.037507 0.49734
0.92643 0.037507 0.47351
0.92371 0.037505 0.48743
0.9104 0.037509 0.50495
0.91122 0.037515 0.5246
0.92751 0.037505 0.51392
0.92483 0.037508 0.52095
0.92302 0.037517 0.53932
0.92479 0.037513 0.55579
0.91308 0.037504 0.59649
0.92401 0.037507 0.57631
0.92778 0.037507 0.59594
0.90872 0.037505 0.60559
0.90355 0.037509 0.62257
0.9209 0.037508 0.60667
0.92258 0.037511 0.61894
0.90193 0.037518 0.64348
0.93119 0.037513 0.64715
0.92184 0.037523 0.66257
0.91224 0.037509 0.68695
0.9239 0.037509 0.68024
0.92732 0.037504 0.69488
0.91149 0.037515 0.70368
0.92179 0.037512 0.70775
0.90861 0.037509 0.73944
0.91218 0.037508 0.75869
0.91901 0.03751 0.73559
0.91852 0.037509 0.76386
0.9135 0.037512 0.77093
0.91259 0.037515 0.78747
0.92529 0.037509 0.77515
0.92611 0.037507 0.79479
0.90414 0.037507 0.81484
0.91162 0.037511 0.82136
0.92046 0.03751 0.80228
0.91822 0.037512 0.82528
0.90551 0.037514 0.84463
0.90596 0.037509 0.86145
0.92315 0.037506 0.83531
0.91885 0.037513 0.86101
0.9115 0.037506 0.87251
0.9189 0.037508 0.87116
0.93054 0.037506 0.88905
0.90719 0.037535 0.90954
0.90841 0.037525 0.92873
0.92043 0.037539 0.90855
0.92852 0.037518 0.92472
0.9069 0.037504 0.94084
0.91301 0.035328 0.95914
0.91888 0.037502 0.93931
0.9241 0.035134 0.96039
0.93769 0.037489 0.042228
0.93794 0.037488 0.05485
0.95399 0.036346 0.037296
0.95743 0.035623 0.06151
0.9349 0.03749 0.074943
0.95991 0.035204 0.087945
0.94674 0.037492 0.10648
0.95909 0.035339 0.12812
0.94659 0.037491 0.14579
0.94311 0.037498 0.15621
0.95835 0.035465 0.14135
0.95174 0.036964 0.15852
0.93617 0.037511 0.17212
0.94591 0.037497 0.19574
0.95489 0.036154 0.19721
0.93964 0.037483 0.20572
0.93969 0.037481 0.22857
0.96316 0.03477 0.21448
0.96091 0.035053 0.22152
0.94048 0.037507 0.24735
0.94656 0.037509 0.25282
0.96082 0.035075 0.2372
0.95229 0.036802 0.26396
0.94319 0.037498 0.27134
0.93964 0.037495 0.28838
0.95946 0.035281 0.27572
0.94115 0.037493 0.3024
0.94069 0.037502 0.33054
0.95454 0.036217 0.30207
0.96434 0.034642 0.32492
0.94522 0.03751 0.3426
0.94275 0.037514 0.35736
0.95842 0.035455 0.36025
0.93973 0.037512 0.36865
0.94692 0.037505 0.39789
0.96413 0.034667 0.37998
0.95168 0.036988 0.39667
0.94521 0.037501 0.40742
0.96338 0.034755 0.41037
0.95605 0.035896 0.42905
0.94075 0.037501 0.44537
0.94488 0.037493 0.45223
0.95306 0.036588 0.43599
0.95947 0.03528 0.4532
0.9385 0.037486 0.47324
0.96342 0.034745 0.47995
0.95467 0.036184 0.49573
0.94545 0.037494 0.50949
0.94137 0.037492 0.52284
0.95239 0.036775 0.51249
0.9594 0.035289 0.52737
0.93562 0.037476 0.55505
0.9642 0.034657 0.53968
0.95796 0.035507 0.55776
0.94232 0.037511 0.59388
0.93921 0.037508 0.6127
0.93946 0.037505 0.62153
0.95927 0.035308 0.62655
0.94313 0.037495 0.63831
0.96101 0.035047 0.63604
0.96342 0.034743 0.65805
0.94782 0.037492 0.67556
0.95969 0.035242 0.67375
0.9589 0.035374 0.6945
0.94001 0.037478 0.71257
0.93904 0.037477 0.72353
0.95379 0.036389 0.71437
0.95449 0.036225 0.71953
0.94298 0.037478 0.75449
0.95522 0.036063 0.7459
0.95945 0.035284 0.75477
0.94068 0.0375 0.77823
0.94077 0.037492 0.79811
0.95741 0.03563 0.78637
0.93923 0.037489 0.80321
0.95388 0.036373 0.81149
0.95888 0.035371 0.82995
0.9378 0.037478 0.84549
0.96489 0.034586 0.85662
0.94253 0.037501 0.8858
0.95935 0.035297 0.86993
0.93761 0.037508 0.92191
0.95621 0.035863 0.90765
0.96455 0.034627 0.92039
0.93851 0.03747 0.93649
0.94207 0.035446 0.95832
0.95917 0.035313 0.94246
0.95411 0.034546 0.96274
