2635
1 1 1
0.035016 0.037469 0.045053
0.041187 0.037468 0.054546
0.063023 0.037465 0.035711
0.058966 0.037466 0.05175
0.046392 0.037463 0.0695
0.043811 0.037455 0.094344
0.060315 0.037457 0.081542
0.056753 0.037451 0.098117
0.038693 0.037447 0.11192
0.041464 0.037442 0.12205
0.064044 0.037445 0.10861
0.063682 0.037422 0.145
0.040681 0.037392 0.1916
0.059264 0.037397 0.18142
0.062232 0.037382 0.19735
0.036276 0.037381 0.20213
0.040715 0.037354 0.22845
0.05413 0.037375 0.2073
0.057423 0.03736 0.22093
0.048533 0.037345 0.23762
0.042834 0.037321 0.25915
0.053957 0.037337 0.24411
0.063327 0.037317 0.25908
0.048132 0.037308 0.27118
0.047317 0.037289 0.28852
0.057164 0.037295 0.2804
0.065258 0.03728 0.28933
0.064399 0.037256 0.31058
0.059843 0.037241 0.32578
0.046384 0.037221 0.34701
0.065293 0.037205 0.35596
0.047553 0.037192 0.37717
0.046541 0.037181 0.3907
0.063679 0.037187 0.37533
0.058843 0.037171 0.39715
0.04606 0.037163 0.40767
0.038229 0.037145 0.42686
0.064193 0.037154 0.41059
0.057237 0.037149 0.42181
0.043954 0.03713 0.44947
0.063602 0.037127 0.44746
0.062824 0.037119 0.46318
0.043342 0.037117 0.47612
0.0456 0.037111 0.49046
0.055598 0.037119 0.4759
0.062446 0.037106 0.49412
0.039357 0.037107 0.50972
0.039008 0.037104 0.53019
0.058625 0.037106 0.51168
0.063821 0.0371 0.52925
0.047657 0.037103 0.5413
0.044874 0.037106 0.56604
0.066228 0.037097 0.53977
0.064627 0.037101 0.55968
0.037782 0.037109 0.57685
0.036397 0.037115 0.5985
0.054992 0.037111 0.57545
0.057138 0.037115 0.59488
0.045444 0.037117 0.60318
0.036707 0.03713 0.62967
0.054588 0.037121 0.60907
0.061421 0.037121 0.62142
0.053901 0.037141 0.64894
0.056041 0.037145 0.66075
0.049236 0.037152 0.67274
0.054926 0.037151 0.67081
0.060966 0.037154 0.6883
0.036239 0.037176 0.73041
0.06247 0.037164 0.71307
0.05336 0.037173 0.72294
0.044276 0.037184 0.74715
0.037316 0.037191 0.76313
0.061056 0.037179 0.74365
0.053328 0.03719 0.76116
0.041287 0.037196 0.77406
0.037437 0.037205 0.80143
0.059622 0.037197 0.78278
0.057512 0.0372 0.79295
0.040071 0.037211 0.82932
0.053771 0.037208 0.81682
0.059664 0.03721 0.83499
0.038293 0.037215 0.84705
0.035117 0.037214 0.86664
0.054747 0.037212 0.84118
0.057285 0.037213 0.8646
0.035708 0.037212 0.87674
0.045745 0.037225 0.89885
0.05944 0.03721 0.88453
0.057761 0.037215 0.89506
0.042285 0.037286 0.91914
0.036761 0.033389 0.9584
0.056921 0.03852 0.94926
0.058738 0.033505 0.95674
0.080183 0.037459 0.045513
0.075974 0.037458 0.060177
0.079058 0.03745 0.089347
0.095564 0.037448 0.074773
0.092877 0.037445 0.089367
0.072116 0.037443 0.10773
0.073337 0.03743 0.13105
0.086372 0.037438 0.1103
0.090762 0.037429 0.12409
0.070847 0.037423 0.14215
0.091005 0.037419 0.13855
0.094693 0.037402 0.1605
0.073296 0.037394 0.17864
0.069293 0.037383 0.19379
0.096452 0.037386 0.17864
0.097203 0.037371 0.19421
0.07906 0.037362 0.20908
0.077851 0.037345 0.22628
0.091167 0.037352 0.21442
0.10011 0.03733 0.23055
0.071558 0.037325 0.24774
0.07435 0.037317 0.2543
0.088268 0.037318 0.2485
0.093051 0.037307 0.25695
0.078669 0.037286 0.27758
0.078 0.037265 0.29517
0.09953 0.037276 0.27794
0.070985 0.037251 0.31194
0.07177 0.037228 0.33125
0.09756 0.03724 0.31078
0.095879 0.037218 0.33223
0.075173 0.037205 0.35059
0.095217 0.037203 0.34679
0.094144 0.037188 0.3619
0.080537 0.037163 0.38471
0.097975 0.037167 0.37841
0.10252 0.037152 0.39028
0.074389 0.037142 0.41592
0.079514 0.037128 0.4291
0.10201 0.03713 0.4187
0.094385 0.037132 0.42497
0.075298 0.037116 0.4506
0.092184 0.037116 0.44303
0.094313 0.037105 0.46152
0.081522 0.037094 0.47866
0.086649 0.037085 0.4889
0.10083 0.037088 0.48463
0.10013 0.037087 0.49508
0.075879 0.037092 0.50585
0.095815 0.037086 0.52212
0.085837 0.037082 0.5379
0.079516 0.03709 0.56473
0.092179 0.037085 0.56236
0.081672 0.037089 0.5706
0.075969 0.037101 0.59822
0.095681 0.037092 0.57066
0.098438 0.037095 0.59334
0.080946 0.037108 0.62691
0.099995 0.037098 0.61023
0.10564 0.037097 0.61907
0.07895 0.037115 0.63964
0.10094 0.037116 0.66156
0.072527 0.03714 0.67896
0.092911 0.037125 0.67077
0.095546 0.037135 0.69031
0.080573 0.037152 0.70894
0.070683 0.037169 0.73065
0.096201 0.037153 0.72132
0.074154 0.037174 0.74364
0.079221 0.037178 0.7563
0.092591 0.037165 0.73913
0.088767 0.037177 0.76104
0.073881 0.037187 0.77293
0.07517 0.037197 0.79999
0.097752 0.037182 0.78458
0.07428 0.037204 0.81783
0.082481 0.037201 0.82568
0.096005 0.037192 0.80796
0.092786 0.037199 0.83508
0.076712 0.037205 0.84572
0.076722 0.037208 0.86632
0.092814 0.037204 0.8706
0.079167 0.037207 0.88844
0.091449 0.037206 0.8793
0.088323 0.037202 0.8967
0.073338 0.037217 0.91644
0.077862 0.037512 0.93757
0.09259 0.037196 0.90971
0.070414 0.03784 0.94408
0.08758 0.037184 0.95104
0.11219 0.03745 0.039187
0.10753 0.037449 0.058041
0.12853 0.037441 0.038018
0.1239 0.037444 0.052777
0.10427 0.037446 0.069315
0.10891 0.037434 0.095967
0.12644 0.037425 0.098387
0.1074 0.037428 0.11234
0.116 0.037413 0.13127
0.12761 0.037415 0.12074
0.10982 0.037407 0.14396
0.10493 0.037398 0.15895
0.12983 0.037384 0.15932
0.11046 0.03738 0.17636
0.1094 0.037368 0.19146
0.13096 0.037374 0.17068
0.12249 0.037356 0.19798
0.1168 0.037332 0.22157
0.12152 0.037348 0.2054
0.12132 0.037319 0.23235
0.10975 0.037311 0.2435
0.10483 0.037294 0.26152
0.12564 0.037304 0.2431
0.11163 0.037267 0.27952
0.11168 0.037252 0.29244
0.12667 0.037258 0.28363
0.13567 0.037242 0.29066
0.11283 0.037231 0.31029
0.11429 0.037205 0.33312
0.13627 0.037214 0.31662
0.12408 0.037213 0.325
0.11101 0.037198 0.34093
0.11299 0.037171 0.36586
0.12463 0.037172 0.36102
0.10685 0.037168 0.37281
0.12588 0.037159 0.3776
0.13415 0.037157 0.40186
0.11222 0.037132 0.40591
0.11363 0.037109 0.43258
0.12648 0.037111 0.43316
0.10993 0.037103 0.4445
0.11161 0.037094 0.45606
0.1286 0.037086 0.45132
0.13123 0.037082 0.46341
0.11139 0.037083 0.47608
0.12189 0.037069 0.49217
0.13314 0.037077 0.47794
0.14101 0.037073 0.49465
0.11788 0.03707 0.50736
0.11271 0.037072 0.52756
0.13863 0.037072 0.52792
0.12007 0.037065 0.53936
0.11424 0.037072 0.55943
0.14114 0.03707 0.54405
0.11126 0.037079 0.58091
0.11354 0.037082 0.59316
0.13593 0.037073 0.57433
0.13662 0.037081 0.59774
0.12252 0.037083 0.61338
0.12213 0.037087 0.62291
0.14163 0.03708 0.62684
0.11761 0.037097 0.64156
0.11641 0.037104 0.65433
0.13343 0.037094 0.63555
0.12805 0.037105 0.66227
0.11359 0.037118 0.67951
0.1332 0.037112 0.67817
0.11404 0.037143 0.72527
0.13657 0.037115 0.70194
0.13598 0.037131 0.73011
0.10748 0.037154 0.73687
0.11119 0.037161 0.75389
0.12622 0.037157 0.76197
0.11198 0.03717 0.77411
0.13371 0.03716 0.7776
0.12252 0.037173 0.79095
0.11251 0.03719 0.83255
0.1221 0.037178 0.80586
0.12496 0.037187 0.8368
0.11379 0.037193 0.84323
0.12999 0.037187 0.84688
0.13005 0.037188 0.86179
0.11271 0.037195 0.88265
0.11733 0.037191 0.90047
0.13389 0.037186 0.89111
0.12806 0.037193 0.90645
0.10854 0.037193 0.91791
0.12846 0.037243 0.92129
0.1277 0.037595 0.93472
0.1109 0.037729 0.94493
0.13987 0.038018 0.95134
0.13733 0.033334 0.96508
0.14405 0.03743 0.039991
0.15978 0.03742 0.035331
0.16146 0.037418 0.054016
0.13669 0.037427 0.077535
0.14224 0.037416 0.097321
0.15518 0.037417 0.073237
0.15973 0.037407 0.092435
0.14191 0.037411 0.10869
0.14365 0.037406 0.12039
0.15436 0.037403 0.11359
0.15879 0.037397 0.11942
0.13722 0.037393 0.14089
0.13861 0.037374 0.16324
0.16378 0.037363 0.15715
0.13747 0.037358 0.18258
0.16207 0.037344 0.17745
0.16106 0.037334 0.18943
0.14074 0.037326 0.21064
0.14755 0.037298 0.23131
0.1647 0.037306 0.21267
0.14074 0.037289 0.24404
0.15185 0.037261 0.26008
0.1572 0.037285 0.23746
0.16657 0.037248 0.2669
0.14445 0.037251 0.27441
0.14468 0.037227 0.29683
0.16397 0.037242 0.27486
0.16126 0.037224 0.29411
0.15363 0.037203 0.3113
0.14095 0.037204 0.32189
0.16784 0.037208 0.30598
0.16034 0.037182 0.32914
0.14485 0.037169 0.35078
0.15514 0.037155 0.35818
0.16613 0.037171 0.34011
0.15253 0.037141 0.38251
0.14665 0.03715 0.39108
0.17137 0.037202 0.38962
0.14597 0.037132 0.42917
0.16222 0.03729 0.43023
0.15621 0.037081 0.4477
0.14937 0.037067 0.46145
0.1702 0.037083 0.44816
0.16923 0.037054 0.45923
0.15096 0.037059 0.47663
0.14986 0.037056 0.49246
0.17265 0.037049 0.47928
0.16297 0.037041 0.51424
0.16241 0.037039 0.52681
0.18384 0.037068 0.50814
0.15443 0.037048 0.54606
0.16163 0.037042 0.56559
0.17221 0.037035 0.54954
0.18426 0.037058 0.55304
0.16171 0.037046 0.58075
0.15486 0.037054 0.59284
0.18052 0.037064 0.57969
0.1784 0.037065 0.5913
0.15309 0.037057 0.60881
0.15512 0.03706 0.62496
0.17965 0.03707 0.61178
0.17279 0.037062 0.62152
0.15636 0.03707 0.65481
0.18101 0.037059 0.63898
0.16754 0.037068 0.6553
0.15197 0.037082 0.66798
0.15656 0.037088 0.68834
0.16334 0.037075 0.67094
0.1633 0.037092 0.69549
0.14283 0.037108 0.70064
0.1527 0.037116 0.72872
0.16747 0.037096 0.70176
0.16009 0.037112 0.72808
0.15133 0.037126 0.74514
0.14354 0.037144 0.76386
0.16549 0.037113 0.73458
0.16782 0.037117 0.75192
0.1451 0.037157 0.79274
0.15993 0.037139 0.77422
0.16016 0.037149 0.79831
0.15008 0.03716 0.80767
0.14669 0.037171 0.83084
0.16842 0.037151 0.81526
0.16001 0.037163 0.83095
0.14435 0.037181 0.85215
0.15109 0.037177 0.86926
0.16368 0.03717 0.85054
0.16394 0.037168 0.86791
0.14173 0.037181 0.88491
0.16173 0.037208 0.88989
0.16407 0.037397 0.90729
0.14278 0.03721 0.919
0.14987 0.037914 0.9373
0.16983 0.037695 0.91652
0.16621 0.037951 0.92895
0.1463 0.033727 0.95596
0.16905 0.038505 0.9417
0.16812 0.033336 0.96175
0.17372 0.037411 0.045242
0.18084 0.037403 0.062187
0.19021 0.037401 0.045995
0.18925 0.0374 0.05593
0.17366 0.037402 0.077868
0.17764 0.037392 0.094197
0.19304 0.037387 0.079649
0.19291 0.03738 0.095532
0.17306 0.037389 0.10861
0.17774 0.037371 0.13242
0.18768 0.037376 0.11033
0.19493 0.037365 0.12156
0.17655 0.037362 0.14478
0.18384 0.037347 0.15877
0.1919 0.037349 0.1499
0.19652 0.037341 0.15548
0.18482 0.037303 0.19973
0.19613 0.037318 0.17806
0.192 0.037306 0.19518
0.1823 0.03727 0.23413
0.19391 0.037291 0.20849
0.19394 0.037276 0.22764
0.1807 0.037256 0.24681
0.18408 0.037231 0.26553
0.19644 0.037236 0.25765
0.19912 0.037212 0.27955
0.19562 0.037199 0.29803
0.1771 0.037198 0.30573
0.18511 0.037169 0.32334
0.19991 0.03719 0.31771
0.20251 0.037167 0.334
0.17793 0.037142 0.35162
0.18079 0.037137 0.35945
0.19544 0.037136 0.34676
0.19828 0.037135 0.35722
0.18657 0.037119 0.38643
0.19569 0.037144 0.38904
0.1892 0.037627 0.40777
0.18285 0.037732 0.42607
0.19346 0.037703 0.41482
0.19728 0.037448 0.4277
0.18579 0.037239 0.43994
0.19012 0.037028 0.46002
0.19886 0.037168 0.44143
0.19975 0.037032 0.46945
0.19329 0.037051 0.49648
0.2064 0.037041 0.48962
0.21349 0.037052 0.49892
0.19552 0.037052 0.51037
0.19698 0.03704 0.53219
0.22718 0.037182 0.51857
0.22226 0.037065 0.5342
0.19658 0.03704 0.54488
0.2107 0.037021 0.55931
0.202 0.037028 0.5748
0.18965 0.037051 0.58779
0.21684 0.037074 0.57934
0.20933 0.037032 0.59111
0.20014 0.037026 0.60224
0.1907 0.037048 0.62244
0.21041 0.03704 0.5993
0.20878 0.037025 0.61618
0.18893 0.037047 0.64019
0.19027 0.037046 0.64938
0.21927 0.037028 0.63928
0.21795 0.037036 0.65092
0.18729 0.037055 0.66688
0.18375 0.037063 0.68324
0.20273 0.03704 0.66284
0.20242 0.037049 0.68298
0.18716 0.037071 0.71096
0.18233 0.037086 0.72371
0.20003 0.037056 0.69661
0.19688 0.037078 0.72761
0.18712 0.037095 0.74394
0.17922 0.037105 0.75271
0.19647 0.03709 0.74253
0.17583 0.037131 0.79065
0.1986 0.037097 0.76746
0.1959 0.037117 0.79652
0.18039 0.037136 0.80655
0.19329 0.037132 0.8145
0.1941 0.037138 0.8308
0.18312 0.037153 0.84282
0.17386 0.037163 0.86151
0.19184 0.037157 0.85017
0.18979 0.037156 0.85815
0.17236 0.037168 0.88349
0.17632 0.037592 0.90178
0.19677 0.037148 0.87678
0.19549 0.037627 0.90018
0.17912 0.038353 0.9253
0.18871 0.038579 0.92359
0.18216 0.034146 0.95001
0.18852 0.038631 0.93154
0.18914 0.033447 0.95432
0.20504 0.037387 0.044746
0.2135 0.037376 0.05959
0.22711 0.037367 0.035053
0.22521 0.037367 0.057351
0.21225 0.037374 0.070139
0.20912 0.037369 0.090781
0.22987 0.037358 0.072579
0.22667 0.037352 0.096025
0.21507 0.037357 0.10349
0.20949 0.037346 0.13057
0.2321 0.037342 0.10441
0.22412 0.037339 0.12519
0.20882 0.037334 0.14645
0.20554 0.037307 0.17931
0.21673 0.037284 0.19667
0.2327 0.037283 0.17929
0.23563 0.037273 0.19102
0.21228 0.037274 0.20766
0.23024 0.037257 0.20829
0.22112 0.03722 0.24768
0.23523 0.03722 0.24337
0.23463 0.037209 0.26772
0.21602 0.037196 0.2826
0.21128 0.0372 0.29067
0.23584 0.037193 0.2797
0.23001 0.037285 0.29829
0.22319 0.037281 0.31597
0.22023 0.037189 0.33391
0.23212 0.037533 0.32452
0.21253 0.037161 0.33982
0.21563 0.037127 0.36473
0.23042 0.037347 0.33801
0.2375 0.03722 0.35553
0.21875 0.037112 0.37527
0.21375 0.037125 0.39568
0.23077 0.037147 0.37256
0.22143 0.03709 0.4025
0.20686 0.03731 0.41839
0.21792 0.037073 0.41649
0.21607 0.037076 0.44146
0.21513 0.037069 0.4688
0.23186 0.037087 0.44609
0.23759 0.037098 0.46691
0.22514 0.037076 0.48329
0.23947 0.037379 0.50704
0.2364 0.037109 0.49413
0.24761 0.037592 0.51056
0.24446 0.03779 0.52347
0.24677 0.037627 0.53327
0.24779 0.037272 0.54519
0.24676 0.037138 0.55603
0.26164 0.037148 0.55642
0.23467 0.037205 0.57921
0.22932 0.0373 0.5892
0.25701 0.037388 0.5775
0.25318 0.037528 0.58306
0.23057 0.037444 0.59762
0.22841 0.037263 0.61678
0.24923 0.037632 0.60727
0.22582 0.037027 0.63531
0.23537 0.037001 0.63892
0.24826 0.037332 0.61644
0.23172 0.037017 0.65946
0.22004 0.03703 0.68458
0.24309 0.037012 0.65848
0.23634 0.037021 0.68363
0.21627 0.037043 0.6995
0.2132 0.037054 0.72026
0.23416 0.037037 0.69928
0.23477 0.037032 0.71122
0.21327 0.037073 0.75468
0.23179 0.037049 0.74009
0.21032 0.037091 0.77839
0.21652 0.037092 0.79072
0.22988 0.037071 0.76685
0.20819 0.037126 0.83402
0.2325 0.037092 0.81468
0.22817 0.037106 0.83126
0.20774 0.037139 0.8499
0.21025 0.037137 0.86469
0.22617 0.037113 0.83866
0.22569 0.037124 0.86272
0.2082 0.037149 0.88284
0.20817 0.037411 0.9029
0.22057 0.037139 0.88354
0.22317 0.037145 0.90469
0.20747 0.038102 0.93309
0.22025 0.03727 0.92395
0.19495 0.038899 0.94644
0.20362 0.033334 0.96328
0.21256 0.038712 0.94887
0.21244 0.033356 0.95965
0.23782 0.037358 0.035069
0.24158 0.037351 0.062709
0.25534 0.037343 0.042919
0.26366 0.037335 0.057343
0.24337 0.037347 0.069168
0.23976 0.037346 0.086689
0.2597 0.03733 0.077843
0.26317 0.037324 0.087832
0.25023 0.037317 0.12276
0.25986 0.037317 0.10439
0.25588 0.037307 0.12999
0.24038 0.037303 0.14891
0.25971 0.037292 0.14385
0.26628 0.037277 0.16165
0.24209 0.037272 0.18209
0.25307 0.037252 0.19853
0.25995 0.037261 0.18305
0.26643 0.037252 0.19354
0.247 0.037227 0.21869
0.24241 0.037218 0.23757
0.26386 0.037234 0.21441
0.24389 0.0372 0.25347
0.25109 0.037184 0.26022
0.25229 0.037161 0.28829
0.25018 0.037827 0.31135
0.26948 0.037775 0.29814
0.26308 0.037901 0.31546
0.2593 0.037813 0.32668
0.24503 0.037241 0.35768
0.26051 0.037428 0.34333
0.26815 0.037249 0.36158
0.24769 0.037203 0.37057
0.25903 0.037184 0.37559
0.25405 0.03716 0.39231
0.23767 0.037138 0.41531
0.24937 0.037169 0.43011
0.25649 0.037177 0.40692
0.24829 0.037149 0.44627
0.2521 0.037144 0.46851
0.2661 0.037218 0.45171
0.26849 0.037199 0.47267
0.2538 0.037192 0.49586
0.26756 0.037205 0.49161
0.27879 0.037359 0.50844
0.26949 0.03771 0.52335
0.29347 0.037218 0.53927
0.28879 0.037293 0.54894
0.27729 0.037449 0.56225
0.27321 0.037718 0.58001
0.27805 0.037657 0.58221
0.26618 0.037642 0.59214
0.26075 0.037313 0.61019
0.27224 0.037401 0.59353
0.27676 0.037079 0.6059
0.25858 0.037025 0.62655
0.2664 0.036972 0.6383
0.27715 0.036968 0.62811
0.27796 0.036985 0.64414
0.26348 0.036988 0.66393
0.28201 0.036999 0.66973
0.25673 0.037005 0.70403
0.2706 0.037012 0.69128
0.26899 0.037007 0.71346
0.25242 0.037026 0.73023
0.24724 0.037036 0.75019
0.26691 0.037022 0.7345
0.27386 0.037015 0.75243
0.24213 0.037062 0.77288
0.24951 0.037057 0.7861
0.26808 0.037032 0.76356
0.24832 0.037072 0.80353
0.26645 0.037056 0.80357
0.25796 0.037073 0.82593
0.24633 0.037095 0.84459
0.24019 0.037112 0.8626
0.23681 0.037129 0.88329
0.23485 0.037127 0.8941
0.25915 0.037113 0.8793
0.24295 0.03715 0.91999
0.23056 0.037758 0.93798
0.25014 0.037118 0.90923
0.25669 0.037578 0.93769
0.23566 0.033335 0.96261
0.2509 0.037685 0.94256
0.28005 0.03732 0.057881
0.30055 0.0373 0.062945
0.28216 0.037306 0.082479
0.27564 0.037307 0.098053
0.2993 0.037294 0.077106
0.27704 0.037297 0.11386
0.29661 0.037283 0.10909
0.29227 0.037277 0.12915
0.27847 0.037276 0.14258
0.27664 0.037266 0.16471
0.30027 0.037257 0.14529
0.30252 0.037248 0.16697
0.27374 0.037254 0.17831
0.27968 0.037238 0.19262
0.29571 0.037224 0.20464
0.28488 0.037217 0.22924
0.29836 0.037217 0.21034
0.29777 0.037216 0.23835
0.2808 0.037496 0.27932
0.29919 0.037202 0.25506
0.29606 0.037491 0.27769
0.28951 0.037845 0.28736
0.27266 0.037815 0.31382
0.27338 0.037624 0.32091
0.29894 0.037412 0.32007
0.27376 0.037369 0.33777
0.28188 0.037283 0.36104
0.29033 0.037265 0.3433
0.29472 0.037291 0.3559
0.27941 0.037292 0.36741
0.27709 0.037244 0.3887
0.2947 0.037362 0.37679
0.27151 0.037212 0.4141
0.27056 0.037226 0.43348
0.28543 0.03729 0.41874
0.2848 0.037281 0.43968
0.27961 0.037234 0.47768
0.28686 0.037254 0.44907
0.305 0.037366 0.46823
0.28118 0.037216 0.49364
0.29261 0.037172 0.51166
0.30671 0.037129 0.50521
0.30267 0.037035 0.52945
0.3473 0.037019 0.54932
0.33916 0.037174 0.55318
0.30953 0.037605 0.56659
0.33395 0.037339 0.56036
0.3459 0.037342 0.56984
0.31195 0.03755 0.57042
0.29648 0.037179 0.58242
0.32907 0.037344 0.57476
0.32871 0.037051 0.58033
0.30425 0.036919 0.59034
0.29777 0.036938 0.60666
0.32102 0.036903 0.60152
0.29859 0.036952 0.6254
0.29571 0.03697 0.64244
0.31346 0.036963 0.6254
0.31527 0.037111 0.64552
0.29436 0.036985 0.65143
0.29919 0.037083 0.67248
0.31954 0.037438 0.65775
0.30946 0.037357 0.67812
0.29025 0.036994 0.69565
0.29236 0.036982 0.70459
0.31025 0.036982 0.70624
0.2916 0.03698 0.7355
0.28568 0.037004 0.7549
0.30769 0.036988 0.72533
0.27874 0.037024 0.76435
0.28517 0.037019 0.78387
0.30476 0.037008 0.76669
0.29872 0.037016 0.78705
0.29857 0.037031 0.80636
0.28976 0.037047 0.82435
0.28062 0.037065 0.84452
0.29979 0.03705 0.84016
0.29037 0.037065 0.85746
0.2718 0.037097 0.88274
0.28087 0.037091 0.89537
0.29366 0.037077 0.88013
0.28543 0.037088 0.89607
0.29586 0.037088 0.91259
0.29192 0.037467 0.93082
0.27353 0.038163 0.94976
0.27608 0.033401 0.95723
0.29396 0.037695 0.93992
0.28145 0.033337 0.96121
0.30649 0.0373 0.046266
0.31011 0.037293 0.060397
0.33294 0.037278 0.045166
0.33427 0.037274 0.060412
0.30896 0.037283 0.083104
0.31315 0.037279 0.091202
0.3293 0.037271 0.073219
0.32584 0.037265 0.098562
0.31175 0.037268 0.11354
0.31007 0.037261 0.13251
0.33439 0.037252 0.10898
0.32535 0.037253 0.13058
0.3092 0.037244 0.15196
0.3127 0.037245 0.16428
0.32916 0.03723 0.15129
0.33025 0.037232 0.16143
0.31164 0.03722 0.18701
0.31501 0.037221 0.20326
0.33123 0.037216 0.1814
0.3176 0.037216 0.23588
0.33713 0.037207 0.22092
0.33629 0.037211 0.22983
0.3092 0.037194 0.25874
0.3145 0.037235 0.27014
0.3253 0.037219 0.2742
0.30816 0.037444 0.28309
0.29767 0.037872 0.29881
0.32183 0.037243 0.28127
0.3285 0.037276 0.29449
0.30208 0.037567 0.30883
0.30463 0.037447 0.31657
0.32486 0.037325 0.31243
0.32639 0.037368 0.31939
0.31377 0.037455 0.331
0.30758 0.037417 0.3571
0.32674 0.037587 0.34064
0.33557 0.03784 0.3579
0.3124 0.037498 0.36226
0.30104 0.037453 0.38985
0.32483 0.037605 0.37089
0.33041 0.037737 0.38261
0.29484 0.037381 0.41461
0.30217 0.0375 0.42917
0.30693 0.037654 0.40402
0.31148 0.037663 0.43568
0.31146 0.037373 0.45677
0.31419 0.03751 0.47282
0.32932 0.037627 0.45993
0.34345 0.037575 0.4716
0.32062 0.036967 0.49614
0.33629 0.037193 0.48395
0.32818 0.037004 0.50372
0.33107 0.037022 0.51852
0.34932 0.036647 0.5356
0.34337 0.037041 0.51323
0.37522 0.036266 0.56114
0.38795 0.037407 0.59585
0.36262 0.03705 0.58984
0.42126 0.042767 0.43444
0.34561 0.036928 0.59852
0.33284 0.037037 0.608
0.36656 0.037062 0.61093
0.3445 0.037047 0.63849
0.34031 0.037345 0.65599
0.33688 0.037545 0.67714
0.34066 0.037093 0.69398
0.33532 0.03697 0.70785
0.32036 0.036976 0.72032
0.32465 0.036974 0.74223
0.33746 0.036974 0.72657
0.33397 0.036974 0.74701
0.32247 0.036987 0.76486
0.31317 0.036994 0.78104
0.32935 0.036976 0.76912
0.32773 0.036991 0.7878
0.31019 0.037016 0.79634
0.327 0.037006 0.81903
0.3091 0.037039 0.83647
0.31423 0.037043 0.85586
0.3048 0.037066 0.88221
0.31229 0.037062 0.89043
0.32591 0.037047 0.86917
0.32246 0.037057 0.89704
0.30353 0.03709 0.9157
0.31227 0.037267 0.93241
0.33159 0.037053 0.90689
0.32113 0.037148 0.92527
0.30174 0.037723 0.94791
0.3226 0.037371 0.94475
0.34438 0.037269 0.041317
0.34356 0.037268 0.057687
0.36814 0.037252 0.041546
0.3575 0.037261 0.053127
0.34434 0.037257 0.077025
0.34412 0.037254 0.090559
0.35961 0.037242 0.088706
0.34671 0.03724 0.11092
0.34208 0.037241 0.12967
0.3623 0.03723 0.12945
0.34552 0.037222 0.14793
0.35005 0.037219 0.16149
0.36221 0.037209 0.15056
0.36925 0.037204 0.16001
0.35097 0.037205 0.18068
0.35125 0.037196 0.19249
0.35814 0.037208 0.17632
0.3636 0.037197 0.19272
0.34447 0.037207 0.21374
0.34401 0.037224 0.23585
0.36023 0.037209 0.21334
0.35195 0.037239 0.25063
0.34896 0.037281 0.27621
0.36215 0.037244 0.25403
0.36968 0.037301 0.27207
0.35613 0.037342 0.29464
0.35437 0.037373 0.3037
0.37074 0.037431 0.29364
0.365 0.037388 0.30171
0.34752 0.037463 0.3132
0.34941 0.03765 0.33347
0.36743 0.037547 0.31902
0.36169 0.037717 0.33724
0.35447 0.037811 0.34096
0.34201 0.037914 0.35395
0.35967 0.037988 0.35054
0.36862 0.037936 0.3751
0.35952 0.038011 0.39328
0.32243 0.038078 0.39927
0.31796 0.038054 0.43584
0.33964 0.038159 0.39918
0.34355 0.038015 0.46169
0.34153 0.038778 0.45486
0.35571 0.037105 0.47794
0.34928 0.036738 0.50011
0.37305 0.036145 0.46661
0.35507 0.036925 0.5081
0.36017 0.03688 0.50524
0.39303 0.037499 0.57414
0.41378 0.037268 0.53408
0.40019 0.03849 0.58512
0.4082 0.050366 0.43112
0.39411 0.062542 0.41519
0.4242 0.040789 0.44246
0.41195 0.036555 0.46596
0.37182 0.036942 0.61514
0.41526 0.036206 0.465
0.39546 0.036712 0.61782
0.36549 0.036995 0.63946
0.34837 0.037238 0.65581
0.38386 0.037051 0.63507
0.37365 0.037087 0.64946
0.34507 0.037417 0.67403
0.37647 0.037079 0.65846
0.37958 0.03709 0.67595
0.34488 0.037175 0.68712
0.35572 0.036971 0.6995
0.37519 0.037023 0.68661
0.36535 0.036988 0.70919
0.35393 0.036987 0.71753
0.35322 0.036971 0.74768
0.36742 0.036974 0.72162
0.36877 0.036965 0.74005
0.36508 0.036962 0.75999
0.36361 0.036972 0.7858
0.35362 0.036987 0.80168
0.34202 0.036991 0.81131
0.36221 0.036982 0.81381
0.35106 0.037004 0.83519
0.34775 0.037016 0.8548
0.36855 0.03699 0.82707
0.36608 0.037001 0.85461
0.3409 0.037045 0.87606
0.34355 0.03704 0.89156
0.35691 0.037027 0.88509
0.34782 0.037042 0.91075
0.34046 0.037293 0.92998
0.35553 0.037052 0.91403
0.35514 0.037295 0.92682
0.34644 0.037561 0.94092
0.33779 0.033346 0.95913
0.36158 0.037631 0.94067
0.35306 0.033334 0.96298
0.37489 0.037246 0.035299
0.38448 0.037238 0.058538
0.39306 0.037233 0.041782
0.39445 0.037229 0.074753
0.39971 0.03722 0.099869
0.37651 0.037228 0.1114
0.38816 0.037224 0.12538
0.40088 0.0372 0.11691
0.39602 0.037211 0.12528
0.37753 0.037195 0.15388
0.37887 0.037207 0.16835
0.40229 0.037189 0.14759
0.38541 0.037196 0.17941
0.38024 0.037192 0.19265
0.4005 0.037213 0.20592
0.38153 0.037217 0.2136
0.38499 0.037223 0.23209
0.39629 0.037216 0.22052
0.39617 0.037225 0.23131
0.38074 0.037268 0.25955
0.37888 0.037309 0.27228
0.40335 0.037296 0.25302
0.40089 0.03737 0.27767
0.37977 0.037434 0.29029
0.3849 0.037571 0.31462
0.40282 0.037538 0.2955
0.39558 0.03756 0.31153
0.38583 0.038756 0.34229
0.39899 0.037942 0.32612
0.39267 0.038749 0.3398
0.37857 0.038407 0.3524
0.39528 0.038117 0.37094
0.37606 0.037745 0.38255
0.41255 0.038868 0.37918
0.35796 0.038823 0.40348
0.3722 0.038481 0.39697
0.34402 0.039638 0.41572
0.35605 0.040355 0.44876
0.37049 0.042497 0.43038
0.33124 0.040335 0.43959
0.37928 0.043745 0.41939
0.38962 0.039867 0.41801
0.38099 0.036518 0.44423
0.37784 0.037328 0.50521
0.39657 0.038588 0.58404
0.37974 0.037361 0.50123
0.40326 0.038837 0.57921
0.38252 0.061671 0.41184
0.37709 0.062815 0.38537
0.42545 0.05966 0.45525
0.4252 0.038186 0.45391
0.4384 0.056176 0.45948
0.4212 0.036552 0.58041
0.40319 0.036647 0.61576
0.3985 0.036893 0.62374
0.41624 0.036865 0.61712
0.43275 0.037413 0.61068
0.39701 0.037162 0.63559
0.39639 0.037223 0.64812
0.43152 0.03678 0.50848
0.44115 0.037393 0.57815
0.3943 0.03722 0.65693
0.43037 0.037408 0.63549
0.41757 0.03721 0.65855
0.39874 0.037019 0.69975
0.41941 0.037112 0.67378
0.40761 0.03704 0.69858
0.39191 0.036947 0.72426
0.38217 0.036956 0.73251
0.4003 0.036958 0.71928
0.39073 0.036949 0.75849
0.38606 0.036953 0.78082
0.39776 0.036959 0.75159
0.3845 0.036962 0.79273
0.37669 0.036975 0.81887
0.37919 0.036985 0.82788
0.37671 0.036986 0.84827
0.39323 0.036978 0.82742
0.39311 0.036984 0.85652
0.37806 0.037011 0.87091
0.37283 0.03702 0.89336
0.39438 0.037007 0.89667
0.37621 0.037032 0.90985
0.38238 0.037422 0.93109
0.38959 0.037026 0.90881
0.39577 0.037405 0.93335
0.37911 0.037744 0.94363
0.37299 0.033502 0.95509
0.39186 0.037696 0.94411
0.39761 0.033439 0.95565
0.41719 0.037222 0.037045
0.42255 0.037221 0.042379
0.42309 0.037224 0.067965
0.40804 0.037228 0.086618
0.42761 0.037217 0.078249
0.43712 0.037397 0.10258
0.42282 0.037173 0.11643
0.41379 0.037172 0.12743
0.43023 0.037334 0.11337
0.43397 0.037405 0.12943
0.42155 0.037173 0.15202
0.41419 0.037195 0.16963
0.43679 0.037199 0.15516
0.41674 0.037184 0.17946
0.41472 0.037208 0.20348
0.4268 0.037177 0.18585
0.4285 0.037183 0.19381
0.41906 0.037284 0.24472
0.43012 0.037211 0.22174
0.43484 0.037212 0.23011
0.40676 0.037297 0.25938
0.41906 0.037418 0.28011
0.43462 0.037319 0.25218
0.41918 0.037579 0.29684
0.41614 0.037633 0.30494
0.43219 0.037603 0.31807
0.40966 0.03836 0.33492
0.39895 0.038786 0.34466
0.42333 0.037685 0.32705
0.40652 0.038743 0.3487
0.40037 0.038826 0.35485
0.40745 0.038844 0.36131
0.43194 0.036796 0.38022
0.42479 0.038045 0.3757
0.4367 0.039362 0.40103
0.48508 0.038274 0.40802
0.3932 0.037966 0.39447
0.35068 0.040618 0.41737
0.46093 0.040221 0.41463
0.40889 0.03786 0.39952
0.33029 0.041377 0.42872
0.36138 0.043086 0.43726
0.36504 0.039557 0.40887
0.43909 0.048429 0.41471
0.38263 0.036747 0.44173
0.39128 0.042953 0.41179
0.39154 0.03538 0.46529
0.38394 0.036622 0.49456
0.40333 0.038421 0.56274
0.38599 0.03658 0.51193
0.41308 0.037937 0.54765
0.41593 0.060992 0.45091
0.43593 0.044699 0.45747
0.42342 0.036665 0.5769
0.54485 0.042408 0.39296
0.43758 0.03603 0.52921
0.45221 0.042178 0.4676
0.54308 0.045005 0.38999
0.43613 0.038892 0.47979
0.44303 0.037689 0.58756
0.43403 0.037293 0.50509
0.45572 0.037481 0.61324
0.43852 0.03736 0.63669
0.43731 0.037306 0.64874
0.46042 0.037471 0.63512
0.4562 0.037333 0.65267
0.4336 0.037182 0.67437
0.42539 0.037114 0.68997
0.4439 0.037169 0.68315
0.41828 0.036979 0.72857
0.43824 0.037008 0.71058
0.43008 0.036995 0.73114
0.4193 0.036951 0.75293
0.40925 0.036946 0.7774
0.4357 0.036942 0.75287
0.43662 0.036942 0.77181
0.41964 0.036949 0.79861
0.43643 0.036948 0.78773
0.42358 0.036952 0.80862
0.40955 0.036968 0.82717
0.42724 0.036961 0.85269
0.41524 0.036991 0.87504
0.41033 0.036989 0.89537
0.43021 0.036981 0.87516
0.42473 0.036976 0.88533
0.41184 0.036988 0.90678
0.40917 0.037274 0.93217
0.42936 0.037127 0.92914
0.40292 0.037592 0.94635
0.41983 0.037282 0.93951
0.42967 0.033336 0.96144
0.43968 0.037225 0.042573
0.44454 0.037216 0.065222
0.4579 0.037223 0.046629
0.43859 0.037207 0.076674
0.44319 0.037445 0.10069
0.46394 0.03719 0.086386
0.46204 0.037646 0.10515
0.44875 0.038022 0.12064
0.46632 0.037775 0.11136
0.45375 0.037811 0.13011
0.44603 0.0372 0.15429
0.45939 0.037799 0.13219
0.46318 0.037181 0.15739
0.45005 0.037157 0.17265
0.44638 0.037201 0.20039
0.46076 0.037163 0.18381
0.45965 0.03721 0.2051
0.44935 0.037218 0.21872
0.44455 0.037224 0.23245
0.45596 0.037274 0.24146
0.44193 0.03735 0.25758
0.43941 0.037396 0.27427
0.45369 0.037354 0.25636
0.44169 0.037491 0.28698
0.44146 0.037574 0.30641
0.46047 0.037515 0.2977
0.46536 0.037461 0.30925
0.43125 0.037454 0.32505
0.43774 0.036842 0.33087
0.43801 0.036139 0.34069
0.46562 0.036888 0.40682
0.49394 0.047285 0.41736
0.4203 0.036994 0.34608
0.42176 0.037007 0.3626
0.47298 0.059426 0.43319
0.48309 0.041657 0.42097
0.4329 0.036324 0.37068
0.47515 0.065567 0.43261
0.45955 0.068413 0.45859
0.39325 0.036814 0.39998
0.33697 0.040345 0.43402
0.47593 0.039101 0.41962
0.4639 0.034834 0.42286
0.37032 0.041872 0.42454
0.38657 0.035624 0.4279
0.39319 0.034569 0.4346
0.3971 0.035971 0.53111
0.39523 0.039108 0.48167
0.39897 0.035598 0.5295
0.44446 0.042234 0.46249
0.41705 0.035291 0.51756
0.42198 0.037038 0.48824
0.43123 0.035059 0.55284
0.54383 0.039813 0.39567
0.54771 0.048083 0.41071
0.5244 0.046502 0.42645
0.44958 0.038419 0.47581
0.43518 0.037577 0.49342
0.44771 0.036914 0.52193
0.45646 0.036012 0.50233
0.45912 0.037636 0.60595
0.46706 0.037639 0.61242
0.45869 0.036315 0.52846
0.45371 0.037391 0.54654
0.47026 0.037544 0.62953
0.4753 0.03738 0.63572
0.48547 0.037417 0.61549
0.46465 0.037276 0.66221
0.46173 0.037133 0.68303
0.47852 0.037289 0.64879
0.47215 0.037125 0.68325
0.46018 0.037062 0.69763
0.44632 0.037001 0.72866
0.46892 0.037034 0.70296
0.46337 0.037003 0.72592
0.44789 0.036952 0.74783
0.44666 0.036946 0.77454
0.45995 0.036932 0.75078
0.46813 0.036943 0.77503
0.44692 0.036936 0.80327
0.45765 0.036924 0.79528
0.45716 0.036934 0.8066
0.44767 0.03695 0.82294
0.44041 0.036952 0.85189
0.46525 0.036945 0.82339
0.44247 0.036974 0.86373
0.44287 0.036965 0.88706
0.45523 0.036961 0.87557
0.46305 0.036964 0.89156
0.44971 0.036971 0.91328
0.44997 0.037051 0.92681
0.46345 0.037007 0.91465
0.45961 0.037172 0.93208
0.44731 0.037188 0.94784
0.46917 0.037573 0.94526
0.46441 0.033334 0.96344
0.45584 0.041455 0.42371
0.41001 0.038436 0.42057
0.40897 0.037938 0.44608
0.42796 0.041575 0.43221
0.48133 0.037208 0.04761
0.47772 0.037205 0.068379
0.49548 0.037204 0.039633
0.48764 0.037205 0.065952
0.46999 0.037191 0.086523
0.47512 0.037336 0.099857
0.49152 0.037197 0.077726
0.49192 0.037209 0.09976
0.48321 0.037389 0.11834
0.47749 0.037633 0.12314
0.48741 0.03724 0.11267
0.49497 0.037229 0.13534
0.4736 0.037465 0.13877
0.48982 0.037181 0.16189
0.46827 0.037173 0.18025
0.47638 0.037192 0.19746
0.48491 0.037196 0.1793
0.47886 0.037235 0.2164
0.47579 0.037264 0.23522
0.49006 0.037236 0.21353
0.4904 0.037252 0.23176
0.47176 0.03739 0.26072
0.47801 0.03743 0.26633
0.48676 0.037363 0.24987
0.49253 0.037411 0.26196
0.47031 0.03752 0.29423
0.48296 0.037609 0.29492
0.49481 0.037509 0.28465
0.49923 0.037663 0.29738
0.48133 0.037075 0.32425
0.48854 0.036557 0.33258
0.50769 0.03729 0.32882
0.46545 0.035716 0.3415
0.47932 0.035619 0.3434
0.53063 0.037572 0.33237
0.54565 0.038211 0.33777
0.4575 0.035438 0.34752
0.47609 0.035474 0.34595
0.54168 0.038474 0.36001
0.45765 0.035788 0.40006
0.53619 0.037014 0.34174
0.53619 0.036566 0.34832
0.46287 0.048801 0.44017
0.47131 0.036135 0.42895
0.4511 0.034094 0.35444
0.45737 0.033612 0.35513
0.44842 0.033596 0.44563
0.45917 0.033363 0.44793
0.41569 0.033463 0.42216
0.42384 0.033834 0.52289
0.55052 0.033648 0.39192
0.46346 0.034503 0.46754
0.50297 0.034171 0.56408
0.47014 0.035295 0.5668
0.44497 0.035842 0.49567
0.55675 0.035056 0.41543
0.46226 0.036858 0.55629
0.46397 0.036866 0.57262
0.54009 0.034596 0.42803
0.47912 0.038614 0.55507
0.46434 0.038018 0.5528
0.48123 0.037388 0.58294
0.47945 0.038372 0.55613
0.46119 0.036995 0.54107
0.49706 0.037402 0.58844
0.47856 0.037782 0.59801
0.48917 0.037386 0.63251
0.49674 0.037393 0.6127
0.50212 0.037355 0.63411
0.48636 0.037231 0.67206
0.50039 0.037316 0.65071
0.49731 0.037167 0.68108
0.48247 0.0371 0.70165
0.48243 0.037048 0.72028
0.49648 0.037097 0.70513
0.49739 0.037031 0.72123
0.48345 0.036975 0.73882
0.47447 0.036938 0.76683
0.49355 0.036941 0.77542
0.48112 0.036931 0.81133
0.49539 0.036928 0.78952
0.49317 0.036937 0.81515
0.47904 0.036936 0.82913
0.48113 0.036934 0.84913
0.48776 0.036929 0.84612
0.47843 0.03695 0.868
0.47614 0.036949 0.88132
0.496 0.036941 0.87516
0.47417 0.037351 0.93023
0.49359 0.037018 0.90937
0.49034 0.037635 0.93407
0.48149 0.037977 0.94673
0.48154 0.033731 0.954
0.49187 0.037927 0.94158
0.44825 0.041225 0.44984
0.49428 0.037449 0.42672
0.50177 0.034209 0.42657
0.53089 0.034379 0.38181
0.49885 0.040013 0.41425
0.47615 0.034966 0.37492
0.40166 0.036803 0.40684
0.41749 0.035356 0.41782
0.42862 0.034307 0.40524
0.45712 0.038848 0.43037
0.46088 0.038491 0.44455
0.45553 0.034836 0.43651
0.48126 0.034021 0.36624
0.4613 0.034136 0.44744
0.52214 0.033956 0.4045
0.40802 0.039685 0.44119
0.4879 0.068638 0.42924
0.55437 0.033892 0.42921
0.52704 0.036442 0.38349
0.52055 0.034434 0.38337
0.52161 0.045258 0.3941
0.4753 0.065325 0.44218
0.48026 0.036464 0.39051
0.43998 0.040115 0.43933
0.4407 0.036531 0.4337
0.47298 0.048823 0.43765
0.42637 0.036704 0.42117
0.42542 0.062653 0.44642
0.43105 0.036771 0.4261
0.46663 0.043902 0.44189
0.49235 0.036802 0.42528
0.44829 0.05089 0.45596
0.53013 0.041597 0.393
0.50539 0.036444 0.42158
0.51332 0.037179 0.4087
0.49761 0.035241 0.42874
0.57225 0.03424 0.41511
0.51582 0.033886 0.40288
0.51277 0.035763 0.41088
0.47882 0.063006 0.43624
0.56578 0.034821 0.41932
0.42884 0.037095 0.42568
0.54392 0.033907 0.38307
0.50699 0.037202 0.046821
0.525 0.037199 0.049011
0.52403 0.037201 0.059815
0.50631 0.037198 0.075941
0.50709 0.037205 0.094634
0.52923 0.037197 0.071514
0.5237 0.037202 0.094931
0.5039 0.03721 0.11517
0.51291 0.037212 0.12732
0.52808 0.037195 0.11776
0.52341 0.037197 0.12563
0.51423 0.037183 0.15057
0.51158 0.037174 0.16207
0.51859 0.037182 0.1492
0.51977 0.0372 0.17379
0.50931 0.0372 0.17966
0.515 0.037192 0.19523
0.52922 0.037193 0.19174
0.51926 0.037196 0.19617
0.51723 0.03725 0.22086
0.5035 0.037238 0.22842
0.5316 0.037252 0.21819
0.53462 0.037242 0.23231
0.51402 0.037383 0.25037
0.5137 0.037494 0.26294
0.52867 0.037646 0.2551
0.52742 0.037834 0.26493
0.50849 0.037531 0.2896
0.53585 0.037903 0.2753
0.53194 0.037728 0.27973
0.50943 0.037639 0.30121
0.53213 0.037732 0.30478
0.55396 0.037618 0.30514
0.56705 0.037446 0.33355
0.51775 0.037889 0.31466
0.57288 0.037247 0.3685
0.58176 0.037464 0.38389
0.55258 0.03871 0.34223
0.56739 0.037902 0.36823
0.59102 0.040395 0.41994
0.5467 0.038314 0.32692
0.54792 0.038107 0.3259
0.60042 0.039999 0.40078
0.575 0.037109 0.39443
0.56688 0.035173 0.38461
0.59673 0.036865 0.40454
0.48174 0.036053 0.38361
0.50556 0.033473 0.40554
0.57915 0.033639 0.42352
0.561 0.033366 0.46867
0.51575 0.033457 0.38049
0.49518 0.033509 0.55794
0.4992 0.033341 0.47088
0.48755 0.033802 0.52808
0.49544 0.036394 0.57361
0.50295 0.04193 0.5507
0.50733 0.041031 0.54053
0.51045 0.039356 0.54865
0.50451 0.038329 0.58154
0.51097 0.038239 0.55477
0.5164 0.038245 0.55339
0.51245 0.037845 0.58918
0.52408 0.037535 0.59955
0.5277 0.03742 0.56824
0.53599 0.037088 0.5814
0.51843 0.037535 0.61636
0.51173 0.037448 0.63044
0.53169 0.037326 0.61303
0.5359 0.037138 0.63183
0.50618 0.037202 0.66628
0.50925 0.037118 0.68532
0.51781 0.037099 0.68677
0.50737 0.037062 0.70256
0.50809 0.037025 0.71791
0.52314 0.037061 0.69494
0.51755 0.037014 0.72016
0.51362 0.036962 0.73921
0.50553 0.036935 0.7677
0.52451 0.036921 0.75334
0.52879 0.036934 0.76971
0.50687 0.036925 0.79082
0.51186 0.036922 0.8027
0.52253 0.036918 0.79668
0.52324 0.036928 0.80829
0.51131 0.036924 0.84405
0.53148 0.036933 0.85279
0.51033 0.036948 0.8725
0.51597 0.036944 0.89016
0.53084 0.036951 0.87225
0.53193 0.036949 0.89379
0.50381 0.037073 0.91683
0.52175 0.036978 0.91373
0.50832 0.033833 0.95401
0.52971 0.038471 0.94834
0.52782 0.033346 0.95945
0.52086 0.034401 0.37423
0.5643 0.033658 0.43698
0.50145 0.036097 0.4019
0.50562 0.03414 0.39393
0.57802 0.036886 0.44468
0.45443 0.038218 0.44929
0.56683 0.036046 0.39618
0.50216 0.035848 0.39633
0.52222 0.034939 0.46805
0.55116 0.033574 0.4514
0.55424 0.033747 0.42791
0.48527 0.033716 0.45534
0.46205 0.035898 0.49047
0.51564 0.033513 0.46136
0.47414 0.038102 0.54361
0.61375 0.038608 0.559
0.50644 0.040661 0.45337
0.46017 0.033637 0.50947
0.4765 0.035719 0.38291
0.50435 0.038596 0.40917
0.51534 0.035113 0.39306
0.47994 0.034978 0.43035
0.49086 0.037666 0.42254
0.50638 0.035895 0.4021
0.54704 0.03469 0.4792
0.52073 0.033675 0.3706
0.54476 0.033595 0.44855
0.49926 0.034579 0.44524
0.57211 0.034227 0.42458
0.51549 0.033794 0.44043
0.52198 0.038254 0.51148
0.48885 0.035968 0.46108
0.54205 0.035018 0.46955
0.4789 0.036388 0.4326
0.5086 0.035364 0.41228
0.54854 0.034127 0.46081
0.5404 0.037201 0.056861
0.56226 0.0372 0.037072
0.55807 0.037197 0.066923
0.54263 0.037193 0.10015
0.55411 0.037192 0.076165
0.55487 0.037193 0.095645
0.54311 0.037187 0.11848
0.54707 0.037202 0.13665
0.55244 0.037183 0.11758
0.55218 0.0372 0.13674
0.54299 0.037184 0.1482
0.56218 0.037181 0.14957
0.55507 0.037176 0.16249
0.54589 0.037194 0.18907
0.56378 0.037193 0.1869
0.54955 0.037238 0.22443
0.54236 0.037384 0.24205
0.56497 0.03723 0.22148
0.55911 0.037507 0.2485
0.54583 0.037987 0.25635
0.55401 0.037838 0.25498
0.55849 0.037992 0.27413
0.54758 0.038135 0.27856
0.56112 0.037747 0.28689
0.56822 0.037513 0.29754
0.57371 0.037332 0.3407
0.58811 0.03738 0.32289
0.5889 0.037352 0.3389
0.58391 0.037454 0.36438
0.59139 0.038187 0.37988
0.6014 0.037489 0.36765
0.61319 0.038406 0.38337
0.5894 0.038604 0.3922
0.60475 0.040105 0.40071
0.61075 0.039089 0.39553
0.59725 0.040492 0.4341
0.51875 0.040826 0.36663
0.51609 0.040753 0.36625
0.48604 0.038209 0.38971
0.59813 0.038035 0.47616
0.56059 0.034557 0.48402
0.52812 0.034136 0.48648
0.61963 0.033481 0.54976
0.63107 0.034459 0.53835
0.55647 0.064506 0.53401
0.5487 0.038735 0.53225
0.49425 0.049624 0.55415
0.48797 0.038403 0.47015
0.54843 0.047953 0.52587
0.49015 0.050191 0.55253
0.54368 0.039859 0.53236
0.48571 0.046896 0.54817
0.50598 0.039689 0.5335
0.52091 0.038804 0.54414
0.50802 0.037346 0.52679
0.53205 0.03803 0.55432
0.54365 0.037247 0.58712
0.53305 0.039328 0.53869
0.54319 0.036972 0.60743
0.544 0.037017 0.6423
0.55764 0.037331 0.61323
0.54857 0.037027 0.64253
0.53219 0.037106 0.66513
0.53317 0.037072 0.68788
0.5502 0.037096 0.65559
0.53365 0.037025 0.70217
0.54537 0.036995 0.71424
0.55548 0.03697 0.73379
0.53428 0.036946 0.74255
0.53896 0.036935 0.77236
0.558 0.03691 0.75782
0.55906 0.03694 0.7787
0.54435 0.03693 0.78681
0.54055 0.036931 0.8166
0.55076 0.036928 0.79009
0.55253 0.036927 0.81272
0.53839 0.036922 0.83922
0.55124 0.036927 0.83789
0.55847 0.036942 0.85652
0.54131 0.036943 0.88553
0.55546 0.036944 0.87909
0.56297 0.036955 0.88828
0.54647 0.036973 0.91217
0.53803 0.03778 0.93586
0.55802 0.03702 0.91594
0.55525 0.037809 0.93591
0.54479 0.038478 0.94826
0.54864 0.033337 0.96124
0.56351 0.038422 0.94563
0.55487 0.033554 0.95565
0.51331 0.03408 0.49298
0.56751 0.034957 0.53885
0.57477 0.037201 0.046385
0.58508 0.037202 0.041441
0.59296 0.037201 0.06606
0.57079 0.03719 0.10278
0.5872 0.037195 0.077694
0.5934 0.037194 0.10135
0.57003 0.037183 0.12043
0.57446 0.037193 0.13716
0.59208 0.037188 0.11344
0.58486 0.037189 0.1269
0.57993 0.037174 0.15718
0.59634 0.037182 0.1485
0.59073 0.037192 0.16884
0.57714 0.037187 0.19108
0.57049 0.037208 0.20239
0.58542 0.037186 0.19374
0.59486 0.037194 0.20117
0.57131 0.037278 0.24292
0.58935 0.037218 0.23167
0.57155 0.03756 0.26383
0.56722 0.037656 0.27697
0.59669 0.037251 0.25707
0.58686 0.037329 0.28038
0.57682 0.037365 0.28591
0.59263 0.037589 0.29071
0.60303 0.037948 0.29815
0.59222 0.037458 0.32098
0.60172 0.037682 0.33216
0.60798 0.037889 0.31322
0.6089 0.037598 0.33144
0.61155 0.037817 0.36492
0.62136 0.037826 0.40013
0.60848 0.038224 0.43237
0.60109 0.039471 0.43679
0.57235 0.038314 0.44722
0.58937 0.039331 0.46774
0.58783 0.039378 0.47705
0.62114 0.038408 0.46804
0.62419 0.038787 0.45807
0.60984 0.03807 0.4787
0.55214 0.038878 0.48804
0.57184 0.038918 0.49171
0.54715 0.038396 0.49228
0.59431 0.038721 0.52416
0.51764 0.039601 0.47651
0.5811 0.040211 0.5197
0.51992 0.041036 0.47415
0.61868 0.034957 0.54485
0.61272 0.044255 0.56356
0.58261 0.03719 0.54824
0.60312 0.049414 0.56301
0.56619 0.067507 0.54704
0.55211 0.044297 0.53579
0.5825 0.060185 0.55748
0.48571 0.049076 0.47844
0.55723 0.038136 0.55745
0.55384 0.045552 0.53823
0.57185 0.037897 0.58368
0.49085 0.036202 0.53223
0.4895 0.036981 0.53655
0.56085 0.03694 0.57667
0.53075 0.03886 0.53014
0.56713 0.037791 0.60714
0.56867 0.037043 0.59042
0.575 0.037643 0.60589
0.57117 0.037732 0.62037
0.57735 0.03786 0.61894
0.5742 0.037714 0.63828
0.55952 0.037039 0.68308
0.57542 0.037048 0.68057
0.56103 0.037022 0.70035
0.58188 0.036954 0.71557
0.58044 0.036958 0.73687
0.5648 0.036919 0.76723
0.58509 0.036941 0.78023
0.57297 0.036938 0.78421
0.57256 0.036919 0.80549
0.58513 0.036921 0.80115
0.57473 0.036945 0.83509
0.59325 0.036954 0.83716
0.57146 0.036957 0.86795
0.59453 0.036977 0.89541
0.57206 0.037007 0.91368
0.5911 0.036995 0.91109
0.57318 0.038771 0.95017
0.57591 0.033771 0.95444
0.58849 0.038194 0.94575
0.58386 0.033334 0.96373
0.60848 0.037208 0.046509
0.61064 0.037205 0.064998
0.62861 0.037214 0.043478
0.63047 0.037216 0.055642
0.61384 0.037199 0.079753
0.60211 0.037199 0.093399
0.63037 0.037205 0.084249
0.62538 0.037207 0.09121
0.60929 0.037187 0.11986
0.60762 0.037191 0.13767
0.62075 0.037194 0.11207
0.62665 0.037197 0.13345
0.60182 0.037186 0.14309
0.61226 0.037197 0.17433
0.62624 0.037188 0.14479
0.62647 0.037186 0.16119
0.605 0.037183 0.18811
0.61136 0.037188 0.2024
0.62459 0.037192 0.18131
0.61041 0.037185 0.22744
0.60485 0.037216 0.24655
0.62062 0.037214 0.23106
0.62431 0.037328 0.24308
0.60105 0.037328 0.26964
0.62431 0.037329 0.25716
0.625 0.037476 0.26399
0.61993 0.038025 0.28434
0.61806 0.037772 0.32981
0.62039 0.038009 0.30229
0.62733 0.03753 0.35291
0.6293 0.037585 0.37131
0.63582 0.037725 0.40046
0.6095 0.038498 0.45117
0.62486 0.038666 0.44813
0.62448 0.037881 0.42579
0.63079 0.038378 0.43545
0.59293 0.039135 0.48844
0.59376 0.038943 0.49189
0.56577 0.038389 0.49882
0.58649 0.039649 0.51755
0.57285 0.038545 0.5054
0.5836 0.03924 0.51279
0.52186 0.039079 0.48505
0.60039 0.039748 0.52674
0.52356 0.038128 0.49566
0.57386 0.041007 0.54043
0.62602 0.038764 0.56625
0.57575 0.041432 0.54098
0.64657 0.035631 0.53708
0.59552 0.052063 0.56279
0.48591 0.038489 0.48824
0.59939 0.048794 0.56488
0.56352 0.067277 0.54566
0.49592 0.049108 0.46921
0.4983 0.043748 0.46384
0.58938 0.037538 0.59958
0.60463 0.037414 0.6078
0.58618 0.036966 0.6077
0.58366 0.037445 0.6161
0.59101 0.037709 0.63527
0.59183 0.03791 0.64391
0.58299 0.03739 0.65746
0.58759 0.036995 0.68092
0.60703 0.03696 0.69348
0.59245 0.036974 0.70791
0.58962 0.036942 0.72443
0.60563 0.036941 0.71667
0.60687 0.036928 0.72643
0.59865 0.036922 0.75891
0.60108 0.036924 0.76671
0.61439 0.03693 0.76087
0.61811 0.036932 0.7699
0.59652 0.036941 0.78671
0.60192 0.036952 0.82177
0.62107 0.036951 0.79238
0.62725 0.036963 0.82011
0.60307 0.036964 0.83031
0.59946 0.036954 0.84757
0.62113 0.03697 0.83628
0.61978 0.036969 0.85253
0.6074 0.036981 0.86727
0.60303 0.036975 0.89084
0.61704 0.03699 0.87737
0.62772 0.036997 0.88919
0.6065 0.036977 0.91156
0.60692 0.037173 0.93078
0.61997 0.037187 0.93261
0.60841 0.037357 0.94767
0.62259 0.037391 0.94162
0.63103 0.033334 0.96472
0.63776 0.037217 0.048155
0.65263 0.037225 0.038773
0.65452 0.037222 0.066435
0.64478 0.037211 0.083259
0.63842 0.037207 0.10137
0.66221 0.037221 0.076901
0.66499 0.037221 0.089368
0.65388 0.037207 0.11614
0.64456 0.037203 0.17144
0.65534 0.037193 0.15071
0.65598 0.037207 0.17006
0.63962 0.037193 0.18179
0.63972 0.037205 0.2078
0.65403 0.037192 0.18813
0.65 0.037195 0.1963
0.63895 0.037202 0.21598
0.64035 0.037553 0.23505
0.65765 0.037204 0.2158
0.65657 0.037587 0.23367
0.64221 0.037992 0.25131
0.64195 0.037772 0.26275
0.65066 0.03781 0.26335
0.63017 0.037614 0.28276
0.63016 0.037629 0.29726
0.6547 0.037245 0.27981
0.64481 0.037189 0.29125
0.63626 0.037433 0.32167
0.65086 0.03739 0.33862
0.63353 0.037496 0.35584
0.64473 0.037683 0.38824
0.65262 0.037424 0.34839
0.65926 0.037479 0.37253
0.63906 0.038205 0.43101
0.64683 0.037812 0.41603
0.61115 0.03864 0.49677
0.64393 0.038102 0.44685
0.63856 0.038222 0.46658
0.59745 0.038665 0.50892
0.64204 0.03798 0.48001
0.6464 0.037998 0.46369
0.57615 0.043171 0.53186
0.56023 0.041401 0.5195
0.58284 0.04298 0.53782
0.575 0.043234 0.53694
0.57648 0.041867 0.54072
0.6177 0.036618 0.53732
0.60429 0.038082 0.54154
0.64004 0.036121 0.52348
0.61586 0.040672 0.57118
0.597 0.044349 0.57436
0.56617 0.059436 0.54743
0.49956 0.036896 0.50822
0.56457 0.050707 0.54544
0.59922 0.038145 0.59522
0.56201 0.048146 0.54368
0.61245 0.037583 0.60521
0.61376 0.037125 0.62604
0.63376 0.037105 0.62823
0.61287 0.037143 0.65691
0.61416 0.036983 0.64503
0.61943 0.03698 0.65496
0.61705 0.03693 0.67578
0.61914 0.036943 0.69775
0.63177 0.036902 0.68838
0.64536 0.03693 0.70638
0.62612 0.036931 0.71253
0.62343 0.036931 0.73294
0.64158 0.036931 0.72405
0.63977 0.036923 0.73473
0.62449 0.036939 0.76024
0.6363 0.036939 0.77629
0.64182 0.036948 0.75726
0.64575 0.036948 0.782
0.63852 0.036961 0.79665
0.63738 0.03697 0.82095
0.65549 0.036974 0.80225
0.65919 0.036987 0.82434
0.6397 0.036982 0.8298
0.64052 0.03698 0.84931
0.65008 0.036992 0.83621
0.65708 0.037006 0.86133
0.64632 0.037006 0.88084
0.64664 0.037019 0.88992
0.65313 0.037012 0.88254
0.66205 0.037037 0.89692
0.64381 0.037058 0.912
0.63746 0.037606 0.93352
0.6621 0.037053 0.9074
0.65873 0.037422 0.92538
0.63704 0.038077 0.94588
0.64271 0.03351 0.95593
0.65632 0.038439 0.94518
0.66411 0.033416 0.95727
0.68007 0.037244 0.045767
0.68224 0.037245 0.052922
0.699 0.037252 0.041021
0.69002 0.037244 0.06079
0.6976 0.037241 0.074278
0.69584 0.037234 0.095802
0.66919 0.037216 0.1073
0.66906 0.037211 0.13048
0.67204 0.0372 0.14909
0.67369 0.037211 0.16689
0.6766 0.037202 0.17961
0.68959 0.037197 0.18344
0.67356 0.037189 0.21875
0.66241 0.037461 0.23243
0.68873 0.037175 0.22457
0.67874 0.037235 0.23874
0.66356 0.037826 0.25089
0.67578 0.037301 0.25737
0.683 0.037171 0.26281
0.66706 0.037189 0.29679
0.68617 0.037174 0.28848
0.67788 0.037168 0.2964
0.66502 0.037268 0.33297
0.68494 0.037183 0.32138
0.68451 0.037197 0.32773
0.67396 0.037255 0.34655
0.66925 0.037304 0.36037
0.68224 0.037273 0.35455
0.67963 0.037346 0.36893
0.66759 0.037445 0.38691
0.66293 0.03751 0.40278
0.68292 0.03736 0.39023
0.68209 0.037378 0.40163
0.6669 0.037596 0.42094
0.65894 0.037646 0.4414
0.67801 0.03745 0.4215
0.68408 0.037365 0.44037
0.655 0.037415 0.48247
0.68051 0.037354 0.46403
0.60004 0.040203 0.53684
0.60096 0.040295 0.5396
0.6603 0.037359 0.49474
0.65605 0.037351 0.50291
0.63436 0.036532 0.51427
0.651 0.036241 0.52469
0.6717 0.036897 0.52401
0.66349 0.036324 0.54575
0.62015 0.039333 0.57835
0.67524 0.036845 0.54267
0.65129 0.037075 0.57681
0.58036 0.041081 0.56703
0.64167 0.03782 0.58363
0.65158 0.037421 0.59347
0.60407 0.039075 0.58742
0.63979 0.03729 0.60073
0.65985 0.037016 0.61891
0.64553 0.037014 0.63067
0.64888 0.03695 0.64076
0.65658 0.037002 0.62614
0.66495 0.03701 0.64416
0.64446 0.036997 0.67214
0.6639 0.036909 0.67171
0.65721 0.036955 0.6946
0.65121 0.036939 0.70596
0.66108 0.036952 0.68606
0.66231 0.036937 0.73367
0.65745 0.03695 0.7492
0.67872 0.036954 0.72695
0.68585 0.036964 0.75082
0.66247 0.036963 0.75929
0.66764 0.036965 0.78102
0.68144 0.036972 0.76033
0.67886 0.036983 0.7906
0.66521 0.036984 0.79768
0.67879 0.036991 0.79685
0.68298 0.037005 0.82296
0.67662 0.037013 0.84641
0.68978 0.037021 0.83547
0.68462 0.037035 0.86544
0.67804 0.037037 0.87211
0.68844 0.037044 0.87139
0.68981 0.037054 0.89886
0.67799 0.037059 0.91463
0.6689 0.037963 0.9384
0.68878 0.037885 0.93822
0.67991 0.038425 0.94806
0.68178 0.033334 0.96418
0.69561 0.033349 0.95972
0.70901 0.037256 0.037651
0.70791 0.037255 0.056055
0.72497 0.037265 0.043024
0.72754 0.037263 0.062276
0.71042 0.037247 0.078826
0.72835 0.037257 0.077906
0.71043 0.037238 0.10532
0.70631 0.037228 0.13222
0.72581 0.037239 0.11675
0.72933 0.037236 0.13268
0.70302 0.03721 0.16566
0.73084 0.037225 0.15291
0.72815 0.037218 0.16603
0.70304 0.037196 0.185
0.69971 0.037195 0.20328
0.71969 0.037206 0.17592
0.72841 0.037204 0.19489
0.70119 0.03719 0.21085
0.69887 0.037182 0.23032
0.71664 0.037189 0.21843
0.7046 0.037172 0.25617
0.72584 0.037164 0.26218
0.70912 0.037174 0.27859
0.7104 0.037163 0.29766
0.6982 0.037187 0.31314
0.70677 0.037161 0.33304
0.73103 0.037111 0.30913
0.71521 0.037138 0.33317
0.70777 0.037153 0.33944
0.70537 0.037168 0.36448
0.72026 0.03713 0.33851
0.7225 0.037136 0.36263
0.70498 0.037178 0.38649
0.69403 0.037262 0.39967
0.7142 0.037149 0.3768
0.7079 0.037191 0.40357
0.69581 0.037239 0.4259
0.71751 0.037172 0.41255
0.70615 0.037236 0.43351
0.69664 0.03728 0.45042
0.68516 0.037203 0.48166
0.71265 0.037181 0.45482
0.70666 0.037169 0.47351
0.68658 0.037222 0.49006
0.67811 0.037297 0.50221
0.69711 0.037178 0.48569
0.70182 0.037173 0.50287
0.70164 0.037199 0.51546
0.70847 0.037231 0.52676
0.68922 0.037044 0.5536
0.7094 0.0371 0.54991
0.70657 0.03707 0.56895
0.67793 0.037099 0.59567
0.70497 0.037055 0.57909
0.69604 0.037072 0.58785
0.67846 0.037007 0.619
0.68689 0.037054 0.60209
0.70271 0.037 0.62322
0.68198 0.03695 0.63454
0.6888 0.036933 0.64198
0.69625 0.036962 0.63262
0.70338 0.036957 0.65135
0.69034 0.036947 0.67024
0.68646 0.036949 0.67865
0.70157 0.036961 0.66276
0.7078 0.036954 0.67796
0.69749 0.036946 0.69903
0.68681 0.03695 0.71122
0.70475 0.036949 0.70928
0.69424 0.036972 0.72978
0.69548 0.036968 0.74536
0.71666 0.03698 0.72992
0.71478 0.036981 0.74981
0.70267 0.036992 0.76714
0.69473 0.03699 0.784
0.71521 0.037 0.76737
0.70674 0.037024 0.81047
0.69805 0.03702 0.82286
0.71898 0.037027 0.79898
0.71129 0.03704 0.83453
0.7003 0.037044 0.85945
0.71784 0.037045 0.83527
0.70852 0.037066 0.88454
0.70255 0.037059 0.8896
0.71846 0.037076 0.87522
0.73132 0.03709 0.90151
0.702 0.037076 0.91567
0.71359 0.037365 0.92625
0.72976 0.037091 0.91219
0.71004 0.033338 0.96134
0.73185 0.038296 0.94649
0.73929 0.037273 0.044012
0.74199 0.037273 0.058481
0.76226 0.037283 0.059712
0.75679 0.037272 0.079077
0.75429 0.037266 0.093685
0.76494 0.037266 0.10769
0.75439 0.037256 0.12199
0.74148 0.03723 0.1519
0.7373 0.037227 0.15809
0.75548 0.037246 0.1391
0.76304 0.037235 0.16328
0.73799 0.037214 0.17814
0.74291 0.037203 0.20221
0.7542 0.037212 0.18471
0.75208 0.037202 0.20015
0.7461 0.037189 0.21411
0.73876 0.037182 0.23953
0.75751 0.037184 0.23334
0.73764 0.037171 0.2529
0.76139 0.037175 0.24422
0.74636 0.037285 0.27833
0.73613 0.03717 0.29067
0.76211 0.037677 0.28399
0.73987 0.037137 0.32532
0.75872 0.03776 0.30133
0.75608 0.037246 0.32025
0.73423 0.037109 0.3389
0.72963 0.037117 0.36825
0.75048 0.037089 0.34548
0.75209 0.037106 0.35864
0.73815 0.037066 0.38434
0.73349 0.037082 0.39366
0.75435 0.037075 0.37944
0.74446 0.037057 0.39543
0.72995 0.037097 0.41021
0.72611 0.037095 0.43918
0.7489 0.03705 0.41872
0.723 0.037115 0.45244
0.7214 0.037109 0.47249
0.74497 0.037038 0.45043
0.74857 0.037017 0.46092
0.73035 0.037048 0.47764
0.71889 0.037095 0.49642
0.75042 0.036973 0.48014
0.74783 0.03697 0.48987
0.74643 0.036975 0.51025
0.73817 0.036987 0.53195
0.72181 0.037093 0.54714
0.71697 0.037057 0.56543
0.7413 0.036977 0.54228
0.74905 0.036968 0.55715
0.72431 0.036991 0.58182
0.73299 0.036975 0.59617
0.74034 0.036975 0.6017
0.71599 0.036969 0.6364
0.71943 0.036968 0.65217
0.74133 0.036955 0.63956
0.72608 0.036966 0.66675
0.72561 0.036969 0.6857
0.74792 0.03697 0.67678
0.73279 0.036973 0.70595
0.73213 0.036989 0.72532
0.7341 0.036998 0.74364
0.7312 0.036999 0.74794
0.75148 0.037017 0.75264
0.73878 0.037028 0.77091
0.73912 0.037041 0.79115
0.74758 0.037026 0.76663
0.74505 0.03706 0.81322
0.74547 0.037069 0.83225
0.75253 0.037063 0.80421
0.75963 0.037078 0.82404
0.73725 0.037083 0.86163
0.75498 0.037089 0.84915
0.7428 0.037098 0.87213
0.7395 0.037097 0.9037
0.75618 0.037111 0.88242
0.75577 0.037113 0.89859
0.74654 0.037104 0.9086
0.76236 0.037143 0.91615
0.75547 0.037772 0.93721
0.73766 0.03825 0.94568
0.73967 0.033349 0.95978
0.76476 0.033336 0.96202
0.77417 0.037293 0.044346
0.78281 0.037297 0.053162
0.79774 0.037306 0.047915
0.80069 0.037302 0.064279
0.77786 0.037287 0.070022
0.79234 0.037286 0.092369
0.78226 0.037272 0.11667
0.78098 0.037264 0.13283
0.79338 0.037279 0.11298
0.79692 0.037274 0.12766
0.78169 0.037254 0.14814
0.77852 0.037245 0.16204
0.78894 0.037261 0.14066
0.78961 0.037244 0.16646
0.77794 0.037226 0.18289
0.79805 0.037243 0.17268
0.78539 0.037214 0.20173
0.77593 0.037204 0.21378
0.77743 0.037185 0.23637
0.79189 0.037203 0.218
0.78656 0.037187 0.23463
0.76817 0.037175 0.24682
0.76841 0.037563 0.27649
0.78515 0.037174 0.24476
0.78384 0.03721 0.26458
0.78364 0.037674 0.28566
0.76837 0.037799 0.30752
0.77077 0.037099 0.32742
0.78966 0.037487 0.30299
0.78141 0.037169 0.32328
0.76793 0.037094 0.34727
0.76555 0.037091 0.36426
0.77869 0.037073 0.34059
0.77688 0.037077 0.36086
0.76829 0.037043 0.38101
0.77219 0.036996 0.39836
0.78639 0.037029 0.37947
0.78688 0.036986 0.39887
0.77017 0.03698 0.4141
0.76619 0.036975 0.42961
0.77837 0.036969 0.41106
0.78374 0.036927 0.43503
0.76564 0.036944 0.45062
0.78235 0.036895 0.45316
0.78017 0.036884 0.45763
0.76011 0.036925 0.47653
0.76645 0.036875 0.48978
0.7849 0.036844 0.47472
0.79514 0.036946 0.49176
0.7714 0.036858 0.51208
0.78293 0.036847 0.50755
0.7889 0.036876 0.52865
0.75539 0.03695 0.56045
0.78207 0.036867 0.53476
0.78283 0.036903 0.56147
0.7621 0.036944 0.57807
0.75884 0.036954 0.5877
0.7791 0.036924 0.57659
0.76655 0.036932 0.60095
0.77609 0.036933 0.60336
0.75529 0.036967 0.63514
0.75603 0.03697 0.65392
0.78337 0.036975 0.64255
0.77804 0.036975 0.66177
0.75937 0.036987 0.67797
0.76253 0.036992 0.68628
0.78546 0.036999 0.67833
0.78539 0.037002 0.68343
0.76976 0.037006 0.70629
0.76106 0.037017 0.72709
0.77959 0.037029 0.72993
0.76957 0.037038 0.73797
0.77505 0.037045 0.76183
0.79185 0.03705 0.73963
0.79333 0.03709 0.79445
0.76832 0.037084 0.81567
0.77574 0.0371 0.83173
0.78547 0.037094 0.80645
0.79738 0.037118 0.8325
0.77563 0.037112 0.85565
0.78732 0.037116 0.84428
0.77841 0.037122 0.88154
0.77222 0.037142 0.90105
0.79671 0.03716 0.89789
0.77902 0.037682 0.93827
0.79329 0.037238 0.91994
0.78446 0.036261 0.95163
0.77445 0.033334 0.96381
0.79453 0.038133 0.94653
0.80037 0.033374 0.95828
0.80545 0.03731 0.047155
0.80608 0.037309 0.054717
0.83234 0.03732 0.047253
0.83485 0.03732 0.052605
0.80523 0.037298 0.078368
0.80664 0.037293 0.094177
0.83125 0.037312 0.073904
0.82372 0.037302 0.091107
0.81181 0.037292 0.10678
0.81014 0.037284 0.12525
0.82237 0.037294 0.10966
0.8294 0.037288 0.12724
0.82923 0.037278 0.14272
0.82042 0.037249 0.17777
0.81991 0.037241 0.18993
0.80913 0.037217 0.21177
0.80105 0.037201 0.22837
0.83092 0.037219 0.2167
0.82663 0.037209 0.22708
0.80054 0.037184 0.24445
0.80223 0.037188 0.26481
0.82655 0.037176 0.26241
0.80937 0.037133 0.28547
0.80288 0.037226 0.29374
0.8283 0.037154 0.28158
0.81987 0.037137 0.2962
0.80886 0.037127 0.30483
0.80394 0.037117 0.32162
0.82217 0.037129 0.30612
0.81452 0.037094 0.33106
0.79996 0.037085 0.34708
0.8047 0.037067 0.35698
0.81491 0.037067 0.3495
0.79864 0.037024 0.38226
0.79734 0.036976 0.40164
0.82392 0.037007 0.38247
0.79781 0.036947 0.41488
0.79939 0.036906 0.43456
0.81776 0.036874 0.42987
0.80105 0.036872 0.44987
0.81283 0.036958 0.46458
0.82497 0.036817 0.44805
0.80875 0.037118 0.47817
0.80301 0.03704 0.49118
0.79842 0.036908 0.50809
0.80752 0.036848 0.51603
0.81934 0.036854 0.51454
0.80147 0.036875 0.55355
0.81239 0.036852 0.54874
0.80064 0.036942 0.59644
0.8236 0.036923 0.57642
0.81789 0.036943 0.5939
0.80376 0.036959 0.61232
0.80575 0.036973 0.62759
0.8201 0.036964 0.60727
0.81407 0.036972 0.62452
0.79782 0.037002 0.64532
0.79864 0.037003 0.65202
0.81501 0.036979 0.63582
0.80523 0.037005 0.6679
0.79871 0.037029 0.69664
0.81889 0.037031 0.6865
0.80251 0.037042 0.70856
0.81883 0.037049 0.70839
0.80102 0.037055 0.73529
0.80368 0.037078 0.76154
0.83052 0.037085 0.74108
0.83178 0.037095 0.75647
0.80115 0.037086 0.775
0.80622 0.037105 0.7973
0.83116 0.037111 0.78005
0.82499 0.037115 0.79468
0.8096 0.037115 0.80731
0.82571 0.037137 0.82949
0.80488 0.037134 0.84991
0.81197 0.037144 0.86353
0.8315 0.03715 0.84626
0.83131 0.037157 0.86623
0.8163 0.037151 0.87666
0.80569 0.037163 0.89658
0.82855 0.037162 0.88594
0.80773 0.03719 0.9126
0.80742 0.03756 0.92861
0.82111 0.037195 0.91376
0.80828 0.038281 0.94382
0.81574 0.033336 0.96229
0.8294 0.036573 0.95155
0.82345 0.033334 0.96404
0.84607 0.037324 0.044898
0.8428 0.037322 0.055209
0.86597 0.037334 0.045002
0.84882 0.037318 0.079787
0.85232 0.037315 0.09214
0.85606 0.037323 0.074813
0.85778 0.037318 0.090316
0.85927 0.037309 0.10914
0.85832 0.037296 0.13303
0.84223 0.037282 0.14837
0.84905 0.037277 0.16078
0.86245 0.037291 0.14344
0.85594 0.037284 0.15386
0.83884 0.037253 0.18353
0.84109 0.037245 0.19444
0.85946 0.037259 0.18309
0.86753 0.037249 0.19806
0.85009 0.037231 0.21099
0.83629 0.037208 0.23232
0.86227 0.037235 0.21271
0.85299 0.037212 0.23295
0.84669 0.0372 0.24703
0.85724 0.037199 0.2473
0.85918 0.037189 0.25768
0.85523 0.037172 0.27601
0.85708 0.037151 0.29636
0.83981 0.037126 0.31592
0.83246 0.037109 0.3253
0.85946 0.037135 0.30842
0.85351 0.037114 0.3212
0.83647 0.037063 0.35597
0.85484 0.03708 0.34353
0.86325 0.03705 0.3624
0.83992 0.037009 0.38246
0.85 0.037001 0.38081
0.85933 0.036975 0.39346
0.84358 0.036905 0.41418
0.84479 0.036848 0.4282
0.84996 0.036917 0.40855
0.8588 0.036837 0.43485
0.83667 0.036787 0.4497
0.83159 0.036986 0.46771
0.85107 0.036759 0.45452
0.8539 0.036927 0.47043
0.83357 0.037248 0.48099
0.83759 0.03717 0.48797
0.83773 0.036918 0.50311
0.84418 0.036784 0.52459
0.86039 0.036793 0.51537
0.84006 0.036826 0.53638
0.84094 0.036862 0.55288
0.85917 0.036852 0.53734
0.85662 0.036882 0.55085
0.8425 0.036909 0.57363
0.83375 0.036959 0.59376
0.85814 0.036926 0.57242
0.84967 0.036945 0.58971
0.84362 0.036987 0.62034
0.85475 0.036973 0.60164
0.84943 0.037003 0.63129
0.84439 0.037031 0.66048
0.86083 0.037035 0.64011
0.85505 0.037046 0.66453
0.84357 0.037056 0.6805
0.83411 0.037054 0.68933
0.85756 0.037056 0.67341
0.86147 0.037077 0.69859
0.83657 0.037068 0.70772
0.84498 0.037086 0.72626
0.8527 0.037074 0.70497
0.85476 0.037094 0.7295
0.84293 0.037096 0.73926
0.84104 0.037109 0.76603
0.85791 0.037118 0.76219
0.83824 0.037126 0.79723
0.86232 0.037129 0.77331
0.86727 0.037144 0.79304
0.84248 0.037143 0.81794
0.86609 0.037152 0.80787
0.86314 0.037159 0.8259
0.84536 0.037158 0.84676
0.86319 0.037168 0.84275
0.86464 0.037177 0.86103
0.84848 0.037174 0.88018
0.84408 0.037186 0.90187
0.86341 0.037183 0.87441
0.848 0.037281 0.92428
0.86826 0.037197 0.91054
0.8592 0.037308 0.9272
0.85255 0.037573 0.94066
0.84425 0.033337 0.96148
0.86725 0.037484 0.94001
0.8643 0.033334 0.96402
0.87397 0.037338 0.039164
0.87565 0.037336 0.06127
0.89131 0.037341 0.03995
0.89282 0.037342 0.051988
0.88543 0.037334 0.076796
0.88582 0.037328 0.092697
0.90115 0.037338 0.078735
0.89497 0.037332 0.08634
0.88501 0.037321 0.10968
0.88566 0.037308 0.12875
0.89454 0.037313 0.11961
0.87834 0.037298 0.13926
0.88578 0.037283 0.15971
0.89795 0.037303 0.14901
0.89279 0.037287 0.16344
0.87931 0.037256 0.19277
0.89711 0.037286 0.17106
0.90145 0.037271 0.19081
0.87403 0.037246 0.20593
0.87961 0.037238 0.22158
0.89423 0.037241 0.21239
0.88966 0.037229 0.22378
0.87092 0.037209 0.23948
0.87331 0.037169 0.27639
0.87522 0.037155 0.2916
0.90103 0.037201 0.27068
0.89235 0.037168 0.29354
0.8703 0.037128 0.31672
0.88098 0.03712 0.32471
0.88889 0.037147 0.3047
0.8875 0.037125 0.32141
0.87751 0.037089 0.34722
0.89521 0.037097 0.34132
0.9005 0.037073 0.3553
0.87772 0.03702 0.38288
0.86911 0.036993 0.39102
0.89407 0.037039 0.37489
0.89755 0.03701 0.39577
0.87148 0.036937 0.41142
0.87376 0.036904 0.42414
0.89891 0.036991 0.41618
0.89367 0.036963 0.42198
0.88054 0.036879 0.44504
0.88484 0.036867 0.45446
0.87308 0.036847 0.48144
0.87206 0.036853 0.49273
0.88126 0.036785 0.49206
0.86226 0.036896 0.49861
0.87473 0.036856 0.52641
0.88785 0.03684 0.51043
0.89038 0.036866 0.52301
0.87069 0.036884 0.53663
0.88981 0.036882 0.53502
0.89447 0.03691 0.54956
0.87605 0.03695 0.57253
0.87346 0.03699 0.59633
0.88987 0.036963 0.5729
0.88619 0.036994 0.59727
0.87246 0.037004 0.60493
0.87928 0.037039 0.63146
0.88581 0.037008 0.60877
0.88583 0.037029 0.6266
0.87813 0.037063 0.64964
0.88829 0.037048 0.64754
0.89255 0.037067 0.66008
0.87094 0.037069 0.67573
0.90166 0.037116 0.69992
0.87213 0.037099 0.71372
0.88278 0.037115 0.7313
0.89821 0.037113 0.70595
0.89366 0.037119 0.72444
0.87545 0.037121 0.7463
0.87443 0.037134 0.76602
0.89093 0.037128 0.74464
0.90284 0.037139 0.76568
0.87748 0.037147 0.78185
0.8822 0.037158 0.79921
0.89472 0.037151 0.79015
0.87493 0.037163 0.81803
0.88167 0.037172 0.82763
0.89385 0.037166 0.80736
0.88122 0.037181 0.84391
0.8868 0.037193 0.86813
0.90019 0.037181 0.8436
0.89196 0.037189 0.86329
0.88022 0.0372 0.89607
0.89839 0.037197 0.87488
0.90255 0.037204 0.89557
0.88658 0.037198 0.90856
0.88887 0.037334 0.93394
0.9016 0.037211 0.91569
0.9067 0.037527 0.93627
0.87873 0.037487 0.94451
0.90882 0.033336 0.96201
0.91139 0.037356 0.037521
0.91858 0.037377 0.054141
0.92953 0.037723 0.038774
0.92121 0.037388 0.075417
0.90913 0.037333 0.090831
0.93489 0.037649 0.09511
0.91688 0.037316 0.10964
0.91493 0.037314 0.1308
0.92691 0.037459 0.10444
0.92931 0.037496 0.11969
0.9108 0.037314 0.13632
0.91341 0.037314 0.16047
0.92799 0.037609 0.14117
0.91965 0.037333 0.18956
0.93454 0.037843 0.17286
0.93737 0.037878 0.19753
0.92054 0.037317 0.20664
0.91775 0.037235 0.22375
0.9339 0.037729 0.21058
0.92486 0.037417 0.2277
0.91317 0.037218 0.24833
0.93372 0.03767 0.24446
0.9271 0.037476 0.25811
0.91276 0.037226 0.27249
0.93712 0.037861 0.28154
0.93622 0.037802 0.29555
0.91516 0.037137 0.32746
0.92857 0.037521 0.30396
0.92677 0.037389 0.3241
0.90661 0.037108 0.33863
0.90983 0.037064 0.36487
0.93375 0.037476 0.33923
0.92308 0.037212 0.35891
0.90895 0.03705 0.37556
0.91498 0.037044 0.39469
0.93156 0.037701 0.39871
0.93194 0.037749 0.40614
0.93749 0.037949 0.43098
0.90712 0.036921 0.45675
0.93411 0.037709 0.43579
0.90857 0.036884 0.4807
0.90552 0.036878 0.4951
0.93319 0.037615 0.47298
0.93005 0.037552 0.48603
0.91416 0.036955 0.50248
0.91551 0.036988 0.52137
0.93481 0.037818 0.51098
0.93214 0.037653 0.51769
0.92877 0.037368 0.53558
0.92935 0.037269 0.5527
0.91407 0.037044 0.59585
0.92619 0.037174 0.57434
0.92972 0.037214 0.59531
0.90947 0.037027 0.60553
0.90452 0.037033 0.62347
0.92249 0.037133 0.6067
0.92471 0.037171 0.61973
0.90395 0.037045 0.64534
0.93532 0.037382 0.64993
0.92589 0.03723 0.66595
0.91688 0.037158 0.69144
0.92854 0.037296 0.68526
0.93395 0.037653 0.70134
0.91746 0.037184 0.70827
0.9294 0.03765 0.71311
0.91542 0.037153 0.74322
0.91911 0.0372 0.7622
0.92686 0.0376 0.73973
0.92581 0.037386 0.7671
0.92018 0.03719 0.7748
0.91908 0.037185 0.79214
0.93257 0.037445 0.77899
0.93341 0.037565 0.80026
0.91029 0.037188 0.82002
0.9182 0.037212 0.82694
0.92748 0.037447 0.80764
0.92518 0.03737 0.83104
0.91214 0.037184 0.85087
0.91324 0.037196 0.86825
0.93047 0.037489 0.84175
0.92689 0.037415 0.86843
0.9195 0.03723 0.87971
0.92732 0.037451 0.87871
0.93991 0.038088 0.89759
0.91737 0.037238 0.91658
0.91953 0.037668 0.93549
0.93182 0.037762 0.91657
0.93995 0.038772 0.93317
0.91838 0.037927 0.94557
0.92454 0.033342 0.96061
0.93101 0.038624 0.94499
0.93575 0.033338 0.96175
0.94357 0.038311 0.041991
0.94369 0.038266 0.054273
0.95656 0.0335 0.037163
0.95924 0.033356 0.060547
0.94084 0.037927 0.074356
0.96111 0.033339 0.087743
0.95011 0.037854 0.10739
0.96036 0.033342 0.13034
0.95001 0.038562 0.14754
0.9472 0.038484 0.15727
0.95976 0.033346 0.14341
0.95436 0.034014 0.15938
0.9418 0.038138 0.17266
0.94991 0.038397 0.19631
0.95716 0.033424 0.19772
0.94482 0.038172 0.20629
0.94459 0.038116 0.22901
0.96383 0.033334 0.21468
0.96199 0.033336 0.22167
0.94477 0.038045 0.24793
0.94977 0.038196 0.25338
0.96184 0.033336 0.23718
0.95465 0.033782 0.2645
0.94711 0.038196 0.27218
0.9443 0.038152 0.28895
0.96067 0.033339 0.27611
0.94533 0.038095 0.30268
0.94439 0.037827 0.33118
0.95653 0.033439 0.3021
0.96468 0.033334 0.32512
0.94805 0.037802 0.34384
0.94597 0.037803 0.35971
0.95957 0.033345 0.36257
0.94389 0.037992 0.37159
0.95083 0.038414 0.39911
0.96457 0.033334 0.38186
0.95463 0.033888 0.39785
0.94974 0.038926 0.40803
0.96409 0.033334 0.41044
0.95828 0.033371 0.42795
0.94554 0.038122 0.44435
0.94869 0.038116 0.45132
0.95578 0.03355 0.43444
0.96072 0.033338 0.45221
0.94339 0.038112 0.47266
0.96399 0.033334 0.47895
0.95682 0.03341 0.49394
0.9494 0.038735 0.50669
0.94607 0.038427 0.51926
0.95507 0.033635 0.50961
0.9607 0.033339 0.52357
0.93954 0.03751 0.55183
0.96459 0.033334 0.53557
0.959 0.033347 0.55455
0.94362 0.037388 0.59318
0.94085 0.037373 0.61325
0.94148 0.037413 0.62264
0.95989 0.033341 0.6284
0.9456 0.037549 0.64077
0.96158 0.033336 0.63861
0.96381 0.033334 0.66208
0.95003 0.036172 0.68168
0.96051 0.033339 0.6796
0.9603 0.033342 0.70256
0.94579 0.038622 0.71897
0.94505 0.038635 0.72926
0.95656 0.033496 0.72106
0.95712 0.033443 0.72589
0.94816 0.038748 0.75731
0.95781 0.033407 0.74972
0.96103 0.03334 0.75754
0.94569 0.037723 0.7821
0.94584 0.038025 0.80397
0.95921 0.033354 0.79109
0.94463 0.038054 0.80906
0.95639 0.033502 0.81739
0.96043 0.033343 0.83622
0.94384 0.037931 0.85287
0.96528 0.033334 0.86465
0.94871 0.038586 0.8947
0.96106 0.03334 0.8783
0.94652 0.039234 0.93087
0.95932 0.033366 0.91682
0.9652 0.033334 0.92927
0.94722 0.040002 0.94365
0.94938 0.03335 0.96033
0.96149 0.033342 0.94817
0.95777 0.033333 0.96369
