2635
1 1 1
0.035044 0.037316 0.0453
0.041319 0.037316 0.054993
0.063525 0.037315 0.035762
0.059398 0.037315 0.052141
0.046606 0.037314 0.070261
0.043987 0.037309 0.095618
0.060749 0.037311 0.082549
0.057153 0.037307 0.099462
0.03879 0.037303 0.11352
0.041612 0.037301 0.12383
0.064591 0.037303 0.11014
0.064216 0.03729 0.14715
0.040826 0.03727 0.19438
0.059778 0.037274 0.18409
0.062798 0.037265 0.20022
0.036333 0.037263 0.20503
0.040859 0.037247 0.2316
0.054534 0.03726 0.21025
0.057889 0.037252 0.22402
0.048831 0.037241 0.24083
0.043017 0.037228 0.26247
0.054363 0.037238 0.24736
0.063906 0.037228 0.26241
0.048409 0.037219 0.27456
0.047569 0.037208 0.29195
0.057601 0.037214 0.28381
0.065831 0.037207 0.29277
0.064937 0.037192 0.31405
0.060321 0.037181 0.32925
0.046639 0.037164 0.35043
0.065898 0.037158 0.35936
0.047791 0.03714 0.38047
0.046777 0.037131 0.39396
0.064192 0.037143 0.37867
0.059329 0.037128 0.40041
0.046329 0.037116 0.41082
0.038355 0.0371 0.42982
0.064862 0.037116 0.41375
0.057818 0.037108 0.42485
0.044287 0.037085 0.45205
0.064537 0.03709 0.45016
0.063774 0.037078 0.4656
0.043673 0.037067 0.47819
0.046031 0.037058 0.49225
0.056334 0.037073 0.47801
0.063492 0.037059 0.49588
0.039593 0.037049 0.5111
0.039239 0.037041 0.53108
0.059628 0.037052 0.51303
0.065065 0.037043 0.53018
0.048245 0.037037 0.54194
0.045352 0.037031 0.56615
0.067577 0.037037 0.54047
0.06592 0.037033 0.55993
0.037967 0.03703 0.57676
0.036527 0.037028 0.59799
0.055893 0.037034 0.57538
0.058144 0.037031 0.59444
0.045961 0.037028 0.60259
0.03684 0.037031 0.62863
0.0555 0.037031 0.60838
0.062599 0.037029 0.62054
0.054583 0.037037 0.64776
0.056793 0.037037 0.65951
0.049773 0.037038 0.67149
0.055652 0.037039 0.66953
0.061916 0.037039 0.68692
0.036337 0.037048 0.72906
0.063482 0.037042 0.71164
0.054048 0.037047 0.72157
0.044631 0.037051 0.74585
0.037435 0.037054 0.76189
0.061962 0.037049 0.74228
0.053934 0.037054 0.7599
0.04151 0.037057 0.77291
0.037539 0.037061 0.80059
0.060321 0.037057 0.78171
0.05813 0.037059 0.792
0.040229 0.037063 0.82892
0.054249 0.037062 0.81622
0.060286 0.037062 0.83467
0.038411 0.037064 0.84693
0.035161 0.037064 0.86684
0.055255 0.037063 0.84097
0.057867 0.037063 0.86479
0.035767 0.037063 0.87708
0.046066 0.037072 0.89952
0.060095 0.037061 0.88505
0.058387 0.037065 0.89573
0.04252 0.037146 0.9201
0.036808 0.033349 0.95868
0.057406 0.038538 0.94984
0.059116 0.033395 0.95707
0.08095 0.037312 0.045775
0.076674 0.037311 0.060754
0.079814 0.037306 0.090502
0.096582 0.037306 0.075646
0.093864 0.037304 0.090519
0.072795 0.037302 0.10924
0.074044 0.037294 0.13299
0.087283 0.0373 0.11185
0.091753 0.037295 0.12591
0.071507 0.03729 0.14427
0.092004 0.03729 0.14062
0.095777 0.03728 0.16289
0.074057 0.037273 0.18128
0.069991 0.037267 0.19662
0.097595 0.037271 0.18129
0.098369 0.037265 0.19706
0.079919 0.037256 0.21208
0.07869 0.037246 0.22943
0.092236 0.037253 0.21746
0.10133 0.037244 0.23373
0.072296 0.037234 0.25102
0.075124 0.037231 0.25761
0.089283 0.037235 0.25179
0.094123 0.037231 0.26028
0.079465 0.037213 0.28099
0.078761 0.037201 0.29863
0.10064 0.037216 0.28134
0.071624 0.037191 0.31541
0.072447 0.037176 0.3347
0.098593 0.037195 0.31421
0.096864 0.037181 0.33563
0.075912 0.037162 0.35401
0.096178 0.037172 0.35019
0.095057 0.037161 0.36529
0.081257 0.037132 0.38806
0.098886 0.037149 0.38172
0.10352 0.03714 0.39353
0.075261 0.03711 0.41906
0.080616 0.037099 0.43215
0.10326 0.037122 0.42204
0.095695 0.037117 0.42823
0.076544 0.037084 0.45332
0.093723 0.037097 0.44606
0.096132 0.037085 0.46427
0.083117 0.037061 0.48087
0.088504 0.037054 0.4909
0.10313 0.037069 0.48687
0.10251 0.037063 0.49703
0.077493 0.037048 0.50738
0.098274 0.037048 0.52334
0.087954 0.037031 0.53868
0.081405 0.037025 0.56485
0.094572 0.037028 0.56253
0.083645 0.037023 0.57061
0.077733 0.037023 0.5977
0.098207 0.037033 0.57064
0.10106 0.037028 0.59289
0.082826 0.037021 0.62598
0.10267 0.037025 0.6095
0.1085 0.037022 0.61818
0.080637 0.037022 0.63853
0.10334 0.037023 0.66014
0.073865 0.037031 0.67751
0.094981 0.037026 0.66926
0.097638 0.037029 0.68868
0.082152 0.037035 0.70735
0.071918 0.037043 0.72918
0.098212 0.037036 0.71964
0.075444 0.037046 0.74222
0.080587 0.037047 0.75494
0.094407 0.037042 0.73754
0.090353 0.037047 0.75967
0.075007 0.037051 0.77173
0.076197 0.037056 0.79909
0.099408 0.037048 0.7834
0.075219 0.037059 0.81723
0.083589 0.037057 0.8252
0.097463 0.037053 0.80711
0.094094 0.037055 0.83473
0.077696 0.037058 0.84561
0.077735 0.037059 0.86661
0.094161 0.037056 0.87103
0.080299 0.037058 0.88915
0.092791 0.037056 0.87991
0.089757 0.037057 0.89766
0.074463 0.037075 0.9174
0.079252 0.037384 0.93846
0.094299 0.037054 0.91083
0.071375 0.037751 0.94479
0.089655 0.036388 0.95155
0.11342 0.037308 0.039313
0.10871 0.037307 0.058573
0.12998 0.037304 0.038118
0.1253 0.037306 0.053193
0.10542 0.037305 0.070082
0.11015 0.037299 0.097244
0.12793 0.037295 0.099715
0.10862 0.037295 0.11393
0.11737 0.037288 0.13323
0.12912 0.037291 0.12248
0.11112 0.037284 0.14612
0.10617 0.037279 0.16133
0.13143 0.037276 0.16171
0.1118 0.03727 0.17897
0.11074 0.037265 0.19427
0.1326 0.037271 0.17324
0.12402 0.037263 0.20087
0.11824 0.037249 0.22467
0.12303 0.037259 0.20835
0.12281 0.037245 0.23553
0.11109 0.037236 0.24676
0.10605 0.037227 0.26487
0.12717 0.03724 0.24632
0.11287 0.037216 0.28291
0.1129 0.037208 0.29584
0.12807 0.037222 0.28696
0.13711 0.037219 0.29396
0.11401 0.037197 0.31368
0.11541 0.037183 0.33648
0.13761 0.037206 0.31992
0.12531 0.037197 0.32833
0.11209 0.037177 0.34429
0.11402 0.03716 0.36918
0.12573 0.037172 0.36421
0.10783 0.037154 0.37612
0.12696 0.037165 0.38058
0.13488 0.037162 0.40445
0.11322 0.037133 0.40918
0.1152 0.037111 0.43619
0.12815 0.037118 0.43765
0.11184 0.0371 0.4478
0.11379 0.03709 0.45915
0.13111 0.037101 0.45528
0.13407 0.037096 0.46699
0.1139 0.037074 0.47865
0.12495 0.037064 0.49445
0.13639 0.037091 0.48101
0.14481 0.037086 0.4972
0.12097 0.037054 0.50912
0.11581 0.037044 0.52874
0.1427 0.037063 0.5292
0.12354 0.037037 0.54022
0.11752 0.03703 0.55967
0.14548 0.037057 0.54477
0.11433 0.037024 0.58067
0.11669 0.037022 0.59268
0.1399 0.037038 0.57417
0.14054 0.037033 0.59716
0.12599 0.037019 0.61255
0.12553 0.037018 0.62192
0.14568 0.03702 0.62574
0.1207 0.037018 0.64032
0.11937 0.03702 0.65295
0.13712 0.037026 0.63432
0.13137 0.037023 0.66068
0.11635 0.037023 0.67791
0.13665 0.037024 0.67636
0.11655 0.037031 0.72346
0.13993 0.03702 0.69995
0.13904 0.037026 0.72816
0.10971 0.037036 0.73513
0.11338 0.037038 0.75227
0.12868 0.037037 0.7603
0.11403 0.037042 0.7727
0.1362 0.037037 0.77603
0.12466 0.037043 0.78968
0.11415 0.03705 0.83204
0.1241 0.037045 0.80481
0.12676 0.037048 0.83629
0.1154 0.03705 0.84299
0.13178 0.037047 0.8466
0.13183 0.037046 0.86192
0.11436 0.037048 0.88348
0.11949 0.037044 0.90186
0.13601 0.037048 0.89238
0.13065 0.037059 0.90814
0.11093 0.037046 0.91932
0.13183 0.03715 0.92333
0.13212 0.03759 0.93683
0.11468 0.03756 0.94594
0.14551 0.037094 0.95261
0.14308 0.033333 0.96521
0.14569 0.037298 0.040133
0.1616 0.037294 0.035373
0.16331 0.037293 0.054445
0.13831 0.037296 0.078459
0.14393 0.037291 0.098634
0.157 0.037292 0.07407
0.16164 0.037288 0.093656
0.14359 0.037289 0.1102
0.14536 0.037288 0.1221
0.1562 0.037287 0.11519
0.16069 0.037285 0.12113
0.13889 0.037281 0.14296
0.14031 0.037273 0.16569
0.16569 0.037271 0.15949
0.13919 0.037265 0.18528
0.16402 0.037264 0.18007
0.163 0.037261 0.19219
0.14248 0.037253 0.21364
0.14932 0.037244 0.23445
0.16666 0.037251 0.21563
0.14243 0.037239 0.24723
0.15354 0.037232 0.26325
0.15904 0.037244 0.24058
0.16828 0.037239 0.26998
0.146 0.037225 0.27764
0.1461 0.037215 0.30009
0.1656 0.037237 0.27794
0.16271 0.037231 0.2972
0.15496 0.037212 0.31454
0.14226 0.037204 0.32518
0.16912 0.037232 0.30912
0.16167 0.037215 0.33258
0.14613 0.037191 0.35381
0.15659 0.037193 0.36135
0.1675 0.037225 0.34372
0.15409 0.037175 0.38498
0.14739 0.037169 0.39308
0.17184 0.03727 0.39352
0.14683 0.03714 0.43508
0.16238 0.037357 0.43462
0.16008 0.037117 0.45232
0.15313 0.037101 0.46577
0.17402 0.03712 0.45164
0.17346 0.0371 0.46312
0.15499 0.037095 0.48021
0.15401 0.037081 0.49529
0.17721 0.037124 0.48294
0.16788 0.037058 0.51636
0.16741 0.037049 0.52831
0.18956 0.037117 0.51099
0.15931 0.037044 0.54671
0.16653 0.037032 0.56543
0.1779 0.037043 0.55002
0.19041 0.037073 0.55328
0.16632 0.037025 0.58036
0.15928 0.037021 0.59232
0.18545 0.037058 0.57918
0.18326 0.03705 0.59071
0.15755 0.037013 0.60802
0.15966 0.037008 0.62388
0.18485 0.037042 0.61092
0.1779 0.037023 0.62049
0.16078 0.037005 0.65309
0.18644 0.037016 0.63757
0.1724 0.037009 0.65353
0.15609 0.037008 0.66601
0.16059 0.037007 0.6862
0.1678 0.037006 0.66887
0.16742 0.037011 0.69322
0.14636 0.037016 0.69859
0.15617 0.037017 0.72661
0.17162 0.037014 0.69939
0.16375 0.037017 0.72586
0.15457 0.037021 0.74313
0.14637 0.037028 0.76204
0.16919 0.037017 0.73229
0.17135 0.037016 0.74973
0.14765 0.037033 0.79127
0.16298 0.037027 0.77232
0.16293 0.037029 0.79673
0.15258 0.037034 0.80638
0.14886 0.037039 0.83
0.17116 0.037028 0.81383
0.16235 0.037034 0.82991
0.14622 0.037043 0.85189
0.15281 0.037038 0.86941
0.16574 0.037038 0.8498
0.16563 0.037032 0.86748
0.14351 0.037041 0.88595
0.16336 0.037074 0.88996
0.16627 0.037276 0.90733
0.14592 0.037151 0.92147
0.15436 0.038247 0.93971
0.17249 0.037571 0.91581
0.16958 0.038087 0.92889
0.1519 0.033496 0.95692
0.17281 0.038984 0.94129
0.17278 0.033334 0.96168
0.17568 0.03729 0.045482
0.18289 0.037286 0.062759
0.19234 0.037286 0.046252
0.19137 0.037286 0.056387
0.17567 0.037285 0.078779
0.1797 0.037282 0.095457
0.19519 0.037279 0.080607
0.19506 0.037277 0.096826
0.1751 0.037281 0.11015
0.17978 0.037274 0.13441
0.18981 0.037276 0.11191
0.1971 0.037273 0.12335
0.17857 0.03727 0.14694
0.18591 0.037268 0.16113
0.19404 0.037269 0.15214
0.19869 0.037269 0.1578
0.18687 0.037254 0.20255
0.19828 0.037262 0.18066
0.19409 0.03726 0.19795
0.18429 0.037247 0.23717
0.19597 0.037258 0.21136
0.19598 0.03726 0.23062
0.18267 0.037243 0.24983
0.18583 0.03724 0.26845
0.19835 0.037253 0.26036
0.20069 0.037255 0.28177
0.19641 0.037254 0.30004
0.1781 0.037235 0.30881
0.18557 0.037235 0.32692
0.19971 0.037269 0.32085
0.20199 0.03727 0.33833
0.17888 0.037224 0.35577
0.18182 0.037213 0.3639
0.19545 0.037246 0.35149
0.19856 0.037243 0.36258
0.18731 0.037199 0.39164
0.196 0.037251 0.395
0.18716 0.037847 0.41215
0.18153 0.03795 0.4281
0.19083 0.037944 0.41881
0.19629 0.037614 0.43084
0.18683 0.037343 0.44202
0.19309 0.037099 0.46373
0.19946 0.037279 0.44468
0.20307 0.037127 0.47345
0.19871 0.037129 0.50019
0.21132 0.037135 0.49367
0.21932 0.037147 0.50314
0.20187 0.037115 0.51337
0.20384 0.037085 0.53383
0.23557 0.037272 0.52284
0.23089 0.037134 0.53718
0.20348 0.037075 0.54561
0.21778 0.037058 0.5588
0.20742 0.037043 0.57396
0.19458 0.037046 0.58724
0.22153 0.037096 0.57852
0.21417 0.037038 0.59072
0.20557 0.037018 0.60191
0.19632 0.03702 0.62135
0.21578 0.037041 0.59921
0.21517 0.037014 0.61532
0.19464 0.037007 0.6386
0.19612 0.037001 0.64748
0.22647 0.037001 0.63671
0.22513 0.037003 0.64809
0.19267 0.037001 0.66456
0.18866 0.036999 0.68082
0.2088 0.036994 0.6602
0.20786 0.036994 0.68009
0.19167 0.036994 0.70829
0.18651 0.037001 0.72115
0.20512 0.036994 0.69369
0.2013 0.036999 0.72483
0.1911 0.037004 0.74141
0.18293 0.037008 0.75038
0.20064 0.037005 0.73986
0.17896 0.037019 0.78876
0.20242 0.037003 0.765
0.19931 0.037011 0.79443
0.18342 0.03702 0.80481
0.19645 0.037018 0.81273
0.19713 0.037019 0.82928
0.18578 0.037029 0.84154
0.17605 0.037031 0.86063
0.19465 0.037032 0.84891
0.19263 0.037028 0.85698
0.17421 0.037028 0.88257
0.1789 0.037452 0.90014
0.20033 0.037017 0.87575
0.19922 0.037483 0.89911
0.18198 0.038386 0.92309
0.19158 0.038554 0.92198
0.18374 0.034258 0.9486
0.19059 0.038796 0.92988
0.18925 0.0334 0.95367
0.20728 0.037279 0.044989
0.21578 0.037274 0.060163
0.22944 0.037269 0.035091
0.22753 0.03727 0.057889
0.21451 0.037273 0.070933
0.21135 0.037272 0.091986
0.23221 0.037267 0.073441
0.22898 0.037267 0.097329
0.21733 0.037268 0.10494
0.21171 0.037267 0.13252
0.23442 0.037264 0.10586
0.22639 0.037267 0.12701
0.21104 0.037264 0.14864
0.20771 0.037259 0.18192
0.21883 0.03726 0.19947
0.23484 0.037255 0.18183
0.23769 0.037259 0.19369
0.21434 0.037257 0.21051
0.23229 0.037257 0.21116
0.22351 0.037255 0.25036
0.23766 0.037267 0.24637
0.23684 0.037285 0.27057
0.21796 0.037264 0.28413
0.21222 0.037269 0.29199
0.2377 0.037284 0.2833
0.22902 0.037388 0.30158
0.22005 0.037393 0.31949
0.21772 0.037316 0.33887
0.22806 0.037681 0.33009
0.21093 0.037283 0.34477
0.21488 0.037265 0.37153
0.22686 0.037503 0.34415
0.23445 0.037388 0.36252
0.21843 0.037255 0.38244
0.2132 0.037248 0.40317
0.2294 0.037297 0.37959
0.22069 0.037214 0.40964
0.20526 0.037461 0.42332
0.21686 0.037177 0.42257
0.21672 0.037213 0.44604
0.21799 0.037188 0.4729
0.2327 0.037247 0.45162
0.23977 0.037246 0.4728
0.22899 0.037192 0.48814
0.24645 0.037493 0.51248
0.24162 0.037228 0.49952
0.25484 0.037711 0.51658
0.25321 0.037895 0.52942
0.25665 0.037718 0.53919
0.2591 0.037344 0.54978
0.25751 0.037201 0.55937
0.27448 0.037225 0.55903
0.23989 0.037258 0.5785
0.23342 0.037332 0.5876
0.26763 0.037444 0.57707
0.2624 0.037593 0.58161
0.23571 0.037461 0.59506
0.2358 0.037237 0.61376
0.25685 0.037628 0.60157
0.23336 0.037002 0.63223
0.24309 0.036977 0.63489
0.25569 0.037295 0.61088
0.23906 0.036991 0.65553
0.22574 0.036981 0.68118
0.2504 0.036997 0.65386
0.24221 0.036976 0.67967
0.22153 0.036987 0.69622
0.21794 0.036987 0.71717
0.2396 0.036986 0.69563
0.23992 0.036977 0.70769
0.21746 0.03699 0.75189
0.23642 0.036981 0.73685
0.21415 0.036998 0.77589
0.22028 0.036996 0.78828
0.23413 0.03699 0.7639
0.2114 0.037011 0.8324
0.23612 0.036993 0.81245
0.23163 0.036998 0.82939
0.21084 0.037018 0.84856
0.21359 0.037014 0.86361
0.22956 0.037002 0.83697
0.22901 0.037005 0.86161
0.21184 0.03702 0.88233
0.21173 0.037275 0.90316
0.22401 0.037013 0.88335
0.2262 0.037017 0.90567
0.20832 0.038194 0.93478
0.22222 0.037206 0.92647
0.19448 0.03941 0.94601
0.20086 0.033333 0.96335
0.21113 0.03902 0.95014
0.21041 0.033338 0.96013
0.24017 0.037265 0.035109
0.24394 0.037263 0.063388
0.25767 0.037259 0.043134
0.26601 0.037257 0.057851
0.24573 0.037262 0.069983
0.24212 0.037263 0.087815
0.26211 0.037255 0.078773
0.26559 0.037255 0.088936
0.25253 0.037259 0.12446
0.26223 0.037255 0.10579
0.25815 0.037257 0.13178
0.2426 0.037258 0.15102
0.26191 0.037256 0.1458
0.2683 0.03726 0.16375
0.24413 0.037254 0.18463
0.25481 0.037261 0.20117
0.2618 0.037259 0.18541
0.26804 0.037268 0.19587
0.24875 0.037254 0.22176
0.24463 0.037266 0.24073
0.26517 0.037273 0.21689
0.24601 0.037272 0.25651
0.25244 0.037271 0.26325
0.25057 0.037277 0.29413
0.24471 0.037995 0.31871
0.26451 0.037963 0.30292
0.25652 0.038106 0.32171
0.25373 0.038021 0.33376
0.24206 0.037417 0.3649
0.25602 0.037637 0.34992
0.26508 0.037445 0.36687
0.24579 0.037366 0.37755
0.25741 0.037357 0.38161
0.25273 0.037337 0.39839
0.2372 0.03731 0.42161
0.24869 0.037367 0.43662
0.25489 0.037374 0.41299
0.24831 0.037329 0.4529
0.25413 0.037306 0.47554
0.2658 0.037389 0.45956
0.27071 0.037369 0.48093
0.259 0.037324 0.50227
0.27217 0.037348 0.49928
0.28611 0.037469 0.51618
0.27876 0.037819 0.52972
0.30929 0.03738 0.54522
0.30584 0.037442 0.55239
0.292 0.037532 0.56326
0.28624 0.037736 0.57889
0.29155 0.037664 0.58076
0.27717 0.037654 0.58929
0.26898 0.0373 0.60504
0.28378 0.037399 0.59068
0.28724 0.037075 0.60184
0.2659 0.036995 0.62096
0.27399 0.036951 0.63201
0.2857 0.036958 0.62203
0.286 0.036969 0.63711
0.27028 0.036965 0.65793
0.28804 0.036973 0.66249
0.26199 0.03696 0.6999
0.27558 0.036976 0.68606
0.27407 0.036964 0.7091
0.25735 0.036971 0.72653
0.25187 0.03697 0.74678
0.27186 0.03697 0.73054
0.27863 0.036961 0.74856
0.2464 0.036984 0.76979
0.25362 0.036976 0.78313
0.27265 0.03697 0.75992
0.25218 0.036983 0.80089
0.27038 0.036974 0.8007
0.26158 0.036978 0.82367
0.24975 0.036989 0.84293
0.24349 0.036996 0.86148
0.24002 0.037005 0.88304
0.23781 0.037002 0.89436
0.26219 0.036995 0.87867
0.24506 0.037036 0.92149
0.23108 0.037765 0.94022
0.25258 0.036994 0.91003
0.25839 0.037521 0.93906
0.23496 0.033334 0.9629
0.25215 0.037608 0.94384
0.28238 0.03725 0.05834
0.30283 0.037242 0.063553
0.28452 0.037244 0.083423
0.27799 0.03725 0.099328
0.30158 0.03724 0.07798
0.27936 0.037249 0.11536
0.29888 0.037243 0.1105
0.29446 0.03725 0.13082
0.28062 0.03725 0.14442
0.27858 0.03726 0.16675
0.30234 0.037246 0.14701
0.30435 0.037263 0.16874
0.27555 0.037259 0.18044
0.28125 0.037265 0.1947
0.29705 0.03728 0.20635
0.28615 0.0373 0.23085
0.29962 0.037283 0.21194
0.29868 0.037328 0.23976
0.27788 0.037664 0.28193
0.29899 0.037342 0.25647
0.29263 0.037675 0.27899
0.28503 0.038056 0.28928
0.26547 0.038036 0.3186
0.26656 0.037841 0.32565
0.29042 0.037673 0.32024
0.26826 0.037575 0.34247
0.27771 0.037492 0.36475
0.28404 0.037485 0.34551
0.28915 0.037521 0.35846
0.27598 0.037503 0.37144
0.27468 0.037446 0.39322
0.29091 0.037572 0.3806
0.26866 0.037393 0.42004
0.26856 0.037401 0.44062
0.28103 0.037455 0.4248
0.28137 0.037448 0.4477
0.28236 0.037412 0.48673
0.2843 0.037444 0.45806
0.30501 0.037566 0.48101
0.28636 0.037358 0.50258
0.30174 0.037337 0.5216
0.3159 0.037359 0.51854
0.31854 0.037229 0.53897
0.3953 0.03734 0.55789
0.38259 0.037287 0.5611
0.33045 0.037719 0.56613
0.36895 0.037294 0.56542
0.38016 0.037411 0.57138
0.33277 0.037633 0.56902
0.31225 0.037219 0.5797
0.35324 0.037274 0.57526
0.35018 0.036992 0.58009
0.32021 0.036958 0.58613
0.3108 0.036941 0.60122
0.33724 0.037004 0.59752
0.30962 0.036937 0.61803
0.30468 0.036958 0.63402
0.32607 0.037051 0.6169
0.32396 0.037138 0.63529
0.30245 0.036971 0.64338
0.30435 0.037055 0.66507
0.32551 0.037423 0.64867
0.31331 0.037319 0.67093
0.29436 0.03696 0.69006
0.2967 0.036948 0.69949
0.3141 0.036953 0.70082
0.29643 0.03694 0.73105
0.29042 0.036953 0.75085
0.31233 0.036964 0.72033
0.2833 0.036965 0.76054
0.28935 0.036954 0.78034
0.30922 0.036957 0.76254
0.30283 0.036954 0.78339
0.30241 0.036959 0.80311
0.29337 0.036963 0.82169
0.28402 0.036968 0.84253
0.3032 0.036961 0.8378
0.2936 0.036965 0.85572
0.27476 0.036982 0.88206
0.28353 0.036975 0.89494
0.29665 0.036969 0.87902
0.28808 0.036973 0.89558
0.29809 0.036971 0.91239
0.29379 0.037431 0.93123
0.27545 0.038251 0.95028
0.27787 0.033355 0.9575
0.29564 0.037707 0.94025
0.28312 0.033334 0.96134
0.30873 0.03724 0.046541
0.31232 0.037239 0.060982
0.33498 0.037229 0.045434
0.33631 0.03723 0.061028
0.31118 0.037235 0.08411
0.31535 0.037238 0.092354
0.3314 0.03723 0.074082
0.32799 0.037235 0.099854
0.31397 0.037238 0.11498
0.3122 0.037246 0.13416
0.33652 0.037233 0.11035
0.32745 0.037245 0.13213
0.3112 0.037246 0.15364
0.31454 0.037264 0.16595
0.33115 0.037244 0.15275
0.33211 0.037259 0.16283
0.31316 0.037266 0.18854
0.31619 0.037292 0.20461
0.33281 0.037267 0.18258
0.31813 0.037344 0.23687
0.33771 0.037324 0.22115
0.33667 0.037344 0.22987
0.30842 0.037352 0.25979
0.31241 0.037417 0.27053
0.3232 0.03742 0.2734
0.30413 0.037649 0.28299
0.29127 0.038121 0.2995
0.31888 0.037453 0.28006
0.3237 0.037524 0.29167
0.29419 0.037827 0.30861
0.29567 0.037721 0.31573
0.3167 0.037609 0.30834
0.31703 0.037668 0.31465
0.30432 0.037756 0.32773
0.30033 0.03768 0.35897
0.31458 0.037875 0.33583
0.32081 0.037802 0.35393
0.30468 0.037752 0.36493
0.29648 0.037656 0.39441
0.31604 0.037665 0.37326
0.32345 0.037438 0.38532
0.2892 0.037595 0.42038
0.29616 0.037814 0.43599
0.3007 0.037912 0.4095
0.30357 0.038105 0.44351
0.30713 0.037708 0.46899
0.3144 0.037664 0.48738
0.32284 0.037915 0.4755
0.34036 0.037759 0.49212
0.32814 0.037123 0.51408
0.339 0.037301 0.50507
0.3391 0.037079 0.52397
0.35032 0.037038 0.54063
0.3926 0.036845 0.55003
0.36226 0.036964 0.53715
0.40729 0.036312 0.56734
0.39721 0.037448 0.60703
0.37985 0.037005 0.59247
0.43018 0.041325 0.39019
0.35855 0.03699 0.59706
0.34486 0.03726 0.60477
0.3626 0.037306 0.61055
0.34775 0.037355 0.62635
0.344 0.037347 0.64592
0.33931 0.037493 0.66977
0.34276 0.037041 0.68704
0.33853 0.036939 0.70157
0.32479 0.03696 0.7149
0.32916 0.036944 0.73724
0.34155 0.036957 0.7208
0.33835 0.036946 0.74198
0.32685 0.036945 0.76046
0.31732 0.036941 0.77705
0.33362 0.036935 0.76476
0.33171 0.036941 0.78385
0.31411 0.036954 0.79268
0.33045 0.036938 0.81581
0.31251 0.036954 0.83389
0.31745 0.03695 0.85373
0.30776 0.03696 0.88098
0.31511 0.036955 0.88933
0.32898 0.036952 0.86729
0.32518 0.03695 0.89602
0.30575 0.036973 0.91541
0.3143 0.037157 0.93227
0.33424 0.036945 0.90602
0.32342 0.037031 0.92487
0.30323 0.037714 0.94802
0.32466 0.03725 0.94459
0.34628 0.037225 0.0415
0.34548 0.037227 0.058247
0.36973 0.037219 0.041739
0.35924 0.037225 0.053589
0.3463 0.037225 0.077969
0.34613 0.037229 0.091737
0.36149 0.037222 0.090011
0.34882 0.037229 0.11229
0.34419 0.037243 0.13111
0.36444 0.037239 0.13083
0.3476 0.037242 0.14922
0.35195 0.037258 0.16259
0.36433 0.037239 0.15163
0.37126 0.03725 0.16081
0.35258 0.037269 0.18147
0.35261 0.037278 0.19306
0.35982 0.03727 0.17704
0.36499 0.037286 0.19302
0.3453 0.037317 0.21387
0.34426 0.037375 0.23525
0.36122 0.037329 0.21304
0.35178 0.037425 0.24899
0.34713 0.03752 0.2735
0.36176 0.037445 0.25181
0.3683 0.037556 0.26829
0.35271 0.03763 0.29011
0.34978 0.037679 0.29851
0.36836 0.037732 0.28763
0.36157 0.037688 0.29553
0.34081 0.037791 0.3068
0.33846 0.037747 0.32337
0.36317 0.037865 0.30845
0.35222 0.037682 0.32364
0.34253 0.037706 0.32869
0.32526 0.037782 0.34707
0.34621 0.037586 0.33629
0.35345 0.036622 0.35685
0.34558 0.036993 0.39285
0.315 0.038274 0.40553
0.3085 0.038602 0.44376
0.33034 0.037914 0.40672
0.3363 0.03827 0.48042
0.33147 0.03914 0.47217
0.35275 0.037298 0.49795
0.35939 0.036642 0.52399
0.35891 0.036059 0.46752
0.36958 0.036752 0.52873
0.37128 0.036683 0.52318
0.41475 0.037353 0.58562
0.41893 0.036091 0.50518
0.41603 0.038553 0.60084
0.40801 0.04564 0.39113
0.38598 0.05216 0.38297
0.42992 0.039462 0.39603
0.39802 0.035404 0.43296
0.36362 0.037229 0.61414
0.40377 0.035157 0.42919
0.39489 0.036867 0.62231
0.36141 0.03717 0.63021
0.35078 0.037244 0.64566
0.38077 0.037087 0.63088
0.37242 0.037104 0.64332
0.34724 0.037366 0.6666
0.37651 0.037075 0.65347
0.38096 0.037105 0.67154
0.34656 0.037118 0.67994
0.35804 0.03694 0.69285
0.37721 0.037034 0.6815
0.36798 0.036979 0.70325
0.35725 0.036975 0.71134
0.35705 0.036954 0.74246
0.37052 0.036972 0.71597
0.37211 0.036959 0.73474
0.36867 0.036946 0.75514
0.36722 0.036937 0.78157
0.35715 0.036938 0.79789
0.3455 0.036933 0.80781
0.36553 0.036929 0.81021
0.35428 0.036935 0.83214
0.35088 0.036933 0.85233
0.37173 0.036931 0.82368
0.36911 0.036924 0.85195
0.34387 0.03695 0.87425
0.34638 0.036939 0.89016
0.35978 0.036932 0.88339
0.35049 0.036935 0.90982
0.34295 0.037184 0.92958
0.35821 0.036945 0.91315
0.35776 0.03719 0.92628
0.34891 0.037457 0.94065
0.34 0.033336 0.95906
0.3642 0.037542 0.94038
0.35537 0.033333 0.96294
0.37637 0.037217 0.035346
0.38575 0.037216 0.059123
0.39424 0.037211 0.041956
0.39534 0.037216 0.075743
0.40151 0.03722 0.10171
0.37876 0.037223 0.11308
0.39076 0.037237 0.12695
0.4037 0.03721 0.11872
0.39879 0.037228 0.12699
0.37978 0.037236 0.15469
0.38079 0.037269 0.1688
0.40519 0.037235 0.14867
0.38708 0.037276 0.17954
0.38166 0.03729 0.19259
0.4018 0.037343 0.20535
0.38265 0.037351 0.21281
0.38572 0.037393 0.23052
0.39739 0.037369 0.2194
0.39708 0.037398 0.22977
0.3805 0.037498 0.25615
0.37795 0.037575 0.2679
0.404 0.037517 0.25005
0.40089 0.037658 0.27228
0.37836 0.037748 0.28372
0.38563 0.03788 0.30277
0.40432 0.037898 0.2875
0.39874 0.037944 0.30075
0.38466 0.038577 0.32241
0.40407 0.038397 0.3125
0.39486 0.038856 0.3221
0.37174 0.037879 0.3312
0.39906 0.037202 0.35003
0.36354 0.036167 0.3595
0.43146 0.038679 0.36586
0.34351 0.038164 0.4104
0.356 0.036892 0.38345
0.33156 0.039777 0.42777
0.34188 0.040609 0.46657
0.35171 0.041123 0.43144
0.31781 0.041085 0.45157
0.36113 0.040508 0.40365
0.37785 0.03734 0.38767
0.36312 0.035544 0.43037
0.38024 0.037131 0.51396
0.41363 0.038595 0.5986
0.37771 0.037379 0.50751
0.42107 0.03878 0.59328
0.36839 0.051518 0.38458
0.36538 0.052137 0.3592
0.41996 0.051324 0.41853
0.42528 0.036904 0.40834
0.436 0.050828 0.41566
0.43448 0.036548 0.59023
0.40575 0.036879 0.62341
0.39877 0.037053 0.62713
0.42332 0.037138 0.62656
0.44487 0.037621 0.62076
0.39637 0.03726 0.63514
0.39557 0.037254 0.64651
0.40424 0.036673 0.47611
0.44599 0.037456 0.58075
0.39416 0.03724 0.65449
0.43832 0.037587 0.64007
0.42058 0.037284 0.65862
0.40166 0.037062 0.69565
0.42279 0.037195 0.67183
0.41078 0.037097 0.69504
0.39499 0.036964 0.71936
0.38532 0.03696 0.72726
0.40343 0.036986 0.71477
0.39389 0.036949 0.75364
0.38935 0.036933 0.77635
0.4008 0.036967 0.74673
0.38779 0.036932 0.78851
0.37988 0.036923 0.81524
0.3823 0.036928 0.8244
0.3797 0.036915 0.84533
0.39627 0.036926 0.82386
0.39592 0.036911 0.85376
0.3809 0.036929 0.8686
0.3756 0.036926 0.89181
0.39703 0.036914 0.89514
0.37892 0.03693 0.90878
0.38504 0.037338 0.93064
0.39227 0.036925 0.90765
0.3984 0.037303 0.93286
0.38174 0.037681 0.94337
0.37554 0.033412 0.95496
0.39447 0.037608 0.9438
0.40014 0.033379 0.95548
0.41809 0.037208 0.037094
0.4234 0.037208 0.042483
0.42336 0.037217 0.068384
0.40866 0.037223 0.087923
0.42741 0.037216 0.078792
0.43851 0.03741 0.10259
0.42526 0.03719 0.11736
0.41669 0.037202 0.12949
0.43227 0.03735 0.11347
0.4371 0.03744 0.12814
0.42524 0.037233 0.15215
0.41641 0.037274 0.16963
0.44026 0.037267 0.15356
0.41832 0.037276 0.17928
0.41596 0.037339 0.20295
0.42802 0.03728 0.18527
0.42969 0.0373 0.19322
0.42002 0.037492 0.24244
0.43125 0.037378 0.22059
0.43589 0.037392 0.2288
0.40742 0.037535 0.256
0.42062 0.037717 0.2747
0.43576 0.037541 0.2501
0.42199 0.037972 0.28923
0.41958 0.038093 0.29565
0.43677 0.037978 0.31225
0.41315 0.038968 0.32114
0.40312 0.039013 0.32763
0.42666 0.038127 0.31755
0.40896 0.039157 0.33345
0.40424 0.038826 0.33752
0.41185 0.038897 0.34768
0.46999 0.038312 0.37272
0.45459 0.03879 0.36751
0.48135 0.042835 0.38334
0.52857 0.037865 0.38416
0.392 0.036396 0.36649
0.33606 0.040694 0.43179
0.49479 0.041135 0.40133
0.42584 0.037121 0.37306
0.31851 0.042066 0.4386
0.3432 0.042956 0.4507
0.34842 0.038589 0.41065
0.47557 0.053448 0.38923
0.36549 0.035555 0.42437
0.3821 0.039419 0.38027
0.37218 0.034881 0.44622
0.37426 0.036966 0.49611
0.42195 0.038003 0.56921
0.38904 0.036151 0.51654
0.4246 0.037014 0.5271
0.41038 0.050704 0.41656
0.43725 0.042428 0.40839
0.43559 0.03662 0.58427
0.57417 0.040646 0.34672
0.43725 0.035795 0.50183
0.45107 0.040822 0.41371
0.56846 0.043257 0.34146
0.41714 0.037582 0.43932
0.44927 0.037741 0.59574
0.40422 0.037246 0.47203
0.47041 0.037659 0.61487
0.44781 0.037535 0.64118
0.44426 0.037463 0.65077
0.474 0.037665 0.63359
0.46658 0.037525 0.65099
0.4382 0.037291 0.67215
0.42904 0.0372 0.68689
0.44877 0.03728 0.68001
0.42174 0.037021 0.72414
0.44223 0.03708 0.70591
0.4337 0.037042 0.7263
0.42238 0.036971 0.74812
0.41227 0.036938 0.77272
0.43878 0.036971 0.74773
0.43945 0.036949 0.76667
0.42247 0.036927 0.79417
0.43908 0.036938 0.7829
0.42631 0.036924 0.80438
0.4124 0.036921 0.82354
0.42967 0.036892 0.84979
0.41778 0.036912 0.87287
0.41293 0.036898 0.89377
0.43265 0.036902 0.87301
0.42722 0.036892 0.88348
0.41451 0.036889 0.90548
0.41193 0.037152 0.93154
0.43232 0.037004 0.92847
0.40559 0.037473 0.94602
0.42276 0.037141 0.93901
0.43265 0.033334 0.96136
0.44042 0.037217 0.042627
0.44477 0.037216 0.065362
0.45861 0.037219 0.046682
0.43836 0.03721 0.076865
0.44478 0.037458 0.10037
0.4645 0.037203 0.086098
0.46561 0.037673 0.10432
0.45275 0.038049 0.11793
0.47108 0.037813 0.11054
0.45759 0.037855 0.12704
0.44888 0.037269 0.15165
0.46319 0.037852 0.12978
0.46437 0.037256 0.15627
0.45107 0.037248 0.1709
0.4469 0.037335 0.19959
0.46025 0.03727 0.183
0.45969 0.037354 0.20438
0.44996 0.037384 0.21769
0.44527 0.037408 0.23121
0.45626 0.037475 0.24012
0.44296 0.037593 0.25566
0.44123 0.037702 0.27175
0.4541 0.037594 0.25482
0.44387 0.03784 0.28454
0.44515 0.037888 0.3037
0.46199 0.037836 0.29474
0.46786 0.037784 0.30435
0.43425 0.037714 0.31818
0.43881 0.036796 0.32542
0.43578 0.035938 0.33551
0.4979 0.037619 0.39599
0.54606 0.045618 0.37522
0.42003 0.037425 0.33517
0.43083 0.037046 0.35646
0.50919 0.05925 0.4137
0.53322 0.040444 0.39017
0.4604 0.036946 0.36759
0.51474 0.065154 0.4142
0.4556 0.05897 0.43778
0.38972 0.035611 0.37032
0.32272 0.040935 0.44705
0.521 0.038601 0.398
0.50005 0.034837 0.40646
0.35162 0.040518 0.42451
0.37202 0.034705 0.40207
0.38297 0.034013 0.40252
0.40762 0.035475 0.52238
0.37374 0.039311 0.46792
0.40709 0.035118 0.51881
0.44552 0.0408 0.41036
0.40197 0.034962 0.4902
0.39365 0.036777 0.45757
0.43421 0.035044 0.54198
0.57469 0.038359 0.34892
0.59866 0.040055 0.39407
0.57786 0.037404 0.39944
0.43895 0.037163 0.42553
0.4052 0.037279 0.45837
0.43441 0.036821 0.4898
0.42226 0.035755 0.46492
0.46885 0.037832 0.60739
0.47823 0.037862 0.60774
0.44847 0.036448 0.50659
0.44899 0.0382 0.5385
0.48396 0.037746 0.62341
0.4878 0.037583 0.62811
0.493 0.037674 0.60167
0.47439 0.037456 0.65753
0.46808 0.037265 0.67794
0.48948 0.037494 0.64067
0.47826 0.037268 0.67686
0.46524 0.037167 0.69208
0.44992 0.037061 0.72339
0.47359 0.037138 0.69661
0.46693 0.037072 0.7199
0.45096 0.036993 0.74243
0.44928 0.036953 0.7693
0.46282 0.036972 0.74504
0.47035 0.036953 0.76951
0.44924 0.036916 0.79865
0.45982 0.036911 0.79039
0.45925 0.036912 0.80202
0.44984 0.036913 0.81893
0.44262 0.036886 0.84892
0.46704 0.036907 0.81936
0.4447 0.036901 0.86119
0.44525 0.036879 0.88532
0.45735 0.036882 0.87349
0.46535 0.036878 0.89023
0.45253 0.036877 0.91238
0.45313 0.036942 0.92627
0.46633 0.036919 0.91431
0.46308 0.037123 0.93225
0.45098 0.037028 0.94758
0.47307 0.037711 0.94577
0.46843 0.033333 0.96349
0.48881 0.042042 0.40531
0.41529 0.037333 0.38323
0.40704 0.036318 0.40571
0.44445 0.041137 0.38841
0.48192 0.037207 0.047718
0.47817 0.037211 0.068566
0.49596 0.037205 0.039669
0.48817 0.037211 0.066181
0.47068 0.037205 0.086263
0.47783 0.037365 0.099327
0.49211 0.037209 0.077747
0.49432 0.03724 0.099437
0.48765 0.037443 0.11877
0.48173 0.037691 0.12329
0.49142 0.037286 0.11291
0.49716 0.037288 0.13676
0.47624 0.037528 0.13857
0.49018 0.037265 0.16311
0.46757 0.037277 0.17987
0.47594 0.037325 0.19723
0.48433 0.037302 0.17992
0.47891 0.037401 0.21562
0.47554 0.037463 0.23385
0.49002 0.037396 0.21293
0.48991 0.037445 0.23041
0.47147 0.037643 0.25899
0.47793 0.037694 0.26447
0.48583 0.037597 0.24818
0.49243 0.037657 0.25991
0.47119 0.037856 0.28987
0.48513 0.037963 0.28872
0.49725 0.037776 0.28125
0.50306 0.037966 0.29429
0.48434 0.037382 0.31356
0.48814 0.036816 0.32127
0.50821 0.037759 0.32365
0.46721 0.035464 0.3377
0.47716 0.035606 0.33586
0.53539 0.038164 0.31821
0.55875 0.038906 0.31413
0.45693 0.034946 0.34741
0.47459 0.035373 0.3411
0.55115 0.038891 0.32492
0.49329 0.036911 0.38875
0.54203 0.037529 0.32088
0.54034 0.037022 0.32491
0.48591 0.048571 0.41578
0.51045 0.036044 0.40765
0.45911 0.034035 0.35685
0.46604 0.0336 0.35768
0.46404 0.033596 0.40263
0.47424 0.033363 0.41352
0.42721 0.033442 0.38331
0.41591 0.033735 0.49135
0.5835 0.033572 0.35446
0.46156 0.034324 0.42238
0.48166 0.034807 0.54833
0.46236 0.035997 0.56021
0.41324 0.03562 0.45869
0.61452 0.034334 0.43269
0.45576 0.038266 0.54957
0.45862 0.037597 0.5669
0.59797 0.033717 0.43136
0.46754 0.042429 0.54902
0.4566 0.040021 0.54611
0.47338 0.038239 0.57475
0.46785 0.041939 0.55003
0.453 0.037815 0.5338
0.48863 0.038128 0.57217
0.47774 0.038183 0.58855
0.50029 0.037609 0.61947
0.50027 0.037678 0.5952
0.51099 0.037599 0.61717
0.49364 0.037406 0.66357
0.50874 0.037536 0.63697
0.50262 0.037324 0.6717
0.48667 0.037218 0.69437
0.48558 0.037132 0.71329
0.49994 0.037208 0.69692
0.50001 0.037114 0.71355
0.48597 0.037034 0.73209
0.47663 0.03696 0.761
0.49494 0.036951 0.76959
0.48255 0.036904 0.80682
0.49656 0.03692 0.78415
0.49424 0.036904 0.81072
0.48048 0.036893 0.82529
0.48254 0.036874 0.84605
0.48901 0.036871 0.84292
0.48001 0.036876 0.86565
0.4779 0.036864 0.87965
0.49717 0.036858 0.87334
0.47729 0.037398 0.93117
0.49526 0.036935 0.90953
0.49293 0.037825 0.93564
0.48492 0.03836 0.94762
0.48499 0.033554 0.95456
0.49467 0.038264 0.9428
0.46057 0.040974 0.40336
0.54851 0.036628 0.38334
0.55696 0.033967 0.37927
0.53805 0.034404 0.34086
0.54711 0.039403 0.36942
0.49553 0.035383 0.37679
0.40276 0.035852 0.37585
0.4341 0.035156 0.3813
0.47107 0.034669 0.38109
0.48653 0.038979 0.409
0.47954 0.038422 0.41474
0.47936 0.034864 0.40839
0.4942 0.034112 0.37106
0.47764 0.034121 0.41563
0.55365 0.03386 0.35043
0.40641 0.037592 0.40054
0.54186 0.05988 0.40248
0.59018 0.033613 0.45505
0.53318 0.036603 0.34447
0.5256 0.034571 0.34936
0.53931 0.045207 0.34882
0.50411 0.066239 0.42493
0.51164 0.036841 0.38366
0.45868 0.040284 0.39372
0.46461 0.036799 0.39363
0.50437 0.048998 0.41418
0.45211 0.036835 0.38305
0.42344 0.054831 0.41243
0.45673 0.036997 0.38604
0.48984 0.043779 0.41803
0.54647 0.03617 0.38336
0.45592 0.049482 0.40533
0.54855 0.040886 0.34228
0.55896 0.035655 0.37231
0.55125 0.036753 0.35672
0.55168 0.034782 0.38351
0.60797 0.034019 0.45407
0.54552 0.033856 0.35344
0.55365 0.035421 0.35844
0.5179 0.063251 0.41492
0.60247 0.034333 0.45448
0.45283 0.037206 0.38516
0.56519 0.033855 0.33629
0.50743 0.037203 0.04687
0.52539 0.0372 0.049073
0.5245 0.037207 0.059914
0.50697 0.037211 0.076005
0.50868 0.037231 0.094599
0.52975 0.037208 0.071697
0.52485 0.037227 0.095125
0.50724 0.037252 0.11594
0.51501 0.037262 0.12901
0.52981 0.037234 0.11889
0.5251 0.037244 0.12719
0.51491 0.037254 0.15239
0.51184 0.037261 0.16372
0.51929 0.037252 0.15104
0.51964 0.037303 0.17512
0.50888 0.03731 0.18068
0.51479 0.037324 0.19572
0.52913 0.037317 0.19219
0.51913 0.037329 0.1966
0.51724 0.03742 0.22001
0.50298 0.037424 0.22718
0.532 0.037413 0.21732
0.53401 0.037438 0.2307
0.51231 0.037617 0.24822
0.51287 0.037731 0.26035
0.52673 0.037908 0.25164
0.52574 0.0381 0.26079
0.51071 0.037777 0.28798
0.5338 0.038182 0.2692
0.53001 0.037987 0.27438
0.5132 0.037909 0.30059
0.53582 0.038115 0.29693
0.56167 0.038084 0.29325
0.5895 0.037867 0.32121
0.52372 0.038213 0.31072
0.60743 0.036703 0.36428
0.62426 0.036742 0.39963
0.57133 0.039311 0.31965
0.60024 0.03734 0.35631
0.59889 0.039437 0.47197
0.55957 0.039091 0.3073
0.56113 0.038845 0.30689
0.63321 0.039858 0.44233
0.62208 0.036276 0.40902
0.60649 0.034652 0.37906
0.62783 0.036756 0.44831
0.50709 0.036521 0.38011
0.54134 0.033471 0.36116
0.587 0.033586 0.4757
0.54415 0.033371 0.47858
0.51877 0.033481 0.3526
0.47638 0.033674 0.54813
0.50902 0.033341 0.43321
0.46407 0.033852 0.51763
0.48132 0.037933 0.56085
0.47727 0.048371 0.53705
0.47608 0.043793 0.52297
0.47942 0.042498 0.52931
0.48996 0.039636 0.5626
0.48126 0.04134 0.53485
0.48277 0.040666 0.52916
0.49846 0.03831 0.56604
0.51372 0.037787 0.5752
0.49322 0.038209 0.53726
0.50972 0.036823 0.55399
0.51852 0.037866 0.59431
0.51837 0.037722 0.61015
0.52807 0.037811 0.59309
0.53884 0.037359 0.61454
0.51199 0.037388 0.65417
0.51268 0.037265 0.67491
0.52017 0.037241 0.67585
0.51004 0.037177 0.69343
0.51005 0.037113 0.70956
0.52459 0.037185 0.68467
0.51868 0.037097 0.71153
0.5147 0.037018 0.73178
0.50658 0.036953 0.76145
0.52484 0.036954 0.74631
0.52887 0.036942 0.76332
0.50766 0.036914 0.7854
0.51245 0.036898 0.79769
0.52279 0.036897 0.79139
0.52349 0.036896 0.80345
0.51195 0.036861 0.84075
0.53151 0.036855 0.85005
0.51107 0.036864 0.87068
0.51663 0.036853 0.88942
0.53095 0.036861 0.87057
0.5321 0.036854 0.89342
0.5052 0.036995 0.91761
0.5224 0.03689 0.91455
0.51046 0.033609 0.9547
0.53064 0.039096 0.94954
0.52884 0.033336 0.95992
0.51806 0.034622 0.3481
0.57166 0.033587 0.47155
0.53481 0.03613 0.36418
0.52771 0.0342 0.36062
0.5609 0.037042 0.48768
0.46752 0.038106 0.4092
0.61442 0.035198 0.40008
0.52902 0.035962 0.36342
0.53284 0.034822 0.43672
0.55706 0.033559 0.45682
0.59296 0.033538 0.45249
0.5051 0.033751 0.42399
0.43215 0.035197 0.44721
0.53683 0.03348 0.42599
0.46159 0.040147 0.53789
0.57953 0.040564 0.56438
0.53737 0.039247 0.41469
0.42873 0.033612 0.47333
0.50069 0.03647 0.38101
0.54509 0.038337 0.363
0.53206 0.035247 0.3533
0.5245 0.03484 0.40275
0.5449 0.03696 0.38201
0.5375 0.035941 0.36008
0.53474 0.034733 0.46923
0.5154 0.033756 0.34758
0.56075 0.033534 0.45185
0.53883 0.034333 0.40616
0.58687 0.034005 0.47188
0.55832 0.033527 0.40788
0.48532 0.037345 0.47303
0.50425 0.036069 0.42765
0.53909 0.035018 0.45861
0.52066 0.036235 0.40601
0.55204 0.035123 0.36142
0.54786 0.034147 0.45938
0.54074 0.037205 0.057042
0.56234 0.037198 0.037113
0.55828 0.037203 0.06728
0.54345 0.037219 0.10065
0.5544 0.037203 0.076588
0.55537 0.037214 0.096236
0.54421 0.037225 0.11955
0.54771 0.037257 0.13805
0.55326 0.037219 0.1186
0.55272 0.037253 0.13808
0.54349 0.037249 0.14963
0.56241 0.037243 0.15083
0.55531 0.037257 0.16374
0.54598 0.037312 0.18937
0.56411 0.037303 0.18747
0.55008 0.037414 0.22307
0.5418 0.037617 0.23912
0.56597 0.037393 0.22106
0.56032 0.03776 0.24529
0.54523 0.038293 0.25104
0.55451 0.038132 0.2501
0.55929 0.0383 0.2672
0.54697 0.03845 0.26958
0.56266 0.038055 0.27886
0.57554 0.037906 0.29047
0.59888 0.037606 0.3317
0.60827 0.037754 0.31816
0.61248 0.037614 0.33685
0.61774 0.037165 0.37042
0.6311 0.037657 0.40049
0.63328 0.03743 0.38393
0.64517 0.038215 0.41007
0.63247 0.038006 0.42002
0.63538 0.040059 0.44293
0.64288 0.039006 0.43323
0.58475 0.040506 0.48879
0.51028 0.042904 0.347
0.50612 0.042739 0.34778
0.51711 0.038342 0.37926
0.5916 0.038631 0.51133
0.53752 0.034781 0.48711
0.52018 0.034035 0.45254
0.5825 0.033518 0.55726
0.59964 0.034438 0.54559
0.51811 0.066641 0.51685
0.50466 0.039525 0.49297
0.47541 0.065728 0.54607
0.49165 0.037865 0.43642
0.50656 0.050588 0.48981
0.47316 0.066439 0.54659
0.49912 0.040824 0.49167
0.46971 0.057782 0.54301
0.47326 0.040769 0.51426
0.48219 0.0402 0.51367
0.4717 0.037418 0.50123
0.48989 0.03894 0.51878
0.52206 0.037451 0.56581
0.48876 0.040358 0.49907
0.53511 0.03763 0.58938
0.54474 0.037207 0.62682
0.55211 0.038034 0.59863
0.5487 0.037212 0.62759
0.53291 0.037283 0.65218
0.53377 0.037205 0.67727
0.54839 0.037277 0.64229
0.5339 0.03713 0.69242
0.54458 0.03707 0.70514
0.55408 0.037011 0.72577
0.53412 0.036988 0.73498
0.53863 0.036935 0.76603
0.55674 0.036918 0.75093
0.55801 0.03692 0.77269
0.54386 0.036908 0.78103
0.54029 0.036884 0.81211
0.55008 0.0369 0.78442
0.55188 0.036878 0.80807
0.53821 0.036855 0.83579
0.55068 0.036856 0.83446
0.55773 0.036851 0.85406
0.54113 0.036843 0.88474
0.55483 0.036842 0.87792
0.56207 0.036848 0.88761
0.54608 0.03688 0.91325
0.53837 0.038067 0.93802
0.55708 0.036927 0.91719
0.55487 0.038117 0.93814
0.54508 0.039101 0.94963
0.54873 0.033334 0.96166
0.56301 0.039065 0.947
0.55475 0.03343 0.95645
0.49938 0.033871 0.45364
0.52399 0.03488 0.51843
0.57472 0.037196 0.046542
0.58492 0.037196 0.041544
0.59274 0.037199 0.06647
0.57103 0.037212 0.10358
0.58708 0.037199 0.07826
0.59326 0.037209 0.10223
0.57033 0.037217 0.12152
0.5746 0.037241 0.13841
0.592 0.03721 0.11444
0.58488 0.037225 0.12806
0.57997 0.037241 0.15836
0.59616 0.037232 0.14966
0.59067 0.037268 0.16995
0.57741 0.037298 0.19182
0.57103 0.037337 0.20272
0.58558 0.037298 0.19461
0.59489 0.037311 0.20213
0.57308 0.03749 0.24173
0.59035 0.037387 0.23246
0.57346 0.037825 0.26087
0.56892 0.037945 0.27163
0.59859 0.037457 0.25588
0.589 0.037611 0.27775
0.57951 0.037665 0.28181
0.5981 0.037924 0.2864
0.61111 0.038307 0.29192
0.61127 0.037832 0.31652
0.62037 0.037992 0.3306
0.62092 0.038225 0.30795
0.62513 0.037902 0.33029
0.63799 0.037891 0.37973
0.64894 0.037804 0.43429
0.60342 0.038145 0.48363
0.58766 0.039592 0.48982
0.55865 0.038376 0.4809
0.57523 0.040328 0.51131
0.57139 0.040388 0.51485
0.62784 0.038678 0.49589
0.63151 0.038982 0.48835
0.60873 0.038397 0.50684
0.53147 0.039432 0.47969
0.54254 0.039996 0.50453
0.52577 0.038529 0.4761
0.55934 0.03994 0.53772
0.52425 0.039237 0.43618
0.54379 0.041113 0.52576
0.52727 0.04059 0.43711
0.58092 0.035385 0.55363
0.57987 0.048557 0.56772
0.54303 0.037306 0.54648
0.57059 0.057239 0.56642
0.52509 0.060204 0.53398
0.50753 0.045481 0.49701
0.5472 0.064421 0.55619
0.47505 0.044279 0.44164
0.51146 0.036943 0.52409
0.50879 0.046391 0.50004
0.54734 0.039675 0.5742
0.46756 0.036967 0.5257
0.46837 0.038497 0.53208
0.5312 0.036941 0.56065
0.48727 0.03949 0.49096
0.55699 0.038878 0.59452
0.548 0.038601 0.57941
0.56377 0.038773 0.59503
0.56999 0.03807 0.60997
0.57535 0.038219 0.61001
0.57177 0.037896 0.62952
0.5578 0.037163 0.67347
0.57302 0.037159 0.67274
0.55942 0.037111 0.69112
0.57914 0.036999 0.70764
0.57791 0.036975 0.72973
0.56336 0.03691 0.76087
0.58337 0.0369 0.77466
0.57159 0.036901 0.77862
0.57131 0.036862 0.8007
0.58361 0.036858 0.79633
0.57357 0.036859 0.83158
0.59184 0.036851 0.83383
0.57039 0.036851 0.86597
0.59277 0.036853 0.89467
0.57058 0.036909 0.91446
0.58917 0.036884 0.91125
0.57195 0.039065 0.9511
0.5744 0.033576 0.95509
0.58566 0.038833 0.94662
0.58169 0.033333 0.96386
0.60808 0.037195 0.04667
0.61022 0.037197 0.065382
0.62806 0.037195 0.04362
0.62988 0.037197 0.055962
0.61337 0.037196 0.08034
0.60181 0.037207 0.094174
0.62968 0.037196 0.084934
0.62477 0.037204 0.091971
0.60895 0.037208 0.12091
0.60732 0.037228 0.13883
0.62026 0.037205 0.11304
0.62614 0.037221 0.13456
0.60158 0.03723 0.14426
0.61184 0.037269 0.17545
0.62578 0.037221 0.14587
0.62588 0.037236 0.16222
0.60472 0.037276 0.18921
0.61076 0.037298 0.20366
0.62384 0.037265 0.18227
0.61117 0.037325 0.22931
0.60715 0.037381 0.24635
0.62218 0.037347 0.23255
0.62846 0.037474 0.24224
0.60336 0.037572 0.26685
0.62969 0.037502 0.25442
0.6301 0.037675 0.26036
0.62366 0.038345 0.27872
0.63122 0.038075 0.32859
0.6281 0.038325 0.29542
0.64072 0.037768 0.35882
0.6501 0.037753 0.38268
0.66019 0.037633 0.42174
0.60222 0.038789 0.49367
0.63133 0.038757 0.48255
0.63494 0.037895 0.46625
0.64082 0.038429 0.46885
0.57548 0.039869 0.52034
0.57463 0.039622 0.52195
0.53472 0.039432 0.50039
0.55074 0.040544 0.52931
0.53827 0.039516 0.51042
0.54793 0.040032 0.52441
0.51914 0.038424 0.44505
0.56611 0.041592 0.54124
0.50761 0.037048 0.4565
0.53236 0.04055 0.5292
0.59446 0.039726 0.56948
0.53485 0.041049 0.53242
0.62284 0.035477 0.54441
0.56307 0.060723 0.56485
0.45926 0.03627 0.44814
0.56749 0.056483 0.56731
0.52221 0.060704 0.53033
0.50627 0.0484 0.43263
0.51452 0.043904 0.42639
0.57346 0.039049 0.59232
0.59274 0.038071 0.60017
0.57598 0.037813 0.59929
0.57974 0.037873 0.60843
0.58765 0.037858 0.62931
0.58731 0.038061 0.63794
0.57801 0.037535 0.65093
0.58565 0.037088 0.67397
0.60534 0.036996 0.68604
0.58992 0.037018 0.70017
0.5864 0.036967 0.71709
0.60205 0.036956 0.70966
0.60317 0.03693 0.71958
0.59611 0.036893 0.75276
0.59867 0.036883 0.76082
0.61161 0.036883 0.75492
0.61548 0.036871 0.76425
0.59467 0.036882 0.78151
0.60026 0.036852 0.81795
0.61886 0.036861 0.78774
0.62561 0.036835 0.8166
0.60149 0.036856 0.82681
0.59805 0.036836 0.84468
0.61969 0.036839 0.83316
0.61852 0.036829 0.84987
0.6059 0.036847 0.86511
0.6012 0.036841 0.88971
0.61552 0.036844 0.87551
0.62611 0.036838 0.88767
0.60432 0.036847 0.91128
0.60379 0.03715 0.9314
0.61701 0.037052 0.9329
0.60433 0.037449 0.94806
0.61934 0.037283 0.94188
0.62845 0.033333 0.96475
0.63712 0.037194 0.048387
0.65183 0.037196 0.038869
0.65371 0.037197 0.067011
0.644 0.037195 0.083973
0.63771 0.037204 0.10224
0.66136 0.037195 0.07756
0.66416 0.037199 0.09016
0.65315 0.037205 0.11708
0.64389 0.037254 0.17214
0.65481 0.037213 0.15164
0.65549 0.037247 0.17078
0.63876 0.037258 0.18232
0.63823 0.037291 0.20742
0.65354 0.037251 0.18819
0.64932 0.037262 0.19598
0.63717 0.037296 0.21523
0.64313 0.03769 0.23257
0.65758 0.037277 0.21421
0.65948 0.037705 0.23061
0.64857 0.038181 0.24749
0.64739 0.037959 0.25849
0.65564 0.037988 0.25941
0.63455 0.037858 0.27785
0.6362 0.037886 0.29181
0.65752 0.037393 0.27699
0.64871 0.037367 0.28744
0.64458 0.037681 0.3202
0.65811 0.037593 0.33955
0.64623 0.037722 0.36088
0.664 0.037798 0.39753
0.66026 0.03762 0.34953
0.67115 0.037674 0.37493
0.65293 0.03835 0.45806
0.667 0.037825 0.43499
0.60111 0.03903 0.52053
0.65618 0.038254 0.4672
0.64892 0.038466 0.4868
0.56832 0.039475 0.53052
0.65066 0.038266 0.49845
0.65734 0.038213 0.48048
0.53623 0.04359 0.52665
0.52095 0.043578 0.49877
0.54421 0.043794 0.53892
0.53421 0.043113 0.52819
0.53585 0.041561 0.53325
0.58272 0.037346 0.54779
0.56709 0.040051 0.55152
0.62392 0.036105 0.53426
0.58514 0.043333 0.57318
0.56813 0.050286 0.57409
0.5233 0.054223 0.52892
0.46185 0.035773 0.47427
0.5196 0.048264 0.51932
0.57973 0.04001 0.58986
0.51654 0.046803 0.51387
0.59854 0.038242 0.5977
0.61024 0.037199 0.61927
0.62979 0.037151 0.62166
0.608 0.037226 0.64911
0.60949 0.03706 0.63801
0.61479 0.037049 0.64691
0.61398 0.036972 0.66691
0.61637 0.036953 0.6908
0.62833 0.036905 0.68121
0.64165 0.036905 0.70018
0.62254 0.036924 0.70611
0.61989 0.036906 0.72646
0.63788 0.036897 0.7179
0.63621 0.036879 0.7286
0.62153 0.036881 0.75447
0.6335 0.03685 0.7714
0.63856 0.036875 0.75185
0.64304 0.036841 0.7776
0.63624 0.036845 0.79263
0.6358 0.036827 0.81768
0.65352 0.036829 0.79892
0.65821 0.03681 0.82188
0.63834 0.036828 0.82683
0.6396 0.03681 0.84672
0.64922 0.036817 0.83361
0.65674 0.036819 0.85879
0.64516 0.036824 0.87892
0.64521 0.036839 0.88833
0.65207 0.036824 0.8806
0.66046 0.036846 0.89524
0.64157 0.03689 0.91144
0.63471 0.037572 0.93404
0.65997 0.036866 0.9063
0.65573 0.037335 0.9255
0.63403 0.038155 0.9462
0.63952 0.033406 0.95612
0.65247 0.038679 0.94559
0.6598 0.033361 0.95742
0.6791 0.0372 0.045949
0.68126 0.037201 0.053204
0.69798 0.037199 0.041147
0.68903 0.037199 0.061204
0.69657 0.037197 0.074922
0.6949 0.037199 0.096743
0.66839 0.037201 0.10826
0.66839 0.037209 0.13155
0.67152 0.037208 0.15013
0.67336 0.037232 0.16787
0.67642 0.037229 0.1804
0.68954 0.037214 0.18453
0.67464 0.037261 0.21828
0.66538 0.037565 0.23014
0.69018 0.037236 0.22518
0.68193 0.037312 0.23889
0.66942 0.037966 0.24951
0.67963 0.037401 0.2587
0.68579 0.037262 0.26609
0.6694 0.037339 0.29658
0.68811 0.037291 0.29114
0.68031 0.037301 0.29789
0.67048 0.037444 0.33386
0.68926 0.037311 0.32293
0.68932 0.037331 0.32905
0.68045 0.03742 0.34736
0.67794 0.037476 0.36111
0.68948 0.03743 0.35535
0.68899 0.037507 0.36969
0.68096 0.037612 0.39056
0.67932 0.037645 0.41063
0.69443 0.037537 0.39318
0.69459 0.037585 0.40592
0.68286 0.037786 0.43196
0.67466 0.037824 0.45732
0.69173 0.037691 0.42957
0.69561 0.037577 0.45116
0.66213 0.037647 0.49951
0.68868 0.037528 0.47916
0.56354 0.042699 0.54774
0.56397 0.043019 0.54974
0.66305 0.037558 0.51253
0.65596 0.037554 0.51987
0.62234 0.036634 0.52788
0.63758 0.036265 0.53642
0.66202 0.037025 0.5396
0.63973 0.03628 0.55345
0.59162 0.041273 0.57819
0.65651 0.036944 0.55351
0.62835 0.037145 0.57585
0.5483 0.043021 0.56279
0.61782 0.038255 0.58106
0.63445 0.037569 0.5887
0.57947 0.041848 0.58441
0.62449 0.037533 0.59405
0.65448 0.037044 0.61309
0.64134 0.037045 0.62435
0.64488 0.03697 0.63459
0.652 0.037029 0.61994
0.6609 0.037008 0.63703
0.64074 0.037 0.66522
0.66026 0.036886 0.66456
0.65354 0.036923 0.68821
0.64751 0.036908 0.69981
0.6574 0.036922 0.67936
0.65866 0.036868 0.72784
0.6539 0.036868 0.74385
0.67483 0.036869 0.72094
0.68195 0.036849 0.74591
0.65904 0.036863 0.7544
0.66482 0.036832 0.77719
0.67782 0.03685 0.75581
0.6763 0.036822 0.78766
0.66309 0.03683 0.79457
0.67662 0.03682 0.79427
0.68269 0.036795 0.82183
0.67804 0.036824 0.84461
0.69157 0.0369 0.83647
0.68624 0.036863 0.86189
0.67838 0.03684 0.86873
0.68966 0.036897 0.86696
0.68818 0.036843 0.89637
0.67535 0.036859 0.91361
0.66493 0.037974 0.93877
0.6849 0.037757 0.93831
0.6755 0.03843 0.94821
0.67751 0.033333 0.9642
0.69149 0.033337 0.95971
0.70796 0.037199 0.037728
0.70687 0.0372 0.056454
0.72387 0.0372 0.043207
0.72645 0.0372 0.062825
0.70938 0.037197 0.079587
0.7273 0.037198 0.078701
0.70953 0.037197 0.10642
0.70565 0.037202 0.1336
0.72496 0.037192 0.11809
0.72859 0.037195 0.13428
0.70276 0.037206 0.1672
0.73026 0.037192 0.15477
0.72776 0.037195 0.16803
0.70307 0.037206 0.18653
0.70025 0.037225 0.20467
0.71946 0.037198 0.17791
0.72844 0.037197 0.19718
0.70191 0.037225 0.2123
0.70024 0.037232 0.23158
0.71729 0.037207 0.2208
0.70627 0.037233 0.2591
0.72675 0.037202 0.26557
0.71044 0.037245 0.282
0.71307 0.037236 0.30123
0.70193 0.037286 0.31556
0.71175 0.037251 0.33513
0.73505 0.03715 0.31243
0.72008 0.037211 0.33561
0.71305 0.037242 0.34171
0.71248 0.037268 0.36715
0.72516 0.037197 0.34133
0.72842 0.037204 0.36652
0.71373 0.037285 0.39073
0.70437 0.037418 0.40431
0.72168 0.037234 0.38105
0.71703 0.037297 0.40938
0.70582 0.037404 0.43406
0.72609 0.03726 0.41921
0.7148 0.037359 0.44199
0.70475 0.037439 0.46153
0.68927 0.037342 0.49805
0.71895 0.037293 0.46446
0.71061 0.037297 0.48508
0.68879 0.037355 0.50697
0.67806 0.037437 0.52023
0.69943 0.037311 0.49992
0.70083 0.037299 0.5167
0.69791 0.03732 0.52954
0.70251 0.03734 0.53887
0.67429 0.037187 0.56321
0.69927 0.037193 0.55856
0.69642 0.037158 0.57487
0.6677 0.037156 0.59542
0.69503 0.037138 0.58421
0.6876 0.037183 0.59172
0.67629 0.037019 0.6148
0.68158 0.037106 0.60287
0.70553 0.037604 0.61598
0.68002 0.036944 0.62673
0.68722 0.036963 0.63212
0.69796 0.037238 0.62274
0.70094 0.036976 0.63924
0.6865 0.036889 0.66117
0.68242 0.036895 0.67009
0.69803 0.03688 0.65239
0.70296 0.036866 0.66881
0.69295 0.036865 0.69154
0.68268 0.036871 0.70441
0.70011 0.036852 0.70236
0.69006 0.036868 0.72393
0.69139 0.03685 0.74029
0.71201 0.036854 0.72421
0.71041 0.036843 0.74521
0.69895 0.036839 0.76333
0.69163 0.03682 0.78123
0.71114 0.036835 0.76379
0.70508 0.036795 0.81152
0.69839 0.036855 0.82467
0.7153 0.036804 0.79882
0.71052 0.037187 0.84024
0.70398 0.037184 0.85582
0.71504 0.037287 0.84175
0.70717 0.036897 0.87876
0.70164 0.03685 0.88525
0.71564 0.037174 0.86615
0.72721 0.036864 0.89869
0.69901 0.036863 0.91406
0.71008 0.037158 0.92517
0.72601 0.036866 0.91012
0.70622 0.033334 0.96127
0.72824 0.038076 0.94622
0.73818 0.037201 0.044216
0.74089 0.037201 0.058961
0.76119 0.037202 0.060228
0.75577 0.037197 0.079942
0.75331 0.037196 0.0948
0.764 0.037194 0.10909
0.75353 0.037195 0.1236
0.74086 0.037189 0.15385
0.73677 0.037192 0.16009
0.75475 0.037189 0.14099
0.76249 0.037182 0.16558
0.73769 0.037188 0.18039
0.74292 0.037183 0.20486
0.75388 0.037174 0.18727
0.75198 0.037172 0.20293
0.74625 0.037172 0.21702
0.73933 0.037189 0.24271
0.75775 0.037164 0.23675
0.73833 0.037187 0.25631
0.76169 0.037156 0.24785
0.74715 0.037291 0.28186
0.73786 0.037197 0.29412
0.76355 0.037661 0.28797
0.74429 0.037168 0.32852
0.76181 0.037755 0.3052
0.76022 0.037253 0.32436
0.73866 0.037155 0.34227
0.73544 0.037176 0.3729
0.75375 0.037116 0.35002
0.75593 0.037132 0.3642
0.74438 0.037115 0.3904
0.74029 0.037143 0.4
0.75949 0.037095 0.38641
0.75112 0.037106 0.40239
0.73747 0.037171 0.4168
0.73288 0.037185 0.44677
0.75633 0.037108 0.42516
0.72892 0.037215 0.46091
0.72495 0.037223 0.48173
0.75024 0.037125 0.45694
0.75281 0.037107 0.46728
0.73296 0.03716 0.48584
0.71905 0.03722 0.50624
0.75293 0.037075 0.48581
0.74898 0.037069 0.49559
0.74466 0.037066 0.51584
0.73321 0.037062 0.53823
0.71309 0.037153 0.55439
0.70723 0.037134 0.57114
0.73502 0.037036 0.5475
0.74169 0.036998 0.56058
0.71475 0.037136 0.5864
0.72326 0.037339 0.5994
0.72907 0.037292 0.60315
0.71283 0.037556 0.62187
0.71401 0.037041 0.63746
0.73116 0.037117 0.62953
0.71916 0.036848 0.65665
0.71949 0.036865 0.67742
0.74094 0.036829 0.67014
0.7271 0.036847 0.69941
0.72709 0.036852 0.71975
0.72931 0.03685 0.73903
0.72653 0.03685 0.74351
0.74686 0.036854 0.74877
0.73405 0.036848 0.76779
0.73401 0.036836 0.78966
0.74288 0.036849 0.76333
0.73889 0.036839 0.8134
0.73707 0.036965 0.83448
0.74698 0.036854 0.80304
0.75333 0.036862 0.82313
0.7279 0.037203 0.8573
0.74578 0.036903 0.84747
0.73509 0.037008 0.86648
0.73513 0.036864 0.90134
0.75094 0.036868 0.87957
0.75138 0.036871 0.89658
0.74248 0.036865 0.90683
0.7588 0.036921 0.91543
0.75254 0.03756 0.93722
0.7342 0.038019 0.94546
0.73659 0.033337 0.95971
0.76297 0.033334 0.96206
0.7731 0.037204 0.044565
0.78178 0.037204 0.053563
0.79677 0.037206 0.048206
0.79975 0.037203 0.064894
0.77685 0.0372 0.070756
0.79143 0.037195 0.093567
0.7814 0.03719 0.11831
0.78023 0.037187 0.13476
0.79253 0.037191 0.11457
0.79617 0.037187 0.12953
0.78105 0.03718 0.15033
0.77796 0.037179 0.16444
0.78827 0.037181 0.14275
0.78909 0.037171 0.16902
0.77751 0.037168 0.18564
0.79757 0.037166 0.17539
0.78512 0.037154 0.20486
0.77581 0.037155 0.21706
0.77753 0.037146 0.24008
0.79173 0.037142 0.22148
0.78661 0.037138 0.23841
0.7684 0.03715 0.25058
0.7695 0.037537 0.28067
0.78531 0.03713 0.24868
0.78433 0.037168 0.26879
0.78483 0.03763 0.2907
0.77193 0.037785 0.31239
0.77395 0.037092 0.33331
0.792 0.037445 0.30867
0.78439 0.037147 0.33015
0.77009 0.037097 0.35366
0.76898 0.037093 0.37132
0.7808 0.037058 0.34783
0.7796 0.03706 0.3687
0.77291 0.037037 0.38943
0.77963 0.036994 0.40768
0.79011 0.037017 0.38906
0.79606 0.037157 0.40819
0.77938 0.036986 0.42126
0.77302 0.037011 0.43491
0.78919 0.037018 0.41843
0.79133 0.037004 0.43851
0.77046 0.037007 0.45589
0.78729 0.036947 0.45732
0.78491 0.036942 0.46198
0.76303 0.037021 0.48142
0.76792 0.036971 0.49314
0.7895 0.036953 0.47758
0.79816 0.037139 0.49298
0.76959 0.036938 0.51426
0.78194 0.03693 0.50803
0.78504 0.036927 0.52921
0.74815 0.036959 0.56317
0.77781 0.03691 0.53596
0.7769 0.036892 0.56153
0.75416 0.036892 0.57939
0.75033 0.036888 0.58888
0.77226 0.036876 0.57647
0.75862 0.036848 0.60096
0.76893 0.036818 0.6025
0.74637 0.036897 0.63071
0.74837 0.036817 0.64889
0.7792 0.036673 0.63952
0.77353 0.036677 0.65661
0.75312 0.036818 0.67206
0.75672 0.036813 0.68045
0.78142 0.036708 0.67231
0.78099 0.03673 0.67752
0.76459 0.036817 0.70081
0.75615 0.03685 0.72228
0.77497 0.036844 0.72533
0.76487 0.036863 0.7336
0.77053 0.036864 0.75842
0.78752 0.036858 0.73546
0.78898 0.036891 0.79209
0.76286 0.036869 0.81434
0.77005 0.036878 0.83057
0.78077 0.036885 0.8045
0.79284 0.0369 0.83098
0.76948 0.036882 0.85378
0.78195 0.036886 0.84283
0.77378 0.036886 0.87997
0.76816 0.036922 0.89995
0.79302 0.036956 0.89749
0.77641 0.037699 0.93888
0.78999 0.037098 0.92037
0.78222 0.035617 0.95202
0.77269 0.033333 0.96386
0.79194 0.03832 0.94711
0.79793 0.033344 0.95853
0.80452 0.037207 0.047429
0.80516 0.037207 0.05514
0.83163 0.037208 0.047551
0.83416 0.037207 0.053022
0.80433 0.037199 0.079276
0.80579 0.037196 0.095421
0.83049 0.037201 0.074774
0.82295 0.037196 0.092323
0.81104 0.037193 0.10828
0.80945 0.037189 0.12709
0.82168 0.037191 0.11126
0.82882 0.037184 0.12923
0.82871 0.037177 0.14502
0.82009 0.037157 0.18068
0.81965 0.037151 0.19304
0.80892 0.037141 0.21519
0.80097 0.037135 0.23207
0.83083 0.037126 0.22033
0.82662 0.03712 0.23085
0.80064 0.037122 0.24843
0.80247 0.037126 0.26915
0.82692 0.037089 0.26685
0.81005 0.037067 0.29018
0.80409 0.037167 0.2987
0.82896 0.037068 0.28633
0.82093 0.037061 0.301
0.81059 0.037066 0.31023
0.80605 0.037065 0.32825
0.82348 0.037054 0.31156
0.81578 0.037029 0.33819
0.80128 0.037045 0.35506
0.80612 0.037033 0.36548
0.81567 0.037015 0.35773
0.80307 0.037113 0.39247
0.80749 0.037451 0.41
0.82396 0.037172 0.393
0.80963 0.037608 0.41871
0.80738 0.037243 0.43306
0.81972 0.03757 0.42588
0.80554 0.036935 0.45034
0.81565 0.0372 0.46572
0.82466 0.036936 0.44693
0.81279 0.037496 0.47959
0.806 0.037307 0.49246
0.79721 0.037016 0.50857
0.80458 0.036897 0.51614
0.81764 0.036917 0.51462
0.79669 0.036879 0.55278
0.80783 0.036863 0.54744
0.79495 0.036787 0.59505
0.81829 0.036825 0.5749
0.81235 0.036756 0.59263
0.79883 0.036703 0.61163
0.80274 0.036668 0.62846
0.81462 0.036672 0.60702
0.80958 0.036645 0.6263
0.79717 0.036676 0.64317
0.79934 0.036673 0.64843
0.81128 0.036682 0.63839
0.80445 0.036684 0.65989
0.7946 0.036735 0.69042
0.81441 0.036623 0.67737
0.79843 0.036777 0.7031
0.81461 0.036739 0.70273
0.79682 0.036852 0.73101
0.79962 0.036889 0.75816
0.82691 0.036878 0.73731
0.8284 0.036905 0.75312
0.79705 0.036895 0.77204
0.80223 0.036908 0.79493
0.82788 0.036922 0.77725
0.82156 0.036924 0.79216
0.80569 0.036915 0.80515
0.82228 0.036939 0.82772
0.80056 0.036916 0.84848
0.80812 0.036932 0.86228
0.82823 0.036951 0.84481
0.82811 0.036956 0.86513
0.81277 0.036943 0.87584
0.80217 0.03696 0.89628
0.82538 0.036961 0.88542
0.80441 0.037005 0.91292
0.80434 0.037505 0.92953
0.81801 0.03701 0.9142
0.80547 0.038426 0.94454
0.81323 0.033334 0.96243
0.82654 0.03582 0.9519
0.82091 0.033333 0.96411
0.84545 0.037207 0.045165
0.84215 0.037206 0.055704
0.86549 0.037213 0.045279
0.84818 0.037201 0.080869
0.85175 0.037197 0.093518
0.85548 0.037203 0.075792
0.85723 0.037199 0.091663
0.85883 0.037191 0.11094
0.85803 0.037179 0.13538
0.84185 0.037174 0.15087
0.84885 0.037166 0.16353
0.86228 0.037173 0.146
0.85577 0.037169 0.15654
0.8387 0.03715 0.18664
0.84101 0.037141 0.19776
0.85953 0.037144 0.18631
0.86776 0.037132 0.20157
0.85018 0.037123 0.21465
0.83637 0.037112 0.23625
0.8625 0.037121 0.21646
0.85328 0.037103 0.23699
0.84702 0.037095 0.25127
0.85771 0.037087 0.25159
0.85973 0.037076 0.26214
0.85587 0.03706 0.2809
0.85776 0.037042 0.30184
0.84061 0.037038 0.32214
0.83309 0.037029 0.332
0.86011 0.037027 0.31429
0.85403 0.037016 0.32763
0.83622 0.037002 0.36399
0.85479 0.036988 0.35061
0.86265 0.036969 0.3697
0.83811 0.037056 0.39159
0.84865 0.036975 0.389
0.85639 0.036961 0.40135
0.836 0.03732 0.41872
0.83934 0.037091 0.42993
0.84387 0.037099 0.41482
0.85451 0.036893 0.43844
0.83429 0.036895 0.45107
0.83159 0.037383 0.47019
0.84849 0.036975 0.45861
0.85245 0.037434 0.47393
0.83459 0.037937 0.48297
0.8381 0.037811 0.48961
0.83751 0.037255 0.50378
0.84239 0.036879 0.52449
0.85887 0.036924 0.51512
0.83708 0.036869 0.53569
0.83641 0.036852 0.55159
0.85659 0.036886 0.53664
0.85314 0.036865 0.54963
0.83771 0.036825 0.57173
0.82824 0.036777 0.59216
0.8542 0.036844 0.57021
0.84488 0.036806 0.58757
0.83725 0.036685 0.61956
0.84985 0.036789 0.59923
0.84209 0.036682 0.6302
0.83418 0.036675 0.65533
0.85429 0.036695 0.63758
0.84758 0.03666 0.65991
0.83696 0.036707 0.67377
0.82882 0.036677 0.68218
0.85158 0.036715 0.66854
0.85771 0.036826 0.69451
0.83208 0.036784 0.70275
0.84153 0.03687 0.72232
0.84877 0.03682 0.70071
0.85171 0.036887 0.7259
0.83964 0.036892 0.73568
0.83798 0.036921 0.76301
0.8554 0.036932 0.75923
0.83522 0.036938 0.79481
0.86001 0.036945 0.77055
0.86519 0.036963 0.79062
0.83962 0.036954 0.81594
0.86397 0.03697 0.80571
0.86093 0.036976 0.82406
0.84257 0.036965 0.84532
0.86098 0.036983 0.84125
0.8625 0.036991 0.85992
0.84588 0.036978 0.87941
0.84143 0.037001 0.90161
0.86127 0.036996 0.87355
0.8456 0.037111 0.92431
0.86647 0.037018 0.91023
0.85723 0.037128 0.9271
0.85043 0.037384 0.9407
0.84202 0.033334 0.96152
0.86576 0.037293 0.9399
0.86311 0.033333 0.96401
0.87355 0.037215 0.039303
0.87523 0.037212 0.061937
0.89103 0.037214 0.040112
0.89256 0.037214 0.052449
0.88506 0.037207 0.077862
0.88548 0.037201 0.094176
0.90088 0.037207 0.079917
0.89466 0.037203 0.087702
0.88473 0.037193 0.11162
0.8856 0.037182 0.13122
0.89441 0.037186 0.12192
0.87834 0.037175 0.14188
0.88608 0.037158 0.16272
0.89837 0.037176 0.15196
0.89324 0.037162 0.16654
0.87971 0.037133 0.19625
0.89769 0.037162 0.17428
0.90221 0.037145 0.19428
0.87439 0.037126 0.20961
0.88017 0.037115 0.22556
0.89493 0.037109 0.21628
0.89039 0.037101 0.22788
0.87151 0.037091 0.24371
0.87406 0.037049 0.28128
0.87596 0.037034 0.29684
0.90219 0.03707 0.27571
0.8933 0.037041 0.29884
0.87083 0.037013 0.32269
0.88148 0.036999 0.33071
0.88975 0.037021 0.31019
0.88815 0.037 0.32725
0.87751 0.036981 0.35372
0.89559 0.036972 0.34742
0.90079 0.036952 0.36161
0.8767 0.036941 0.38957
0.86694 0.036947 0.39822
0.89397 0.036941 0.38123
0.89696 0.03693 0.40177
0.8677 0.036924 0.41693
0.87005 0.036894 0.42831
0.89779 0.03693 0.42062
0.89194 0.036908 0.42604
0.87744 0.036874 0.44769
0.88236 0.036873 0.45627
0.87139 0.037164 0.48244
0.87043 0.037121 0.49293
0.8799 0.03691 0.4918
0.86082 0.037242 0.49877
0.87298 0.036882 0.52509
0.88683 0.036861 0.50911
0.88934 0.036858 0.52113
0.86848 0.036895 0.53526
0.88835 0.036857 0.53267
0.89267 0.036856 0.5468
0.87294 0.03686 0.56984
0.86965 0.036838 0.59362
0.88724 0.036864 0.56989
0.88289 0.036848 0.5943
0.86844 0.036829 0.60222
0.87513 0.036811 0.62871
0.88233 0.036843 0.60582
0.88213 0.036834 0.62367
0.87359 0.036782 0.6465
0.88456 0.036823 0.64443
0.8893 0.036844 0.65682
0.86677 0.03679 0.67164
0.89998 0.036926 0.69715
0.8694 0.036891 0.71028
0.88089 0.036928 0.7283
0.89652 0.036922 0.70312
0.89216 0.036934 0.72154
0.87346 0.036935 0.7433
0.87253 0.036952 0.76319
0.88961 0.036947 0.74178
0.90204 0.036964 0.76296
0.87572 0.036969 0.77927
0.88059 0.036981 0.79692
0.89351 0.036976 0.78778
0.87309 0.036984 0.81606
0.88 0.036994 0.82584
0.89259 0.03699 0.80528
0.8795 0.037002 0.84246
0.88533 0.037016 0.86725
0.89896 0.037005 0.84222
0.89059 0.037012 0.86235
0.87879 0.037019 0.89561
0.89731 0.037021 0.87423
0.90196 0.03703 0.89531
0.88558 0.037019 0.90821
0.88824 0.037144 0.93362
0.90142 0.037041 0.91546
0.9069 0.037325 0.93604
0.87777 0.037291 0.94432
0.9094 0.033334 0.96198
0.91128 0.037221 0.037631
0.91851 0.03724 0.054703
0.92957 0.037582 0.038932
0.92106 0.03725 0.076603
0.9089 0.037202 0.092394
0.93473 0.037471 0.097087
0.91668 0.037188 0.11185
0.91522 0.037186 0.13373
0.92671 0.037299 0.10665
0.92927 0.037345 0.1226
0.91119 0.037186 0.13927
0.91428 0.037188 0.16365
0.92887 0.037578 0.14452
0.92073 0.037226 0.19302
0.93584 0.037892 0.17611
0.93843 0.03783 0.20098
0.92154 0.037183 0.21048
0.91883 0.037095 0.22815
0.93495 0.037597 0.21465
0.92608 0.037306 0.23241
0.91458 0.03709 0.25319
0.93532 0.037689 0.24969
0.92881 0.037454 0.2634
0.91422 0.037088 0.2777
0.93887 0.037996 0.28705
0.93795 0.037929 0.30106
0.9162 0.03701 0.33307
0.93035 0.037546 0.30943
0.92817 0.037348 0.32955
0.90725 0.036976 0.34454
0.91035 0.036947 0.37126
0.93484 0.037388 0.34491
0.92397 0.037113 0.36528
0.90943 0.036946 0.38178
0.91568 0.036961 0.4005
0.93357 0.037952 0.40432
0.93415 0.038071 0.41106
0.939 0.038304 0.4334
0.90626 0.036916 0.45814
0.9356 0.037933 0.43806
0.90805 0.036923 0.48066
0.90505 0.036907 0.4943
0.93402 0.037837 0.47356
0.93073 0.037774 0.48564
0.91432 0.036955 0.5012
0.9159 0.036954 0.51899
0.93627 0.038087 0.50892
0.93382 0.037857 0.5153
0.92918 0.037389 0.53229
0.92876 0.037189 0.54927
0.91194 0.036898 0.59243
0.92487 0.037058 0.57079
0.92823 0.037069 0.59163
0.9071 0.03687 0.60219
0.90186 0.036854 0.62021
0.9207 0.036972 0.60314
0.92301 0.036989 0.61617
0.90135 0.036842 0.64209
0.93418 0.037165 0.64662
0.92432 0.037028 0.66278
0.91542 0.036979 0.68879
0.92707 0.037093 0.68258
0.93364 0.037523 0.69911
0.91679 0.037005 0.70582
0.92962 0.037558 0.7107
0.91523 0.036977 0.74049
0.91898 0.037039 0.7595
0.92724 0.037511 0.73703
0.92585 0.037247 0.76432
0.9199 0.037023 0.77225
0.91861 0.037012 0.78995
0.93261 0.037277 0.77648
0.93338 0.037406 0.79848
0.90952 0.037012 0.81821
0.91758 0.037038 0.82527
0.92729 0.037293 0.80586
0.92468 0.037204 0.82952
0.91108 0.03701 0.84977
0.91247 0.037021 0.86765
0.92989 0.037303 0.84058
0.92645 0.037243 0.86806
0.91908 0.037061 0.87939
0.9271 0.037293 0.87853
0.94041 0.038048 0.89803
0.91799 0.037086 0.91648
0.92036 0.037503 0.93538
0.93315 0.037745 0.91685
0.9411 0.038909 0.93365
0.91921 0.037723 0.94548
0.92585 0.033335 0.96062
0.93246 0.038626 0.94514
0.93729 0.033334 0.9618
0.94362 0.038161 0.042262
0.94372 0.03811 0.05493
0.95658 0.033395 0.037285
0.95924 0.033339 0.061407
0.94078 0.037758 0.075663
0.96109 0.033334 0.089469
0.95 0.037583 0.11019
0.96045 0.033335 0.13449
0.95064 0.038649 0.15122
0.94796 0.038767 0.16064
0.95998 0.033336 0.14727
0.95484 0.033682 0.16273
0.94281 0.03827 0.17589
0.95053 0.038265 0.19967
0.9575 0.033363 0.20106
0.94556 0.038086 0.21018
0.94547 0.0381 0.23425
0.96392 0.033333 0.21882
0.96216 0.033334 0.22622
0.94587 0.038206 0.25343
0.95065 0.038268 0.25901
0.96205 0.033334 0.24229
0.95531 0.033544 0.27003
0.94823 0.038468 0.27781
0.9456 0.038407 0.2945
0.96102 0.033334 0.28137
0.94651 0.038368 0.30813
0.94527 0.037868 0.33639
0.95709 0.03337 0.30729
0.96477 0.033333 0.3295
0.9486 0.037706 0.34969
0.9467 0.037842 0.36644
0.95983 0.033336 0.36913
0.94485 0.038182 0.37821
0.9518 0.038152 0.40466
0.96467 0.033333 0.3877
0.95535 0.033631 0.40339
0.95088 0.03966 0.41265
0.96427 0.033333 0.41445
0.95875 0.033345 0.4303
0.94628 0.038394 0.44621
0.94921 0.038349 0.45304
0.9563 0.033425 0.43634
0.9609 0.033334 0.45381
0.94398 0.038506 0.47343
0.96405 0.033333 0.47926
0.95713 0.033361 0.49293
0.95013 0.039349 0.50464
0.94709 0.038899 0.51662
0.95559 0.033474 0.50749
0.96095 0.033334 0.52074
0.93922 0.037458 0.54833
0.96464 0.033333 0.53208
0.95889 0.033337 0.55105
0.9427 0.037251 0.5893
0.93984 0.037184 0.60945
0.94052 0.037206 0.61894
0.95963 0.033335 0.62495
0.94482 0.037321 0.63731
0.96139 0.033334 0.63536
0.9637 0.033333 0.65936
0.94933 0.035994 0.67915
0.96025 0.033334 0.67724
0.96025 0.033335 0.70071
0.94624 0.038759 0.71662
0.94551 0.038766 0.72677
0.95678 0.033393 0.71882
0.95732 0.033371 0.72358
0.94845 0.038845 0.7544
0.95798 0.033356 0.74703
0.96112 0.033335 0.75475
0.94569 0.03753 0.7797
0.94583 0.037898 0.80245
0.9592 0.033338 0.78927
0.94462 0.037948 0.80756
0.95639 0.033398 0.81609
0.96035 0.033335 0.83511
0.9434 0.037692 0.85227
0.96527 0.033333 0.86488
0.94898 0.038586 0.89526
0.96105 0.033335 0.87876
0.94737 0.039493 0.93154
0.95961 0.033341 0.91772
0.96526 0.033333 0.93032
0.94808 0.040384 0.94412
0.95023 0.033337 0.96047
0.96173 0.033335 0.94871
0.95822 0.033333 0.96377
