2635
1 1 1
0.035046 0.037303 0.045325
0.041329 0.037303 0.055038
0.063562 0.037302 0.035767
0.05943 0.037302 0.052179
0.046623 0.037301 0.070336
0.044001 0.037297 0.09574
0.060783 0.037298 0.082645
0.057183 0.037295 0.09959
0.038797 0.037291 0.11367
0.041622 0.037289 0.124
0.064631 0.037291 0.11028
0.064252 0.03728 0.14735
0.040833 0.037261 0.19464
0.059805 0.037265 0.18434
0.062826 0.037258 0.20049
0.036336 0.037255 0.2053
0.040864 0.037241 0.2319
0.054553 0.037253 0.21053
0.057909 0.037245 0.22431
0.048841 0.037236 0.24114
0.043022 0.037223 0.2628
0.054376 0.037233 0.24767
0.063921 0.037224 0.26273
0.048415 0.037215 0.27489
0.047571 0.037205 0.2923
0.057608 0.03721 0.28415
0.065836 0.037204 0.29312
0.06493 0.037191 0.3144
0.060315 0.03718 0.32962
0.046637 0.037163 0.35081
0.065893 0.037158 0.35975
0.047788 0.037139 0.38087
0.046776 0.03713 0.39436
0.064187 0.037143 0.37907
0.059332 0.037128 0.40082
0.046332 0.037116 0.41122
0.038358 0.037099 0.43021
0.064871 0.037116 0.41416
0.057832 0.037108 0.42525
0.044302 0.037085 0.45242
0.06458 0.03709 0.45054
0.063826 0.037078 0.46597
0.043694 0.037066 0.47852
0.046061 0.037057 0.49256
0.05638 0.037072 0.47835
0.063568 0.037058 0.49619
0.039612 0.037047 0.51136
0.039259 0.037038 0.53129
0.059708 0.037051 0.5133
0.065169 0.03704 0.53041
0.048295 0.037033 0.54213
0.045396 0.037027 0.56628
0.067692 0.037035 0.54067
0.066036 0.037029 0.56008
0.037985 0.037025 0.57686
0.03654 0.037022 0.59804
0.055977 0.03703 0.57549
0.058242 0.037026 0.5945
0.046012 0.037021 0.60264
0.036853 0.037023 0.62862
0.055591 0.037025 0.60841
0.06272 0.037022 0.62054
0.054653 0.037028 0.64772
0.056871 0.037028 0.65945
0.049829 0.037028 0.67143
0.055728 0.037029 0.66946
0.062017 0.037028 0.68683
0.036348 0.037036 0.72897
0.06359 0.037031 0.71154
0.054121 0.037035 0.72148
0.044669 0.037038 0.74576
0.037448 0.037041 0.7618
0.062058 0.037036 0.74218
0.053999 0.037041 0.75981
0.041534 0.037043 0.77282
0.03755 0.037046 0.80054
0.060395 0.037043 0.78164
0.058196 0.037045 0.79193
0.040247 0.037048 0.82891
0.054301 0.037048 0.81619
0.060354 0.037047 0.83467
0.038424 0.037049 0.84694
0.035166 0.037048 0.86689
0.055311 0.037048 0.84098
0.057934 0.037047 0.86484
0.035774 0.037047 0.87715
0.046106 0.037056 0.89962
0.060173 0.037045 0.88513
0.058465 0.037049 0.89583
0.042554 0.037131 0.92022
0.03682 0.033347 0.95871
0.057509 0.038532 0.94991
0.059207 0.033387 0.95711
0.081008 0.0373 0.045799
0.076727 0.037299 0.060807
0.079872 0.037294 0.090608
0.096659 0.037294 0.075725
0.093938 0.037293 0.090623
0.072845 0.037291 0.10938
0.074092 0.037284 0.13317
0.08735 0.037289 0.11199
0.091822 0.037285 0.12607
0.071551 0.03728 0.14446
0.09207 0.03728 0.1408
0.095841 0.037272 0.16311
0.074098 0.037265 0.18152
0.070025 0.037259 0.19688
0.097655 0.037264 0.18152
0.098424 0.037258 0.19731
0.079957 0.03725 0.21235
0.078722 0.03724 0.22972
0.09228 0.037248 0.21774
0.10137 0.037239 0.23402
0.072319 0.037229 0.25133
0.075145 0.037227 0.25793
0.089312 0.037231 0.25209
0.094146 0.037228 0.26058
0.079473 0.037211 0.28132
0.078759 0.037199 0.29897
0.10064 0.037215 0.28166
0.071614 0.037189 0.31577
0.072437 0.037176 0.33508
0.098575 0.037195 0.31455
0.096839 0.037182 0.33599
0.075899 0.037162 0.35439
0.096149 0.037173 0.35056
0.095027 0.037162 0.36567
0.081241 0.037133 0.38846
0.09885 0.03715 0.38212
0.10348 0.037142 0.39394
0.075271 0.037111 0.41948
0.080645 0.0371 0.43257
0.10326 0.037124 0.42249
0.095719 0.037118 0.42868
0.076602 0.037084 0.45372
0.093784 0.037098 0.4465
0.096232 0.037086 0.46469
0.083221 0.037061 0.48123
0.088635 0.037054 0.49124
0.10329 0.037069 0.48724
0.10269 0.037063 0.49738
0.077618 0.037047 0.50767
0.098481 0.037047 0.52362
0.088141 0.037029 0.5389
0.081582 0.037021 0.56499
0.094798 0.037025 0.56268
0.083833 0.037019 0.57072
0.077909 0.037017 0.59776
0.098449 0.037029 0.57076
0.10132 0.037023 0.59295
0.08302 0.037014 0.62597
0.10294 0.037019 0.60953
0.1088 0.037016 0.61819
0.080812 0.037015 0.6385
0.1036 0.037015 0.66007
0.074007 0.037022 0.67742
0.095202 0.037017 0.66917
0.097862 0.037019 0.68857
0.082321 0.037024 0.70724
0.07205 0.037031 0.72907
0.098429 0.037025 0.71951
0.075582 0.037033 0.74211
0.080734 0.037034 0.75484
0.094602 0.03703 0.73742
0.090523 0.037034 0.75956
0.075128 0.037038 0.77164
0.076308 0.037042 0.79903
0.099586 0.037035 0.78331
0.07532 0.037044 0.8172
0.083709 0.037042 0.82519
0.09762 0.037039 0.80706
0.094236 0.03704 0.83473
0.077804 0.037043 0.84563
0.077851 0.037043 0.86667
0.094316 0.03704 0.87111
0.080436 0.037042 0.88926
0.092949 0.03704 0.88002
0.089933 0.037042 0.8978
0.074613 0.037061 0.91752
0.079461 0.037371 0.93856
0.094514 0.03704 0.91097
0.071544 0.03774 0.94487
0.089953 0.036281 0.95161
0.11351 0.037297 0.039324
0.1088 0.037296 0.05862
0.13009 0.037293 0.038127
0.12541 0.037295 0.05323
0.10551 0.037294 0.070151
0.11024 0.037288 0.097356
0.12804 0.037285 0.099826
0.10871 0.037285 0.11407
0.11746 0.037279 0.1334
0.12922 0.037282 0.12263
0.1112 0.037276 0.1463
0.10625 0.037271 0.16154
0.13153 0.037269 0.16191
0.11187 0.037263 0.1792
0.11081 0.037258 0.19451
0.13268 0.037265 0.17345
0.12408 0.037258 0.20111
0.11829 0.037244 0.22493
0.12309 0.037254 0.2086
0.12285 0.037242 0.23581
0.11112 0.037233 0.24705
0.10607 0.037225 0.26517
0.1272 0.037238 0.2466
0.11287 0.037215 0.28322
0.11288 0.037208 0.29616
0.12805 0.037223 0.28726
0.13708 0.03722 0.29426
0.11398 0.037197 0.31402
0.11537 0.037184 0.33683
0.13755 0.037209 0.32024
0.12526 0.037199 0.32867
0.11204 0.037178 0.34465
0.11397 0.037162 0.36957
0.12566 0.037175 0.36458
0.10778 0.037156 0.37651
0.12688 0.037169 0.38094
0.13475 0.037166 0.4048
0.11317 0.037136 0.40961
0.11523 0.037113 0.43669
0.12818 0.037121 0.43825
0.11192 0.037102 0.44827
0.11391 0.037091 0.45961
0.13124 0.037103 0.45585
0.13425 0.037099 0.46752
0.11407 0.037075 0.47907
0.12518 0.037065 0.49486
0.13662 0.037093 0.4815
0.14512 0.037088 0.49766
0.12122 0.037054 0.50947
0.11608 0.037043 0.52901
0.14308 0.037062 0.5295
0.12386 0.037036 0.54046
0.11783 0.037027 0.55984
0.14591 0.037056 0.54501
0.11464 0.03702 0.58077
0.11701 0.037018 0.59276
0.1403 0.037035 0.5743
0.14096 0.037029 0.59724
0.12636 0.037013 0.61258
0.1259 0.037012 0.62193
0.14613 0.037014 0.62574
0.12103 0.037011 0.64028
0.11969 0.037012 0.65289
0.13752 0.037019 0.63429
0.13173 0.037015 0.66059
0.11665 0.037013 0.67781
0.13704 0.037016 0.67624
0.11682 0.03702 0.72332
0.14031 0.03701 0.69979
0.13938 0.037014 0.728
0.10995 0.037025 0.73499
0.11361 0.037026 0.75214
0.12895 0.037025 0.76016
0.11425 0.037029 0.77259
0.13647 0.037024 0.7759
0.12489 0.03703 0.78958
0.11433 0.037035 0.83203
0.12432 0.037032 0.80473
0.12695 0.037033 0.83628
0.11557 0.037036 0.84301
0.13197 0.037032 0.84661
0.13203 0.037031 0.86197
0.11455 0.037032 0.88362
0.11977 0.037029 0.90206
0.13627 0.037034 0.89258
0.13101 0.037046 0.90837
0.11125 0.03703 0.91949
0.13231 0.037143 0.92359
0.13273 0.037591 0.93707
0.1152 0.037535 0.94604
0.14626 0.036926 0.95276
0.14386 0.033333 0.96522
0.14581 0.037288 0.040145
0.16173 0.037284 0.035376
0.16345 0.037284 0.054477
0.13843 0.037286 0.078535
0.14405 0.037282 0.09874
0.15714 0.037283 0.074135
0.16178 0.03728 0.093749
0.14371 0.03728 0.11033
0.14547 0.037279 0.12224
0.15633 0.037279 0.11532
0.16082 0.037278 0.12126
0.13899 0.037273 0.14313
0.14041 0.037266 0.16589
0.16579 0.037266 0.15967
0.13927 0.03726 0.1855
0.16411 0.03726 0.18027
0.16308 0.037258 0.19239
0.14254 0.03725 0.21388
0.14936 0.037242 0.2347
0.16673 0.03725 0.21584
0.14246 0.037238 0.24749
0.15354 0.037233 0.2635
0.15908 0.037244 0.24082
0.16826 0.037242 0.2702
0.14598 0.037226 0.27792
0.14605 0.037218 0.30038
0.16556 0.03724 0.27817
0.16264 0.037234 0.29745
0.15487 0.037215 0.31484
0.14218 0.037207 0.3255
0.16901 0.037237 0.30939
0.16156 0.03722 0.33292
0.14603 0.037195 0.35414
0.15651 0.037198 0.36173
0.16737 0.03723 0.34411
0.15402 0.037182 0.38529
0.14723 0.037175 0.39332
0.17158 0.037277 0.39403
0.14676 0.037144 0.43584
0.16221 0.037362 0.43524
0.16033 0.037121 0.45296
0.15338 0.037105 0.46639
0.17421 0.037124 0.4522
0.17371 0.037105 0.46375
0.15529 0.037098 0.48077
0.15436 0.037083 0.49579
0.17756 0.037131 0.48356
0.16835 0.037059 0.51681
0.16791 0.03705 0.52868
0.19013 0.03712 0.51155
0.1598 0.037044 0.54696
0.16704 0.03703 0.56559
0.17852 0.037044 0.55028
0.1911 0.037074 0.55352
0.16681 0.037023 0.58048
0.15976 0.037018 0.59242
0.18599 0.037056 0.57931
0.1838 0.037047 0.59082
0.15804 0.037008 0.60807
0.16017 0.037003 0.62389
0.18546 0.037038 0.61099
0.1785 0.037018 0.62052
0.1613 0.036998 0.65301
0.18709 0.037011 0.63753
0.17297 0.037002 0.65344
0.15656 0.037 0.66588
0.16105 0.036998 0.68604
0.16832 0.036998 0.66872
0.1679 0.037002 0.69303
0.14676 0.037007 0.69843
0.15656 0.037006 0.72643
0.17211 0.037005 0.69918
0.16417 0.037006 0.72567
0.15493 0.037009 0.74295
0.14669 0.037016 0.76188
0.16961 0.037006 0.73209
0.17175 0.037004 0.74953
0.14793 0.03702 0.79115
0.16332 0.037014 0.77215
0.16323 0.037016 0.7966
0.15285 0.03702 0.80628
0.14909 0.037025 0.82994
0.17145 0.037015 0.81371
0.1626 0.03702 0.82983
0.14642 0.037029 0.8519
0.15299 0.037023 0.86946
0.16595 0.037024 0.84975
0.1658 0.037017 0.86745
0.14371 0.037027 0.88612
0.16355 0.03706 0.88998
0.16657 0.037265 0.90733
0.14637 0.03715 0.9218
0.15499 0.03829 0.93993
0.17288 0.037561 0.91569
0.17006 0.03811 0.92884
0.15266 0.033476 0.95701
0.1733 0.039056 0.9412
0.17335 0.033334 0.96166
0.17583 0.037281 0.0455
0.18304 0.037278 0.0628
0.1925 0.037278 0.04627
0.19153 0.037278 0.056418
0.17582 0.037277 0.078846
0.17985 0.037274 0.095547
0.19535 0.037272 0.080671
0.19522 0.037271 0.096913
0.17524 0.037274 0.11026
0.17991 0.037269 0.13455
0.18996 0.03727 0.11202
0.19725 0.037268 0.12347
0.17868 0.037265 0.14709
0.18602 0.037264 0.16129
0.19415 0.037265 0.15229
0.19881 0.037266 0.15794
0.18694 0.037254 0.20273
0.19838 0.03726 0.18082
0.19417 0.03726 0.19812
0.18432 0.037249 0.23737
0.19603 0.037259 0.21153
0.19601 0.037262 0.2308
0.18268 0.037245 0.25002
0.1858 0.037244 0.26863
0.19833 0.037257 0.2605
0.20059 0.037261 0.28187
0.1962 0.037261 0.30015
0.17793 0.03724 0.30907
0.1853 0.037242 0.32728
0.19934 0.037278 0.32116
0.20157 0.03728 0.33883
0.17868 0.037231 0.35629
0.18165 0.03722 0.36448
0.19509 0.037255 0.35209
0.19827 0.037252 0.36331
0.18709 0.037207 0.39234
0.19573 0.03726 0.39581
0.18662 0.037859 0.41273
0.18114 0.037961 0.42849
0.1903 0.037957 0.41937
0.19596 0.037624 0.43134
0.18672 0.037349 0.44246
0.19322 0.037105 0.46439
0.19928 0.037286 0.44525
0.20327 0.037134 0.47414
0.19922 0.037133 0.50087
0.21177 0.037141 0.49441
0.21993 0.037152 0.50392
0.20254 0.037119 0.51397
0.20461 0.037088 0.53427
0.23655 0.037276 0.5237
0.23194 0.037137 0.53787
0.20429 0.037077 0.54592
0.21862 0.037061 0.55899
0.20802 0.037044 0.57408
0.19514 0.037045 0.58738
0.22204 0.037098 0.57866
0.21472 0.037039 0.59091
0.20622 0.037018 0.6021
0.19701 0.037017 0.62137
0.21643 0.037042 0.59946
0.21602 0.037014 0.6154
0.19534 0.037002 0.63853
0.19684 0.036996 0.64737
0.22741 0.037 0.63649
0.22604 0.037001 0.64784
0.19334 0.036994 0.66438
0.18925 0.036991 0.68061
0.20956 0.036988 0.65999
0.20853 0.036987 0.67982
0.1922 0.036985 0.70804
0.18701 0.036991 0.72091
0.20575 0.036986 0.69341
0.20182 0.036989 0.72456
0.19156 0.036993 0.74117
0.18335 0.036997 0.75016
0.20113 0.036994 0.7396
0.1793 0.037006 0.78859
0.20286 0.036991 0.76476
0.19969 0.036998 0.79423
0.18375 0.037007 0.80465
0.1968 0.037005 0.81256
0.19747 0.037006 0.82914
0.18607 0.037015 0.84142
0.17629 0.037017 0.86055
0.19496 0.037019 0.84879
0.19296 0.037015 0.85686
0.17441 0.037013 0.88245
0.17924 0.037439 0.89989
0.20076 0.037003 0.87564
0.19969 0.037469 0.899
0.18237 0.038395 0.92278
0.19196 0.038555 0.92181
0.18394 0.034276 0.94843
0.19085 0.038824 0.9297
0.18926 0.033396 0.95359
0.20745 0.037272 0.045005
0.21594 0.037268 0.060199
0.22962 0.037264 0.035094
0.2277 0.037265 0.057921
0.21468 0.037267 0.070983
0.21151 0.037267 0.092061
0.23238 0.037262 0.073491
0.22914 0.037263 0.0974
0.21748 0.037264 0.10503
0.21185 0.037264 0.13264
0.23457 0.03726 0.10593
0.22653 0.037264 0.1271
0.21116 0.037261 0.14877
0.2078 0.037258 0.18207
0.21889 0.037262 0.19962
0.23491 0.037257 0.18194
0.23774 0.037262 0.19381
0.21439 0.037259 0.21066
0.23232 0.037261 0.21129
0.22354 0.037262 0.25046
0.2377 0.037275 0.24649
0.23676 0.037296 0.2707
0.21786 0.037272 0.28415
0.212 0.037278 0.29201
0.23753 0.037297 0.28357
0.22848 0.037399 0.30185
0.21931 0.037406 0.31983
0.21703 0.037329 0.33945
0.22718 0.037695 0.33073
0.21035 0.037295 0.34539
0.2145 0.037277 0.37246
0.22602 0.037517 0.3449
0.23372 0.037401 0.36344
0.21816 0.037266 0.38343
0.21286 0.037258 0.40415
0.22901 0.037308 0.38054
0.22035 0.037223 0.41059
0.20487 0.037471 0.42401
0.21652 0.037186 0.42341
0.21655 0.037223 0.44676
0.21814 0.037195 0.47363
0.23256 0.037259 0.45249
0.23985 0.037255 0.47381
0.22933 0.037198 0.48902
0.2473 0.037496 0.51352
0.24219 0.037233 0.50053
0.25579 0.037713 0.51771
0.25433 0.037898 0.53053
0.25794 0.037722 0.54023
0.26058 0.03735 0.55067
0.25889 0.037207 0.5601
0.27622 0.037234 0.55979
0.24057 0.037263 0.57869
0.23387 0.037336 0.58763
0.26916 0.037452 0.57737
0.26377 0.0376 0.58176
0.23637 0.037464 0.59494
0.23679 0.037239 0.61351
0.25791 0.037635 0.60109
0.23437 0.037003 0.63195
0.24407 0.03698 0.63451
0.25669 0.0373 0.61039
0.23998 0.036991 0.65514
0.22647 0.036975 0.68085
0.25133 0.037001 0.65339
0.24297 0.036972 0.67925
0.22219 0.03698 0.69589
0.21852 0.036978 0.71686
0.2403 0.036979 0.69524
0.24058 0.03697 0.7073
0.21795 0.036979 0.7516
0.23698 0.036971 0.73649
0.21459 0.036986 0.77564
0.22071 0.036984 0.78804
0.23463 0.036979 0.76358
0.21176 0.036998 0.83225
0.23653 0.03698 0.81222
0.23202 0.036986 0.82922
0.21119 0.037005 0.84844
0.21398 0.037001 0.86351
0.22994 0.036989 0.83681
0.2294 0.036992 0.86151
0.21228 0.037007 0.88231
0.21216 0.037261 0.90323
0.22443 0.037 0.88336
0.22655 0.037004 0.90583
0.20837 0.038213 0.93501
0.22241 0.037202 0.92682
0.19441 0.039493 0.94596
0.20047 0.033333 0.96335
0.21089 0.039046 0.95029
0.21011 0.033337 0.96019
0.24035 0.037261 0.035111
0.24411 0.037259 0.063427
0.25784 0.037256 0.043145
0.26617 0.037254 0.057872
0.2459 0.037258 0.070027
0.24229 0.03726 0.087872
0.26229 0.037252 0.078812
0.26576 0.037253 0.088979
0.25267 0.037258 0.12452
0.26239 0.037253 0.10584
0.25828 0.037257 0.13184
0.24272 0.037258 0.15111
0.26202 0.037257 0.14585
0.26837 0.037263 0.1638
0.24418 0.037256 0.18473
0.25481 0.037267 0.20125
0.26182 0.037263 0.18546
0.26803 0.037274 0.19591
0.24874 0.037261 0.22189
0.24465 0.037274 0.24087
0.2651 0.037281 0.21694
0.24597 0.037282 0.25663
0.25226 0.037283 0.26335
0.24987 0.03729 0.29475
0.24359 0.038005 0.31952
0.26339 0.037979 0.30339
0.2553 0.03812 0.32252
0.25264 0.038037 0.33473
0.24138 0.03743 0.36583
0.25506 0.037655 0.35081
0.26443 0.037459 0.36766
0.24533 0.037376 0.37846
0.25704 0.037368 0.38243
0.25238 0.037349 0.3992
0.23693 0.037323 0.42247
0.24834 0.037382 0.43751
0.25453 0.037388 0.4138
0.24801 0.037342 0.45393
0.2542 0.037316 0.47674
0.26547 0.037401 0.46085
0.27089 0.037379 0.48235
0.25963 0.037328 0.50346
0.27276 0.037353 0.50061
0.28706 0.037469 0.51768
0.28008 0.037824 0.53112
0.31179 0.037386 0.54629
0.30839 0.037449 0.55323
0.29413 0.037542 0.56385
0.2882 0.037746 0.57913
0.29362 0.037674 0.58089
0.27879 0.037664 0.58928
0.27014 0.03731 0.60464
0.28549 0.03741 0.59065
0.28875 0.03709 0.6015
0.26683 0.037004 0.62044
0.27497 0.036961 0.63138
0.28679 0.036975 0.62144
0.287 0.036983 0.63636
0.27116 0.036971 0.65729
0.28883 0.036982 0.66171
0.26267 0.036956 0.69942
0.27625 0.036978 0.68545
0.27473 0.03696 0.70858
0.25797 0.036963 0.7261
0.25243 0.03696 0.74639
0.27248 0.036963 0.73007
0.27921 0.036952 0.7481
0.2469 0.036973 0.76946
0.2541 0.036965 0.78281
0.2732 0.03696 0.7595
0.25262 0.036972 0.80062
0.27083 0.036963 0.8004
0.26199 0.036966 0.82345
0.25014 0.036977 0.84278
0.24387 0.036984 0.86139
0.2404 0.036992 0.88306
0.23816 0.036989 0.89444
0.26254 0.036982 0.87865
0.24528 0.037024 0.92172
0.23109 0.037769 0.94051
0.25284 0.036981 0.91018
0.25858 0.037517 0.93926
0.23484 0.033334 0.96294
0.25228 0.037601 0.94402
0.28255 0.037248 0.058351
0.30299 0.037241 0.063571
0.28469 0.037243 0.08345
0.27815 0.037249 0.09937
0.30174 0.03724 0.078005
0.27951 0.03725 0.11541
0.29903 0.037245 0.11053
0.29459 0.037252 0.13084
0.28073 0.037253 0.14446
0.27864 0.037264 0.16678
0.30245 0.037251 0.14701
0.3044 0.037269 0.16871
0.27557 0.037264 0.18046
0.28124 0.037272 0.1947
0.297 0.03729 0.20626
0.28604 0.037311 0.23076
0.29955 0.037294 0.21184
0.2985 0.037341 0.23962
0.27705 0.037681 0.28204
0.29862 0.037357 0.25635
0.29181 0.037693 0.27891
0.28402 0.038076 0.28931
0.26413 0.038053 0.31916
0.26529 0.037858 0.32624
0.28884 0.037696 0.32022
0.26718 0.037591 0.34312
0.27692 0.037506 0.36542
0.28276 0.0375 0.34586
0.28806 0.037535 0.35898
0.27535 0.037517 0.37213
0.27429 0.037458 0.39388
0.29044 0.037586 0.3813
0.26821 0.037402 0.42076
0.26799 0.037413 0.44152
0.28042 0.037461 0.42543
0.28033 0.03746 0.44879
0.28274 0.037421 0.48826
0.2835 0.037456 0.45951
0.30528 0.037538 0.48313
0.28705 0.03736 0.50413
0.30301 0.037341 0.5233
0.31756 0.037365 0.52056
0.32112 0.037229 0.54044
0.40743 0.037348 0.55626
0.39261 0.037131 0.56083
0.33374 0.037714 0.56658
0.37586 0.037172 0.56534
0.38775 0.037266 0.57059
0.33616 0.037629 0.56936
0.31489 0.037229 0.57962
0.35796 0.037251 0.57524
0.35447 0.036991 0.57992
0.32291 0.036975 0.5858
0.31263 0.036972 0.60054
0.33954 0.03708 0.59662
0.31078 0.036982 0.61727
0.30572 0.036986 0.63318
0.32708 0.03716 0.61589
0.32488 0.037198 0.6342
0.3034 0.036991 0.64254
0.30505 0.037066 0.66416
0.32635 0.037458 0.64757
0.31389 0.03733 0.66997
0.29494 0.036962 0.68935
0.29729 0.036949 0.69881
0.3146 0.036955 0.70006
0.29704 0.036935 0.73047
0.291 0.036945 0.75035
0.31292 0.036962 0.71964
0.28385 0.036956 0.76009
0.28984 0.036944 0.77993
0.30975 0.036948 0.76202
0.3033 0.036945 0.78296
0.30284 0.036949 0.80275
0.29378 0.036952 0.82142
0.28441 0.036956 0.84235
0.30358 0.03695 0.83757
0.29396 0.036953 0.85557
0.27509 0.036969 0.88203
0.28382 0.036963 0.89494
0.29699 0.036957 0.87894
0.28837 0.036961 0.89558
0.29833 0.036959 0.91241
0.29399 0.03743 0.93131
0.27567 0.038245 0.95036
0.27808 0.033352 0.95754
0.29582 0.037712 0.94031
0.28332 0.033334 0.96136
0.3089 0.03724 0.046549
0.31248 0.037239 0.061001
0.33512 0.03723 0.045444
0.33645 0.037232 0.061049
0.31134 0.037236 0.084136
0.3155 0.037239 0.092382
0.33155 0.037232 0.074108
0.32813 0.037238 0.099881
0.31411 0.037241 0.115
0.31232 0.03725 0.13416
0.33667 0.037237 0.11036
0.32758 0.03725 0.13212
0.31129 0.037251 0.15362
0.3146 0.037271 0.1659
0.33125 0.037251 0.15269
0.33218 0.037267 0.16274
0.31316 0.037275 0.18843
0.31613 0.037303 0.20446
0.33284 0.037277 0.18242
0.31793 0.03736 0.23664
0.33758 0.037339 0.22081
0.33648 0.03736 0.2295
0.30798 0.037369 0.25959
0.31178 0.037437 0.27023
0.32258 0.037441 0.27293
0.30321 0.03767 0.2827
0.29001 0.038144 0.29938
0.31814 0.037474 0.27956
0.32267 0.037547 0.29097
0.29272 0.03785 0.30845
0.29403 0.037745 0.31555
0.31515 0.037633 0.30762
0.3153 0.037693 0.31393
0.3026 0.037778 0.32735
0.29911 0.037697 0.35948
0.31255 0.037898 0.33528
0.31849 0.037796 0.35396
0.30351 0.037767 0.36564
0.29604 0.037667 0.39522
0.31492 0.037677 0.37416
0.32272 0.037445 0.38605
0.28863 0.037601 0.42112
0.29502 0.037833 0.43701
0.30023 0.03792 0.41045
0.30196 0.03814 0.4449
0.30655 0.037704 0.47102
0.31489 0.037622 0.48984
0.32256 0.037894 0.47809
0.34106 0.037736 0.49622
0.33006 0.037097 0.51711
0.34071 0.03726 0.50911
0.34206 0.037031 0.52748
0.35539 0.036979 0.54377
0.40667 0.036866 0.55038
0.36822 0.036847 0.5409
0.41385 0.036329 0.5619
0.39862 0.037396 0.60675
0.38364 0.036948 0.59159
0.43132 0.041456 0.38518
0.36115 0.037044 0.59609
0.3465 0.037407 0.60357
0.36319 0.037424 0.60933
0.34804 0.03755 0.62477
0.34448 0.037417 0.64447
0.3397 0.037515 0.66865
0.34298 0.037047 0.68598
0.33889 0.036942 0.70061
0.32533 0.03696 0.71412
0.32968 0.03694 0.73655
0.342 0.036956 0.71996
0.33884 0.036941 0.74128
0.32735 0.036937 0.75989
0.3178 0.036932 0.77657
0.3341 0.036927 0.7642
0.33215 0.036931 0.78338
0.31455 0.036944 0.79226
0.33083 0.036928 0.81546
0.31289 0.036943 0.83363
0.31781 0.036939 0.85353
0.3081 0.036948 0.88089
0.31542 0.036943 0.88926
0.32932 0.036941 0.86713
0.32549 0.036938 0.89596
0.30599 0.036961 0.91542
0.31453 0.037146 0.93228
0.33455 0.036933 0.90596
0.32368 0.037019 0.92486
0.30339 0.037717 0.94805
0.3249 0.037239 0.94459
0.34641 0.037227 0.041507
0.34561 0.037229 0.058266
0.36983 0.037222 0.041746
0.35936 0.037228 0.053605
0.34643 0.037228 0.077994
0.34627 0.037233 0.091761
0.36162 0.037226 0.090054
0.34897 0.037234 0.11228
0.34433 0.037249 0.13107
0.3646 0.037245 0.13078
0.34772 0.037249 0.14912
0.35205 0.037267 0.16244
0.36448 0.037248 0.15148
0.3714 0.03726 0.16061
0.35263 0.03728 0.18124
0.35262 0.03729 0.19279
0.3599 0.037281 0.1768
0.36502 0.037299 0.1927
0.34521 0.037332 0.21352
0.34407 0.037392 0.23479
0.36118 0.037345 0.21262
0.35153 0.037445 0.24837
0.34662 0.037543 0.27275
0.36149 0.037465 0.25111
0.36792 0.037582 0.26739
0.35202 0.037656 0.2891
0.3489 0.037706 0.29746
0.36786 0.037763 0.2864
0.36096 0.037715 0.29429
0.33949 0.037819 0.30561
0.33649 0.037737 0.32175
0.36253 0.037889 0.30676
0.35083 0.037651 0.32145
0.34052 0.03765 0.3267
0.32258 0.037739 0.3465
0.34403 0.03746 0.33395
0.35105 0.036437 0.35475
0.34397 0.037007 0.39293
0.31437 0.038285 0.40674
0.30674 0.038649 0.44527
0.32953 0.037944 0.4078
0.33624 0.03826 0.48386
0.33081 0.039152 0.47509
0.35396 0.03726 0.50255
0.36378 0.03655 0.52825
0.35653 0.036094 0.46999
0.37517 0.036618 0.53333
0.37606 0.036552 0.52749
0.41779 0.037111 0.58263
0.41749 0.035872 0.50434
0.41743 0.038392 0.60159
0.40829 0.045666 0.38675
0.38465 0.051119 0.37932
0.43101 0.039528 0.39036
0.3961 0.035261 0.4299
0.36363 0.037359 0.61289
0.40278 0.035043 0.4255
0.39444 0.036864 0.62169
0.36118 0.037281 0.62873
0.35105 0.037322 0.64412
0.38034 0.037096 0.62976
0.37213 0.037133 0.64211
0.34752 0.037394 0.66543
0.37629 0.037085 0.65243
0.3809 0.037108 0.67068
0.34676 0.037129 0.67883
0.35821 0.036944 0.69182
0.37724 0.037037 0.68061
0.36815 0.03698 0.70233
0.35754 0.036976 0.71041
0.35742 0.036949 0.74174
0.37075 0.036969 0.71513
0.37239 0.036955 0.73401
0.36901 0.03694 0.75452
0.36759 0.036929 0.78108
0.35753 0.036929 0.79747
0.34588 0.036923 0.80743
0.36589 0.03692 0.80983
0.35464 0.036925 0.83184
0.35123 0.036923 0.8521
0.37208 0.036921 0.82334
0.36945 0.036914 0.8517
0.34421 0.036939 0.8741
0.3467 0.036928 0.89006
0.36011 0.036922 0.88326
0.3508 0.036924 0.90976
0.34324 0.037172 0.92957
0.35852 0.036934 0.91309
0.35807 0.03718 0.92626
0.3492 0.037446 0.94065
0.34027 0.033336 0.95906
0.36452 0.037534 0.94037
0.35565 0.033333 0.96294
0.37646 0.03722 0.035347
0.38582 0.037221 0.059143
0.39429 0.037215 0.041959
0.39536 0.037221 0.075775
0.40167 0.037226 0.1018
0.37896 0.037229 0.1131
0.39101 0.037244 0.12692
0.404 0.037217 0.11874
0.39907 0.037236 0.12698
0.37996 0.037246 0.1545
0.38092 0.03728 0.16853
0.40548 0.037246 0.14852
0.38718 0.037289 0.17921
0.38172 0.037305 0.19221
0.40187 0.03736 0.20489
0.38267 0.037368 0.2123
0.38567 0.037412 0.22989
0.39743 0.037387 0.21884
0.39708 0.037417 0.22914
0.38031 0.037521 0.25527
0.37768 0.037603 0.26691
0.40399 0.037539 0.24922
0.40086 0.037687 0.27115
0.378 0.037783 0.28241
0.38565 0.037904 0.30092
0.40443 0.037932 0.28601
0.39909 0.037981 0.29895
0.38476 0.03855 0.31977
0.40477 0.038449 0.31038
0.39542 0.038865 0.31961
0.37091 0.037778 0.32837
0.39954 0.037111 0.34709
0.36133 0.036014 0.35697
0.43211 0.038702 0.36351
0.3419 0.038225 0.41149
0.35389 0.03685 0.38227
0.33006 0.039862 0.42956
0.3403 0.040691 0.46976
0.3487 0.041297 0.43386
0.31572 0.041172 0.45343
0.3583 0.040251 0.4029
0.37582 0.037102 0.38443
0.35937 0.035489 0.43124
0.38317 0.036973 0.51753
0.41544 0.038418 0.59894
0.3796 0.037257 0.51068
0.42263 0.038539 0.59239
0.36566 0.050907 0.38235
0.3632 0.051113 0.35671
0.42086 0.050961 0.4134
0.42623 0.036896 0.40231
0.437 0.0507 0.40912
0.43455 0.036422 0.58916
0.40545 0.036877 0.62318
0.39834 0.037049 0.62659
0.42343 0.037125 0.6267
0.44554 0.037565 0.62115
0.39595 0.037253 0.63444
0.39518 0.037243 0.64579
0.39905 0.036581 0.47439
0.44468 0.037342 0.57894
0.39384 0.037232 0.65376
0.43869 0.037557 0.64014
0.42058 0.03726 0.65829
0.40175 0.03706 0.69501
0.42285 0.037181 0.67141
0.41089 0.037094 0.6945
0.39517 0.036959 0.71868
0.38555 0.036955 0.72654
0.4036 0.036981 0.71415
0.39415 0.036943 0.75306
0.38967 0.036925 0.77584
0.40102 0.036961 0.74614
0.38813 0.036924 0.78805
0.38023 0.036914 0.81487
0.38265 0.036919 0.82406
0.38004 0.036905 0.84505
0.39661 0.036917 0.82351
0.39624 0.036901 0.85352
0.38123 0.036919 0.8684
0.37593 0.036915 0.89169
0.39735 0.036904 0.89502
0.37925 0.036919 0.9087
0.38537 0.037329 0.93061
0.3926 0.036914 0.90757
0.39873 0.037291 0.93283
0.38207 0.037675 0.94336
0.37586 0.033404 0.95495
0.39481 0.037598 0.94378
0.40047 0.033374 0.95547
0.41812 0.037213 0.037091
0.42342 0.037213 0.042473
0.42331 0.037223 0.06835
0.40867 0.037229 0.087973
0.42731 0.037222 0.078752
0.43868 0.037417 0.10241
0.42558 0.037198 0.11725
0.41703 0.037211 0.1295
0.43254 0.037358 0.11327
0.43749 0.037449 0.1277
0.42565 0.037245 0.15184
0.41662 0.037287 0.16929
0.44064 0.03728 0.15302
0.41845 0.03729 0.17891
0.41604 0.037356 0.2025
0.42811 0.037295 0.18484
0.42978 0.037316 0.19277
0.4201 0.037513 0.24171
0.43136 0.037397 0.22005
0.43601 0.037411 0.22823
0.40744 0.037558 0.25511
0.42088 0.037745 0.27358
0.43589 0.037561 0.24942
0.42242 0.038009 0.28786
0.42008 0.038138 0.29407
0.43764 0.038021 0.31113
0.41395 0.039044 0.3189
0.40385 0.039027 0.32509
0.42753 0.038188 0.31589
0.40961 0.039184 0.33087
0.40486 0.038804 0.3348
0.4123 0.038911 0.3451
0.47584 0.038417 0.37285
0.45825 0.038732 0.36605
0.48975 0.043241 0.38375
0.54052 0.037483 0.38064
0.39155 0.03628 0.36315
0.33414 0.040817 0.43385
0.50066 0.0412 0.40013
0.42656 0.037191 0.37008
0.31672 0.042153 0.44024
0.3401 0.043189 0.45348
0.34642 0.038666 0.41173
0.48255 0.054087 0.38844
0.36176 0.035439 0.4245
0.38054 0.039067 0.37662
0.36756 0.034876 0.44636
0.37442 0.036923 0.49876
0.42317 0.03803 0.56292
0.3922 0.036005 0.51979
0.42396 0.036944 0.53067
0.41141 0.04983 0.41187
0.43854 0.042402 0.40147
0.43545 0.036478 0.5822
0.57725 0.040076 0.34457
0.43439 0.035671 0.50015
0.45259 0.040805 0.40624
0.57153 0.04271 0.33829
0.41372 0.037569 0.43517
0.44889 0.03763 0.5959
0.399 0.037162 0.47003
0.47137 0.037603 0.61424
0.4484 0.037504 0.64135
0.4447 0.037442 0.65074
0.47504 0.037633 0.63305
0.46751 0.03751 0.65057
0.43841 0.037278 0.67179
0.42916 0.037194 0.68644
0.44908 0.037269 0.67963
0.42198 0.037014 0.72361
0.4425 0.037074 0.70538
0.43398 0.037036 0.72575
0.42263 0.036965 0.74758
0.41256 0.036931 0.77222
0.43904 0.036965 0.74719
0.43972 0.036943 0.76616
0.42277 0.036919 0.79373
0.43936 0.03693 0.78243
0.42661 0.036916 0.80397
0.41272 0.036913 0.8232
0.42998 0.036883 0.84955
0.4181 0.036902 0.8727
0.41327 0.036887 0.89365
0.43297 0.036892 0.87284
0.42755 0.036882 0.88334
0.41486 0.036878 0.90538
0.41229 0.037138 0.93149
0.43273 0.03699 0.92843
0.40594 0.037458 0.94599
0.42316 0.037125 0.93897
0.43307 0.033334 0.96135
0.44045 0.037223 0.042609
0.44474 0.037222 0.065292
0.45866 0.037225 0.046652
0.43826 0.037216 0.076778
0.44498 0.037466 0.10016
0.46452 0.03721 0.085919
0.46609 0.037683 0.10404
0.45334 0.038059 0.1174
0.4717 0.037824 0.11025
0.45813 0.037867 0.12647
0.44919 0.037282 0.15097
0.46372 0.037864 0.12929
0.46449 0.037268 0.15583
0.45116 0.037262 0.17033
0.44694 0.037352 0.19912
0.46016 0.037284 0.18255
0.45968 0.037371 0.20392
0.45003 0.037404 0.21718
0.44536 0.037427 0.23066
0.45633 0.037493 0.23958
0.44312 0.037615 0.25502
0.44156 0.037733 0.27104
0.4542 0.037615 0.25426
0.44428 0.037878 0.28389
0.44589 0.037924 0.30308
0.46243 0.037865 0.29405
0.46859 0.037802 0.30347
0.43514 0.037757 0.31686
0.43967 0.036806 0.3242
0.4364 0.035932 0.33397
0.50502 0.037639 0.3952
0.55701 0.044561 0.37018
0.42061 0.037467 0.3329
0.43119 0.037038 0.35428
0.51352 0.059978 0.41221
0.54517 0.039785 0.38555
0.4649 0.036945 0.36696
0.51923 0.066226 0.41301
0.453 0.057079 0.43246
0.389 0.035511 0.36681
0.3204 0.041047 0.449
0.52936 0.038398 0.39555
0.5053 0.034852 0.40495
0.34892 0.040657 0.42646
0.36918 0.034594 0.39973
0.38144 0.033927 0.39866
0.41078 0.035372 0.52573
0.37045 0.039362 0.46826
0.40946 0.035008 0.52153
0.44716 0.040774 0.40284
0.39831 0.034894 0.48959
0.38872 0.036778 0.45554
0.42939 0.03509 0.54301
0.57779 0.037932 0.3471
0.60015 0.039242 0.39309
0.58433 0.036677 0.39443
0.43851 0.037077 0.4188
0.39986 0.03727 0.45573
0.43096 0.036603 0.48705
0.41669 0.035686 0.4615
0.46903 0.037758 0.6068
0.47832 0.037796 0.60658
0.44495 0.03637 0.50541
0.44415 0.038245 0.53938
0.48494 0.03771 0.62227
0.48874 0.037555 0.62694
0.49227 0.037624 0.59976
0.47524 0.037443 0.6569
0.46863 0.037256 0.67736
0.49044 0.037476 0.63961
0.47882 0.03726 0.67615
0.46567 0.03716 0.69148
0.45022 0.037055 0.72283
0.47401 0.037132 0.69595
0.46726 0.037067 0.71929
0.45124 0.036988 0.74188
0.44956 0.036947 0.76878
0.4631 0.036966 0.74448
0.47061 0.036947 0.76899
0.44952 0.036909 0.79822
0.46009 0.036904 0.78994
0.45951 0.036904 0.80161
0.45011 0.036905 0.81858
0.44291 0.036877 0.84868
0.46729 0.036899 0.81902
0.445 0.036891 0.86099
0.44557 0.036869 0.8852
0.45766 0.036872 0.87334
0.46568 0.036867 0.89016
0.45293 0.036866 0.91235
0.45358 0.036931 0.92628
0.46674 0.036909 0.91435
0.46358 0.037121 0.93235
0.4515 0.037013 0.94759
0.47363 0.037735 0.94588
0.469 0.033333 0.9635
0.49351 0.042097 0.40379
0.41574 0.037495 0.37941
0.40775 0.0362 0.40073
0.4478 0.041093 0.38306
0.48197 0.037214 0.047693
0.4782 0.037218 0.068495
0.49601 0.037211 0.039657
0.48822 0.037217 0.066122
0.47073 0.037212 0.086087
0.47818 0.037375 0.099083
0.49217 0.037216 0.077632
0.49464 0.037249 0.099221
0.48825 0.037456 0.11862
0.48231 0.037705 0.12313
0.49196 0.037298 0.11275
0.49747 0.0373 0.13671
0.47658 0.037541 0.13832
0.49022 0.037278 0.16297
0.46746 0.037291 0.17948
0.47588 0.037341 0.19685
0.48424 0.037316 0.17968
0.47892 0.037419 0.21517
0.47554 0.037481 0.23332
0.49003 0.037414 0.21252
0.48988 0.037462 0.22992
0.47151 0.037664 0.2585
0.47803 0.037716 0.26401
0.48575 0.037614 0.2477
0.49251 0.037675 0.25948
0.4715 0.037883 0.28904
0.48563 0.037983 0.28778
0.4979 0.037792 0.28083
0.50364 0.037972 0.29416
0.48513 0.037381 0.31256
0.48884 0.036819 0.32069
0.50833 0.037755 0.32459
0.46918 0.03546 0.33706
0.47839 0.035618 0.33529
0.53507 0.038157 0.31718
0.56014 0.038903 0.31163
0.45884 0.03492 0.34645
0.4761 0.035382 0.34081
0.55239 0.038843 0.32157
0.50146 0.036945 0.38849
0.54237 0.037514 0.31884
0.54072 0.036997 0.32291
0.48839 0.048407 0.41369
0.51609 0.036091 0.40609
0.46206 0.034028 0.35603
0.46966 0.0336 0.35761
0.46787 0.033597 0.39791
0.47646 0.033362 0.41017
0.42819 0.033445 0.37918
0.41245 0.033705 0.48936
0.58664 0.033547 0.35439
0.46183 0.034306 0.41653
0.47686 0.034917 0.5459
0.45883 0.03605 0.55811
0.40763 0.035611 0.45562
0.61807 0.034295 0.43826
0.45075 0.038361 0.54882
0.45544 0.037611 0.56425
0.6025 0.033667 0.43473
0.46386 0.042847 0.54749
0.45183 0.040148 0.54566
0.47051 0.038242 0.57248
0.46421 0.042354 0.54842
0.44864 0.037847 0.53496
0.48508 0.038179 0.56971
0.4758 0.038075 0.58683
0.50106 0.037588 0.61767
0.49882 0.03764 0.593
0.51153 0.037588 0.61495
0.49441 0.037397 0.66259
0.50946 0.037524 0.63519
0.50322 0.037318 0.67066
0.48708 0.037213 0.69362
0.48591 0.037127 0.7126
0.50032 0.037204 0.69609
0.50032 0.03711 0.71279
0.48626 0.037029 0.73145
0.47689 0.036954 0.76045
0.49516 0.036945 0.76906
0.48278 0.036897 0.80644
0.49676 0.036913 0.78368
0.49445 0.036896 0.81035
0.48071 0.036885 0.82498
0.48278 0.036865 0.84582
0.48924 0.036862 0.84268
0.48028 0.036866 0.8655
0.47818 0.036853 0.87956
0.49741 0.036847 0.87324
0.47775 0.037407 0.93135
0.49556 0.036925 0.90964
0.49336 0.037854 0.93588
0.48544 0.038413 0.94776
0.48551 0.033535 0.95465
0.49512 0.038314 0.94299
0.46402 0.040981 0.39792
0.56339 0.036316 0.37798
0.57119 0.033909 0.37579
0.53894 0.034383 0.33851
0.55577 0.038946 0.36459
0.50293 0.035394 0.37735
0.40279 0.035839 0.37244
0.43551 0.035176 0.37724
0.47838 0.034711 0.38047
0.49036 0.038982 0.40726
0.48181 0.038354 0.41225
0.48286 0.034861 0.40624
0.49988 0.03412 0.37214
0.47964 0.03411 0.41276
0.55624 0.033836 0.3462
0.40694 0.037471 0.39557
0.55065 0.057031 0.39762
0.59105 0.033587 0.46136
0.53385 0.036545 0.34282
0.52607 0.034555 0.34881
0.54065 0.044896 0.34587
0.50699 0.066625 0.42342
0.52222 0.036684 0.38307
0.46355 0.040313 0.38926
0.47018 0.03684 0.39025
0.5084 0.049324 0.41207
0.45696 0.036815 0.37907
0.42439 0.054632 0.40749
0.46252 0.037014 0.38241
0.49223 0.043712 0.41577
0.56098 0.035896 0.37781
0.45875 0.04945 0.39889
0.55033 0.040682 0.33794
0.57052 0.03545 0.37
0.55526 0.036569 0.35221
0.56733 0.034645 0.37864
0.60874 0.033992 0.46077
0.54791 0.033837 0.34912
0.55865 0.035291 0.35436
0.52244 0.063901 0.41344
0.60321 0.034277 0.46107
0.45792 0.037193 0.381
0.56807 0.033834 0.33259
0.50748 0.037209 0.046841
0.52546 0.037207 0.049041
0.52458 0.037214 0.059859
0.50706 0.037219 0.075901
0.5089 0.037239 0.094431
0.52985 0.037215 0.071623
0.52504 0.037235 0.094989
0.50771 0.037262 0.11584
0.51531 0.037272 0.12902
0.53008 0.037243 0.11884
0.52536 0.037254 0.12719
0.51503 0.037266 0.15236
0.5119 0.037274 0.16365
0.51941 0.037263 0.15102
0.51965 0.037317 0.175
0.50885 0.037325 0.1805
0.51479 0.037339 0.19547
0.52915 0.037332 0.19194
0.51914 0.037344 0.19635
0.51727 0.037436 0.21963
0.50294 0.03744 0.22673
0.53209 0.037428 0.2169
0.5339 0.037455 0.23019
0.51206 0.037636 0.24779
0.51278 0.037745 0.25996
0.52637 0.037929 0.25106
0.52545 0.038114 0.26019
0.51108 0.037781 0.2881
0.53341 0.038188 0.26835
0.52971 0.037989 0.27376
0.51341 0.037907 0.30116
0.53548 0.038108 0.29635
0.56205 0.038079 0.29173
0.59263 0.037821 0.31908
0.52355 0.038207 0.31111
0.60849 0.036443 0.36655
0.62817 0.036543 0.40173
0.57377 0.039291 0.31694
0.60179 0.037011 0.35748
0.59538 0.039254 0.47901
0.56065 0.039087 0.30526
0.56228 0.038842 0.30487
0.63466 0.039756 0.44842
0.62701 0.036096 0.41217
0.6065 0.034541 0.3804
0.62882 0.036721 0.45459
0.51625 0.036437 0.38001
0.54628 0.033464 0.35706
0.58212 0.033582 0.48279
0.54121 0.033371 0.47747
0.51971 0.03348 0.35301
0.47202 0.033696 0.54606
0.51166 0.033341 0.42949
0.45964 0.03385 0.51612
0.47728 0.038165 0.55831
0.4725 0.048953 0.53521
0.47093 0.043846 0.52051
0.47425 0.042696 0.52693
0.48551 0.039843 0.55995
0.47612 0.041641 0.53259
0.47735 0.040835 0.52635
0.49388 0.038302 0.5635
0.51033 0.037676 0.5728
0.48723 0.038301 0.53419
0.50379 0.036641 0.55101
0.51697 0.03788 0.59174
0.5182 0.037723 0.60766
0.52645 0.03788 0.5909
0.5389 0.037358 0.61258
0.51265 0.03738 0.65267
0.51309 0.03726 0.67378
0.52047 0.037237 0.67469
0.51035 0.037174 0.69249
0.51031 0.03711 0.70874
0.52479 0.037182 0.68361
0.51887 0.037094 0.71068
0.51489 0.037015 0.73109
0.50678 0.036947 0.76089
0.52499 0.036949 0.74567
0.52901 0.036936 0.76276
0.50784 0.036907 0.78493
0.51263 0.03689 0.79727
0.52295 0.036889 0.79094
0.52365 0.036887 0.80305
0.51214 0.036851 0.84049
0.53166 0.036844 0.84985
0.51128 0.036853 0.87057
0.51683 0.036842 0.88943
0.53111 0.036849 0.87048
0.53226 0.036843 0.89347
0.50548 0.036987 0.91779
0.52261 0.03688 0.91473
0.51083 0.033586 0.95481
0.53084 0.039193 0.94971
0.52906 0.033336 0.95998
0.5181 0.034616 0.34894
0.568 0.03358 0.47577
0.5403 0.03599 0.361
0.53152 0.034171 0.3589
0.55511 0.037052 0.49018
0.47024 0.038097 0.40483
0.61807 0.035055 0.40173
0.53378 0.035854 0.36128
0.53598 0.034773 0.43446
0.55855 0.033548 0.4573
0.59444 0.03352 0.45845
0.50811 0.033758 0.42111
0.42643 0.035124 0.44209
0.54063 0.033472 0.42334
0.45734 0.040287 0.53772
0.5756 0.040828 0.56498
0.54261 0.038789 0.41066
0.42374 0.033597 0.46977
0.50973 0.036438 0.38108
0.551 0.038037 0.35816
0.53366 0.035199 0.35135
0.53214 0.034777 0.39952
0.55856 0.036606 0.3765
0.54177 0.035825 0.35672
0.53408 0.034701 0.46644
0.5153 0.033755 0.34863
0.56376 0.03352 0.453
0.54664 0.03424 0.40061
0.58304 0.033984 0.47919
0.5657 0.033497 0.40187
0.48116 0.037153 0.46704
0.50702 0.036093 0.4245
0.54007 0.034978 0.45642
0.52731 0.036184 0.40349
0.55807 0.035006 0.35716
0.54876 0.034127 0.45801
0.54083 0.037211 0.057004
0.56241 0.037204 0.037109
0.55836 0.037209 0.067241
0.54362 0.037227 0.10055
0.5545 0.037209 0.076535
0.5555 0.037221 0.096163
0.54442 0.037234 0.1195
0.54786 0.037267 0.13801
0.55344 0.037228 0.11854
0.55286 0.037263 0.13803
0.54361 0.03726 0.14957
0.56251 0.037254 0.15075
0.55541 0.037269 0.16363
0.54605 0.037326 0.1891
0.56425 0.037317 0.18724
0.55018 0.037429 0.22255
0.54166 0.037638 0.23847
0.56617 0.037408 0.22065
0.56039 0.037782 0.24453
0.54502 0.038321 0.25014
0.55446 0.03816 0.24918
0.55922 0.038309 0.26599
0.54674 0.038454 0.26831
0.56255 0.038054 0.27754
0.57615 0.037912 0.28898
0.60183 0.037451 0.33028
0.61142 0.037727 0.31729
0.6149 0.037442 0.33708
0.61916 0.036904 0.37274
0.63521 0.037453 0.40306
0.63615 0.037261 0.38611
0.64909 0.038073 0.41434
0.6368 0.037811 0.42486
0.63684 0.03996 0.44901
0.64551 0.038885 0.43947
0.57931 0.040518 0.49506
0.5099 0.042906 0.34801
0.5055 0.042767 0.34871
0.52659 0.038081 0.37812
0.5891 0.038563 0.51566
0.53409 0.03475 0.48546
0.52174 0.034027 0.44865
0.57805 0.033525 0.55829
0.59533 0.034433 0.5474
0.51122 0.065366 0.51436
0.4988 0.03926 0.48763
0.47109 0.06757 0.54508
0.4928 0.037731 0.43305
0.50097 0.049791 0.48454
0.46905 0.068189 0.54571
0.49318 0.040523 0.48628
0.46575 0.058768 0.54199
0.46802 0.040693 0.51142
0.47648 0.040118 0.50977
0.46617 0.037315 0.49748
0.48375 0.038881 0.51469
0.51802 0.037245 0.56364
0.48281 0.040164 0.49375
0.53323 0.037751 0.58757
0.54497 0.037191 0.62502
0.55088 0.038181 0.59703
0.54891 0.037195 0.62586
0.5331 0.037276 0.65067
0.5339 0.0372 0.67617
0.54842 0.037267 0.64071
0.53401 0.037126 0.69144
0.54463 0.037066 0.70425
0.55409 0.037006 0.72502
0.53422 0.036984 0.73428
0.53875 0.036929 0.76547
0.55677 0.036913 0.75031
0.55807 0.036912 0.77218
0.54398 0.036901 0.78054
0.54043 0.036875 0.81175
0.55019 0.036892 0.78394
0.55199 0.036869 0.80769
0.53836 0.036844 0.83553
0.5508 0.036845 0.83421
0.55784 0.036839 0.85389
0.54127 0.036831 0.88474
0.55493 0.036829 0.87788
0.56214 0.036835 0.8876
0.54618 0.036869 0.91346
0.53852 0.038112 0.93833
0.55712 0.036917 0.91741
0.55495 0.038162 0.93844
0.54521 0.039192 0.94982
0.54883 0.033334 0.96171
0.56307 0.039154 0.94717
0.55483 0.033419 0.95656
0.5003 0.033851 0.44913
0.51711 0.034818 0.51439
0.57479 0.037201 0.046531
0.58498 0.0372 0.041539
0.59281 0.037204 0.066451
0.57115 0.03722 0.10353
0.58715 0.037205 0.078233
0.59334 0.037215 0.10219
0.57046 0.037226 0.12147
0.57471 0.037251 0.13835
0.59209 0.037217 0.1144
0.58499 0.037234 0.12801
0.58008 0.037251 0.15825
0.59625 0.037241 0.14957
0.59079 0.037279 0.16981
0.57756 0.037312 0.1916
0.57121 0.037351 0.20243
0.58574 0.037312 0.1944
0.59507 0.037325 0.20192
0.5733 0.037507 0.24116
0.59064 0.037402 0.23215
0.57364 0.037841 0.26001
0.56896 0.037954 0.27051
0.5991 0.037472 0.25525
0.58949 0.037625 0.27666
0.57976 0.037676 0.28055
0.59908 0.037937 0.28516
0.61254 0.038314 0.29073
0.61429 0.03781 0.31578
0.62277 0.03788 0.33077
0.62315 0.038214 0.30712
0.62741 0.037811 0.33046
0.64046 0.037746 0.38186
0.65152 0.037724 0.44052
0.59862 0.038072 0.48965
0.58252 0.039587 0.49615
0.55348 0.038395 0.48248
0.57073 0.040233 0.51514
0.56663 0.040276 0.51812
0.62731 0.03857 0.49977
0.63101 0.038868 0.49278
0.60733 0.038317 0.51075
0.52913 0.039252 0.47681
0.53707 0.03985 0.50453
0.52363 0.03835 0.47239
0.55404 0.040153 0.53902
0.52721 0.039182 0.43301
0.53778 0.040995 0.52566
0.53024 0.040459 0.43425
0.57613 0.035462 0.55481
0.57624 0.049096 0.56815
0.5381 0.037342 0.54605
0.56659 0.058333 0.56667
0.51897 0.058561 0.53161
0.50165 0.044967 0.49166
0.5428 0.065706 0.55613
0.47346 0.043584 0.43706
0.50462 0.036807 0.51971
0.50282 0.045851 0.49466
0.54424 0.040004 0.57355
0.4631 0.036998 0.52449
0.46411 0.0386 0.53133
0.52714 0.036844 0.55906
0.48137 0.039284 0.48547
0.5554 0.039075 0.5932
0.54526 0.038894 0.57857
0.56219 0.038931 0.59379
0.56978 0.03807 0.60863
0.57518 0.038206 0.60877
0.57191 0.037855 0.62842
0.55775 0.037155 0.67249
0.57292 0.037147 0.67191
0.55943 0.037105 0.6902
0.57907 0.036992 0.70688
0.57783 0.036969 0.72911
0.56339 0.036903 0.76032
0.5834 0.036892 0.77422
0.57165 0.036893 0.77816
0.57138 0.036853 0.80033
0.58368 0.036849 0.79596
0.57366 0.036849 0.83131
0.59194 0.036841 0.83357
0.57047 0.036839 0.86583
0.59277 0.036842 0.89462
0.57057 0.036898 0.91459
0.58913 0.036873 0.9113
0.57193 0.039035 0.95121
0.57434 0.033556 0.95518
0.58546 0.038921 0.94672
0.58155 0.033333 0.96388
0.60813 0.037198 0.046663
0.61027 0.037201 0.065365
0.6281 0.037197 0.043618
0.62992 0.0372 0.055958
0.61342 0.0372 0.08032
0.60188 0.037212 0.094146
0.62971 0.0372 0.084923
0.62482 0.037208 0.091955
0.60903 0.037215 0.12087
0.60741 0.037236 0.13877
0.62032 0.037211 0.11301
0.62622 0.037228 0.13451
0.60167 0.037238 0.14418
0.61194 0.03728 0.17532
0.62587 0.037228 0.1458
0.62597 0.037244 0.16211
0.60485 0.037289 0.18905
0.6109 0.037311 0.2035
0.62392 0.037276 0.18212
0.61152 0.03734 0.22917
0.6077 0.037396 0.24592
0.62265 0.037362 0.23233
0.62924 0.037489 0.24173
0.60404 0.037587 0.26602
0.63072 0.037516 0.25369
0.63113 0.03769 0.25952
0.62464 0.038361 0.27773
0.63336 0.038011 0.32871
0.62961 0.038331 0.29437
0.64259 0.037668 0.36022
0.6522 0.037706 0.3849
0.66318 0.037568 0.42561
0.59859 0.038712 0.49892
0.63051 0.038641 0.48746
0.63505 0.03783 0.47223
0.64118 0.038369 0.47426
0.57113 0.039821 0.52345
0.57014 0.039593 0.52488
0.52985 0.039253 0.49863
0.54512 0.040601 0.53036
0.53223 0.039342 0.50936
0.54203 0.039972 0.52509
0.52131 0.038408 0.44118
0.56082 0.041888 0.5426
0.5082 0.036947 0.45199
0.52618 0.040273 0.52704
0.59138 0.039739 0.57005
0.52897 0.040798 0.53074
0.62049 0.035373 0.54699
0.55902 0.062205 0.56502
0.45509 0.035964 0.44172
0.56356 0.057615 0.56748
0.51583 0.058993 0.52758
0.50884 0.048476 0.42904
0.51782 0.044226 0.42313
0.57174 0.039193 0.59136
0.59199 0.038016 0.59866
0.5749 0.03787 0.59801
0.57947 0.037862 0.60725
0.58781 0.037794 0.62842
0.58731 0.038009 0.63714
0.57771 0.037512 0.65011
0.58564 0.037073 0.67322
0.60542 0.036978 0.68522
0.58989 0.037008 0.69941
0.58625 0.03696 0.71641
0.60192 0.036944 0.709
0.60296 0.036921 0.71896
0.59608 0.036885 0.75226
0.59865 0.036875 0.76035
0.61156 0.036874 0.75444
0.61545 0.036862 0.76382
0.59471 0.036873 0.78111
0.60035 0.036844 0.81765
0.61889 0.036853 0.78741
0.62573 0.036829 0.81634
0.60159 0.036848 0.82653
0.59815 0.036828 0.84444
0.61978 0.036833 0.83289
0.61861 0.036824 0.84964
0.60596 0.036838 0.86491
0.6012 0.03683 0.88961
0.61556 0.036836 0.87534
0.62611 0.036831 0.88752
0.60425 0.036836 0.91127
0.60356 0.037153 0.93149
0.61679 0.03704 0.93294
0.60394 0.037469 0.94811
0.61907 0.037273 0.94191
0.62821 0.033333 0.96475
0.63716 0.037196 0.048387
0.65186 0.037197 0.038871
0.65374 0.037198 0.067024
0.64403 0.037198 0.083971
0.63775 0.037208 0.10223
0.66139 0.037197 0.077571
0.6642 0.037201 0.09017
0.65321 0.037209 0.11706
0.64399 0.037262 0.17199
0.65492 0.037219 0.15156
0.65563 0.037255 0.17065
0.63885 0.037268 0.18213
0.63832 0.037303 0.20709
0.6537 0.03726 0.18794
0.64949 0.037272 0.19567
0.63726 0.037309 0.21484
0.64375 0.037704 0.23191
0.65789 0.037288 0.21375
0.66018 0.037718 0.22999
0.64966 0.038195 0.24658
0.6485 0.037972 0.2575
0.65674 0.038002 0.2586
0.6356 0.037872 0.27686
0.63748 0.037896 0.29083
0.65839 0.037405 0.27628
0.64968 0.037378 0.28652
0.64635 0.037682 0.32007
0.65936 0.037581 0.34
0.64799 0.037663 0.3622
0.66614 0.037752 0.3993
0.66145 0.037599 0.35016
0.67248 0.037652 0.37563
0.65442 0.038309 0.46299
0.66962 0.037795 0.43854
0.59962 0.038953 0.52381
0.65752 0.038224 0.47153
0.64931 0.038426 0.49071
0.56313 0.039552 0.53249
0.65114 0.038211 0.50174
0.65825 0.038192 0.48426
0.53 0.043283 0.52516
0.51571 0.04309 0.49379
0.53889 0.043835 0.53874
0.52802 0.04278 0.52635
0.53005 0.041317 0.53175
0.5777 0.037482 0.54932
0.5619 0.040404 0.55244
0.62261 0.036 0.5371
0.58212 0.043613 0.57341
0.56474 0.05108 0.57398
0.51687 0.053022 0.52554
0.45658 0.035598 0.4688
0.5127 0.04765 0.51465
0.57796 0.040164 0.58913
0.50994 0.046276 0.50888
0.59772 0.038131 0.59618
0.61075 0.037066 0.61748
0.63054 0.03695 0.61862
0.60787 0.037174 0.6479
0.6096 0.036981 0.63664
0.61472 0.036986 0.64552
0.61392 0.036935 0.6658
0.61633 0.036933 0.69003
0.62823 0.036876 0.68032
0.64147 0.036882 0.69956
0.62239 0.036907 0.70551
0.61973 0.036895 0.7259
0.6377 0.036882 0.71735
0.63606 0.036866 0.72809
0.62147 0.036871 0.75402
0.63347 0.036841 0.77107
0.63847 0.036864 0.75145
0.64301 0.036833 0.77733
0.63627 0.036838 0.79238
0.63593 0.036824 0.81745
0.65358 0.036825 0.79876
0.65836 0.036812 0.8217
0.63846 0.036826 0.82659
0.63969 0.036809 0.84648
0.64934 0.036818 0.83339
0.6568 0.036822 0.85856
0.64516 0.036821 0.87871
0.64517 0.036835 0.88815
0.65204 0.036823 0.88039
0.66034 0.036845 0.8951
0.64145 0.036881 0.91137
0.63451 0.037573 0.93409
0.65981 0.036861 0.9062
0.65547 0.037336 0.92551
0.63377 0.038165 0.94623
0.63923 0.033397 0.95613
0.6521 0.038714 0.94562
0.65937 0.033357 0.95743
0.67911 0.037199 0.045955
0.68128 0.0372 0.053214
0.698 0.037197 0.041153
0.68904 0.037198 0.06122
0.69659 0.037196 0.07495
0.69494 0.037199 0.096779
0.66844 0.037203 0.10826
0.66848 0.037213 0.13153
0.67164 0.037213 0.15008
0.67353 0.037238 0.16779
0.67662 0.037235 0.18028
0.68977 0.03722 0.18445
0.6751 0.037271 0.21796
0.66613 0.037577 0.22961
0.69072 0.037246 0.22501
0.68272 0.037325 0.23869
0.6706 0.037981 0.24911
0.68055 0.037416 0.25871
0.68657 0.037277 0.26632
0.6702 0.037353 0.29635
0.68882 0.037306 0.29135
0.68109 0.037315 0.29799
0.6715 0.037445 0.3341
0.69022 0.037322 0.32311
0.69031 0.037341 0.32923
0.68152 0.037423 0.34753
0.67913 0.037469 0.36136
0.69062 0.037433 0.35549
0.69027 0.037504 0.36982
0.68257 0.037601 0.39084
0.68152 0.037645 0.41149
0.69597 0.037537 0.39347
0.6963 0.037592 0.40639
0.68503 0.0378 0.43314
0.6767 0.03782 0.45997
0.69364 0.037704 0.43063
0.69731 0.037588 0.45265
0.66279 0.037603 0.50259
0.68978 0.037523 0.48131
0.55828 0.04319 0.54874
0.55872 0.043561 0.55066
0.66333 0.037497 0.51602
0.65585 0.037447 0.52386
0.62152 0.036536 0.53076
0.63668 0.036122 0.54059
0.65961 0.03683 0.54465
0.63853 0.036092 0.55914
0.58921 0.041327 0.57817
0.65326 0.036712 0.5608
0.63105 0.036911 0.57744
0.54436 0.043505 0.56261
0.61925 0.037886 0.58081
0.63786 0.037342 0.58708
0.57724 0.042112 0.58396
0.62708 0.037272 0.59163
0.653 0.036785 0.60727
0.64142 0.036816 0.62076
0.64464 0.036793 0.63238
0.6512 0.036744 0.61503
0.6599 0.036853 0.63509
0.64053 0.036942 0.66412
0.65987 0.036826 0.6635
0.65335 0.036892 0.68746
0.64733 0.036884 0.69919
0.65716 0.036883 0.67851
0.65848 0.036852 0.72737
0.65376 0.036856 0.74346
0.67464 0.036851 0.72044
0.68175 0.036835 0.74559
0.65891 0.036852 0.75408
0.66477 0.036826 0.777
0.67765 0.036839 0.75554
0.67627 0.036819 0.78754
0.66313 0.036828 0.79443
0.67664 0.036819 0.79418
0.68287 0.036801 0.82172
0.67811 0.036837 0.84445
0.69164 0.036935 0.83667
0.68619 0.036887 0.86178
0.67834 0.036851 0.86857
0.68957 0.036926 0.86687
0.68796 0.036849 0.89628
0.67509 0.036855 0.91356
0.66454 0.037987 0.93881
0.68449 0.037758 0.93834
0.67502 0.038443 0.94823
0.67705 0.033333 0.9642
0.69103 0.033336 0.95971
0.70797 0.037196 0.037732
0.70688 0.037197 0.056475
0.72388 0.037196 0.043219
0.72646 0.037196 0.062862
0.70939 0.037195 0.079626
0.72731 0.037195 0.078752
0.70958 0.037196 0.10648
0.70576 0.037203 0.13365
0.72503 0.03719 0.11817
0.72869 0.037193 0.13438
0.70296 0.03721 0.16723
0.7304 0.037192 0.15489
0.72793 0.037196 0.16816
0.70333 0.03721 0.18654
0.70062 0.037232 0.20463
0.71967 0.0372 0.17802
0.72871 0.0372 0.19732
0.70232 0.037232 0.21228
0.70077 0.037241 0.23153
0.7177 0.037213 0.22093
0.70687 0.037243 0.25931
0.72721 0.03721 0.26588
0.71099 0.037257 0.28231
0.71382 0.037248 0.30159
0.70283 0.037298 0.31581
0.71275 0.037262 0.33533
0.73596 0.037161 0.31271
0.72106 0.037223 0.33582
0.71406 0.037254 0.34192
0.71364 0.037278 0.36742
0.72612 0.03721 0.34156
0.72945 0.037218 0.36689
0.71503 0.037295 0.39117
0.70589 0.037426 0.40481
0.72285 0.037247 0.38147
0.7184 0.037307 0.41003
0.70738 0.037415 0.43513
0.72735 0.037276 0.41999
0.71621 0.03737 0.4431
0.70603 0.037447 0.46308
0.68979 0.037319 0.5005
0.72 0.037302 0.46582
0.7113 0.037299 0.48676
0.68903 0.037322 0.50958
0.67763 0.037364 0.52348
0.69978 0.037295 0.50208
0.70068 0.037268 0.51895
0.69707 0.037255 0.53206
0.70132 0.037264 0.54106
0.66831 0.036967 0.56819
0.6969 0.037055 0.56052
0.69257 0.036943 0.57606
0.6613 0.036938 0.59222
0.69043 0.036887 0.58463
0.68263 0.036913 0.59148
0.67394 0.036822 0.61244
0.67753 0.03688 0.60096
0.70495 0.037505 0.61505
0.6787 0.036804 0.62515
0.68629 0.036857 0.63083
0.69729 0.037133 0.62166
0.70045 0.036905 0.63817
0.68607 0.036838 0.66016
0.68206 0.036851 0.66916
0.69759 0.036825 0.6514
0.70265 0.036825 0.66799
0.69272 0.036837 0.69083
0.68246 0.036846 0.7038
0.69987 0.036827 0.70172
0.68984 0.036848 0.72346
0.69116 0.036834 0.73993
0.71176 0.036832 0.72371
0.71014 0.036825 0.74487
0.69874 0.036829 0.76312
0.6915 0.036816 0.78115
0.71086 0.036823 0.76358
0.70511 0.036798 0.81193
0.69855 0.036879 0.8251
0.71499 0.036803 0.79908
0.71036 0.037299 0.8411
0.70385 0.037288 0.85609
0.7148 0.037427 0.84273
0.70695 0.036936 0.87879
0.70143 0.03687 0.88523
0.71538 0.037283 0.86631
0.72688 0.036873 0.89866
0.69867 0.036861 0.91404
0.70971 0.037152 0.92517
0.7257 0.036866 0.9101
0.70578 0.033334 0.96128
0.72783 0.038065 0.94623
0.73818 0.037197 0.044231
0.7409 0.037196 0.058998
0.76119 0.037196 0.060273
0.75578 0.037192 0.080015
0.75334 0.037192 0.09489
0.76404 0.037189 0.10922
0.7536 0.037191 0.12373
0.741 0.037188 0.15399
0.73692 0.037192 0.16023
0.75485 0.037186 0.14115
0.76262 0.037179 0.16578
0.73789 0.037189 0.18056
0.74319 0.037185 0.20507
0.75408 0.037173 0.18749
0.75223 0.037173 0.20317
0.74656 0.037174 0.21727
0.73974 0.037194 0.24299
0.75808 0.037167 0.23707
0.73876 0.037193 0.25662
0.76202 0.03716 0.2482
0.74757 0.037298 0.28219
0.73846 0.037207 0.29444
0.76407 0.037669 0.28835
0.74519 0.037181 0.32874
0.76259 0.037766 0.30557
0.76108 0.037266 0.32473
0.73954 0.037169 0.34254
0.73644 0.037192 0.37334
0.75442 0.037132 0.35042
0.75664 0.037149 0.36471
0.74534 0.037135 0.39101
0.74132 0.037164 0.40064
0.76027 0.037115 0.38714
0.75204 0.037129 0.40311
0.73857 0.037193 0.41756
0.734 0.037201 0.4478
0.75721 0.037131 0.42598
0.72991 0.037227 0.46211
0.72562 0.037231 0.4831
0.7511 0.037143 0.45788
0.75354 0.037122 0.46825
0.73349 0.037166 0.48708
0.71924 0.037214 0.5078
0.75346 0.037084 0.48673
0.74934 0.037074 0.49654
0.74469 0.037062 0.51691
0.73282 0.037035 0.53946
0.71161 0.03708 0.55573
0.70484 0.036997 0.57222
0.73445 0.037002 0.54862
0.74109 0.03696 0.56155
0.71264 0.037024 0.58639
0.72233 0.037268 0.59899
0.72855 0.037232 0.60291
0.71247 0.03749 0.62099
0.71369 0.036987 0.63654
0.7311 0.037075 0.62921
0.71892 0.036804 0.6559
0.71935 0.036833 0.67671
0.74102 0.036805 0.66949
0.72695 0.03682 0.69871
0.72683 0.036827 0.71918
0.72901 0.036828 0.73859
0.72623 0.03683 0.74311
0.74653 0.036829 0.74833
0.73359 0.036834 0.76754
0.73338 0.03683 0.7896
0.74246 0.036831 0.76302
0.73808 0.036836 0.81344
0.73644 0.037006 0.83475
0.74628 0.036848 0.80286
0.75263 0.036859 0.82278
0.72754 0.037308 0.85751
0.74526 0.036934 0.84725
0.73468 0.037059 0.86636
0.73479 0.036867 0.90126
0.75047 0.036868 0.87929
0.75096 0.036866 0.8964
0.74213 0.036862 0.90673
0.75841 0.036913 0.91539
0.7522 0.037548 0.93726
0.73381 0.038006 0.94547
0.73621 0.033336 0.95972
0.76273 0.033334 0.96207
0.7731 0.037197 0.044586
0.78178 0.037197 0.053603
0.79677 0.037198 0.048236
0.79975 0.037195 0.064959
0.77686 0.037193 0.070827
0.79146 0.037188 0.09369
0.78145 0.037184 0.11848
0.7803 0.037182 0.13495
0.79258 0.037184 0.11473
0.79624 0.037181 0.12973
0.78115 0.037175 0.15055
0.77809 0.037175 0.16468
0.78835 0.037176 0.14296
0.78921 0.037166 0.16928
0.77768 0.037165 0.18591
0.7977 0.037161 0.17567
0.78532 0.037152 0.20518
0.77605 0.037154 0.21738
0.77782 0.037147 0.24045
0.79196 0.03714 0.22184
0.78688 0.037138 0.2388
0.76872 0.037154 0.25094
0.76992 0.037544 0.28107
0.78561 0.037131 0.24907
0.78466 0.037172 0.2692
0.78528 0.037638 0.29119
0.77277 0.037797 0.31288
0.77463 0.037104 0.3339
0.79262 0.037454 0.30922
0.78503 0.037159 0.33085
0.7706 0.037112 0.35425
0.76958 0.037111 0.37199
0.78128 0.037072 0.34853
0.78006 0.037077 0.36943
0.77354 0.037055 0.39035
0.78039 0.037007 0.40875
0.79049 0.037033 0.38995
0.79684 0.037182 0.4089
0.78023 0.036998 0.42221
0.77381 0.037027 0.43576
0.79012 0.037036 0.41924
0.79214 0.037021 0.43913
0.7712 0.037023 0.45674
0.78801 0.03696 0.45804
0.78563 0.036955 0.46274
0.7636 0.037031 0.48226
0.76831 0.036977 0.49387
0.7902 0.036964 0.47822
0.79863 0.037146 0.4936
0.7696 0.036937 0.51499
0.78203 0.036932 0.50858
0.78485 0.03692 0.52986
0.74763 0.036926 0.56413
0.77759 0.0369 0.5367
0.77662 0.036871 0.56235
0.75376 0.036856 0.5802
0.74998 0.036848 0.58956
0.77207 0.036848 0.57739
0.75874 0.036816 0.60171
0.76923 0.036798 0.6035
0.74665 0.036867 0.63097
0.74874 0.036802 0.64877
0.78039 0.036749 0.64031
0.77459 0.03675 0.65627
0.75343 0.036807 0.67137
0.757 0.036805 0.67968
0.78208 0.036775 0.67122
0.78144 0.036784 0.67643
0.76466 0.036806 0.69987
0.75593 0.036822 0.72158
0.77474 0.036816 0.72447
0.76461 0.036836 0.7329
0.77012 0.03684 0.75792
0.7872 0.036831 0.73462
0.78841 0.03687 0.79175
0.7622 0.03686 0.81405
0.76942 0.036873 0.83027
0.78018 0.036869 0.80423
0.79223 0.036886 0.83076
0.76887 0.036882 0.85353
0.78133 0.036878 0.84263
0.77323 0.036878 0.87983
0.76768 0.036915 0.89986
0.79248 0.036943 0.89748
0.77605 0.037725 0.93902
0.78949 0.037094 0.9205
0.78186 0.035545 0.95211
0.77243 0.033333 0.96387
0.7915 0.038374 0.94723
0.79747 0.033342 0.95858
0.80452 0.037198 0.047458
0.80516 0.037198 0.055184
0.83164 0.037197 0.047585
0.83417 0.037197 0.053071
0.80435 0.037191 0.079373
0.80582 0.037187 0.095555
0.83051 0.037191 0.074874
0.82298 0.037187 0.092461
0.81107 0.037185 0.10844
0.80951 0.037181 0.1273
0.82172 0.037182 0.11144
0.82888 0.037175 0.12947
0.82878 0.037168 0.14529
0.82023 0.03715 0.18101
0.8198 0.037145 0.19339
0.80911 0.037137 0.21557
0.80121 0.037133 0.23246
0.83102 0.037121 0.22075
0.82683 0.037116 0.23128
0.80092 0.037122 0.24884
0.80275 0.037128 0.2696
0.82719 0.037088 0.26734
0.8104 0.037071 0.29063
0.80453 0.037172 0.29916
0.82928 0.037069 0.28681
0.82133 0.037065 0.30145
0.81111 0.037072 0.31074
0.80657 0.037074 0.32888
0.82393 0.037058 0.31207
0.81617 0.037038 0.33883
0.80161 0.037058 0.35574
0.80638 0.037042 0.36616
0.81598 0.037024 0.35838
0.80343 0.03713 0.39309
0.8083 0.037493 0.41036
0.8245 0.037189 0.39333
0.81056 0.037662 0.41893
0.80816 0.037273 0.43319
0.82046 0.037618 0.4259
0.80616 0.036946 0.4507
0.81612 0.037211 0.46611
0.82499 0.036947 0.44717
0.81334 0.03751 0.48015
0.80644 0.037314 0.49311
0.79725 0.037016 0.50919
0.80444 0.036892 0.51679
0.81762 0.036911 0.51531
0.79638 0.036865 0.55354
0.80749 0.036851 0.54817
0.79492 0.036796 0.59633
0.81773 0.03682 0.5759
0.81197 0.03679 0.59388
0.79924 0.036763 0.61296
0.80369 0.036864 0.62978
0.81441 0.03677 0.60834
0.81005 0.036866 0.62761
0.799 0.036941 0.6438
0.80143 0.037006 0.64873
0.81202 0.037052 0.63934
0.80563 0.03701 0.65947
0.7946 0.036804 0.68925
0.8142 0.036857 0.6764
0.79832 0.036811 0.70185
0.81417 0.036809 0.70136
0.79651 0.03683 0.73012
0.79915 0.036862 0.75756
0.82637 0.036855 0.7365
0.8279 0.036875 0.75245
0.79653 0.03687 0.77156
0.80167 0.036886 0.79458
0.82737 0.036893 0.77677
0.82104 0.036898 0.79177
0.80513 0.036894 0.80484
0.82173 0.036918 0.82748
0.79994 0.036903 0.8483
0.80753 0.036916 0.86214
0.82769 0.03693 0.84462
0.82756 0.036934 0.865
0.8122 0.036923 0.87575
0.80161 0.036944 0.89628
0.82484 0.036939 0.88537
0.80386 0.03699 0.91301
0.80381 0.03751 0.92971
0.81746 0.036989 0.9143
0.80495 0.038464 0.94467
0.81275 0.033334 0.96246
0.82601 0.035726 0.95197
0.82041 0.033333 0.96413
0.84547 0.037196 0.045197
0.84217 0.037195 0.055763
0.86551 0.037201 0.045314
0.84819 0.03719 0.080999
0.85177 0.037186 0.093685
0.8555 0.037192 0.075912
0.85726 0.037188 0.091829
0.85887 0.03718 0.11116
0.8581 0.037168 0.13567
0.84194 0.037165 0.15117
0.84896 0.037157 0.16387
0.86237 0.037163 0.14632
0.85587 0.037159 0.15687
0.83884 0.037142 0.18701
0.84117 0.037134 0.19816
0.85967 0.037135 0.1867
0.86792 0.037123 0.20201
0.85035 0.037116 0.21509
0.83658 0.037107 0.23671
0.86268 0.037113 0.21691
0.85349 0.037097 0.23748
0.84726 0.03709 0.25176
0.85795 0.037082 0.25209
0.85999 0.037072 0.26266
0.85616 0.037059 0.28143
0.85808 0.037042 0.3024
0.84097 0.037043 0.32273
0.83342 0.037036 0.33262
0.86044 0.037028 0.31487
0.85436 0.037021 0.32823
0.83658 0.037011 0.36454
0.85507 0.036997 0.35115
0.86306 0.036978 0.3702
0.83868 0.037068 0.39198
0.84917 0.036984 0.38943
0.85691 0.036973 0.4018
0.83674 0.037354 0.41906
0.83982 0.037112 0.43034
0.84455 0.037121 0.41527
0.85472 0.036903 0.4391
0.83441 0.036903 0.45152
0.83181 0.037395 0.47075
0.84861 0.036983 0.45932
0.85267 0.037444 0.47461
0.83483 0.037952 0.48359
0.83833 0.037821 0.49025
0.83765 0.037256 0.50442
0.84233 0.036871 0.52512
0.85893 0.03692 0.51563
0.83682 0.036858 0.53632
0.83589 0.036839 0.55225
0.8564 0.036874 0.53719
0.85277 0.036849 0.55019
0.83703 0.036817 0.57244
0.82754 0.036805 0.59316
0.85361 0.036832 0.57071
0.8441 0.036809 0.58821
0.83636 0.036795 0.62029
0.84901 0.03681 0.59977
0.84112 0.036832 0.63072
0.83317 0.036991 0.65499
0.8532 0.0368 0.63764
0.84644 0.036813 0.65915
0.83587 0.03687 0.67277
0.82792 0.03682 0.68112
0.85037 0.036806 0.6675
0.85658 0.036832 0.69353
0.83124 0.036825 0.70151
0.84085 0.036847 0.72135
0.8478 0.03683 0.69961
0.85106 0.036858 0.725
0.83904 0.036865 0.73484
0.83749 0.036889 0.76242
0.85492 0.036897 0.75861
0.83472 0.03691 0.79442
0.85957 0.036912 0.77003
0.86479 0.036932 0.79021
0.83914 0.036928 0.81565
0.86357 0.036941 0.80537
0.86052 0.036948 0.82379
0.84207 0.036941 0.84513
0.86055 0.036956 0.84103
0.86208 0.036965 0.85976
0.84539 0.036953 0.87932
0.84093 0.036977 0.90159
0.86085 0.03697 0.87343
0.84512 0.03709 0.92435
0.86607 0.036992 0.91019
0.8568 0.037104 0.9271
0.84997 0.037363 0.94073
0.84155 0.033334 0.96154
0.86538 0.037268 0.93989
0.86278 0.033333 0.96401
0.87357 0.037203 0.03932
0.87525 0.0372 0.062022
0.89106 0.037201 0.040134
0.89258 0.037201 0.052511
0.88508 0.037195 0.078
0.88551 0.037189 0.094368
0.9009 0.037194 0.080076
0.89468 0.037191 0.087882
0.88477 0.037181 0.11186
0.88567 0.03717 0.13154
0.89447 0.037174 0.12222
0.87843 0.037163 0.14221
0.88622 0.037148 0.16311
0.89849 0.037165 0.15234
0.89338 0.037152 0.16695
0.87987 0.037123 0.19669
0.89785 0.037152 0.1747
0.90239 0.037135 0.19474
0.87457 0.037117 0.21007
0.88037 0.037107 0.22605
0.89512 0.037099 0.21678
0.89061 0.037093 0.2284
0.87174 0.037084 0.24422
0.87434 0.037046 0.28183
0.87625 0.037032 0.29741
0.90247 0.037065 0.27633
0.8936 0.037038 0.29944
0.87114 0.037015 0.32328
0.88179 0.037 0.33129
0.89006 0.037019 0.31078
0.88846 0.037001 0.32783
0.87783 0.036986 0.35428
0.8959 0.036974 0.34801
0.90112 0.036956 0.36222
0.87715 0.036951 0.3901
0.8674 0.036957 0.39871
0.89437 0.036949 0.38182
0.89734 0.03694 0.40235
0.86812 0.036936 0.41748
0.87032 0.036904 0.42889
0.89814 0.036941 0.42112
0.89225 0.036918 0.42655
0.87751 0.036882 0.44816
0.88248 0.03688 0.45663
0.87171 0.037168 0.48285
0.87068 0.037122 0.49334
0.88016 0.03691 0.49212
0.86101 0.037243 0.49926
0.87298 0.036873 0.52545
0.887 0.036857 0.50936
0.88944 0.036851 0.52132
0.86836 0.036884 0.53566
0.88834 0.036847 0.53283
0.89254 0.036841 0.54694
0.87244 0.036843 0.57016
0.86886 0.036831 0.59397
0.88682 0.036845 0.57008
0.88219 0.03683 0.59452
0.86755 0.036831 0.60256
0.87408 0.036828 0.62881
0.88153 0.036829 0.60601
0.88119 0.036827 0.62375
0.8724 0.036826 0.64636
0.88347 0.036818 0.64436
0.88824 0.036831 0.65663
0.8654 0.036823 0.67095
0.89941 0.036892 0.69661
0.86858 0.036865 0.70945
0.88037 0.036893 0.72764
0.89593 0.036888 0.70253
0.89168 0.036898 0.72094
0.87298 0.0369 0.74266
0.87211 0.036918 0.76265
0.88922 0.036912 0.74122
0.90179 0.036931 0.76249
0.87536 0.036936 0.77882
0.88026 0.03695 0.79655
0.89324 0.036945 0.78739
0.87273 0.036955 0.81576
0.87967 0.036966 0.82558
0.89232 0.03696 0.80495
0.87915 0.036975 0.84225
0.88501 0.03699 0.86713
0.89869 0.036978 0.84202
0.89029 0.036985 0.86222
0.87847 0.036993 0.89555
0.89706 0.036994 0.87413
0.90177 0.037004 0.89526
0.88531 0.036992 0.90815
0.88801 0.037115 0.93357
0.90127 0.037015 0.91542
0.9068 0.037294 0.93599
0.87747 0.037262 0.94429
0.90936 0.033334 0.96197
0.9113 0.037207 0.037646
0.91853 0.037226 0.054784
0.92959 0.037565 0.038955
0.92108 0.037236 0.076771
0.90892 0.037189 0.092605
0.93474 0.037454 0.097365
0.9167 0.037175 0.11215
0.91531 0.037174 0.13411
0.92672 0.037284 0.10695
0.92931 0.037332 0.12298
0.9113 0.037174 0.13965
0.91445 0.037178 0.16408
0.92901 0.037578 0.14495
0.92092 0.037219 0.19348
0.93603 0.037904 0.17656
0.93859 0.037828 0.20145
0.92171 0.037171 0.211
0.91904 0.037086 0.22875
0.93511 0.037583 0.21522
0.9263 0.0373 0.23306
0.91484 0.037084 0.25383
0.93557 0.037701 0.25042
0.9291 0.037463 0.26411
0.91452 0.037082 0.27836
0.93915 0.038034 0.28779
0.93825 0.03797 0.30176
0.91651 0.037011 0.33368
0.9307 0.037572 0.3101
0.92849 0.037361 0.33016
0.90754 0.036977 0.34515
0.9107 0.036952 0.37189
0.93509 0.037394 0.34557
0.92428 0.037121 0.36598
0.90981 0.036953 0.3824
0.91609 0.036972 0.40111
0.93401 0.038013 0.40494
0.93462 0.038143 0.41161
0.93933 0.038374 0.43373
0.90649 0.036924 0.45838
0.93594 0.037984 0.43837
0.90835 0.036927 0.48081
0.90532 0.036907 0.49445
0.93434 0.037882 0.4737
0.93107 0.037814 0.48571
0.91461 0.036954 0.50127
0.91616 0.036947 0.51898
0.93661 0.038131 0.50885
0.9342 0.03789 0.51522
0.92938 0.037395 0.53216
0.92877 0.037178 0.54914
0.91148 0.036873 0.59239
0.92466 0.037038 0.57067
0.9279 0.037042 0.5915
0.90655 0.036846 0.60218
0.90115 0.036831 0.62018
0.92027 0.036944 0.60303
0.92256 0.036958 0.61602
0.90043 0.036822 0.64194
0.93379 0.037128 0.64633
0.92379 0.036993 0.66239
0.91494 0.036946 0.68836
0.92664 0.037057 0.68217
0.93343 0.037492 0.69871
0.91646 0.036969 0.7054
0.92947 0.03753 0.71028
0.91505 0.036943 0.74001
0.91885 0.037008 0.75907
0.92715 0.037484 0.73657
0.92576 0.037218 0.76389
0.91976 0.036993 0.77184
0.91846 0.036982 0.78959
0.93254 0.037248 0.77608
0.93331 0.037377 0.79818
0.90932 0.036983 0.81793
0.91742 0.03701 0.82502
0.92719 0.037265 0.80557
0.92454 0.037176 0.82929
0.91085 0.036983 0.8496
0.91227 0.036994 0.86755
0.92974 0.037273 0.84039
0.92631 0.037215 0.86798
0.91893 0.037035 0.87933
0.92699 0.037267 0.87847
0.94041 0.038034 0.89805
0.91797 0.037063 0.91645
0.92036 0.037475 0.93535
0.93324 0.037736 0.91686
0.94117 0.038912 0.93368
0.9192 0.03769 0.94545
0.92592 0.033335 0.96061
0.93255 0.038613 0.94514
0.9374 0.033334 0.9618
0.94363 0.03814 0.042305
0.94374 0.03809 0.055034
0.95659 0.033387 0.037305
0.95925 0.033338 0.06155
0.94079 0.03774 0.07586
0.96109 0.033334 0.089728
0.95001 0.037561 0.11058
0.96047 0.033335 0.13502
0.95072 0.038615 0.1517
0.94807 0.038802 0.1611
0.96002 0.033336 0.14777
0.95491 0.033651 0.16319
0.94296 0.038292 0.17634
0.95061 0.038214 0.20013
0.95755 0.033359 0.20153
0.94566 0.038075 0.21073
0.94561 0.038104 0.235
0.96393 0.033333 0.21943
0.96218 0.033334 0.22688
0.94605 0.038235 0.25422
0.95078 0.038236 0.25982
0.96208 0.033334 0.24302
0.95541 0.033523 0.27083
0.9484 0.038524 0.27859
0.94582 0.038466 0.29524
0.96108 0.033334 0.28211
0.94673 0.038434 0.30883
0.94546 0.037893 0.33701
0.95719 0.033365 0.30797
0.96479 0.033333 0.33004
0.94873 0.037707 0.3504
0.94688 0.037873 0.36726
0.95989 0.033336 0.36993
0.94508 0.038236 0.37898
0.952 0.038079 0.4053
0.9647 0.033333 0.38842
0.9555 0.033606 0.40404
0.9511 0.039697 0.4132
0.9643 0.033333 0.41494
0.95885 0.033343 0.43062
0.94647 0.038456 0.44648
0.94937 0.038409 0.45329
0.95642 0.033415 0.43663
0.96095 0.033334 0.45405
0.9442 0.038582 0.47358
0.96408 0.033333 0.47935
0.95723 0.033358 0.49289
0.95031 0.039423 0.50453
0.94732 0.038976 0.51648
0.95571 0.033461 0.50736
0.96101 0.033334 0.52054
0.93925 0.037454 0.54817
0.96465 0.033333 0.53183
0.95889 0.033336 0.55083
0.94249 0.037225 0.58909
0.93958 0.037152 0.60923
0.94025 0.037171 0.61871
0.95956 0.033335 0.62467
0.94457 0.037284 0.63702
0.96133 0.033334 0.63507
0.96366 0.033333 0.65903
0.94913 0.035966 0.67877
0.96018 0.033334 0.67688
0.96021 0.033335 0.70036
0.94621 0.038755 0.71621
0.94548 0.03876 0.72634
0.95677 0.033386 0.71842
0.95731 0.033365 0.72318
0.94844 0.038838 0.75395
0.95798 0.033352 0.74659
0.96111 0.033334 0.75432
0.94564 0.037498 0.77931
0.94579 0.037869 0.80219
0.95918 0.033338 0.78896
0.94458 0.037921 0.80731
0.95637 0.03339 0.81587
0.96033 0.033335 0.83494
0.94329 0.037655 0.85216
0.96526 0.033333 0.86487
0.94898 0.038575 0.89529
0.96103 0.033334 0.87877
0.94743 0.039508 0.93159
0.95963 0.033339 0.91779
0.96526 0.033333 0.93041
0.94814 0.040408 0.94416
0.95029 0.033336 0.96048
0.96174 0.033334 0.94876
0.95825 0.033333 0.96377
