2635
1 1 1
0.03497 0.037661 0.044847
0.040973 0.037662 0.054174
0.062213 0.037664 0.035665
0.058268 0.037664 0.051401
0.04604 0.037666 0.068854
0.043506 0.037674 0.093139
0.059593 0.037671 0.080574
0.056051 0.037677 0.096799
0.038515 0.037681 0.11033
0.041174 0.037687 0.12025
0.063049 0.037683 0.10702
0.0624 0.037704 0.14258
0.040252 0.037731 0.18833
0.057838 0.037725 0.17824
0.060489 0.037738 0.19379
0.036093 0.037739 0.19866
0.04018 0.03776 0.22442
0.052804 0.037744 0.20366
0.055768 0.037756 0.21695
0.047362 0.037768 0.2334
0.042009 0.037785 0.25452
0.052302 0.037774 0.23971
0.060724 0.037787 0.25421
0.046779 0.037794 0.26633
0.045939 0.037807 0.28332
0.054905 0.037802 0.27525
0.062095 0.037811 0.28388
0.06077 0.037826 0.30486
0.056443 0.037835 0.32002
0.044558 0.037846 0.34141
0.060729 0.037852 0.34997
0.045548 0.037857 0.37155
0.044635 0.037861 0.38493
0.059396 0.037859 0.36935
0.054993 0.037866 0.3912
0.044001 0.037867 0.40185
0.037357 0.03787 0.4214
0.05911 0.037869 0.40468
0.053046 0.037873 0.4162
0.041932 0.037871 0.44465
0.057873 0.037872 0.44242
0.05712 0.037871 0.45869
0.041381 0.037868 0.47225
0.043164 0.037866 0.48715
0.051237 0.037871 0.47198
0.056656 0.037865 0.49085
0.038151 0.037861 0.5072
0.037863 0.037855 0.52854
0.053558 0.037862 0.50922
0.057675 0.037854 0.52762
0.044757 0.037852 0.54016
0.042556 0.037843 0.56607
0.059571 0.037849 0.53869
0.058312 0.037843 0.55959
0.036895 0.037839 0.57739
0.035811 0.037829 0.60004
0.050671 0.037841 0.57597
0.05255 0.037832 0.59631
0.043156 0.037826 0.60489
0.036138 0.03781 0.63227
0.050629 0.037825 0.61099
0.056447 0.037817 0.62383
0.050831 0.037798 0.6517
0.05276 0.037791 0.66365
0.047013 0.037782 0.67547
0.051891 0.037784 0.67367
0.057308 0.037774 0.69133
0.035921 0.037743 0.7325
0.059014 0.037757 0.7158
0.051088 0.03775 0.72521
0.04318 0.037729 0.7488
0.036956 0.037715 0.76435
0.058227 0.037733 0.74561
0.051499 0.037717 0.76247
0.040624 0.037705 0.77488
0.037148 0.037681 0.80117
0.057575 0.037699 0.78338
0.055727 0.037689 0.79311
0.039642 0.037656 0.82783
0.052455 0.037668 0.81591
0.058 0.037653 0.83329
0.037983 0.037641 0.84485
0.035005 0.037621 0.86369
0.053402 0.037647 0.83921
0.055781 0.037625 0.86167
0.035558 0.03761 0.87348
0.044994 0.037609 0.89494
0.05778 0.037604 0.88092
0.05626 0.037603 0.89114
0.041797 0.037638 0.91456
0.036908 0.033934 0.95703
0.057463 0.037934 0.94645
0.059743 0.034437 0.95515
0.078916 0.037669 0.04524
0.074811 0.03767 0.059594
0.077734 0.037678 0.088118
0.093799 0.037679 0.073761
0.091112 0.037683 0.088033
0.070864 0.037684 0.10613
0.071811 0.037696 0.12888
0.08462 0.037688 0.10854
0.088693 0.037697 0.12191
0.069296 0.037703 0.13974
0.088688 0.037705 0.13599
0.091807 0.03772 0.15728
0.071147 0.037726 0.17532
0.067171 0.037737 0.19018
0.093075 0.037732 0.17491
0.093397 0.037744 0.19003
0.076078 0.037752 0.20498
0.074632 0.037766 0.22184
0.087229 0.03776 0.20992
0.09508 0.037773 0.22538
0.068427 0.03778 0.24295
0.070865 0.037786 0.24931
0.083727 0.037784 0.24335
0.087882 0.037792 0.25143
0.074325 0.037804 0.27206
0.073273 0.037817 0.28943
0.093013 0.037808 0.27183
0.066553 0.037828 0.30611
0.066753 0.037839 0.32522
0.089997 0.037829 0.30434
0.087778 0.037842 0.32558
0.069306 0.037849 0.34435
0.086762 0.037849 0.34003
0.085459 0.037856 0.35503
0.073622 0.037862 0.3783
0.088323 0.03786 0.37147
0.091772 0.03786 0.38334
0.067396 0.037868 0.40999
0.071228 0.037868 0.42333
0.090043 0.037863 0.41222
0.083526 0.037872 0.41884
0.067299 0.037869 0.44551
0.081139 0.03787 0.43741
0.082427 0.037869 0.45653
0.071985 0.037863 0.47451
0.075929 0.037859 0.48513
0.087237 0.03786 0.48048
0.086507 0.037857 0.49143
0.067331 0.037857 0.50297
0.082813 0.037849 0.52014
0.075047 0.03784 0.53689
0.070228 0.037833 0.56512
0.080241 0.03783 0.56283
0.072003 0.03783 0.57128
0.067845 0.037823 0.59996
0.083168 0.037831 0.57161
0.08585 0.037821 0.59537
0.072653 0.037809 0.62973
0.087495 0.037811 0.61301
0.092406 0.037801 0.62244
0.07153 0.037802 0.64279
0.09058 0.037786 0.66602
0.067133 0.03778 0.68244
0.084234 0.037787 0.67498
0.087334 0.037773 0.6946
0.074936 0.03776 0.71235
0.066631 0.037743 0.73323
0.089226 0.037751 0.72502
0.070031 0.037734 0.74589
0.074938 0.037724 0.75822
0.08655 0.037738 0.7421
0.083777 0.037721 0.76303
0.070493 0.037709 0.77413
0.072218 0.037686 0.80004
0.092824 0.037703 0.78583
0.071669 0.037669 0.81701
0.079415 0.037663 0.82453
0.091831 0.037682 0.80797
0.089188 0.037658 0.83358
0.074075 0.037646 0.84355
0.074065 0.037628 0.86315
0.089241 0.037627 0.86711
0.076294 0.037606 0.88442
0.087907 0.037619 0.87546
0.084773 0.037603 0.89221
0.070896 0.037606 0.91186
0.076063 0.037692 0.93317
0.088514 0.037597 0.90482
0.070146 0.03778 0.94059
0.08501 0.037743 0.94863
0.11008 0.037677 0.03903
0.1055 0.037679 0.057393
0.12599 0.037685 0.037875
0.12147 0.037683 0.052208
0.10228 0.037681 0.068387
0.10656 0.037692 0.094308
0.1235 0.0377 0.096426
0.10492 0.037697 0.11024
0.11285 0.03771 0.12847
0.1243 0.037709 0.11804
0.10663 0.037715 0.14091
0.10161 0.037722 0.15557
0.1253 0.037732 0.15532
0.10641 0.037735 0.17237
0.10498 0.037745 0.18705
0.12602 0.037739 0.16627
0.11706 0.037754 0.193
0.11084 0.037768 0.21608
0.11586 0.037759 0.20023
0.1146 0.037777 0.22638
0.10357 0.037783 0.2377
0.098447 0.037796 0.2555
0.1181 0.037786 0.23666
0.10379 0.037809 0.27297
0.10327 0.037817 0.2857
0.11701 0.037814 0.27639
0.12464 0.037815 0.28278
0.10347 0.037825 0.30329
0.10378 0.037835 0.32583
0.12371 0.037825 0.30838
0.11262 0.037832 0.31739
0.10065 0.037839 0.33369
0.10145 0.037846 0.35846
0.11151 0.037842 0.35327
0.095994 0.037852 0.36558
0.11191 0.037845 0.36988
0.11756 0.037849 0.39396
0.099121 0.037852 0.39883
0.098975 0.037849 0.42602
0.10937 0.037837 0.42631
0.095434 0.037854 0.43846
0.096386 0.037851 0.45046
0.11009 0.037835 0.44518
0.11187 0.037833 0.45774
0.095815 0.037846 0.47132
0.10376 0.037827 0.48802
0.11301 0.03783 0.47288
0.11871 0.037825 0.49019
0.10028 0.037828 0.50414
0.096065 0.037828 0.52586
0.11599 0.037813 0.52634
0.10181 0.037816 0.53854
0.097647 0.037817 0.56005
0.118 0.037807 0.544
0.09588 0.037811 0.58277
0.098056 0.037804 0.59578
0.11495 0.037797 0.57663
0.11652 0.037789 0.60164
0.10587 0.037786 0.6173
0.10608 0.037783 0.6272
0.12224 0.037773 0.63256
0.10342 0.037781 0.6462
0.10317 0.037778 0.65921
0.11611 0.037779 0.64094
0.11342 0.03777 0.66802
0.10227 0.037771 0.68454
0.11887 0.037766 0.68446
0.10528 0.037745 0.7298
0.12362 0.037751 0.70839
0.12516 0.037738 0.73584
0.099908 0.037738 0.74068
0.104 0.037725 0.75715
0.11822 0.03772 0.76559
0.10564 0.037711 0.77642
0.12606 0.03771 0.7807
0.11616 0.0377 0.79269
0.10788 0.037664 0.83147
0.11631 0.037688 0.80666
0.11985 0.037663 0.83564
0.10928 0.037655 0.84144
0.12493 0.037657 0.84499
0.12495 0.037645 0.85867
0.1081 0.037623 0.87834
0.11195 0.037612 0.89506
0.1281 0.037622 0.88542
0.12187 0.037613 0.90009
0.10311 0.037599 0.91223
0.12139 0.037605 0.91478
0.11995 0.03767 0.92806
0.10473 0.037734 0.94055
0.13001 0.03786 0.94815
0.1286 0.033374 0.96475
0.1411 0.037695 0.03976
0.1564 0.037703 0.035254
0.15799 0.037705 0.053211
0.13368 0.037698 0.076088
0.13879 0.037706 0.095137
0.15165 0.037706 0.071739
0.15579 0.037714 0.090131
0.1383 0.03771 0.10612
0.13978 0.037715 0.11737
0.15024 0.037717 0.1106
0.15441 0.037722 0.11607
0.13295 0.037724 0.1373
0.13355 0.037738 0.15881
0.15781 0.037746 0.15203
0.13181 0.037749 0.1775
0.1553 0.037756 0.17155
0.15381 0.037763 0.18308
0.13365 0.037768 0.20445
0.13887 0.037782 0.22408
0.15589 0.037775 0.20517
0.1319 0.037787 0.2368
0.14104 0.037795 0.25188
0.14736 0.037787 0.2295
0.15385 0.0378 0.25753
0.1335 0.037803 0.26632
0.13232 0.037813 0.28829
0.15096 0.037804 0.26552
0.14718 0.037812 0.28456
0.13924 0.037813 0.30203
0.12751 0.037825 0.31334
0.15208 0.037813 0.29567
0.14384 0.037818 0.31933
0.12925 0.037832 0.34194
0.13762 0.037825 0.34856
0.14811 0.037822 0.3298
0.13414 0.037826 0.37337
0.1288 0.037833 0.38245
0.15034 0.037824 0.37593
0.12556 0.037835 0.42169
0.13866 0.037818 0.42537
0.13255 0.037815 0.44121
0.12643 0.03782 0.45507
0.14396 0.037808 0.44404
0.14245 0.037801 0.45396
0.12729 0.037813 0.47083
0.12582 0.037809 0.48759
0.14443 0.037796 0.47356
0.13455 0.037766 0.5111
0.13399 0.03776 0.52532
0.15074 0.03776 0.50295
0.12821 0.037771 0.54658
0.13465 0.037746 0.5685
0.14166 0.037733 0.55116
0.15097 0.037738 0.55593
0.13562 0.037741 0.58469
0.1309 0.037756 0.59724
0.1504 0.037729 0.58495
0.14928 0.037733 0.59707
0.13033 0.037759 0.61419
0.13306 0.037755 0.63161
0.15123 0.037737 0.61924
0.14669 0.037743 0.62923
0.13649 0.03775 0.66295
0.15504 0.037731 0.64848
0.14578 0.037744 0.66444
0.1341 0.037752 0.67604
0.13997 0.037742 0.69662
0.14408 0.037743 0.67999
0.14658 0.03774 0.70428
0.12902 0.037747 0.70761
0.14014 0.037732 0.73558
0.15089 0.03774 0.71082
0.14677 0.037733 0.73554
0.14026 0.037728 0.75107
0.13436 0.037718 0.76836
0.15225 0.037731 0.74219
0.15591 0.037722 0.75873
0.13747 0.037699 0.79541
0.15038 0.037714 0.77899
0.15204 0.037699 0.80137
0.14292 0.037691 0.80944
0.14065 0.037674 0.83068
0.1609 0.03769 0.81736
0.15365 0.037678 0.83125
0.13908 0.037659 0.84987
0.14576 0.037646 0.86513
0.15835 0.037667 0.84901
0.15869 0.037651 0.86461
0.13618 0.03763 0.87937
0.1558 0.03763 0.88391
0.15465 0.037631 0.90088
0.13483 0.03761 0.91194
0.14011 0.03773 0.93146
0.15705 0.037644 0.91436
0.1549 0.037737 0.92859
0.13666 0.03513 0.95381
0.15882 0.037898 0.94325
0.1587 0.033445 0.96194
0.16996 0.03771 0.044748
0.17673 0.037718 0.060948
0.18598 0.03772 0.04541
0.18498 0.037721 0.054896
0.16954 0.037718 0.075974
0.17313 0.037726 0.091471
0.18837 0.037731 0.07737
0.18793 0.037736 0.092403
0.1684 0.037727 0.10532
0.1722 0.037739 0.12789
0.18252 0.037737 0.10657
0.18923 0.037745 0.11699
0.17057 0.037743 0.1397
0.17694 0.037753 0.1527
0.1851 0.037753 0.14394
0.18928 0.037758 0.14899
0.17562 0.037771 0.19164
0.18761 0.037767 0.17034
0.1827 0.037774 0.18685
0.17081 0.037784 0.22451
0.18364 0.037778 0.19934
0.18226 0.037786 0.21746
0.16824 0.037789 0.23687
0.16981 0.037794 0.25483
0.18161 0.037795 0.24621
0.18221 0.037793 0.2674
0.17735 0.037796 0.28581
0.16033 0.037806 0.29464
0.16579 0.037801 0.31165
0.1789 0.037795 0.30538
0.18066 0.037791 0.32211
0.15812 0.037805 0.33964
0.16049 0.0378 0.34659
0.1743 0.037781 0.33429
0.17685 0.037779 0.34396
0.16548 0.037781 0.36974
0.17482 0.037769 0.37253
0.17143 0.037758 0.39023
0.1613 0.037767 0.42621
0.17907 0.037755 0.40253
0.17954 0.037746 0.42227
0.16149 0.037755 0.43947
0.16278 0.037736 0.45464
0.1762 0.037728 0.4364
0.17084 0.0377 0.46132
0.16 0.03773 0.48867
0.17279 0.037682 0.47999
0.17594 0.037675 0.48826
0.15922 0.037723 0.50421
0.15929 0.037708 0.53201
0.1781 0.037685 0.51079
0.17575 0.037673 0.53269
0.15953 0.037703 0.54705
0.17151 0.037664 0.56482
0.16724 0.037669 0.58154
0.15828 0.037705 0.59412
0.17984 0.037651 0.58765
0.17408 0.037651 0.59949
0.16713 0.037672 0.61073
0.16124 0.037704 0.632
0.17486 0.03765 0.60898
0.17485 0.037659 0.62792
0.16161 0.037713 0.65059
0.16365 0.03771 0.66059
0.18611 0.037679 0.65524
0.18668 0.037681 0.66686
0.16394 0.037716 0.67859
0.16316 0.03772 0.69447
0.17634 0.037693 0.67663
0.1795 0.037702 0.69664
0.16955 0.03772 0.72178
0.16653 0.037722 0.73344
0.17934 0.03771 0.70967
0.18033 0.037716 0.7386
0.17313 0.037717 0.7529
0.16658 0.037716 0.76042
0.18168 0.037718 0.75246
0.16648 0.037704 0.79532
0.18612 0.037711 0.77576
0.18608 0.037702 0.80218
0.17189 0.037696 0.81013
0.18496 0.037695 0.81817
0.18689 0.037686 0.83294
0.17699 0.037676 0.84307
0.16843 0.03766 0.8594
0.186 0.037677 0.85017
0.18427 0.037669 0.85717
0.16695 0.037638 0.87867
0.16727 0.037644 0.89521
0.19224 0.037654 0.87392
0.19183 0.037654 0.8936
0.17012 0.037828 0.93249
0.18493 0.037892 0.93373
0.18004 0.034659 0.9549
0.18677 0.037977 0.9415
0.19219 0.033942 0.95728
0.20041 0.037731 0.044135
0.20855 0.037739 0.058074
0.22193 0.037747 0.034942
0.21999 0.037747 0.055828
0.2072 0.037741 0.068034
0.20382 0.037744 0.087516
0.22433 0.037753 0.07
0.22073 0.037755 0.091985
0.20924 0.03775 0.099315
0.20291 0.037755 0.12498
0.22573 0.03776 0.099653
0.21731 0.037762 0.11937
0.20157 0.03776 0.13992
0.19652 0.037769 0.17091
0.2062 0.037779 0.18634
0.22271 0.037772 0.16913
0.2248 0.037775 0.17975
0.20115 0.037779 0.19696
0.21832 0.037779 0.1961
0.20512 0.037776 0.23392
0.21871 0.037775 0.22818
0.21495 0.037779 0.25163
0.19703 0.037771 0.26896
0.19207 0.037777 0.2774
0.2149 0.03777 0.2622
0.20766 0.037755 0.28076
0.19878 0.037751 0.30187
0.19588 0.037753 0.32195
0.20496 0.037732 0.31008
0.18948 0.03777 0.32807
0.19293 0.037747 0.35129
0.20487 0.037729 0.32679
0.21304 0.037724 0.34366
0.19587 0.037732 0.36124
0.19265 0.037732 0.38006
0.20691 0.037723 0.359
0.19999 0.03771 0.38689
0.1908 0.037727 0.40619
0.19867 0.0377 0.40278
0.19172 0.037704 0.43122
0.18501 0.037694 0.45831
0.20445 0.037672 0.43334
0.20617 0.037643 0.45259
0.19093 0.037659 0.47073
0.1943 0.03763 0.49183
0.19824 0.037619 0.47929
0.20262 0.037615 0.49301
0.1905 0.037681 0.5133
0.19276 0.037672 0.52704
0.19416 0.037647 0.54395
0.19527 0.037633 0.55818
0.20581 0.03755 0.55939
0.19333 0.037616 0.58781
0.18938 0.037637 0.59957
0.21006 0.037505 0.58633
0.2097 0.037521 0.59298
0.18985 0.037634 0.61214
0.19132 0.037647 0.63705
0.21514 0.037587 0.63746
0.19147 0.037658 0.65358
0.20064 0.037627 0.66022
0.2143 0.037593 0.64613
0.20112 0.037642 0.67857
0.19555 0.037675 0.70065
0.21208 0.037624 0.68012
0.21052 0.03765 0.7022
0.19458 0.037689 0.71448
0.19457 0.037697 0.73357
0.21106 0.03767 0.71662
0.21342 0.03767 0.72788
0.19868 0.037702 0.76547
0.21455 0.037694 0.75422
0.19831 0.037704 0.78695
0.20536 0.037698 0.79884
0.21567 0.0377 0.77844
0.20095 0.037686 0.83702
0.22315 0.037694 0.82186
0.22027 0.03769 0.83626
0.20172 0.037681 0.8512
0.20536 0.03767 0.86463
0.2189 0.037689 0.84267
0.22059 0.037678 0.86407
0.20465 0.037656 0.88003
0.2073 0.037657 0.89754
0.21726 0.037665 0.88186
0.22223 0.037657 0.90063
0.21178 0.037954 0.93217
0.22221 0.037664 0.91857
0.20095 0.038243 0.94933
0.21192 0.033412 0.96317
0.2193 0.038317 0.94599
0.2199 0.033776 0.95846
0.23239 0.037754 0.034947
0.23591 0.037759 0.0606
0.24959 0.037765 0.042167
0.25763 0.037772 0.055372
0.23756 0.037761 0.066569
0.23377 0.037762 0.082921
0.25339 0.037773 0.074281
0.25658 0.037777 0.083384
0.24281 0.037774 0.11597
0.25281 0.037776 0.098724
0.248 0.037777 0.12238
0.23202 0.037773 0.14058
0.25112 0.037779 0.13491
0.25659 0.037782 0.15073
0.23164 0.037771 0.17104
0.24116 0.037772 0.18539
0.24885 0.037773 0.17069
0.25442 0.037773 0.17974
0.23374 0.037763 0.20428
0.22656 0.037767 0.22206
0.25045 0.037763 0.19901
0.2254 0.037763 0.23676
0.23187 0.037752 0.24204
0.2326 0.037729 0.26482
0.23066 0.03772 0.28472
0.25099 0.037684 0.27306
0.24873 0.037664 0.29657
0.24452 0.03766 0.31134
0.22057 0.037703 0.34597
0.23928 0.037651 0.33245
0.24362 0.037659 0.34909
0.22293 0.037693 0.35766
0.23374 0.037637 0.36259
0.2285 0.037662 0.37842
0.21388 0.037717 0.4009
0.22284 0.037675 0.41521
0.23087 0.037649 0.39238
0.2195 0.037647 0.43119
0.21943 0.037612 0.45227
0.23541 0.037589 0.43438
0.234 0.037553 0.4551
0.21523 0.037627 0.47818
0.23015 0.037593 0.47326
0.2375 0.037599 0.48814
0.22855 0.037502 0.50942
0.23383 0.037312 0.53522
0.22297 0.037484 0.5518
0.21958 0.03749 0.57027
0.22993 0.037472 0.59684
0.23881 0.037462 0.60489
0.23315 0.037487 0.61565
0.22919 0.037519 0.64082
0.23965 0.037416 0.61995
0.24409 0.037438 0.63638
0.22538 0.037552 0.65535
0.23344 0.037529 0.66565
0.24358 0.037492 0.65742
0.24453 0.037513 0.67189
0.23317 0.037573 0.68865
0.25156 0.037556 0.69725
0.23315 0.037634 0.72446
0.24453 0.037614 0.7155
0.24615 0.037629 0.73512
0.23281 0.037663 0.74798
0.23042 0.037677 0.76543
0.24729 0.037656 0.75387
0.25632 0.037659 0.77091
0.22801 0.037697 0.78532
0.23664 0.03769 0.79794
0.2521 0.037678 0.78012
0.23743 0.037693 0.81338
0.2551 0.037689 0.81537
0.24902 0.037689 0.83424
0.23924 0.037689 0.84965
0.23502 0.037682 0.86507
0.23376 0.037674 0.8832
0.23275 0.037663 0.89258
0.25514 0.037685 0.8818
0.24296 0.037662 0.91729
0.23379 0.037946 0.93354
0.24879 0.037668 0.90808
0.25741 0.037948 0.93537
0.241 0.033451 0.96206
0.25272 0.038039 0.94036
0.27375 0.037781 0.055687
0.29384 0.037793 0.059959
0.27534 0.037785 0.078016
0.26846 0.037784 0.092369
0.29232 0.037794 0.072729
0.26931 0.037783 0.10673
0.28868 0.037792 0.10165
0.28368 0.037789 0.11992
0.26954 0.037781 0.13279
0.26651 0.03778 0.15288
0.29084 0.037782 0.13412
0.292 0.037778 0.15341
0.26259 0.037771 0.16538
0.2675 0.037764 0.17775
0.28288 0.037752 0.18708
0.26991 0.037741 0.20967
0.28522 0.037742 0.19196
0.28241 0.037724 0.21617
0.26376 0.037688 0.25153
0.28248 0.037687 0.22999
0.28356 0.037671 0.24808
0.27744 0.037656 0.25582
0.25685 0.037635 0.2973
0.25916 0.037618 0.3061
0.28338 0.03758 0.30804
0.25389 0.037632 0.32559
0.2563 0.037645 0.348
0.2675 0.037566 0.33041
0.26892 0.037567 0.34259
0.25355 0.037649 0.35431
0.25017 0.037564 0.37524
0.26724 0.037563 0.36303
0.24528 0.037561 0.3992
0.24243 0.037588 0.41625
0.26076 0.037472 0.40333
0.25606 0.037504 0.4209
0.24394 0.03753 0.4592
0.25576 0.037485 0.4301
0.26978 0.037515 0.44883
0.24288 0.03752 0.47367
0.24782 0.037422 0.48995
0.26466 0.037296 0.48182
0.24822 0.03718 0.51276
0.25935 0.037305 0.54098
0.25177 0.037364 0.54658
0.26082 0.03749 0.58067
0.26133 0.037594 0.56048
0.27588 0.037935 0.5767
0.26551 0.037507 0.58805
0.25851 0.037317 0.61075
0.27478 0.037613 0.59284
0.27808 0.037367 0.60325
0.26589 0.037261 0.62042
0.26287 0.037405 0.63714
0.2827 0.037253 0.6304
0.26359 0.037427 0.65494
0.26092 0.037455 0.67117
0.2773 0.037346 0.65398
0.27881 0.037397 0.67191
0.26021 0.037478 0.67974
0.26745 0.037496 0.70154
0.28455 0.037447 0.68207
0.27877 0.037489 0.70917
0.26475 0.037548 0.72294
0.26839 0.037548 0.73115
0.28647 0.037542 0.73583
0.27166 0.037619 0.75838
0.26824 0.037646 0.77468
0.28615 0.037599 0.75178
0.26263 0.037666 0.7822
0.27126 0.037662 0.80024
0.28849 0.037643 0.78755
0.28493 0.037661 0.80467
0.28697 0.037681 0.8215
0.28007 0.037689 0.83632
0.27304 0.037693 0.85316
0.29137 0.037692 0.85105
0.28371 0.037691 0.86555
0.2677 0.037683 0.88621
0.27744 0.037687 0.8984
0.28886 0.037689 0.88586
0.28195 0.037689 0.89945
0.29328 0.037698 0.91484
0.29072 0.037861 0.9308
0.27382 0.0382 0.94897
0.2766 0.034068 0.95685
0.29342 0.037973 0.93982
0.28204 0.033496 0.96105
0.3 0.037795 0.044916
0.30339 0.037799 0.057514
0.32636 0.037808 0.043781
0.32743 0.03781 0.057233
0.30173 0.037799 0.077867
0.30564 0.037803 0.084995
0.32213 0.037808 0.06862
0.3179 0.037805 0.091166
0.30344 0.037795 0.10506
0.30103 0.03779 0.12214
0.32594 0.037803 0.10016
0.31616 0.037795 0.11973
0.29935 0.037777 0.13964
0.30226 0.037779 0.15046
0.31904 0.037775 0.13808
0.31976 0.037775 0.14704
0.29986 0.037748 0.17067
0.30244 0.037734 0.18468
0.31984 0.037745 0.16478
0.30322 0.037684 0.2132
0.32385 0.037666 0.19941
0.32238 0.037651 0.20741
0.29382 0.037646 0.23303
0.30055 0.037605 0.24315
0.31082 0.037563 0.24799
0.29873 0.037599 0.25557
0.29218 0.037576 0.27687
0.30893 0.037554 0.25565
0.31479 0.037487 0.27217
0.29164 0.037547 0.29517
0.29097 0.03756 0.30389
0.30887 0.037467 0.29622
0.30899 0.037464 0.30326
0.29417 0.037595 0.31921
0.28171 0.037558 0.34344
0.30588 0.03754 0.32544
0.31175 0.037574 0.34021
0.28595 0.037553 0.34789
0.27283 0.037536 0.37774
0.2961 0.037551 0.35563
0.29736 0.037752 0.36833
0.27073 0.037439 0.40069
0.27846 0.037462 0.41154
0.28275 0.037628 0.39467
0.28907 0.037592 0.41462
0.27768 0.03737 0.43559
0.27893 0.037565 0.45315
0.29421 0.037507 0.43311
0.30247 0.03756 0.44567
0.28478 0.036984 0.4759
0.2995 0.036988 0.46499
0.28813 0.03693 0.48438
0.27838 0.037099 0.49843
0.27214 0.037154 0.52659
0.28886 0.037132 0.50127
0.27937 0.038726 0.55472
0.29997 0.038573 0.58245
0.29448 0.037696 0.59331
0.35199 0.037036 0.56462
0.29883 0.037157 0.61833
0.29474 0.037335 0.63335
0.316 0.036949 0.62631
0.3106 0.037192 0.66461
0.31345 0.037272 0.68145
0.31945 0.037456 0.71305
0.32094 0.03745 0.73089
0.31386 0.037505 0.74159
0.29859 0.037562 0.74941
0.3055 0.03757 0.7689
0.31725 0.037518 0.75745
0.31549 0.037571 0.77425
0.30594 0.037624 0.78818
0.29852 0.037641 0.80107
0.31329 0.037616 0.79265
0.31393 0.037641 0.80849
0.29736 0.037666 0.81406
0.31662 0.037661 0.83501
0.30019 0.037687 0.84853
0.30693 0.037689 0.86573
0.29985 0.03769 0.88839
0.30767 0.037691 0.89612
0.31941 0.037696 0.87823
0.31791 0.037693 0.90255
0.30097 0.037698 0.91811
0.31042 0.037813 0.93366
0.32731 0.037698 0.91167
0.31834 0.037758 0.92774
0.30172 0.038024 0.94819
0.32079 0.037945 0.94587
0.3378 0.037813 0.040351
0.3368 0.037814 0.054748
0.36155 0.037823 0.04041
0.35087 0.037821 0.050609
0.33702 0.037813 0.071727
0.33637 0.037815 0.083591
0.35195 0.037819 0.081409
0.33808 0.037804 0.10144
0.33272 0.037798 0.11822
0.35268 0.0378 0.11712
0.33531 0.037777 0.13435
0.3393 0.037768 0.14619
0.35163 0.037771 0.13601
0.35822 0.037759 0.14423
0.33952 0.037734 0.16328
0.33938 0.037709 0.17371
0.34677 0.037742 0.15908
0.35162 0.037703 0.17343
0.33158 0.037675 0.19283
0.32974 0.037629 0.21266
0.34735 0.037661 0.19195
0.33694 0.037565 0.22565
0.33278 0.037493 0.24869
0.34757 0.037521 0.22819
0.35491 0.037451 0.24387
0.33929 0.03738 0.26585
0.33685 0.037349 0.27531
0.35419 0.037391 0.26399
0.34759 0.037308 0.27218
0.32916 0.037416 0.28795
0.32991 0.03741 0.30946
0.348 0.037261 0.29063
0.3424 0.037227 0.31078
0.33476 0.037379 0.31581
0.32003 0.037554 0.33343
0.33947 0.03732 0.324
0.33936 0.037712 0.34966
0.33019 0.038283 0.37217
0.2973 0.03811 0.38905
0.29975 0.038011 0.41332
0.31065 0.038434 0.37993
0.30697 0.038042 0.43149
0.31256 0.038787 0.42448
0.31252 0.036754 0.46567
0.30476 0.036411 0.49053
0.32761 0.035687 0.49081
0.29678 0.036962 0.50446
0.29825 0.036946 0.50744
0.29794 0.041247 0.55324
0.3222 0.038963 0.57648
0.3037 0.040241 0.5693
0.34905 0.039239 0.54864
0.36628 0.038054 0.54508
0.35456 0.036636 0.57341
0.3427 0.036714 0.58942
0.32142 0.036719 0.63448
0.34918 0.036347 0.59412
0.33781 0.036423 0.64552
0.33128 0.037003 0.67139
0.32163 0.037226 0.68366
0.34619 0.036867 0.66999
0.34355 0.037084 0.68343
0.32702 0.03741 0.70895
0.34857 0.037157 0.69335
0.35486 0.037288 0.71372
0.32605 0.037429 0.72498
0.33498 0.037392 0.73682
0.35232 0.037304 0.72514
0.34516 0.037407 0.74582
0.33398 0.037457 0.75218
0.33553 0.037541 0.77764
0.34827 0.037423 0.75701
0.3511 0.037485 0.773
0.34926 0.037549 0.78934
0.35035 0.037592 0.81052
0.34183 0.03762 0.82297
0.33109 0.037638 0.83003
0.35154 0.037629 0.83413
0.34201 0.037677 0.85133
0.34003 0.037686 0.86753
0.359 0.037656 0.84578
0.35849 0.037679 0.86871
0.33459 0.037698 0.88528
0.33812 0.037695 0.89878
0.35111 0.03769 0.89392
0.34339 0.03771 0.91559
0.33695 0.037877 0.93217
0.35112 0.037724 0.91861
0.3512 0.037882 0.9296
0.34322 0.03807 0.94241
0.33539 0.033612 0.95955
0.35798 0.038082 0.94225
0.35044 0.033411 0.9632
0.36844 0.037825 0.035014
0.3782 0.037829 0.054629
0.38717 0.037831 0.040421
0.38819 0.037828 0.067912
0.39175 0.037822 0.088188
0.36762 0.037807 0.10004
0.37782 0.037798 0.11208
0.3907 0.037804 0.10319
0.3853 0.037798 0.11143
0.36648 0.037759 0.13853
0.3675 0.03775 0.15141
0.39043 0.037764 0.13228
0.3739 0.037716 0.16105
0.36838 0.037689 0.17268
0.38892 0.037658 0.18324
0.36892 0.037646 0.19088
0.37199 0.037551 0.20697
0.38399 0.037594 0.19602
0.3837 0.037539 0.20543
0.36703 0.037442 0.23198
0.36461 0.037415 0.24365
0.39098 0.037447 0.22431
0.38786 0.037325 0.2476
0.36398 0.037378 0.26042
0.36632 0.03718 0.28473
0.38809 0.037263 0.26551
0.37845 0.037122 0.28154
0.37704 0.037348 0.3106
0.38651 0.03708 0.29677
0.38683 0.037315 0.30929
0.36527 0.037179 0.31901
0.36869 0.037071 0.33444
0.34149 0.037887 0.35938
0.38263 0.037109 0.34072
0.33515 0.038949 0.38218
0.34338 0.038485 0.37846
0.32867 0.039707 0.39078
0.32404 0.039931 0.42941
0.33963 0.040144 0.44047
0.31957 0.040128 0.41395
0.34915 0.040513 0.44209
0.34824 0.037698 0.46096
0.34489 0.035807 0.49368
0.30022 0.038104 0.52743
0.30206 0.040916 0.56257
0.30508 0.037834 0.52614
0.30603 0.040826 0.56386
0.35395 0.040428 0.53792
0.36226 0.039859 0.53446
0.38402 0.037964 0.55208
0.35938 0.036254 0.58656
0.39407 0.03771 0.56032
0.35023 0.036609 0.62985
0.34309 0.036442 0.64589
0.34748 0.036606 0.65595
0.36107 0.036656 0.65233
0.38458 0.036746 0.65093
0.35871 0.036888 0.6718
0.36618 0.03707 0.68586
0.41126 0.036393 0.61552
0.40817 0.036442 0.63799
0.36595 0.037187 0.6953
0.39179 0.036814 0.67394
0.38813 0.036992 0.70044
0.37705 0.037267 0.7397
0.39323 0.037039 0.7171
0.38573 0.037247 0.73967
0.37332 0.037357 0.7616
0.36414 0.03742 0.76791
0.38129 0.037324 0.75798
0.37604 0.037478 0.79085
0.37333 0.037549 0.80883
0.3827 0.037455 0.78577
0.37275 0.037585 0.81846
0.36662 0.037631 0.83938
0.36988 0.037653 0.84714
0.36884 0.037667 0.86409
0.38414 0.037645 0.84768
0.38607 0.03767 0.87191
0.37173 0.037689 0.88308
0.3674 0.037698 0.90148
0.38948 0.037704 0.90504
0.37147 0.037719 0.91548
0.37845 0.037913 0.93344
0.38496 0.037723 0.91498
0.39214 0.037936 0.93589
0.3756 0.038078 0.9451
0.36978 0.034394 0.95581
0.38863 0.038066 0.94573
0.39491 0.034136 0.95652
0.41235 0.037838 0.036374
0.41802 0.037839 0.040715
0.41898 0.037836 0.061567
0.40233 0.037827 0.076803
0.42417 0.037833 0.069593
0.42915 0.037825 0.0888
0.41163 0.037807 0.10128
0.40169 0.037798 0.11205
0.41909 0.037809 0.099049
0.41843 0.037794 0.11849
0.40796 0.037751 0.13655
0.40252 0.037734 0.15227
0.42294 0.037739 0.1434
0.4058 0.037696 0.16077
0.40416 0.037643 0.18078
0.41694 0.037663 0.16639
0.41909 0.037639 0.17287
0.40797 0.037477 0.21574
0.42039 0.037542 0.19567
0.42543 0.037492 0.20251
0.39451 0.037389 0.22993
0.40599 0.037256 0.24942
0.42447 0.037443 0.22127
0.4048 0.037179 0.26726
0.40116 0.037129 0.27606
0.42018 0.036942 0.28614
0.40847 0.036968 0.3079
0.40003 0.037073 0.31519
0.41795 0.036897 0.29734
0.41508 0.036904 0.32073
0.40085 0.036985 0.32416
0.4055 0.036871 0.33092
0.42855 0.036108 0.3446
0.41819 0.036542 0.34292
0.39184 0.036883 0.35432
0.43089 0.036196 0.36873
0.35332 0.037359 0.36913
0.33996 0.04007 0.3949
0.4001 0.036451 0.37375
0.36464 0.036339 0.37149
0.32485 0.041019 0.40613
0.33654 0.041358 0.4295
0.34994 0.038704 0.39282
0.3663 0.039767 0.45015
0.34805 0.035784 0.4954
0.35971 0.039382 0.44008
0.33275 0.035697 0.5172
0.31681 0.036712 0.52473
0.30751 0.041663 0.55291
0.31467 0.037175 0.53204
0.31668 0.040027 0.56166
0.38555 0.041121 0.54032
0.39896 0.037384 0.5768
0.35558 0.036926 0.62991
0.45957 0.037773 0.56231
0.39858 0.036759 0.62181
0.43111 0.036924 0.58791
0.46415 0.037763 0.55923
0.42146 0.036544 0.60051
0.41488 0.03638 0.64224
0.42216 0.036227 0.61608
0.42284 0.036307 0.6591
0.40193 0.036718 0.67792
0.4048 0.036847 0.69271
0.42518 0.03674 0.68494
0.42506 0.036894 0.70358
0.40847 0.037055 0.72093
0.40292 0.037179 0.73425
0.42167 0.037129 0.73266
0.40117 0.037325 0.76807
0.42025 0.037209 0.75605
0.41422 0.037325 0.77205
0.40567 0.037416 0.78918
0.39762 0.037517 0.80841
0.42321 0.037388 0.79115
0.42639 0.037475 0.80656
0.41042 0.037548 0.82674
0.42765 0.037522 0.81927
0.41516 0.037566 0.83512
0.40096 0.03763 0.84882
0.42119 0.037656 0.87006
0.41006 0.037686 0.888
0.40559 0.037701 0.90466
0.42525 0.03768 0.88854
0.41993 0.037685 0.89682
0.40732 0.037717 0.91421
0.40544 0.037916 0.93533
0.42509 0.037869 0.93332
0.39997 0.038081 0.94807
0.416 0.037987 0.9423
0.42609 0.033447 0.96202
0.43618 0.037842 0.040781
0.44206 0.03784 0.058931
0.45589 0.037844 0.043967
0.43603 0.037834 0.068239
0.43635 0.037828 0.08705
0.46383 0.037829 0.076139
0.45731 0.037821 0.090607
0.43248 0.037792 0.11303
0.46128 0.037809 0.096892
0.44323 0.037752 0.13135
0.43502 0.037738 0.14609
0.45223 0.037745 0.13309
0.46189 0.037734 0.147
0.44347 0.037697 0.15885
0.43973 0.03762 0.17853
0.45863 0.037657 0.16525
0.45552 0.037605 0.18156
0.44235 0.037544 0.19279
0.43646 0.037482 0.20412
0.44957 0.037473 0.21115
0.4325 0.037429 0.22537
0.42792 0.03729 0.24032
0.44665 0.037449 0.2235
0.42935 0.037208 0.25167
0.42818 0.03705 0.27078
0.45126 0.037072 0.25897
0.4549 0.036845 0.27152
0.42479 0.036863 0.29284
0.43567 0.036599 0.29654
0.44333 0.036355 0.30661
0.43848 0.035936 0.35521
0.45861 0.036725 0.40256
0.43441 0.036577 0.3149
0.43164 0.036363 0.33286
0.45911 0.037912 0.41765
0.4334 0.03668 0.38022
0.4397 0.036249 0.33881
0.46381 0.038744 0.42033
0.45502 0.039928 0.4267
0.35827 0.035966 0.38116
0.33143 0.039775 0.40912
0.41776 0.036115 0.37767
0.40479 0.033942 0.39684
0.3497 0.039281 0.43293
0.36239 0.034692 0.4833
0.35987 0.03372 0.51051
0.31594 0.036917 0.54271
0.3323 0.038342 0.55545
0.31934 0.036165 0.54672
0.41358 0.035711 0.57137
0.36158 0.036419 0.61243
0.40082 0.037099 0.60556
0.37464 0.035955 0.62367
0.45431 0.037225 0.56296
0.46403 0.04102 0.54363
0.46382 0.041921 0.53193
0.4401 0.035947 0.59821
0.42796 0.036109 0.61124
0.45311 0.035453 0.62567
0.49189 0.035215 0.59013
0.4363 0.036198 0.65718
0.43517 0.036471 0.66694
0.47899 0.035276 0.61312
0.4622 0.035764 0.63598
0.43545 0.036758 0.68654
0.44255 0.036755 0.69775
0.45619 0.036621 0.69117
0.43794 0.036996 0.71846
0.44191 0.037069 0.73779
0.45078 0.036851 0.71314
0.45439 0.03705 0.74067
0.4439 0.03712 0.75041
0.43208 0.037292 0.77284
0.45566 0.037131 0.75605
0.45232 0.037264 0.77327
0.43637 0.037359 0.78859
0.43788 0.037482 0.80963
0.45071 0.037345 0.79222
0.46212 0.037459 0.81133
0.4401 0.037534 0.83234
0.4515 0.037502 0.82667
0.45144 0.037542 0.83549
0.44186 0.037608 0.84793
0.43506 0.037651 0.86997
0.461 0.037608 0.84877
0.43755 0.037674 0.87953
0.43831 0.037679 0.89859
0.45101 0.037666 0.88951
0.45878 0.037685 0.9024
0.4451 0.037716 0.92052
0.44511 0.037827 0.93187
0.45861 0.037731 0.92118
0.45428 0.037861 0.93583
0.44223 0.038011 0.95014
0.46295 0.037962 0.94701
0.45874 0.033394 0.96374
0.3889 0.036338 0.43669
0.39155 0.034376 0.48599
0.33969 0.036898 0.54537
0.38175 0.0343 0.52201
0.48098 0.037844 0.044874
0.47768 0.037839 0.061652
0.496 0.03784 0.038509
0.48787 0.037839 0.059852
0.4702 0.037829 0.076565
0.47362 0.037826 0.087723
0.49204 0.037832 0.069918
0.49108 0.037823 0.088643
0.48077 0.037797 0.10415
0.476 0.037789 0.1103
0.48539 0.037806 0.09877
0.49514 0.037791 0.11804
0.47399 0.037758 0.12889
0.49161 0.037731 0.14188
0.46846 0.037679 0.1612
0.47551 0.037631 0.17365
0.48595 0.037696 0.15726
0.47619 0.037584 0.18916
0.47218 0.037497 0.20536
0.48849 0.037604 0.18604
0.48808 0.037515 0.20194
0.46793 0.037431 0.22718
0.4743 0.037419 0.23223
0.4845 0.037481 0.21775
0.49009 0.03743 0.22875
0.46343 0.037141 0.25789
0.47655 0.037223 0.26118
0.4895 0.037298 0.25216
0.49367 0.037262 0.26587
0.4711 0.036649 0.29025
0.47442 0.036605 0.30052
0.48769 0.036773 0.3042
0.46145 0.036264 0.31217
0.46749 0.036437 0.3215
0.49566 0.03672 0.32208
0.50495 0.037044 0.33161
0.46002 0.036334 0.32349
0.46702 0.03648 0.32856
0.51109 0.038033 0.3526
0.45033 0.035773 0.35438
0.49335 0.03683 0.34428
0.49934 0.036325 0.35146
0.44901 0.036387 0.41615
0.42823 0.034213 0.39292
0.45988 0.034462 0.33525
0.46636 0.033774 0.34543
0.44095 0.033382 0.4296
0.45761 0.033336 0.48442
0.37256 0.03335 0.52732
0.37672 0.034187 0.61684
0.47799 0.033446 0.55856
0.46174 0.034142 0.59274
0.51901 0.033645 0.61317
0.49135 0.034551 0.63588
0.45371 0.03494 0.60861
0.49875 0.034707 0.56117
0.48354 0.035691 0.63735
0.48676 0.035895 0.65326
0.50442 0.034902 0.56371
0.50856 0.035345 0.5963
0.48404 0.036217 0.62954
0.48674 0.036188 0.6708
0.50666 0.035289 0.59813
0.47922 0.035626 0.62471
0.49364 0.036319 0.67756
0.46077 0.03658 0.67717
0.46458 0.036783 0.70796
0.47711 0.036624 0.69895
0.48935 0.036779 0.71293
0.4721 0.037029 0.73606
0.48973 0.036918 0.72376
0.49154 0.037084 0.74365
0.47347 0.03719 0.7569
0.47562 0.037285 0.77079
0.49294 0.037232 0.76053
0.49473 0.037279 0.77226
0.47798 0.037327 0.78473
0.46886 0.037415 0.80527
0.49138 0.037445 0.81241
0.47808 0.037555 0.8397
0.49378 0.037473 0.82317
0.49152 0.03757 0.84268
0.4762 0.037614 0.85344
0.4786 0.037635 0.86913
0.48567 0.037628 0.86679
0.47548 0.037668 0.88395
0.4728 0.037673 0.89432
0.49418 0.037665 0.88927
0.46902 0.037835 0.93296
0.4912 0.037735 0.91585
0.48663 0.037862 0.93504
0.47623 0.037939 0.94761
0.47626 0.034891 0.95455
0.48792 0.037921 0.94232
0.45727 0.034111 0.45215
0.43762 0.033836 0.51417
0.42735 0.033678 0.54356
0.48914 0.033561 0.53327
0.4719 0.034807 0.4111
0.49797 0.034373 0.38816
0.37431 0.035445 0.42528
0.41013 0.033735 0.47915
0.38203 0.033845 0.40449
0.40155 0.034933 0.44474
0.46431 0.033995 0.44177
0.42337 0.033675 0.43276
0.48636 0.034093 0.38233
0.4416 0.033411 0.49613
0.44295 0.033501 0.52966
0.34179 0.03751 0.54002
0.45998 0.03643 0.50733
0.52286 0.033802 0.54738
0.47783 0.033948 0.54151
0.48884 0.033553 0.51703
0.4703 0.035313 0.5321
0.46382 0.036053 0.49409
0.49242 0.034366 0.39978
0.44227 0.034288 0.44728
0.41996 0.03401 0.45624
0.47273 0.034747 0.47854
0.41787 0.033962 0.47359
0.44835 0.037595 0.45735
0.4278 0.033899 0.46718
0.46994 0.034337 0.4672
0.48163 0.03375 0.47238
0.3951 0.035473 0.54221
0.44808 0.036228 0.54392
0.41715 0.03415 0.51948
0.48474 0.033993 0.49429
0.42438 0.033949 0.54099
0.51952 0.033744 0.51947
0.48847 0.033443 0.49135
0.47553 0.033682 0.5103
0.46659 0.035817 0.49501
0.51259 0.034122 0.54372
0.43738 0.03383 0.47162
0.51085 0.033532 0.5151
0.50792 0.037837 0.044581
0.52624 0.037833 0.046533
0.5253 0.037833 0.055636
0.50714 0.03783 0.068865
0.50727 0.037829 0.084558
0.53071 0.037828 0.06542
0.52475 0.037825 0.084958
0.5025 0.0378 0.10106
0.51282 0.037788 0.11094
0.52875 0.037793 0.10347
0.52396 0.037786 0.10966
0.51589 0.037756 0.13053
0.51359 0.037735 0.14044
0.52027 0.03776 0.12922
0.52192 0.037733 0.15014
0.51119 0.03771 0.15572
0.5164 0.03764 0.16877
0.5313 0.037658 0.16565
0.52071 0.037641 0.16946
0.51624 0.037586 0.19143
0.50207 0.037535 0.19864
0.53113 0.037601 0.18815
0.53441 0.037532 0.19969
0.51323 0.037539 0.21802
0.51109 0.037487 0.23049
0.5274 0.037527 0.22074
0.52353 0.037501 0.23304
0.50284 0.037235 0.25883
0.53026 0.037308 0.24767
0.5262 0.037239 0.25236
0.50347 0.037202 0.27132
0.52021 0.037179 0.27926
0.54016 0.036958 0.27911
0.54369 0.03661 0.30573
0.50787 0.037073 0.29401
0.54542 0.036822 0.32873
0.54927 0.03722 0.3368
0.51378 0.037376 0.33275
0.53672 0.037458 0.33533
0.55504 0.038991 0.35111
0.51815 0.037069 0.31898
0.52038 0.036907 0.31633
0.57795 0.040028 0.33544
0.53593 0.036015 0.37006
0.52983 0.034662 0.36829
0.57221 0.036647 0.34028
0.53761 0.034469 0.40364
0.49812 0.033369 0.42989
0.55574 0.033527 0.42893
0.55432 0.033353 0.46764
0.50312 0.033367 0.49742
0.52716 0.033397 0.60015
0.59852 0.033339 0.54183
0.59352 0.033844 0.59146
0.5064 0.035066 0.64469
0.54173 0.036976 0.61173
0.5524 0.037407 0.62182
0.54035 0.036107 0.62478
0.50747 0.036741 0.66323
0.53215 0.035486 0.62546
0.53675 0.035741 0.63545
0.51076 0.036715 0.67231
0.52102 0.036694 0.68153
0.5361 0.036006 0.65672
0.54312 0.036178 0.6699
0.51277 0.036784 0.69745
0.50496 0.036846 0.70946
0.53056 0.03668 0.69299
0.54088 0.036763 0.70633
0.50283 0.037018 0.73372
0.50942 0.037117 0.74691
0.52152 0.037134 0.74794
0.50756 0.037188 0.75911
0.50861 0.037252 0.7702
0.52898 0.037155 0.75312
0.52092 0.037257 0.77192
0.51531 0.03733 0.78585
0.50527 0.037428 0.80667
0.52827 0.037376 0.7958
0.53287 0.037457 0.80775
0.50691 0.037476 0.82408
0.5125 0.037502 0.83308
0.52471 0.037489 0.8283
0.52517 0.037533 0.83716
0.51113 0.037623 0.86467
0.533 0.037641 0.87091
0.50956 0.037667 0.88674
0.51538 0.037673 0.9003
0.53157 0.037666 0.88602
0.53232 0.037678 0.90272
0.50217 0.037759 0.92142
0.52123 0.037717 0.91859
0.50551 0.03516 0.95433
0.52863 0.038235 0.9484
0.52654 0.033632 0.9595
0.52052 0.033725 0.49556
0.52728 0.033481 0.51682
0.49116 0.034044 0.41396
0.51709 0.033591 0.46552
0.55746 0.035668 0.37342
0.46307 0.033813 0.45131
0.53915 0.034765 0.47816
0.51842 0.03411 0.44319
0.58154 0.034427 0.50401
0.53905 0.033449 0.52865
0.52091 0.033696 0.54841
0.54017 0.033529 0.56249
0.51981 0.0351 0.57474
0.58412 0.033442 0.52553
0.52994 0.03538 0.58423
0.6614 0.036475 0.57104
0.57336 0.037069 0.5519
0.51585 0.033532 0.57941
0.51352 0.034355 0.39327
0.49051 0.034547 0.42358
0.49687 0.033784 0.48501
0.48169 0.033572 0.44262
0.48768 0.034021 0.43713
0.5099 0.034051 0.44357
0.56056 0.034193 0.4891
0.53617 0.033485 0.46017
0.54946 0.033484 0.53729
0.52296 0.034183 0.56022
0.53295 0.033777 0.50079
0.5216 0.03382 0.55763
0.6219 0.036902 0.56639
0.57612 0.034686 0.56531
0.56003 0.034167 0.50632
0.47911 0.033691 0.4581
0.49325 0.033751 0.46378
0.5455 0.033677 0.51864
0.54204 0.037831 0.053053
0.5645 0.037822 0.036477
0.56027 0.037822 0.061521
0.54444 0.037813 0.089317
0.55626 0.03782 0.069238
0.55709 0.037816 0.085591
0.54478 0.037789 0.10434
0.54942 0.037785 0.11936
0.55453 0.037788 0.10378
0.55476 0.037783 0.1196
0.54548 0.037757 0.12906
0.56559 0.037753 0.13066
0.55846 0.037732 0.14116
0.54919 0.03767 0.16341
0.5683 0.037682 0.16183
0.55154 0.037566 0.19224
0.54398 0.037513 0.20678
0.56952 0.037577 0.19028
0.56407 0.037516 0.21202
0.54891 0.037489 0.21948
0.55952 0.037504 0.21817
0.57263 0.03739 0.24373
0.55095 0.037244 0.25637
0.57214 0.037214 0.25907
0.57153 0.037047 0.26745
0.55368 0.036697 0.3045
0.5802 0.037009 0.28428
0.5774 0.037122 0.29474
0.56534 0.037469 0.31554
0.56956 0.038522 0.32407
0.58702 0.038213 0.31185
0.5963 0.03864 0.32591
0.55919 0.038432 0.33695
0.58435 0.040306 0.33355
0.59181 0.039286 0.33122
0.58025 0.039032 0.35247
0.55092 0.037078 0.40239
0.55177 0.036982 0.40747
0.53705 0.034988 0.41502
0.58815 0.035783 0.41262
0.56202 0.034058 0.45177
0.58671 0.033908 0.48932
0.66463 0.033447 0.53998
0.70906 0.034624 0.53862
0.63255 0.03974 0.57681
0.62528 0.035547 0.61743
0.53768 0.039474 0.59981
0.59233 0.03699 0.56279
0.62599 0.037806 0.60191
0.5397 0.039587 0.5964
0.61484 0.036632 0.62537
0.54794 0.038605 0.594
0.56456 0.037666 0.61927
0.55268 0.036335 0.64109
0.57577 0.036713 0.61831
0.55955 0.036358 0.65216
0.5566 0.036437 0.67378
0.5801 0.036919 0.64026
0.54946 0.036428 0.68843
0.5557 0.036838 0.71159
0.57337 0.036764 0.68652
0.56274 0.036852 0.71106
0.54141 0.037046 0.72988
0.54265 0.037142 0.74657
0.56583 0.037033 0.71976
0.54281 0.037171 0.75727
0.55672 0.037225 0.76538
0.56733 0.037342 0.77906
0.54066 0.037349 0.78731
0.5445 0.037473 0.80935
0.56763 0.037407 0.79686
0.56701 0.037506 0.8128
0.54984 0.037506 0.82025
0.54418 0.037579 0.84311
0.55688 0.037515 0.8224
0.55767 0.037569 0.83961
0.54105 0.03762 0.86044
0.55516 0.037623 0.85903
0.56218 0.037648 0.8731
0.54257 0.037666 0.89607
0.55794 0.037661 0.89072
0.56594 0.037671 0.89765
0.5478 0.03771 0.91646
0.53791 0.037987 0.93551
0.56031 0.037727 0.91928
0.55622 0.037961 0.93511
0.54454 0.038214 0.94785
0.5485 0.0335 0.96108
0.56429 0.038093 0.94524
0.555 0.034672 0.95536
0.60744 0.034101 0.52559
0.63725 0.033694 0.53724
0.57727 0.037818 0.044374
0.58776 0.037813 0.040222
0.59599 0.037808 0.061223
0.57357 0.037801 0.09172
0.59025 0.037808 0.070961
0.59695 0.037795 0.090947
0.57296 0.037778 0.10641
0.57802 0.037773 0.12039
0.59573 0.037781 0.1011
0.58849 0.037772 0.1121
0.5844 0.037744 0.13726
0.60129 0.03775 0.13082
0.59615 0.03774 0.14738
0.58257 0.037663 0.16542
0.57553 0.03763 0.17468
0.5915 0.037653 0.1679
0.60194 0.037638 0.17448
0.5767 0.03753 0.20756
0.59739 0.037568 0.19935
0.58221 0.03756 0.22624
0.58213 0.037406 0.24264
0.60811 0.037552 0.22286
0.59988 0.037417 0.24186
0.58994 0.037369 0.2483
0.60112 0.037354 0.25591
0.60792 0.037292 0.27274
0.587 0.037131 0.28307
0.59936 0.037407 0.29702
0.61371 0.037299 0.29271
0.61261 0.03724 0.3034
0.6027 0.037893 0.31857
0.61132 0.037226 0.34213
0.60415 0.037166 0.35845
0.58974 0.03816 0.35422
0.56288 0.036403 0.39705
0.58216 0.036574 0.38422
0.57986 0.036333 0.40841
0.61226 0.036435 0.40454
0.61801 0.036839 0.39518
0.60267 0.036023 0.41821
0.56657 0.036693 0.4679
0.5772 0.036332 0.44993
0.57136 0.036444 0.47214
0.64729 0.036013 0.46182
0.59036 0.037909 0.5019
0.62926 0.036221 0.45711
0.58624 0.0388 0.4989
0.69474 0.034702 0.52562
0.67823 0.039842 0.58222
0.65034 0.034601 0.51872
0.67351 0.040892 0.58486
0.64436 0.042205 0.58217
0.63161 0.037611 0.61486
0.65837 0.042379 0.58915
0.56825 0.042792 0.54322
0.63345 0.037244 0.6305
0.63487 0.038171 0.61413
0.63148 0.037092 0.64203
0.58611 0.036176 0.60071
0.57813 0.036193 0.60222
0.61565 0.036349 0.64328
0.58475 0.036528 0.63441
0.58809 0.036924 0.67342
0.61051 0.036297 0.65151
0.6008 0.036749 0.66512
0.59069 0.036979 0.68546
0.59892 0.036967 0.67875
0.59801 0.037017 0.70166
0.57631 0.037144 0.73941
0.59559 0.037173 0.73456
0.57705 0.037212 0.75295
0.60159 0.037278 0.76138
0.59701 0.037386 0.77817
0.57454 0.037452 0.80333
0.59591 0.037524 0.81152
0.58208 0.037525 0.81582
0.5801 0.037549 0.83256
0.59399 0.037549 0.82807
0.58077 0.037622 0.85572
0.60047 0.037631 0.85613
0.57559 0.037665 0.88163
0.59932 0.037675 0.90285
0.5753 0.037704 0.91751
0.59526 0.037688 0.91566
0.57493 0.038105 0.95002
0.57806 0.035058 0.95436
0.5928 0.037967 0.946
0.58688 0.033393 0.96374
0.61148 0.037803 0.044625
0.61394 0.0378 0.060492
0.63183 0.037791 0.042075
0.63381 0.037791 0.052566
0.6175 0.037794 0.073129
0.60578 0.0378 0.084468
0.63438 0.037783 0.077307
0.62943 0.037789 0.083201
0.61352 0.03777 0.10711
0.61248 0.037761 0.12213
0.6251 0.037773 0.10096
0.63187 0.037759 0.11945
0.60674 0.037756 0.12649
0.61923 0.037724 0.15308
0.63214 0.037744 0.12914
0.63344 0.037727 0.14301
0.61224 0.037679 0.16417
0.61989 0.03765 0.17624
0.63287 0.0377 0.15989
0.61991 0.037596 0.1968
0.61465 0.037566 0.21397
0.62981 0.037591 0.20065
0.63118 0.037576 0.21269
0.61455 0.037441 0.23702
0.63238 0.037498 0.23051
0.63643 0.037467 0.24016
0.64168 0.037456 0.26436
0.6293 0.037321 0.30979
0.639 0.037432 0.2907
0.64324 0.037185 0.32659
0.6352 0.03708 0.33618
0.64162 0.03697 0.35778
0.60519 0.036752 0.37604
0.6238 0.037017 0.38715
0.62823 0.036852 0.36813
0.63781 0.037145 0.38352
0.59481 0.036289 0.43551
0.60226 0.03633 0.43694
0.58401 0.036135 0.46225
0.63376 0.036284 0.4513
0.59945 0.036075 0.4593
0.6241 0.036187 0.44812
0.5922 0.037737 0.49514
0.66163 0.036866 0.46502
0.60098 0.037316 0.50192
0.6415 0.035362 0.51214
0.70047 0.038262 0.58054
0.64222 0.035603 0.5088
0.72494 0.036696 0.54506
0.67324 0.041342 0.59035
0.60687 0.039816 0.56024
0.67951 0.040657 0.59111
0.64347 0.041513 0.58515
0.57349 0.040933 0.54397
0.58718 0.038937 0.55025
0.63774 0.036958 0.65006
0.6535 0.0371 0.65202
0.6209 0.036369 0.65728
0.61159 0.036651 0.66734
0.63553 0.036841 0.68305
0.63868 0.037139 0.69307
0.61369 0.037076 0.71453
0.61025 0.037185 0.73241
0.63228 0.037282 0.73707
0.61472 0.037283 0.75317
0.60987 0.037329 0.76676
0.62911 0.03733 0.75697
0.62912 0.037361 0.76487
0.61409 0.03745 0.7931
0.61544 0.037475 0.79912
0.63078 0.037481 0.79239
0.63333 0.037506 0.79929
0.6078 0.037547 0.8156
0.61055 0.037614 0.84299
0.63372 0.037576 0.81741
0.63733 0.037618 0.83937
0.61115 0.037635 0.84987
0.60635 0.037639 0.86407
0.62943 0.037642 0.85331
0.62697 0.037647 0.86676
0.61351 0.037667 0.87974
0.60812 0.03767 0.89915
0.62279 0.037669 0.88765
0.63298 0.037668 0.89682
0.61083 0.037683 0.91645
0.6113 0.037781 0.93259
0.62352 0.037798 0.93397
0.61278 0.037908 0.94855
0.62564 0.037878 0.94243
0.6315 0.033376 0.96475
0.64107 0.037786 0.046131
0.65609 0.037776 0.038066
0.65816 0.037772 0.062198
0.64867 0.037775 0.076735
0.64278 0.037773 0.092439
0.66592 0.037764 0.071676
0.66885 0.037763 0.08273
0.6588 0.037754 0.10584
0.65283 0.037722 0.15305
0.66239 0.037728 0.13593
0.66444 0.037719 0.15282
0.64859 0.037698 0.16162
0.65112 0.037662 0.18407
0.66393 0.037682 0.16858
0.66064 0.037667 0.17527
0.65119 0.037643 0.19075
0.64928 0.037596 0.20659
0.67128 0.037642 0.19369
0.67133 0.037612 0.20901
0.64741 0.037538 0.22822
0.65575 0.037507 0.24772
0.66917 0.037506 0.25231
0.65228 0.037462 0.26546
0.65265 0.037435 0.28244
0.67764 0.037458 0.26585
0.66793 0.037411 0.27638
0.65713 0.03733 0.30423
0.67268 0.037355 0.32054
0.65177 0.037213 0.33122
0.65454 0.037088 0.35725
0.67419 0.037353 0.33018
0.67672 0.037201 0.35282
0.65075 0.037197 0.3895
0.66066 0.037093 0.38392
0.63475 0.036812 0.42532
0.65684 0.03702 0.40799
0.65292 0.03692 0.41831
0.63635 0.03642 0.43857
0.67537 0.037119 0.43857
0.66764 0.037015 0.42594
0.63283 0.036475 0.49035
0.61549 0.036507 0.49757
0.64386 0.036596 0.4877
0.63664 0.036153 0.50223
0.64187 0.035779 0.50651
0.71752 0.036106 0.51835
0.69061 0.03599 0.49084
0.72929 0.036681 0.52149
0.70155 0.038594 0.58945
0.68473 0.039588 0.60443
0.64702 0.040219 0.5899
0.61405 0.038011 0.57433
0.64638 0.038312 0.59615
0.66249 0.037343 0.64048
0.64453 0.037887 0.60113
0.66826 0.03729 0.64557
0.65954 0.037048 0.66429
0.67853 0.037304 0.6633
0.654 0.037283 0.70208
0.66022 0.037083 0.68615
0.66094 0.037207 0.69775
0.64817 0.037226 0.71949
0.64567 0.037315 0.7368
0.66175 0.037283 0.72539
0.67233 0.037389 0.738
0.65141 0.037357 0.74787
0.64586 0.037419 0.76684
0.66541 0.03742 0.75503
0.66207 0.037439 0.76515
0.64171 0.037502 0.79021
0.65149 0.037545 0.80182
0.66016 0.037525 0.78486
0.6605 0.037565 0.80538
0.65136 0.037593 0.81874
0.64763 0.037623 0.83916
0.66809 0.037608 0.82149
0.66957 0.037631 0.83994
0.64912 0.037641 0.84637
0.64839 0.037647 0.86253
0.6591 0.037649 0.8508
0.66443 0.037652 0.87135
0.65226 0.037658 0.88857
0.65219 0.037664 0.89619
0.65907 0.037655 0.88959
0.66767 0.03766 0.90127
0.64835 0.037691 0.9148
0.64081 0.037841 0.93323
0.66741 0.03767 0.91009
0.66373 0.037779 0.92527
0.63972 0.037974 0.94573
0.64537 0.034447 0.95568
0.66119 0.038062 0.94421
0.66933 0.034146 0.95679
0.68343 0.037751 0.044499
0.68558 0.03775 0.050953
0.70206 0.037736 0.040279
0.69341 0.037744 0.058083
0.70123 0.037738 0.070274
0.70005 0.037738 0.089469
0.67382 0.037751 0.098647
0.67487 0.037741 0.11904
0.67911 0.037723 0.13568
0.68196 0.037719 0.1516
0.68581 0.037697 0.16333
0.69892 0.037685 0.16798
0.68741 0.037637 0.19893
0.67882 0.037618 0.20953
0.70291 0.037624 0.206
0.696 0.037615 0.21836
0.68546 0.037577 0.23187
0.69738 0.037561 0.23826
0.70398 0.037559 0.24329
0.69111 0.03743 0.27992
0.70806 0.037491 0.27019
0.70077 0.037448 0.27837
0.68755 0.037352 0.31529
0.70662 0.037408 0.30405
0.70619 0.037394 0.31051
0.69578 0.037307 0.32896
0.68982 0.037236 0.34251
0.70377 0.037329 0.33711
0.70047 0.037317 0.351
0.6856 0.037169 0.36568
0.6804 0.037102 0.37883
0.704 0.037294 0.3697
0.70399 0.03727 0.37963
0.68618 0.037186 0.39537
0.6789 0.036993 0.41381
0.70048 0.037209 0.39613
0.71126 0.037167 0.41217
0.69842 0.037013 0.45092
0.71388 0.037194 0.43262
0.67612 0.036751 0.47617
0.68123 0.03675 0.48129
0.71234 0.037116 0.4672
0.71569 0.037202 0.47883
0.7129 0.036398 0.49062
0.73316 0.036913 0.5239
0.74037 0.037215 0.51001
0.74018 0.0373 0.54776
0.70799 0.038116 0.59869
0.74623 0.037332 0.53944
0.72569 0.037478 0.59157
0.66478 0.037784 0.6123
0.7172 0.037819 0.60596
0.71523 0.037653 0.62164
0.68122 0.037548 0.6236
0.70022 0.037443 0.63316
0.70783 0.037376 0.64863
0.6891 0.037317 0.66342
0.69024 0.037315 0.67268
0.70151 0.037359 0.6565
0.70471 0.037459 0.67255
0.68051 0.037366 0.70661
0.69903 0.037364 0.7011
0.68684 0.037418 0.72477
0.67827 0.037415 0.73654
0.69279 0.037414 0.71594
0.68432 0.037494 0.76028
0.67734 0.037527 0.77523
0.7011 0.037534 0.75156
0.70478 0.037572 0.77243
0.68067 0.037564 0.78345
0.68277 0.037588 0.80164
0.69919 0.037586 0.78167
0.69275 0.03761 0.8087
0.67836 0.037615 0.81645
0.69194 0.03762 0.8142
0.69351 0.037634 0.83655
0.68512 0.037648 0.85719
0.69918 0.037644 0.84682
0.69181 0.037648 0.87304
0.68477 0.037652 0.87915
0.69524 0.037647 0.87798
0.69557 0.037643 0.90169
0.68328 0.037662 0.91553
0.67432 0.038009 0.93684
0.6939 0.038061 0.93651
0.68514 0.038319 0.9469
0.68613 0.033393 0.96402
0.6998 0.033685 0.95931
0.71192 0.037728 0.037245
0.71095 0.03773 0.05391
0.72765 0.037714 0.042184
0.73036 0.037712 0.059816
0.71389 0.037728 0.074599
0.7314 0.037712 0.074164
0.71466 0.037722 0.098698
0.71187 0.037717 0.1229
0.73008 0.037705 0.10968
0.73444 0.037699 0.12438
0.71086 0.037701 0.15299
0.73723 0.03769 0.14313
0.73549 0.037687 0.15512
0.71227 0.03768 0.17063
0.7109 0.037665 0.18704
0.72791 0.037683 0.16368
0.73782 0.037668 0.18198
0.71322 0.037652 0.1943
0.71361 0.037625 0.21258
0.72878 0.03764 0.20308
0.723 0.037584 0.23891
0.74257 0.037579 0.2472
0.72843 0.037544 0.26197
0.72997 0.037513 0.28145
0.71888 0.037469 0.29641
0.72715 0.037426 0.31767
0.74825 0.037522 0.29628
0.73503 0.037441 0.31861
0.72847 0.037414 0.32414
0.72741 0.037371 0.34785
0.74028 0.037447 0.32444
0.74466 0.037429 0.34729
0.72841 0.03732 0.36785
0.71796 0.037289 0.37898
0.73731 0.037376 0.35964
0.73359 0.037338 0.38362
0.72357 0.037247 0.40222
0.74477 0.037404 0.39305
0.73616 0.037367 0.41095
0.72883 0.037309 0.42417
0.72568 0.037228 0.45172
0.74648 0.037402 0.43278
0.74486 0.03737 0.44984
0.73021 0.037315 0.46181
0.72849 0.037383 0.47603
0.73875 0.037357 0.45989
0.74868 0.037463 0.48059
0.75448 0.037438 0.49573
0.76453 0.037521 0.51554
0.75503 0.037388 0.55493
0.76721 0.037543 0.55026
0.76237 0.037521 0.57788
0.73432 0.037504 0.61848
0.75904 0.037516 0.59144
0.75035 0.03752 0.60452
0.72505 0.03745 0.64527
0.73903 0.037525 0.62434
0.74412 0.037564 0.64613
0.72274 0.037431 0.66104
0.72699 0.037448 0.66765
0.73567 0.037499 0.65717
0.73806 0.03752 0.6752
0.72304 0.037473 0.69573
0.71785 0.037471 0.70464
0.7345 0.037519 0.68692
0.73745 0.037533 0.70098
0.72401 0.037515 0.72284
0.71156 0.037522 0.7359
0.72889 0.037541 0.73151
0.71556 0.037579 0.75192
0.71467 0.037582 0.76605
0.73686 0.037601 0.74897
0.73243 0.037604 0.76762
0.71876 0.037619 0.78499
0.70914 0.037616 0.80109
0.73069 0.037626 0.78365
0.71798 0.037638 0.8234
0.70846 0.037637 0.83515
0.73093 0.037639 0.81183
0.72048 0.037644 0.84431
0.70785 0.037645 0.86687
0.72685 0.037642 0.84439
0.71444 0.037635 0.88851
0.70845 0.037633 0.89319
0.72466 0.037638 0.87977
0.7364 0.037617 0.90278
0.70732 0.037643 0.91607
0.71839 0.037765 0.92534
0.73462 0.037619 0.91246
0.71364 0.033521 0.96105
0.73538 0.038321 0.94532
0.74169 0.037701 0.043181
0.74443 0.037699 0.056566
0.76424 0.037679 0.057972
0.75921 0.037686 0.075895
0.75715 0.037688 0.089365
0.76806 0.037677 0.1027
0.75827 0.037685 0.11556
0.74737 0.037685 0.14274
0.74375 0.037687 0.1483
0.76016 0.037679 0.13149
0.76867 0.037667 0.15476
0.74575 0.037673 0.16711
0.75223 0.037656 0.19023
0.76159 0.037659 0.17449
0.76073 0.037651 0.189
0.75626 0.037639 0.20189
0.75202 0.03762 0.22574
0.7687 0.037628 0.22128
0.75257 0.037601 0.23902
0.77329 0.037621 0.23232
0.76122 0.037734 0.2654
0.75265 0.037625 0.27768
0.77474 0.038125 0.27213
0.75717 0.037553 0.31342
0.77209 0.038232 0.28998
0.77129 0.037713 0.30871
0.75374 0.037481 0.32625
0.75238 0.03744 0.35318
0.77042 0.037502 0.33309
0.7737 0.037515 0.34551
0.76212 0.037442 0.36881
0.75855 0.037433 0.37719
0.77727 0.037523 0.36538
0.7691 0.037478 0.3799
0.75699 0.03743 0.39249
0.75719 0.037424 0.42021
0.77548 0.037503 0.40306
0.75625 0.037428 0.43291
0.75877 0.037438 0.45322
0.77569 0.037523 0.43487
0.78023 0.037552 0.4466
0.76775 0.037485 0.46116
0.76188 0.037502 0.479
0.78428 0.037577 0.46826
0.78387 0.037581 0.47893
0.78643 0.037681 0.50277
0.78391 0.037725 0.52974
0.77478 0.037706 0.54783
0.7698 0.037616 0.57266
0.78698 0.037761 0.54327
0.79199 0.037746 0.56207
0.77176 0.037606 0.59322
0.77477 0.037602 0.61026
0.77929 0.037608 0.61575
0.75175 0.037572 0.65779
0.75213 0.037576 0.6732
0.77291 0.037593 0.65645
0.75572 0.037591 0.68662
0.75233 0.037598 0.70546
0.77341 0.037616 0.69289
0.75558 0.037617 0.72376
0.75205 0.037624 0.74232
0.75132 0.037625 0.75928
0.74814 0.037623 0.76371
0.76646 0.037636 0.76545
0.75273 0.037646 0.78397
0.75103 0.037646 0.80232
0.76149 0.037641 0.77903
0.75469 0.037643 0.82192
0.75377 0.037637 0.8393
0.76256 0.037645 0.81301
0.76783 0.037634 0.83075
0.74391 0.037632 0.86651
0.76176 0.037629 0.85417
0.7486 0.037624 0.87572
0.74425 0.037612 0.90452
0.76095 0.037607 0.88461
0.76011 0.037599 0.89942
0.75093 0.037608 0.9088
0.76601 0.037595 0.91556
0.75838 0.037982 0.93547
0.74097 0.038292 0.94443
0.7423 0.033682 0.95937
0.76631 0.03347 0.96175
0.77569 0.037666 0.043679
0.78412 0.037658 0.052038
0.7986 0.037643 0.047168
0.8017 0.037642 0.06273
0.77959 0.037665 0.067857
0.79413 0.037653 0.089104
0.7851 0.03766 0.11178
0.78446 0.03766 0.12701
0.79571 0.03765 0.10862
0.79959 0.037647 0.12267
0.78575 0.037657 0.14156
0.78339 0.037658 0.15457
0.79242 0.037652 0.13474
0.79419 0.037648 0.15931
0.784 0.037651 0.17442
0.80254 0.037641 0.16568
0.7923 0.037639 0.19287
0.7843 0.037636 0.20391
0.78738 0.037627 0.22585
0.79956 0.037627 0.20897
0.79568 0.037623 0.22475
0.77973 0.037624 0.23547
0.78065 0.038007 0.26489
0.7951 0.037618 0.23461
0.79486 0.037666 0.2541
0.79487 0.038134 0.27462
0.78143 0.038276 0.29591
0.78597 0.037595 0.31513
0.80107 0.037973 0.292
0.79487 0.037674 0.31087
0.78698 0.037558 0.33454
0.78677 0.03755 0.35133
0.79528 0.037566 0.32769
0.79648 0.037561 0.34819
0.79018 0.037544 0.36781
0.79477 0.037544 0.38499
0.8061 0.037586 0.36717
0.80776 0.037593 0.38636
0.79415 0.037538 0.40034
0.79181 0.037536 0.41551
0.80107 0.037563 0.39783
0.80692 0.037595 0.422
0.79302 0.03756 0.43711
0.80649 0.0376 0.44068
0.80472 0.037591 0.44525
0.79135 0.03758 0.46534
0.79803 0.037593 0.48226
0.80834 0.037614 0.46479
0.8171 0.037662 0.4891
0.80405 0.037652 0.50983
0.81178 0.037657 0.50653
0.81882 0.037654 0.53062
0.79591 0.037717 0.56625
0.81426 0.037642 0.5368
0.81534 0.037644 0.56769
0.79889 0.037658 0.58682
0.79544 0.037657 0.5981
0.81179 0.03765 0.58444
0.79968 0.037634 0.61214
0.80691 0.037653 0.61377
0.7854 0.037632 0.64982
0.78355 0.037628 0.66901
0.80764 0.037675 0.65389
0.80135 0.037652 0.67418
0.78338 0.037637 0.69247
0.78506 0.03764 0.70023
0.80616 0.037667 0.68967
0.80553 0.037664 0.69474
0.78881 0.037649 0.7188
0.77818 0.03765 0.73994
0.79472 0.037654 0.74046
0.78457 0.037662 0.74912
0.7874 0.03765 0.77102
0.80477 0.037662 0.74865
0.80151 0.037639 0.80075
0.77656 0.037637 0.82233
0.78254 0.037627 0.8368
0.79327 0.037638 0.81251
0.80285 0.037615 0.83634
0.78106 0.037615 0.85914
0.7927 0.037614 0.84792
0.78239 0.037598 0.88307
0.7759 0.037588 0.9013
0.79951 0.037572 0.89771
0.78066 0.037877 0.93676
0.79547 0.037572 0.91872
0.78498 0.03798 0.95082
0.77531 0.033399 0.96365
0.79473 0.038081 0.94533
0.79979 0.033891 0.95776
0.80608 0.037635 0.046487
0.80676 0.037635 0.053689
0.83219 0.03761 0.046693
0.83467 0.037608 0.051843
0.80635 0.03764 0.076137
0.80805 0.03764 0.091138
0.83153 0.037615 0.072245
0.82453 0.037624 0.08857
0.81335 0.037635 0.10325
0.81224 0.037637 0.12082
0.82363 0.037625 0.10627
0.83081 0.037621 0.12329
0.83104 0.037622 0.13817
0.82401 0.037627 0.17164
0.82411 0.037627 0.18334
0.81526 0.037626 0.20393
0.80873 0.037623 0.21962
0.83579 0.037619 0.21002
0.83229 0.037619 0.21998
0.80921 0.037619 0.23534
0.81162 0.037644 0.25558
0.83355 0.037621 0.25489
0.81831 0.037628 0.27655
0.81269 0.037717 0.28418
0.83511 0.037626 0.27387
0.82816 0.037633 0.28787
0.81882 0.037632 0.29563
0.81547 0.037624 0.31118
0.83107 0.037629 0.29758
0.82647 0.037614 0.32105
0.81528 0.03761 0.33564
0.82067 0.037615 0.34586
0.82897 0.037618 0.33907
0.81706 0.037623 0.3706
0.81703 0.037627 0.38973
0.8389 0.037643 0.37232
0.81815 0.037631 0.40261
0.81995 0.03764 0.42186
0.83592 0.03765 0.41765
0.82147 0.037647 0.43661
0.83097 0.03765 0.44955
0.84292 0.037675 0.43463
0.82487 0.037662 0.46796
0.8221 0.037669 0.48957
0.8234 0.037675 0.51042
0.83246 0.037677 0.52061
0.8423 0.037714 0.52104
0.82957 0.037663 0.55908
0.8382 0.037692 0.55461
0.82702 0.037688 0.60475
0.84638 0.037738 0.58282
0.84096 0.037716 0.60122
0.82825 0.037689 0.62085
0.82817 0.03769 0.63632
0.84207 0.037717 0.61466
0.83543 0.037696 0.6326
0.81953 0.037703 0.65494
0.81966 0.0377 0.66161
0.83499 0.037695 0.64384
0.82392 0.037693 0.67685
0.81565 0.037683 0.70635
0.83393 0.037691 0.69423
0.81772 0.037681 0.7176
0.83203 0.03768 0.71592
0.81352 0.037667 0.74372
0.81359 0.037656 0.76878
0.83933 0.037664 0.74691
0.83941 0.037652 0.7617
0.81022 0.037649 0.78177
0.8133 0.037635 0.80269
0.83745 0.037635 0.78451
0.83091 0.037625 0.79901
0.81576 0.037628 0.81193
0.82969 0.0376 0.83209
0.80902 0.037599 0.85239
0.81524 0.037583 0.86495
0.83434 0.037582 0.84785
0.83356 0.037565 0.86691
0.81891 0.037568 0.8772
0.80816 0.037564 0.89625
0.83035 0.037549 0.8858
0.80968 0.037559 0.91142
0.80857 0.03772 0.92671
0.82247 0.037547 0.91246
0.8085 0.038114 0.94228
0.81539 0.033458 0.96198
0.82959 0.038201 0.95072
0.82323 0.033396 0.96387
0.84553 0.037598 0.044475
0.84243 0.037601 0.054389
0.86487 0.037579 0.044648
0.84867 0.037599 0.07811
0.85226 0.037598 0.090057
0.85562 0.037592 0.073405
0.85751 0.037593 0.088374
0.85923 0.037595 0.10655
0.85871 0.037599 0.12957
0.84361 0.037613 0.14405
0.85049 0.03761 0.15627
0.86285 0.037597 0.13973
0.85683 0.037603 0.14971
0.84168 0.037618 0.17799
0.84424 0.037618 0.18872
0.86106 0.037606 0.17826
0.86903 0.037604 0.19313
0.85323 0.037615 0.20537
0.84141 0.037619 0.22575
0.86451 0.037609 0.20741
0.8567 0.037616 0.22719
0.85153 0.037621 0.24098
0.86115 0.037617 0.24153
0.86326 0.037619 0.2519
0.86003 0.037625 0.26982
0.86254 0.037632 0.2894
0.84813 0.037636 0.30763
0.84238 0.037632 0.31643
0.86547 0.037637 0.30114
0.86089 0.03764 0.31338
0.8486 0.03765 0.34696
0.8636 0.037651 0.33547
0.87202 0.037665 0.3548
0.85276 0.037659 0.37348
0.86138 0.037659 0.37235
0.87019 0.037676 0.38537
0.85788 0.037674 0.40439
0.85979 0.03768 0.4177
0.86304 0.037674 0.39931
0.87275 0.037699 0.42556
0.85357 0.037698 0.43659
0.84922 0.037702 0.45196
0.86701 0.037703 0.44143
0.87202 0.037717 0.4567
0.85301 0.037719 0.47352
0.85778 0.037727 0.4888
0.8576 0.037749 0.51166
0.86355 0.03775 0.53143
0.87769 0.037752 0.52177
0.86024 0.037763 0.54248
0.86095 0.037759 0.55873
0.87617 0.037752 0.5428
0.87369 0.037752 0.55634
0.86166 0.037741 0.57931
0.85385 0.037748 0.60008
0.87442 0.037748 0.57764
0.86685 0.037739 0.5953
0.86039 0.037734 0.62652
0.87053 0.037741 0.60701
0.86431 0.037729 0.63725
0.85787 0.037713 0.66641
0.87333 0.03773 0.64516
0.86675 0.037711 0.6697
0.85576 0.0377 0.68621
0.84688 0.037695 0.6957
0.86837 0.037705 0.67829
0.87006 0.037683 0.70291
0.84764 0.037686 0.71368
0.85355 0.037672 0.73133
0.86192 0.03768 0.70977
0.86198 0.037663 0.73391
0.85067 0.037665 0.74413
0.84725 0.037643 0.77021
0.86278 0.037636 0.76561
0.84301 0.037618 0.80059
0.86618 0.037625 0.77625
0.86989 0.037603 0.79519
0.84591 0.037598 0.82023
0.86825 0.03759 0.80958
0.86484 0.037574 0.82708
0.84736 0.03757 0.84779
0.86428 0.037558 0.84333
0.86508 0.037541 0.8609
0.84933 0.03754 0.87995
0.84454 0.037527 0.90103
0.86355 0.037533 0.87393
0.84757 0.037577 0.92324
0.86685 0.037495 0.90943
0.85787 0.037599 0.92616
0.85136 0.037849 0.93981
0.84341 0.033488 0.96128
0.8649 0.037766 0.93919
0.86201 0.033392 0.96394
0.87264 0.037571 0.039002
0.87445 0.037572 0.060511
0.8895 0.037557 0.039804
0.891 0.037558 0.051588
0.88424 0.037566 0.075671
0.88484 0.037569 0.091052
0.89961 0.037559 0.077722
0.8937 0.037561 0.085006
0.88423 0.037573 0.10745
0.88502 0.037576 0.12585
0.8936 0.037567 0.11707
0.87805 0.037584 0.13597
0.88541 0.037582 0.15601
0.8969 0.03758 0.14563
0.89214 0.037583 0.15975
0.87995 0.037596 0.18827
0.89633 0.037585 0.1673
0.90068 0.037591 0.18699
0.8753 0.037602 0.20104
0.88085 0.037605 0.21659
0.89431 0.0376 0.20805
0.89023 0.037601 0.21908
0.87334 0.03761 0.23406
0.87667 0.037623 0.27078
0.87896 0.037632 0.28561
0.90167 0.037635 0.2657
0.89467 0.037645 0.28813
0.87574 0.037646 0.30987
0.8857 0.037654 0.31829
0.89196 0.037643 0.29898
0.89138 0.037649 0.31536
0.88367 0.037667 0.34035
0.89894 0.037664 0.33531
0.90405 0.037675 0.34921
0.88523 0.03769 0.37595
0.87844 0.037687 0.38357
0.89884 0.037682 0.36834
0.90242 0.037697 0.38947
0.88168 0.037699 0.40399
0.88444 0.037706 0.41694
0.90426 0.037718 0.41064
0.90032 0.037715 0.41643
0.89146 0.037712 0.43929
0.89569 0.03772 0.44979
0.8916 0.037729 0.47961
0.89003 0.037738 0.49496
0.89629 0.037734 0.49315
0.88173 0.037751 0.50514
0.88896 0.037745 0.5309
0.89934 0.037746 0.51345
0.90096 0.037749 0.52676
0.88563 0.037749 0.54144
0.90059 0.037748 0.53931
0.90435 0.037763 0.55397
0.88921 0.037751 0.57721
0.88637 0.037752 0.60083
0.90056 0.037753 0.57738
0.89698 0.037744 0.60146
0.88525 0.037749 0.60938
0.88969 0.037727 0.63544
0.89634 0.037738 0.61282
0.89553 0.037726 0.63045
0.88764 0.03772 0.65341
0.89654 0.03771 0.65098
0.89947 0.037703 0.66316
0.87986 0.037705 0.67968
0.90525 0.037679 0.7012
0.87839 0.037668 0.71724
0.88677 0.037648 0.73401
0.90183 0.037676 0.7076
0.89679 0.037658 0.72654
0.87936 0.037642 0.74925
0.87758 0.037624 0.7687
0.89325 0.037634 0.74686
0.90338 0.037607 0.7673
0.87972 0.037607 0.78395
0.88355 0.037586 0.80061
0.89542 0.037587 0.79125
0.87618 0.037573 0.81907
0.88222 0.037557 0.82811
0.89418 0.037571 0.80798
0.88131 0.03754 0.84384
0.88584 0.037517 0.86702
0.89932 0.037529 0.84283
0.89089 0.037515 0.86209
0.87856 0.037498 0.89475
0.89657 0.037503 0.87312
0.89948 0.037482 0.89329
0.88388 0.037476 0.90711
0.88486 0.037598 0.93281
0.89738 0.03747 0.91366
0.90112 0.037686 0.93446
0.8752 0.037775 0.94385
0.90236 0.033459 0.96173
0.90894 0.037563 0.037458
0.91599 0.037563 0.053889
0.92643 0.037693 0.038755
0.91918 0.037566 0.074772
0.90764 0.037555 0.0895
0.93312 0.037812 0.093695
0.91549 0.03755 0.10764
0.9134 0.037564 0.12783
0.92532 0.037665 0.10257
0.92781 0.037713 0.11688
0.9093 0.037571 0.13315
0.91158 0.037586 0.15708
0.92571 0.03767 0.13759
0.91755 0.037595 0.18626
0.93144 0.037729 0.16983
0.93459 0.037819 0.19469
0.91867 0.037614 0.20331
0.91631 0.03761 0.22002
0.93115 0.037817 0.20741
0.92295 0.037682 0.22395
0.91226 0.037605 0.24395
0.93138 0.037767 0.24043
0.92534 0.037693 0.25374
0.91237 0.037657 0.26762
0.93478 0.037837 0.27728
0.93416 0.037837 0.29147
0.91633 0.037664 0.32266
0.92741 0.037767 0.29979
0.92662 0.037749 0.31973
0.90903 0.037668 0.33323
0.91239 0.037684 0.35876
0.93339 0.037852 0.33482
0.92414 0.037752 0.35327
0.91163 0.037688 0.3693
0.91676 0.037706 0.38881
0.93029 0.037862 0.39359
0.93038 0.037868 0.40153
0.93599 0.037997 0.42942
0.91294 0.037759 0.4541
0.93282 0.037967 0.43433
0.91555 0.037757 0.48023
0.91301 0.037758 0.49632
0.93373 0.037995 0.47204
0.9315 0.037947 0.48632
0.91915 0.037781 0.50422
0.91998 0.037805 0.52472
0.93463 0.038015 0.51365
0.93227 0.037982 0.52092
0.93088 0.037986 0.53992
0.93237 0.037985 0.55687
0.92064 0.037762 0.59976
0.93088 0.037846 0.57837
0.93393 0.037865 0.59929
0.91653 0.037752 0.60929
0.9117 0.03774 0.62699
0.92759 0.037825 0.61041
0.92915 0.037863 0.62314
0.91024 0.037722 0.6484
0.93768 0.03809 0.65193
0.92919 0.037902 0.66748
0.91972 0.037689 0.69177
0.93125 0.037937 0.68502
0.93406 0.037987 0.69952
0.91846 0.037699 0.7084
0.92823 0.037856 0.71236
0.91496 0.037639 0.74426
0.91816 0.037607 0.76335
0.92511 0.037766 0.74022
0.9243 0.03769 0.76828
0.91925 0.037604 0.77553
0.91807 0.037586 0.79207
0.93079 0.037785 0.77938
0.93124 0.037752 0.79911
0.90928 0.037555 0.81963
0.91667 0.037544 0.82612
0.92554 0.037656 0.80675
0.92326 0.037604 0.83001
0.91069 0.037519 0.84932
0.91102 0.037502 0.86591
0.92837 0.037701 0.84003
0.92411 0.037601 0.86533
0.91651 0.037484 0.87684
0.92402 0.037579 0.87539
0.93554 0.037791 0.89313
0.91194 0.037481 0.91382
0.91316 0.037724 0.933
0.92535 0.037606 0.9128
0.93339 0.037938 0.92893
0.91167 0.037913 0.94395
0.91734 0.033564 0.96005
0.92357 0.03802 0.94263
0.92818 0.033494 0.96115
0.94119 0.037946 0.042063
0.94145 0.037955 0.054452
0.95552 0.034464 0.037229
0.95858 0.033723 0.061051
0.93897 0.03792 0.074138
0.96079 0.033515 0.087044
0.94927 0.03817 0.10504
0.95997 0.033566 0.12619
0.94855 0.037965 0.14354
0.94535 0.037893 0.15388
0.9592 0.033625 0.13918
0.95318 0.035593 0.15613
0.93935 0.03782 0.1698
0.94831 0.03802 0.19377
0.95626 0.034167 0.19537
0.94286 0.038002 0.20349
0.94283 0.038016 0.2254
0.96359 0.0334 0.21221
0.9616 0.033467 0.21893
0.94318 0.037902 0.24397
0.94858 0.037933 0.24943
0.96147 0.033468 0.23407
0.95377 0.035188 0.26067
0.94562 0.03792 0.26802
0.94258 0.037915 0.28499
0.96021 0.033531 0.27261
0.94412 0.037932 0.29897
0.94396 0.037971 0.32739
0.95595 0.034233 0.29888
0.96463 0.033376 0.32238
0.94794 0.038063 0.33959
0.94588 0.038071 0.35429
0.95951 0.033604 0.35757
0.94342 0.038051 0.36552
0.94993 0.038156 0.39501
0.96449 0.03338 0.37746
0.95396 0.035442 0.3939
0.94859 0.038116 0.40478
0.9639 0.033392 0.40821
0.9578 0.033881 0.42734
0.9451 0.038209 0.4436
0.94858 0.038299 0.4505
0.95532 0.034703 0.43441
0.96069 0.03353 0.45164
0.94376 0.038168 0.47174
0.96405 0.033391 0.47878
0.95696 0.034147 0.49504
0.94939 0.038281 0.50918
0.94606 0.038227 0.52286
0.95503 0.034979 0.51225
0.96076 0.033531 0.52748
0.9415 0.038107 0.55596
0.96467 0.033381 0.54001
0.95959 0.033639 0.55841
0.94626 0.037967 0.5972
0.94356 0.03803 0.61682
0.94392 0.038085 0.62593
0.96052 0.033545 0.63098
0.94731 0.038254 0.64308
0.962 0.033461 0.64053
0.96403 0.033397 0.66236
0.95145 0.038095 0.6802
0.96103 0.033528 0.67802
0.96031 0.033579 0.69856
0.9443 0.038125 0.71705
0.94339 0.038107 0.72806
0.95583 0.03449 0.71863
0.9564 0.034271 0.72381
0.9467 0.038243 0.75835
0.95703 0.034101 0.7498
0.96058 0.033542 0.7583
0.94455 0.038032 0.78204
0.94437 0.037952 0.80216
0.95876 0.033711 0.78988
0.94298 0.037909 0.80737
0.95557 0.034458 0.81557
0.95998 0.033581 0.83444
0.94224 0.038068 0.84991
0.96516 0.033373 0.86011
0.94595 0.038027 0.8897
0.96042 0.033544 0.87327
0.94162 0.038058 0.92603
0.95768 0.033882 0.9114
0.96484 0.033375 0.92388
0.9422 0.038287 0.94003
0.94488 0.033655 0.95929
0.96013 0.033577 0.94498
0.95548 0.033368 0.96317
